500
49 332
68 102
66 470
146 447
52 257
184 385
100 245
147 288
1 142
155 405
63 181
88 452
162 471
52 151
99 161
3 117
88 490
40 313
190 323
41 380
42 412
135 298
41 212
126 163
157 178
36 113
145 334
64 209
6 347
48 50
39 441
32 204
25 440
31 250
88 161
76 110
46 476
185 215
125 249
63 74
39 361
123 467
108 137
199 463
4 453
11 436
173 446
134 420
7 448
176 363
54 276
146 183
160 161
160 200
64 275
141 448
122 287
56 138
32 378
54 432
100 254
159 186
15 451
142 143
33 269
155 422
25 269
11 419
136 482
131 279
106 247
104 213
133 168
155 159
36 353
19 246
118 471
84 347
179 408
14 143
190 496
25 141
105 316
192 389
110 360
179 400
98 338
129 234
15 250
117 479
178 215
81 406
137 296
88 110
17 444
41 458
183 190
57 250
134 260
71 316
105 233
62 170
65 160
47 358
137 252
149 382
16 123
149 274
94 160
21 437
187 291
36 457
173 356
131 194
56 320
59 493
130 261
54 60
95 153
90 234
115 453
140 172
143 417
1 138
174 389
11 289
111 400
177 208
69 390
40 202
150 259
193 202
17 473
3 352
116 193
83 452
157 330
152 266
95 261
4 99
15 253
160 452
55 352
103 106
106 422
119 366
1 180
75 312
46 76
36 76
192 431
144 168
118 224
195 355
135 402
22 271
177 436
22 401
113 302
15 312
98 172
184 447
161 208
64 191
121 471
25 311
186 368
156 275
80 458
125 466
73 471
48 500
6 394
20 356
22 366
40 493
55 299
195 254
54 191
184 434
97 138
154 276
4 53
60 278
73 400
173 339
147 331
169 457
100 273
99 360
85 184
34 423
199 224
25 381
40 298
20 387
184 367
120 153
84 173
26 49
114 271
83 114
102 220
34 51
12 201
138 143
112 245
149 366
107 191
89 242
78 461
51 136
108 231
26 314
3 457
21 476
107 136
143 208
18 215
17 28
47 499
169 421
77 449
98 393
10 454
148 172
137 194
149 190
54 268
192 213
104 232
69 252
11 274
185 498
46 246
192 294
162 402
64 207
29 491
88 278
62 329
41 255
18 306
51 90
53 473
115 326
5 26
195 216
36 313
58 156
108 416
22 431
104 472
176 452
152 417
87 132
61 286
184 434
158 212
188 214
195 471
2 289
56 385
46 438
12 280
50 494
58 399
172 487
135 252
168 300
198 445
128 294
137 463
41 473
136 284
16 457
54 334
37 490
114 127
134 380
156 481
127 434
57 173
161 439
41 95
49 484
158 419
2 355
127 196
85 499
159 415
56 363
192 431
52 66
35 212
132 197
4 26
3 71
169 180
141 278
124 126
137 145
58 444
93 308
66 429
35 88
178 265
155 335
54 436
24 119
147 423
7 303
148 411
101 465
26 116
57 164
9 66
130 259
160 468
186 226
1 398
51 117
42 441
57 452
75 369
136 343
50 319
55 103
27 498
158 224
163 358
148 235
39 489
140 236
65 231
88 361
67 422
46 458
7 20
98 397
110 301
157 384
175 435
133 148
106 425
21 57
22 119
150 157
80 103
149 179
173 313
71 486
89 436
67 171
161 239
79 326
62 466
126 328
195 235
24 248
34 289
146 425
41 492
159 427
178 395
127 376
91 392
136 234
44 441
82 492
167 334
191 422
61 357
67 361
182 381
144 448
112 346
37 95
101 144
32 167
6 81
49 285
61 213
74 379
89 330
132 394
155 250
91 224
17 361
44 238
80 182
166 332
31 443
111 184
18 135
56 387
52 95
4 444
193 356
141 219
43 283
72 246
123 339
161 450
130 397
170 337
137 304
192 320
198 367
159 295
175 414
112 145
124 305
159 459
104 154
121 436
72 303
198 494
176 341
148 436
154 423
132 159
200 218
57 283
108 237
117 217
94 404
6 149
54 62
122 389
178 187
159 226
34 64
54 221
186 412
121 382
128 247
130 337
158 474
14 394
74 311
138 345
133 292
12 136
121 497
54 299
135 314
94 251
135 293
129 287
96 452
18 492
75 212
45 78
131 140
89 217
168 293
45 213
53 440
26 152
62 212
18 434
134 342
63 404
136 195
22 412
52 367
166 415
76 342
132 253
47 169
161 456
174 206
46 61
118 277
174 221
165 349
62 328
200 243
160 228
84 209
46 412
36 438
157 336
27 214
191 198
34 474
6 49
100 160
190 472
128 260
146 415
38 291
42 409
134 248
75 295
181 327
120 137
1 316
1 1
