1000
80 4
66 61
56 7
11 54
55 44
99 72
8 4
23 100
46 41
27 26
62 35
26 78
72 31
63 60
77 52
3 45
70 3
75 83
43 65
47 78
9 77
78 68
23 24
74 43
22 22
66 81
59 10
82 23
49 53
4 74
69 82
75 38
28 69
15 47
3 37
82 51
35 15
74 36
35 5
50 68
43 7
19 35
87 44
81 18
7 100
98 75
37 31
81 22
48 13
25 86
73 64
43 86
84 70
83 35
22 70
39 62
17 28
12 22
20 48
69 28
74 95
76 13
62 38
49 65
20 22
91 21
47 86
73 61
64 70
28 12
65 48
47 77
54 98
88 6
13 73
17 29
53 95
11 47
53 22
83 4
56 31
83 25
75 51
89 35
19 2
30 25
36 11
21 100
34 11
59 95
81 43
94 60
48 60
48 92
89 54
80 75
61 82
50 48
60 14
80 69
15 18
29 75
80 24
53 48
78 45
24 86
60 59
65 47
22 42
78 42
7 75
48 68
13 56
55 35
27 58
87 85
24 27
67 47
90 35
17 81
24 12
82 75
13 35
13 31
26 20
23 22
34 52
25 20
68 22
95 82
32 59
29 21
27 67
16 94
57 9
32 24
64 44
71 99
42 96
49 50
60 19
33 58
84 51
91 70
14 54
77 27
44 89
81 69
95 49
46 56
20 88
89 4
80 54
79 43
87 20
83 98
84 31
60 62
22 80
63 63
24 39
85 93
53 11
97 37
70 81
52 52
83 48
57 55
100 3
14 45
72 10
92 9
46 22
28 88
4 47
79 43
2 51
79 40
73 15
8 81
92 2
98 42
100 85
19 54
27 61
34 85
88 14
75 12
18 2
98 82
50 35
37 67
10 83
31 70
49 8
12 60
92 64
39 84
23 4
28 2
75 61
57 17
71 47
94 54
60 29
72 52
70 50
77 22
51 82
77 28
90 99
56 10
10 100
77 73
21 71
2 54
57 99
12 32
6 13
66 60
10 93
46 22
65 85
90 2
16 91
40 99
28 73
53 76
100 5
67 37
91 25
13 60
68 91
65 52
69 13
9 46
63 27
61 21
91 5
41 63
15 58
36 79
39 52
91 14
44 23
18 16
72 100
77 93
97 53
87 93
61 95
64 62
48 12
31 85
33 99
95 76
10 30
10 99
67 36
44 84
78 42
58 15
22 2
93 81
23 19
78 40
23 45
27 92
40 45
62 6
18 74
63 98
51 48
81 49
45 95
60 28
52 25
82 92
21 99
46 25
36 64
100 99
60 53
33 10
58 57
98 62
99 63
64 29
35 45
85 88
87 42
25 6
70 94
35 21
91 87
93 54
40 55
75 3
69 51
62 93
6 24
36 70
45 23
71 20
26 76
33 5
54 96
25 99
50 22
23 10
64 2
63 95
65 100
28 53
9 69
72 76
66 34
16 83
39 71
55 34
85 93
23 44
63 28
63 14
88 76
26 37
29 47
32 40
55 44
6 77
32 72
2 71
66 21
8 34
73 70
83 69
61 92
11 93
30 89
87 29
2 42
62 46
29 87
94 34
82 32
67 41
96 22
48 15
45 33
98 23
79 8
85 51
71 37
36 70
7 35
52 13
22 38
81 80
3 4
42 24
30 66
54 14
80 37
55 48
80 25
15 89
16 36
12 70
14 33
31 13
66 21
6 19
83 22
14 4
11 37
96 95
100 45
44 11
69 70
75 35
71 86
6 81
56 80
8 17
8 11
16 51
46 55
9 88
2 21
60 68
75 38
47 85
13 88
79 19
91 72
19 57
77 24
66 60
72 71
40 92
23 41
95 88
31 34
53 13
70 6
98 92
17 27
93 31
19 6
9 33
95 62
91 17
18 67
21 90
45 44
22 98
48 15
47 98
94 65
49 89
72 3
47 11
88 45
76 22
31 71
59 66
89 71
54 10
45 83
75 73
78 57
47 39
47 42
6 59
12 67
83 18
86 37
51 32
9 75
41 63
88 81
45 81
73 41
20 37
50 79
77 51
9 43
42 62
65 72
56 95
76 78
31 80
53 96
23 99
62 71
70 58
30 66
88 83
32 70
11 40
27 46
32 87
15 68
84 87
18 50
30 58
91 30
94 100
20 5
26 63
98 69
56 52
48 25
66 33
55 82
44 40
12 87
13 99
50 47
91 26
44 57
86 20
24 26
44 100
15 7
24 82
9 35
79 77
51 85
17 45
94 77
100 41
71 81
33 67
98 2
33 48
28 5
10 80
87 53
82 62
28 36
97 43
17 64
55 14
41 43
8 43
48 49
86 63
90 25
52 7
98 93
84 42
54 87
51 38
36 10
62 58
72 57
45 5
96 71
19 63
36 85
85 96
46 18
26 88
68 36
13 16
56 37
7 85
75 26
92 65
16 91
78 32
20 91
96 8
75 29
30 82
3 68
94 73
61 76
31 62
61 67
77 62
92 93
16 52
85 58
44 98
70 84
19 27
25 52
31 96
94 9
60 37
94 57
4 32
44 54
97 13
85 25
95 83
78 87
24 72
88 59
6 43
98 63
31 46
48 42
40 8
79 78
88 4
23 17
2 38
61 4
5 80
42 59
90 80
4 37
32 80
20 2
67 80
89 45
5 56
19 48
70 6
31 79
30 74
71 39
36 27
63 28
38 64
92 47
20 50
56 31
44 94
68 16
21 80
89 85
73 32
97 18
11 68
82 88
64 93
74 94
80 47
24 31
93 63
34 9
28 99
72 64
35 12
90 77
84 28
35 86
77 63
75 8
53 45
74 36
93 40
74 70
90 85
88 89
87 72
42 26
35 97
29 28
75 5
40 79
97 5
8 27
4 35
11 85
49 70
48 45
71 97
15 2
50 10
18 38
58 72
36 46
32 66
97 15
56 21
37 41
87 37
8 76
81 8
77 24
60 41
11 5
13 80
15 96
29 68
44 61
37 29
100 57
47 69
5 27
30 36
72 81
49 6
91 10
16 43
36 20
16 63
23 10
51 84
54 95
73 79
8 58
20 28
5 34
50 83
45 6
71 68
97 53
58 20
92 32
30 56
39 54
35 76
93 86
25 93
82 26
50 100
54 97
91 83
23 14
98 60
11 15
72 59
64 27
35 10
38 86
44 38
13 93
78 39
55 55
36 84
83 20
61 12
26 89
58 26
66 69
26 80
7 11
83 69
35 3
78 19
62 76
4 77
42 90
93 91
29 62
68 92
37 65
4 83
44 92
69 4
36 45
61 88
18 62
17 12
34 38
4 29
36 45
21 26
29 83
71 4
14 48
60 8
64 66
65 85
27 8
23 95
49 92
27 80
100 37
48 35
48 64
63 86
97 66
72 24
95 87
41 68
17 36
60 15
49 47
51 35
32 10
78 82
52 20
28 9
9 85
8 77
7 44
16 78
92 31
22 61
14 41
9 5
76 53
21 74
93 55
91 90
99 17
70 43
34 19
91 72
25 85
74 88
63 57
97 6
94 49
4 41
64 79
30 9
80 60
68 84
28 38
52 82
84 33
45 29
43 67
84 60
28 98
67 40
88 67
59 53
8 66
14 38
28 64
89 95
3 99
57 88
99 76
74 32
24 7
52 3
94 83
91 34
60 5
69 59
53 79
29 81
33 72
3 7
55 81
54 92
7 12
23 64
97 73
91 22
77 95
57 35
30 82
35 55
76 75
5 82
57 8
61 60
44 49
59 65
27 30
50 35
29 20
21 54
27 54
88 20
15 58
46 86
31 73
83 50
35 14
57 52
100 38
100 52
62 63
82 3
93 58
83 91
30 88
52 23
79 6
22 78
97 24
81 73
96 4
89 99
17 76
23 97
82 13
57 32
20 9
3 71
23 16
40 97
99 2
21 21
46 7
85 53
33 82
75 62
69 96
26 21
57 99
47 10
6 32
88 66
6 38
51 95
66 9
55 14
88 3
91 44
88 83
24 55
37 49
15 86
97 51
59 100
7 70
77 19
36 20
89 55
2 20
87 90
40 27
61 76
85 14
16 3
40 52
70 96
34 7
89 75
10 40
71 67
2 73
73 55
3 4
2 78
51 40
22 28
85 76
40 86
91 26
4 10
48 80
93 60
86 89
44 43
50 67
76 23
66 16
23 66
54 48
93 86
69 97
48 50
8 42
32 66
88 4
26 87
23 40
94 9
3 8
70 23
24 61
74 53
72 99
96 27
76 97
53 7
81 54
7 94
39 17
41 45
99 78
10 83
22 87
25 44
66 74
78 15
98 88
96 29
79 33
37 47
26 52
61 95
81 43
84 17
62 38
47 19
6 18
45 87
26 49
68 19
69 10
22 9
77 44
34 22
62 43
70 93
6 90
17 86
56 38
9 14
85 39
8 16
91 77
69 10
45 61
89 55
52 71
2 44
50 27
79 10
37 97
14 60
17 97
36 46
12 36
5 31
95 61
61 34
35 97
35 22
6 30
98 75
34 29
7 73
52 16
35 62
46 2
75 84
72 90
85 98
98 75
78 65
51 70
10 66
98 98
57 90
