13
10
1 13
477 673
270 304
117 355
533 720
29 423
496 884
56 195
725 886
605 779
6
48 146
96 242
28 54
187 269
49 361
779 870
5
107 139
28 31
231 338
221 339
461 717
1
769 911
6
44 62
386 694
531 550
144 551
82 187
203 299
10
254 298
108 541
284 404
503 704
85 286
813 938
106 522
288 338
656 786
411 846
10
7 155
210 693
54 66
203 835
19 274
8 13
406 866
495 941
98 742
426 748
8
90 145
24 341
85 205
349 700
275 315
441 556
152 303
81 119
5
7 482
126 420
181 344
519 533
73 100
6
767 847
3 6
170 945
75 529
251 471
334 550
1
96 106
6
643 717
552 730
206 791
791 935
220 231
313 521
1
641 794
