16
9
414 455
80 808
872 891
425 957
366 500
185 482
43 51
57 900
421 921
9
10 212
95 190
629 849
44 321
219 705
277 329
398 449
162 393
14 954
6
153 356
165 404
17 54
146 481
323 363
244 504
7
45 182
173 732
203 585
280 384
369 398
272 874
354 479
8
632 785
739 965
867 970
61 681
170 174
187 679
157 266
908 917
6
742 838
11 97
17 421
40 63
439 896
85 368
8
64 295
200 977
1 2
849 979
23 672
140 195
381 687
238 884
5
660 951
182 761
480 566
72 231
96 351
8
555 718
62 525
255 713
337 623
649 799
385 748
77 104
18 172
3
144 408
364 497
191 241
7
5 159
277 340
56 788
219 405
8 20
444 869
13 430
10
343 580
589 897
337 900
309 573
273 942
157 490
18 41
16 47
192 241
418 489
3
169 305
60 479
264 415
1
162 196
10
362 775
118 159
186 237
101 748
208 290
46 120
60 471
357 773
205 794
2 108
2
76 413
341 413
