100
1
7
16
313907668
2675578765644009
259244583953476
674808277
596238493
94472533827911716
975851852478283881
606384914233740849
465013578
455464078011500944
358821314773539849
1667736300
1479112326
704974706513142961
296961086928532321
10089693425821156
980261771
415879347
126351005
514921890228297561
1890453225
278327751942772900
388576199771028025
221259551
714143006
1650509247
490745020
1763521828
12914139148475236
986973993
1348130756
1222463486
1944627623
29788074
581546806
646084477
1772313080
1055338098
34210173856005625
1336560618
1025254338
1064779243
107083463356996
1338373053
18627696365255761
115681149796546489
1117801206
1518039304
2053441985
702981900223945281
147712382
659378953815239529
1510693232
20730050
996473620
89873318010086521
2439691663765225
1390243665
2045385453
789898884502703364
758996465
1224031901
1496497379
644259201
20282012856564624
1889960856
819740346
2062669127
274374702
731119437
85969872199965636
1145092629
247992609
64952155182694129
938933311998118369
1075570269708544
6011561783884644
209119812705255204
724908087998638336
681520059
1436771109
978101799648225849
957454414188032016
85250998319685696
705753388975324804
376235369
2916582905127609
32735528478922129
826609437969170881
90245429092912900
80905622657304769
96833759771400289
348138286152678025
1641037743
522077317518672400
985705690207494400
599071419
