100
96930
3351439
935
49
738239
3886470
65097
360197
2601905
29109868
2053929
51699985
452
63613
426
66
57910037
18
32964
294232
59327
45
571063
82
1323
82457
94
18754470
728
834327
6901
593
331427
7407237
6227
66
2955
6141
15
66496
51115332
89
9883
64160
40416309
6209831
22362
8905085
873
18
76978872
92
886497
39390763
23062
809223
17955
75194
756901
939654
38177
2654209
85
408219
4245703
26374
9068
22426934
659576
9853
28682288
5757
17551302
1808
9389448
187814
966831
3358
7035883
397986
3903
7902
415990
530815
24753511
1572497
582294
1719
57706251
8584230
7970
19809610
27615876
223
9620
79660
2272
914776
43
813639
