100
6999729
45883855
994629
35937
94415135
92378123
639
681030
765
7654
69062
3390
5361
64204732
850
14104842
9346
8581143
4383
580
24410452
8830545
1981214
824446
3288653
51218
6428560
83047406
90
5744
478656
89
87419
9677658
87623006
822502
79390473
827
7469
4221092
3956
8700867
356666
8845
29573
3278
86174769
25
74462
664211
74
926
4794784
8143509
126
6792330
98568725
98804175
54559
6047
93150
8710
68545
301068
3028
7134
6713455
25
606407
95467
94879
3913480
27490757
14608
7706
65
8435835
9533728
730861
1042719
4330387
84772
68211274
84
4336361
84766
26946558
606260
29116
493841
4378
740
1966
24782996
2869802
37410
4284341
25050
6665424
5990
