100
5287
59922
99533736
77723
11
97167
28
9012828
7754153
9786072
70598
255
7647824
852231
102042
77033000
26
969
10945486
60
5219234
74784
410
749
94013813
98270
273
54221350
70524737
13721193
82408023
5829
76
83500
8946
49
21802945
137
82943203
49365637
10922
1931404
6337753
4465
306337
914
4977
56
4265798
1544053
70053
4649463
812072
594031
5488
24926887
50412911
962997
786
949464
4208924
45
98862
102801
4715
97989792
28
2689209
839261
230
799
189
32923702
330
10953
9640761
807621
34788611
70157
8036
4249946
40756
35068
702
674902
7761
704001
373371
462302
81463651
63
7421
8886708
824
7628
93965908
94538838
1841685
438
51
