100
651
469
903021
68418
5279301
2946
3968
182523
64
64216
211364
1140
40389
5319
97411
12
9529161
934348
669
185779
260272
31
755
511495
1489
181581
45136
960
382
9668664
889316
524
5957747
471499
6572
2217
528
9067
551
51397280
193538
848
6134
526
91684568
90
85513547
52766
50796
74
203
5355128
324
26224335
91105638
7776
39
5998
34981
86
89656404
13
394749
774945
30037
3340
97642322
4861368
3309
22296748
7555880
91
2552374
134
2825663
81101
5394
71074
94
60
8948721
92
15608
25
67739898
52798
609173
59
872755
52
530
90491549
61579
96
714
607
82514
61436053
1857236
8933
