100
82764
4182
17
9250
45088889
544
513
635271
63311345
45
4301545
267
636528
73734
71
8737030
7714315
52
820059
73237720
55
873648
175135
87362596
3338906
63207319
4054
43166672
983
4307841
34224051
3384
429003
47878774
173
9907
20456638
380
27
37911
7929
52857
84677
52
5494
43765
1419751
905261
77861
92017
369
251
767
996169
86
797227
93
32739
73
123
865797
36
509
50130
355069
9126
9199
91
51719531
9701
57
347
19130
77519
20834
198503
36643864
2545296
25470
2609124
22786542
973
240
378
692
2173786
46823
41
84014661
61
36
75253058
21944
9174
602
94648226
6236
9515651
7465
5722368
