100
33
2365855
5696
75
63161
95376349
14354
670867
5475
83103650
1635691
3931019
6953653
65450
813
892906
4936
72
958509
9588081
195516
71
8041260
2725
211039
42258
827
946
318
755708
20
112867
4488
8701
6406753
82
946
10819
44
98958366
54718492
1662
705
3449
90
43
414885
46
7083
225621
52
2340696
3691439
504145
249
90
16288994
4208
774398
463
4509503
11430
2736
51565463
59064
912275
3083458
70266
344
75779973
22175
786
48392971
689236
1790
72
67
45274023
80684
66078
997649
366038
8915476
409481
58805
26604
89119
25823175
131
51
9611201
53
4679149
702428
564631
24858603
8037
676
502291
4760005
