100
425720
506
1559
2077
368
789568
9355
166
7952189
384744
3286
5411
2782
884307
60176040
8561
258
661786
63810
2150
36231904
51
58
45410340
43908296
692
86180808
937850
2722
63839
50114922
74
5943016
5313
5620539
8315
57086
431247
622
87
3711
3720414
2429651
909631
8009012
41
45489
73918
3911862
333436
68970
90515
368370
38
30765
441320
67
949230
33632
34744317
1170
47
64569087
1595
4076418
456570
92317
799933
787
3434
38
140
56
605
478
334472
33767777
7424088
748
16
199883
3618605
937690
119491
962
42
4689965
103
9980781
439207
94077
565
34
598
28387
89
53
891229
3676202
42172
