100
7123743
5811090945404838
2530
1634920522333535790114954
2934152413818
6368913823939
63142405149287580848859131
6630781318681086071992
5008231858477290598
2948130234724
680475413154215257
265467725
5277516067594135662493048827
71818760
48267781
297080030078
49390082670839732281
7011543226831931759678097
793504745288426477
4110078099852
9704469840466856487
79670880
41581049
631
5007865534613891042202508533
43293979444105495891
21493247644165
82726158819391714873207184
602764402752
92183897893212396007495
75422798908408397618979591
129
661988099373376465864571488
197960068
394729606354111957938
6710
9975661
802067600739
31793266250327
4878918
54014
6843838217
890072
5164374314
9798226738106996088042
5564098776
6005755851
782584103271683
1253953449956055073934178
35
9447976
220135042761075
245
2290659528
904041004
57042
38275567316954215611831
671336004
49956
4343987678774837840320474
74959705395062051444149
413308994045962277
40713178519802463452878
847114576200678
573017643381088925
4075805882812764961596
9941
390517297707180587975
569890338228957147044355
147210671791221661
18875840197
7386404331243679286
54542145236667427861287
65793
428472530796553903964
939386541481876516
1497889395714229
9471855831
49783673676645
88189148435918076944514
4153504685498873334735426
911221376971588177
725064530720652875441342021
504829
3564556611
895656111134474858088742
901
1175850484717356754772656007
82741226486867812410889066
58829293417256944625
6637749318298410366
9922086823102499912215391
35381
151959774906515620037428045
19416702899
3116394595161561129
936938110360488973
1884132276109799092395
32083
4073034659322539641
