100
75547789628
7557
33
78713122568433903799
906473278776501833
23049142
13245883302399942247828122
1845377937760983894519187360
7326701572851470431
58
8137508481
48903633367391
757006153
113642533589025718656
830211772505
5960230362056031813435564289
92060
562625671924757182748150
6289
391373042154
614498356606331
864377127760227631049597206
4709542415802
66693105511415674164
415740555171976
127
234201639262
512389096405027490144547306
3031176167051203490
6393962
880606733342
173899299982143766578
360303746411
50731824987665356652684
48819944237311911
48433090568
568879933
515844965840192129
1998778861288558
97777399532733
8201
5971371029268136547279902046
670744247587
7709573291303
38335064
69174963
25513944075358381
1758949908534
9254110385
95267
5605874774
418433844074852398
95950726490823666
227914796
5633120312953158746375854
7187193
7664976
313290666514055
968753499038
1062482
6022164
8660655096929040002696376
374478230897003222264
761036711717
975475
465
7032676
19715529436724
339107897839
88487293722150096470502
41276449
879174018369
8595766915364909028831783
96691672248062
881080120153056044855527776
786487660982236214279124854
926922501361364512
964957225962
8840
304485941553500117959445793
15865235929
676498606565121826472
79695516815574
9512374
3296890250
5787368938593206592394283
678882
521400
279409271400
9856737739591634834
307425585792
817784
41117777235742187895787
482489680098
871128751841799794199588268
18156480567
1203390451449443037
80414429018
38199134591655970666
572
