100
649328809911558
9426
7836410457597
25136249727403888773514650
712559886155095618409
34989
211125677785050047978577963
12835148727
3519212811696588219
8941109049646
7909712501109520689290412808
9527617942255
304684726067259117837
1461688
444925397914841972958625
4680422
7124733659712
177555707988942461587231102
658128795613613
6511791636
87260954351209557685168459
83519236523970290
8892865469968113408983114
4694952072847538331485664517
272386550742681330663259833
432204892544298
82332995166202575
855169833124
7656066704426693197868
67810271
48255035497178689386434
37375630
2627193084963
567423856704299
8630549869555843617
4763
19988666
313711686
4277468046515425291009346
4454866
923159
3255709840
43420288664457710229474
27141
9467891777513182404699
60931344801590887
180483009790271204
695702820617918693612503886
601717631452061
119
789932232074291687993735357
18336520965
33
8496288325970665259
76935598345686425
2976802757
44524191277655439882
7100147911568021953
996959930391411850991672693
3991870661184
513111200567758356267230091
18409010152
402050
48788218231439130140
545357509159037257509130
8352374849335548248
533103216464716
51172637397656
3170122206044427530488
639314153243567766022
591017
876461602166
5149015
576089117124760
4208886010923449331
7429665347290
6855
279035748251425681116157126
9325238795197913169903
3605723016280
28719
5874165060546595726008
9658380
60
72
445599368950552563
539151483122468
67446508271036461307745269
652552100728991959
8113080728662317938137339478
76397817809887
689310469908399
95072801912
3923816132031217
94854794825145247840474977
90
7151818088439904592906667650
4388
292992838748190380278133308
69898299572569
