100
7388881005107418593047
5116449915093825989
9337
91
209712577778
795732611807
1791811902160
49076
355628029779680491
259859
1204340022946035905
34226714527167
7362803283654803467635970473
1920770702740208
1393128310784753271990918542
452765
16416120
8626917938984
799885495258880999717654
257611300397702162045136876
60127001131372063481705211
20634966676982329547097
3790820727266144804829234737
60481663667505319092606522
358959332128885581122
767332
939
59554
963563333
858597440827
59856597270035399
341138500627088035532
7598047150691179185675465832
41521357065344661571231
7768281908214904759
268137
1357344362
54
658985834032066006383
673929
6374482967570898699249741
229
5726166573322521481525400
6906695087844577795
492465
371741
39971769114103075368725942
5631
50757641902144
3879724666904
4614
742371394953131235791504
78884
608979586669712047961
27837931304213384
60
81566552840
6623959913356198811
5890574337
534120043378109
40447337024453656160386635
9668592967458
4464012393679305073
3079157
27641593817865
900329614603762491332
2886782
7030559383198
6376401926724
9681911490075183256931
20339575853947218217
863639792884315100
2614555388272
89628567332
438155989436
5611923087854709
9756003905543490821263
737939837805010015
992712944778327
8630531234257035
942938
77349087839362
56976901095400451
871080019384002298329616
2759080012813
78971193106392685852
102726759980871094392
2748255655674
826516514835466646
777443112064
6003774
50016603452358001
51996999488
36137999267692
24739
405496804130290201668
72179908930699291717956
263
131164073
636715844
