100
279
4562318841126291566138842
6723
40995086517971996759
27772366883892
70172961270978
51891
7700530755787628
102
214437428666863
308576230286
228562836044802635444932493
393132616663807
2226760375634123
46514680418504746324
8413974116173221226
93670046401264562
850
54365
9314693919580806572912422
57755098677980958160
3022366706585355431123222733
326568126833630986339652
2482918485086555
5130038568132
8705833238525292293715200
83327519003548610
39570062582
42236298110
145
356373173710859873245149245
50
782275560480231335592831077
3988912887591316839106224546
504412646423936454
9360192568431478514978428784
5920642779573
7879505593913828377575
44110848928008558
1144527
1529934046896834
25
9358615264609
282588199093498959
67344509108
8967940840997
38485988325516728834741
2724613500
514568012806989585600
871409
153310910238299
353833875
918992426
979
6454649
7263552322424
70
6812954329970
8341
851608844564065353
45804983254282642656004
512667574481584930322
34532767498854
3436441282896217083602
881568258
87230423431
189435567
302306884776180
85043642387
164086
12298964267994957600
299685662256465521818922
52504623783260687523287
3027368
8552178
71513322845
256478406
8580917744198420736451117911
347547475411709
892
9939076
185842309076
783178691670062946741805
6438119960859985
3742690631448763346457185
1542340886794028616349
95
7656423047465354494
43786377
7261937168852427161110
979238184
2550378156518535
28894808109145821
4010575852
31909847048040710941
1269130663973963
54046663094
10948
32030447965423848736
177997038
