100
4056292908
7205904287764853911
137179
112567746988957515356680140
1190237104565364130215993
1440953875
5640315990232
1965
778098728
121674
991913259065681
335737507816558571406967123
76522095
4572839636363524195645130350
998783734361
8446878532067092234243271
864
99097065
408879023
77
606560106897779647
66847860448
38
46276858757
7141821290804
371896413001096989152173
353797790589904125
531244765422375095707
981035407040207172717182399
8950
82249539931104051124
881
33985
6733686592804411825264204
934833767
651
626469543370710
63633960636210882648503
42823
625958041699109
717502532053403759809
52762861173835
1871505755265564104924
5631486996623870345
4206300557113629588466696
102644
5244519222504
545123
60532916320586098230
856113248
38922040380089
7772777458
13287998238843665658
387274645440627
5707781267725897669528992
617893
902134724172070885266
1914825176327886129061969
636959093118
2684363195004192296667370
91715083430759551991
621909
81114
9992356533608819143
144712033427530088531231061
366902646679299721829562793
462921855692463
62313
42914810896201588149587866
2765214652972867094
85480471032128869427
56112013510250317
5287485300599752
23230362187461881552282
63548
203743225503086
9054294649914991048692078020
20007646002114715810
613981903033230806
612451500820743646779004254
133845417
297
960544331331989414964
786
57283345082643
970984223998396696891347649
1430339102
8176462078
205391985848804
64191
5765284083246176936616
3593715994866617549931892170
482006713927794321
4211502019064115
32423
60736168010382685714225734
3855
653561484623881354796481000
58665121
209642425990918
