100
426144042793138157
2133644855915178739
56119490989092388884595
341090258577089178282580
96181317417454201102249269
88797505
786095
709732
4716998838727
82193892
89556195869788563335071
917
42463031358137818391
190205314246601
52111540380994963
8553995381510143
281949230626126699
94018820183
2277889187558036134296596898
46693573401358172797
960
26976
523378004027800548413
7598207070315016168556
92268398559
49197340853689537103549608
5369
424658855223
28009
6524532180238496195677
7271302
471434662707748358835727018
3019025582131308791492961
41546660862331744
366670262223587025905790223
19085953999114
625141066958481
5085672162295666818440
5061663233211032675831692
284097288843207
8846134819190380220312
92
1402033796054345
2105357681203269209736898451
1552827595307
5926148084995
28564104579524
105
3159959668113971503150
35707758
2318904505966674835
66605892
66339
815022181975700268
4388856
4142458692
138785917790650636475
571977026054961871681431
974649941030159335297088
21444404088284500515
3028111919
36460
2351
37257795455847958068424051
866533783698253012161141776
47325998488748793314532
96
45649573084042829618149702
2188556151003855
346628642614033133880953969
74420
53
295
614547886905
37248712017169856
688527
1354110866637
518677554954
58
732773993761034644
32798864982
65285574042378834
8865963505635707552524147825
80976473945620191878240
3768931830826578
364585684
3871667473
9606063
64230936510341
998556
147207137971
9276918251532317992566
190
6083003
3461188502803729606407997947
950313512
760497685
796
57194001
1586200446685566
