100
5321730044058795577773159
56597020315319016886553
537488
54
64566871480
496151705052460296620
3620788042103610860607
89385799873851
2508746866672866050837925
3548413412072
586882689682406171731364
6806093
5181060673
29
63596873741922052991099176
1378123091720330772
626125254936414657
9080
56313
43746019750124482961
798124458033972181
332876627
8552
160120
6425645951
111503248092669893
905671032764487
9344146424
830
1263096513
981791036
6293866167096317169
1853
767023162549377298839847
697
9538453
21238167097992
768607661111566558
48
5508219429305
331043121876869668188607
2834681903434864754
6012412031070
966456
2141808353956190513621
14261
281643653107075375889
4214
6396809642596
6597026
8698131717015015979475
12975453724757828831354
6208171902778205662133433958
59951968060557399965390834
5129218849620255928929
3560324767971271678072
7204346231856215186808616319
448844180
833928179167365738842482257
47013615644552499
14068518755
314329156790275984168146856
5224
9977133846131215395
1151734158468431999372904
5722485994446142
8635525117012281605456
320744011646481591705186804
1287504
7426
94978499316424
5870177883730
63872858
130274729719088861
53748722772
759055774783761
1536821903192488999
783951430615341
12295680068159620915350331
681254641441432
11423539091543531778
64408641822184540661
252785673939438291
2532288265349086
958941906
1602068
263230799777832939229912
769943
88188
9786782995029030403
65944
78238338909318822745
97508295830675700
5085496615095862074
62
41710747148987568067766993
290051783720
587
2466525
9140613
