100
306998973
5554
2573235
388
552
159947
524
902469412786564571
81772364681381
497
516973841753580423
891049323292
6079573
4190114647558729
32
3627896
10223444510
3798
97651300
78662487811378
40470423309431
315679256389
782508302
5595138839328465
15271218313552102
7772287473
664094317369724
1732109
2749474149
75482751678805
664337178
13
24159761735303328
9612903
732
155524488113
362869520730319
5210
754532675503889953
2820
18781960
7507392198
57
832217232220438
5132861292004034
86641175599187
40599838261964331
78437
461149459168
694605468791876366
7959805
21033
391457227336
35
98987984
78041131378011976
223053132039247498
518401
82412
47700
858842
964340524752208
1382014069155308
72669
88652
87
25416
830308808
226239515055627584
850175376
38187
16
632188375333
265819
94
1645
8133474270
2558754
47437
976228034691
792430119774458
1901
2565003
15
20
20011916
96545
831
9823116751
31974087
455192
37908
21150801984
40148185617
4580690802622
526922258278759680
62085807631583108
3334213020
44774
346111269899853
