100
29643663419403947
588
2896971511495
842
31796
24404511537628131
795130
412901448683998286
28
367918213458
5991779081039
5872839
88
835310011
5021833150
5941
6093177828
3115019393630
93806146099967
7778840133080589
870906728
165632
6294358650161398
19281295941299
103773333696
34615029316279
78509876129
502838
7678509149005
5703486804
28
674051
9303
159665680277173
72731156458973
3087733
65426186106
79316895
846425378126572951
1902833434
786040787
8126067
99481676132
355170
10019457
252368107068
4694111348371
5625099
608
79475234877
72049202
27239719608
152916784108269
51610159880
583
75472
685789475
93
2418510109557
2444
81020697991687782
9619
463920
36769940740020918
28830118621688376
2165785985
5937
87205848
77213606453334
450109086
632529
911493348673103824
266707334543666279
104037395535901820
6460048675849801
362448930312530210
800558168
249666
45560716218310
326818
7275
647605395003
3104315605902029
8505320617911324
7873671573795340
6501119252896166
3472948953205010
8334688486763899
71220954904306
12210270856
983224644698715
410634866765258931
75019800815048122
50406
13946
638040
30
77935289009606
5161
19301820621
