100
667500749970
384300
63688001
4210
51
1715630714247792
80
1312533
44073
396467183082242520
7488
623696938
74
1500335
601724105957436
61900571
335384805
728377062425
3615118414964645
205954980344839
67797301
561236552
786811471797666530
87430986630339142
89588266
321990
3072835
1000423518323984
27
57
7997724
256290764
460064
81
30
7903728363284251
82435390019010
102
6252770327400975
7442
14
23277439968981166
87231477652369
88
31
27246574312
15302
4941
39914558342
3056388433738829
79838
76689128325285
2969469856
549
883484732250
95776593101665326
553
275617414973958881
2977494411
146
90271
40376
16468538042665
5940242182087962
663338132
30086226690
640739
161316690245248020
783260
10106669185895033
61443051490688
102073
49986
995201
72378394371605
1986094638
9282
164349284
81199009809564342
769
452676737
2996195
467802450711847224
57624
1203724
844499481
5751110
2854788936280346
484412387418448415
931595518
8858299
6937013598861004
39350350
7402053
33670571491
89753256779010
359493085766
4090977292
61
922837
