100
682198156426426100
3136250
6640543933081
700583788
519460096623372
2493113
61732574880502681
84562
31143671067236
94877035149716
89325
22001744
5690361944
7269
70715
7084179721432905
815934193
3797115
648162796713774
4818
6183256324
9412684475755222
32173
6859185160498455
529741184303926796
231657562214
93206300
438407487
1199
652868313539049963
65653486785540
98880255179178689
7661428405
356
265610
100706697355
7048019477733
3638659457265
723429222379262
533220936
90277
52923275767
217
715936212414
89449
23342
22232505398
89292812856943479
21136
368178329511
93309464843
46884362301333
2735289473134781
41
36841074516501
69288713183420
645306570108801
9233
545439171025677
55555548752
352227
181402678
50625191770
21
436136
883309383001484
52317521489615445
559554565
9147578242310473
907
85470848534
912916
1246630870822
715456
80
741850
22
88289109342959505
5659090792712514
255189594546
46887077861794400
2646632677239
30
400
981
67398246614932625
902353453
446
7914260096049
44016
93918275
4735079
7977116092
708638
32683458
77046124552
95965941934413
9066838522987
74975556966
206591678638170
