100
2759349824732
5454265045
748468145090904577
3567183709468064
55328229
4716633
95
5447836192860
6873922638
11916490071
123721770746988746
7944
368259603
67294589179
837966532593842668
6598067176061
9340874687
82020907009772465
716258155732306
7844845
64080710894505
2269768206654
14686
6393197613967
151593488012491064
5766
77945995622556367
838146593262
4905796458633381
50
711171419602837
551
9758230
92255364636
68791666176671
967471646111
97
57371
8715592863
47345839
2773240511
8082576349899166
550327852825294276
24334343709
17
59846259870218117
62106479
523794553004894234
931154241
977724
6041047
424980523977138287
694206638310
8523577065
7084956572
618293304
264251248159990775
7631
92714311175
393918020
3775940288581132
10
2107
15355575344759756
3718260303
98843328
5373242098758
606858107
52
843636561911090
43109950287461827
3026938068166
57318832826
579100449377337
53732262
351438
28150591878328
7190628
80584174
25
310919951770180
4077
864658126299
501254146238359159
5648670291114
461176729656581
3442
90451893239042
90138705511486629
1609553043772
143
152865
2391270999
1279768979
86
605477218358367432
8350
3720007702391
9090856711
354555259
