100
51632
22
6915268176598
14494
54913349763156692
7138030396238209
127
95932512786
540665
873413470666
265636036739347
85690103593
6150706
1947677
961338431
1661123742925
6187179430990
610176410
942969201074
3029
9156377231353
875867899738660764
603196629255342
793203881
780
8582678529
6624887919
6795105386970
5828918864641
40928
99175934833536349
65719097101110247
82145598355287088
4981014
1781444
615020572544356446
9820290
64134504709
650907762
58480890
96901427137704916
53159119218484
564191440346553468
398480767620396787
80588
7362113090
2761311907606948
67
304947569573454067
967
9823542344038987
1432
7266342237
7052416831
606372693631266
9141
980296
18190929101
44
83403566
65446361300
9443
507080552
78782258886916168
31463183138
633015465361298
6818954464799842
6544939211
613
466
204043
33
966530682193006395
2738364600280045
31394344507
5944447285409300
8569173
883370086650370
410712690381
57430732018660263
24577838
1891285784
36413047
30835525913794
6251323687930
8842790225351
87100935181
62568562
52
3451186768989
32343168966596
16973202
60998
71067
85282043656265785
1416394726510
445141628244713
708692851
564433016622816
25509
