100
2994179411
976079
8223587255567866
753477744554539
15482
97
57163561928892469
7500354173776
60495206404539
1939164626653543
20012189144
4617208875233088
97829
20954620103826
5345675651
71432162808
8116052
45553229952566087
58808121747
976049460332099
687065076485874
60501982
74405586484903
523518
408828764829984968
3916788341
39
187553
669465545664824
87
30935713
282443028665
602569
114537001529475006
941684812422958
3790865002534165
846427899
34095785640
14
697864700
7916838557235712
314413
10002247275
5498111994393
807950150
2632606946967
48709365336
17652627008612
40439
11447190795473
676
246880816
51527
18225391
39895681260
71111485115939
98791802481509
868772377
4251310201591951
31000
596235
7443786927198485
8993991219445
493683585296254
35
408420516185598
63868076420368218
802340625125
6838865409767588
28823249621
18281
79
30728696746
9086473803
466086
7117593670135
65
6378306284493
16
3289
1011
1931
90
328
4492
71
770480
72883736816
3872
5153089659340744
1727
40907979132873789
5280054593
1609708607
50825514999
995564863675375
139359524665775860
8751218748567
6256072
178358174641075
