100
710170142824743341
49
85857842
93143179562038
6466558638
487689195423
510
18
63730436919
56706111546349
6625374
40460751
2110223980349
6703277170530283
6442896898
69129261154859374
476549637
5798801
59966562709
82008414900479269
44462
8859
722143
265077448729
53945
249
7797862958675
9211613664148
9794703
75736
819550623182818638
3436805578
71
3622448652480030
84162
40911
682117
7544983
98998506
5704
663215583257
67259268011
4553
578919
599048905
95635
68786
378058164956014
905071
3905681
689247324
7051
5561552924972983
4322
4581586652
749180521
1028
3333
5862578342796
5585799
415128456555
927560258083
63959084205873648
62
9076857
19369051125
541225172544610
992097
583
877243
451243799529111312
62155224
49284301692
246669
61
25861205815011314
56
41769808059757
98669383644159969
98138054131919997
7539902791
74095
25139
38747717163283452
6322277258
32
126399228
6681339583
214583
87389110133910
43043536489039353
83226530843
32319
425
7625682933
451203246251
406643060
182395843567590162
12899432
6212237216
