19
920
88 806
527 886
373 801
905 752
687 868
487 422
567 615
320 180
534 311
620 533
588 757
758 479
363 173
750 345
715 541
286 241
713 373
92 281
772 599
316 296
773 810
482 385
347 621
545 531
718 661
893 472
563 745
313 586
349 9
62 384
573 695
849 54
110 273
918 434
122 308
84 81
245 622
368 830
528 396
528 192
29 621
709 97
582 817
841 343
262 852
624 828
376 751
585 121
518 141
331 354
483 689
99 682
113 20
71 168
105 28
449 178
862 784
49 770
344 14
728 623
228 581
357 223
670 259
695 575
73 304
220 837
67 30
569 789
479 705
618 377
470 863
899 765
651 694
856 231
685 491
684 478
816 458
217 842
234 596
557 378
866 560
219 30
551 662
576 135
111 339
377 731
255 206
521 309
784 782
192 209
263 761
58 559
269 841
275 463
384 48
116 271
907 10
478 221
274 306
518 826
309 192
586 891
156 465
799 770
231 552
29 678
672 144
679 450
499 307
303 16
232 315
818 459
283 201
30 30
346 848
37 709
287 86
34 666
171 235
904 484
29 685
344 359
376 210
341 582
645 185
536 58
267 148
830 701
725 602
218 75
552 366
596 282
290 610
115 441
276 642
397 155
202 73
138 74
525 147
289 320
371 238
693 539
536 163
319 782
835 338
892 808
308 798
162 628
111 862
194 823
211 67
771 648
759 286
648 630
16 697
344 128
204 29
222 347
450 439
499 840
496 463
156 7
772 221
393 54
197 180
604 761
352 35
174 585
769 679
352 638
618 779
262 41
445 870
458 594
271 435
486 614
892 208
578 193
172 760
685 269
635 808
156 430
83 344
164 43
5 823
553 197
196 38
349 629
848 786
463 455
755 22
506 803
513 562
260 36
357 251
281 723
198 916
754 174
478 637
693 43
613 454
768 31
874 129
615 454
491 184
884 744
206 1
374 744
892 90
703 587
815 566
902 35
34 574
193 93
78 50
401 128
615 657
788 544
470 417
905 628
311 472
693 75
543 881
908 696
264 747
130 479
400 813
763 334
671 798
12 881
621 559
892 239
894 300
698 373
128 218
767 266
850 262
698 799
418 675
587 818
773 100
371 325
585 273
381 418
675 789
390 828
69 440
325 496
409 624
507 808
706 482
177 722
322 579
220 135
802 101
62 648
838 834
124 760
600 29
819 88
32 672
611 102
802 266
120 807
337 238
114 561
647 65
113 265
919 47
115 372
138 599
327 701
161 383
15 669
143 382
290 914
282 532
422 396
354 82
474 192
73 590
913 296
640 463
268 223
533 835
448 430
568 631
485 534
617 710
316 78
800 574
171 616
912 190
551 229
601 365
523 13
855 360
914 774
437 697
812 789
764 131
290 294
878 122
126 778
312 701
484 806
752 342
536 121
302 650
6 455
891 352
27 492
400 319
369 82
903 776
479 572
102 122
326 674
836 622
89 30
249 351
477 827
25 228
586 13
612 476
464 549
277 711
757 46
633 878
478 545
257 845
433 148
342 712
510 405
916 139
420 518
609 790
539 570
472 574
489 12
294 429
548 387
47 842
194 548
234 122
64 21
302 187
701 526
873 880
476 392
472 375
149 296
102 547
311 861
307 322
705 208
425 598
585 488
350 424
153 350
470 245
787 231
330 624
107 289
347 511
635 178
105 861
815 389
58 261
160 199
108 870
527 4
760 490
214 110
833 398
605 376
494 596
570 727
713 495
506 808
696 88
817 881
532 741
76 515
432 307
494 519
781 753
88 410
474 457
845 624
901 535
193 88
660 383
190 544
524 484
876 439
493 725
595 51
465 438
859 873
656 784
70 754
594 620
760 713
489 152
315 736
862 346
63 28
588 661
85 890
325 618
603 12
692 825
764 764
232 15
676 916
446 67
295 825
693 644
580 154
728 782
494 675
185 194
457 906
30 138
646 696
826 579
320 55
409 513
561 379
615 347
864 368
525 553
89 819
632 334
382 584
866 11
507 307
919 510
248 283
552 567
447 400
389 427
543 751
661 428
84 619
649 593
439 227
2 67
5 6
494 61
902 676
548 123
810 424
640 856
355 579
57 495
920 593
694 455
51 109
878 201
795 516
860 271
556 398
909 176
590 806
818 730
273 156
655 306
559 459
447 480
13 806
682 675
512 630
16 246
331 383
920 360
443 899
524 62
758 257
858 168
774 495
867 246
187 345
398 458
645 616
293 151
63 550
815 458
301 32
881 185
273 324
13 253
749 557
295 47
225 64
254 662
396 598
577 820
398 246
528 735
256 606
507 422
78 378
739 498
847 66
536 209
240 382
686 430
443 203
36 603
397 27
23 73
392 17
487 807
118 74
890 294
805 269
235 644
385 859
297 614
852 453
129 508
426 759
700 703
653 177
640 127
694 300
275 760
783 47
686 404
13 852
725 331
16 643
388 613
458 738
895 523
190 155
364 90
421 619
87 469
748 337
84 835
516 356
850 914
354 771
441 131
878 243
455 752
441 762
838 742
447 824
238 445
231 217
662 712
89 355
42 96
418 470
524 658
807 490
368 217
657 83
403 893
379 411
410 870
289 242
349 436
748 897
389 514
397 444
576 254
195 676
498 565
883 590
844 123
378 478
715 650
540 261
874 201
816 401
719 677
111 407
236 425
889 579
917 569
40 349
860 45
273 414
594 98
867 553
71 620
707 820
219 421
832 904
332 44
443 356
511 415
344 895
467 70
394 14
391 155
392 697
665 89
860 326
516 612
860 464
28 44
354 230
296 805
134 760
734 627
684 747
446 612
311 298
886 579
855 862
162 437
689 152
686 86
296 729
527 69
353 338
356 207
552 92
711 77
454 307
920 798
893 760
645 113
625 21
337 587
290 45
530 889
904 37
299 200
650 16
761 131
66 113
787 835
916 697
470 225
633 617
124 722
672 896
275 490
451 37
769 145
816 175
338 490
198 397
752 361
631 685
474 835
836 684
558 143
159 674
288 246
76 232
594 816
212 211
488 576
145 124
224 141
557 234
4 330
441 177
430 663
23 466
286 766
11 337
757 441
170 282
691 360
255 581
677 20
93 381
552 37
83 771
99 672
176 262
415 306
178 31
2 639
639 415
22 820
390 41
644 189
208 635
813 808
604 134
334 396
705 826
912 422
862 691
809 498
335 196
15 710
208 61
148 33
778 233
867 517
589 112
670 506
895 648
14 578
634 842
125 259
564 5
753 346
347 377
559 291
294 917
884 613
595 797
917 401
412 324
383 432
329 576
463 206
117 529
432 400
801 323
421 560
369 668
783 872
246 85
865 126
828 146
633 155
259 883
404 228
668 478
2 381
207 593
722 567
447 58
652 103
799 811
653 702
647 614
542 487
388 213
919 504
656 29
262 894
238 331
6 428
535 836
806 631
449 647
235 561
246 205
879 670
423 114
288 399
462 154
785 471
280 435
72 277
586 545
865 186
54 680
299 810
829 483
104 174
345 575
321 35
14 297
163 175
89 249
851 148
351 582
704 839
787 112
44 745
647 109
519 67
192 231
284 58
316 486
253 849
841 639
166 786
394 414
353 21
130 327
437 155
456 327
837 665
309 189
249 514
575 353
545 24
377 386
496 222
706 429
807 522
250 160
892 78
523 73
675 322
796 713
279 805
827 657
388 569
412 253
279 715
250 330
274 520
698 303
499 145
240 912
194 397
206 794
35 762
120 110
736 564
896 30
123 433
554 718
487 292
654 440
64 898
786 602
678 125
59 832
268 244
834 920
335 490
875 900
481 12
321 782
761 549
183 273
678 679
99 633
339 590
228 582
486 233
428 766
6 554
780 781
701 632
457 492
189 843
918 493
869 306
583 281
209 303
175 904
77 298
413 630
282 350
844 510
615 31
161 418
184 500
493 28
19 390
132 574
352 129
464 899
6 220
601 775
914 395
689 232
741 417
22 915
253 510
497 786
501 485
844 226
172 900
813 321
220 725
20 586
57 416
694 311
308 340
450 710
20 317
822 811
241 58
197 318
766 678
66 616
245 469
895 420
394 679
230 417
766 487
481 13
721 117
825 154
632 496
665 198
600 327
799 274
532 538
256 732
817 745
619 215
42 844
224 626
168 363
87 625
745 695
176 128
827 470
854 54
56 375
690 66
755 673
851 612
790 699
157 401
246 136
562 300
604 439
433 584
658
310 470
348 177
378 530
424 239
324 255
616 48
397 232
533 631
258 16
373 430
598 472
514 261
250 22
329 398
610 486
541 13
488 57
543 132
257 16
347 643
463 312
254 238
603 389
185 413
239 39
269 612
152 319
284 454
423 117
536 172
153 560
345 222
628 35
392 622
192 499
9 295
110 306
227 210
139 654
40 164
437 89
493 578
450 552
207 41
228 202
143 410
209 629
387 404
388 529
533 502
616 338
295 70
475 279
204 301
45 234
338 18
168 472
627 258
52 419
610 646
350 315
156 531
627 609
159 354
293 188
643 69
305 166
179 159
242 655
232 494
442 136
190 206
65 119
588 597
22 211
316 318
373 561
349 618
153 56
458 227
614 478
33 284
458 658
93 294
490 186
522 282
568 443
571 204
152 501
383 50
401 323
167 296
462 152
96 427
234 63
566 200
196 416
365 493
409 94
388 68
587 176
503 414
527 134
69 641
330 434
546 203
465 596
280 92
123 325
405 134
559 656
396 225
622 617
630 529
229 135
367 557
590 397
594 551
418 225
359 651
377 403
443 63
633 255
454 493
607 546
9 584
73 522
576 124
502 60
606 216
494 588
544 307
324 291
638 440
135 38
326 12
554 136
19 477
589 230
376 156
43 648
123 498
527 646
5 200
187 104
231 260
500 367
507 450
635 375
450 60
314 658
14 202
396 581
467 525
398 152
467 246
571 411
556 143
518 37
151 383
550 116
56 164
490 485
553 69
504 282
349 269
197 367
612 365
61 24
306 236
580 92
491 646
173 384
537 131
424 402
642 199
318 145
577 63
575 87
52 128
581 255
469 206
189 327
655 475
390 183
498 458
69 365
615 309
29 635
302 120
201 395
173 303
475 508
398 292
646 158
44 279
25 400
251 279
256 440
513 490
443 180
297 526
290 296
33 46
289 150
413 602
649 569
81 291
293 574
54 252
159 207
562 155
198 226
545 373
46 299
172 166
558 88
505 636
452 378
314 4
635 360
429 242
271 80
620 453
426 307
137 633
176 507
268 119
493 307
433 550
436 601
400 607
496 138
286 17
486 92
26 375
458 80
122 255
54 314
23 79
278 63
443 581
95 578
584 377
334 336
195 158
539 251
51 544
43 651
299 127
207 282
567 592
525 309
184 375
119 345
61 24
249 107
156 603
491 277
67 266
206 481
322 100
478 354
446 25
158 594
452 77
126 543
212 50
473 432
621 11
359 279
316 543
15 640
313 76
508 418
326 606
122 587
568 607
164 174
207 461
225 634
389 180
319 224
314 66
297 403
584 366
51 331
39 72
404 82
157 25
236 500
575 183
445 318
550 106
609 125
657 65
4 439
47 88
126 172
374 465
378 255
66 250
327 56
423 655
71 504
165 456
120 370
375 68
397 356
46 360
193 188
414 295
321 9
603 139
106 427
373 314
443 24
651 498
653 568
120 457
564 403
3 429
47 394
643 293
478 535
290 475
201 315
649 137
89 418
184 396
366 365
528 385
205 358
29 600
213 212
459 122
253 417
328 473
635 428
509 125
413 199
461 319
442 314
342 227
236 289
56 428
466 296
621 436
414 479
165 512
356 594
414 601
204 206
533 386
400 601
346 559
560 579
324 372
489 131
538 104
30 69
118 384
243 316
335 161
16 631
236 46
39 6
296 34
554 547
137 613
106 173
555 511
311 117
620 370
409 412
632 418
300 118
512 411
241 114
601 75
483 288
198 280
437 299
9 44
389 652
549 39
486 332
332 536
351 503
426 207
472 539
343 534
518 157
521 91
246 31
148 648
338 532
331 124
90 576
594 623
192 164
205 86
544 594
34 109
441 462
525 650
586 582
628 591
314 350
508 3
458 293
75 608
167 195
383 461
543 620
25 203
540 611
344 416
180 101
208 580
541 618
107 438
203 13
163 374
583 155
579 285
486 443
222 360
191 118
157 579
410 438
104 177
159 332
31 257
37 149
287 530
489 624
1 570
176 570
225 184
159 382
95 371
307 317
32 562
424 362
649 176
455 444
598 70
21 232
174 315
113 202
302 97
598 368
478 190
630 82
591 503
218 343
152 402
105 526
588 269
586 453
481 97
483 254
532 567
605 534
339 116
304 586
232 444
115 311
593 448
557 520
207 187
2 325
448 194
222 549
328 484
562 544
519 532
300 636
516 658
379 261
382 96
408 461
128 523
420 611
464 181
624 425
391 75
98 60
552 40
541 187
307 196
18 8
448 59
641 151
34 643
4 539
382 2
392 543
432 434
518 184
82 186
468 611
91 17
379 284
351 429
609 321
386 472
276 221
12 438
119 579
589 517
188 108
147 589
145 536
423 344
169 511
413 358
106 520
138 438
516 116
99 414
251 350
29 351
301 122
159 57
527 269
293 593
114 279
86 583
390 497
140 94
578 276
485 236
554 625
90 322
198 136
482 209
107 509
418 638
40 190
634 392
374 14
219 210
633 560
226 462
111 196
497 75
22 632
199 137
653 374
184 580
161 98
111 315
434 601
497 165
637 139
544 422
107 236
591 322
220 61
560 129
10 401
562 479
300 401
24 482
80 189
24 78
106 231
487 517
124 371
558 459
136 388
378 382
314 464
412 190
242 132
596 283
512 282
377 84
41 307
429 349
149 105
462 106
390 549
15 424
656 11
362 235
472 623
116 314
79 379
568 283
476 271
152 111
607 445
448 430
461 127
590 467
179 603
32 220
652 85
288 232
280 310
607 338
264 532
383 339
336 580
568 116
493 452
373 609
240 6
34 5
73 392
288 525
56 373
199 129
322 599
657 399
329 384
83 296
160 332
137 404
588 311
51 556
607 349
33 342
123 307
379 5
613 409
463 108
152 258
223 436
441 494
649 307
433 326
652 528
562 368
85 300
102 243
176 313
385 524
477 268
482 105
491 251
464 75
122 103
6 414
89 604
558 326
370 308
254 274
330 324
444 650
200 81
350 176
316 98
66 153
46 485
392
321 276
119 264
363 334
187 337
308 109
267 216
288 275
82 277
391 5
198 282
26 289
113 375
89 137
214 126
14 41
371 44
191 296
186 141
368 351
15 233
79 255
130 244
66 4
55 381
217 44
321 303
142 100
144 97
24 190
327 211
274 27
367 40
148 236
100 228
223 146
104 80
375 73
7 192
162 80
131 176
306 47
259 90
56 392
326 315
21 102
283 356
17 381
298 332
352 204
203 311
164 180
84 118
261 328
303 69
352 131
273 117
316 362
304 236
198 105
252 89
89 267
21 137
195 156
277 92
161 359
391 109
25 79
140 202
201 4
117 1
254 157
118 51
359 218
241 336
296 388
273 333
165 255
368 373
50 281
142 183
234 190
232 84
191 32
268 23
214 32
165 348
106 264
88 80
25 388
244 161
165 147
290 184
303 117
205 18
76 359
143 95
30 146
95 107
357 151
281 136
303 233
287 186
64 303
72 258
211 125
124 242
156 203
202 279
49 196
137 120
179 337
73 236
300 3
348 249
182 207
5 88
215 258
182 183
236 27
142 100
340 344
265 9
122 381
264 379
312 278
386 77
375 173
116 95
295 201
135 52
290 13
326 46
230 275
31 288
115 98
265 249
21 200
347 8
283 121
255 299
114 117
41 159
220 288
80 49
268 236
294 199
29 204
301 383
201 69
197 284
368 261
186 75
40 91
327 25
336 102
141 350
98 366
177 44
109 166
50 311
280 128
266 43
47 323
301 183
291 180
72 114
249 194
215 272
166 344
76 101
230 363
252 246
182 39
46 251
124 363
358 351
246 341
372 320
207 215
348 259
272 42
124 334
79 115
17 148
269 364
97 184
288 344
230 338
161 289
8 27
282 96
337 154
34 92
329 129
187 163
199 356
136 269
54 268
202 378
236 102
76 14
374 114
105 61
358 125
340 322
334 304
58 13
82 263
182 30
271 177
349 203
324 327
153 375
1 134
208 271
362 76
197 13
285 349
148 71
148 206
79 388
206 278
86 293
63 341
392 279
226 126
274 279
217 322
39 41
341 256
45 46
366 281
301 112
50 175
217 266
75 169
95 29
191 133
122 249
265 86
149 10
254 327
63 275
348 139
318 365
31 176
315 63
340 368
299 356
53 291
220 128
63 357
32 307
368 44
332 194
62 71
246 375
385 340
32 385
244 390
193 376
195 356
72 201
330 138
60 109
73 177
274 270
371 162
290 23
9 346
184 50
179 217
62 120
387 354
268 238
319 24
323 59
61 244
237 162
167 96
193 301
327 70
119 221
136 315
121 275
71 182
87 223
254 160
198 276
59 264
295 314
127 386
43 166
165 111
48 277
231 96
111 154
91 2
221 149
275 37
271 36
253 287
357 131
374 88
134 365
343 234
106 384
327 282
6 81
80 201
65 367
51 44
321 165
281 356
105 347
56 33
13 24
252 86
353 162
122 259
1 60
247 56
192 386
133 356
269 88
11 137
240 286
220 267
387 230
356 227
218 73
38 117
278 340
171 232
124 127
196 388
189 85
261 3
206 15
9 98
295 163
16 248
34 205
36 280
246 53
27 212
39 187
28 114
150 157
120 161
98 202
115 132
374 160
291 283
3 252
45 276
242 314
307 285
18 389
305 93
269 389
374 186
90 61
178 306
239 370
292 122
188 231
245 129
191 110
8 385
209 190
95 138
364 3
366 30
210 385
241 246
314 204
98 254
363 256
261 308
67 206
252 387
122 221
7 152
342 115
63 244
382 175
4 282
319 298
390 160
223 100
222 216
358
292 26
89 207
90 234
297 297
295 292
48 266
199 17
62 223
26 240
215 19
209 33
106 141
158 346
315 255
181 160
30 89
92 162
298 21
224 45
333 29
152 282
240 210
183 274
17 154
125 42
254 257
102 343
45 51
230 224
226 155
268 85
9 199
220 70
34 261
242 328
327 55
54 22
325 111
15 171
65 115
311 139
96 105
322 5
235 250
283 183
82 40
60 289
331 65
126 87
304 327
309 44
19 97
186 301
72 232
81 219
256 138
130 156
21 304
188 31
271 27
357 116
116 43
353 7
160 143
99 121
120 38
312 13
73 329
70 309
247 325
165 52
28 268
71 233
164 231
273 273
103 194
343 264
329 77
187 32
338 203
111 253
114 86
301 195
155 185
355 348
169 191
310 202
138 41
192 133
121 263
29 100
332 131
189 193
147 205
252 118
180 227
296 211
288 336
318 46
314 9
305 98
16 288
194 60
140 125
24 20
68 177
307 330
290 226
246 316
243 214
289 110
7 305
127 334
204 126
43 14
132 170
237 318
202 66
129 123
354 311
167 229
324 113
225 208
13 351
8 62
170 356
287 136
207 206
163 258
346 49
245 276
218 57
122 24
38 102
157 90
212 332
56 303
58 355
5 244
20 83
223 4
40 93
179 147
267 95
23 71
150 317
108 216
27 269
334 152
270 84
87 117
191 237
133 239
341 353
291 107
217 180
134 212
306 56
94 189
143 217
148 298
173 151
302 53
210 272
336 188
139 159
281 209
238 347
112 114
196 50
41 64
348 88
151 78
149 145
119 270
284 166
131 312
260 213
193 168
88 101
234 280
35 137
18 246
76 293
274 179
86 48
37 134
241 47
55 345
113 251
213 69
78 37
123 54
6 6
265 67
104 299
39 265
198 320
203 310
330 349
47 91
279 306
154 164
251 58
316 178
83 122
227 169
313 300
11 230
323 149
66 242
146 262
277 176
109 81
349 314
319 322
107 278
229 285
61 68
344 277
98 158
124 39
342 181
178 281
293 173
308 187
142 190
258 10
176 283
144 323
44 338
3 275
172 354
286 220
36 204
171 344
208 295
153 135
236 335
299 201
118 63
84 290
197 256
195 259
263 271
137 1
184 142
156 315
337 342
280 127
46 157
345 186
4 249
190 243
244 12
33 96
257 103
145 284
328 174
141 128
32 172
174 337
51 319
185 146
356 23
128 321
201 124
285 291
136 132
335 218
250 358
340 182
272 99
261 339
259 241
49 238
80 82
159 28
182 75
105 119
101 252
321 61
326 313
351 340
67 324
347 3
168 74
77 18
93 36
352 11
162 72
211 350
350 192
91 129
320 16
31 175
232 150
115 80
177 235
275 225
161 2
135 163
255 294
22 148
25 260
282 167
339 308
97 221
50 130
231 106
219 34
253 165
175 30
75 200
303 25
1 161
14 287
63 79
358 15
266 8
269 254
276 140
294 35
57 144
10 196
249 357
317 215
85 352
222 120
95 247
205 333
233 76
206 94
53 341
216 296
69 73
110 92
262 198
228 307
221 153
248 331
52 108
74 326
214 109
42 248
300 302
239 59
117 184
100 236
2 228
278 197
79 222
264 286
12 104
59 267
200 245
166 112
64 279
310
193 5
201 234
122 159
285 97
104 269
67 298
286 15
231 246
62 231
240 119
166 16
202 278
7 83
90 260
45 204
131 287
220 185
160 41
15 200
236 164
19 172
208 39
163 308
118 306
284 43
91 304
289 181
125 248
238 120
53 268
308 157
310 179
161 103
278 305
162 138
71 91
57 149
190 228
10 31
109 220
186 262
229 302
184 123
97 101
116 74
241 56
187 226
263 14
165 24
88 28
139 10
298 89
194 132
136 152
103 23
309 175
181 293
188 236
110 78
147 142
171 197
154 34
283 227
44 50
228 242
214 27
268 210
152 8
232 167
123 61
242 60
133 45
6 46
63 239
89 223
196 9
95 214
66 59
243 255
138 169
250 80
217 33
216 205
42 209
164 112
22 215
297 100
146 102
300 194
265 71
156 296
151 62
68 58
255 145
114 129
81 163
225 42
26 53
115 17
305 29
74 211
13 266
1 118
175 114
247 299
223 90
266 183
96 141
61 213
35 222
140 267
145 13
159 18
306 250
275 3
237 113
169 271
111 282
226 289
55 146
5 38
4 158
79 195
157 22
210 105
221 108
271 133
46 285
2 64
148 202
224 286
260 2
172 144
235 85
170 52
20 277
3 135
253 139
294 216
34 154
102 245
107 115
41 47
209 1
258 70
219 251
48 221
269 36
126 98
303 208
256 92
211 263
239 148
259 6
49 253
200 309
17 75
28 212
9 81
296 225
128 69
56 35
98 249
99 116
179 247
302 117
36 281
304 40
248 310
149 87
18 82
27 109
206 126
301 259
93 187
273 173
182 30
31 57
267 230
33 111
37 199
233 128
16 265
75 140
254 73
183 21
158 121
73 177
21 32
38 127
299 20
252 130
94 201
24 77
30 49
205 125
261 191
174 147
257 241
119 196
112 110
207 150
280 237
29 79
272 19
295 180
287 219
245 134
191 189
76 274
78 217
86 184
101 276
135 72
215 151
50 275
277 258
197 155
218 295
117 294
84 232
143 235
106 272
270 238
227 99
52 160
137 37
246 252
108 4
77 307
134 156
293 193
40 218
212 168
120 203
292 67
203 280
279 244
155 174
178 261
58 170
82 224
288 143
132 288
54 12
60 54
141 292
11 96
25 192
222 178
144 270
130 190
105 106
124 84
39 290
195 7
234 303
72 240
51 153
129 233
8 131
168 44
173 291
291 11
274 137
121 207
12 198
92 94
199 25
85 273
83 243
65 66
204 182
177 95
307 86
142 229
198 283
150 284
282 257
180 93
69 256
264 300
14 161
70 188
43 122
290 65
87 279
192 186
167 88
127 55
113 68
80 264
230 165
23 51
100 176
32 162
249 297
47 104
153 48
276 166
189 171
213 124
185 26
281 206
176 107
251 301
262 254
64 63
59 136
244 76
591
434 47
310 383
510 379
387 124
119 522
479 6
180 321
236 54
539 5
79 239
293 442
102 434
456 146
568 137
523 307
257 526
315 126
58 4
238 154
177 208
183 528
264 384
199 178
410 33
222 452
35 281
502 557
373 85
495 466
150 335
541 279
249 87
119 28
578 475
402 238
201 165
38 558
11 504
56 406
191 199
99 171
80 533
96 63
52 307
102 552
84 219
576 84
27 415
146 285
393 278
454 319
561 113
337 485
515 384
517 517
60 459
266 473
173 179
147 526
147 425
238 205
190 466
494 473
568 241
249 545
82 322
113 150
588 489
279 428
149 273
555 82
330 299
451 390
422 292
150 290
488 260
552 242
313 415
40 240
458 581
86 231
5 471
269 103
6 343
529 51
133 583
267 245
343 95
348 37
400 90
346 463
444 50
310 429
291 43
150 6
525 577
192 351
450 291
564 37
276 82
159 420
355 183
421 409
202 37
228 430
153 9
137 205
328 132
570 155
446 137
476 342
358 426
536 511
207 298
71 309
528 155
392 550
387 506
450 466
8 145
387 254
507 552
484 495
527 587
478 84
392 467
453 89
270 224
366 572
194 265
388 534
523 392
140 590
546 288
486 6
261 48
38 39
418 57
152 174
138 474
366 492
140 492
276 569
412 376
267 370
128 448
318 184
454 480
336 431
87 282
126 182
565 187
221 172
387 119
557 160
171 375
201 331
349 542
384 300
110 298
124 362
49 114
478 378
443 261
474 499
512 58
574 59
512 289
589 392
506 377
67 114
62 320
173 208
484 560
33 487
244 278
312 533
548 181
156 15
17 444
260 198
582 272
571 391
191 478
79 291
551 307
259 104
172 403
474 229
277 480
470 215
434 41
20 70
52 353
587 563
245 22
48 419
458 302
473 185
304 427
149 412
323 192
210 321
200 370
252 445
295 253
330 403
94 257
291 387
213 319
482 517
17 515
235 397
451 141
138 167
163 29
179 541
144 283
368 197
385 256
109 173
258 383
402 528
192 312
313 549
493 449
477 222
557 366
291 94
403 491
488 54
243 572
261 320
60 536
217 255
170 316
495 315
128 243
257 226
457 175
427 174
19 188
326 390
305 158
402 319
527 130
133 489
215 37
245 373
91 31
248 558
362 31
344 272
27 443
74 3
460 499
141 101
382 111
521 210
45 488
454 349
501 339
170 189
367 550
392 365
578 99
586 263
317 55
582 135
282 187
376 166
560 195
555 129
486 406
416 415
326 56
27 98
358 177
424 403
328 85
522 269
188 460
242 265
168 471
427 456
226 499
227 358
382 194
463 56
224 533
273 348
114 37
421 168
196 128
350 114
468 119
82 162
540 258
426 11
51 546
144 199
245 196
208 142
538 376
126 306
265 443
319 388
249 305
160 570
353 504
508 38
386 318
453 467
416 174
270 18
412 334
47 279
133 293
118 182
400 527
370 308
497 158
146 487
104 302
518 236
427 94
330 358
51 576
412 558
382 117
528 313
55 361
41 174
188 355
510 578
334 467
550 105
262 498
53 227
191 173
176 337
45 261
417 248
49 186
14 20
586 547
155 512
444 49
266 559
320 574
568 529
294 293
504 30
409 164
339 88
444 119
253 97
345 81
20 402
500 417
93 426
327 355
41 60
400 58
145 86
71 100
281 72
74 71
158 53
226 580
291 320
105 294
91 298
502 586
434 230
120 188
222 443
585 464
433 312
231 127
522 336
201 533
381 180
329 532
589 504
151 8
142 223
174 163
138 275
322 567
89 330
341 404
341 186
60 580
255 15
537 147
338 172
431 516
394 385
111 218
70 255
362 558
371 292
341 341
120 527
2 214
368 369
300 267
51 565
501 22
30 574
63 280
268 376
451 179
526 553
243 526
13 154
387 63
486 124
576 402
402 407
373 142
524 538
160 386
551 152
95 590
518 484
361 548
5 303
138 85
499 492
90 115
441 346
260 254
187 433
38 179
372 506
8 119
240 458
267 41
72 118
214 490
16 383
376 78
372 288
274 197
193 335
447 378
574 174
529 202
446 385
37 445
246 392
124 455
303 174
583 509
323 2
26 499
402 432
486 92
579 279
292 133
369 333
28 582
16 358
475 11
509 18
141 220
537 207
250 511
109 108
285 521
409 25
263 88
429 170
370 420
167 15
246 530
140 186
174 92
216 349
409 112
401 346
454 523
246 375
427 94
205 447
515 244
439 318
288 577
371 486
581 509
170 127
313 589
100 352
7 155
481 576
189 249
185 48
364 289
303 280
74 370
432 6
96 98
403 261
306 588
393 136
318 157
332 264
501 138
291 32
33 509
583 357
466 372
335 301
240 115
270 589
10 69
468 368
437 178
37 168
410 380
372 526
512 587
253 520
386 25
563 530
383 280
116 529
63 138
301 83
412 103
312 538
123 586
581 185
14 272
528 152
591 104
100 352
195 533
188 44
396 146
453 494
576 87
545 591
212 294
223 70
160 325
453 221
221 248
368 170
255 525
277 129
453 585
195 417
138 475
256 524
384 335
476 435
181 20
99 143
347 452
57 220
545 550
92 142
113 572
575 366
353 56
475 562
426 205
137 452
478 214
569 73
316 352
582 497
17 279
237 573
228 71
27 356
496 79
210 108
204 42
459 329
316 84
303 213
18 57
185 160
405 498
264 32
37 289
414 292
500
292 40
471 170
20 482
165 123
450 181
46 388
155 73
113 8
434 141
433 459
180 234
484 127
351 493
248 31
355 86
288 312
113 377
341 171
281 431
476 89
325 99
421 361
270 275
4 389
470 242
334 329
137 456
402 283
390 6
60 113
381 82
71 74
232 245
406 85
168 215
302 492
299 188
254 308
225 69
320 482
358 469
335 50
428 316
468 236
223 225
498 184
393 63
387 15
384 316
7 404
187 272
208 458
6 474
164 480
191 50
361 55
275 309
173 310
208 479
92 188
451 98
262 32
37 345
339 415
4 10
81 7
339 186
160 435
116 10
448 31
12 2
451 86
471 108
307 480
291 92
110 373
313 247
109 476
104 251
479 20
334 393
398 12
38 353
292 105
456 325
303 148
459 5
288 90
306 480
433 338
2 56
437 138
456 302
494 3
68 312
432 185
404 117
369 147
22 418
153 407
316 455
264 77
312 32
371 289
19 127
312 442
348 224
256 265
171 475
484 319
280 178
43 35
13 55
471 495
73 38
310 375
426 229
268 107
267 91
237 414
176 23
63 375
150 12
427 84
309 494
36 107
62 189
273 453
354 298
174 213
213 487
100 219
115 87
150 134
140 246
467 241
238 109
178 390
68 460
159 115
177 22
31 468
148 290
455 153
179 74
72 482
385 78
369 379
180 56
57 292
188 147
260 403
197 282
236 249
189 165
363 390
377 162
165 261
487 292
371 357
154 19
372 360
485 311
206 162
370 113
82 426
301 358
230 220
421 214
201 475
221 443
201 228
44 164
156 69
487 469
107 82
245 229
388 404
446 148
257 400
238 479
149 461
121 200
404 274
88 404
216 233
387 467
112 177
415 117
106 23
61 138
426 425
154 24
352 10
105 95
108 190
158 370
82 380
303 67
84 119
261 311
14 32
398 428
472 26
458 163
3 461
143 134
496 190
141 245
313 177
153 47
229 379
377 209
140 495
94 287
486 273
335 123
154 386
316 250
385 286
382 277
84 297
6 142
300 344
314 133
100 298
277 322
307 265
442 78
24 68
29 142
360 26
420 382
354 223
268 433
458 159
415 324
316 483
113 271
81 396
161 430
405 44
202 34
343 325
10 147
311 381
404 251
30 483
198 227
30 422
412 181
492 493
182 126
260 120
68 282
227 200
169 372
278 63
72 54
236 356
498 435
159 368
218 410
279 500
82 450
86 396
142 300
427 148
438 370
250 205
71 194
39 457
390 130
62 481
455 101
227 89
356 406
119 219
66 97
55 12
129 258
489 329
345 245
455 209
453 430
232 280
329 144
277 452
389 220
304 341
4 295
112 238
247 418
200 12
187 75
248 281
453 319
27 269
171 144
346 38
257 483
64 267
377 263
183 83
148 229
248 247
390 265
191 446
135 452
29 173
242 162
215 14
478 208
37 47
360 137
78 204
473 429
17 422
391 312
367 69
31 52
185 220
442 284
92 368
480 5
181 350
346 108
103 226
203 88
491 265
137 430
84 5
106 314
315 231
17 53
227 54
16 35
228 180
298 484
6 378
361 318
274 247
240 452
16 470
473 498
389 58
261 130
166 93
480 435
464 489
412 51
37 237
63 64
215 365
417 444
349 142
166 163
454 128
168 261
203 349
205 150
117 121
242 375
358 382
127 9
484 97
338 96
82 391
383 172
426 107
272 200
203 427
428 135
72 311
452 292
333 349
342 60
486 342
339 477
391 190
49 98
318 213
119 392
224 22
382 56
248 5
409 340
77 481
122 99
271 412
290 351
419 89
347 287
348 396
276 322
452 138
452 308
407 346
332 125
156 222
276 342
397 385
268 254
357 58
173 330
428 148
391 227
416 475
497 431
283 310
270 292
320 480
469 397
370 145
369 241
199 78
10 19
294 409
453 351
433 499
47 136
72 296
494 359
252 121
402 175
369 218
76 39
166 252
121 218
45 366
293 92
197 336
451 168
209 77
479 490
466 217
375 6
283 426
186 188
108 271
271 145
390 334
365 395
15 5
461 420
264 52
274 301
475 181
434 386
353 138
334 438
27 371
246 41
222 350
244 9
248 100
252 85
236 49
471 211
186 104
27 95
107 25
255 122
470 384
468 105
229 242
339 123
156 114
420 169
479 22
341 420
170 80
144 192
474 267
454 231
355 50
334 218
420 306
339 286
465 197
153 97
296 372
441 129
232 369
94 195
221 163
475 129
302 76
18 273
364 122
388 66
500 257
11 96
124 199
111 179
469 443
384 92
85 18
148 302
403 156
423
411 266
34 141
45 390
53 373
57 287
19 206
266 351
267 293
411 112
370 397
402 69
30 311
100 7
36 61
222 178
125 378
383 89
170 134
53 369
53 275
333 398
333 19
145 334
302 6
234 370
312 378
45 51
217 102
267 358
8 88
289 228
142 86
113 197
99 420
83 78
131 265
99 269
190 7
178 72
72 283
96 78
377 156
305 342
391 61
341 247
373 303
242 400
194 419
261 250
270 91
70 75
253 51
27 35
217 177
53 78
26 190
108 89
356 3
2 406
373 47
162 157
185 69
109 230
23 397
91 341
265 114
13 35
284 415
153 375
264 311
210 185
150 412
179 63
47 60
298 186
366 276
417 161
309 416
165 141
162 272
78 402
53 286
158 116
98 234
296 311
297 167
404 205
254 151
117 5
240 403
129 103
17 263
322 206
201 73
158 251
82 313
146 69
380 262
79 71
117 300
76 152
166 347
211 2
312 28
157 379
13 142
3 286
117 168
146 195
413 332
417 423
27 109
323 209
153 417
260 398
153 393
46 243
8 317
130 148
253 17
401 226
27 351
93 72
220 225
218 344
244 25
303 382
238 98
204 146
116 116
36 328
188 321
25 204
318 76
20 236
281 142
21 42
120 333
225 173
375 367
3 315
65 186
179 69
395 260
347 406
231 208
4 93
220 148
132 299
213 322
397 173
189 261
162 42
195 391
308 175
144 381
359 16
46 37
404 30
77 334
358 352
186 200
117 209
228 96
13 82
294 103
102 221
39 85
119 55
327 165
376 104
340 349
401 105
165 378
401 381
30 192
324 193
82 150
235 312
240 191
318 176
75 226
416 155
142 125
4 60
140 3
112 121
260 180
132 98
353 268
124 200
309 219
146 369
140 158
370 296
95 138
228 358
198 263
230 44
3 234
10 271
173 140
253 404
86 273
200 371
291 172
402 155
25 334
68 55
278 89
297 157
197 195
180 78
129 331
262 143
165 357
367 156
318 327
355 141
45 269
38 80
135 406
25 4
228 73
315 288
387 394
176 258
331 158
268 414
320 328
50 343
315 177
265 394
241 353
366 166
215 93
396 45
230 337
236 375
331 42
343 28
273 256
169 280
260 398
29 70
423 180
78 282
250 32
35 202
326 379
224 320
272 142
2 152
299 263
13 418
173 140
350 177
53 38
98 404
399 229
151 210
284 375
199 180
10 399
283 171
291 204
249 56
362 242
36 103
120 95
285 322
48 211
166 158
313 230
304 343
79 264
326 249
231 295
406 5
4 343
171 11
290 241
265 102
223 197
279 306
89 333
178 263
3 161
126 204
5 145
261 92
119 331
185 282
411 266
173 357
190 253
296 13
160 318
5 308
301 408
101 321
117 419
253 366
119 373
57 402
376 258
21 301
321 168
325 174
48 82
5 285
295 265
34 132
326 251
155 188
280 333
24 10
44 361
14 153
244 47
397 106
374 90
118 240
95 308
6 389
164 415
300 86
176 103
7 321
227 319
419 146
206 185
22 84
133 365
73 215
377 58
235 341
386 21
404 408
118 348
355 19
365 9
201 83
93 119
395 419
16 380
224 183
261 19
244 129
60 325
127 60
80 254
147 92
163 73
413 157
80 193
253 238
39 117
231 331
7 162
105 60
209 377
161 326
175 297
37 316
342 379
239 239
134 236
129 420
7 273
76 281
59 107
201 230
172 9
408 147
100 335
18 101
246 419
148 262
141 6
98 275
308 345
106 68
116 207
321 333
150 408
140 216
130 400
192 264
8 71
222 247
1 145
397 91
201 366
36 171
287 336
12 246
42 325
236 364
1 378
69 393
128 171
189 405
351 387
305 273
342 73
252 15
251 148
119 62
218 116
226 60
73 68
416 27
290 151
293 147
321 407
302 44
377 197
37 346
367 235
219 279
290 63
160 195
970
561 249
641 104
723 439
156 916
18 478
338 444
916 321
593 368
361 291
335 422
422 167
916 797
829 239
401 588
943 44
396 370
786 623
238 538
969 904
944 755
945 705
810 500
254 943
350 925
305 889
262 227
81 871
335 727
10 468
874 892
3 154
461 723
560 829
906 53
494 568
210 650
242 477
491 105
448 853
830 749
109 516
846 684
649 704
591 577
948 425
158 108
617 400
697 889
663 413
244 121
310 603
296 117
227 878
807 351
849 237
391 314
6 331
11 281
606 221
949 556
399 309
940 506
950 757
145 78
905 64
400 80
388 778
850 110
100 852
478 518
609 656
950 703
14 460
307 507
233 551
644 607
451 615
270 64
669 184
788 960
466 3
396 904
785 138
666 243
741 962
298 467
748 826
382 566
715 225
429 886
477 934
711 664
227 915
455 249
71 691
529 776
668 602
7 303
466 711
294 152
377 358
509 737
535 454
369 171
684 290
213 249
550 369
731 106
587 169
622 218
230 901
906 943
381 34
521 714
136 266
628 919
913 132
203 778
304 844
176 712
743 732
885 68
733 714
668 69
135 239
888 731
362 353
577 85
584 514
401 856
960 375
595 566
626 854
273 327
561 958
968 907
818 106
323 775
596 260
632 702
26 958
583 140
897 881
111 744
89 225
267 911
281 932
195 920
783 853
44 659
447 645
968 799
299 471
501 724
184 794
218 61
211 729
408 572
210 30
53 799
824 75
365 170
373 851
753 430
249 688
148 890
315 733
688 645
34 714
203 966
285 835
486 156
860 85
868 278
510 892
970 407
28 509
63 566
283 11
900 237
117 478
925 173
522 417
930 659
402 535
46 225
85 96
713 171
527 839
658 632
641 194
17 866
259 166
32 508
613 477
570 357
192 251
577 500
568 455
290 567
165 296
817 340
41 3
16 613
679 865
837 201
231 948
755 293
274 150
171 303
278 108
240 336
906 826
537 781
397 384
864 314
932 246
668 361
312 194
44 185
259 443
929 247
877 56
343 902
804 885
351 814
864 779
313 294
253 671
388 68
907 550
566 896
332 760
469 805
425 216
269 916
44 139
460 536
553 919
875 648
458 629
663 240
415 389
232 854
937 27
220 133
344 159
901 961
135 900
717 767
950 57
413 856
946 55
753 180
698 92
210 131
171 458
774 205
322 891
583 829
468 152
279 246
449 902
19 832
208 79
431 567
368 79
446 734
652 489
964 193
727 797
933 352
59 641
886 637
301 489
452 792
396 411
363 117
629 913
333 247
58 736
352 388
607 291
929 490
346 544
597 200
592 627
212 416
220 131
72 844
853 284
404 99
303 956
226 128
504 668
663 950
927 565
668 716
646 627
478 550
549 937
463 251
165 2
751 171
871 957
258 961
776 932
818 363
438 338
266 811
461 457
668 158
803 901
293 494
816 56
778 766
523 415
642 860
777 574
733 909
963 271
332 256
294 157
836 322
564 807
969 599
206 394
931 641
607 22
332 384
832 496
926 382
480 782
922 600
469 937
1 933
948 50
298 822
569 273
931 252
480 796
442 127
155 456
403 911
416 173
538 506
426 252
787 834
483 905
595 593
65 728
684 419
311 454
270 958
425 669
813 263
419 448
571 13
199 583
191 695
463 556
583 28
886 231
846 688
275 200
84 371
856 24
703 609
281 845
648 125
344 840
602 877
963 501
830 929
45 622
379 115
408 799
615 846
649 8
334 167
865 89
535 948
176 162
349 349
329 78
238 594
311 875
252 902
323 854
79 536
883 863
580 60
679 51
812 692
797 676
404 233
939 293
258 902
771 191
605 825
33 739
941 235
538 705
310 695
566 637
336 774
944 97
406 638
90 601
47 832
785 733
93 872
359 829
529 722
336 171
115 716
651 669
215 827
948 487
391 910
928 448
255 901
898 703
8 420
403 136
33 48
698 464
473 524
749 84
808 236
236 240
144 899
751 774
22 615
650 549
716 34
408 51
235 969
680 635
888 900
751 862
309 666
768 233
408 818
70 171
672 554
20 734
798 247
821 259
205 88
324 918
886 168
714 434
466 362
494 300
473 829
770 475
679 883
693 833
483 585
61 599
716 881
394 575
708 886
774 311
137 835
932 142
319 732
54 465
360 429
861 676
145 761
917 248
788 371
889 833
8 300
674 843
243 669
530 402
238 805
641 59
534 51
335 225
383 556
191 795
157 587
884 671
10 926
735 938
371 172
557 806
30 738
506 269
408 437
948 112
17 842
558 451
171 105
241 811
715 322
100 540
292 645
306 207
515 256
808 105
59 853
638 786
660 341
790 534
212 406
269 93
597 936
862 270
430 953
105 442
499 569
220 885
714 874
689 595
190 421
767 229
907 581
152 343
670 782
65 518
88 378
825 233
876 289
571 30
102 58
375 916
775 805
686 327
966 185
287 958
355 453
469 118
161 919
255 322
518 800
205 239
689 7
295 361
684 162
447 358
502 738
392 538
486 130
357 743
733 554
300 755
367 794
666 572
303 277
91 955
123 560
396 930
911 668
58 656
624 282
436 300
753 663
961 386
501 653
372 100
147 864
275 460
540 471
622 597
286 913
151 658
187 639
199 254
764 679
484 60
330 71
800 399
370 11
107 953
268 564
617 236
907 433
53 759
605 463
395 557
401 931
250 705
550 916
739 268
756 943
499 802
785 134
520 857
316 170
49 15
84 759
234 212
798 743
932 457
7 613
121 410
846 33
814 527
32 436
382 908
763 516
568 510
209 576
904 374
931 903
892 65
795 211
276 900
236 330
786 354
295 966
529 953
48 147
830 892
185 757
612 205
937 186
109 896
94 220
741 966
174 930
350 613
388 115
167 242
877 616
802 335
187 123
648 50
454 534
305 204
506 121
819 506
126 367
8 158
196 658
250 471
937 584
121 765
637 87
649 477
116 716
759 572
186 582
542 87
540 759
18 320
623 813
794 219
424 121
753 581
651 339
41 820
811 623
683 300
74 266
642 158
104 152
224 299
8 500
900 464
309 430
381 129
163 413
87 132
301 787
603 293
965 674
916 272
218 479
263 64
357 41
324 197
888 6
413 545
658 339
926 30
477 644
713 920
29 761
263 572
383 682
961 879
428 211
358 60
12 172
63 206
101 795
169 473
300 929
815 806
664 968
616 647
477 820
523 554
546 314
7 388
53 894
932 357
665 686
786 190
900 556
726 932
699 430
733 269
961 699
875 631
392 146
884 537
551 683
950 961
60 8
553 536
446 869
63 504
604 961
438 383
656 98
783 718
172 689
702 902
892 632
853 326
837 851
224 185
277 372
652 302
344 90
241 962
23 5
785 847
387 269
952 118
829 411
442 199
292 117
231 58
864 724
880 182
241 946
183 25
271 305
232 234
296 727
315 30
153 137
668 455
579 269
764 847
203 124
85 146
434 782
596 623
147 519
728 590
958 375
647 333
201 211
533 433
614 806
942 85
681 580
446 720
872 750
877 942
584 99
606 470
243 19
715 735
41 948
10 202
285 302
138 896
690 815
594 907
874 172
641 595
228 700
328 115
137 55
763 427
883 294
443 248
119 758
284 968
791 696
42 384
411 371
17 475
781 465
761 546
533 149
219 588
192 94
721 841
346 128
466 299
884 141
566 836
959 717
705 698
367 699
643 254
375 259
666 686
632 476
654 313
700 641
333 909
645 402
100 421
675 675
834 687
48 922
227 98
613 161
909 684
864 458
563 297
424 817
898 338
10 78
193 939
970 490
28 179
556 775
852 729
765 696
65 843
426 767
549 112
491 776
900 575
5 624
335 182
550 1
702 932
459 259
614 81
603 778
400 574
168 780
157 216
686 796
355 763
369 8
586 872
106 452
416 764
463 583
759 121
462 655
522 279
265 844
164 964
845 811
839 491
754 218
530 448
70 238
122 113
375 781
2 373
783 136
652 740
642 213
326 811
961 854
806 338
597 684
292 73
758 508
212 901
136 900
776 719
735 489
367 811
961 624
690 394
582 726
304 608
40 535
368 20
872 722
573 341
800 477
968 319
634 68
621 536
467 256
884 57
28 39
874 614
681 332
712 202
716 667
674 38
68 964
244 672
934 737
735 946
94 871
700 259
138 111
52 566
374 599
527 32
820 598
141 12
21 664
666 61
71 321
43 214
215 753
721 384
200 300
6 404
635 852
358 408
249 116
127 722
508 638
325 410
466 948
223 161
866 209
889 41
748 177
805 929
912 206
175 655
660 712
187 344
876 952
324 336
548 463
895 761
662 253
926 668
476 76
828 52
176 167
201 73
931 582
471 526
461 405
492 208
279 112
298 498
237 412
486 233
510 194
932 848
278 340
805 619
752 17
887 116
516 644
381 966
321 73
700 383
701 161
842 725
637 99
966 836
9 536
3
2 3
1 2
1 1
446
157 174
335 171
259 110
302 416
393 284
85 147
272 85
220 334
177 259
45 344
413 401
116 72
61 100
262 67
377 94
214 381
342 318
227 63
375 331
254 232
198 229
162 327
222 121
56 123
127 305
248 160
388 98
110 291
341 315
422 398
438 406
114 423
28 9
90 392
130 309
398 176
296 338
170 175
253 11
241 383
430 248
129 170
374 195
339 122
10 139
348 240
313 7
138 103
260 444
46 61
441 179
161 376
225 3
62 342
89 153
99 285
319 301
39 56
120 237
428 167
311 251
276 196
439 358
400 137
102 373
210 39
155 264
424 412
175 30
404 299
83 87
318 161
187 420
323 402
397 235
50 43
112 180
41 14
321 263
72 65
252 5
312 32
402 118
376 188
329 361
22 362
217 157
109 349
200 75
146 209
343 410
158 323
137 286
169 16
295 271
436 227
206 390
264 306
136 127
76 365
70 250
362 386
47 205
80 150
32 295
59 249
334 239
330 146
415 363
331 37
52 273
9 200
440 346
383 79
317 238
405 394
401 99
356 280
65 215
351 44
412 435
63 428
284 375
19 397
142 194
23 23
140 76
44 419
433 164
403 20
304 71
337 42
33 408
301 432
409 252
289 274
132 225
60 314
446 83
434 446
108 293
97 183
355 324
148 352
48 366
444 95
288 300
67 326
36 41
96 308
12 219
106 231
257 369
281 128
212 283
14 380
188 134
238 8
236 302
122 405
303 31
290 312
344 222
208 104
387 33
131 151
64 184
416 275
273 111
256 296
174 317
352 210
79 268
346 399
226 199
113 234
232 325
277 186
6 50
231 136
417 19
87 304
338 142
363 388
219 341
233 348
165 339
69 244
31 133
360 86
396 437
181 368
68 154
421 113
270 17
98 213
24 187
103 117
380 10
145 429
195 152
205 241
199 442
151 289
8 112
316 55
71 165
38 212
186 233
267 156
354 25
29 441
268 90
305 310
286 297
218 46
189 108
309 1
86 58
156 49
298 254
66 255
204 414
322 162
411 404
128 82
244 424
358 245
420 333
21 415
427 292
247 155
235 269
182 80
221 35
399 131
78 336
368 340
125 48
40 73
359 143
1 177
391 391
408 78
349 438
185 247
347 202
194 197
406 140
167 69
190 27
237 29
147 201
432 329
211 124
3 236
17 158
407 208
49 351
192 379
107 384
367 149
153 40
426 413
287 371
381 181
365 278
258 166
111 389
246 294
126 431
123 272
378 45
115 433
361 74
418 114
240 102
104 218
315 204
178 230
84 276
379 13
371 97
184 288
224 22
117 430
163 54
124 258
280 356
154 407
245 138
13 418
74 15
291 321
92 193
209 52
364 125
180 192
93 129
213 421
172 224
202 101
150 434
243 364
266 256
193 359
372 266
73 163
94 337
395 303
234 262
261 425
54 77
394 220
327 440
423 223
278 148
133 36
57 393
292 400
249 436
215 109
326 198
42 320
58 182
437 105
370 116
265 216
435 298
7 243
294 217
390 51
216 287
300 277
410 403
271 168
25 24
299 370
443 445
27 322
445 328
143 260
118 93
26 253
340 279
333 357
269 214
176 372
100 185
239 396
164 395
51 242
250 426
16 226
15 130
389 6
95 377
414 62
179 68
314 330
160 159
275 135
328 38
369 91
139 307
171 203
35 47
282 411
307 354
4 367
274 270
159 335
141 70
77 141
384 60
297 207
336 66
293 246
308 12
229 89
201 26
197 385
37 21
386 319
152 332
101 120
43 88
431 53
121 261
2 360
91 228
168 267
55 387
242 211
30 106
166 4
183 81
425 59
20 313
81 2
191 178
134 126
203 115
207 221
88 355
279 439
196 96
230 84
255 378
350 265
228 417
53 145
442 350
251 190
34 107
18 427
324 57
306 345
392 169
5 374
345 311
419 34
173 28
332 144
325 173
285 92
223 409
429 316
119 382
320 282
105 422
382 172
135 347
149 343
75 443
353 189
283 206
310 290
144 353
263 64
385 281
357 18
82 132
11 119
373 257
366 191
682
418 336
408 227
480 570
423 200
26 392
259 56
318 474
87 642
252 44
172 503
202 501
632 271
578 556
632 478
101 93
266 414
102 611
467 362
194 375
586 18
68 205
53 532
434 664
645 84
492 679
452 350
373 592
619 162
204 202
349 616
579 341
122 265
165 185
85 120
62 10
73 587
307 385
509 344
599 448
174 577
441 398
613 95
540 180
215 95
109 325
511 676
289 549
165 328
628 58
64 77
371 612
15 600
198 213
385 529
631 92
521 631
513 671
609 564
126 415
269 342
100 130
584 92
669 2
308 598
583 236
279 66
641 504
347 143
219 632
229 677
626 1
663 522
312 592
590 253
293 237
435 291
464 191
198 593
508 504
365 676
208 27
276 352
647 388
394 371
657 506
297 259
321 388
459 572
137 144
302 645
331 132
428 347
363 539
217 675
381 227
649 441
137 116
548 596
116 627
51 396
512 604
396 268
379 437
530 41
452 269
290 408
38 615
246 43
370 356
106 77
241 182
122 355
24 289
231 240
8 224
461 111
313 80
608 432
281 497
384 276
501 317
185 434
329 186
558 264
613 430
430 102
284 585
231 78
605 305
408 210
242 303
168 155
639 582
489 330
353 183
34 173
514 67
312 661
678 623
142 397
518 134
250 395
146 608
541 42
569 138
582 525
674 50
336 279
558 127
553 594
420 646
207 316
357 596
654 396
484 188
289 550
398 571
531 258
404 17
399 492
90 266
591 12
241 47
8 27
211 483
627 193
49 90
345 622
654 447
487 478
544 372
302 305
359 60
512 473
418 233
520 269
675 628
217 142
126 502
165 290
622 14
346 560
185 312
158 122
476 277
400 637
52 326
662 200
58 58
417 470
566 109
242 38
282 260
263 157
538 302
297 509
303 236
151 223
443 635
668 220
571 331
266 235
531 514
254 62
563 46
74 592
561 50
324 239
309 656
53 444
72 281
463 370
665 232
637 518
550 415
9 110
650 338
493 578
452 370
641 606
263 407
261 603
499 363
137 507
300 573
209 109
317 122
91 467
99 675
403 504
320 397
510 116
577 636
579 271
430 627
603 245
616 619
320 225
110 412
100 31
80 576
198 82
551 670
44 632
162 608
524 573
431 171
271 103
36 329
463 219
576 193
552 614
81 437
480 103
122 277
177 80
182 376
514 657
264 276
582 334
438 286
542 302
574 61
162 668
562 315
517 599
606 398
274 289
458 151
234 201
186 358
119 311
251 680
321 491
254 548
54 576
537 93
282 96
429 515
629 189
304 635
358 206
604 667
586 70
563 340
123 642
26 63
400 278
621 122
57 542
349 450
641 501
223 421
288 239
308 155
229 380
637 188
353 33
322 547
41 485
381 534
221 673
632 344
248 131
334 56
503 658
589 468
422 492
272 88
291 391
562 468
44 248
519 335
662 290
283 23
559 120
124 195
154 587
550 435
537 300
242 180
640 7
622 422
587 572
633 650
474 579
151 204
109 121
10 149
163 618
91 110
323 615
617 603
661 297
166 136
13 570
74 248
88 499
476 565
670 477
302 616
229 128
184 371
625 208
269 318
456 204
588 163
659 454
288 447
203 511
139 187
94 398
208 305
578 11
290 342
366 202
406 312
293 318
5 438
347 513
567 261
84 411
8 682
637 401
264 648
164 351
400 257
156 496
139 70
674 355
527 559
280 577
393 101
270 677
342 436
594 668
628 456
672 505
250 312
521 208
544 519
59 463
235 139
537 669
343 116
325 557
349 435
464 377
509 173
571 9
581 127
551 516
163 186
366 324
80 593
270 405
401 69
341 152
14 93
216 390
579 346
558 281
205 315
286 478
274 371
168 602
417 321
271 495
419 496
566 573
96 12
436 6
262 311
577 70
377 558
194 494
30 444
232 516
264 18
617 355
126 507
281 17
649 489
566 70
478 628
412 520
673 545
43 379
138 598
234 420
420 371
547 482
198 191
387 254
471 333
643 248
503 381
678 500
207 481
270 561
501 339
414 209
576 397
679 208
652 134
329 565
261 668
674 48
331 230
12 353
96 286
516 108
225 394
486 633
59 84
654 516
118 581
431 510
189 255
668 550
659 524
128 267
323 398
585 291
304 124
531 200
277 620
496 541
473 679
497 184
677 86
146 25
601 458
550 613
663 569
32 368
236 378
329 54
659 321
425 236
103 434
478 589
638 490
308 9
38 26
155 440
476 232
215 213
597 174
121 276
389 135
267 72
579 574
674 383
525 506
407 159
319 513
356 322
119 86
645 323
158 145
637 547
184 419
538 460
93 168
257 321
529 489
406 463
676 553
259 201
143 124
381 430
327 137
116 124
639 138
341 141
3 580
71 59
201 142
319 195
568 198
60 175
111 505
211 219
364 31
657 155
442 52
93 244
322 386
419 563
301 322
363 120
236 130
585 281
571 401
23 112
138 668
256 281
499 373
206 661
681 397
576 633
667 109
3 572
523 305
635 219
100 305
669 517
571 27
5 211
318 678
57 239
555 577
197 362
57 111
35 365
535 337
478 568
222 109
578 314
9 84
655 429
324 249
110 649
416 284
198 441
161 609
637 436
208 321
682 655
43 539
407 198
367 619
1 656
555 95
540 243
129 462
458 536
508 248
421 466
220 587
567 454
75 546
170 189
360 495
471 230
102 87
93 497
473 248
338 646
134 490
470 564
333 577
385 23
674 496
273 66
122 551
524 256
284 446
275 373
73 678
380 172
249 539
543 354
588 517
114 207
181 431
582 546
304 314
528 532
73 192
308 561
478 307
360 581
115 382
516 563
432 375
668 650
193 89
280 347
269 431
245 677
200 217
19 674
676 140
55 103
477 563
638 120
666 364
497 567
363 8
315 514
207 500
276 358
570 158
353 471
493 289
393 559
302 126
83 48
605 421
22 103
79 334
201 549
164 103
559 74
357 609
102 209
368 228
439 626
601 288
451 14
188 221
359 600
631 661
597 56
548 321
238 665
481 163
285 621
163 40
389 305
679 167
494 88
157 367
334 248
66 437
7 171
346 469
175 141
560 629
644 168
347 344
176 501
647 103
460 57
282 149
13 323
182 361
556 63
312 65
679 18
272
92 91
231 28
247 11
125 227
27 6
226 226
149 215
151 210
123 115
87 167
33 94
80 54
148 71
139 149
77 161
69 249
3 267
18 23
217 48
160 124
233 46
11 242
147 224
19 154
196 40
159 257
113 50
15 22
188 63
211 142
238 177
194 77
243 114
24 269
20 78
56 187
133 137
132 110
222 212
73 55
71 2
107 86
167 179
122 259
186 141
58 128
106 140
198 172
267 247
212 92
129 88
116 272
265 93
168 192
175 159
173 234
229 238
75 202
105 127
171 59
29 121
45 252
39 243
223 133
84 84
72 129
37 171
100 152
135 196
55 90
112 101
118 264
153 10
138 64
31 255
82 95
180 53
150 32
218 170
52 233
119 240
44 218
155 197
225 258
99 41
269 34
187 3
93 143
121 45
158 201
246 136
193 236
166 155
130 151
157 169
51 194
61 204
210 99
76 211
28 146
49 1
94 107
164 42
32 19
23 256
191 182
81 38
263 112
95 83
54 103
262 207
30 244
146 47
205 58
134 30
101 80
232 205
41 18
85 219
154 222
12 105
190 139
170 191
189 208
57 51
60 135
9 113
214 43
195 96
43 235
250 209
86 181
21 203
185 265
90 246
16 15
5 100
156 189
46 85
97 178
220 193
224 87
136 72
59 16
22 67
174 166
245 123
117 153
103 184
248 216
165 74
48 213
184 61
34 81
251 237
230 104
202 20
74 145
114 69
179 174
268 120
162 33
237 206
120 9
201 195
126 12
260 26
169 254
78 75
8 82
96 156
215 175
137 190
213 70
221 66
131 57
208 245
68 221
240 270
266 251
89 220
63 188
50 62
163 230
199 29
178 106
161 68
145 164
271 150
270 117
14 253
40 248
141 168
110 116
204 223
227 180
183 271
200 261
104 186
128 98
108 176
47 14
98 268
255 173
264 31
17 239
143 138
207 157
109 163
35 56
236 111
197 102
256 4
70 200
258 7
66 231
181 225
115 122
261 49
234 25
177 185
253 39
111 8
242 263
140 37
239 126
1 65
36 160
209 44
254 131
252 158
249 89
4 165
206 36
67 27
182 132
203 199
176 5
25 232
91 35
26 147
244 24
62 134
192 183
38 76
6 108
7 17
216 73
142 260
144 148
53 144
65 21
241 162
228 250
102 214
272 118
79 198
127 109
257 52
235 229
172 60
219 13
10 125
83 266
64 241
124 228
42 79
152 262
13 130
259 217
2 119
88 97
204
177 124
91 194
13 60
180 198
121 116
64 186
136 20
34 51
21 172
86 183
13 149
13 33
190 147
17 203
174 120
155 112
137 21
182 128
111 175
56 173
26 91
200 20
56 87
77 104
168 129
89 16
72 196
3 111
21 34
27 169
26 104
177 88
92 97
97 166
197 136
35 49
61 6
22 11
125 163
143 153
188 202
151 87
142 174
133 47
103 41
86 1
98 107
176 189
137 126
78 53
31 140
61 193
72 23
77 85
107 90
99 151
22 190
85 196
156 190
186 68
128 17
138 131
56 82
171 5
76 72
46 200
70 4
85 122
153 185
110 131
160 80
177 113
139 150
133 70
71 35
39 195
192 172
152 155
193 66
136 21
59 125
13 31
92 136
5 156
3 157
77 73
153 11
173 88
38 97
188 168
50 59
144 96
138 175
7 69
54 122
36 58
79 143
71 195
55 166
24 125
8 159
108 63
103 73
158 54
61 41
79 79
31 204
72 62
130 13
33 110
17 58
100 148
55 9
196 77
133 120
18 1
197 176
139 26
156 48
89 145
60 2
66 112
198 41
42 198
17 196
68 111
16 102
13 162
1 194
7 177
200 108
42 196
86 48
101 116
21 34
77 110
162 78
43 56
76 148
5 34
108 194
12 143
52 103
190 178
150 63
62 110
77 47
122 131
10 137
22 50
191 53
98 144
154 57
204 182
110 129
195 9
71 181
131 108
89 102
184 131
29 194
13 76
89 2
187 148
72 201
133 51
114 190
158 4
94 80
129 184
75 106
47 6
125 99
75 108
189 53
47 56
129 67
85 85
80 37
50 166
134 135
180 65
147 151
174 182
60 47
176 162
103 176
170 56
66 192
111 81
118 76
144 78
121 130
150 145
126 25
151 88
127 143
133 123
33 131
118 90
144 197
66 68
157 90
144 186
458
69 125
34 167
303 242
75 245
263 72
58 37
349 99
265 91
226 68
187 354
72 207
146 277
453 34
397 103
176 319
94 418
74 192
115 12
319 423
437 313
207 440
398 322
298 217
180 214
342 111
377 13
376 109
155 98
69 330
416 12
338 84
177 131
52 352
235 115
311 406
158 236
77 88
130 321
272 370
394 232
410 75
294 177
11 282
42 315
173 380
318 397
110 139
374 54
44 451
44 165
81 284
142 270
378 323
292 357
401 229
296 432
150 426
119 336
188 144
37 377
13 308
110 77
196 223
171 271
87 147
398 189
102 219
165 343
375 280
177 443
346 175
79 1
78 264
156 53
413 409
148 255
444 447
65 257
211 326
366 147
338 143
154 94
347 110
154 436
449 238
8 221
441 35
251 214
294 307
252 348
7 358
152 84
403 213
260 124
226 225
194 456
197 268
434 282
170 275
29 238
137 372
241 178
102 415
390 419
216 321
366 254
71 427
30 445
202 82
17 173
10 85
315 329
431 418
404 253
372 172
403 379
338 136
48 133
40 258
16 51
4 38
155 134
97 176
281 112
232 113
442 58
141 115
183 437
303 264
308 50
101 149
240 385
230 177
41 71
291 160
74 84
263 97
446 183
138 378
166 457
440 106
283 133
416 370
236 53
72 351
388 131
264 404
36 309
121 30
80 98
259 87
79 211
387 66
322 431
137 67
410 156
419 216
312 63
202 234
197 226
67 30
380 193
241 35
297 430
179 42
120 438
282 314
306 37
121 177
354 11
335 360
282 8
84 113
285 380
139 156
298 411
123 357
324 100
169 328
223 113
161 213
387 305
85 156
187 452
2 225
453 97
213 103
6 434
396 367
56 93
128 284
352 15
53 257
254 146
120 437
386 129
209 320
205 99
240 184
12 398
150 353
177 190
347 422
229 234
304 304
425 443
105 147
70 279
85 11
327 448
182 453
292 240
30 77
251 173
356 314
250 275
342 359
260 241
264 104
449 190
72 350
321 269
104 195
69 185
447 379
413 258
132 27
86 17
94 381
408 114
396 435
235 431
35 103
345 363
425 203
4 375
357 214
238 72
398 164
289 298
214 271
36 362
47 355
118 236
361 407
428 183
6 121
299 235
378 214
108 153
173 269
260 17
17 23
253 260
132 257
11 130
120 117
403 412
1 214
205 395
253 287
444 217
257 457
114 416
455 190
406 304
19 451
455 396
441 418
210 388
417 293
285 369
223 357
351 305
34 370
360 356
257 79
43 55
430 431
441 85
14 121
47 108
183 10
94 454
181 141
356 379
266 43
55 53
292 451
404 193
302 165
78 287
94 198
25 433
32 379
70 55
174 150
266 65
31 384
75 122
203 337
83 317
8 289
455 278
78 219
436 393
201 400
254 407
146 258
216 155
103 346
2 385
87 99
419 259
40 189
84 430
322 281
172 305
189 152
245 409
233 46
348 100
365 237
272 63
282 375
318 137
351 420
413 389
313 380
261 128
448 46
150 385
156 31
221 125
238 272
316 398
441 332
431 6
62 254
137 286
282 145
318 197
14 425
329 49
31 273
231 381
255 349
275 321
1 417
372 436
274 378
286 160
242 221
121 135
420 339
220 57
452 44
174 16
436 421
85 132
161 180
78 410
53 14
92 350
280 104
58 228
146 240
284 212
344 155
152 107
126 241
99 161
396 107
239 58
88 160
184 293
229 455
213 261
83 309
50 299
102 110
435 391
439 243
158 301
278 37
300 376
248 389
415 414
129 236
267 56
348 248
337 449
414 279
373 20
133 458
1 147
24 90
356 159
169 60
389 26
407 194
69 348
351 436
407 138
271 199
122 377
169 240
29 145
202 40
204 357
263 397
118 287
83 451
27 366
115 312
42 151
80 235
430 438
40 437
225 206
401 30
400 155
212 355
334 400
288 27
159 314
361 225
68 179
56 28
451 29
3 245
286 206
211 319
20 342
279 74
364 297
330 122
286 124
102 163
352 155
386 284
273 124
100 93
335 16
377 318
340 251
64 95
6 209
39 443
456 331
116 275
399 349
373 97
384 353
221 362
272 443
434 206
396 397
92
26 2
63 34
37 86
58 52
71 48
3 75
20 2
18 50
50 22
85 46
30 88
32 47
58 26
85 90
34 70
44 19
13 77
82 76
10 45
76 55
38 43
13 69
82 82
65 11
81 2
78 77
9 18
35 47
21 60
57 4
66 71
12 73
72 81
31 14
23 24
88 11
89 4
9 24
15 51
54 3
54 79
2 51
58 18
53 87
28 51
18 18
70 20
54 57
10 60
79 59
17 34
20 29
77 17
67 65
31 85
55 1
35 62
27 14
6 68
39 20
44 71
80 52
50 5
18 65
73 4
53 42
24 25
51 59
77 28
56 20
39 81
57 53
87 54
78 11
89 16
29 11
5 88
68 8
74 91
18 35
4 46
36 21
43 81
24 34
48 71
11 82
58 15
17 26
89 58
70 18
64 11
63 82
915
62 369
308 677
701 303
139 900
823 292
529 252
730 541
862 576
521 585
791 670
838 598
786 426
419 361
150 120
57 382
740 641
868 662
401 815
228 201
787 509
834 57
180 402
535 472
355 90
297 517
886 544
806 481
81 895
657 755
570 367
828 357
131 782
289 578
230 649
750 515
793 912
177 600
508 527
265 149
425 166
70 793
766 222
529 138
829 281
691 440
15 827
393 540
749 129
217 399
734 612
672 903
148 424
650 50
433 581
220 859
195 650
131 51
850 658
102 662
477 884
701 60
464 152
876 150
547 870
327 282
515 516
66 158
568 359
440 70
542 730
902 543
422 470
295 390
678 250
789 647
545 279
888 806
620 243
683 793
414 605
696 762
339 77
773 187
295 421
414 247
92 335
107 655
404 580
172 880
882 677
606 590
168 828
498 793
355 318
578 564
25 45
126 315
110 230
485 700
264 204
753 173
714 206
36 41
379 400
349 896
403 534
746 319
14 366
15 57
582 219
751 13
354 414
724 419
275 770
590 643
342 818
80 444
380 818
153 408
452 802
218 539
366 898
584 240
60 576
79 304
197 830
73 283
363 855
381 610
667 727
757 762
263 263
605 128
829 589
530 875
489 99
144 637
307 470
605 566
765 760
777 395
843 887
84 552
111 109
15 688
542 20
699 752
9 232
158 496
103 800
815 278
557 229
419 544
452 22
607 372
859 193
626 100
579 362
882 771
824 841
751 637
726 851
364 33
361 195
416 360
368 737
235 609
346 849
169 340
765 911
200 810
663 1
657 668
381 890
721 774
893 497
85 149
735 904
702 855
348 66
355 108
129 169
827 525
888 537
867 72
648 66
371 537
489 70
421 884
97 616
892 305
257 286
232 289
620 872
864 798
30 310
139 365
97 554
274 354
642 48
326 135
826 541
792 650
576 316
445 171
265 240
317 611
775 881
364 715
727 67
360 501
691 876
733 769
589 644
319 465
317 734
757 492
471 487
60 298
55 663
640 796
821 284
124 30
875 350
220 220
635 733
566 47
284 595
188 619
763 618
566 622
337 562
40 279
188 152
699 775
129 592
337 159
466 552
608 742
714 37
353 773
238 275
612 342
737 738
377 141
711 841
511 745
183 176
815 23
694 281
656 345
743 23
417 434
563 187
510 675
169 382
778 621
582 207
132 341
464 901
810 482
774 132
913 873
361 553
174 546
52 216
426 509
181 293
320 408
380 797
42 596
316 53
625 173
458 661
201 70
631 900
816 219
602 543
125 97
162 909
135 720
253 883
692 340
256 92
494 604
182 87
317 761
392 150
61 166
718 33
303 7
580 91
212 790
510 856
227 114
202 179
451 554
545 28
248 83
321 725
861 94
267 153
624 806
189 30
12 48
435 896
103 676
675 759
654 47
260 329
184 303
884 516
282 348
51 294
36 541
111 84
651 325
78 234
68 837
118 253
850 521
275 254
442 66
32 139
691 18
831 265
295 583
641 420
834 556
703 488
94 736
133 454
541 631
226 578
834 380
827 418
315 248
248 912
200 371
828 550
839 423
309 416
549 754
89 815
458 519
881 524
540 75
93 752
495 252
648 20
107 879
371 20
910 463
247 25
496 1
357 469
831 66
361 255
307 282
189 837
275 383
523 243
888 888
194 554
29 199
25 564
84 898
770 508
375 559
22 85
78 98
726 506
31 191
55 171
496 609
882 703
273 583
365 782
762 131
43 287
365 749
717 685
559 459
795 506
87 859
580 860
709 272
655 146
340 159
463 308
685 170
282 170
660 332
699 681
394 427
550 320
808 476
63 754
284 400
511 55
311 888
695 367
592 32
372 853
116 906
88 557
400 300
325 341
324 742
777 363
815 81
203 783
396 697
784 203
40 785
72 629
561 891
256 276
164 140
58 169
252 386
560 162
653 538
125 833
539 460
172 27
111 718
877 664
462 364
360 64
413 538
854 349
447 738
201 199
716 248
93 535
68 699
151 657
641 574
385 517
19 20
24 84
798 538
471 820
238 884
199 73
173 834
469 109
520 63
179 589
87 192
788 334
290 440
899 775
441 103
174 408
168 580
811 275
719 423
685 690
310 606
313 569
764 235
27 188
544 835
78 488
627 701
221 560
678 793
733 568
23 886
27 282
880 346
835 628
371 524
474 722
526 391
627 909
680 655
488 39
399 118
275 71
158 855
216 12
844 377
329 565
487 790
57 546
623 444
164 787
474 389
724 411
740 448
375 381
858 302
544 633
909 494
638 904
356 248
312 746
182 658
605 892
780 183
719 511
77 302
77 688
561 870
807 332
423 517
910 682
342 773
564 403
878 27
156 345
805 181
262 914
90 888
388 385
329 280
134 151
553 897
803 785
297 604
876 902
909 499
458 428
717 505
554 18
618 287
342 490
109 856
205 566
844 679
14 799
183 111
582 897
476 725
563 564
779 108
35 567
485 332
287 26
798 373
858 311
517 157
557 250
16 828
590 816
708 760
828 211
184 578
732 844
431 901
734 741
357 358
294 183
398 884
820 387
428 433
453 371
263 885
647 62
716 258
586 262
759 484
506 365
568 849
331 179
854 212
825 77
348 822
286 858
657 274
295 88
742 257
251 559
876 838
271 38
384 216
253 667
850 274
615 400
594 425
369 753
192 60
704 772
745 156
878 257
649 584
197 509
376 888
735 646
743 584
279 821
219 834
766 397
668 582
105 67
352 867
203 545
836 42
716 455
830 747
811 632
174 623
276 626
618 171
901 294
778 469
118 747
302 310
789 666
608 7
509 243
121 354
359 909
776 45
207 674
796 630
887 95
646 813
8 193
473 684
543 39
370 722
19 377
367 321
829 263
677 900
481 376
347 6
620 676
58 463
823 538
244 679
254 615
174 259
52 696
232 127
623 164
63 21
428 28
553 61
674 87
176 714
534 550
767 123
690 40
556 481
33 66
506 719
880 54
891 307
268 845
83 233
271 541
706 742
438 700
81 335
672 365
801 835
386 437
154 371
138 334
785 857
332 306
402 716
729 564
235 260
726 739
227 231
647 66
308 480
238 106
528 524
643 236
151 813
32 586
66 868
43 817
306 710
841 771
453 378
816 459
46 329
574 541
92 50
370 848
808 329
525 235
28 148
308 213
362 221
566 583
254 483
708 70
830 706
612 913
174 90
301 111
9 644
667 478
484 65
621 265
545 414
523 165
380 324
23 914
692 755
613 373
893 227
75 260
340 561
338 793
865 29
455 15
110 250
48 579
530 433
878 713
399 463
114 548
860 128
83 651
102 296
500 69
225 37
29 614
299 410
844 762
796 237
516 630
540 611
841 904
636 679
810 666
509 899
454 427
415 840
854 144
453 761
791 755
210 131
640 506
81 541
529 313
278 516
501 843
867 897
760 65
95 164
247 218
782 83
321 48
666 876
12 392
179 150
5 272
760 376
856 185
823 136
4 902
602 659
309 707
233 69
692 790
300 227
120 278
914 17
616 264
302 272
267 55
577 316
313 100
641 846
77 749
849 690
783 203
186 317
458 841
695 500
594 835
472 488
766 215
508 294
281 905
109 199
200 262
89 231
679 444
441 311
5 415
638 613
24 699
717 118
500 250
848 233
856 914
599 864
763 870
410 629
910 259
703 569
657 570
40 194
222 130
294 346
343 129
412 35
45 378
566 196
395 883
312 115
499 658
89 664
771 683
245 35
334 132
640 784
348 883
368 111
375 854
246 152
893 147
171 372
79 712
631 288
615 22
472 251
614 890
250 602
850 651
772 811
401 302
737 842
163 30
417 196
797 256
421 89
50 164
829 168
116 144
30 182
144 526
915 305
197 657
349 740
538 722
171 21
720 161
47 880
631 250
813 33
438 719
570 180
787 656
151 405
308 732
282 620
905 314
720 694
900 312
653 248
395 248
691 110
556 259
601 73
616 214
583 660
505 525
88 544
155 164
495 520
114 535
81 206
118 309
62 794
878 57
169 662
213 54
619 695
803 67
267 589
705 456
299 391
857 263
699 307
278 636
785 42
903 470
407 184
157 530
261 495
156 68
116 13
148 790
722 173
820 528
619 122
318 707
20 21
535 471
77 85
188 805
696 470
534 413
124 326
577 771
783 694
268 817
306 23
146 232
616 20
359 368
7 112
599
494 446
77 195
392 146
246 186
349 267
270 173
496 279
363 457
319 393
435 89
374 306
555 260
426 599
163 294
564 308
217 453
424 286
514 459
269 78
427 168
534 389
252 161
250 255
510 388
446 474
415 304
91 354
572 228
179 460
468 154
284 319
577 178
174 133
559 153
176 376
256 117
40 434
222 177
101 396
413 479
264 533
585 582
150 404
541 37
552 102
20 78
196 528
436 359
162 399
259 418
45 222
566 115
499 254
130 453
89 403
305 204
366 425
483 557
346 207
36 151
472 33
395 435
513 523
335 500
175 232
591 510
393 26
197 302
277 155
521 231
544 58
110 164
259 119
131 419
78 445
558 155
122 494
177 336
578 485
266 566
59 169
493 199
234 178
386 296
516 443
181 390
45 143
380 439
272 212
592 65
111 171
340 119
528 252
485 175
67 527
158 251
562 499
313 227
299 79
362 205
374 42
127 431
209 1
29 281
590 168
10 241
350 269
39 158
74 564
339 6
178 497
350 109
553 194
7 176
478 371
383 223
152 212
185 590
367 220
140 104
31 292
412 292
179 189
28 393
36 340
518 52
403 386
40 176
142 473
222 552
463 188
337 340
203 453
499 338
565 168
207 92
24 225
417 223
336 329
378 529
287 288
141 61
6 584
396 202
116 187
27 51
522 513
175 26
362 418
449 296
38 470
573 19
410 438
195 582
485 403
430 31
222 397
512 282
39 273
378 391
412 319
505 253
558 538
61 287
501 27
67 25
3 90
520 408
279 361
437 297
475 394
47 420
498 149
35 581
520 199
466 348
520 408
458 388
4 381
190 102
530 219
431 408
234 59
58 128
355 586
501 512
258 31
148 343
441 430
459 299
158 120
428 209
79 590
76 372
465 17
406 346
47 542
74 554
555 247
83 398
521 239
115 541
348 526
43 70
124 27
583 133
596 291
170 515
228 3
508 449
277 493
490 598
367 458
56 325
407 162
520 335
285 320
510 67
584 232
8 426
598 486
19 458
364 194
421 290
392 147
111 540
426 245
152 502
91 392
331 591
389 68
329 294
290 184
393 312
232 487
487 10
518 308
463 576
487 181
430 138
495 353
512 441
544 121
102 141
499 156
353 443
213 160
512 437
260 146
143 121
556 368
517 150
260 585
166 99
100 210
354 143
12 93
452 307
460 342
374 146
407 335
226 243
479 256
296 463
485 9
532 15
215 35
200 231
366 323
152 124
558 325
82 170
385 344
511 169
492 150
126 460
565 164
321 231
91 290
307 103
506 534
56 225
277 536
437 178
593 205
223 291
270 14
30 528
587 123
577 44
217 44
475 323
234 317
582 182
229 216
583 54
484 434
532 431
135 475
287 530
108 475
262 296
358 594
343 35
534 76
290 457
29 313
269 444
231 176
449 415
57 184
53 27
129 357
302 296
351 152
69 557
251 162
184 443
190 56
277 539
507 424
247 294
4 512
547 260
494 586
204 200
321 332
571 284
36 206
127 312
5 346
571 18
2 157
452 481
594 504
93 126
507 430
286 135
72 230
47 546
378 598
70 100
258 217
367 116
328 467
559 304
81 37
492 403
169 40
441 334
51 505
30 448
7 569
352 83
205 18
128 448
107 412
309 590
220 180
511 402
412 230
314 417
24 65
566 164
594 233
491 498
334 71
21 167
450 90
378 121
219 360
353 279
358 307
450 581
398 507
408 120
334 357
585 244
430 90
460 133
87 33
83 351
478 177
555 146
13 336
89 443
256 134
110 469
448 204
435 442
327 172
430 306
59 495
466 346
306 203
531 98
95 379
329 318
524 122
595 320
26 11
52 539
36 457
516 545
246 110
380 158
582 520
320 224
86 475
468 466
559 465
235 348
205 464
129 361
406 414
454 142
259 339
517 370
5 171
85 109
14 433
217 418
1 261
374 413
183 417
405 196
370 515
187 548
281 525
267 176
171 558
203 567
570 503
576 61
383 598
176 419
269 278
286 274
555 260
101 358
167 436
353 19
81 500
580 35
42 282
177 133
332 296
586 1
449 378
440 474
449 71
215 334
469 324
577 73
532 33
302 86
550 223
533 180
110 314
306 581
287 76
153 246
434 3
340 188
320 82
48 145
598 116
117 489
185 176
419 303
414 450
559 140
373 523
324 350
549 187
520 414
539 292
60 227
382 204
70 592
127 255
234 308
253 272
414 587
297 335
563 342
320 562
193 465
197 91
396 93
139 400
453 46
32 47
22 389
249 450
213 131
517 68
551 105
585 105
445 289
402 497
137 5
86 173
209 103
333 453
398 157
327 378
549 526
338 145
92 528
540 522
522 93
316 597
588 129
139 516
200 447
496 523
279 436
549 368
541 45
356 330
123 242
282 513
154 383
289 24
72 404
503 464
449 260
33 351
316 220
437 124
459 86
579 277
516 510
206 566
38 56
493 135
391 163
433 5
554 544
166 182
413 316
353 192
395 95
346 43
41 220
280 419
257 128
160 475
365 424
357 339
70 290
448 126
288 234
56 468
201 411
156 212
448 89
417 572
245 386
104 400
526 246
236 579
559 345
322 195
273 444
303 39
373 132
538 283
151 531
447 427
275 409
237 355
456 213
178 285
513 480
44 132
246 53
169 157
177 143
542 76
441 322
53 515
124 46
502 305
246 468
488 572
8 29
152 139
275 217
7 176
37 126
17 237
519 554
421 525
30 209
453 97
78 205
12 316
240
179 168
110 157
170 134
76 169
211 174
117 97
195 43
171 159
223 150
169 207
157 105
183 208
218 219
4 28
146 227
183 59
80 156
167 211
237 162
166 127
79 69
119 36
45 57
146 116
78 217
4 149
81 198
207 64
13 195
98 69
105 85
88 133
5 83
66 188
207 168
24 12
165 38
124 155
106 162
103 38
77 232
140 227
44 198
140 104
52 90
240 138
68 232
14 174
173 153
141 208
211 83
232 118
198 63
85 224
72 147
44 41
60 14
61 208
230 142
72 133
132 153
40 19
238 170
197 14
226 143
99 40
225 147
60 202
17 23
41 11
156 123
238 111
137 203
229 202
83 170
124 31
46 44
208 41
22 202
105 123
234 28
100 203
87 177
9 12
142 233
30 140
28 133
131 194
5 20
229 212
123 79
21 144
99 162
222 57
116 111
205 46
200 24
199 220
55 153
222 68
174 143
123 12
16 136
182 131
171 156
190 196
66 177
157 218
204 11
172 122
144 95
226 45
36 77
229 121
4 75
232 89
21 39
97 183
93 86
35 25
166 170
209 3
43 24
222 215
143 151
83 51
120 7
169 218
47 228
234 69
174 21
41 166
144 172
174 81
169 198
142 189
36 80
136 117
177 43
216 137
35 211
218 115
39 123
142 146
206 112
16 237
22 118
235 95
218 194
41 74
16 201
50 106
34 107
108 143
106 173
12 120
219 119
5 3
231 196
235 154
217 161
48 63
70 230
202 136
32 76
15 229
202 225
65 59
125 133
41 29
109 207
234 123
200 196
161 195
125 126
141 221
182 127
107 43
99 235
39 140
61 66
145 194
210 114
224 88
200 13
39 136
108 24
13 14
16 17
161 86
170 55
47 42
31 184
177 83
85 129
161 175
199 50
230 235
142 1
5 50
6 86
143 206
86 138
160 217
98 108
18 193
66 105
137 179
211 224
181 182
16 28
86 75
46 112
131 198
113 129
7 7
93 171
78 49
78 169
130 81
82 229
82 12
101 45
109 58
227 157
208 62
213 114
95 27
92 209
238 62
225 31
234 120
219 54
142 184
49 30
140 7
24 13
34 11
145 22
183 143
