8
290
57 213
68 178
14 74
215 1
234 261
237 271
280 259
107 26
193 88
287 163
223 157
79 233
116 47
76 238
42 276
96 83
194 277
40 77
102 99
37 283
286 46
97 22
165 250
33 19
157 108
132 262
126 137
93 48
151 206
56 289
178 225
21 280
91 173
189 230
30 57
278 102
84 282
211 142
25 119
249 149
85 223
162 156
90 66
235 76
198 208
184 37
2 125
183 79
224 220
221 56
188 191
150 110
63 237
65 113
283 67
108 232
128 129
118 242
246 202
67 253
95 44
176 53
258 215
87 13
231 131
259 11
270 195
192 15
86 139
281 111
78 169
141 285
16 18
109 187
238 200
266 222
58 117
164 168
289 122
279 148
23 112
114 167
177 198
124 51
156 6
45 252
153 199
8 128
138 73
228 62
121 140
44 247
62 9
20 58
233 231
242 144
218 24
273 59
110 279
179 50
122 165
207 55
9 224
123 20
225 98
254 115
38 205
106 65
70 226
43 132
180 100
290 219
1 72
171 75
244 240
181 141
174 78
32 32
252 49
135 42
101 95
251 25
5 234
253 92
271 97
276 12
250 217
103 188
149 268
47 179
275 10
167 152
15 243
248 105
74 181
146 203
265 216
197 236
261 86
36 2
229 84
35 183
185 186
148 246
19 43
134 23
55 33
155 29
227 114
145 196
137 197
264 249
274 153
210 267
140 284
50 172
22 68
83 143
54 241
200 175
92 34
154 120
202 107
241 269
245 64
89 260
143 36
260 93
7 61
288 63
213 212
130 14
77 154
196 121
214 90
232 174
216 28
51 228
31 159
80 266
52 275
39 101
17 190
247 204
24 30
269 214
139 94
187 274
263 21
160 288
163 109
147 155
49 278
159 209
100 39
13 151
18 89
88 91
73 290
195 158
3 82
240 52
161 127
69 124
219 164
204 27
28 123
173 87
131 251
98 256
59 5
34 210
282 146
285 287
199 235
170 69
61 126
81 130
205 182
10 136
12 170
152 70
144 81
133 103
169 104
26 35
105 245
136 286
4 201
46 17
104 96
72 85
222 248
115 150
11 8
60 40
94 244
71 38
111 138
182 71
256 272
29 106
48 265
142 41
127 160
112 176
220 3
209 7
175 264
119 133
262 16
255 189
120 80
277 60
203 134
268 255
230 221
206 218
75 177
168 194
208 118
191 263
66 239
272 281
99 166
6 31
284 193
125 161
172 4
117 162
113 257
27 45
217 185
41 171
267 254
226 211
129 54
236 270
64 273
201 192
158 207
257 116
166 135
212 184
186 145
243 147
82 227
190 229
53 258
239 180
973
255 21
697 141
950 823
826 787
226 263
621 958
700 914
830 875
18 144
866 530
16 119
111 329
525 247
949 412
947 780
460 625
152 344
264 900
583 254
557 525
736 822
713 326
905 704
858 669
841 940
460 625
882 50
35 942
113 522
153 56
224 49
188 781
153 757
597 608
461 524
276 725
151 924
868 533
861 289
286 340
509 503
140 834
676 84
124 486
142 351
282 736
353 697
681 83
854 909
525 376
659 762
311 224
242 508
965 547
20 640
928 415
254 336
204 742
54 685
679 73
605 64
299 671
101 53
257 594
706 198
563 171
921 858
526 84
325 494
51 525
632 223
948 890
306 190
526 866
806 381
502 355
929 228
1 339
667 381
181 48
516 226
554 528
772 416
287 650
457 391
402 828
289 241
500 556
619 235
138 668
692 235
52 464
614 788
239 33
77 915
308 464
570 940
852 77
118 539
119 797
449 528
728 918
862 377
665 381
920 795
809 898
853 69
421 178
263 213
457 433
735 288
594 593
967 869
753 109
325 705
318 887
471 509
780 901
168 661
879 23
211 59
765 593
730 328
253 266
582 121
201 919
383 332
956 781
595 474
377 883
601 354
801 383
761 741
394 371
491 401
396 523
855 767
72 515
247 729
617 633
895 447
871 724
877 669
338 703
340 862
360 219
424 857
231 453
835 907
656 196
299 297
435 470
52 628
48 631
40 674
28 755
726 300
102 543
211 892
636 772
234 493
145 110
858 159
874 378
395 617
761 554
71 448
435 701
269 860
428 193
392 934
935 867
26 697
128 553
229 575
692 141
154 308
36 352
880 648
339 802
216 427
194 805
792 581
283 433
789 546
112 929
317 373
685 693
753 29
539 180
294 524
851 636
156 159
686 153
396 628
449 805
511 345
209 289
186 947
472 943
831 148
54 405
687 717
183 446
17 151
702 69
241 180
898 506
456 280
742 630
498 549
157 644
376 823
104 413
181 272
351 166
882 418
262 57
843 698
557 36
356 417
213 835
764 664
469 100
803 681
15 188
350 410
323 171
205 851
385 550
854 533
590 568
684 940
908 651
35 533
554 708
608 137
314 647
544 775
844 908
805 322
193 313
693 196
449 42
90 390
386 421
867 797
806 488
545 784
875 145
577 240
567 572
185 142
570 713
923 166
905 702
703 602
817 134
359 737
272 667
502 555
507 437
279 131
721 839
911 13
235 124
371 580
245 683
867 586
943 619
891 413
72 691
758 798
802 741
305 159
724 970
41 344
943 306
906 853
191 360
258 376
390 720
561 708
431 5
737 613
38 942
359 588
833 652
885 724
942 197
298 382
227 757
544 854
962 297
968 440
564 747
27 662
322 423
358 900
489 511
874 332
725 202
910 957
300 321
719 535
642 186
118 866
235 450
940 310
722 882
614 912
702 798
538 360
600 847
606 35
636 877
813 9
364 673
931 560
936 595
355 16
919 287
779 421
960 145
628 848
741 880
517 841
683 682
391 966
719 28
417 14
341 791
534 223
578 611
916 510
855 302
106 275
425 476
121 680
418 616
719 723
657 800
942 294
283 109
265 101
445 495
40 129
667 298
140 185
886 640
558 653
6 5
7 481
283 95
313 451
72 901
122 402
615 106
734 564
336 610
112 584
925 445
75 600
158 378
491 909
200 259
186 927
674 883
819 383
904 867
878 703
910 35
865 723
559 218
37 49
743 360
872 155
80 353
466 433
602 703
346 762
391 774
486 413
550 965
909 1
201 877
224 189
596 916
15 863
100 19
635 729
867 945
171 866
472 740
110 531
753 488
573 460
360 248
710 500
199 449
967 405
756 301
762 42
741 364
260 334
498 469
616 497
261 638
729 951
571 421
157 717
419 491
407 534
478 33
669 745
382 679
727 601
406 926
620 398
450 705
759 720
181 167
248 17
451 231
367 764
656 650
792 121
735 178
377 914
372 632
521 862
585 582
765 956
768 67
161 197
66 470
830 702
951 712
848 104
790 617
642 872
197 484
411 166
509 519
911 607
632 858
105 561
388 118
165 419
818 746
132 236
842 318
262 253
796 78
220 400
713 761
515 271
460 106
282 700
673 92
398 642
564 369
540 786
674 133
712 596
362 788
462 40
742 55
745 754
282 874
490 165
610 354
290 664
352 545
554 315
724 559
620 520
311 419
128 850
358 805
451 719
368 786
903 856
849 875
204 741
128 692
764 453
324 312
547 895
571 699
88 395
84 228
191 773
242 834
894 766
841 499
663 499
108 972
513 641
776 838
159 953
761 78
816 596
5 362
310 393
573 373
903 474
479 958
264 281
807 358
882 493
105 256
888 127
178 667
702 364
723 425
283 277
717 138
864 785
300 278
458 667
939 829
182 445
449 128
35 647
325 278
284 109
875 597
4 479
447 782
96 844
427 422
87 196
185 951
263 298
689 207
250 724
552 527
776 382
423 103
649 499
206 250
650 925
163 214
496 289
367 568
552 298
293 348
513 651
782 668
626 723
635 940
200 375
280 121
773 737
853 935
33 443
474 798
962 56
334 817
736 831
889 429
154 157
698 259
928 389
470 208
618 422
648 18
664 283
692 760
169 963
476 708
322 943
740 338
939 394
818 615
719 655
550 20
413 33
73 883
923 45
771 745
871 87
362 183
114 72
739 963
472 501
455 174
220 265
566 893
754 164
867 903
70 6
922 76
827 637
28 529
21 223
868 511
429 27
69 227
771 201
525 379
254 406
557 897
238 389
470 834
49 717
171 547
668 735
778 435
209 221
199 94
623 695
366 385
924 137
441 774
105 927
581 57
347 305
566 400
424 192
547 778
338 518
483 58
261 968
72 732
715 651
705 362
278 805
359 413
801 242
270 670
342 128
558 77
666 825
81 632
265 20
913 965
730 539
447 519
297 508
300 650
803 419
641 510
848 659
262 308
36 623
526 711
715 873
138 613
722 251
406 248
224 925
720 245
731 566
946 52
885 48
10 685
344 670
337 575
715 425
556 231
243 270
866 567
168 753
338 106
374 577
329 103
844 278
302 935
94 191
828 407
63 806
16 267
841 41
321 71
606 166
574 273
476 656
630 894
429 70
274 819
545 239
59 30
36 829
410 85
686 630
122 879
655 969
925 574
272 445
328 128
748 179
565 128
887 420
483 467
951 24
252 729
114 224
204 838
110 909
195 577
971 325
639 48
163 499
147 477
908 730
624 187
271 145
465 789
232 674
66 450
437 451
531 221
740 744
848 126
446 665
961 148
425 801
545 429
229 279
258 627
383 523
859 938
398 578
479 407
59 304
79 237
210 343
516 828
209 738
207 760
122 890
911 144
220 901
568 720
552 725
277 508
225 174
804 418
136 382
190 646
888 859
160 331
214 106
120 744
321 279
407 22
451 743
558 492
644 703
509 322
29 171
940 878
555 119
75 942
703 568
56 24
602 610
223 694
352 641
970 967
830 216
932 94
855 192
919 252
49 850
411 239
932 704
455 825
217 103
185 227
807 478
814 632
825 786
800 757
933 527
869 824
280 921
559 545
807 866
887 676
652 626
827 589
767 795
246 581
160 423
330 738
106 142
813 92
633 515
487 310
530 67
654 220
808 477
832 285
461 418
319 261
68 186
227 283
603 847
110 873
226 654
587 686
895 394
475 968
911 804
601 145
91 183
691 600
805 265
661 599
561 448
734 379
735 58
799 519
968 101
142 787
106 806
960 126
214 79
393 948
639 676
89 789
392 743
747 571
68 585
26 497
200 716
759 872
586 288
757 589
6 337
918 191
31 262
700 324
522 518
659 896
595 873
139 573
871 914
311 744
15 322
305 409
29 43
88 292
20 970
917 715
527 39
838 452
101 892
557 782
798 714
723 172
321 49
799 937
27 364
183 128
881 370
289 123
487 328
690 808
514 579
260 870
550 2
378 91
839 515
289 26
249 598
561 329
902 292
184 485
764 950
240 847
840 332
964 877
929 739
614 669
420 482
413 967
706 476
897 780
942 489
827 835
966 388
305 271
348 367
223 420
509 33
423 198
932 88
832 543
709 560
361 167
876 619
815 943
698 571
648 145
392 127
64 158
360 755
468 237
649 787
898 111
519 657
560 82
872 501
595 411
726 55
366 639
135 73
442 660
789 50
340 708
937 676
960 473
705 637
295 641
896 625
473 580
698 258
627 763
727 765
819 573
593 364
513 352
915 30
193 558
473 38
616 630
744 783
795 304
531 661
373 428
454 269
396 24
864 405
711 539
286 130
955 567
44 236
461 230
941 720
268 221
369 898
543 797
546 235
549 409
211 643
557 13
484 13
868 903
906 476
64 602
86 133
741 291
249 716
733 120
357 20
137 346
6 263
17 930
265 906
565 964
554 741
787 821
204 423
568 427
159 76
451 684
437 610
588 70
201 363
193
127 88
115 56
142 131
79 126
42 145
168 188
87 42
173 171
69 165
93 96
170 163
58 115
107 63
33 166
143 172
111 87
54 10
126 7
52 97
103 193
164 154
32 167
1 90
117 164
51 76
145 133
49 79
13 177
3 74
57 109
125 58
96 47
186 138
53 82
20 155
84 119
15 173
190 75
76 43
165 73
66 6
12 132
177 192
108 55
122 152
131 45
40 117
181 123
88 95
7 62
62 94
166 31
73 180
106 108
155 158
72 149
191 16
140 83
80 37
102 81
30 18
167 29
121 125
113 135
139 9
38 69
94 1
41 170
89 121
26 32
147 91
118 100
60 146
105 143
187 129
153 85
77 54
154 44
9 98
99 38
128 27
18 92
59 178
34 46
65 33
136 112
175 12
68 3
43 174
31 160
149 124
176 111
67 68
159 71
97 28
8 34
182 107
29 113
160 93
148 99
19 139
192 176
124 14
81 2
71 190
75 137
47 189
146 51
28 80
162 77
74 101
189 23
184 191
90 35
86 17
82 30
178 78
55 159
4 41
5 65
100 157
11 50
104 8
180 168
92 120
152 103
151 40
116 48
161 25
158 148
188 39
185 127
70 52
134 15
27 116
163 72
138 60
22 89
183 181
179 144
78 36
114 150
23 136
61 118
48 110
46 140
83 130
130 183
169 141
193 86
50 57
35 153
129 84
101 49
85 142
112 128
91 19
63 22
120 186
10 4
44 169
64 104
157 64
56 67
21 162
45 11
95 13
25 66
24 24
119 70
17 20
141 182
174 102
137 179
98 53
135 21
39 26
16 184
110 147
2 187
172 59
6 61
171 106
156 134
37 175
133 185
123 156
14 5
150 161
109 122
144 114
36 105
132 151
182
137 109
133 148
158 10
37 57
149 146
121 28
171 156
27 158
39 149
8 128
126 41
32 29
38 76
75 120
83 142
57 136
165 75
20 181
108 20
175 55
117 95
79 99
87 79
131 65
129 26
40 49
136 77
93 124
140 105
13 24
148 165
30 85
66 73
29 144
7 129
146 96
161 6
172 166
72 130
154 119
65 67
31 122
45 180
179 102
142 89
181 30
164 34
115 113
120 1
85 25
178 157
51 176
90 9
180 167
6 50
3 135
9 182
101 35
160 150
69 171
35 80
97 66
151 17
48 88
77 22
42 111
36 48
128 74
19 97
58 47
96 121
92 92
82 27
152 87
22 162
15 91
61 104
95 164
41 153
107 103
99 72
44 114
105 3
163 169
86 131
84 100
138 32
119 139
74 63
130 159
76 44
159 83
103 106
21 52
112 13
157 163
104 138
4 173
5 31
110 45
145 145
109 68
134 179
125 90
2 178
156 133
80 110
63 126
127 152
49 43
18 154
17 64
62 39
26 170
167 46
143 107
91 86
55 38
71 116
1 58
88 172
64 81
162 101
100 134
106 174
176 19
114 123
73 53
25 141
135 161
111 23
153 4
150 117
173 93
98 18
43 132
16 11
14 177
11 37
89 125
168 7
68 14
10 21
33 115
141 147
52 61
116 108
53 36
56 127
46 5
182 70
166 40
12 60
155 33
147 168
113 82
94 42
122 62
139 56
70 118
81 2
169 16
59 54
28 78
34 8
124 71
78 143
67 12
102 84
60 51
24 160
174 98
50 151
47 69
123 137
132 140
118 112
144 155
54 94
170 175
23 15
177 59
800
619 613
111 231
568 562
182 531
355 756
78 729
268 747
27 661
366 506
304 667
788 132
472 346
312 49
261 639
154 322
714 798
52 638
504 186
223 594
492 775
153 194
177 310
328 592
723 645
532 722
8 397
200 471
49 460
94 239
373 149
540 102
533 525
598 205
484 178
332 579
365 587
258 595
372 739
61 29
109 180
209 790
361 699
536 166
579 538
698 112
745 210
461 145
624 395
637 695
43 563
129 10
616 534
388 691
136 38
184 569
681 776
630 575
147 571
519 753
508 452
323 463
368 189
503 552
498 491
390 207
4 462
617 467
567 169
257 303
301 383
435 67
265 655
256 438
152 663
352 347
761 300
689 757
443 782
163 698
375 435
251 304
344 580
270 428
395 144
730 224
458 715
74 567
565 385
58 519
515 254
237 92
421 760
407 335
354 416
315 556
607 388
77 589
737 266
741 293
235 325
98 238
556 439
490 717
138 88
3 108
249 229
659 432
625 167
150 274
88 339
81 387
383 365
752 734
144 142
131 771
362 137
766 373
378 550
450 130
283 423
32 150
327 234
710 379
482 708
691 393
331 363
610 671
775 156
1 58
69 213
57 705
731 280
685 648
210 469
369 114
254 464
434 394
688 576
487 402
35 789
701 536
661 646
213 615
559 41
185 291
280 323
275 316
542 764
580 500
218 783
755 644
219 800
66 640
206 31
432 82
499 353
121 706
626 72
14 591
522 227
437 794
601 746
720 359
358 480
578 8
215 654
239 765
211 749
767 217
547 628
727 752
708 208
539 168
169 228
71 411
675 703
663 750
151 318
319 241
683 588
676 94
404 692
399 185
464 40
123 763
6 612
104 4
427 649
774 160
489 540
356 55
273 738
783 585
475 440
394 250
403 17
558 762
656 774
277 212
717 436
442 333
438 382
160 543
674 366
115 515
262 396
640 261
650 780
127 526
483 546
19 514
164 33
448 523
772 367
571 195
512 220
537 1
627 718
462 188
529 81
288 51
305 133
411 117
735 476
715 791
796 202
725 59
310 442
396 273
660 684
212 678
172 558
495 360
231 89
759 87
29 527
204 287
548 116
523 702
509 511
117 586
702 490
739 604
664 23
10 503
137 267
313 198
207 530
447 732
38 113
287 357
416 269
371 611
253 726
175 488
33 313
734 731
707 433
302 683
470 577
677 642
16 786
593 686
603 399
773 406
348 626
456 295
597 728
709 24
787 164
353 297
267 755
274 99
393 537
108 622
272 389
194 141
130 283
105 314
697 315
124 305
728 356
17 192
430 727
632 32
551 19
468 609
566 405
581 284
760 700
59 687
525 650
170 206
654 11
50 634
306 262
118 629
646 307
732 20
452 298
713 362
655 573
446 407
473 685
457 470
380 561
146 39
562 447
534 712
673 572
157 341
189 675
777 521
557 533
524 745
142 151
410 170
276 662
44 680
413 242
295 215
799 454
651 716
357 345
53 139
690 364
229 243
370 187
298 256
405 618
638 773
781 564
243 350
198 483
704 62
54 54
666 549
680 259
608 415
631 69
467 348
544 736
639 485
417 465
782 560
486 664
22 632
187 517
587 420
174 596
722 211
95 597
494 282
751 607
622 136
780 621
314 719
618 614
477 79
230 446
350 253
406 458
543 390
103 91
97 602
563 779
296 723
577 651
480 513
41 85
324 6
148 479
765 499
620 15
645 637
391 391
195 42
155 60
349 584
408 419
429 232
15 296
791 53
377 672
514 355
550 545
330 767
227 528
34 378
26 532
40 97
466 583
166 630
107 477
726 547
623 301
341 582
776 320
538 351
605 140
491 236
428 697
179 541
321 437
135 737
530 425
317 319
433 744
217 377
30 48
326 669
367 520
73 665
156 412
439 111
785 487
531 83
193 159
7 505
653 656
792 93
454 107
87 518
202 539
511 679
62 96
445 529
549 321
180 171
668 709
611 251
392 486
649 482
541 235
703 495
387 172
678 696
309 147
742 201
642 294
652 110
604 793
613 551
384 701
240 418
595 260
63 191
343 370
423 90
684 106
546 381
770 422
90 795
621 610
293 290
290 769
594 725
284 64
18 204
339 63
762 27
112 758
120 601
325 340
266 724
289 713
311 34
20 281
614 772
39 714
521 384
228 711
340 504
329 152
338 95
101 74
60 120
282 468
572 286
183 677
171 554
234 122
425 658
360 535
226 292
13 647
591 165
303 565
431 68
497 61
28 193
496 631
694 329
789 473
744 641
460 522
415 78
335 635
72 372
400 374
161 516
381 270
778 103
756 272
342 35
248 498
208 376
585 70
80 682
797 608
485 277
106 444
493 548
24 754
687 118
798 720
259 616
21 625
389 76
793 199
682 80
386 354
750 124
436 126
84 21
178 730
300 109
441 643
628 496
168 733
700 781
743 652
201 472
474 45
134 129
133 119
589 478
285 559
507 338
196 743
307 299
86 689
510 181
790 761
667 230
132 75
37 52
51 121
376 400
162 766
582 173
665 417
141 226
738 25
463 219
476 690
398 524
740 349
221 449
260 799
592 312
757 153
242 179
679 620
502 16
535 22
173 101
414 9
465 148
647 617
560 434
345 770
609 28
199 566
424 157
648 47
449 570
662 741
500 155
214 368
336 502
643 84
747 578
176 86
241 317
119 748
190 257
145 56
606 398
599 413
721 636
779 184
165 218
520 448
746 409
93 197
25 73
629 501
79 681
85 508
102 619
711 100
505 742
753 183
297 542
316 408
244 265
192 177
64 263
758 104
250 457
320 135
518 255
794 606
576 510
453 674
245 264
76 214
281 244
247 668
322 459
122 785
527 414
286 358
669 553
252 710
225 497
222 246
128 306
588 633
564 430
795 375
334 787
11 735
5 352
291 512
573 209
718 330
224 7
269 77
748 493
719 268
99 223
351 289
426 196
552 557
583 670
191 456
374 555
92 544
644 489
159 688
584 125
724 127
561 751
48 401
359 200
263 429
695 65
771 237
488 13
615 627
769 98
800 474
545 494
337 336
70 327
596 66
158 275
89 623
278 332
768 143
110 693
440 660
279 46
31 673
586 343
418 659
672 759
575 694
114 146
479 421
671 403
636 492
641 248
658 326
670 123
91 344
45 158
125 328
167 175
516 455
203 44
409 12
220 605
292 441
382 484
754 337
186 222
602 404
481 278
693 131
729 392
574 115
706 777
526 624
216 590
379 71
82 599
422 302
699 285
264 128
633 5
308 445
36 657
67 600
569 334
517 453
56 369
469 216
233 427
12 603
401 796
736 309
346 174
188 14
763 450
600 225
363 245
705 593
126 271
444 276
419 707
471 386
528 190
513 788
75 342
83 574
784 666
96 784
65 2
232 258
271 30
42 466
459 431
46 311
554 507
712 240
555 279
635 653
23 176
501 37
347 252
364 26
420 380
333 768
47 221
140 3
455 721
612 410
100 361
113 203
246 247
786 161
299 105
764 134
657 451
294 138
506 778
2 426
197 162
116 331
692 57
570 288
716 50
9 233
733 740
590 481
255 443
412 424
402 676
68 154
181 797
385 792
149 249
55 18
749 461
634 568
696 581
205 704
451 163
139 371
553 509
238 43
318 182
478 475
143 324
236 308
397 36
686 598
359
290 8
243 271
265 6
206 267
173 290
276 130
251 291
114 67
204 86
124 295
171 113
40 13
108 271
192 93
300 65
295 181
237 218
230 344
134 275
239 236
230 16
228 297
86 286
47 124
75 306
279 271
175 166
193 26
171 224
234 96
137 270
189 239
280 185
134 185
110 238
122 349
230 212
16 194
94 165
315 345
249 26
309 178
325 217
231 207
96 14
214 181
329 305
140 75
276 238
198 119
258 113
85 154
41 59
343 137
258 120
128 214
29 346
277 246
280 150
78 5
161 224
280 93
249 292
245 184
211 215
214 90
51 55
228 219
301 134
267 317
91 47
82 304
239 162
347 125
69 347
135 309
350 321
155 57
159 239
208 60
38 104
232 128
356 172
337 252
182 304
135 206
247 108
67 124
344 134
253 335
258 256
49 125
263 149
202 233
321 326
244 271
354 40
320 287
234 94
4 264
119 232
13 283
217 151
87 352
57 308
78 7
244 174
229 269
322 117
338 152
115 350
32 107
36 317
322 281
82 128
156 216
148 227
35 128
101 273
124 21
141 64
153 266
100 129
333 289
209 126
120 324
110 67
260 134
64 8
307 291
82 234
294 262
143 67
44 64
281 93
302 286
295 10
69 327
293 300
147 284
155 2
353 223
275 162
99 43
104 65
320 264
341 86
338 155
275 137
340 64
235 336
168 130
345 284
56 176
310 298
136 43
143 27
189 284
79 142
132 315
219 98
35 135
38 117
97 140
95 78
20 337
71 275
213 299
46 69
104 162
24 170
121 18
92 65
125 7
86 205
273 295
17 134
87 62
349 347
225 274
78 72
265 75
125 61
297 67
206 230
180 150
60 352
219 197
75 293
237 68
305 232
111 269
47 203
199 140
203 320
81 289
199 7
312 246
80 334
48 211
130 198
234 89
172 279
198 230
344 336
185 109
46 270
328 357
26 142
147 266
265 1
177 107
345 317
354 120
86 4
143 166
230 117
208 328
262 205
77 109
287 168
348 327
130 231
329 244
201 75
6 339
233 38
250 121
100 67
112 10
334 99
290 141
256 119
163 238
43 2
30 88
53 31
15 84
106 89
5 68
221 111
206 359
78 104
358 84
77 176
95 341
265 105
308 101
77 255
146 164
352 47
38 48
273 32
334 72
79 182
82 4
190 247
209 181
259 263
333 88
234 169
22 263
116 225
311 49
259 25
113 113
178 136
82 326
272 259
217 201
273 298
27 198
310 47
50 127
47 190
51 1
270 85
356 222
79 113
203 132
296 358
336 35
297 328
121 151
172 162
197 284
27 35
280 181
70 245
178 122
313 20
158 183
140 139
200 269
154 257
209 84
183 270
193 38
151 284
14 110
219 200
261 114
224 58
177 285
300 156
346 188
115 214
318 39
180 42
49 56
253 198
309 46
330 20
89 265
199 16
308 169
252 297
189 41
226 261
184 249
331 196
245 125
13 223
75 147
52 86
37 303
4 334
78 22
47 198
100 94
78 78
109 168
336 104
56 132
167 300
243 328
299 239
328 150
321 162
219 188
9 159
31 297
144 87
51 174
305 168
190 274
338 321
107 141
316 324
38 136
44 346
149 261
264 84
76 286
233 58
154 344
108 310
349 101
238 68
814
307 418
234 744
563 136
124 117
118 538
393 41
636 648
141 101
470 91
212 156
572 616
730 467
601 686
192 559
224 142
150 736
518 606
644 670
681 708
563 292
143 182
57 49
291 509
79 281
143 371
342 105
628 749
524 104
711 132
290 656
411 532
190 290
685 654
296 206
242 779
192 243
151 323
482 160
407 344
327 266
229 330
312 454
733 289
395 88
439 264
55 658
577 104
604 211
308 800
9 551
747 323
697 556
111 372
414 49
280 380
639 108
541 780
180 562
769 22
414 221
206 29
518 771
56 117
660 413
358 559
231 399
182 495
622 462
214 376
378 653
304 412
638 215
234 134
64 123
147 24
636 422
498 604
182 661
520 577
208 420
200 466
108 706
110 661
738 552
416 27
169 297
97 13
555 316
403 114
101 731
122 550
327 553
278 734
749 250
412 775
408 190
627 228
528 452
734 145
168 103
773 805
240 680
457 746
379 737
134 555
365 245
777 206
442 68
37 605
661 787
761 454
813 118
225 411
735 572
625 570
264 56
126 283
44 569
709 330
526 372
546 654
197 368
673 178
511 223
254 288
222 220
344 156
88 634
63 436
454 668
33 117
250 795
56 402
517 623
73 670
276 45
696 436
550 394
332 58
57 21
581 281
17 684
620 156
262 779
771 661
694 147
617 542
505 720
118 766
718 630
589 301
498 559
332 609
756 493
295 690
709 564
526 244
125 218
753 585
573 775
125 520
566 499
636 200
507 138
253 757
770 492
156 729
275 745
16 128
226 399
351 720
591 498
577 671
570 160
660 492
716 549
617 751
698 737
577 697
578 340
501 240
209 776
193 679
208 558
234 425
650 63
735 70
699 747
134 666
404 318
599 124
130 187
277 94
115 100
80 350
761 578
533 249
710 762
541 269
2 339
402 305
693 81
290 691
207 91
203 149
225 409
58 624
576 770
717 641
92 305
538 814
565 721
481 13
621 249
230 473
96 171
1 450
531 349
389 220
701 617
795 163
189 730
67 774
114 388
695 73
102 545
641 364
603 559
335 211
150 351
333 357
679 697
793 76
448 675
161 74
180 600
277 152
324 530
565 488
757 546
783 17
13 756
145 567
35 450
264 128
688 349
317 147
89 371
85 697
687 689
529 234
793 64
476 63
391 275
125 238
281 544
357 783
276 26
528 317
358 587
281 589
750 780
648 235
729 689
129 643
337 407
565 405
223 391
657 353
753 242
272 34
334 182
64 97
187 554
17 255
22 598
55 340
323 249
263 324
302 459
774 280
198 203
176 105
341 396
203 764
679 35
753 670
302 279
55 388
81 416
485 512
407 51
169 168
149 113
441 715
208 327
48 159
137 462
746 814
456 734
162 793
768 93
751 360
669 539
577 303
682 520
182 657
424 606
718 551
118 452
173 377
368 21
29 250
278 596
121 86
493 786
794 540
56 216
179 533
123 390
797 208
85 32
512 98
423 275
112 340
506 566
745 736
695 800
585 703
512 373
698 153
247 696
301 601
531 635
294 195
787 486
427 16
769 112
136 531
734 399
163 255
735 533
214 179
620 239
20 249
447 644
348 155
561 624
179 298
178 622
445 28
531 91
240 349
625 147
144 47
61 627
363 512
457 437
625 581
719 589
526 227
26 802
461 707
369 350
596 378
639 728
69 601
725 417
300 321
117 379
611 478
711 80
555 266
219 161
151 760
118 550
706 116
35 346
599 519
635 783
378 703
107 738
785 734
739 73
238 635
130 43
373 15
145 225
451 277
246 164
585 490
119 526
731 652
575 700
200 435
265 392
656 504
412 757
230 30
37 577
601 398
13 361
701 599
689 545
198 375
19 280
306 720
43 190
654 36
161 635
455 283
665 771
236 392
610 203
238 770
765 402
787 425
123 15
783 495
497 393
576 669
604 684
297 191
90 496
423 657
427 547
132 678
129 176
439 640
373 756
429 280
611 60
655 158
42 170
212 450
159 275
7 339
578 208
794 747
295 209
291 200
377 83
811 92
470 664
454 331
273 256
377 212
542 414
71 490
730 703
811 108
231 669
337 574
789 111
56 236
731 68
647 112
42 54
728 499
228 33
198 334
245 765
741 662
142 26
178 761
720 145
120 20
754 30
553 125
124 365
450 796
569 670
247 799
189 470
646 181
597 232
122 804
474 653
401 686
597 139
693 389
276 20
500 567
550 235
611 486
536 277
401 694
685 409
638 237
173 408
398 508
665 495
324 473
81 418
174 111
179 482
761 459
108 766
205 310
146 122
371 316
475 217
497 732
511 109
752 633
286 209
411 462
669 403
641 652
108 454
230 733
146 642
530 710
631 789
451 311
80 660
709 550
179 199
165 149
767 304
343 134
90 391
419 133
287 312
308 602
432 119
430 769
348 442
459 437
412 764
416 45
405 121
487 52
214 500
4 637
794 751
604 218
12 472
586 16
116 220
293 811
442 351
38 764
51 120
60 813
382 812
666 719
127 651
543 301
689 604
778 240
788 658
125 667
11 218
487 771
780 532
58 86
602 559
539 760
51 487
32 590
255 262
135 193
714 560
75 422
101 600
276 30
15 755
187 750
333 281
356 88
525 118
308 339
90 530
678 306
792 255
421 745
203 140
495 46
586 443
424 45
404 583
215 783
499 219
711 282
515 557
207 707
75 668
174 307
589 97
337 460
14 147
393 69
810 649
127 300
122 713
63 338
215 730
756 399
520 32
723 320
188 436
27 729
269 218
15 499
182 535
636 128
276 193
385 560
472 768
120 225
748 336
717 63
40 249
444 380
462 128
118 569
189 58
779 709
15 481
592 108
483 726
319 563
644 323
188 537
278 708
510 251
650 790
6 784
230 110
749 556
211 642
6 400
620 21
651 462
669 623
356 545
749 733
209 686
460 698
683 564
357 626
107 23
362 356
343 683
171 382
70 522
586 127
707 812
216 768
563 121
7 481
67 389
773 287
109 250
798 674
452 89
247 666
276 201
370 29
94 814
659 700
195 584
609 170
234 714
660 241
7 101
101 641
756 750
188 624
412 405
254 682
257 635
479 168
404 209
706 262
333 449
690 670
807 575
352 798
720 371
572 648
258 600
485 119
716 773
466 518
245 496
439 637
171 777
126 549
79 455
236 488
605 776
509 781
125 323
687 352
27 559
744 790
304 329
193 266
264 96
577 344
477 77
274 337
384 563
312 138
61 400
73 49
679 89
304 618
213 518
667 813
460 754
428 498
562 565
44 23
450 38
423 294
352 622
674 670
105 112
689 370
468 734
284 772
659 705
313 548
596 754
778 359
11 491
327 748
51 427
681 9
721 237
313 524
728 273
519 71
317 70
564 596
347 286
575 750
184 212
207 507
465 556
703 252
227 757
704 167
394 750
366 676
164 315
612 808
566 286
201 261
278 547
46 430
218 687
11 663
378 638
640 17
638 804
646 44
312 357
97 589
432 292
394 630
652 807
801 518
631 504
151 447
663 605
640 785
329 224
161 536
430 361
434 289
733 710
7 684
653 379
371 139
595 455
278 778
213 692
483 507
683 402
520 44
566 645
670 529
361 98
557 453
678 251
475 268
211 80
660 208
544 554
499 535
517 204
730 333
103 524
508 643
740 695
656 537
89 490
448 156
687 385
46 750
434 384
151 222
379 422
366 427
446 696
230 547
774 462
813 805
495 749
412 274
745
207 298
308 79
15 263
110 607
131 668
499 678
465 321
12 624
273 404
326 684
221 293
614 392
708 565
426 484
444 359
685 347
243 185
466 532
463 411
717 677
399 495
742 282
9 273
187 183
599 11
602 122
687 233
82 645
73 655
246 28
150 661
665 29
614 405
102 219
311 302
334 116
427 274
437 642
661 263
424 470
344 581
326 733
533 235
125 258
401 614
397 290
108 443
20 208
196 287
27 488
212 28
18 419
64 267
79 13
185 112
666 496
651 573
286 580
561 710
198 151
359 653
208 90
665 298
357 305
172 738
181 191
345 560
40 39
448 32
615 624
302 370
534 720
516 419
80 319
702 629
291 294
321 660
682 18
314 235
316 125
665 660
105 676
46 212
540 718
98 606
358 562
279 619
29 410
592 422
656 222
531 156
454 699
403 457
688 385
656 551
469 471
38 744
687 99
410 215
297 550
393 15
735 240
34 80
18 488
18 170
654 238
6 460
94 70
3 47
100 426
114 625
35 164
390 660
217 464
410 224
495 298
440 686
692 598
627 326
724 39
478 556
727 523
47 471
328 269
599 637
573 223
606 279
328 39
538 564
686 641
525 54
662 416
346 507
706 682
562 563
218 194
336 339
315 588
12 111
13 263
73 64
623 522
597 209
41 231
448 429
524 735
308 462
347 422
475 584
450 547
466 335
285 521
473 251
228 649
368 322
405 338
331 389
706 615
672 369
322 688
697 612
685 563
368 309
670 187
213 80
721 596
518 606
56 727
275 121
326 217
44 329
409 173
431 522
470 34
335 542
386 414
193 144
333 195
572 679
150 6
665 357
517 158
103 156
508 628
397 55
66 180
533 17
457 416
527 454
502 573
578 336
560 242
32 531
640 566
693 279
506 615
302 257
309 397
401 745
82 220
268 360
154 548
516 9
269 572
601 356
274 244
121 147
325 104
665 389
741 192
722 165
271 685
305 574
731 312
394 490
83 392
132 605
600 742
693 236
285 352
721 193
218 69
89 569
587 316
367 38
448 328
162 705
358 79
274 547
692 561
432 741
739 108
56 281
452 172
54 516
736 135
647 164
666 434
293 362
592 332
36 216
325 337
435 268
123 483
694 184
644 673
184 688
327 742
236 688
207 564
694 575
683 232
266 596
430 209
242 677
652 292
18 542
384 420
211 83
37 629
387 198
376 3
308 724
487 663
634 743
194 460
157 45
616 198
626 734
68 329
294 631
738 268
102 550
708 365
685 172
532 72
270 616
556 650
202 109
366 198
306 419
252 158
728 410
510 711
312 68
274 2
372 418
557 104
669 156
127 268
726 130
490 71
476 206
684 422
454 563
477 377
282 670
641 144
663 87
603 562
147 171
449 445
235 463
534 394
196 105
497 5
616 177
71 177
160 36
203 666
255 594
538 249
1 400
185 639
442 167
273 113
2 397
697 257
640 573
721 368
84 723
142 616
408 292
339 695
84 312
673 582
472 705
553 275
594 452
466 680
432 127
199 703
680 461
118 239
618 111
657 413
81 676
623 242
390 265
433 510
357 532
373 79
650 497
140 159
722 473
240 368
428 369
264 490
696 290
176 722
163 583
389 420
673 566
28 299
514 478
451 266
738 68
197 222
337 20
663 317
159 119
342 564
32 250
700 449
500 672
673 90
142 121
176 210
32 454
253 552
439 680
524 136
274 532
556 395
201 541
152 633
290 533
454 404
520 403
696 423
357 456
315 196
341 625
107 219
568 156
660 55
670 101
432 539
551 420
330 59
311 441
118 229
472 574
644 650
710 648
48 733
233 478
371 234
140 499
576 83
293 705
221 254
244 148
411 93
357 259
481 372
695 671
71 367
188 550
438 145
612 51
635 78
477 215
362 133
489 532
134 497
279 520
147 356
306 63
266 102
13 207
728 110
435 743
629 259
6 622
317 585
677 582
612 135
201 573
480 588
1 411
548 129
124 137
222 277
446 255
490 514
319 429
7 300
523 12
378 537
471 155
224 314
745 337
77 553
621 613
408 130
724 464
324 103
116 161
268 84
692 264
193 126
516 296
474 713
232 77
490 607
610 428
407 660
136 122
493 156
399 122
508 487
108 77
591 445
78 116
621 131
117 724
50 418
592 695
589 399
631 578
682 742
202 715
679 277
373 270
389 584
205 425
94 679
630 58
179 426
128 718
311 124
130 399
96 345
483 53
225 675
148 29
414 356
398 693
137 399
380 106
380 666
668 281
526 107
335 189
431 361
199 568
443 602
524 157
408 306
186 382
447 315
543 307
2 712
391 734
186 251
726 98
433 475
245 129
616 174
439 103
715 346
609 152
250 635
707 351
560 386
38 535
240 455
460 334
678 31
454 229
612 187
292 661
611 517
341 421
31 719
121 610
257 691
31 151
380 126
404 374
363 424
245 152
680 8
444 489
30 11
593 478
695 89
731 711
188 261
511 406
482 248
407 517
139 139
153 46
305 28
227 152
226 352
426 545
689 126
630 532
60 657
191 139
253 206
742 158
528 430
304 16
34 397
295 655
582 168
203 692
713 638
454 290
660 201
455 140
7 158
266 605
277 422
365 566
503 175
524 664
739 131
244 450
96 731
441 480
398 214
392 428
381 341
324 627
656 352
96 321
598 274
66 659
672 530
206 635
411 385
159 708
273 145
493 634
520 423
361 305
242 637
312 228
443 323
157 729
313 269
62 312
745 442
200 189
464 636
477 107
638 625
426 53
77 554
137 544
240 425
569 507
415 532
692 474
132 411
342 687
143 124
95 511
396 705
135 598
79 709
383 49
122 47
145 437
560 548
598 385
588 46
172 238
646 562
5 408
315 611
618 465
609 495
431 40
515 503
595 18
136 180
740 135
666 84
546 538
248 623
309 409
270 256
709 339
395 504
324 543
331 131
605 596
705 109
225 248
314 534
146 496
642 236
263 163
393 229
82 117
350 508
316 145
250 517
393 550
519 329
124 357
352 63
394 636
416 394
215 128
645 396
295 496
147 407
204 344
65 303
240 171
217 253
535 244
456 390
31 609
535 290
506 401
514 180
503 673
66 572
253 6
28 409
424 302
740 114
547 541
469 229
603 494
543 114
436 370
631 639
165 315
373 372
94 249
347 53
595 36
607 345
665 208
561 631
225 586
524 161
626 609
242 64
155 705
547 110
101 617
737 647
181 136
265 179
134 625
313 72
473 688
469 599
607 373
478 362
683 25
583 724
454 23
67 607
676 320
688 75
200 24
652 505
9 483
17 495
619 297
389 10
240 292
285 326
570 544
149 75
237 590
507 562
124 317
486 239
148 420
462 32
501 514
454 604
478 740
90 279
363 70
629 34
619 630
125 240
441 470
348 268
3 95
530 93
656 337
