10
703
531 604
41 122
698 91
156 698
575 138
122 38
242 478
449 332
170 511
592 292
115 538
219 444
79 51
404 544
206 113
15 36
614 466
99 318
207 268
507 13
203 223
241 100
52 389
129 252
696 305
253 539
395 117
455 369
312 50
156 539
477 401
270 617
199 27
505 510
211 452
423 650
473 351
547 575
266 551
530 516
362 584
133 687
321 360
659 37
9 417
281 12
333 461
486 472
524 455
600 36
563 699
22 65
607 674
506 160
130 62
11 314
654 212
447 332
142 333
480 236
108 256
424 494
654 453
39 520
602 470
392 383
73 663
516 221
653 228
61 80
246 665
311 309
381 671
537 15
536 605
620 270
657 520
637 304
549 194
415 577
38 668
660 181
353 351
63 465
690 321
333 285
675 154
630 263
602 341
535 135
243 337
650 48
226 334
310 292
107 281
480 339
285 327
32 514
50 527
606 120
129 245
100 397
63 7
674 631
41 353
161 431
456 177
419 412
456 461
618 458
471 33
503 681
74 644
173 558
472 606
550 114
244 652
264 416
531 495
649 231
544 701
593 257
582 493
459 623
22 502
115 206
545 86
26 693
477 648
1 542
286 328
593 519
698 45
108 89
221 300
316 20
9 651
604 159
627 204
171 529
507 272
485 491
551 304
352 636
578 22
460 557
553 180
20 408
677 102
458 190
79 476
168 496
153 370
246 227
666 358
96 326
642 51
324 490
561 572
297 98
54 626
208 621
460 551
503 374
594 692
471 344
492 275
109 53
391 473
22 134
510 560
175 160
446 105
10 535
277 217
218 459
11 449
562 575
565 622
692 114
72 142
206 349
192 303
64 4
345 354
351 132
690 619
592 343
322 215
536 447
480 562
615 577
649 242
317 557
169 417
473 367
367 315
159 426
566 167
686 446
341 193
399 663
464 271
554 367
367 62
76 211
578 186
438 137
639 314
199 271
305 317
426 681
130 363
651 209
136 477
237 50
202 658
478 348
583 497
50 209
555 701
198 68
543 641
296 129
142 15
129 699
356 630
345 131
380 506
583 680
227 119
490 637
25 288
48 114
515 181
28 253
561 374
51 505
24 49
123 334
131 670
188 42
167 26
82 376
659 7
78 576
480 661
536 60
61 224
416 106
208 154
282 157
279 531
17 30
139 441
648 34
533 691
236 9
127 675
166 512
522 416
659 159
168 240
668 17
199 657
618 50
321 575
382 558
424 442
589 186
148 39
303 161
427 438
274 260
593 446
585 675
263 512
139 646
261 209
511 152
567 235
659 293
550 161
669 111
612 163
362 419
43 374
18 626
690 101
540 455
248 478
427 528
80 442
200 90
228 450
372 49
5 296
220 469
636 81
531 491
601 7
611 247
271 366
373 183
107 455
430 110
314 683
225 664
23 693
480 234
105 622
126 5
635 282
519 264
602 304
321 294
602 329
140 397
440 417
6 585
490 266
113 35
85 639
395 91
479 609
632 667
221 132
133 103
274 287
600 226
265 440
615 605
429 223
663 615
182 646
58 176
180 388
222 294
481 285
488 29
545 673
73 238
216 576
316 349
361 174
454 328
104 454
197 36
405 114
695 380
566 363
362 480
555 491
477 448
67 130
338 701
173 196
259 260
696 537
82 660
264 679
638 329
666 87
432 275
668 312
69 252
32 474
277 607
132 124
544 161
63 326
669 603
569 552
295 10
325 34
84 85
245 543
64 636
121 531
582 446
582 598
592 323
73 368
504 403
124 487
128 265
632 293
436 633
293 25
7 338
297 664
546 549
525 634
386 629
98 668
38 396
91 419
126 375
502 445
335 271
156 300
616 45
168 6
161 107
248 426
421 370
580 60
320 267
514 178
447 126
80 94
461 133
662 168
99 352
397 672
50 40
686 28
620 342
645 617
330 573
253 256
154 180
503 562
589 23
345 211
159 373
492 197
209 575
377 175
29 69
673 564
627 554
515 90
4 406
491 627
236 386
170 643
111 365
568 565
165 389
359 85
199 517
53 72
41 382
611 383
394 615
201 246
450 413
352 127
457 248
54 203
20 11
392 536
628 179
191 230
16 134
514 94
418 425
703 388
116 517
636 490
533 382
602 362
256 409
438 578
276 426
610 56
343 275
105 95
451 112
244 383
468 52
411 490
166 12
333 496
116 130
391 247
699 200
601 638
396 684
276 599
73 418
211 89
602 602
273 263
648 403
223 572
699 147
84 549
336 554
298 412
363 380
327 261
57 281
172 509
137 466
139 251
676 327
127 425
598 503
468 451
556 80
218 164
580 670
64 495
143 508
459 594
187 116
428 134
473 604
519 23
414 486
116 519
164 58
313 137
652 118
455 254
467 676
306 56
222 475
90 619
326 650
31 650
103 522
85 678
269 68
550 329
435 558
298 104
75 40
217 413
310 7
675 702
164 348
701 204
156 114
275 205
553 405
10 693
427 334
614 258
548 691
262 241
88 663
372 610
434 361
557 70
153 153
361 240
404 203
546 9
217 330
448 303
321 521
242 605
537 638
232 283
77 528
615 691
243 150
680 395
355 602
20 349
190 330
62 55
89 278
332 583
467 9
174 32
703 545
367 126
97 689
648 559
433 77
139 132
435 524
516 647
524 555
511 189
327 224
604 575
500 35
692 116
430 8
80 343
192 399
516 605
678 322
334 634
283 632
51 96
473 661
271 308
702 391
242 116
95 305
9 107
640 355
211 502
68 342
435 600
112 691
419 28
522 31
290 179
683 164
351 483
164 584
289 174
554 596
53 572
282 551
362 185
312 20
188 703
687 278
605 669
422 681
680 201
12 119
612 447
455 432
526 54
51 238
582 521
629 183
386 150
138 70
662 206
439 21
466 302
691 500
676 297
583 19
664 145
64 146
66 648
203 283
328 632
138 605
178 537
46 592
628 62
100 69
549 619
700 94
373 274
517 606
616 597
66 596
297 50
1 116
242 132
511 26
695 451
501 100
253 287
134 633
70 247
290 484
255 554
242 605
503 600
295 407
98 516
480 451
315 463
3 494
1 541
345 251
484 126
367 11
281 163
581 161
164 520
267 516
157 131
632 214
413 650
689 311
315 244
499 409
450 73
117 557
380 140
412 661
599 338
139 309
551 639
697 186
284 532
657 36
335 560
302 16
382 73
317 304
179 486
392 4
127 699
140 158
476 283
257 652
121 393
483
171 130
253 297
431 240
287 90
99 465
348 158
23 319
322 198
159 424
385 418
342 290
103 254
391 72
57 286
237 128
445 192
195 102
462 91
122 307
345 43
127 87
86 317
10 368
6 289
290 290
132 282
187 43
387 206
260 25
275 207
59 328
397 318
212 452
386 314
307 245
367 5
403 481
224 124
308 202
375 180
165 173
398 74
41 36
475 473
171 187
253 127
162 60
6 318
384 322
47 247
4 118
307 98
398 471
252 85
399 178
19 322
87 27
316 307
398 119
208 209
206 216
70 21
128 422
337 44
397 411
182 401
273 141
121 294
384 176
454 451
83 351
396 435
326 402
452 51
94 364
225 244
68 135
115 102
414 352
140 181
393 406
214 142
390 115
300 231
189 122
206 281
72 437
430 334
311 126
325 410
405 447
180 212
74 74
180 307
329 268
118 312
192 78
285 135
217 198
74 23
408 434
285 30
401 120
103 17
166 271
27 344
60 130
2 89
282 162
423 325
177 482
138 183
17 389
169 399
193 88
386 217
420 226
25 318
470 319
215 112
227 202
384 139
217 114
398 458
76 17
72 333
456 244
336 452
154 154
330 19
25 202
283 406
379 135
405 58
449 40
148 202
103 212
24 227
421 62
463 9
54 95
339 17
263 72
35 342
30 108
174 423
82 126
149 145
73 165
249 26
125 241
209 386
155 157
320 142
448 204
407 151
180 125
266 251
174 160
53 426
311 382
343 222
204 284
473 260
464 125
189 319
201 150
21 228
453 152
164 286
58 455
460 401
116 292
175 127
371 84
156 97
434 290
261 27
199 423
237 380
425 155
284 479
461 476
279 126
322 351
154 453
18 393
339 304
89 265
350 447
211 108
245 408
325 410
428 75
357 316
204 131
171 83
248 401
87 190
247 357
475 399
15 337
470 126
297 218
178 250
392 472
340 384
126 121
250 162
389 63
275 443
302 227
267 209
346 153
456 288
73 203
44 358
278 377
399 312
422 231
471 14
422 120
67 142
257 312
47 175
214 466
205 195
408 214
357 326
172 465
180 381
107 277
143 191
254 239
176 76
357 164
133 3
315 224
238 315
372 80
84 197
227 375
459 335
144 305
83 32
247 116
209 441
329 474
400 414
322 333
56 189
158 155
236 483
259 245
259 446
453 305
424 475
30 216
374 369
444 318
156 3
79 393
122 76
138 254
258 419
171 476
44 75
415 309
320 481
159 65
336 482
287 266
306 262
383 312
225 311
7 86
477 349
442 269
331 9
474 86
170 140
25 301
153 345
91 8
109 22
198 357
424 297
120 476
109 182
149 101
41 57
106 312
322 343
303 153
323 436
401 455
49 317
234 181
75 334
139 168
420 244
116 6
401 443
391 171
483 91
293 132
375 141
281 241
429 369
354 93
437 53
373 51
176 259
213 405
466 109
214 308
372 361
438 478
348 316
394 393
53 478
347 54
472 65
330 469
113 450
91 460
111 107
115 95
261 19
430 323
237 367
314 8
471 16
393 416
278 195
242 280
143 319
434 386
26 344
85 292
118 130
412 217
390 130
327 344
59 29
155 201
135 260
27 98
7 77
210 247
61 367
306 368
34 246
118 472
469 309
433 426
45 174
366 360
317 319
431 288
225 407
38 379
143 472
72 349
390 274
123 107
151 361
148 17
424 214
465 50
435 121
232 268
225 387
290 376
446 481
57 153
248 436
223 17
72 428
60 32
170 466
335 39
429 433
371 161
410 159
14 347
141 457
422 48
394 87
138 273
146 373
432 187
328 61
327 149
393 382
295 232
238 378
237 364
38 396
346 400
258 86
303 483
272 327
102 456
416 43
125 309
148 431
192 137
238 126
163 142
468 119
438 18
343 438
229 288
112 380
258 241
304 204
291 412
294 248
388 192
30 141
139 9
42 305
275 6
379 396
418 402
392 217
287 94
277 321
374 66
252 251
372 445
479 235
203 51
188 401
357 300
442 454
32 335
260 343
258 19
459 304
442 411
341 335
340 92
240 272
237 55
337 440
264 448
18 143
329 344
413 261
178 327
448 19
444 13
381 220
301 173
351 415
45 1
387 238
436 224
278 456
215 130
88 353
5 162
337 277
338 401
40 215
120 272
5 310
353 382
39 343
86 357
64 457
2 138
363 262
207 12
164 282
273 238
383 264
152 460
387 103
444 121
278 321
529
490 361
175 419
116 23
394 13
273 472
406 238
115 165
234 151
167 26
360 519
488 345
388 316
310 124
483 221
399 196
67 131
386 501
298 528
369 460
316 278
56 318
181 31
13 244
8 145
157 207
372 49
158 373
225 317
216 432
53 383
46 285
493 500
325 82
174 276
147 71
471 257
239 194
494 54
145 331
377 347
502 64
413 113
321 226
92 477
235 473
435 319
522 50
71 89
356 287
457 42
274 155
371 294
153 293
486 245
480 433
95 178
314 88
358 321
410 112
361 302
290 447
84 400
68 421
349 69
137 440
196 384
370 86
165 246
219 90
170 299
43 526
320 197
155 283
250 57
169 143
443 37
447 177
526 192
220 183
301 1
366 247
199 401
434 110
337 410
184 44
182 265
217 22
42 489
212 175
287 141
21 55
65 28
384 79
454 240
151 351
275 24
281 235
143 303
436 76
453 509
164 506
277 485
525 443
127 47
294 296
160 200
496 404
261 450
382 328
338 60
450 148
465 252
330 199
350 363
83 493
105 105
223 529
296 479
108 38
57 288
317 315
209 437
186 170
237 62
322 97
299 423
481 91
400 357
150 305
507 435
86 181
7 310
171 311
47 209
373 195
499 51
283 480
503 128
515 116
110 174
440 6
148 469
244 503
4 448
14 87
79 408
284 273
29 56
1 402
240 430
401 172
89 494
420 249
245 16
478 262
36 323
248 3
311 163
463 268
278 339
166 415
52 271
33 277
99 4
383 349
517 459
133 171
470 149
205 375
197 94
393 468
479 142
491 461
227 379
342 327
109 309
305 202
414 350
117 381
188 147
353 282
259 74
96 100
422 458
268 32
351 166
232 372
468 348
100 388
156 412
363 504
241 286
172 140
41 129
482 126
82 84
101 281
149 367
62 462
280 267
376 117
416 403
24 395
193 225
304 123
421 119
112 399
134 397
473 220
489 418
221 513
340 314
63 2
32 52
252 189
22 153
228 498
263 436
64 20
395 413
154 154
378 114
288 343
352 224
258 9
520 471
249 5
260 264
327 138
122 444
118 222
104 370
257 81
203 386
128 231
380 467
25 275
266 36
396 206
152 250
189 17
438 445
66 157
467 95
293 417
418 337
106 137
58 215
9 308
397 368
162 162
521 420
448 455
509 72
449 237
15 465
247 329
508 152
76 132
2 439
469 454
194 428
272 491
319 218
231 297
87 387
528 269
254 422
365 260
5 405
345 39
411 130
484 25
178 108
135 77
348 180
206 424
54 234
251 203
159 193
125 490
347 164
242 65
425 520
306 53
16 446
402 70
126 111
136 41
98 466
243 211
461 483
300 289
72 487
113 304
30 232
256 338
255 243
432 212
222 427
40 223
34 107
407 34
229 391
185 496
519 85
51 168
207 456
161 230
437 505
433 486
60 184
405 390
210 441
215 499
343 476
527 511
190 306
120 364
500 201
423 495
362 290
374 83
103 457
270 394
485 45
475 416
144 396
262 434
141 182
177 118
295 522
524 313
142 255
458 292
336 187
204 46
94 521
191 92
138 291
119 256
464 10
286 344
59 525
173 474
73 507
198 517
442 356
459 122
18 320
427 393
129 475
121 295
505 12
90 527
230 190
498 284
323 482
213 346
315 258
279 336
27 380
226 99
426 186
412 502
77 188
346 30
6 133
303 406
195 161
398 167
17 358
326 121
289 355
20 352
429 259
246 298
282 376
341 470
271 63
131 510
31 59
409 58
518 33
428 371
492 115
431 80
69 514
55 7
313 266
408 360
78 40
211 326
292 334
11 102
202 75
179 179
233 227
424 515
451 159
364 109
238 158
445 340
487 451
476 239
344 484
23 389
312 481
512 127
61 453
93 464
146 106
339 104
328 61
392 322
37 98
497 382
335 279
452 365
35 332
318 492
302 217
439 43
214 103
264 219
367 210
218 67
381 523
390 253
201 101
267 229
192 312
200 497
183 216
291 353
44 73
38 272
140 139
130 414
333 29
472 512
354 409
456 15
180 359
419 27
415 78
501 233
334 68
97 96
403 146
387 325
495 198
331 274
329 378
48 236
208 251
307 93
462 392
309 377
124 173
168 204
75 342
132 307
430 478
511 19
265 11
477 185
102 134
49 354
359 374
91 261
12 120
441 442
379 463
385 438
139 362
107 213
80 248
253 341
389 524
444 516
529 208
224 280
466 407
504 48
375 398
506 429
510 156
88 452
514 191
324 169
123 8
81 135
111 333
297 425
391 369
236 144
513 254
285 176
50 324
74 263
404 508
332 18
176 335
460 228
368 270
114 241
26 136
10 518
357 214
269 160
3 426
28 21
85 242
455 35
523 301
187 150
308 431
163 300
446 14
70 366
276 330
516 125
45 488
19 385
417 66
355 411
39 449
474 205
102
35 41
20 62
41 73
41 6
9 94
55 67
61 18
45 70
20 13
98 70
69 42
16 14
2 90
54 85
94 93
28 101
3 8
34 54
72 95
9 55
71 59
34 70
75 20
80 28
31 54
43 25
24 8
65 9
90 35
51 28
71 50
31 16
11 80
42 13
63 18
91 82
92 68
14 93
3 42
31 66
87 13
59 51
25 25
32 62
33 77
97 81
49 46
26 83
5 32
88 8
34 22
13 20
54 24
91 1
84 57
28 76
11 12
43 77
65 78
47 74
46 28
5 101
13 41
84 66
74 9
91 26
65 64
60 89
8 45
26 75
36 42
27 33
46 98
62 23
63 75
86 55
70 28
61 16
7 83
87 88
52 68
24 96
97 31
75 38
54 61
9 92
91 12
7 30
49 75
66 86
92 52
55 90
39 85
51 28
36 31
3 58
19 45
12 69
64 46
66 78
53 101
68 85
786
161 104
79 621
704 6
433 480
475 243
487 280
402 199
730 767
276 376
660 753
111 564
25 635
774 598
783 8
630 76
50 622
439 322
608 734
278 587
211 432
749 74
168 180
117 747
142 113
732 456
621 19
295 30
293 238
533 590
281 568
587 209
201 721
51 150
562 58
367 362
34 117
314 361
712 577
304 412
200 147
106 399
179 224
647 230
153 447
237 786
656 639
764 519
451 723
421 336
184 655
752 464
482 728
779 544
301 443
641 473
517 10
205 593
163 276
563 285
518 229
253 286
97 423
88 383
45 239
603 442
612 247
419 673
274 759
313 582
701 491
53 499
327 727
254 626
412 352
217 446
169 316
206 144
593 462
337 142
154 94
607 550
565 182
444 170
182 554
428 686
609 782
588 656
489 752
449 377
39 84
727 584
197 299
543 566
224 669
191 72
114 7
723 396
48 277
464 97
525 750
591 555
506 335
645 468
207 765
346 153
572 109
598 135
702 330
399 610
311 649
371 131
358 602
321 334
21 210
457 769
233 413
542 688
235 401
625 770
617 559
8 694
216 698
773 246
353 387
208 595
98 158
49 59
446 657
370 691
15 159
463 314
193 245
786 679
667 323
339 740
600 470
86 578
42 469
485 394
662 200
385 585
347 169
441 154
694 47
484 271
319 660
257 755
686 125
703 757
459 289
55 68
594 589
589 51
700 187
297 532
355 358
204 124
530 115
708 670
559 382
174 424
308 41
639 573
178 123
683 414
270 242
248 61
3 86
158 666
230 616
146 523
341 707
80 671
234 454
570 453
554 221
466 52
365 606
688 63
175 126
495 645
679 166
238 545
348 400
637 741
81 152
148 5
481 12
26 684
287 134
220 775
392 375
585 215
438 768
521 327
677 650
707 232
316 436
606 236
618 601
137 120
306 426
32 467
450 512
141 496
192 647
488 481
123 493
241 540
218 689
374 162
357 194
54 487
590 490
781 495
344 195
72 391
13 305
528 609
91 344
651 706
550 739
194 548
130 714
653 357
771 397
318 661
499 780
37 405
77 103
611 709
66 54
219 719
93 73
671 188
324 620
140 98
310 563
514 574
729 43
534 749
666 193
397 569
6 724
536 287
552 392
144 638
90 381
413 57
369 341
670 502
682 67
323 249
531 460
110 513
69 599
775 565
445 683
181 479
426 181
242 546
202 185
247 325
539 365
264 184
273 406
548 425
519 654
511 703
715 366
527 331
532 320
458 526
522 583
203 216
7 317
602 62
340 558
95 231
549 29
782 291
472 431
332 674
442 461
14 128
714 572
195 211
469 262
693 15
312 252
467 223
493 259
551 227
726 514
496 370
743 353
364 444
725 448
126 148
132 66
288 384
289 629
652 579
486 138
267 116
695 625
215 664
99 420
376 284
546 70
578 214
375 693
748 608
58 652
640 611
717 87
427 777
523 114
226 736
328 632
777 258
279 596
654 251
415 300
754 190
443 731
483 762
245 85
309 351
246 774
632 522
292 524
474 17
236 516
648 165
159 186
350 346
336 556
627 368
454 395
502 685
401 355
494 31
538 27
447 371
120 213
547 21
735 37
199 137
604 388
64 208
745 91
228 157
164 702
741 359
103 99
746 356
555 172
259 110
109 273
331 452
252 415
166 576
738 628
436 744
541 196
744 588
623 501
284 71
366 756
649 218
731 34
47 459
119 535
462 92
626 614
187 485
122 39
186 778
115 315
664 164
198 615
373 176
249 553
160 732
356 720
770 220
417 662
213 118
643 379
85 551
526 177
636 549
250 725
275 623
756 591
368 363
105 531
676 121
89 472
516 40
698 498
325 16
571 111
452 100
157 754
404 228
286 729
678 256
113 537
266 25
31 310
363 168
305 155
176 2
303 748
4 567
515 79
553 761
139 212
505 429
613 235
696 475
155 682
733 663
263 207
769 1
699 106
579 427
172 640
675 483
398 23
416 630
361 659
545 60
721 690
389 680
668 151
335 14
728 409
78 255
687 263
326 369
222 441
387 393
185 422
510 658
739 651
269 42
713 96
307 494
422 130
87 517
18 521
430 449
147 617
635 288
5 543
143 139
658 3
720 241
2 274
456 613
61 560
420 646
162 298
94 716
296 204
30 772
59 201
22 417
586 303
56 89
581 136
180 266
377 529
425 697
497 129
102 202
67 112
40 53
190 374
631 349
556 511
740 140
610 633
490 607
121 597
225 407
243 619
395 404
76 743
24 69
1 364
100 687
737 465
360 36
508 562
107 433
599 108
440 324
407 504
167 580
46 33
573 306
709 261
619 708
138 205
386 146
135 270
16 81
9 478
320 541
330 458
165 419
338 360
595 292
500 489
411 592
255 717
765 88
396 279
663 183
57 318
470 191
638 226
435 203
65 466
577 547
150 507
44 634
38 438
614 265
780 49
10 55
393 403
27 65
620 506
646 618
785 272
685 605
290 386
244 713
468 250
432 127
384 416
461 500
131 267
382 484
352 326
379 604
498 132
317 575
767 533
391 712
291 704
784 192
501 482
152 643
19 603
507 515
108 78
569 348
322 171
104 497
409 294
196 83
529 542
272 672
70 260
423 455
772 421
661 773
566 600
145 304
711 528
659 373
129 308
43 82
96 718
558 637
260 771
231 612
349 557
763 122
724 234
403 711
624 345
615 275
251 282
761 163
173 527
540 296
665 644
84 530
92 90
642 726
188 269
221 476
760 538
282 763
285 278
35 64
209 302
509 581
101 695
424 648
480 248
189 510
354 46
41 307
476 668
342 696
574 474
351 518
52 179
394 631
750 665
755 738
716 745
359 692
492 44
655 133
705 161
62 342
183 492
112 174
28 676
460 457
299 735
133 95
759 677
136 681
68 430
776 167
584 552
333 219
535 333
75 141
465 678
20 77
673 45
223 742
127 290
256 293
736 434
410 328
414 337
768 13
63 418
343 38
298 35
453 20
681 675
575 198
400 411
689 9
766 332
239 56
674 385
616 378
757 233
471 737
17 18
431 700
240 594
429 785
504 450
753 240
12 24
383 257
479 75
294 145
580 26
473 28
762 102
232 471
629 50
628 710
151 733
265 343
212 571
406 222
706 705
690 143
283 189
171 751
362 408
491 722
734 783
561 445
261 463
149 746
74 389
719 776
478 428
537 534
644 22
592 173
669 701
214 119
437 313
692 440
434 244
503 311
378 253
271 367
657 175
334 283
134 561
684 93
477 508
742 237
33 380
227 321
11 338
23 764
258 437
564 539
718 402
524 101
557 372
408 624
277 32
280 641
210 281
622 217
448 156
583 309
390 225
567 105
544 178
650 505
634 390
302 509
372 197
170 339
60 350
560 779
36 488
697 264
268 4
568 525
418 295
455 758
747 149
73 715
124 340
71 503
778 536
315 636
633 781
597 410
82 486
582 80
722 297
345 730
381 586
128 784
29 627
116 477
262 301
118 439
229 398
520 48
680 107
691 319
380 520
751 766
576 760
672 570
177 254
710 329
758 268
513 435
405 354
512 451
125 699
300 347
156 653
388 667
329 160
605 642
83 206
601 11
596 312
766
499 418
49 581
367 184
527 150
396 634
207 436
168 492
45 655
384 160
227 702
289 583
76 52
575 162
248 111
302 521
137 654
325 249
730 186
346 575
558 101
276 546
179 543
80 379
550 387
529 709
188 100
226 621
714 405
615 603
195 709
757 171
301 408
567 481
119 553
274 64
385 289
612 424
621 420
485 589
714 395
689 705
550 493
490 735
165 227
93 621
629 318
173 131
534 755
384 344
123 85
370 688
401 469
703 194
358 721
679 756
634 377
615 55
438 691
643 166
303 193
90 475
320 404
751 41
750 545
611 358
210 84
321 38
536 51
713 457
357 498
117 456
334 415
168 589
496 81
458 414
433 101
387 374
37 99
287 641
502 153
286 147
111 686
732 651
447 494
393 75
97 443
229 643
473 545
351 681
163 460
277 200
308 452
360 521
99 477
236 9
71 238
57 702
291 479
120 80
447 46
542 106
658 244
183 618
454 238
742 360
661 5
579 622
589 536
381 107
146 414
9 572
627 372
702 739
209 513
274 85
34 237
123 713
2 224
146 332
94 287
107 151
46 388
257 737
4 302
21 627
620 481
535 94
742 632
764 606
470 197
362 729
1 349
214 765
616 619
480 435
678 760
74 271
609 743
764 102
167 665
709 231
431 117
497 263
482 89
587 634
437 634
469 27
456 405
625 476
9 582
306 278
651 193
213 561
654 630
171 501
700 38
206 284
382 210
123 747
337 689
537 704
681 584
98 138
333 325
367 166
328 597
309 566
541 702
556 740
373 464
41 38
541 20
352 707
434 54
506 89
365 256
115 171
612 62
654 363
267 648
497 186
546 352
729 2
255 77
582 97
424 229
151 106
599 251
87 277
604 533
514 171
208 661
762 636
461 149
294 325
466 527
7 197
146 511
605 142
181 430
232 413
563 217
659 123
672 454
296 127
12 468
12 319
355 761
330 267
131 339
410 174
182 44
530 319
569 14
219 111
238 591
320 173
308 205
723 563
736 390
388 372
369 645
167 503
566 40
169 511
148 347
449 24
170 644
696 646
38 186
575 321
4 176
398 217
69 743
621 577
382 7
225 203
758 376
488 159
110 730
653 413
421 420
116 688
252 729
498 401
306 180
146 380
467 758
65 547
339 416
447 535
661 140
220 662
663 611
181 439
485 21
5 437
554 79
674 355
287 372
337 470
662 510
421 380
329 405
383 648
237 360
397 464
544 727
442 684
751 161
211 350
339 189
515 397
261 365
222 147
697 339
594 314
477 284
15 32
539 447
359 300
300 403
81 376
405 405
178 191
474 81
392 132
391 689
454 144
472 248
16 274
569 231
519 316
610 367
123 29
489 183
669 235
478 252
534 618
725 8
22 236
61 248
308 723
204 524
641 476
29 201
578 464
595 477
426 285
535 352
311 467
397 579
605 134
472 37
676 359
666 135
667 236
9 594
248 64
364 701
649 732
381 521
130 601
426 660
441 437
314 600
225 620
401 258
640 687
264 719
253 559
603 146
35 520
141 609
84 509
475 765
172 256
173 213
315 137
310 590
340 607
172 346
202 48
538 523
752 177
565 433
139 462
422 733
117 208
439 384
630 355
471 140
498 478
672 308
601 316
535 131
155 370
631 143
415 451
256 709
457 312
162 559
9 101
623 696
576 457
187 180
672 404
197 255
709 368
301 558
279 57
437 427
748 452
29 681
745 301
577 312
669 401
284 550
220 101
15 258
134 533
119 116
655 46
409 197
240 259
611 183
454 450
163 411
114 84
540 649
257 8
23 376
210 362
513 486
61 337
135 304
636 509
384 708
415 708
17 242
403 594
216 550
388 93
184 159
740 377
301 260
316 249
599 316
710 140
186 147
309 414
583 571
315 321
531 254
592 389
11 450
36 383
462 568
437 446
117 743
674 72
46 535
254 433
184 530
73 418
177 168
65 218
281 667
396 587
515 579
422 512
521 173
652 175
748 351
170 353
623 247
323 114
199 681
667 381
637 708
624 318
736 296
300 462
531 130
537 82
694 401
491 235
56 525
763 461
109 664
437 223
638 482
140 235
136 393
200 562
448 610
212 89
400 626
685 753
669 251
40 130
382 136
339 19
276 743
325 71
749 620
577 237
551 369
363 267
281 431
44 724
420 192
435 2
301 612
395 180
610 515
146 95
41 471
697 595
760 700
582 332
422 434
176 59
98 511
698 428
237 753
414 670
40 368
295 405
744 425
650 524
52 309
139 305
509 288
415 91
536 117
132 222
762 661
73 693
236 665
471 39
160 630
272 319
700 404
13 93
545 359
627 686
251 194
389 552
555 450
680 407
521 292
470 524
668 334
614 755
568 484
506 340
566 596
464 642
417 320
22 368
78 263
522 354
507 370
658 478
57 713
421 532
693 5
488 640
430 399
336 149
319 449
419 93
499 239
467 150
476 264
665 274
231 212
574 437
226 655
522 233
363 8
737 649
652 369
509 82
655 88
14 678
131 145
392 431
400 264
280 440
408 247
268 397
301 657
56 99
422 10
674 353
455 459
720 639
51 544
661 95
427 382
348 675
620 645
635 732
267 545
102 147
617 213
731 662
91 491
266 315
155 35
579 390
372 252
442 485
66 227
444 759
241 151
655 192
59 321
643 61
562 265
762 698
301 223
641 198
449 384
338 305
601 557
615 732
162 41
550 584
323 519
91 422
174 267
112 85
640 547
340 122
211 763
260 56
741 707
676 254
128 401
165 562
19 385
255 281
617 524
696 674
244 111
237 4
117 492
636 104
550 189
322 609
270 50
415 194
247 659
399 725
629 482
555 111
430 329
644 285
23 236
641 330
425 68
83 285
760 688
591 724
35 329
731 265
132 184
573 164
471 208
58 539
266 370
87 462
506 477
321 708
36 344
222 546
84 478
429 696
637 748
207 312
409 140
705 614
371 572
750 409
548 64
388 764
394 350
572 667
209 694
413 681
39 131
573 630
201 253
262 338
140 433
567 364
447 747
104 457
326 87
112 116
442 731
364 688
293 726
622 421
183 746
727 485
438 110
588 418
73 90
575 58
85 98
446 55
111 501
403 564
285 473
731 178
406 292
267 129
219 62
355 452
557 336
527 242
288 601
405 404
587 400
592 411
745 564
603 61
538 571
404 397
405 282
653 271
252 187
37 749
754 602
139 59
567 413
395 657
644 313
462 544
206 79
479 395
301 662
671 577
672 13
150 223
511 558
386 32
313 243
482 77
47 71
348 95
357 736
465 303
164 227
356 45
53 115
314 384
446 241
693 645
416 557
743 54
504 347
630 70
518 758
27 425
117 665
541 465
267 539
587 591
746 4
152 544
205 510
589 758
149 737
308 615
189 334
757 331
279 661
703 257
225 497
494 319
192 483
561 89
89 538
684 102
658 176
385 92
92 151
753 727
698 111
442 142
216 765
135 744
380 93
380 730
744 36
98 446
550 746
197 334
413 603
203 751
644 153
947
741 801
404 547
931 891
263 248
264 47
260 627
745 474
242 261
459 585
735 147
120 506
382 599
65 892
433 532
166 265
724 616
28 703
546 417
691 10
517 220
795 69
258 510
881 388
868 464
253 33
840 713
782 491
286 132
480 739
796 326
376 355
643 692
605 505
463 80
400 410
920 528
684 508
120 2
437 578
68 223
62 510
451 798
439 701
35 33
273 489
134 550
820 675
368 592
805 502
779 20
487 422
520 429
95 564
760 595
73 248
190 806
635 144
377 621
635 476
559 576
404 356
714 93
416 94
362 765
205 377
43 459
748 597
308 712
45 177
203 924
885 817
290 641
839 562
623 158
90 127
606 257
177 910
871 858
778 906
157 752
771 200
375 865
323 670
405 246
856 96
666 458
624 127
9 530
108 940
664 326
332 150
375 505
542 283
629 171
772 563
512 566
410 217
410 869
895 667
544 369
350 943
153 777
44 491
879 372
535 110
572 252
609 123
491 781
205 873
686 349
607 798
128 704
329 388
631 619
44 590
48 334
103 653
128 943
263 564
508 943
866 560
310 226
419 867
225 369
34 152
444 56
70 613
842 323
80 154
711 233
882 786
87 557
588 838
154 527
757 346
460 518
562 214
403 675
805 611
248 222
346 879
406 923
47 642
631 438
789 294
153 72
443 240
92 653
896 272
129 197
253 592
50 784
683 10
566 12
624 662
281 289
12 900
481 851
651 558
138 703
215 625
112 63
573 620
903 545
811 734
767 633
360 77
421 326
133 392
676 722
149 114
403 517
588 16
650 291
639 292
664 258
544 581
559 15
33 486
785 603
214 526
47 437
63 182
114 675
254 445
72 682
781 857
188 584
828 889
646 341
160 844
514 738
843 256
437 77
277 160
853 300
426 614
618 237
812 229
566 407
782 436
926 188
794 203
638 415
583 611
845 423
581 111
805 783
535 247
707 49
851 208
583 793
534 400
908 295
151 381
850 788
500 106
495 98
37 213
127 253
621 930
168 735
784 576
593 577
947 764
250 931
697 485
461 401
634 198
752 27
384 610
785 717
856 111
339 239
463 304
342 315
805 601
434 274
686 425
829 369
572 830
822 849
289 828
572 829
556 487
401 696
853 647
422 309
492 626
615 162
79 874
235 766
631 308
434 691
522 604
262 79
467 2
299 582
124 894
47 845
387 510
93 387
623 177
402 531
217 733
844 294
74 149
101 510
913 492
44 379
757 340
459 331
316 711
87 303
617 202
618 131
166 455
329 710
105 815
355 512
232 273
686 77
584 878
149 174
936 659
427 424
46 891
653 896
314 267
70 851
620 485
902 653
835 501
753 123
31 452
693 13
101 835
144 230
832 214
824 705
915 226
112 588
16 924
890 186
683 622
255 847
700 638
547 135
16 121
101 604
706 411
848 753
804 881
938 559
678 813
40 532
210 401
704 25
732 343
105 860
212 496
782 264
466 305
547 83
45 918
548 800
452 379
650 524
79 626
53 849
125 541
377 861
688 652
562 376
339 370
410 710
233 141
407 252
822 132
641 352
182 512
86 533
668 704
95 898
448 845
278 717
588 5
631 386
68 553
679 712
916 509
48 472
259 131
738 25
853 723
640 383
882 87
131 336
915 155
1 250
93 855
433 861
95 448
205 344
755 393
478 675
839 354
372 11
594 121
779 400
556 278
693 698
78 249
753 409
90 617
220 96
683 590
193 9
417 517
93 43
142 821
426 175
522 173
591 199
500 786
874 125
933 579
694 65
713 417
360 640
337 524
353 145
681 184
20 72
200 139
202 797
517 277
861 727
48 767
142 435
32 641
493 608
556 408
915 665
764 838
746 124
457 750
394 74
378 651
813 242
130 19
153 227
230 488
430 572
747 874
686 21
127 24
755 617
387 7
259 792
36 817
760 781
753 533
493 192
218 204
622 379
398 110
458 877
306 930
438 739
416 157
946 760
101 406
446 104
693 42
314 655
458 592
1 778
915 297
738 10
394 451
783 927
75 338
51 678
873 201
262 946
106 903
494 764
720 495
802 208
818 396
106 222
905 792
79 303
884 467
45 339
257 911
145 225
653 449
612 263
618 315
405 684
121 519
523 18
857 142
807 367
184 701
224 143
808 369
352 868
431 182
732 784
817 791
827 637
921 283
466 294
545 71
796 12
530 30
144 516
928 150
454 716
35 541
754 525
210 244
824 606
754 461
108 808
305 162
461 161
341 39
444 610
4 331
782 341
198 625
572 667
255 600
90 668
505 722
906 829
697 399
73 408
588 193
580 785
462 650
722 524
259 797
781 806
79 457
373 355
505 76
879 484
411 522
497 732
204 596
715 459
934 219
302 275
78 591
576 808
681 788
240 807
142 290
648 499
435 400
19 398
169 685
851 351
515 707
724 899
175 186
632 610
645 647
555 940
716 421
473 274
229 268
298 844
87 49
289 882
826 48
593 49
616 551
732 343
304 692
46 737
579 743
373 192
350 152
825 522
704 184
885 932
776 209
204 896
218 610
305 926
12 537
110 78
62 465
491 862
946 693
332 911
816 126
302 751
424 865
560 192
168 495
500 585
271 819
329 715
785 510
279 197
64 463
586 785
228 25
340 757
337 502
505 32
205 803
779 160
534 12
935 697
97 881
268 851
497 944
542 869
252 53
597 87
440 211
587 736
464 569
433 9
40 573
746 43
324 22
135 693
21 10
353 921
850 424
570 331
597 174
690 789
857 109
399 827
943 305
372 363
577 898
640 356
705 522
523 148
244 647
589 591
158 686
782 338
185 802
9 268
880 447
110 122
367 848
44 629
2 196
225 164
676 56
84 542
66 389
591 261
912 803
172 849
284 5
8 805
516 334
578 624
766 307
627 583
303 863
455 402
539 667
662 197
83 280
782 297
924 92
599 784
543 556
465 662
14 418
699 815
897 885
299 900
130 96
507 930
127 637
922 218
75 321
410 612
340 403
252 107
368 343
614 483
610 617
435 286
756 584
907 763
711 398
655 8
862 280
249 274
841 776
864 525
305 131
141 143
172 320
897 536
623 345
236 405
296 562
819 745
458 83
410 945
21 833
657 239
343 119
47 718
640 712
318 131
499 658
280 126
29 480
560 148
829 567
834 364
882 860
631 488
200 460
282 458
616 266
458 114
353 624
214 576
390 197
616 751
580 7
481 222
317 188
47 285
192 111
769 178
260 155
476 423
829 89
142 316
577 44
458 925
635 862
270 505
492 156
131 198
9 462
460 775
634 264
410 903
613 419
399 943
330 258
322 843
784 395
728 845
839 277
27 47
38 778
438 891
594 240
816 524
581 370
221 493
259 668
173 695
220 311
565 814
747 384
602 760
352 123
824 740
482 694
649 888
456 256
714 626
638 520
503 265
865 202
471 529
535 178
210 842
78 685
364 71
251 5
218 351
116 674
889 355
80 748
863 368
195 247
19 552
169 822
793 26
717 379
251 189
602 944
517 921
652 465
296 451
433 721
800 41
135 633
243 791
892 564
831 570
355 752
324 52
922 244
244 358
133 362
937 464
635 57
416 666
579 346
401 641
349 915
947 841
527 412
758 775
360 650
582 343
622 307
924 346
116 674
712 112
89 807
920 152
153 522
107 599
504 553
560 523
785 947
709 472
267 685
463 214
574 245
665 283
119 925
465 64
201 615
934 599
503 451
248 533
607 865
468 711
929 146
215 27
582 914
902 128
353 186
726 767
418 220
326 29
723 27
924 788
693 724
41 619
860 2
869 685
474 562
69 60
151 64
868 751
147 106
649 515
144 719
36 794
691 481
99 17
27 480
163 355
420 895
78 491
696 755
132 431
724 390
858 247
207 520
315 689
722 340
720 101
422 427
847 778
540 888
767 335
127 940
95 622
878 444
576 879
500 789
524 115
382 525
131 100
409 689
586 933
120 724
278 789
283 892
669 900
161 385
920 474
565 157
299 797
103 614
129 668
884 151
938 867
333 575
937 756
5 890
765 879
22 499
545 623
432 219
437 630
799 774
46 623
840 415
517 84
404 66
256 290
501 894
435 549
493 14
510 832
430 708
435 775
553 723
8 82
505 67
934 266
425 74
792 768
507 676
119 558
479 717
463 248
42 103
773 808
242 169
425 698
821 217
922 46
563 95
762 305
278 626
525 750
815 281
92 95
358 219
310 578
435 464
334 83
401 834
243 868
705 152
64 822
446 447
552 126
406 483
838 586
797 16
832 728
899 621
918 399
227 183
433 719
92 93
689 157
777 425
604 823
407 629
877 272
351 448
204 277
898 243
459
245 441
168 339
370 321
184 430
374 86
456 237
377 362
400 394
175 136
371 194
134 205
307 363
55 138
247 414
294 391
304 456
122 68
129 19
284 250
346 82
395 58
372 78
164 73
358 2
87 181
130 318
237 189
88 211
1 220
433 91
438 54
137 304
75 257
365 125
257 29
138 260
279 62
380 384
459 450
322 243
306 226
41 7
191 350
261 360
451 439
291 373
333 372
240 262
302 83
205 163
250 31
214 333
116 14
45 131
309 37
338 364
267 93
399 27
383 347
305 371
176 23
341 30
40 268
8 421
106 454
310 253
80 153
171 359
337 433
179 161
50 451
432 20
264 149
401 284
13 123
65 162
397 212
223 232
293 273
280 192
72 227
335 150
246 36
16 88
296 410
396 222
288 121
66 170
200 274
269 143
31 337
76 158
135 49
53 193
219 151
24 134
434 269
143 12
239 315
148 272
344 8
101 148
251 406
287 325
190 457
38 435
188 408
147 206
230 385
276 393
360 290
151 387
301 224
444 407
442 390
157 113
108 50
32 157
407 135
44 335
11 455
359 236
100 400
427 330
242 110
178 307
6 13
228 300
255 156
142 180
340 324
398 186
18 331
163 361
37 389
292 107
316 302
314 70
115 370
364 142
150 378
233 214
443 344
221 145
21 215
254 26
159 459
28 141
161 179
102 323
403 283
71 5
282 352
198 6
236 47
418 126
17 104
256 71
343 341
298 197
357 229
162 24
81 46
54 146
415 15
273 392
67 40
330 147
140 317
386 322
195 74
136 22
10 409
123 200
132 443
368 217
458 238
9 310
348 423
105 199
281 160
121 281
170 280
222 449
120 349
259 97
439 288
326 367
244 207
232 201
270 420
455 380
46 94
63 16
445 139
328 203
30 234
99 198
69 133
231 53
323 115
241 209
52 278
213 225
82 292
19 165
308 18
226 182
286 345
78 267
336 164
218 221
118 294
3 128
62 405
428 308
127 328
412 87
408 184
388 166
413 426
275 402
68 45
79 57
51 369
56 279
248 286
416 34
196 379
351 368
265 256
29 425
47 258
113 419
35 111
447 81
278 10
4 265
64 303
160 48
376 195
141 311
93 411
83 354
103 375
385 264
355 32
393 309
152 75
423 348
249 326
131 296
324 422
436 431
133 376
352 119
405 446
420 219
389 112
381 85
325 298
361 80
285 437
182 251
48 299
321 101
15 338
317 183
234 230
126 453
177 252
26 171
350 248
92 167
186 41
20 442
271 247
220 301
39 366
85 398
295 38
166 95
153 169
313 259
354 77
187 176
315 327
379 291
202 117
327 35
58 365
95 270
49 44
110 313
283 43
373 188
268 403
86 399
208 246
73 438
192 98
235 445
59 231
414 102
390 383
429 355
57 103
457 4
411 114
454 332
450 397
199 66
104 79
449 89
431 429
263 415
419 316
260 261
402 239
207 289
277 168
243 452
435 3
426 159
172 297
303 25
369 173
448 285
384 448
238 106
89 132
446 271
430 39
406 196
91 28
329 177
297 388
5 76
119 59
266 178
217 266
193 109
7 140
422 187
204 129
339 185
84 72
109 319
224 353
34 305
194 65
156 233
189 190
299 314
22 249
2 144
61 172
387 436
362 137
154 241
262 351
289 175
452 342
112 263
363 204
392 245
43 346
183 404
394 255
319 11
27 374
417 401
90 223
42 202
174 277
96 92
149 56
332 428
210 447
169 155
128 228
60 55
425 124
375 235
441 320
158 84
98 191
12 357
216 434
440 108
173 343
165 218
334 282
258 42
253 377
366 427
311 358
409 118
70 395
252 33
437 276
203 154
345 412
23 440
185 413
117 336
331 90
25 382
206 116
167 418
274 458
97 432
33 1
144 396
197 216
180 416
124 17
225 312
356 340
312 99
424 208
404 63
410 444
290 174
125 127
342 306
349 67
146 242
212 9
111 152
77 240
139 210
227 295
367 287
14 213
215 64
181 386
300 329
94 244
74 69
378 417
114 21
453 254
272 275
391 52
201 51
320 130
36 424
353 122
145 120
318 334
209 105
421 61
347 293
107 356
155 100
382 381
211 96
229 60
258
55 38
219 150
201 26
162 109
25 59
255 131
32 57
45 8
171 104
7 171
184 39
58 142
111 232
249 141
130 92
172 255
251 202
216 119
9 203
126 93
133 124
165 213
169 144
48 20
38 64
142 106
248 29
18 88
97 11
135 136
124 16
229 183
116 164
252 16
233 1
99 229
72 206
205 1
145 174
53 101
222 146
30 47
18 54
19 151
198 53
76 79
203 229
199 116
62 216
39 247
217 183
90 169
200 64
152 52
247 227
38 68
188 182
250 51
5 67
247 75
104 115
172 85
200 75
136 246
38 87
193 24
63 169
143 180
136 30
148 185
33 194
4 66
81 201
25 194
13 154
114 166
134 54
219 172
52 13
203 147
99 160
23 189
42 53
131 35
222 75
185 47
208 109
257 61
136 98
94 118
3 202
113 11
181 128
137 249
52 120
199 200
63 107
144 142
236 231
235 197
91 126
44 192
237 112
16 11
166 172
210 18
168 174
167 222
101 56
257 84
238 65
47 78
41 224
187 91
74 149
121 209
221 164
195 258
38 83
83 161
239 89
149 28
71 63
90 47
209 115
112 156
124 31
197 104
156 211
232 230
240 58
4 140
152 13
221 80
100 142
3 5
160 212
3 248
188 63
32 39
32 227
211 223
85 211
30 159
20 19
61 47
78 146
117 222
175 52
25 163
136 111
154 64
156 244
251 53
49 240
20 79
53 163
223 96
184 203
99 33
72 22
97 57
9 48
116 232
216 58
257 55
41 9
75 73
217 19
253 22
65 97
63 82
12 90
167 41
72 90
2 15
120 176
177 149
98 26
203 223
240 181
134 32
171 204
232 237
22 178
5 208
148 109
200 39
70 243
172 221
44 17
232 163
90 85
33 219
127 133
155 219
212 56
95 180
25 52
38 257
90 134
75 4
190 163
85 167
12 146
143 162
26 179
30 216
33 107
38 6
142 72
67 137
82 255
28 118
18 24
185 162
142 85
21 53
34 74
128 245
148 9
66 171
153 239
37 54
244 237
39 154
73 195
257 154
62 156
193 37
129 99
208 166
80 111
42 197
6 132
130 21
82 193
43 234
82 252
187 37
102 57
168 213
151 159
177 38
133 226
75 131
35 3
140 89
130 112
72 98
32 68
53 190
42 111
222 241
138 59
169 255
31 113
168 36
292
71 139
200 268
250 235
149 211
207 80
263 94
102 42
93 52
140 33
37 69
157 80
263 99
14 40
18 280
119 251
207 267
89 291
251 14
70 257
236 94
244 116
267 27
73 244
86 182
130 31
194 31
46 260
219 206
88 260
220 219
136 241
160 44
222 272
126 242
229 91
40 68
134 190
128 25
231 258
83 273
74 139
35 254
86 118
57 280
267 102
181 274
139 33
157 249
256 48
231 55
196 273
219 164
270 237
132 175
124 234
232 271
122 276
54 171
69 267
112 85
255 265
270 264
201 186
130 223
174 267
263 166
173 276
72 229
246 210
289 179
268 164
250 181
138 205
74 114
236 182
65 18
40 49
278 137
202 7
134 169
32 100
187 195
64 124
234 162
53 3
173 83
91 288
204 152
165 240
88 67
226 119
254 26
164 132
122 229
119 106
281 218
192 121
149 31
98 1
99 168
215 146
161 106
6 68
181 130
33 105
273 51
223 149
33 229
75 194
162 48
113 176
131 53
136 61
24 157
51 208
266 284
183 17
20 211
242 110
61 221
72 246
177 215
260 213
239 69
133 55
267 218
48 170
168 22
79 210
121 207
25 241
167 91
292 109
68 287
218 153
31 103
232 278
62 172
258 167
102 150
20 279
227 290
16 178
46 154
247 121
199 287
97 223
37 256
257 187
233 39
118 272
280 134
179 221
8 119
260 207
170 197
272 195
49 260
98 199
43 134
191 88
174 2
229 185
234 289
156 149
218 6
249 132
127 36
78 209
100 151
262 280
105 126
171 80
50 31
112 142
244 166
129 265
28 95
61 222
137 227
119 224
40 121
128 257
87 248
78 285
208 220
278 169
156 289
192 163
190 222
253 160
88 134
173 142
266 256
258 66
50 101
42 220
204 249
13 236
220 29
85 254
260 246
210 28
168 40
74 274
35 11
5 29
133 181
133 48
289 262
267 208
241 257
154 96
45 208
163 264
285 177
165 57
51 50
25 133
136 97
1 126
237 265
209 256
120 22
163 248
68 255
37 166
28 48
81 138
16 290
180 114
173 159
50 154
100 251
59 94
222 183
197 157
169 61
199 89
14 242
57 190
68 204
58 31
187 165
176 53
153 83
99 123
181 248
165 125
60 185
220 256
178 248
117 225
195 194
170 179
195 193
274 248
199 263
183 196
84 239
93 132
266 34
149 239
259 49
59 168
290 27
214 86
192 107
269 248
219 137
53 108
36 257
104 116
51 2
214 176
100 113
119 20
30 228
161 96
198 59
32 79
270 103
219 224
157 268
90 51
79 208
175 98
267 275
161 72
31 45
52 120
203 204
