6
576
483 183
19 161
379 122
1 45
415 169
296 28
380 81
195 537
210 388
495 182
133 281
343 152
482 452
401 171
380 352
47 324
123 397
311 465
483 445
461 537
338 466
155 163
499 468
566 103
107 281
45 173
342 569
537 14
540 16
538 142
267 189
202 182
219 25
415 35
263 564
470 215
404 314
230 315
132 389
84 178
545 302
402 567
275 520
65 469
69 170
400 292
181 205
391 214
411 422
54 8
314 84
436 7
418 567
92 162
54 574
12 357
183 379
106 214
456 531
439 574
376 523
396 394
254 346
501 459
241 133
139 234
160 486
282 247
370 510
563 284
351 11
573 355
442 305
78 531
55 355
282 456
223 164
470 274
62 293
275 403
77 112
360 390
441 535
146 360
472 154
26 15
232 52
114 199
172 420
63 280
286 524
377 415
151 82
186 418
353 499
389 197
522 195
106 335
37 516
302 324
308 149
398 296
467 143
21 160
165 574
121 534
127 375
73 415
150 200
476 336
433 92
199 263
200 224
18 455
168 264
321 547
269 231
114 306
322 74
547 493
315 489
523 25
549 181
279 521
84 63
337 69
538 344
167 211
349 166
416 543
500 138
338 387
258 100
225 374
572 317
487 546
427 386
490 430
41 263
322 201
235 34
114 148
431 273
249 497
244 280
39 279
173 140
533 394
294 299
8 540
244 244
237 540
440 447
332 383
377 244
305 112
196 383
53 94
179 300
78 121
437 526
419 151
493 249
416 197
366 19
507 68
13 513
502 169
409 357
504 556
95 78
518 370
568 306
256 429
286 472
359 331
556 485
270 403
270 243
289 96
275 26
393 106
36 390
498 254
409 306
354 498
453 456
152 231
248 469
131 19
480 223
559 273
302 295
441 357
107 158
83 42
182 272
406 508
273 325
437 443
512 395
507 193
572 255
419 4
498 363
137 261
491 177
495 255
384 64
541 108
238 371
436 529
525 521
44 321
560 177
427 292
504 364
398 285
515 392
326 221
122 468
274 512
376 370
325 395
122 102
184 299
11 139
574 417
193 393
533 304
551 118
464 290
51 468
77 127
330 387
51 356
491 500
487 350
395 460
216 496
560 77
540 292
16 107
537 189
346 434
111 209
363 202
421 322
400 244
177 365
251 354
550 546
336 294
497 573
316 56
400 43
281 208
456 378
293 153
211 36
225 50
259 347
391 573
293 303
197 157
7 412
575 382
541 569
332 551
13 534
442 140
76 375
561 223
129 77
86 226
536 236
329 498
217 467
353 259
384 372
512 492
525 270
260 157
140 417
444 390
295 477
403 15
149 398
34 113
482 216
532 108
418 382
84 323
83 165
65 69
521 376
79 315
195 431
387 201
21 357
157 466
264 226
441 320
154 290
489 304
246 526
448 4
182 214
502 11
443 329
212 302
563 189
201 15
324 241
517 470
443 35
55 6
372 298
521 232
222 35
573 358
397 378
238 44
150 4
321 566
482 348
247 313
195 475
429 195
92 111
363 502
411 393
317 313
60 530
81 360
373 372
50 170
20 412
44 296
438 163
517 162
494 385
570 318
137 450
527 440
476 327
306 450
289 336
312 265
338 490
275 4
247 49
547 18
229 72
138 140
118 285
443 204
53 59
39 450
337 119
443 451
240 248
506 78
382 66
488 464
38 146
336 117
439 423
151 543
229 129
90 331
149 37
39 128
339 208
389 388
161 401
410 539
375 323
142 304
283 558
432 72
243 347
203 563
565 532
420 553
83 283
317 325
424 121
320 6
571 484
98 11
422 567
474 198
345 517
229 531
278 173
180 385
541 291
15 262
91 361
24 79
292 279
36 466
336 478
214 337
277 536
281 562
432 221
19 393
475 410
556 516
177 413
457 140
194 501
244 467
110 256
415 167
531 575
282 407
494 283
375 43
139 485
83 380
38 454
44 338
118 116
203 190
395 355
82 169
400 549
40 298
133 288
295 358
60 10
135 523
413 380
87 229
103 65
402 538
62 254
197 493
366 258
172 379
279 353
108 118
417 428
436 21
192 506
391 278
176 370
310 76
101 15
436 69
547 244
56 383
368 537
280 362
549 325
254 320
401 316
14 411
263 525
64 418
443 102
103 507
203 344
284 489
498 94
508 561
517 511
69 492
363 241
354 208
437 436
318 298
369 470
311 505
108 556
220 438
138 545
546 202
136 224
32 500
10 561
116 545
365 498
40 125
529 295
198 459
4 344
508 384
487 268
461 25
418 46
386 475
360 524
432 337
285 336
29 394
385 140
222 140
307 16
316 506
296 284
569 214
282 41
289 509
396 56
135 539
58 217
96 391
435 361
137 101
8 108
297 359
435 364
544 19
377 297
530 223
80 113
226 494
244 560
180 288
347 424
337 478
91 49
30 436
285 152
461 85
367 277
544 497
375 513
37 50
320 251
119 435
189 71
1 126
547 159
289 505
293 34
115 439
215 84
286 486
357 346
551 403
303 168
480 326
86 309
522 110
193 77
313 526
423 250
88 74
149 243
65 375
392 352
246 22
67 91
460 253
398 454
249 355
498 153
283 459
193 290
64 2
65 17
557 554
70 33
15 547
569 146
284 56
35 396
76 122
330 54
89 65
16 338
70
50 9
33 38
3 25
63 7
54 68
66 11
13 14
28 15
14 38
70 35
32 1
51 59
24 32
65 20
9 58
54 13
3 69
61 65
58 26
42 15
36 49
16 59
65 47
51 5
50 67
66 11
30 38
31 6
12 24
39 34
36 54
55 21
16 27
3 38
40 67
24 19
54 15
28 49
5 16
32 43
49 23
56 37
70 33
4 64
14 69
24 21
57 69
7 65
29 46
2 50
63 46
61 48
32 68
54 6
65 38
10 67
26 6
15 31
35 11
14 24
21 25
12 63
10 42
44 66
46 55
47 57
5 58
5 23
31 20
56 1
578
482 157
295 574
458 71
182 423
527 302
42 278
502 321
70 445
425 225
296 556
157 238
564 127
61 24
49 252
232 289
331 576
39 2
390 379
107 243
569 159
87 173
4 521
280 418
436 458
519 68
119 345
162 217
320 11
117 304
137 565
93 247
301 30
497 505
31 141
574 420
74 417
328 67
212 415
410 342
111 181
218 424
52 370
259 560
543 495
437 432
416 291
488 97
132 396
208 72
471 184
369 518
389 176
526 397
481 237
65 575
422 314
335 236
292 436
541 355
6 387
279 17
340 271
130 334
381 142
199 197
127 511
268 356
445 532
460 274
122 486
409 482
230 143
205 205
233 168
318 352
155 116
114 134
56 288
249 473
517 210
345 489
63 230
374 207
134 39
244 65
136 449
429 286
190 258
380 223
550 535
252 131
231 468
528 18
459 450
139 87
357 25
485 74
405 192
440 128
483 525
536 256
158 64
140 122
152 272
327 433
192 199
542 456
44 309
28 193
151 215
262 410
32 88
557 228
432 523
513 257
154 312
329 475
106 506
535 338
554 570
115 329
571 533
178 426
546 516
99 316
133 60
188 195
503 374
467 439
82 84
116 438
7 402
183 395
552 26
355 317
406 109
531 249
275 29
304 368
461 310
112 178
270 567
246 550
187 573
426 507
267 444
307 146
309 476
474 319
402 376
454 180
358 408
123 255
350 16
97 93
81 175
3 170
170 401
94 32
342 344
450 50
455 547
34 421
257 534
391 150
92 139
37 160
210 254
86 572
496 558
8 453
124 220
530 305
79 118
376 296
214 336
57 322
217 448
225 293
375 409
489 5
427 392
13 48
303 15
428 340
393 107
213 246
505 235
30 20
397 383
209 524
314 461
173 86
277 431
72 474
131 500
411 99
382 364
120 428
150 4
404 292
46 135
492 510
408 208
78 375
512 6
553 325
313 144
264 44
71 3
12 83
53 501
412 378
401 265
468 10
514 162
348 526
417 327
392 343
236 279
291 543
465 577
221 260
308 171
215 27
25 412
537 240
206 121
578 73
168 242
172 37
289 427
498 136
145 398
423 202
109 261
396 515
242 158
198 92
533 514
544 519
572 119
443 330
386 430
243 493
48 213
125 196
490 551
75 203
35 108
344 124
77 306
479 323
110 111
141 101
419 354
518 201
540 123
196 381
545 55
506 114
509 49
576 454
370 313
387 214
55 529
326 221
89 112
189 429
400 361
276 457
306 452
532 545
164 337
523 165
201 425
336 216
108 469
143 299
271 113
548 359
495 45
431 446
385 339
282 443
103 269
284 467
494 69
364 465
166 187
179 233
299 400
175 137
319 264
1 490
128 499
165 104
420 172
253 540
54 504
349 566
238 241
184 130
40 411
316 13
195 102
448 478
339 563
26 466
570 43
507 23
366 183
516 194
573 362
211 1
76 300
261 393
563 250
100 140
290 80
524 503
228 94
41 301
521 41
58 539
439 564
167 167
219 62
251 222
234 38
286 488
98 95
330 280
343 389
559 22
248 31
23 191
555 91
378 324
476 365
394 353
566 33
69 447
227 546
223 7
457 422
105 407
247 441
515 399
181 553
368 463
415 103
438 206
398 413
338 571
470 190
84 35
101 303
421 89
148 405
161 512
174 388
434 47
321 177
562 307
20 471
281 308
95 341
235 351
272 477
27 105
129 259
341 106
269 189
14 349
362 227
539 186
19 147
146 487
446 419
142 19
462 126
288 320
508 253
222 552
493 251
499 152
551 403
177 528
466 347
568 384
337 277
478 129
255 369
293 440
186 75
197 527
298 148
311 132
475 182
522 455
11 297
237 244
347 295
484 434
287 530
241 14
266 153
159 161
121 270
51 460
360 82
29 497
359 248
278 57
226 517
66 470
332 56
372 332
346 231
73 200
300 435
577 371
469 96
441 219
371 120
418 42
351 218
310 531
333 382
68 145
22 76
361 70
363 290
464 100
59 358
156 326
263 335
444 522
511 273
352 78
549 372
430 542
18 414
118 464
169 287
193 276
216 377
305 58
240 283
575 484
171 79
38 437
256 226
558 34
104 21
203 204
149 284
463 61
254 154
260 479
220 508
207 115
442 472
456 416
302 492
180 188
163 459
50 554
500 394
501 9
47 285
556 211
324 561
399 541
547 66
325 481
80 360
33 363
204 232
64 262
113 333
60 385
565 245
43 185
36 281
567 548
194 578
17 54
10 544
525 483
538 174
473 442
229 198
424 366
21 537
520 179
250 569
373 451
435 77
96 311
91 496
15 263
62 294
510 391
191 315
413 568
90 51
147 404
5 536
24 520
239 509
407 117
388 266
283 151
317 164
153 138
202 163
185 28
451 52
160 502
487 36
334 81
85 390
138 298
383 555
414 494
102 46
447 480
395 498
529 155
367 149
504 224
534 125
274 386
491 373
322 557
297 406
83 318
480 98
379 485
265 513
452 538
560 380
315 367
486 12
200 59
384 267
365 212
16 328
224 331
135 209
9 133
449 166
67 350
472 85
477 346
377 491
2 559
273 348
285 90
88 53
354 275
245 8
403 40
294 268
356 234
176 110
453 229
433 549
561 562
144 156
258 169
45 282
353 239
323 357
126 462
312 63
467
225 119
213 295
68 382
364 97
419 419
45 457
161 339
453 25
253 113
340 388
66 398
233 31
168 11
175 348
196 344
344 196
192 452
145 310
74 22
274 7
173 169
89 108
122 34
317 3
436 23
289 73
281 434
441 332
19 396
217 90
167 349
205 242
324 10
355 204
20 174
82 154
139 158
194 59
151 123
141 456
106 221
135 151
365 64
156 402
297 338
42 340
191 121
299 278
16 40
348 244
131 433
332 220
17 143
398 62
31 179
50 205
72 147
341 228
8 49
227 294
56 273
105 162
316 181
21 298
429 361
305 395
411 99
44 284
22 16
244 2
14 200
63 251
286 207
170 175
152 109
349 131
325 4
374 415
204 70
337 178
292 33
391 375
249 65
428 35
326 406
70 351
309 135
67 193
269 293
294 271
182 239
255 168
1 19
218 122
410 386
112 366
251 98
415 440
250 78
406 319
188 14
129 124
201 126
260 107
272 238
363 343
458 130
186 56
153 360
130 248
280 86
448 138
65 444
290 414
371 223
90 435
55 330
384 399
11 155
43 161
315 150
238 240
200 77
424 5
111 288
353 439
459 173
216 352
193 280
211 85
235 114
93 146
177 363
380 241
276 111
142 264
25 418
33 243
245 335
336 156
148 63
313 129
210 125
455 337
333 30
412 353
449 201
395 89
423 172
268 358
127 392
36 246
308 255
462 461
261 266
62 227
366 120
209 166
275 192
295 334
77 51
377 385
95 211
51 52
300 195
237 236
301 316
52 61
57 216
197 252
118 157
330 313
264 184
360 68
381 320
427 307
373 136
287 38
430 218
226 390
372 318
254 301
382 71
80 397
171 465
444 303
284 429
426 69
219 213
311 57
109 214
262 232
350 41
393 42
369 346
84 21
61 104
379 296
184 426
94 459
154 60
390 466
4 12
13 203
116 372
59 183
267 117
110 32
119 134
416 229
414 454
38 401
434 347
347 376
392 197
319 322
401 364
241 9
466 305
252 187
450 235
137 356
206 110
64 311
378 152
228 141
2 317
351 102
303 446
234 106
256 306
323 233
239 449
224 230
172 421
30 43
465 408
164 464
339 254
306 137
452 127
79 164
46 249
400 188
394 448
73 362
29 39
189 160
357 321
150 300
291 270
293 424
307 72
10 13
420 263
312 206
283 422
404 116
187 450
178 302
208 261
78 28
159 256
464 96
202 274
166 20
143 88
445 26
432 276
451 405
375 159
98 381
345 286
242 324
114 139
282 262
232 438
310 333
158 185
421 210
115 329
128 365
138 336
88 325
48 133
422 163
24 287
361 67
86 389
27 327
92 153
97 357
185 222
354 118
40 281
285 93
270 272
195 103
387 8
117 82
413 462
456 171
433 412
165 354
132 234
318 177
149 455
183 259
26 105
454 245
76 407
91 58
147 292
101 374
120 217
53 226
15 463
248 432
402 453
215 100
247 285
140 377
28 451
370 46
231 282
39 380
85 209
298 411
417 314
223 132
75 80
198 460
320 199
41 331
467 299
352 74
69 387
240 370
162 367
7 265
34 379
81 430
408 297
396 29
440 50
157 350
342 403
96 394
99 148
221 37
343 384
418 219
6 95
60 170
144 467
58 53
103 279
54 368
35 1
9 431
229 413
160 225
107 186
190 91
302 269
136 6
236 149
5 383
87 308
447 165
3 182
266 304
442 83
437 27
439 268
461 359
47 267
199 391
438 342
334 355
180 48
399 291
258 283
23 180
169 253
32 194
321 315
431 47
102 84
358 212
176 15
304 191
246 445
126 202
37 290
123 144
279 167
100 224
181 417
327 427
220 447
346 410
113 441
163 36
207 128
212 428
49 176
460 81
243 17
383 55
134 345
18 423
329 416
296 341
230 87
277 54
71 326
368 404
179 76
222 44
457 371
446 112
409 436
271 420
389 323
174 237
367 190
335 208
362 198
397 373
259 443
12 250
263 437
328 312
257 258
155 145
278 75
385 18
463 94
124 289
425 369
338 260
108 309
314 115
405 328
146 409
407 247
356 231
288 458
386 400
435 24
273 45
265 66
83 79
322 101
443 189
403 92
331 140
125 142
121 257
104 378
203 215
214 425
359 275
376 393
133 442
388 277
817
503 359
290 613
760 535
289 71
215 320
154 685
373 313
102 244
617 541
580 769
557 459
416 485
623 394
401 116
466 728
811 568
769 457
760 452
182 401
130 595
614 488
560 475
754 439
280 147
342 701
252 100
775 735
241 618
236 133
267 709
293 646
452 28
171 222
803 721
808 269
611 562
688 513
459 168
478 682
26 597
87 354
601 807
92 503
785 814
227 77
116 758
505 780
95 118
420 765
528 422
169 543
218 217
251 40
210 218
791 617
237 218
446 321
513 246
16 498
751 649
541 635
678 722
5 126
53 101
774 174
244 281
694 204
448 470
487 454
737 619
155 686
28 164
597 439
553 185
390 693
430 183
665 805
241 190
645 402
295 416
514 152
22 239
145 252
330 260
111 485
641 770
696 147
752 560
175 72
211 149
658 426
460 471
56 700
4 808
802 515
773 115
52 517
25 504
493 49
137 90
586 645
1 734
270 177
773 354
602 223
791 809
78 622
45 365
517 784
10 133
705 118
65 198
762 595
255 344
104 619
753 109
357 177
277 241
796 498
357 593
539 426
483 651
711 698
241 403
448 161
97 322
741 466
403 451
223 554
702 370
87 563
714 747
192 796
114 316
571 713
624 291
328 4
144 296
391 257
469 679
301 174
475 663
771 193
405 46
242 371
749 689
424 449
336 489
386 259
50 786
723 803
750 747
763 179
116 211
726 794
506 580
34 273
333 753
196 304
615 619
530 768
244 658
438 455
292 218
39 331
124 338
335 663
34 118
168 56
692 89
160 166
727 443
304 44
369 124
588 497
677 690
87 771
238 751
642 667
83 21
68 28
701 96
593 149
366 743
452 212
179 581
423 270
77 33
611 742
476 443
754 773
409 197
330 80
808 776
537 706
452 706
95 7
21 816
514 799
298 612
118 660
596 155
439 282
684 576
652 119
34 721
284 405
147 92
812 536
605 537
739 157
393 491
377 773
470 591
711 805
722 739
234 73
364 508
431 474
695 288
711 696
274 803
488 648
359 245
715 17
165 382
273 29
348 678
503 229
269 326
681 307
421 436
332 310
103 379
659 613
359 686
8 613
21 409
499 436
501 669
654 647
628 118
121 394
127 131
639 242
129 233
113 497
579 578
3 282
489 551
594 568
453 17
636 605
336 405
306 599
173 416
256 679
718 404
383 731
55 381
330 556
246 306
616 61
739 289
669 19
660 49
507 665
740 338
283 31
268 222
101 562
176 376
12 652
629 212
739 790
380 221
158 740
386 159
558 18
660 458
364 404
395 643
156 611
167 55
518 735
463 701
588 489
227 483
419 796
24 706
10 697
226 534
382 121
693 41
648 756
267 483
50 93
170 517
612 675
308 595
665 367
696 132
413 580
437 85
22 305
515 564
108 88
422 427
465 162
650 593
285 281
805 431
122 787
119 274
717 686
268 95
793 353
31 403
143 623
206 295
11 791
579 384
645 508
99 200
127 504
393 272
571 437
231 284
456 99
776 648
321 706
699 50
303 341
204 259
159 674
219 358
779 104
479 443
519 567
132 303
598 227
52 689
233 147
662 134
814 333
131 746
165 430
629 224
279 21
615 472
793 175
743 82
129 79
336 272
749 342
352 715
342 171
507 62
778 131
76 641
721 788
583 725
279 11
632 713
531 439
188 569
159 100
319 99
361 17
468 641
357 521
645 607
764 35
41 270
242 38
483 580
608 187
633 530
770 530
618 478
480 637
167 476
566 88
70 169
94 208
207 548
153 484
335 704
125 209
407 554
389 321
808 757
196 26
401 491
420 602
723 517
604 311
130 536
714 271
712 804
399 374
694 51
115 636
597 124
59 386
269 144
527 162
55 740
725 570
99 4
724 31
599 499
702 535
81 461
791 539
219 227
656 574
348 745
359 237
362 633
521 574
138 7
369 676
573 180
415 75
73 101
671 286
721 328
124 571
297 568
545 776
816 37
424 646
435 758
380 100
113 441
599 462
583 281
675 257
693 351
620 120
74 237
155 384
755 218
662 294
46 687
786 436
455 463
331 392
559 474
240 331
462 129
498 715
238 70
174 129
701 454
720 702
237 698
780 286
230 777
694 6
677 816
440 405
262 815
416 327
482 683
600 177
114 523
144 70
371 128
92 810
653 217
541 24
368 74
387 294
810 263
35 5
608 191
784 752
70 181
415 349
343 594
85 86
5 556
238 325
473 569
406 231
158 785
179 431
49 268
54 735
228 13
174 382
548 448
375 396
469 196
666 255
707 450
105 782
103 808
443 361
154 766
493 226
624 596
496 494
548 50
577 602
261 322
789 634
751 209
235 53
433 546
803 132
122 496
408 417
358 742
357 355
127 503
167 299
161 309
728 76
86 793
16 509
632 664
650 413
260 451
241 187
280 504
399 207
185 168
476 795
802 633
564 692
463 275
15 124
523 567
483 792
391 634
569 19
483 275
696 211
140 154
458 241
487 114
546 438
417 486
614 618
684 323
599 60
429 603
794 132
355 44
6 170
76 295
36 476
370 469
645 250
307 451
614 751
723 806
66 483
446 110
756 294
159 204
282 13
604 8
229 47
162 32
797 191
117 642
726 565
755 329
29 166
440 35
91 11
482 290
541 104
398 64
789 262
728 225
105 350
664 770
798 648
494 269
619 132
799 237
358 24
248 418
270 672
333 711
341 240
714 386
344 364
84 553
740 299
78 74
105 47
294 775
231 587
613 425
328 209
311 87
434 230
489 492
471 248
197 288
788 155
237 375
703 451
449 791
59 242
20 672
757 317
70 90
517 692
803 110
628 319
694 639
505 18
5 625
778 108
483 661
47 518
532 231
514 202
314 81
243 787
60 221
599 739
79 142
699 276
765 141
489 209
544 409
92 506
76 810
801 665
742 408
658 380
729 281
126 388
175 745
399 810
481 791
620 263
444 398
708 360
389 221
314 453
774 97
388 56
708 696
127 563
300 472
246 433
283 239
467 489
449 11
41 698
750 444
189 626
690 331
696 428
685 739
280 625
149 379
519 640
141 649
79 564
609 389
809 383
778 87
390 589
23 602
543 338
520 725
165 575
559 606
442 684
283 113
641 816
282 391
415 3
783 643
378 239
67 117
180 371
648 62
78 76
24 475
25 170
501 243
282 647
810 691
674 589
481 170
504 58
625 806
731 704
518 746
400 799
508 556
733 412
663 253
289 43
663 15
459 778
462 222
643 297
324 740
69 391
757 141
809 142
496 181
320 612
386 799
389 495
632 246
201 236
393 34
395 4
360 107
766 598
88 394
314 641
531 62
345 169
91 298
401 199
551 747
689 148
296 660
556 30
627 803
35 241
725 217
710 356
39 523
355 78
155 68
25 595
360 503
530 783
354 199
326 74
256 808
248 240
434 661
552 348
806 420
741 443
618 30
106 586
113 339
307 522
559 178
363 104
322 279
132 786
84 230
802 713
712 111
73 6
737 189
602 779
226 289
810 609
173 102
141 390
127 5
765 729
523 83
469 539
332 678
734 306
509 379
287 559
464 296
559 417
295 567
412 420
53 56
709 140
799 771
149 253
694 444
775 469
485 245
737 792
376 371
480 438
130 747
573 605
786 466
145 723
30 651
707 339
307 258
492 307
387 439
168 445
796 789
534 323
82 447
738 664
231 171
757 276
190 430
476 459
86 619
128 699
769 784
130 18
470 365
735 341
668 450
578 482
423
82 35
272 353
198 353
371 279
364 321
326 415
330 166
199 6
42 321
86 408
396 180
355 261
199 32
36 87
213 254
181 304
132 357
119 163
134 264
237 168
67 59
348 26
234 129
410 160
400 191
274 253
333 35
157 355
7 136
127 162
85 188
276 19
412 113
398 395
210 233
378 357
260 114
85 343
358 173
286 2
59 75
257 304
239 346
256 338
51 320
286 392
72 396
402 329
172 28
124 345
246 395
395 3
164 68
378 88
92 161
214 301
176 407
202 259
292 154
39 135
404 68
334 170
291 385
413 59
8 41
181 224
45 314
416 342
40 277
270 314
247 212
41 24
297 181
139 48
306 251
37 315
409 38
380 198
171 367
268 315
90 388
238 326
233 7
18 230
14 70
246 141
289 76
210 358
322 414
138 18
2 260
116 6
211 404
202 385
108 390
177 59
318 128
306 269
376 331
50 138
405 288
91 219
48 420
379 335
61 308
400 236
405 396
298 166
279 407
15 1
143 309
125 289
61 116
145 341
215 214
377 272
131 201
367 177
43 356
325 253
258 177
333 260
107 336
361 246
235 3
409 147
352 185
314 175
124 341
53 410
70 237
292 199
73 157
273 129
155 253
146 58
185 418
270 32
201 20
96 221
48 56
89 159
416 323
28 399
78 418
125 396
245 377
271 183
111 250
336 34
265 148
77 397
307 160
303 317
162 284
24 416
271 58
382 40
407 49
149 107
163 334
44 147
175 419
350 94
123 48
304 244
374 280
154 164
299 311
328 178
91 388
32 378
23 377
41 216
351 63
72 119
197 293
256 36
231 17
391 24
199 41
102 180
352 126
21 181
349 188
363 314
244 327
391 61
164 201
29 378
376 85
25 117
302 338
375 209
260 274
145 379
233 2
197 412
85 222
349 175
217 21
257 204
197 261
70 40
179 406
243 364
22 280
208 87
213 190
289 280
414 218
387 108
29 196
94 344
367 305
59 158
231 146
312 93
291 22
295 107
369 89
11 15
172 124
18 156
113 288
245 28
54 350
226 364
373 74
6 204
263 51
296 49
35 123
345 337
293 278
370 351
123 305
26 218
228 137
156 357
341 336
156 377
293 309
119 300
161 145
102 171
122 96
297 414
53 279
103 153
73 139
348 277
80 206
256 319
102 65
51 239
378 327
393 91
236 229
280 68
112 332
291 248
172 131
36 371
332 294
324 88
297 365
91 250
82 129
177 418
373 192
321 18
314 196
374 98
229 221
86 151
33 417
190 414
203 12
368 390
414 187
139 176
61 294
272 126
102 21
344 283
332 385
63 68
352 260
200 273
385 320
94 12
188 20
142 113
27 240
244 281
252 18
307 171
373 340
327 230
225 62
293 321
6 10
177 205
421 183
238 391
156 7
233 305
85 350
299 298
335 307
178 233
356 407
310 230
232 184
45 310
2 184
219 176
421 382
79 29
366 9
365 330
395 369
390 372
381 136
175 191
297 241
56 244
127 180
144 389
233 35
396 203
212 184
58 254
293 35
264 258
143 256
224 262
106 32
331 34
146 227
65 158
120 132
88 64
423 142
277 220
422 419
231 64
358 324
410 52
310 356
293 286
310 364
252 287
123 113
420 330
67 111
157 323
361 323
134 168
289 407
313 352
264 74
243 311
278 78
292 340
18 332
10 240
275 84
377 233
139 244
360 219
192 359
6 404
256 137
323 1
385 176
145 347
300 106
363 392
315 393
189 187
377 268
405 112
291 385
117 303
307 188
57 209
137 19
103 121
11 203
257 415
231 149
182 297
329 52
240 342
37 129
360 341
85 125
347 403
204 276
43 285
152 359
31 36
416 272
299 119
213 72
175 266
41 217
379 259
94 8
251 284
340 88
311 365
21 249
223 58
270 6
142 84
295 227
151 260
177 21
72 29
392 55
