1000
599 736 941 372
271 265 812 824
613 287 612 312
919 33 43 9
883 182 882 735
277 99 13 42
107 303 290 283
103 3 19 42
797 13 33 10
139 330 486 366
293 15 92 89
17 22 44 3
173 632 878 300
131 7 72 76
797 53 796 85
769 72 80 82
587 269 239 483
283 510 762 153
521 39 812 486
17 47 12 9
263 668 788 412
173 35 31 25
401 6 801 7
401 11 13 68
37 29 403 190
281 40 38 81
167 2 39 44
107 4 16 37
857 8 856 4
719 23 20 6
137 692 161 40
953 9 7 7
43 786 282 541
709 2 3 6
659 9 2 10
947 6 946 7
971 41 47 12
307 2 306 7
857 4 856 4
73 4 437 9
2 190 337 291
227 112 453 183
131 871 785 793
197 10 787 7
857 59 10 57
73 112 315 448
227 5 5 9
293 66 4 42
757 6 14 10
823 470 822 416
233 663 698 980
281 10 4 3
373 4 7 3
61 38 36 91
839 42 25 15
61 4 7 9
47 41 234 77
853 61 7 13
389 2 388 5
7 10 8 9
229 8 10 9
313 27 47 92
977 439 976 157
173 7 6 10
523 24 34 2
859 17 514 398
991 4 3 8
919 85 918 47
491 86 490 32
521 50 33 45
307 48 13 12
977 81 976 96
313 316 625 3
491 19 36 34
727 677 347 47
421 19 14 32
977 12 31 4
541 97 47 59
829 6 828 4
227 308 680 285
937 7 936 3
499 238 637 396
787 105 591 223
461 498 100 49
113 9 677 6
47 35 281 123
523 39 522 268
577 3 9 2
773 18 200 425
163 47 651 7
43 5 257 48
199 4 994 7
71 893 425 774
881 248 880 246
421 3 4 7
157 289 784 410
197 402 787 713
557 320 556 210
733 34 95 91
103 68 411 70
151 72 26 53
211 8 5 8
919 3 7 26
631 222 106 98
239 347 477 287
631 8 630 8
887 6 3 8
557 17 24 14
929 83 91 90
331 86 661 46
607 3 606 17
853 37 26 35
61 7 9 9
953 44 952 54
977 420 976 49
691 33 22 23
181 8 9 8
173 9 7 7
367 726 366 825
157 8 4 9
439 9 47 28
727 4 2 7
367 65 17 48
557 468 485 27
101 2 3 7
367 934 432 715
193 3 4 10
19 751 502 234
41 3 6 10
701 898 700 616
769 7 768 45
149 22 53 43
443 21 66 36
311 223 196 93
599 53 598 816
163 188 893 550
3 88 728 51
953 242 952 824
563 957 562 432
739 2 5 9
317 15 23 38
17 16 28 45
127 626 841 555
757 6 6 7
839 149 838 180
751 4 750 6
101 84 100 39
463 9 7 2
131 53 130 35
631 10 8 6
461 46 34 93
701 494 217 219
829 75 5 63
523 207 349 289
2 3 4 9
991 87 69 74
521 15 520 9
673 4 10 2
523 496 522 457
619 995 658 933
709 2 7 10
617 246 372 143
139 34 833 49
239 89 86 55
251 43 11 20
683 3 682 8
7 10 6 2
83 84 3 47
313 3 6 3
179 33 47 15
769 18 6 60
563 520 278 460
5 30 23 5
809 309 808 361
631 189 20 262
839 6 38 30
821 309 820 275
131 43 20 21
929 194 284 935
31 42 64 85
137 40 547 16
43 23 30 4
79 128 157 391
313 13 29 4
661 483 78 208
887 3 4 6
463 9 4 6
227 58 453 43
757 32 17 51
983 894 982 887
149 10 6 7
179 2 8 8
193 927 360 51
977 15 87 20
251 41 250 10
71 4 7 2
79 285 529 145
47 6 3 2
101 789 619 412
13 473 554 308
827 99 826 46
151 3 905 38
997 9 6 3
709 4 3 3
659 3 9 3
151 179 301 228
373 48 44 26
89 39 104 117
751 7 28 22
971 77 160 44
431 7 48 44
457 33 913 66
919 29 10 49
433 46 865 6
877 66 41 79
523 8 10 3
683 8 416 22
811 96 47 100
37 48 147 402
137 10 8 7
167 938 166 684
89 47 8 36
41 25 122 41
277 769 276 591
727 13 42 43
37 20 5 43
47 82 38 71
521 440 520 464
571 5 570 4
937 477 609 948
193 486 192 567
101 7 8 8
103 3 308 7
701 827 700 301
491 7 490 9
41 19 24 50
103 10 30 37
449 440 897 591
229 144 686 76
73 429 430 474
487 19 87 45
937 8 20 20
571 31 12 5
827 29 826 43
599 842 49 663
331 75 661 30
197 857 951 390
229 451 472 903
107 6 641 4
709 67 708 33
223 6 10 8
73 148 369 86
769 3 7 5
29 12 69 82
911 3 2 8
383 66 437 421
19 22 721 78
881 6 9 6
557 8 3 7
379 349 634 87
409 20 39 37
929 232 181 496
43 7 42 9
419 8 5 9
163 62 814 8
541 232 33 414
929 26 928 91
653 196 652 48
197 28 787 5
257 9 256 28
991 43 165 77
97 9 2 4
751 166 618 107
523 15 12 46
373 854 890 869
829 341 828 371
137 186 341 101
499 530 240 303
821 969 951 458
569 60 324 158
401 434 458 306
509 20 27 7
149 4 6 8
311 120 451 496
953 36 952 45
647 9 646 8
29 70 840 358
397 67 13 60
127 110 231 351
809 93 52 65
857 87 856 10
367 24 5 21
769 75 984 661
797 43 41 43
523 7 522 9
241 58 350 516
787 9 5 4
317 494 626 101
811 7 810 2
11 39 362 38
29 19 23 50
509 47 508 11
563 59 562 247
709 25 28 38
83 13 16 5
709 35 42 92
523 50 5 11
691 10 6 6
283 372 212 635
853 14 429 297
113 39 225 5
937 156 85 328
139 5 5 8
3 3 24 34
677 8 6 40
631 69 87 33
83 203 277 93
353 7 352 2
859 4 858 73
863 387 862 144
307 219 254 261
487 5 5 4
83 363 454 486
239 78 450 313
593 712 436 444
953 3 2 5
349 2 6 10
859 693 774 485
701 957 700 73
293 27 585 16
491 192 585 94
97 800 289 662
751 44 750 47
409 49 16 6
23 233 12 86
271 365 812 416
67 314 401 191
383 41 765 37
613 6 5 6
421 10 841 2
769 24 768 11
997 353 996 245
821 75 820 96
347 9 8 4
607 11 606 99
491 31 30 9
911 315 910 478
89 2 3 7
733 21 13 37
643 348 400 379
829 4 7 2
859 258 858 300
197 86 196 97
19 2 360 9
887 287 397 407
439 68 95 32
2 7 5 4
661 11 397 411
73 695 986 410
229 9 6 10
907 42 906 9
29 9 840 9
397 82 52 13
353 75 705 96
599 97 598 268
977 461 156 451
307 45 920 26
491 51 96 73
227 41 62 53
449 426 448 120
307 611 97 317
2 35 511 15
547 64 546 28
467 745 821 634
331 622 951 313
5 45 624 3
151 221 213 900
193 329 80 100
641 370 239 352
73 36 437 13
179 10 178 237
179 19 46 8
151 2 10 4
293 25 878 27
571 80 61 91
673 62 149 379
929 347 833 769
163 947 651 662
857 359 425 154
613 7 612 8
653 658 171 42
463 360 499 387
349 19 50 28
293 460 23 179
761 9 760 75
853 6 5 2
829 55 828 57
101 17 605 9
953 43 952 59
593 33 26 25
761 20 760 50
683 4 9 2
293 5 7 10
811 64 810 133
151 4 9 3
461 50 76 83
829 8 7 2
5 6 624 10
283 10 282 7
839 22 22 65
863 17 12 2
373 9 98 90
23 195 409 143
739 5 2 7
79 7 10 7
19 9 360 6
251 10 250 8
67 4 200 9
419 7 4 11
907 34 906 36
683 198 682 442
59 2 2 7
401 26 5 35
293 296 292 295
353 90 705 26
197 411 556 566
59 83 235 62
131 68 72 23
191 826 572 96
839 225 838 766
863 8 7 3
919 242 918 942
149 204 284 387
719 428 436 141
857 307 382 193
983 3 982 5
79 382 959 927
467 450 313 741
53 99 25 60
883 384 351 427
179 772 270 441
97 14 46 23
599 5 402 394
541 34 34 20
479 53 36 77
269 18 15 47
523 48 14 45
307 28 751 550
421 334 841 557
199 63 80 12
151 57 58 37
577 37 10 13
929 27 928 43
233 6 465 6
709 9 6 9
109 10 7 14
83 38 99 65
59 10 176 25
499 76 498 12
653 326 834 744
947 89 254 333
439 5 10 3
761 4 5 6
773 24 772 17
107 4 641 5
967 39 48 5
73 13 291 40
233 10 8 9
113 388 168 334
19 50 28 3
89 187 533 354
193 69 964 808
709 404 708 88
761 18 760 553
421 54 31 76
991 18 39 35
389 17 32 38
229 41 19 5
821 28 160 23
691 430 109 494
379 418 378 243
307 29 920 33
617 21 29 23
29 989 48 129
157 864 424 178
19 51 338 143
499 16 37 24
587 27 586 12
467 24 373 106
101 4 3 9
421 528 861 495
677 17 7 49
653 3 5 10
3 965 243 58
631 307 288 918
409 5 28 32
439 80 438 71
263 367 262 153
271 212 541 236
797 65 545 535
811 433 483 113
359 8 4 5
673 437 263 418
467 24 22 12
181 235 904 213
433 398 432 139
769 270 349 67
389 10 8 43
673 8 46 39
823 2 822 2
223 459 406 59
233 203 354 271
89 82 177 71
269 5 2 2
307 500 920 441
433 163 3 207
263 6 7 10
359 46 358 16
419 45 837 9
509 11 508 12
353 407 373 682
293 301 878 312
769 10 7 5
631 8 8 6
19 91 360 95
853 26 9 18
617 4 616 5
233 30 232 62
593 44 41 44
367 18 733 19
31 855 317 739
937 85 88 76
859 30 50 68
359 785 192 94
263 34 99 54
2 30 5 37
439 41 438 42
619 3 9 5
293 13 585 26
809 4 7 7
151 20 21 36
101 279 106 150
131 70 86 34
13 9 48 47
601 2 55 42
113 9 10 5
739 48 43 38
17 359 577 139
431 32 28 38
439 80 157 366
541 28 540 544
233 15 96 69
769 409 67 835
967 163 271 576
29 59 5 96
829 48 828 14
467 363 209 965
733 468 732 124
683 22 49 74
17 10 10 10
431 3 430 10
53 420 307 233
761 26 5 73
547 33 48 34
797 79 76 15
233 4 465 34
181 21 67 82
941 8 940 49
829 9 8 4
79 96 157 34
337 4 9 5
719 16 7 22
467 7 269 180
227 117 359 430
701 370 618 113
607 253 606 150
271 20 541 19
293 785 84 684
797 9 6 7
293 4 585 2
317 825 298 21
127 52 16 74
571 335 570 285
613 38 612 86
853 3 44 12
911 189 189 324
661 53 660 51
193 65 365 421
181 443 64 65
499 1 498 991
719 145 149 393
53 415 408 580
811 140 240 28
233 17 698 8
953 26 22 29
53 90 63 19
131 255 35 524
881 5 880 2
857 142 455 259
347 15 346 78
853 8 6 2
83 335 544 205
701 4 164 460
887 8 5 7
269 22 2 27
641 30 61 80
811 530 810 396
641 42 640 11
17 21 288 30
853 218 17 229
641 734 63 963
107 3 106 10
271 6 4 4
109 45 544 74
631 5 630 7
311 357 227 466
181 142 99 126
919 5 10 4
359 488 717 264
37 21 147 23
593 413 592 517
79 12 11 26
149 74 595 25
643 35 45 30
601 950 600 59
499 146 346 348
173 141 691 391
487 165 376 363
509 28 6 12
739 60 91 11
337 3 10 3
433 255 301 297
379 90 100 90
2 427 307 241
823 756 822 607
7 10 4 4
523 202 522 160
317 5 316 8
257 49 33 44
479 690 18 411
859 43 858 92
587 382 121 87
607 675 283 665
269 201 806 60
109 74 83 100
479 42 478 42
541 45 540 31
281 36 561 23
397 93 96 2
127 45 507 44
733 37 30 21
683 26 560 741
467 39 21 17
773 7 2 4
379 30 14 34
811 27 810 416
17 9 2 8
941 39 12 15
773 16 772 38
641 58 16 90
491 474 16 155
947 186 946 901
269 8 6 7
223 100 87 70
173 169 345 236
809 389 440 98
281 2 842 8
593 470 889 945
727 6 2 5
719 27 36 25
457 29 913 77
613 4 612 2
5 304 183 390
71 20 3 53
761 99 250 817
359 365 440 253
467 108 211 491
61 519 68 828
347 289 111 108
857 50 91 93
487 5 40 54
167 828 170 957
547 75 546 21
827 33 25 31
809 8 808 6
929 51 928 62
419 37 837 44
7 33 94 71
557 7 7 9
503 8 7 6
613 2 4 3
613 390 375 242
733 39 732 74
3 5 728 9
653 61 652 79
967 4 41 34
499 24 395 459
151 462 394 295
601 23 20 14
107 7 534 7
83 480 360 343
751 8 750 3
997 822 464 838
757 50 47 77
263 41 788 4
109 31 30 30
811 71 94 50
331 71 898 814
643 3 7 4
601 302 600 379
751 126 96 50
823 38 85 48
271 12 812 42
599 138 220 813
659 7 5 7
101 8 7 3
167 42 667 25
269 22 34 43
509 115 138 908
163 116 552 252
643 42 642 20
673 363 275 457
127 390 8 241
547 2 6 9
331 87 22 77
233 430 232 133
131 14 785 95
257 20 13 97
719 39 718 53
257 16 256 22
487 101 969 886
251 61 58 75
659 30 14 15
593 104 98 949
797 429 378 450
17 7 8 5
991 28 990 993
103 32 411 34
347 37 346 15
647 90 21 74
337 20 22 49
733 533 357 1
23 248 528 475
31 4 5 2
233 26 288 820
683 8 4 8
83 301 497 382
503 353 502 45
971 21 26 16
331 10 34 3
787 114 786 118
859 17 43 20
311 901 401 395
443 254 801 547
109 6 217 49
883 421 882 76
83 92 248 61
179 283 364 105
103 620 998 38
383 251 326 240
43 2 42 34
157 274 941 228
631 43 9 267
127 23 634 35
191 127 381 308
761 243 760 842
421 10 10 8
251 9 250 9
47 50 19 11
881 15 5 18
29 974 293 287
79 41 315 35
929 15 44 4
373 21 33 8
601 16 600 32
389 5 388 3
241 3 240 45
29 9 840 41
709 569 170 972
379 9 378 6
887 324 254 70
277 45 830 16
587 27 586 5
199 40 397 44
101 66 98 46
547 3 6 3
971 376 970 68
563 10 5 9
607 280 462 121
691 7 8 8
643 63 642 27
991 352 990 268
223 44 41 309
13 47 26 19
337 2 673 9
457 23 44 79
71 98 425 71
229 9 7 10
491 274 312 308
263 10 525 47
223 486 445 893
577 316 576 64
307 19 82 23
47 103 200 218
823 6 6 6
433 988 923 796
811 414 635 773
461 35 26 32
631 496 630 431
521 3 520 4
419 6 25 92
983 86 37 74
617 15 616 17
643 6 7 7
5 464 207 371
367 8 4 10
191 204 190 220
223 254 891 279
3 43 728 8
401 219 771 46
347 5 346 9
409 203 37 351
101 217 338 262
739 328 581 617
53 35 13 47
661 3 7 7
839 184 35 469
293 905 292 465
863 7 10 7
307 781 286 418
431 330 6 469
683 895 682 649
587 878 621 211
509 278 508 748
593 44 90 89
641 32 640 7
251 50 752 31
577 24 49 46
569 8 568 9
251 19 32 12
839 99 17 43
569 278 137 780
3 14 390 175
167 408 108 791
433 5 3 4
541 4 3 10
883 6 43 39
787 480 786 311
53 25 52 6
509 31 11 22
17 2 6 9
401 478 801 101
863 7 2 8
149 17 27 48
701 11 700 19
673 966 168 134
131 22 654 92
347 250 246 163
797 46 796 71
641 627 367 226
101 34 605 24
463 381 318 125
191 76 284 288
659 382 658 385
59 39 117 37
919 36 918 5
3 257 378 496
199 19 28 8
181 205 542 414
431 38 97 24
761 56 760 37
19 31 94 41
373 129 745 410
467 984 73 352
941 46 50 8
227 68 91 35
197 64 17 122
151 432 311 447
457 9 456 10
491 4 4 4
487 50 29 49
137 662 410 216
967 69 966 85
73 61 72 41
229 58 915 100
953 21 50 5
383 771 382 889
233 610 196 68
241 6 8 4
229 2 7 8
439 8 5 5
37 14 40 21
673 4 8 3
547 5 546 6
349 213 463 66
613 122 612 58
809 539 146 777
101 33 24 40
761 28 29 11
631 96 61 76
809 143 808 561
577 8 4 4
769 377 73 48
997 361 260 479
163 110 88 45
227 803 658 414
929 473 352 274
701 365 700 304
467 10 466 8
199 34 795 8
967 42 966 4
673 88 672 43
79 160 24 249
331 9 661 3
317 385 432 283
37 5 147 6
641 79 862 71
389 8 777 32
757 35 23 37
359 62 717 85
547 371 99 86
227 51 680 283
983 6 982 8
239 692 199 589
449 358 448 278
383 4 7 5
97 2 96 3
971 6 970 49
929 11 928 75
2 828 805 754
277 41 888 295
359 18 46 7
47 4 281 64
521 240 520 194
5 475 735 549
887 5 4 9
919 289 101 104
31 368 361 426
211 2 210 10
479 413 603 617
457 39 456 28
457 229 913 486
419 592 418 720
41 2 40 11
2 9 8 7
463 69 925 444
977 2 976 25
809 2 808 44
367 7 9 10
89 80 177 18
61 940 502 460
157 672 186 203
911 19 26 54
971 8 9 4
613 4 9 4
373 15 745 23
797 64 103 767
239 4 9 9
677 3 676 7
491 67 490 77
797 34 38 74
977 32 13 37
359 39 358 64
379 5 3 6
907 23 906 16
211 2 7 30
37 21 184 26
157 9 9 3
947 8 6 6
397 16 396 22
659 2 8 2
569 41 568 21
233 488 698 28
599 92 598 91
811 176 240 178
523 479 355 536
409 4 408 3
103 3 37 38
593 989 513 840
433 5 432 6
613 34 612 22
7 40 10 48
911 272 383 335
929 12 35 426
281 22 280 27
937 7 936 4
641 3 3 8
587 283 168 233
163 27 651 19
971 186 970 456
233 69 67 20
643 31 39 49
523 12 522 27
53 369 158 288
383 23 23 31
83 12 3 36
857 468 856 362
733 63 732 8
929 5 928 4
431 844 174 461
