1000
583267 7 583266 5
762847 800 787 647
320387 34 90 41
392669 7724 5170 7364
650479 3628 464 2308
706633 5249 706632 1371
672913 9845 9324 6425
603091 258664 603090 734
752797 46 5 63
169049 56 61 2
474347 896 268 617
836509 7 836508 2
72367 9 144733 8
356449 3 3 7
278801 193588 557601 989309
978799 42 67 65
898423 80 7 61
93889 3821 4337 9105
93253 15 373011 33
640901 22 13 35
626177 1082 1172 9783
35933 27 179664 29
27823 54 79 2
46747 3382 9733 6597
137369 806 412106 578
735557 7 735556 6
94993 557024 115981 391744
275651 88 55 19
407083 6683 855 8012
700703 61728 700702 872619
901997 2967 7908 1278
684713 3167 7328 5774
318443 489 296 216
761879 46826 896305 444285
348587 9624 5797 4917
299401 722103 898202 14769
217457 52 53 55
216451 659743 732406 182836
852857 8984 852856 1740
749279 9017 749278 3485
804197 4488 804196 8687
529681 483 241 536
469753 50 939505 92
167809 8 167808 8
79561 5100 1009 5663
561103 365 983 220
909539 5 909538 7
977021 810 587 573
753931 5 753930 9
560737 462330 62474 393808
139459 420 557835 289
108211 908673 108210 73318
839723 6 9 59
224429 49 448857 29
113567 6264 4084 9629
719011 85108 719010 284615
823997 81 823996 13
693827 408926 976629 228719
605257 932 322 85
907759 882733 761454 832258
893929 7 8 4
754157 262668 421262 478711
996161 7792 8236 9515
328411 2113 1759 7949
82763 42 122 897
737131 78 737130 83
886619 861 274 462
127031 1626 7254 8475
444487 4 888973 2
391889 31 32 12
437389 425273 457044 59483
754811 814 486 302
491327 981812 902985 402715
469979 5 7 9
698701 5891 877 3923
317321 161339 585269 562735
620161 93 93 55
223781 695433 223780 345533
460267 9 920533 2
653707 443 653706 615
120401 771186 824164 997375
452161 907141 371038 917679
39827 405 238961 626
956143 594 755 796
336689 213 216 401
892547 6884 892546 7508
829847 328 337 556
580871 461061 991677 479058
259717 3 779150 7
133541 5198 667704 773
631913 307653 631912 421128
344083 10 9 3
157327 3930 314653 4278
967501 80 7 17
709817 106952 546367 883464
420323 42737 729436 895347
93827 8 469134 3
927587 6 927586 10
92959 48 278876 26
989381 63454 989380 250945
575581 80329 787070 981236
680441 9 3 5
204173 10 816691 6
64853 33 7 80
699469 9 3 5
372871 5861 5987 1585
905687 4 3 5
230341 971127 257135 773683
6481 142 7040 313
137659 440 983 354
685247 280 685246 483
237767 1456 1615 8981
903311 547 137 740
902413 4110 6135 7317
390119 15 780237 42
295039 10 80 92
774283 8633 774282 6858
412463 401 782 795
439253 909 878505 4074
7573 9 3 5
920561 71 52 590
40153 65 160611 79
123203 26 50 53
472301 9 7 8
701509 728965 983110 477555
133873 832 803237 870
754921 6 308 895
622247 91 2957 3489
700027 45 12 54
204007 856788 204006 898855
237509 8 237508 7
969757 139819 169680 634979
997021 962 68 766
933397 3 4 4
179209 44 68 71
151651 8 454952 5
957889 3 4 9
26573 373858 26572 883164
532163 16 28 87
344117 9773 1389 7330
415801 10 415800 10
67619 2511 9291 4427
432577 497113 865153 780132
140557 45 84 71
161969 707 365 842
97441 390419 621194 293181
237373 2 712118 9
310129 5 310128 9
757909 16 757908 59
930637 670270 930636 750277
803921 833297 477480 276651
405253 857868 570452 210724
799003 4450 4284 5685
855737 2212 1031 1294
555487 5764 555486 6088
849097 3 10 2
451303 320967 451302 825757
629701 159975 629700 574444
331609 32 36 10
658279 3148 2979 1124
299333 7 2 7
644047 8629 4076 7420
244451 58 733352 16
311033 242 311032 562
512713 4 512712 4
312023 8 312022 8
753497 645 753496 170
544367 264382 544366 515385
809377 4 809376 4
327853 78274 980715 431258
747991 4854 747990 7006
910307 284334 816129 112427
44623 2 6 4
422203 687 471 407
976607 87 976606 48
272683 33 82 61
509239 10 6 10
178697 338985 604713 9050
300431 491 901292 118
980641 2180 980640 9893
199799 4 399597 9
710557 2566 710556 5349
815527 613978 186238 883690
821081 407444 821080 673157
916651 5159 3292 9799
474583 72 949165 48
167537 802167 364454 569199
967297 2633 967296 7887
930337 767 559 902
910097 458325 667496 757422
101957 8390 5347 6645
55589 260 894 13
124909 6 5 5
621353 2 621352 9
27581 5034 5312 2187
106531 766299 729057 128430
672937 7 7 4
737083 622 737082 89
347057 267 699 918
776693 53 776692 890
618083 4 618082 6
900169 2549 882 7403
521813 12 799 425
404951 9 404950 8
882449 3 882448 2
335273 556 335272 345
134677 597404 404030 505130
33713 8287 7586 2005
312217 76 91 24
276707 10 830120 6
828677 808 828676 692
817051 1815 817050 4016
296731 66 19 6
717551 691997 717550 503881
393299 75 36 61
280589 670 280588 653
196477 92 589430 214
447829 3 895657 4
354829 617 93 851
867781 47 867780 54
125329 7162 375986 3619
230089 293935 863228 499435
734933 5153 734932 8710
523169 310147 523168 594643
605021 2 4 2
323077 20 969230 65
409889 3 9 3
463867 857 463866 169
107641 77 97 37
740549 3217 1443 691
126827 306 403 847
705167 1391 9705 5356
195497 865 796 881
603749 92 603748 74
951557 254 951556 161
23909 8 5 3
525739 840 82 295
741119 662 543 825
294029 8772 5837 8820
283909 326 567817 4
897499 389458 897498 141454
389927 2860 779853 9127
243889 601082 243888 339809
835909 932492 835908 742279
514741 87 514740 61
86531 620612 346123 333300
521161 667 521160 796
938681 10 938680 10
234977 77 75 86
11351 519 11350 32
9439 33 215 779
488821 9 4 5
469561 522311 701761 278402
228251 7 913003 10
874693 83 40 15
430009 358053 354375 587339
855467 75862 6282 820218
85223 6 255668 6
284747 8 48 11
135467 144 541867 932
319811 5166 6637 7455
265621 68 24 74
380041 5 760081 3
46549 767182 398366 204425
379681 987 228 750
101807 714731 576018 915662
574801 7249 574800 8521
275767 5105 8952 9542
327917 680 121 453
867227 7 7 2
799991 979 799990 133
615971 335310 872205 264385
556967 7422 556966 9012
246769 10 740306 4
241979 150 429 26
779249 7 4 5
274993 841870 543556 822619
664603 55 664602 22
33637 387 437 663
988681 989354 141166 657841
459373 50 918745 78
337969 75 337968 44
123833 136 371498 495
808517 20 15 54
288181 9414 288180 1286
864047 906 864046 330
996049 453 876 781
104717 958785 418867 643342
939749 565179 939748 639488
936259 48 38 81
277577 7347 4177 4366
380957 3 380956 6
734443 426 734442 512
657121 231149 27503 621120
294251 10 882752 2
570161 303540 259988 32710
58313 282412 58312 447298
274237 7 6 10
969877 9388 969876 5985
769261 7170 5544 7963
267613 35 80 91
76883 215949 929805 314542
750151 384757 516081 517280
704579 658835 803038 948879
941009 51 66 9
357739 605 357738 931
684769 10 2 8
436693 6600 873385 2497
128663 96 14 31
423989 643578 847977 661335
188029 958344 752115 86273
729217 1140 729216 4839
761291 94 9 20
580213 2 5 7
593647 136 580 85
177677 9 710707 6
559597 2 559596 8
465781 8058 931561 28
1907 884 5720 804
906701 4 5 3
128629 839 744 657
597581 879650 226509 229640
473659 4 473658 5
300317 671291 900950 132397
34367 857 913 315
163637 93 99 80
921029 359026 56984 739505
538651 885 538650 130
973823 77 34 63
72931 8280 9171 1764
48571 2 97141 2
920107 572 920106 824
853241 8 9 6
447221 49 2 86
848423 485190 848422 289848
119489 9 477955 9
395273 600 381 653
259213 8119 777638 1721
15733 67 47198 2965
457399 340005 457398 73785
865817 4667 865816 3526
486671 311715 973341 564911
85597 886 30 884
353557 841 707113 2157
695281 609 255 320
594211 5788 594210 7544
82903 72 30 57
14929 6068 6362 9436
151969 2011 7506 815
739799 3 4 8
273281 10 819842 10
377537 19 96 38
370081 913 548 143
303959 402140 607917 327194
119069 4359 357206 7893
69371 15 34 87
196583 69 589748 16
423667 3574 4970 1101
135151 5191 4244 9900
505213 7297 4571 8215
673063 288051 673062 569998
703379 8 703378 97
6599 72 26395 94
970303 38 5 40
965357 5 9 5
93263 7658 559577 8295
841091 756023 841090 792419
819523 8 819522 3
329603 199 779 64
57977 47885 281185 199605
194269 8 8 3
988661 228 760 837
577397 578856 577396 106205
566963 8 7 3
85381 222 71 75
392593 79 785185 980
793627 7577 793626 9429
407047 419 814093 5370
276019 586280 552037 306321
128477 82 385430 5
39251 816 797 801
679501 9 9 9
60821 730 753 21
897877 889037 558263 108568
332113 5578 996338 731
414737 85 97 69
947651 10 7 8
622781 458882 622780 947144
18839 72 75355 748
84053 41 252158 937
623723 3368 7422 8553
773599 7333 773598 7840
887441 46 887440 82
212281 250859 13115 923162
774857 12 49 25
840733 5 4 6
253651 41 35 4
519089 92 519088 14
401057 194 802113 501
252449 77 504897 63
616877 854 616876 862
466069 70 57 67
807403 69 807402 48
352991 65 26 46
760537 833708 399884 735324
502543 10 6 27
262069 10 6 9
280817 620393 280816 513803
363841 484708 363840 551165
276553 480579 732652 869563
862573 218 500 499
29401 56 53 100
480049 4 9 2
43753 17 175011 49
209987 4993 6898 4537
233071 6649 466141 2476
146383 227548 445367 880353
529747 4556 5203 6959
278561 233766 278560 122294
77551 2 6 10
247913 98 54 13
997933 3 55 72
993913 5 4 3
219911 5 879643 3
565163 4939 565162 6554
882703 480 802 76
271849 766 543697 85
492227 138 492226 912
532601 364658 806512 681747
158731 8 3 6
530911 4748 530910 6180
940781 2 940780 73
561961 8 9 7
538829 4360 538828 8739
641471 26 75 64
681271 8037 3727 3993
85847 982 1127 9955
797743 3726 5602 9223
634649 8 8 4
512249 8054 512248 3635
49451 7699 2076 6595
984853 5 10 10
203641 886303 799521 747539
12941 6951 3478 202
525163 3 9 6
422369 542 774 229
892219 843 879 252
683783 197197 315828 77249
826799 6153 826798 8758
742289 106 742288 948
451657 1385 451656 8574
466009 505807 466008 225237
986287 25 28 81
65837 8 4 3
790003 598 790002 226
468653 196 697 841
546587 867886 546586 447832
60029 608728 3373 279214
65617 180 742 661
361769 485442 723537 588860
418597 2585 837193 1310
231547 57 11 31
905783 2 6 10
629483 8 629482 18
115979 8 347936 10
882251 51 100 2
154747 222490 924201 335030
874427 4 8 8
965303 68 20 31
660227 6555 2143 272
156241 404489 755062 844800
428633 594 246 757
297019 2445 1297 3453
318191 4 318190 6
696413 9 10 5
795211 3 7 4
91541 3 9 6
205433 2 9 9
271067 4 10 8
731287 6522 1278 7969
46811 9729 7036 2144
79757 1680 9322 4056
962431 51 962430 46
50153 990915 150458 393583
592577 797499 771712 646932
499973 282 1144 3433
213359 816 426717 153
38977 957296 144268 921870
700201 7 2 8
593429 655 48 271
424573 77 849145 98
237683 943 402 118
914477 672 81 661
352757 3751 7428 9775
932021 424231 932020 676883
685613 58 685612 3
589759 891801 458445 843272
761 222564 343428 29347
878987 68294 415101 756000
439367 958284 924953 262512
40213 73 250 788
494719 57 494718 12
81031 982449 162061 584576
895529 22 895528 40
515369 860677 707810 608931
294757 607 884270 913
406327 36 24 69
844733 486 844732 362
280229 6 2 2
881147 178837 881146 254767
345011 924 690021 790
478927 99 957853 4
176153 9579 5741 1614
672151 6108 4700 7804
492967 779083 492966 212828
293213 4389 5997 3927
667859 3264 667858 2211
939061 806893 583668 412022
244253 7626 4010 2275
348923 51 44 81
693967 55 314 470
183119 37 54 56
594929 963 716 493
122011 53 15 47
499507 8517 365 8023
40853 6 10 4
945359 8 945358 2
95083 6629 475414 1321
363773 9 363772 10
789343 7837 789342 7550
525731 6 525730 10
826811 4 826810 6
454303 550 454302 449
341813 800002 396188 712397
866717 4 866716 7
486223 550265 127459 220201
557339 733169 509366 837039
994933 775665 994932 477225
918823 385708 974934 30014
87943 2 3 10
609709 56 609708 79
796981 733186 796980 188128
603851 29 99 77
256169 72 2 68
2477 7793 4953 7209
586543 6 586542 3
682421 71 56 43
579331 803 923 894
395287 10 5 9
407401 193 207 434
749449 1785 900 6155
350093 93 32 99
790523 10 9 5
729737 2963 3559 3401
566431 4029 566430 1111
729139 84 729138 15
768359 9814 768358 3834
602743 83 44 17
547513 373172 547512 900190
577169 417 577168 413
912343 16 912342 12
647723 1475 647722 3793
369419 9 369418 3
105563 2 5 4
495067 3868 5197 526
717719 416189 813990 865542
378967 957 943 692
501203 90 12 39
562901 7050 8475 3772
52981 3 9 8
71257 336 38 531
679423 67 8 75
933301 96 7 98
748729 607 748728 684
43403 1286 9266 9936
460951 6 10 2
845137 77 845136 664
811667 6 6 5
245681 932 982723 229
192161 912 576482 903
890063 49 84 79
271429 345 542857 7077
201281 8331 204 5523
437519 587 886 179
487979 3 487978 3
677473 368 978 264
213491 5453 853963 9417
944029 940371 944028 148878
875107 10 875106 2
185693 330178 742771 353212
956353 3939 1265 5761
896453 261 896452 609
140123 73 73 7
50359 725981 54361 857085
738457 870 738456 637
333383 2 7 10
446863 2315 446862 949
718661 850 844 841
65381 9152 65380 432
133439 5 133438 2
272581 3710 9384 6226
212419 137099 424837 967100
514001 7993 8253 6515
281357 3 10 9
952123 51 952122 30
431693 366 863385 591
403981 756602 482961 292276
595717 6 595716 6
901471 241 512 207
392549 203 785097 293
238157 2307 7497 2541
38281 3699 1210 5724
833783 8 833782 5
182177 19 16 41
788087 618 6858 8523
919927 100 43 62
136133 593 272265 608
512093 722640 106957 104101
359753 9 359752 6
711589 341991 701014 241655
500977 6 7 43
979291 407 549 580
797429 734883 94713 282355
977183 49 82 70
292807 635970 381239 554304
678871 395 555 733
510047 611755 510046 433953
69431 664408 138861 617707
293621 26 293620 936
852427 337 852426 601
947407 3 9 10
78157 77 62 80
196181 273225 588542 552981
826151 4786 4418 1705
27883 6 27882 76
83003 407863 352144 536518
766361 6717 4583 4317
744649 844 744648 339
124799 179719 623994 623069
650543 9060 650542 7070
471781 555672 471780 526226
986411 131607 312553 164691
234187 1627 6016 3812
948551 8 4 2
508513 98 42 52
425701 581203 436488 983449
160169 34 320337 12
1283 4 7697 64
865483 5 5 10
855919 2 855918 7
87691 689 903 737
772367 78 772366 80
279883 3 6 6
127763 3449 6904 3690
307583 237 39 170
104701 8 104700 3
141223 20 30 97
128411 83 385232 12
469229 176324 938457 940327
248783 382706 191779 165739
514783 527 514782 922
894181 5 9 5
791929 180 363 840
163997 2 10 3
421 482856 62784 899774
647011 786 461 97
704399 97 100 62
945391 2 10 7
499021 131607 998041 434756
283267 891205 849800 533733
378463 377 52 9
658601 3 658600 6
185677 7128 8256 9792
150893 1750 2919 7980
453983 82 87 89
196051 8 588152 72
381523 995484 381522 433344
741721 2114 7212 6525
903541 4330 1011 7437
670147 257743 670146 645840
51577 565 550 389
932021 90 932020 45
402307 504090 804613 640086
912911 78 61 41
32917 7 32916 4
998941 54 3 31
561019 8 9 9
436757 584 73 214
512819 11 93 9
460949 9291 5457 6660
223493 3 8 8
649937 7432 9169 1760
754969 6113 1061 2448
309779 619710 309778 278748
596579 156 183 226
572791 13947 818493 30664
791261 474 791260 782
891017 2387 2255 7825
969233 100 969232 62
504989 664734 931238 797472
42461 760 149 944
510403 175 510402 239
353681 435106 707361 48931
326149 479 147 842
655261 9526 1256 884
569663 449853 742133 853239
664757 221240 683540 233194
666041 6455 6241 7306
959863 62 959862 64
287333 2126 287332 7249
493049 966614 493048 176185
51551 31 36 45
179581 10 8 6
390739 62455 254641 890813
628709 7 628708 10
865253 9 8 7
698521 4117 2827 574
830051 17 830050 96
380657 180 555 511
114217 8 571084 5
240623 212 481245 623
33191 2177 8719 7807
13399 991 40196 294
615431 1743 492 6081
654053 71 97 72
220301 30 20 30
111581 39 36 72
850403 874 675 791
7517 548 7 384
585119 65 585118 16
648383 2 648382 6
431513 50 531 166
374683 426559 749365 208182
431801 884 863601 791
84391 5 253172 5
729019 884 546 476
4663 677 23314 68
392087 4552 5758 4479
717491 725 377 256
882529 685073 882528 269920
113363 8782 226725 8318
932969 824196 86276 451727
354301 5044 8944 1070
1993 104 471 773
755033 450 264 221
10211 307 30632 161
757553 9661 1136 7815
196991 6 7 10
295819 8 8 9
878113 2 6 5
140071 2432 3528 3509
855199 255 855198 403
476849 29 476848 916
585383 70 48 97
67369 2 9 9
30169 63 58 15
455863 7837 455862 5651
823153 96 989 703
506993 315 506992 313
62753 325 188258 982
205627 450 903 304
383587 716034 383586 247096
304439 4137 4911 2330
236479 595 365 135
164963 352716 858852 294348
464459 2 928917 2
487651 8653 416 8736
15053 10 90317 305
984323 8 984322 7
663539 5765 861 3381
449569 8679 3161 2323
441607 10 7 8
470891 89 40 98
27967 39 39 19
881173 6 9 7
749143 764559 331774 261779
982187 1362 6287 3620
538579 3 6 8
64223 397525 984821 983999
770239 354679 717503 690821
663979 5 663978 4
14821 590 352 425
928139 9022 7811 4594
311881 699 314 337
682597 6195 9677 1202
747497 5 747496 6
211 733 44520 140
556697 88 556696 63
692273 44358 509997 936656
669943 848413 382323 957697
467813 687221 734954 397729
590207 476 227 560
152219 17351 304437 929106
902119 5713 902118 2412
642791 840 408 36
302927 74 908780 680
63521 5 317604 3
518411 675917 518410 797229
321221 174017 321220 414454
405157 216 531 271
933263 5 933262 5
443561 443605 75170 378279
76333 8176 2251 9176
92377 7 2 7
702077 759077 702076 905034
941359 7 9 6
848213 3 848212 6
287047 768 340 4116
503599 86 139 203
832987 302648 548600 116974
8641 306361 259691 195943
176699 657 883494 308
535303 65 100 95
309779 41 351 757
52567 9199 157700 4294
194723 95 778891 58
780823 611 780822 792
111599 465655 669593 424010
3557 332206 256045 452338
470819 8005 8368 1977
963979 172 963978 499
700897 9337 700896 6263
462481 1962 462480 5667
55021 3 275104 7
999023 468385 760979 262704
422711 7834 2725 9314
964981 17 964980 83
667559 9055 6127 9089
901067 112032 395303 101805
119953 6920 479811 3024
86183 688079 430914 871576
45433 10 7 9
111977 9 5 7
52579 903367 105157 129325
486389 6 9 4
416623 3482 833245 8496
336599 2 7 5
451933 741356 451932 79313
203351 10 8 3
56383 579 56382 428
80369 732 26 341
369731 828883 208909 915263
247069 355535 807086 104469
470297 3189 4461 4949
422581 8 96 8
424727 835056 240047 21429
522227 2614 522226 1432
678371 41478 678370 867533
32233 176 193397 195
600167 229373 326141 236034
685297 473 685296 551
998329 922 998328 724
398407 168 796813 397
65129 3740 260515 1117
196597 361260 445988 114815
225133 937910 450265 20453
58549 490 895 927
625483 443283 566091 635895
432433 5565 8951 4840
137983 124 827897 149
733939 3166 733938 4954
438847 645399 877693 329725
697457 825238 750998 155874
116747 83 116746 75
393649 304 9 545
186103 578 712 574
829063 476545 866597 282295
971281 583 909 376
608147 55 45 86
655651 657 655650 512
78787 327 315147 411
979987 318 979986 685
144667 613785 434000 693947
108289 2933 1665 464
429083 31 87 21
146297 104812 877781 712946
275719 8 827156 4
615883 100 86 32
453889 118478 294526 847392
136397 292025 558983 473640
990169 182 350 443
255923 64 32 70
495037 962538 885330 87520
206291 263 176 448
336317 4054 9275 7992
13687 3 8 3
866759 40 866758 80
746903 959 976 894
921637 19 921636 95
776513 134890 776512 463318
208003 798 624008 693
474547 2 3 9
483883 200727 566616 931355
157907 102155 811316 171437
995219 20 32 80
497507 301618 497506 62469
329671 4275 8675 3647
200159 493621 156910 599105
725209 856235 215517 384185
939061 91 939060 46
498689 94 997377 68
193951 641 491 983
298579 65 70 81
756881 20 756880 175
636283 6666 4175 6820
442609 319 44 229
510403 9 510402 2
690271 635324 690270 179509
90997 96 272990 91
38639 375 231833 931
861541 2 17 76
283009 343 428 189
124771 3810 9104 3817
657529 70 55 3
702529 139129 753885 549103
980071 679 17 671
833563 165 7847 1749
624419 105280 624418 192475
433501 93 55 44
492641 9 985281 6
961871 341323 961870 576201
33247 131 671 531
983527 5438 382 5146
610957 859 673 533
221219 237 884875 129
457757 469802 915513 39849
348763 7 348762 8
902351 560 474 156
774779 6722 4110 6940
610733 595788 421828 772037
498907 410233 212162 473113
809563 894 809562 888
806977 4518 2512 9767
162109 8 6 2
672323 3819 2747 8083
789149 675 470 761
715523 5 715522 5
967061 10 6 6
445657 177 891313 150
220279 38 220278 48
325861 8912 5816 4533
951647 939 951646 716
205817 269915 269379 32000
448027 75 896053 25
25997 4743 8503 7807
22273 68 65 36
375997 2 21 47
522079 82 36 75
888319 70 26 14
389303 356 778605 413
223 4 6 4
46889 1915 187555 7832
772229 266671 800526 985789
994793 78 55 100
842419 6949 842418 7994
651019 72 100 94
598427 26 10 80
299147 6 7 10
135367 3 4 5
778357 43 781 10
446893 6393 8634 5587
781117 653 30 423
22483 809273 893745 642279
439661 85 68 78
816883 236 963 50
273551 9 820652 4
73771 2 295083 8
683737 722955 881807 58971
919267 867229 919266 957858
90059 27 450294 43
285631 7766 856892 8206
818113 940844 818112 88263
849967 913658 157148 725062
688889 30 5 30
38933 97 155731 58
822803 293 241 262
248707 16 746120 80
518509 656575 518508 76890
164513 880080 658051 58666
886453 24 886452 44
144379 11 721894 14
599701 322 561 73
880409 548878 200900 452768
504289 3 4 9
880673 558 880672 900
372877 91 841 218
594637 915 515 937
891287 8937 8585 9965
916477 10 7 7
940249 5401 1959 8108
381401 21 47 94
751627 530 751626 385
84649 80 507893 487
69151 362491 705405 157548
932419 4 932418 18
543901 24 64 55
45817 8894 932 4668
364411 27 26 55
931309 9 931308 8
719731 4853 719730 9922
