1000
98
26
9
8
6
86
1
42
3
5
1
11
3
86
95
99
99
7
9
13
56
96
2
4
9
80
8
22
2
58
90
7
9
40
1
18
22
9
47
4
2
5
6
36
92
95
8
9
36
64
7
26
2
5
4
51
2
45
98
3
20
71
27
13
24
4
4
1
75
4
2
78
9
9
2
5
81
9
79
41
28
4
4
59
6
7
2
3
5
4
80
5
95
3
54
6
42
20
8
15
8
77
6
98
93
98
16
61
36
2
78
1
91
7
74
5
43
48
37
5
51
4
5
59
40
94
45
5
7
6
27
6
37
1
4
72
3
8
7
36
5
8
32
5
6
4
9
6
45
85
6
23
4
4
85
8
69
2
32
1
40
9
59
78
3
4
3
70
48
1
3
5
4
28
84
3
92
28
7
7
8
5
53
7
6
77
1
8
10
92
8
3
9
6
64
2
32
6
4
98
56
68
93
65
69
9
9
68
22
6
71
5
5
4
92
2
5
94
84
7
74
67
4
4
1
90
99
82
16
49
2
73
1
2
92
1
5
5
33
48
12
49
43
1
5
27
11
98
9
36
99
50
9
7
67
58
3
2
20
8
76
12
7
70
6
8
61
8
8
74
6
3
73
20
8
8
3
2
8
7
1
1
8
2
8
29
6
7
4
45
77
6
9
1
32
74
80
4
32
65
15
7
2
34
91
1
3
99
59
65
1
75
5
3
64
7
79
75
7
77
1
9
63
8
6
82
83
39
90
4
1
65
7
6
2
3
80
91
2
8
2
77
6
2
4
76
2
72
94
6
7
7
6
9
9
6
1
36
87
1
83
9
1
97
3
9
22
1
5
1
3
7
63
4
50
8
5
17
9
55
77
28
3
14
67
75
40
98
9
2
21
32
36
4
60
2
1
6
64
4
3
4
80
50
80
28
6
79
6
8
13
24
21
92
77
47
4
93
1
35
81
8
82
8
7
6
72
77
9
32
6
93
74
19
81
46
17
81
5
62
8
70
56
9
3
33
1
73
80
6
6
39
4
21
2
4
1
86
6
3
8
35
53
81
7
41
33
41
4
80
42
4
4
39
2
65
19
39
8
62
96
84
8
2
9
6
6
9
2
95
9
5
4
18
60
60
29
1
80
3
96
81
67
1
9
5
5
65
4
6
73
12
32
7
7
1
79
46
81
3
42
70
9
90
2
61
17
5
36
17
9
7
7
1
5
29
1
72
3
15
5
96
7
69
20
2
68
7
9
13
1
71
19
7
6
66
2
15
2
7
38
85
3
25
9
8
1
59
52
6
7
1
4
5
91
20
25
10
68
8
55
8
4
1
3
24
8
62
6
96
47
65
27
67
94
16
9
43
17
40
4
11
48
5
29
5
24
6
68
2
8
8
96
28
65
9
5
1
3
38
61
88
9
4
9
1
34
9
85
18
22
4
95
2
3
5
68
55
71
63
2
23
4
6
3
34
60
1
9
8
73
55
7
57
8
2
1
88
16
3
1
79
92
8
7
67
17
5
80
68
4
56
58
3
5
83
32
72
2
84
1
4
6
87
8
79
46
9
8
14
29
15
8
21
52
4
98
2
6
59
1
7
1
2
8
69
5
27
5
87
1
91
5
54
2
89
4
9
98
49
61
2
51
5
1
7
95
9
31
79
5
79
8
6
4
4
7
44
26
6
9
7
75
51
9
92
30
8
1
66
9
20
7
3
39
46
6
4
53
92
9
67
6
2
32
92
9
11
17
2
87
7
4
86
6
1
9
5
8
58
3
54
8
19
1
6
6
88
90
60
54
8
8
4
27
30
5
74
1
2
38
7
3
87
62
4
4
92
29
4
9
60
93
11
1
4
52
6
72
54
6
80
50
44
3
7
54
6
58
12
76
71
8
75
76
35
15
39
78
84
17
5
27
79
8
2
29
95
6
7
20
9
6
26
33
3
99
5
4
3
3
69
10
50
12
31
5
5
57
67
79
3
95
7
65
81
79
5
65
2
1
44
15
22
8
3
4
5
44
4
91
3
16
52
87
6
1
8
1
14
1
2
33
81
80
8
1
95
35
40
22
70
3
9
62
3
6
63
68
76
1
5
29
6
6
28
45
3
11
6
3
3
60
68
3
8
5
68
87
52
57
4
8
5
2
55
24
16
4
8
25
14
2
72
30
55
3
4
10
97
15
50
29
9
37
22
5
1
14
2
41
1
31
71
6
3
4
7
56
76
29
9
45
6
67
9
57
65
8
63
75
89
47
4
8
6
2
39
7
94
