1000
8
61
74
52
43
9
9
9
5
34
54
2
22
5
70
75
2
78
8
7
2
7
8
8
4
13
9
83
91
55
1
88
59
61
2
9
77
73
56
39
2
2
7
34
7
3
78
15
5
91
3
56
7
6
18
1
33
90
4
6
75
7
41
6
31
4
8
2
36
34
35
79
47
82
1
5
4
16
73
39
88
19
5
8
17
6
49
82
85
9
87
7
44
4
1
8
4
85
1
82
16
26
71
58
8
6
7
5
4
13
23
9
40
8
20
4
7
48
19
51
81
9
5
88
2
27
1
9
76
2
4
3
4
2
42
5
7
16
13
51
26
51
55
58
40
7
94
75
9
95
4
4
48
4
3
39
38
22
1
1
2
47
70
2
4
1
76
3
7
68
7
88
8
74
46
39
37
1
6
4
7
64
22
93
89
46
9
2
98
66
22
1
33
4
93
7
85
1
6
33
9
49
49
5
2
7
6
95
64
81
83
1
58
6
7
56
1
7
1
7
87
18
8
8
5
4
42
54
9
58
16
40
90
7
7
64
87
70
13
4
7
41
56
2
4
14
55
78
7
46
4
31
9
63
10
28
49
20
9
6
1
9
98
99
98
9
30
2
8
9
3
10
49
55
25
2
8
58
7
1
9
40
56
5
60
41
98
8
60
89
61
9
2
21
4
39
89
9
4
3
40
67
5
99
7
7
7
1
4
3
7
96
9
26
7
26
7
5
83
49
42
9
90
66
61
77
4
8
25
1
4
1
6
6
2
4
2
59
2
7
78
52
2
17
75
10
30
69
3
2
6
13
94
23
95
88
35
12
42
64
79
28
1
6
76
4
21
8
3
18
4
24
7
7
3
22
7
7
5
22
7
90
9
1
63
3
8
4
24
8
3
2
2
16
47
4
52
8
2
10
3
6
35
52
9
21
6
4
48
57
97
77
73
32
37
46
3
8
1
57
69
5
8
10
7
93
94
69
93
8
6
4
44
1
47
47
92
43
29
22
3
10
70
8
57
94
1
3
13
5
1
4
97
26
8
4
7
5
11
95
94
9
41
24
1
30
44
74
66
79
4
7
11
5
79
75
34
17
98
60
51
51
24
5
6
6
79
1
16
9
4
2
35
8
6
1
74
7
10
51
62
91
6
52
7
84
4
1
69
18
28
3
68
3
4
3
66
37
3
2
37
1
21
3
55
9
48
3
6
6
63
95
36
64
7
54
7
6
17
1
5
3
21
1
25
81
31
38
62
21
8
31
73
8
5
59
88
5
12
50
7
95
54
9
52
2
92
30
30
42
63
27
12
3
55
97
18
62
72
5
2
19
5
60
40
7
70
8
42
96
6
2
7
8
76
45
98
71
4
9
65
1
1
47
39
8
8
4
82
20
2
5
8
57
52
4
6
4
34
8
22
11
7
42
32
7
99
87
49
47
47
6
18
1
76
4
4
89
7
17
29
5
9
44
7
4
6
62
95
9
96
6
58
1
3
7
90
68
52
1
3
20
79
72
1
83
8
72
88
44
46
76
9
17
26
9
13
8
19
3
71
79
79
11
51
94
7
6
56
66
1
60
13
63
9
19
4
14
66
14
47
9
42
85
22
74
56
62
9
64
5
1
11
16
4
6
90
4
4
24
34
8
53
4
13
3
8
68
5
38
7
35
5
6
7
9
66
4
6
7
23
10
3
62
8
6
3
68
3
88
2
40
6
3
50
50
2
55
69
98
98
24
8
5
60
7
9
8
6
53
4
70
86
62
3
9
25
28
3
46
81
7
7
3
3
8
53
73
98
7
9
70
6
95
60
5
76
3
3
57
86
98
82
20
32
7
38
23
9
3
4
87
3
30
8
3
58
23
2
90
37
8
3
6
2
26
6
74
57
2
83
57
12
18
49
95
1
1
2
29
3
4
41
68
4
92
79
9
4
31
73
8
9
36
4
3
6
1
3
3
76
2
73
70
45
2
22
50
21
94
18
7
78
33
9
7
28
59
51
48
4
45
53
8
17
8
96
97
2
6
25
4
5
7
2
11
75
4
2
5
51
4
80
7
57
7
4
52
8
66
99
1
81
77
5
43
60
49
59
4
73
3
6
54
7
11
30
2
2
77
1
23
2
6
59
90
14
1
19
62
76
92
47
9
51
7
8
15
24
40
75
10
8
15
8
56
8
6
34
5
56
7
83
48
70
7
7
90
84
5
82
38
51
8
31
47
2
59
7
58
4
5
24
5
9
9
52
68
3
7
3
13
4
2
10
3
46
11
2
69
