1000
2
33
85
77
65
48
2
43
88
46
28
34
14
5
29
5
54
7
1
66
9
1
9
8
10
8
92
8
6
3
17
81
49
36
40
26
2
73
90
18
3
49
3
5
67
40
3
96
82
6
7
39
73
1
83
1
8
49
2
9
5
8
8
3
52
1
32
92
9
48
5
4
88
11
27
49
51
36
97
6
43
9
84
4
17
9
74
6
95
3
5
35
8
4
5
40
74
9
84
75
3
9
4
73
1
80
58
8
69
5
47
2
67
73
1
85
64
99
22
13
87
1
8
7
75
15
4
8
24
8
4
4
9
3
23
1
3
69
2
9
94
6
2
27
1
4
14
9
5
6
3
5
16
5
58
8
9
30
32
1
5
42
93
83
6
1
39
6
83
1
79
1
48
5
15
76
5
6
1
25
3
6
1
84
81
15
7
99
70
7
28
1
6
27
2
34
9
5
4
5
13
5
37
2
8
83
9
72
9
17
6
1
17
8
60
6
6
9
83
75
6
48
1
75
28
3
55
92
38
83
6
4
2
55
59
88
29
1
3
46
5
9
42
1
96
4
86
15
5
5
18
9
8
8
65
67
87
8
5
85
3
79
38
28
95
1
93
3
2
8
79
6
39
9
19
58
8
94
63
9
89
51
8
3
1
2
37
92
3
73
41
45
9
2
2
9
95
6
44
25
9
1
43
9
1
68
67
3
17
51
9
60
5
3
2
2
40
59
98
32
4
4
94
2
1
2
8
55
1
31
5
77
9
7
23
8
90
10
6
4
51
8
6
98
9
34
3
2
92
75
18
14
47
26
8
95
2
2
47
10
76
2
51
38
37
90
43
6
9
9
7
1
63
3
1
73
67
2
5
1
7
32
7
4
3
7
7
9
68
9
5
6
44
33
7
49
61
88
40
15
54
3
6
1
7
20
8
69
9
52
7
41
4
94
34
8
8
1
7
4
8
55
7
65
7
3
8
14
6
8
51
93
17
88
83
28
68
4
6
32
9
89
9
27
6
95
58
6
9
1
3
74
58
8
52
3
4
7
1
4
91
67
40
6
8
88
77
9
7
12
4
2
25
8
23
9
4
6
4
22
44
88
62
3
31
96
8
28
3
5
2
56
8
1
4
9
90
2
27
5
32
28
6
8
43
25
5
8
73
7
86
80
2
9
5
62
2
86
28
61
2
6
9
2
1
5
80
3
58
74
2
94
6
6
1
38
24
8
12
9
4
8
92
87
90
60
50
57
64
1
30
68
51
3
85
7
93
26
4
4
48
47
74
67
8
47
5
59
6
4
44
79
30
8
3
3
4
4
6
8
2
55
52
8
69
7
2
4
3
64
18
60
5
71
23
87
3
99
10
4
30
2
88
45
70
7
16
9
25
8
29
39
96
6
5
5
75
69
6
2
30
30
2
8
48
72
9
8
2
44
7
5
4
82
8
68
44
6
4
4
45
3
42
1
5
55
69
7
1
86
49
6
15
3
7
2
40
89
93
93
78
7
1
8
79
1
12
15
3
2
7
9
8
55
3
67
35
81
7
23
2
8
1
65
99
4
27
6
50
33
2
6
70
43
53
2
39
75
9
28
90
4
3
88
79
4
51
61
2
3
2
71
55
81
8
12
51
65
71
8
3
12
9
7
8
34
46
28
7
67
22
40
4
7
4
63
36
95
98
3
80
19
82
5
43
48
8
11
8
60
58
6
3
5
9
8
6
7
97
4
3
7
89
48
16
55
75
87
22
73
6
53
2
71
1
4
2
55
2
30
4
78
3
17
7
2
6
67
19
10
78
9
71
31
51
39
2
1
67
3
49
91
77
2
6
53
77
8
32
4
43
42
2
49
88
12
66
43
15
19
27
7
12
32
1
74
5
29
57
3
71
7
1
65
79
9
63
27
66
71
9
6
6
8
38
8
8
97
2
96
3
53
9
44
17
11
3
9
34
9
4
19
96
2
8
55
31
3
13
81
1
2
1
6
1
5
50
3
97
1
60
56
1
3
74
51
3
8
2
94
2
45
11
6
4
5
2
83
3
6
7
67
6
83
9
18
56
65
75
3
88
5
64
5
33
8
3
12
5
9
3
43
54
73
88
6
57
80
2
12
35
23
6
5
12
8
4
8
75
7
96
3
92
69
4
7
8
5
34
41
18
3
1
3
4
78
2
2
4
8
4
8
12
4
34
5
6
97
68
60
57
17
2
7
9
7
9
12
5
79
5
8
44
8
84
7
6
14
89
56
7
86
70
61
25
12
72
13
1
87
