1000
1
96
5
1
4
7
7
3
79
2
6
3
9
2
3
4
81
35
5
15
72
4
6
6
21
19
1
7
3
90
4
12
1
5
4
68
9
9
3
6
84
94
7
81
6
5
7
18
4
1
78
70
37
5
3
99
9
28
60
4
41
47
29
81
27
4
9
3
2
5
53
5
6
18
7
25
78
8
28
29
4
7
34
22
7
52
27
82
10
39
5
83
8
1
5
14
55
12
7
83
93
2
22
9
88
68
82
59
6
3
67
8
95
80
39
5
5
38
1
51
23
2
6
4
2
3
8
2
4
44
48
24
6
6
17
22
31
3
72
75
6
8
8
6
96
39
2
2
1
43
4
9
47
14
86
5
91
2
29
1
5
54
7
59
6
5
6
4
42
3
22
1
6
6
53
13
3
34
85
71
2
6
35
24
72
35
4
98
17
8
10
74
14
1
1
9
7
26
42
3
25
70
70
4
65
45
29
8
16
13
67
8
9
6
24
32
2
7
81
9
6
1
8
25
12
98
1
38
9
5
53
8
7
8
8
81
19
14
33
6
9
2
4
9
9
28
76
29
88
49
60
8
5
3
3
8
1
53
99
20
1
45
3
1
5
81
8
2
9
2
4
5
39
15
3
3
67
6
99
15
2
77
2
7
27
36
2
93
3
50
4
5
88
69
51
1
21
2
89
7
40
8
78
27
4
65
89
88
6
72
8
5
4
7
6
8
14
35
5
1
9
5
3
20
94
88
35
21
2
8
8
77
87
43
2
9
2
4
79
5
1
2
67
23
4
6
33
25
8
2
3
91
53
63
1
5
37
83
1
3
12
25
45
7
95
4
80
12
90
4
7
6
5
9
85
77
9
90
6
22
51
15
35
66
32
17
5
66
47
72
19
4
1
8
23
17
91
17
26
9
1
95
1
51
60
77
40
28
1
97
8
63
98
47
7
84
65
9
9
9
2
77
2
97
7
61
5
5
86
5
10
82
1
1
92
67
2
57
18
38
7
3
9
80
12
1
2
41
59
9
87
1
56
4
7
9
61
89
6
8
5
37
26
64
5
57
33
29
9
70
37
16
3
2
69
9
9
17
3
9
8
1
46
74
5
32
45
48
96
94
37
49
3
8
71
77
9
4
17
18
92
44
4
5
4
14
8
27
5
22
9
41
56
58
6
34
47
50
67
75
6
50
8
87
66
72
8
3
9
5
86
4
89
3
51
6
2
80
6
88
17
16
84
99
96
37
2
3
9
4
4
9
22
69
24
72
69
7
7
1
72
85
90
3
6
57
62
2
13
88
50
47
16
9
1
2
4
12
7
22
9
77
6
1
3
21
2
9
1
1
4
6
5
7
5
71
96
70
97
9
9
7
69
9
37
74
2
95
8
70
3
91
53
1
17
78
35
44
8
85
98
37
2
22
60
4
78
1
2
5
8
7
58
5
61
5
7
7
9
4
98
95
57
25
68
74
15
58
16
78
9
1
61
88
9
5
1
90
9
95
6
48
25
81
25
9
18
60
77
51
4
3
6
71
2
8
17
8
2
33
12
7
21
6
90
3
9
50
99
76
85
4
24
6
2
74
7
9
9
1
47
76
25
9
8
6
96
80
11
4
38
1
7
4
30
5
5
41
3
4
8
7
57
95
37
98
4
42
17
2
74
8
2
36
6
59
7
30
50
9
3
8
8
34
21
56
31
7
6
81
88
19
18
68
7
81
84
56
20
75
2
49
5
1
9
25
60
4
5
95
78
6
8
71
8
80
37
2
1
8
80
92
1
9
73
67
91
7
17
71
7
35
91
61
70
4
31
9
1
40
91
7
7
81
5
14
7
8
63
60
3
79
3
98
74
3
2
5
6
7
5
73
1
80
5
54
3
35
77
98
92
4
2
55
51
36
6
7
1
48
2
46
31
29
10
6
4
71
77
28
33
8
7
9
5
43
28
3
3
8
16
88
95
1
24
22
56
67
80
5
59
4
8
6
9
51
4
4
5
16
4
69
6
2
64
2
20
83
5
9
8
6
3
3
42
8
1
17
1
41
55
91
83
1
9
41
7
89
83
2
4
90
4
41
12
4
31
44
19
2
6
5
6
67
67
9
8
76
5
96
96
3
7
22
4
7
19
62
5
1
1
2
70
6
1
77
81
24
95
36
5
85
77
97
6
12
6
1
93
46
6
33
5
77
46
3
3
53
13
85
6
4
2
6
1
53
1
49
6
2
21
2
9
8
4
3
7
23
6
1
25
6
5
8
7
9
68
40
84
57
