1000
9
4
6
10
76
9
21
8
76
8
5
1
7
93
36
93
23
83
76
68
73
4
6
37
3
79
62
99
79
7
61
19
68
77
8
10
5
8
8
73
44
22
8
9
4
5
1
80
6
11
97
9
65
8
8
9
2
5
1
5
18
3
6
44
9
5
36
83
8
38
50
26
9
7
30
4
7
6
4
2
42
22
29
46
23
8
67
7
60
23
7
91
2
67
5
6
9
5
3
19
5
80
8
92
9
4
5
3
3
9
9
33
8
68
8
77
3
5
18
9
3
9
27
25
1
1
24
96
9
95
9
56
8
7
65
79
2
50
4
1
68
6
90
75
59
1
4
85
8
1
8
5
5
7
5
5
5
86
25
29
8
97
8
34
75
23
44
54
40
5
55
57
2
6
39
68
15
5
5
8
65
2
75
7
27
6
83
3
5
35
77
87
3
4
45
69
66
29
1
3
77
2
1
9
35
4
1
4
93
3
53
5
48
8
65
53
2
1
7
6
63
7
20
5
9
47
32
1
8
7
2
32
86
8
73
78
78
2
2
9
9
24
74
9
1
80
3
9
44
1
25
41
7
89
12
4
1
43
39
32
20
3
8
69
19
44
74
5
21
53
42
5
78
9
7
8
35
6
5
15
12
5
5
27
6
90
86
12
1
8
61
4
74
42
89
8
7
2
6
55
24
63
2
9
7
7
71
3
75
50
8
2
1
4
7
1
66
9
4
5
54
8
1
17
80
9
9
29
34
50
7
6
69
55
45
9
1
90
94
3
9
2
15
7
77
6
3
7
28
99
80
70
3
6
4
77
31
9
48
14
6
63
4
2
63
5
32
79
1
24
5
4
42
13
41
59
4
27
89
35
50
87
27
1
6
8
58
8
3
35
8
19
1
1
3
37
85
47
1
14
42
4
38
2
7
48
42
6
60
1
33
37
4
38
5
35
76
2
3
8
9
26
7
1
30
42
85
49
9
53
50
19
5
30
30
3
47
9
5
3
18
5
7
42
6
3
72
7
57
7
93
59
4
32
7
30
14
21
69
63
6
66
6
2
2
7
4
2
1
43
3
43
62
27
8
8
7
86
38
5
5
93
73
18
5
19
86
4
86
36
5
72
9
69
4
3
1
3
12
38
6
94
93
89
73
4
7
38
32
25
6
85
78
6
1
67
32
67
1
30
55
72
9
2
30
80
7
3
66
1
50
61
1
79
5
80
1
1
23
57
8
80
23
7
72
2
82
6
4
6
89
9
4
4
33
4
8
2
54
22
9
86
33
74
53
6
3
6
38
23
60
61
5
2
21
8
3
53
6
78
9
9
83
52
6
3
79
7
9
26
4
60
57
72
5
6
24
7
31
61
60
47
55
6
57
87
3
6
4
2
99
4
3
7
1
3
90
94
41
3
3
5
30
1
52
57
5
7
1
49
57
5
4
82
29
1
15
90
48
81
1
16
48
90
8
1
5
8
4
3
6
4
1
3
38
1
5
1
76
87
10
24
4
38
1
2
9
2
31
3
3
8
6
40
2
2
86
7
14
9
1
19
47
4
9
68
23
7
4
79
4
3
23
38
90
18
8
84
7
8
53
9
4
65
8
94
99
23
47
2
68
4
55
5
86
3
93
80
51
1
4
3
3
1
79
2
3
44
6
6
36
43
23
52
7
66
35
25
65
1
25
4
73
12
82
62
2
65
1
42
5
55
8
5
2
27
6
1
30
2
69
42
5
23
2
1
7
7
4
70
51
8
4
6
3
6
2
85
7
48
7
7
1
4
57
38
1
9
7
7
70
2
35
63
1
27
2
4
50
53
51
3
5
3
3
6
82
69
4
15
2
8
5
27
8
6
32
30
13
9
35
8
14
8
8
23
89
3
2
92
99
19
1
3
6
39
77
8
11
9
70
7
9
8
3
80
87
86
7
36
9
63
3
36
6
34
39
3
5
4
8
77
29
6
69
9
54
5
65
2
58
37
15
4
91
3
51
58
39
14
31
5
63
76
49
10
20
2
35
5
6
90
4
95
56
22
8
9
1
16
53
4
10
7
22
1
4
6
58
19
6
41
18
5
1
5
9
61
53
89
1
27
68
99
8
19
89
47
9
71
40
94
14
5
3
79
98
8
4
6
3
8
7
48
25
2
52
7
1
5
5
3
69
9
3
22
41
5
60
12
58
5
5
80
5
9
60
7
23
37
87
8
97
75
1
4
9
9
9
7
91
69
6
48
20
9
52
50
80
54
7
3
7
93
61
45
11
7
11
37
