1000
24
87
3
6
79
97
84
7
63
89
7
88
62
83
67
1
52
73
87
2
4
72
9
5
4
15
38
8
3
66
3
5
81
96
20
9
93
9
3
71
2
81
3
83
6
44
4
4
3
1
91
92
5
8
2
2
6
64
64
9
72
15
1
74
5
64
7
7
85
2
66
94
78
5
4
46
5
29
5
59
1
30
6
24
87
25
36
29
43
3
45
19
3
9
8
3
7
37
8
48
56
4
49
7
83
15
75
9
51
2
39
75
40
7
1
3
26
1
45
29
6
6
19
12
1
57
12
1
48
21
7
5
2
17
1
68
9
38
49
61
7
6
6
45
36
3
41
9
4
69
62
51
9
84
2
8
4
71
9
96
7
3
4
44
8
30
86
11
8
16
78
6
2
68
19
93
62
29
68
97
7
7
74
3
89
90
1
89
4
8
3
4
4
72
2
26
52
2
34
44
4
68
80
20
9
8
83
84
1
95
5
1
90
3
4
6
9
1
3
9
72
69
18
7
9
5
19
25
8
76
3
7
3
5
19
1
3
9
31
1
88
5
63
67
44
8
6
3
4
8
7
9
5
1
90
71
98
5
3
4
87
27
7
37
29
27
50
2
29
7
7
8
42
3
72
19
2
93
7
3
4
23
66
20
6
7
7
62
7
25
2
7
6
3
80
48
5
1
83
39
16
5
90
10
68
11
46
66
7
55
6
2
4
63
96
93
66
1
1
19
79
1
98
11
6
38
81
1
75
5
3
5
7
76
39
5
1
79
40
6
5
2
72
99
5
3
9
30
71
26
71
27
68
9
8
9
1
15
1
40
8
2
50
3
4
29
4
9
42
30
5
60
42
3
19
1
30
2
16
91
59
9
10
64
9
6
2
7
75
81
89
5
3
45
9
1
32
96
9
78
3
61
40
2
4
90
48
48
4
26
20
4
8
49
6
3
38
9
61
18
38
5
79
47
99
4
30
9
63
4
6
9
19
83
6
93
42
12
3
46
72
23
67
6
23
55
4
3
1
6
2
4
66
10
6
56
13
55
3
2
74
7
6
70
49
2
2
9
79
3
93
1
77
20
3
4
26
8
10
8
8
94
6
7
1
9
7
60
1
66
2
7
4
73
9
1
8
97
4
21
5
1
9
24
78
8
19
95
9
16
88
7
59
46
79
1
3
7
4
42
62
6
3
80
3
61
81
7
7
1
92
60
8
5
95
84
5
27
2
24
62
4
4
5
1
77
6
57
39
4
1
1
94
5
96
35
9
2
87
8
6
8
70
72
9
86
4
8
5
42
33
4
85
3
8
80
83
7
5
60
78
8
10
1
64
8
1
65
80
84
34
99
6
1
98
94
68
52
2
69
46
5
78
3
88
6
7
12
6
62
8
33
89
8
1
6
8
84
4
1
14
47
34
1
46
6
79
3
92
7
10
84
7
75
79
62
76
49
1
7
6
5
46
2
7
8
50
6
9
95
8
5
18
8
6
6
41
4
1
44
9
20
9
3
1
2
77
2
4
49
87
95
45
3
35
41
47
9
13
7
23
3
13
7
10
30
6
35
6
60
4
4
71
8
91
64
6
2
1
9
4
98
51
67
7
99
36
1
2
40
98
8
74
5
21
7
9
3
2
7
62
79
44
42
4
6
43
6
88
3
4
6
6
35
2
19
2
7
2
3
27
23
9
7
5
8
17
54
3
8
8
46
40
75
8
5
3
50
4
8
5
8
12
66
6
16
5
16
3
40
67
6
32
14
33
80
97
3
19
27
6
6
51
38
2
34
8
97
7
50
4
15
3
10
5
9
77
6
6
91
7
35
97
74
3
39
77
5
9
83
47
29
80
84
25
8
5
6
55
97
22
52
57
1
73
34
3
43
41
6
72
1
7
9
10
2
17
48
96
3
93
3
7
4
85
33
3
84
6
71
7
81
1
68
41
79
5
61
8
4
4
8
9
6
31
39
3
9
21
3
75
5
4
1
7
7
18
3
5
4
4
6
8
34
1
5
70
76
36
4
5
88
2
20
1
83
3
7
39
36
19
9
3
4
41
86
70
33
68
2
9
9
66
98
27
1
5
9
3
92
55
14
72
76
41
1
4
81
39
3
70
1
50
81
9
62
9
1
2
9
30
8
13
93
1
44
7
50
1
90
7
84
8
37
4
4
39
28
70
2
62
5
22
7
34
61
74
51
4
3
2
4
6
95
46
4
57
1
5
5
6
97
4
2
3
40
4
7
24
57
2
18
32
3
2
3
3
76
4
11
