1000
57
2
5
3
30
3
59
59
93
6
3
4
5
6
21
6
6
92
2
7
53
54
87
81
29
64
3
9
6
1
22
67
7
39
16
9
37
7
61
75
30
7
75
46
8
27
84
99
6
21
63
90
4
92
23
8
47
6
1
5
38
29
5
13
5
63
39
11
28
61
1
69
36
4
46
6
8
10
5
29
1
9
34
69
7
21
95
95
73
97
8
78
68
8
8
5
8
75
40
2
84
8
1
2
60
2
54
22
7
4
26
5
28
89
1
5
5
2
17
5
3
76
89
20
3
50
24
81
26
7
5
1
62
30
8
4
66
8
87
2
75
3
9
55
56
91
28
56
92
67
4
29
41
41
73
89
15
93
45
94
91
2
4
37
4
5
1
66
7
3
2
5
5
8
43
39
7
72
2
6
6
8
78
1
73
2
87
5
16
8
86
79
73
3
26
22
4
6
7
86
94
57
50
2
99
34
71
6
99
9
5
88
3
9
65
12
8
3
8
79
19
4
15
63
1
5
5
19
31
47
98
8
72
1
97
3
1
36
73
59
9
1
3
4
6
78
62
80
24
20
7
6
9
8
3
19
85
43
9
4
43
21
21
4
9
2
7
1
1
57
8
20
3
2
69
93
95
82
46
47
2
93
4
20
26
5
63
9
8
3
6
8
78
96
2
9
8
1
33
56
8
1
34
72
55
1
5
9
3
84
3
89
13
2
25
4
1
2
38
78
6
55
6
6
7
31
36
3
8
1
15
12
44
77
3
42
28
8
47
67
32
4
56
95
7
21
10
9
70
49
4
74
67
3
2
71
2
7
71
2
74
2
5
24
48
7
7
4
1
88
45
6
8
1
1
28
4
7
5
3
8
9
6
96
1
44
29
39
5
3
5
38
53
11
59
89
37
9
18
8
5
6
2
3
50
15
9
2
70
99
65
35
64
25
5
79
64
9
54
9
3
67
60
5
1
9
1
48
1
87
56
1
5
2
6
97
47
24
16
4
7
6
3
70
72
66
27
1
6
59
4
4
90
4
98
4
1
7
4
56
60
24
72
16
9
54
4
94
73
95
4
5
6
90
4
6
98
8
5
19
83
1
2
6
20
87
83
7
6
7
2
96
9
27
37
9
95
96
9
79
95
66
9
28
55
94
6
4
2
4
7
6
35
9
56
37
44
4
1
54
67
63
27
3
9
9
57
5
13
29
91
30
1
57
64
76
6
13
56
5
70
81
1
1
53
10
41
9
9
4
42
82
32
1
27
93
5
75
88
63
6
89
64
97
24
1
7
4
2
9
3
2
1
10
8
74
3
79
32
8
56
68
43
38
6
18
5
6
77
3
8
3
1
5
23
5
11
6
5
96
14
5
81
43
16
5
15
53
1
7
10
72
83
5
9
8
7
54
9
9
95
9
5
6
84
8
1
2
95
2
6
13
46
13
80
73
6
1
2
26
1
31
63
8
14
2
69
74
5
8
81
77
81
8
81
63
1
84
54
88
6
84
9
45
8
17
8
69
61
52
1
6
9
9
1
37
4
37
3
57
59
4
8
36
88
7
42
62
74
21
6
4
20
6
6
5
32
22
3
35
4
5
4
8
4
2
4
73
7
7
8
8
2
1
9
4
21
63
87
2
1
58
32
98
28
2
5
7
6
81
74
77
79
13
71
14
29
51
99
3
8
59
1
97
9
9
12
8
7
32
16
3
20
93
69
38
28
3
9
92
9
6
96
16
22
5
5
3
80
92
2
3
32
92
7
73
7
92
8
58
3
1
9
23
9
5
5
11
5
2
91
79
39
39
36
2
35
53
24
90
88
96
7
4
1
80
22
89
24
7
34
93
42
31
99
91
13
56
3
36
70
8
49
7
50
29
9
15
88
41
6
3
7
3
3
87
9
6
73
5
97
5
34
16
19
47
47
5
79
2
5
1
7
46
42
4
5
4
6
51
56
9
8
66
4
34
3
5
8
42
79
8
1
1
2
15
43
65
48
1
10
4
23
5
7
4
25
1
1
11
1
20
2
46
59
3
16
3
2
49
43
55
33
1
64
33
4
43
11
89
28
3
15
49
8
95
5
8
69
7
1
48
4
6
78
38
6
77
7
26
89
84
63
40
8
5
9
57
11
9
9
17
8
87
2
4
1
8
6
25
4
85
17
7
3
62
4
2
32
32
9
15
1
95
1
47
85
4
64
77
29
69
5
6
5
32
15
96
1
44
88
71
5
2
62
21
62
7
1
40
44
9
26
6
30
25
32
66
33
76
