1000
1
72
82
7
5
5
30
31
70
10
26
92
25
3
13
57
9
48
6
3
4
42
3
69
5
55
90
96
14
4
24
21
42
8
4
16
1
1
5
26
77
3
49
97
1
30
25
93
99
8
1
34
3
13
38
6
72
2
85
7
6
39
25
3
6
79
60
5
6
74
1
77
41
60
6
6
3
35
9
4
6
58
40
4
90
1
5
52
88
70
7
46
9
9
8
92
6
7
12
8
54
1
60
32
2
8
86
8
9
9
91
59
5
74
5
4
92
89
1
25
71
55
6
29
60
6
65
7
55
88
79
3
4
39
6
7
3
55
9
95
8
19
25
5
61
50
2
33
4
25
17
5
6
1
4
75
66
73
46
49
74
3
5
47
9
3
6
44
7
97
1
3
7
57
9
8
9
18
56
1
6
94
8
7
66
23
4
67
75
85
1
84
46
2
9
86
5
9
58
2
2
9
67
78
6
4
66
56
8
20
3
46
7
8
31
51
7
81
27
5
9
21
55
6
85
4
8
94
4
80
65
8
26
4
63
4
8
29
4
65
56
18
7
38
2
4
29
67
2
93
33
47
98
68
2
4
36
63
44
46
1
54
65
1
82
96
8
31
8
49
59
8
7
92
5
2
59
9
6
4
9
5
4
5
27
79
72
3
9
31
5
60
71
77
85
56
1
5
1
76
6
31
89
93
8
84
4
7
97
3
6
5
1
96
78
4
17
82
92
8
85
45
17
2
24
7
5
77
8
6
45
64
4
4
58
3
6
1
7
88
5
5
1
95
9
52
25
6
60
1
5
74
7
3
97
81
19
5
9
99
4
5
43
62
42
7
83
44
4
4
5
2
17
6
4
8
43
8
98
5
21
91
16
16
13
51
31
4
7
7
27
80
12
8
62
50
3
43
4
70
2
13
63
15
20
23
3
66
6
2
6
48
39
75
8
5
20
27
7
6
71
7
40
79
9
7
2
9
7
86
85
36
63
1
9
7
15
75
93
88
8
5
6
68
55
9
7
62
4
9
9
78
6
3
13
5
42
9
9
6
5
6
3
4
9
60
20
3
38
6
86
2
57
19
53
78
25
53
8
4
78
7
87
9
95
3
4
97
7
37
1
7
76
55
1
66
71
6
7
70
2
3
4
34
9
32
16
7
81
91
3
9
54
5
58
54
34
2
24
86
6
7
78
76
90
3
1
6
7
23
56
46
2
26
9
57
77
9
2
9
27
1
2
9
74
83
75
44
8
80
2
4
45
76
6
4
42
9
67
68
94
8
48
79
16
36
74
8
72
2
2
67
9
3
3
7
45
3
6
17
5
1
34
1
8
3
55
2
9
79
1
32
1
42
2
26
21
75
1
7
3
1
5
7
56
68
16
5
30
5
1
1
2
1
28
52
81
3
8
21
57
54
91
98
5
96
73
92
2
48
4
2
1
13
9
93
5
2
7
83
7
94
1
60
79
74
7
4
2
14
2
2
12
81
9
21
8
4
7
82
25
86
61
52
36
8
3
7
7
56
23
5
71
5
1
73
76
6
37
3
92
5
88
3
31
1
38
7
3
5
6
97
24
9
5
3
96
97
83
69
9
4
1
13
4
22
4
2
83
44
93
40
59
67
37
8
5
33
91
5
20
37
5
68
3
7
3
1
55
24
2
64
2
1
5
12
6
4
80
2
1
18
3
29
75
76
8
67
8
3
2
8
98
76
1
51
2
1
47
24
15
37
29
9
69
12
59
21
94
5
5
61
32
66
82
3
8
52
9
5
5
6
4
9
1
5
2
7
7
4
5
2
5
96
28
1
34
99
7
8
49
8
5
69
97
6
7
6
6
20
2
84
55
5
6
7
55
4
33
72
88
1
68
2
57
3
28
60
56
1
2
7
4
59
1
28
4
3
6
22
55
1
92
15
49
8
62
5
2
72
10
27
5
3
3
97
7
42
4
7
13
76
65
48
59
5
52
6
1
14
58
9
6
90
5
69
6
1
69
97
79
7
9
91
25
1
72
1
9
84
3
6
8
41
27
82
55
13
8
89
51
2
19
1
73
83
9
14
7
2
5
6
62
65
22
2
64
1
99
68
7
20
44
40
87
2
89
4
98
2
5
6
78
6
26
51
7
95
3
8
61
64
5
3
2
2
5
66
80
46
7
5
9
3
39
5
60
58
99
35
9
77
15
3
31
9
69
7
64
9
77
8
40
2
7
4
23
97
8
85
14
82
4
52
7
5
30
65
52
1
2
53
3
59
17
3
88
10
95
84
