1000
68
36
5
33
6
83
6
76
43
15
22
4
3
32
52
1
5
1
16
7
37
5
55
23
5
5
41
65
7
2
27
20
4
48
8
33
1
7
59
5
5
76
2
4
7
5
96
8
23
2
3
19
32
52
20
76
24
7
45
6
64
4
6
17
16
90
2
3
86
6
50
14
4
72
15
7
80
7
46
6
68
2
76
7
6
2
5
1
76
3
69
95
48
84
93
8
34
21
93
59
70
3
30
6
89
18
5
2
7
75
70
9
3
6
6
18
40
3
1
4
7
96
6
5
32
85
37
91
22
2
29
30
81
9
7
73
4
2
64
5
25
78
8
2
94
2
4
3
9
93
18
75
9
7
92
51
4
2
4
15
8
41
6
84
8
71
56
74
1
90
49
11
88
6
29
22
9
11
8
77
8
99
31
9
2
96
9
52
5
16
8
64
5
4
57
3
2
91
54
15
48
3
5
4
51
78
9
50
69
7
7
5
4
26
42
2
2
17
42
2
1
3
1
7
88
14
57
45
37
35
5
11
1
9
27
8
48
29
9
81
19
2
7
85
77
67
18
3
9
8
9
7
7
63
77
12
91
12
21
91
60
8
5
1
4
18
7
8
49
9
47
61
9
16
67
9
8
93
79
57
1
6
8
95
4
5
4
79
76
7
56
9
2
31
84
89
5
66
80
6
74
56
4
7
64
5
52
3
22
6
5
56
2
61
77
2
5
8
9
55
6
7
78
37
84
17
8
11
83
6
4
9
4
44
92
2
9
66
14
2
7
91
48
92
19
8
6
9
3
43
1
91
39
3
64
7
8
3
84
2
93
40
9
53
26
72
3
8
32
3
3
68
33
6
48
8
6
52
3
48
8
6
8
6
6
4
10
7
2
39
91
1
37
45
9
72
4
78
5
87
18
7
7
76
96
4
98
61
13
69
50
21
91
65
8
78
8
44
1
29
7
4
44
65
3
4
14
62
1
43
3
3
8
92
4
90
9
80
4
3
16
16
32
5
69
3
5
11
6
33
4
6
9
5
2
3
68
34
26
49
45
2
4
9
5
7
75
6
91
76
5
5
50
8
66
93
45
81
59
2
24
48
49
6
6
7
7
83
21
1
45
62
7
33
5
4
4
7
28
8
3
3
55
6
8
4
73
30
30
5
78
51
6
1
74
14
60
85
34
9
4
3
6
93
94
71
95
8
2
9
20
7
62
3
65
5
3
3
17
1
8
2
3
5
44
15
1
2
32
35
5
1
19
9
1
7
9
31
38
38
6
6
37
65
8
56
92
73
66
53
98
97
65
69
2
58
9
7
9
57
9
13
7
7
41
6
3
2
6
2
3
7
81
18
17
5
62
7
2
72
6
90
1
8
7
4
46
2
3
45
72
87
1
8
96
74
3
4
79
33
31
93
32
8
86
4
6
1
86
94
5
51
8
95
96
7
2
2
6
6
3
92
8
9
75
95
9
81
62
80
82
51
84
97
68
8
2
37
1
4
4
9
63
34
11
11
48
6
6
61
7
8
78
7
7
59
20
3
5
9
84
29
7
60
78
8
4
45
61
47
96
3
3
3
79
3
5
55
67
82
4
9
2
39
52
1
29
62
10
2
3
31
7
92
17
6
1
8
9
62
49
76
6
9
2
40
68
7
90
8
5
12
3
57
8
49
9
92
3
9
2
5
48
68
40
63
4
5
2
46
38
60
78
21
75
1
3
84
29
6
8
4
24
8
15
6
9
73
8
20
51
92
28
58
95
44
12
81
5
4
54
95
8
5
6
2
2
61
77
2
65
23
30
4
88
60
94
26
5
69
43
1
8
91
7
31
81
8
48
6
86
25
5
8
80
74
27
1
99
79
63
94
2
44
3
81
84
71
60
49
8
22
9
7
6
92
30
8
41
12
5
3
8
6
9
5
54
81
50
8
39
4
17
5
71
7
1
78
94
5
70
2
43
38
37
70
7
9
1
86
7
1
49
99
1
8
3
49
1
7
3
7
70
9
1
19
8
8
80
93
3
5
7
62
32
52
6
31
3
30
8
92
94
2
74
55
3
92
47
7
1
8
9
81
41
4
9
88
9
1
3
61
2
46
29
64
6
47
1
67
66
4
57
1
8
5
29
28
98
3
7
7
8
62
83
5
25
7
9
4
7
82
40
8
73
4
74
7
53
9
95
6
10
7
68
60
3
51
1
10
45
13
60
5
54
2
6
54
52
6
1
68
9
82
2
97
62
34
6
8
3
6
6
1
6
40
9
8
29
40
