1000
190071109006
976
15359660813666456
4075987503469
124300503892639394
49466
1144230
157
79688
2370435129
5164826
651
54730848577721255
8852257
5
129168568963832064
9
2256423
25426584265
98083247089406068
1939394459002512
37739633895583096
57585497768194080
8325400
40321016
5
6605434143139684
865360770169990
662223
44290052
1750030
56155216030
1924316
68508218710
849460083003127453
1
4219396620369
499042293
602994269
7453
5565469571
94053655762241
17
6832589306018250
39668280918284979
3959911313824
205155
6
566885949190202
2
58251
4
2965714314918047
99543201672117205
4662
3118477756292
7510
917
3282145148
64131603848191297
159
7148855999303
9588180014289
383827824
93555826506616
7003239089487
4388855871308
8615940171350830
6356313
6
80791309441
231951456403
84665345
595400819260321799
936792465
274
98358662
9550
50965
14001505560
4
7593
105932651408868
5636196161833307
89
8542
91041
7752071
621877
13862918
2452865
32941086416
77917
7883
4753840
323443220694483
70338768
1347
176422
54045413998
34932705365
12426625
4
3802712
387
46189
2677094919
68231402900972
2503531302261
2518779493
36278435491906240
9662
2
656689
636409248361185
13247209175986822
225186
3794423
197
98994
627243
70478
37
92313820649865737
541023492639
8336
28
65891586544974
1133984918475774
75050
4756642053305
442301
7847399820215889
778
63429679978928
2737959669
2759043474264344
125120915
619
483
27746
43717235608
892892108
736605296
54318984165
6
47958916275
99312775056
1876453822
3
695462957275
976167154507
5
655663
17394591449277092
8
926713399813
5310237841
716555917788
87
408851085575
424
31760839730005
932864831
425287395
154127359892332900
2726276206
29260
6625637
5918162
20376582424
2454290
6911941
1311368
484508
25979090
71608928351812
905935562
626321469449844462
33208
258186703246
262672118736780
335448205
2702518775
98871660668234618
82483846
653561634226187331
9
35454950533361
474696206159366583
39911645
7804552417708213
6813084116783931
46
52079074117198698
9
60811142009259149
320751711
836456867299582
4368
6046864190
5820428
792396580
6639117
500786708147408748
4655
206
25695893465
2
14223
779947469
61
532948623125
597270189675479806
401187
888159022923939
8669487548678
5254503535671632
88
549205083146
50904651342997
757006422705863184
9015141653518
80264
917595133573700
228
23454258915952
49093796497461398
152803738982851
265531725
704390839088
692077473
315587352595605
950999931607
200656631156
43
37447
68
503
49599457200457
1229985
227809
4829835338332
2116327396815
54172360
5340874
4520048354369
95387948
5140214
8936
44640021256733
93
472096501
778636256460
304883173896751
3966922647404510
283322622429538507
39296792233
834377221
30271998529015720
852606105326
894705702192469
7243426
168707786358820059
3766
72134767
345433
81045
31120088690834
325880226407672845
7628688
8
5865356398168825
418216
23500
731916672673
94657767284807
999542479361134
20187167
331
1781637805731
977
4
807564037
29
427597565007874
12699175
3
2439458165952
12846930541916
803
3440459144
4186547075684
6135
99071450
5619
35463430
1608
7417536871
25784590975627663
604233769853918
2411630393071367
7065946
616113266529
981862249761631
5021752290
6381
429
138
1697929921218638
53226
4065603530421
101542318302644494
31275007428561
8706
60028483539144014
505173456183485
63118860
862425
92028
44759364090300
7230
16223765141819
7
774197399
32229
23
912
635
219956385
67041493500
54189
856
26564
202894308
7546
206926392
509350072868368713
20
965
1819189
960434292
5251598538
828
87949205249980
80641
619825
4560574494140
6038936360
11
266634881243
990840141614414
4230015
86
9013
637
708571212856318
9686269273178
720109343728671616
924739
12172414734277227
89
1793150
245874237931350
229740
173280477
37882451966
984173787672
75254391473046932
901305104
697741287311
7173228748
70420010987522
27500439
6152563687
8801910534
4254299
54468142731641
8107854876
805236693607092266
53
214473
3965688369829738
86825214
9820179728
81311820320
2126
410194111305167418
50722023170623
922953
78545155857571727
59632216602940
96621328098472
6304
88905946566
22066248242165897
7
99
6
86692
5737584508035536
3
71641777362
392740
3219
3785263299906
802
913
1721845
53
40366
5568428662685
4
125677726751418285
573865741447782
891078
748
2
4
6341918544
12847868039745714
97803206
617531698679
58
1528195887
270233908
37145
98055
8579
297397530852
315872002077872784
94
21613665448246658
756341227911014737
4507
1210719478031
1819043
16
99187
4
4501440444592
436662948869856
766672289744880
56901869
99795
138300609546
165
94865673162032
501
69924409
554414
719
48621900149438984
3564128646
201495786
5286
955345031259828780
69519
2159
3048603637
488567597903206534
27785
8104885
625676
56908761135025664
38965777246804714
229274402
2
54
22380224836
6985936303825
71249
84
4655601802871145
85625759
64206183643945123
692887424194758
36
529151534781173972
97783451649911
893
88601095169776779
8
58481795644022
2411670
992
3
1575986693
3756282695
27
2641
584
6
34198
952072461902920
114198353307
837577594
951746705866
605057
55373
18409
1
60842329228
309509338
4541750597
53055
20910035
40538404699
1173105689
48980252789264412
42030
423522120
7
18748784
575707859
4489600932189
85923457
25505112551
136
90442607743300747
94587
388734207769
864598725
39
67619
6894416105075920
6
57948705535643509
81143992305599
63275828592
35974098407
4958
8290496414929194
483789750075062
73961587726832
425904784950032
473
6
1681
357
5958
750455670010079088
6034524431251
27545445
1726
456051705349586
1453809
752598
9334851005612
983659658
75315269705
57874716216791
28
822047428224093897
239
272259
664590433
1799920897
475
697189675186731
20901101281678
39
50149777550851074
86354
837589779118897547
615059
93682939628699
197162747
541244
8231272011600340
5645238
6214675
363183212447940
644703605
837129773
859523419403940999
9
70684752
258520063933527
47
55735310362529383
91804158943839302
431
456460
5522629797863892
77
1066
938152226489560566
552979622416746810
766274089667329211
2326
82913919501563
7114555966021284
8376415038
310451
473
3297
460293978250537
590200496350
4510531149174
59016930164320825
9855
36779630332
7192456776713211
2
2643526751
132156636625
7709
25061514389591812
3
1
2
2609815967782928
7394
6802908
723732
914884296012328
1787817
899323134714236
472911850848925
340873131403
635567677
758772225953686290
1228776655304
43825284733827741
73462
397891984921328
6
300043
588900197908004136
56
899311866146067374
95789917663424
7765
66918584429296297
3
6495861636
451058
9358
879344407893666
148211371586
23
8
72042044510173775
806066665
4386
32
674606
81677579395084
591857909
248727644531327209
86257336258522316
109330689088
3
7346831336551634
33996
1577603367927251
862556112721311008
3499393039
62059731058293
6370006
8923262396
962
6457660365
87159171699048
65245192879035646
924818607668
65530
4293126982530
40287
43956704
858544862
255256279
137843645
78795233053
80198379313219583
52181626143
26
755924467779472
86809647881
97104609065034984
842643
212629210378568
4078174748922492
20923226
138162352
16494538920
608853333563857
191
3543293323006181
8599
19803114691245189
71392436
2783084
5730343599
90
5170415
9509029445395640
592214231495916637
293167
435390514658
25834213510303480
562454968637
52
980817130375192275
89600439273
410
47600977199366
7811
977940103340
1132005
708839662639355565
103324666
4894679755
9816383244269703
9132946725692811
4693
892381416349
244389272005303
44028300936478
246947331548
622184380589074
465126519834
522563518433225165
32968
8
6311654437968391
9790485
93443318625381
803
4294685
7320376719097
3037730
5640239703344632
647611444
6943829964056382
96430808123
19685187395
204516672035853078
77482
61086099640
277124089270959534
45524
13363892
7512306
3682136671297
30
351888851381904706
927351333656539
693606
2889597651689712
198429750132918907
37568167101393
375136480608728
6501337349
29943
162730
526844399305
203963889
70
88
46
6440990
7073296261262
52040758313924
865668956319791
9456624
55
19823470
41844961177334229
38319591051289
959713810446667
769876919721517386
491
47
8
4711502393480
47
5097318
223428819
71
5
50098479490122
58652
521460
7600
6249133065
395851356
733117739481872
63
380750483171906
33
8347424985285
44918049771741071
15590088709349750
67924090418702
31579571
8
59367
1730940360383854
260277253301
972371897420450
45497674
67441748985286928
95179628485011057
9
7326
92761
1821703
84375572486
39056275804298
189455822
8499088183
90533182940055
23750809
47768083236
74988284757244
26339107125470049
50588
3409853316627918
7401550
80
4136757720
761060263014381
728339618
8
58846952191594152
76699918092050
57452991242679090
52583504
5
688945354478857
5805523358
7
7203290725285282
200756981797972
96786423
6010337
36017156
67940
978040624
24
63669799045
731551759
5163549141507697
531324679764
859
2610851379
285218654445412417
8829806053974
3702566
4
635273851042
628
2502
141429
43
5
4733275698
6746468452
17
720
5060414
432715671131
25292
46199
210
432050228959
56331
925
1650480863060
64109257180258425
7025943596
382512667377695657
86222
57
93124
657616106791478577
99008012
6694392754711945
63
3283511
8
6911
106652393431286908
8395130244
43
8919405936322542
186
4953597422
33185691425879
97902010361216559
6967871122033
347769795128793892
496429842499756415
5155146745925019
6
54423180
85148812
4975010041671717
1007814163
87476326528134
3404675865906758
334866630
631527
154430141948811351
58532283712507
604777615
96990
68850236168868028
953060609899
57989145
2
89633495245043
212226136142895624
1976
4213676289437865
787454816505
2830
17838901
2949446
2282132861712939
479
378237896908729
50987128
3741854856354
45315618
6750088627
1889637184
79
94644172894691
24862747566
27000766195504085
54
42
6
43564767864657803
6562
8876
33088
6321
39694
77676350
6989284273
881504665
44003638671773
893
829246202055495
439
564
2912067
56732234
3
917431475234627
947053
971
7
56865516181328
57213018318
9372833488771
84806
69631
2602958696143
70158306683
411007712680
78
61084342961544147
8723040047025
584230426
131090558910331901
6795119481251591
16495500819043
34348486
3388205289166364
8603337687283
798018
2989542309
714154851
472761771650647061
520991
7116463839929384
7
6664
282776327693222
73838
345972734317
9355214849223728
1929813547
26301166
14018265743035936
1204287200
4
425400177717
67879911332382300
32604631
64255
12153419669
290254050804328583
470136445035248
146656899194153743
