1000
9
538866846436893
821430
80072250000988
574632863104564276
6962
23261054713241
7414
5035
806
773791127
8822
23
6400224792
663523634801
2445971931974565
13
70846105435599
3840351117776522
42204250525
87631677
8087952
4852068218
75512
749438237934463227
1771577041556
724
8
17481
845193
5468482
60366703327067
336447947627
3098225097
1934816944603
3131854
924895971384887
51163
627738
3073553252302781
7188
6
562712002
296813064344
917196746586608847
2
3793438
1631360144
245845614050349804
134
792708319877446
582937
394129576413616814
51186071120169791
513126844671372460
61891271
62625958
942913407187
898500230188530137
61
1601339135040
54666671972369205
6762153625049
17573205
88
32015881019583088
799183588758790708
41822306616887
15
852412323033744587
955215
7
757109732
872
9176755860503
41
8610939451
7336602
403420562099780
758129464720
16671212
66775658543576
4201711477381429
88347024480146
7
55071966973287192
22228049636422221
79209749478856
41895958
4225
11755
92448
76938848719
1774039668118
25259818
265957819683834495
535707298
8965570483
52845587059517601
2738505
1916470218
95
54593
856
71894527453
84352
572337290446580
8412177682037454
1778168625327813
46932755
39763
9279067410
787303996383885
543617409073371368
73971254150
7
117358277
458
685124036509
906867514551343
9
43
47962
4275481261005759
8204357894877
9135639002029
1809316863880679
2005636
38978778
613411801069939
2486
341419408691953033
41
442696489
315501807728279
2353800
8982983
1091474368205307
7268266
683435536993331
7188
268926204644
47662252705832
404284202626
5057744181362
352
4223
9548366956525
997
7545217
62564339497
92757
373498153370614
19650049
32001668200045574
9820717439
72564
91383605050927
497
74476
8810380640100
45817789969323389
337237
49179997
366167
31006013
4
600179451368
8611
7893019352215
55
8646794744
35875018
61053201573
6923
104361
1959
944459
713486145576490782
533478815537
7095929
26227315
40046747092389
58
30669491325
54
7000470416
5830532
8291523014655
45147753
517862114505030
669
78
512
9011850633959
27707094129130
38271656
50135
828957163
2363383
602981
11978292089
85
16601984237
857
401603853642
77203214288655004
473796541416033257
9384261971592
204170311936
61130746108291
64
86655887092
90075249852
71072696272952
84168185822809
29516877
460033
890971
591
636345953940
6686135227398439
411065573
8704584
3784
6905456179296863
22068
328
584053029511
534831469
384646
7778734
13484110813152
438795
292
599488757
604619793826806
2430031970
5
40394026
19746664
28
79750670149378
136747
25289
20851821494733134
2771348
52416617445
798
6370611980244086
1011305853673
977
199699935132
1409706781575
3431140831976020
9491417
61
18232763183592465
54935
8600837812459283
1026601497322
498191192557687911
8076325179
806337667012782793
890056229214
713609570629646809
111874
1
635660
2296480
76246
39477237010588
232340720296655734
446538666641793
25985274851
5720105
1334978993139
3631236316
96
131664274083408319
52410756004567825
75173613466
6401601171
98
49384057793049
5657693704
2892941357
462
6460296783822888
8
7869116614033
6582
5066
365083261854932
6252
978218596102623
895
8038466930928069
90430813159112
756714675693
844940
48520113459735
22137940526112379
63377
8478
95678947464847
10863
79
37157244701
8
66504975595
975595312
276477196551
504875319385
205820586477
841815853529
7
596294036
6332077515665412
9106793189315
8868155662447
80783752704719162
98
75162606314585072
4294505
420288824
67058538035
32696303425
96570290195968
944
36024
47063
91421833958819
652670715252245
48849672623664
4904803
867803
1
829
36069357935831855
63015389
437
660
1574421452219544
908519258494
73
29730315
642819718429677
346079398
9396133534
85579
29167749562661
5023458715080
94
280657725281361
369
99809638
8225303295716842
720995878931780
28541
88674
668489576
3
4993805280719395
614228334
90
8589889519702
623387
518542872770570
46903
8046596279364
627514593552362
36913429700085
39951520907
837023
4847
298575787658400509
8276
371110160
6979748542567
27
548566
2980
348817777439996
33159906787780394
172840399408
31413
41318018502099
55434676422
4304617927104
5456
64580177
194037490
32025652208172
859524910967488790
3768
7102840699315255
657935857133
7414699
985820278483186883
58103537228009801
38
261269355073
2672616638
1162
205
5915260354642
4065703
541505870272
4004
312661956
590061669669833744
42
162
71
5945951139
459905851863309527
2276773
380097108613791
334273095085915
9
617245
300633067250
675526805098460813
54169146
481778204021111
8151705
83068828855537
199203
33
64461715985
237802190
3971210
27245537225717285
4932442176274
4882311
483656630946180597
66885679900768145
8810
612774618516293106
3211660
8191
760009304666529580
334
7688
421003
12728386825
35940
322304047341
3
982698
14361224
5630873356
5
1948339403031
4376339326
712896612765607102
20836197615309788
79646328141587
82311
84834725582
285905246
655389
615890
229
1
381882508203969978
9
605589
220724706336552
33681796
6357442859
771906572735294385
74661
9397528
492
216442748245659212
16731915
3908064403
26752
363
1879188
36846644207637
756212726595796
420808440516818
162
8947435133377387
2149507897679
50385736282157921
85327308086264
549876050429340727
256738592
45506504874204566
9
3
164649
5364080585381507
56872
9548109192752
6065346
86232024889462474
239697662021177
695
7524908572
3616
34554
6
2309455927319198
704181229
195460574223
48821707
311853362259619
6382835
1781751092068322
8240
80
123292660957258464
287759370277
83405085144393
794981
82
53522765260477
82327326036314
69113
199389759781128646
6520106218
97752751249
9247895782
731552338224
21637754913708
1170
5722371
972880
7981896726437356
1865793
976699387486250
4385
613470193972543
61
592672788
7606
66
9
3822585067
18705
9
1
78
721
22330755617405684
3662803973109
1284042
41
96871639358517
285
798568
768987865
90
1683778175726
82412
84192063775554023
61755417679103
849614309
95099362019647
78641105268
5059
22607327614109
1
890072878003974346
5005466471343445
83143395060
71531
99936380
34382898
2795391
971502415
96041679889623610
227590092520596
77636717
1316318505
887530509304077940
953117424493770320
41258425
584837176511104
56207250618
46
66029038609930348
2
11
77720287649059
387371515334647
66197576437419
5770
3678124
611694560546820
52682744
4264845971126
43404625972791156
422687868186020
56081953866224727
8
403
937279635926872940
95004201217
30048931625
9
5
47252356
9798421747730092
659068915
80937
88571
2897
8638207397402
8
7934110024
76148996205712
969705
719730
3446584480807
919478195947
62052698304084
83634573302
99
42007589529029
110844530134223
48235946
475
11491
4806831255
9960239806691663
54
8409441796
9539060887
58363
7064476937825711
13833
48724
4206172033323
7090213167087913
2665
999632881692
5424
163854233000
8182
4255048974126
89085210432394330
4738319152
865363817150
217440
37721
6455
51619222130
9136596935878
32373282504
45228153715
2821619835697
726721445251
94318
211710086952291
5238785062
833494667895
6283294518518
363898
387167
54567491
1873
63739238264
579
4494060196
35247632776
544221172579
999578321919246926
102923669
2795844799
909447386
568601
920211907496316522
95070548342834
761788396
244266336134549
795
930008049629081667
285951069033
44214254995
8
96671442953765306
7820196
923111971137
7301954
86728850671
2216107457
502318
7252
402691796
73432919
9133533
780663
141130463
458
4158613243
6
9115
89
69374419468
59
324
2536369
76946005446694
2638084
12445255715
17432818962646
861743108
855627503821
818474230868491
79174993516537
30729343451491
424998913
4918993987122
89720
46
5
84758389468
30691037826027
8259628221237023
11251
59921
22510604
96769463997024190
733548088682
2098134
85459199
3265713713595717
581756222233364539
64177
84511322497119552
29454492029
894508820539849
13524
585906216402022
5259256308652
3210248676
3922159
808
918696921
735
4398699041559
5784080949471018
12
983307664569
456
871
20
61958172
271959527
2
9408115
8685545637
562612139713953776
9
12
662
61368521
85918424923777
29568
2
5540282
193
37736963
21878457
601806748133610
285533062758445
1895689
25958114
79432371866
55
3460376226
973793856084282
2552
688475903120
9190
32536456721133
6768881934565664
609765
5956
17605484889455144
65892
7896458646693
7154720864
7
4
38
690
8160730085350
5216
84
224
78298025128148
35824
2003
47169043
7440
80838835959112269
42143885
29598591576063184
62477
52090744895664
237521
6724063754975
297304188314086
4899417703
409571303
6486
17600381242
95477792627655
45879559
7992533888657
43971642890787297
66259
68525415703
7756973755927
29997592977
4
17925
241438042762974645
229558947191254793
75818904549874
5175567591048
19
60049
7750554615670
2747088379039
696
4383049295120
246144
84
65244852235287692
144581847573569703
56013410
35869530814
241200123901
65447762724254
50886926131431
145802565
5978507707
49223386660231
8613124
29126392495648625
77852443957389493
455840401
6886762
38
53164323658
1673396614
44243528051
14
438561
66453299893139859
30647
52760876
9
685974489386270554
876136935
59
244609614579274748
8437250791
5829540
946230298672
3766265372886951
56371973871610197
2557395356885650
693
6028229
89
3630505265113849
12954338
2196
2
989431084414002543
36
74
8593116920
43407777094437516
4902933294
9
9543420322785746
3441854285859984
5054396383
81775106768718217
315889387880
6291911
67550493111
71506377307729830
200670264497098596
933732
726
57
441689020959
3953898521865
7
8240528423418
104
327491
47
9738188
46059
991
46958
289876
9561
694
84492493791660600
87311882644
7469386243
4227
574
49
18244
15243182726383501
6016910
5445
7
59689083
71
814
8554664679
826997778772785
69326090655446600
5948837674
235
270
9263919
795216795271
77
941411295
350329382
215152484
208452791508021226
5299806074619
666155508300
2437276359986567
161306
7990
86481421066976
75482318599080
83841
9431212900276
713965
83803
8055018131
61
9044
19924018031443014
277334695749929043
51
455787941020
14279931
608139972249
472
33388840751
3
460921013272
918211791854515877
1748861
4
64
52605528
129807674261
475785428564632
95564683270631
18
8
720888561
854111794164715
4
784605703
67102543614332923
7536375342606
895949430085278760
8659105565
220617572770319186
17978304889
222559
1100
12342175
6471432326468
302532795121458
5954
47470216130365685
9
5726852736174846
441156
7377056
608382
89
95141
7554223573
1823332816
65620983391163390
6
