1000
739582
355911753937258313
1407942
2030705948
9473308159
3
3601022
2534
53
72159681
875830
6102525299780221
478179598293
25599136
75237559108915186
3534300413078
819064
169997
5319964486
990775004281
3979941
128
4439
491468981509887866
87702793122
43429
476805985761891595
70634018437967
5736
5
3135204935901
62468384033
3
468581
32627439591
485762717909
5
6415
631274424509
96
767757
555826511846680847
23828985854680484
1564920948
21269650
190771711347801
330
48142059
86978641563822843
182010365514290
880
68958377928900133
4803244481414695
9006945067100710
1
418
7350945347526
3887189822
7661707
473246814
7407290319
2159796968544000
7413043
3386
795214
548814234448172317
208553526679519543
3
220
94231122979541
50203278776
102416648982
41624977370
8
2366888207
25057130974
532341046
7541583290
4565085
43467729
47
247707127
616
16915
5924
35
6
30927908499807
35703372613392947
7063079987
6593596
316
9990838968610
61172931503389659
28353140123174491
66076517474600667
842165
199537799
9467153
1534333
5653314487
8931999804192
48184260
13157051
567578382695425
99
2002
29524802697
42390365725015
965107843646235508
28
25100438796506280
2430795
88092856072651
96
107983
53440339
6340157315586378
174759294
193929520024
213540304343
47902497546189305
16050383719395
9525701382
974243
883096
95241
28707930
327562912827
730314929427
868266461
124218039534684
9056575691
797899422
16311001401
472220464851852395
731843
6999566711757
244317824899
8546337284187
32
99
249433
13941589
673116
6872181875920
638
593983278684
9442743621761
7
4889380
377884668
1674495179
58
26434
571079438449233
71012400808
35864281125171094
169091693421986
80952
8968
30
40
40176
32611
9
722067954073
5005608581
378
207931991
87042062230425
725401
4896185292
971455
351
357402712
8265
471693
6
3850563
4244438
711163565370099296
5597923367
825663219768968007
84141287664148824
3
5132
6221918644972650
341
9591
7
287002323387974
214
589557670020110
163813
734496074991667589
401146975
9536
35504
134613193105419027
5
98848398938376419
42616939126
2132537
8692990629404
50161480
91548814286
87471611034261
916
179
99212098
839912018
76099173562633
370663
6460
33
183602775549175
6213840
2618
151509539204825
7649998599
71657392487
22912180865076
969160810102
226866289218
486481273
732062445824488
70881688269554579
162627
73951654435
25417181961679
2108
7927
51128554
61354237006347345
375078197653914280
289242
2721350977787
849575066896910
760376007776
13504
10568354596805162
94462
7831104129704469
7067142826280
610
20932024460624604
88964
3771876097
177735
3947988567
90198477299
226
511910302
9796347637
66245310160371
556205904543190
788962265888894
930981946
2069418226
42222203902
3124270
7054664980544
762911033265
14999
25
8974948547369471
63892
8185250
5977
677650446356507
368363623654626
3566522257
60762558206
4412051066634
16
3857849399595372
42113071312
677054896305
1349519922
61675884756
26560
59985836951173
239336302929
8924012518423
6200839367
6081132278
801205
60201286
751243
16598274386803
34987
538
815
9523
9479009609079677
2589792259
852919012904002089
5051
32368585216
584
74306506
596437852757
4989438117747699
612175882358
712128629727293
759290
61714
56720069
58
955209
687709618773662
926585638391406
641
774163429846
33
41475501565728956
62937821644253
720421108837
7337723627011
189893
6726814382337329
73
24879798629203
5653476961459
84855
146229341
5130
39215472542
377221063
602953479484830
5509747489
4510715680152736
783555431190271
33738419781439237
120
8389306608
5184293
175
680685844423731659
3069462602143162
826868
335
160676834205
69075481869554
1151850738080
176493133210387819
1195169199114
70
812866816718638
1
61532
630530773951
654264
4282815547
72
777653724589126517
210367751106076
5939307
91383005420297
688
5776262
6206611664
68030230410748
5224549725043
420
36069
4238635777
8301672231273
89208511
694862
66120922175
409702709
704374192374673017
323922962174580
95167551337364
5874
85856601621375
60605170
9430
424232014476526233
539319
73466313745759145
5
6166205537
902677904374067436
6013835590
905282174803209964
8109702
433035573982
5280490230852
62367
19264115930670
4985503222646245
69
9045176958888
539
834302549198
40
3195343153
460034
2
54077
733930
7549076467
6083869721
7265551786447
641833753240
22
346704
913768
39049498
5075
4774443
9879247202138
581032887075419879
5000823
26195107645428394
9449399599822
9
45
23
300883750795826
25980160838601063
445396283039836
462990278408
40
75163576605632
5075179
23
2667
3274
9
183268614801092
4
4329
665503939
736490002
52528
7476473945439635
421441603075103
819861247633
9554699
390
37992404692916691
727863072062
218444402541
9084
9692
14264904614079673
8
9551195809345721
5
1504513447890
43750551016757695
1572606095
228496763867762444
11615231528733702
99957825299606
79
4388767197342053
31084192150056404
732049
613351883844777
40054008
90099383930218
85192841868468
13553713028062
435429
7
34172128585058
22398591975388
318203331018087759
708517473
394078221534
54612325743
4395844
86688924464821964
748796203057775384
60784525792326317
27334302860482
301528
80788095255889
2397567707
6240892571
882430251582268231
643161098827709169
72117575
988033
6610
22485311594727
35290290531714
36226778029621380
5
1
7004
9787541708700916
49070
327950389
688498595796170
40
5413408469597492
8954841941
337470733671750411
297
1686527250210283
136
680
5
1181641315042363
6168016
5752940023
64119271756067867
831986048061967
98671337516474699
8753256067
69
266619370017
5950
765
2190807093659955
5597386090
253094
840953704779
5652930940637166
36107
358046
738479071677
90637618706474412
476747718407677404
549324190418
565342728706
80
31102536829437244
8
87206281499821
3813832291457
955407145484366673
26460
51129506066971
39
787370076456320771
8763
8379
38386958135503135
3
1
284237144
890187192673286788
774016599
8244
432944717913
117101129630882227
19
3
4710969
982
352045025260169073
11782394578
14080
8
54836736
42491
57182088029829
425781419
94735162567555
2664770047873166
53586421097775753
423363336624849626
37
1
1339172
4798
419053803649618
651
5267627
1767
376286542636
662712100
292660567
603079362
767758160335283088
2330647695000
8747
2046
8689
70524500281
7100
649
49
6
446895867
39
98569689883013111
556771630050
88
7917
1831163293
799417938435
3982060266
326241411574367331
969112734597246
8
510884142675603
94
885
859318100238
6171748564
88618288
410852895
55098057741451172
7027325066025495
77265891432157
698035
2
748756423610522156
344
6281813169054898
69444859
700498899604083239
87329
53724
146764655489664803
2366253
271908504289729996
1692228963
1816934750
30881777
3520868924352
8418378200
722717879877969
867791894788003045
92633620581
87
881686486401456
902651876807
553861645631648132
9721800481370028
265948315140515
5806974224
1634019260577637
92683
445068603
77376538
558542278
86662
92745004372101328
13
6263
8
4
46890592941
9331735761
494215409288369
9499142228
5409
1573345265311297
6
7416696
38980685
7040594
65625441720889
50477428824193
3704171708907
735
1212
700639288104275
1682384
995729342535
6458490471431680
854
561833680174651777
617995141785278
81821198941718111
706470375
8
986009
49
8008
8194423893380055
3116257285
9
83708143
2844869374
1284204932
9
665230588128731509
18068653009718361
694542274775
83504
37187917498937381
7120073
915723
913520120
5845127467
539846
1
54051582983689321
890345559109144
6580078359281
89635080
43
7424842842657
81298584856
2471475625
24980
55
691642247825416
83
2909319586024042
963
65219018481302841
875637276
998962253437462782
675041524204
249571107694
61552747980524
6193581
7441255706
5021910984689992
93909512389344
7
652
609308292888
977290115776
4998380
41472761
924646
47
74092102793346
18701
95860447304033
4653709167364
2855617
1760
637995652645211
5605163458425443
3268
7067700837534810
78913377
8
384400383
561
484589
18723515527
816
64493228
22201891634
2
7896703
79
64633155487
280255
26672
7
7795
2118
9
68
473810397964
6415
70244
79582437197391482
1641
45899456
429
956
53456949115
454066121838238
3476021
9774850104
222
6
86474499251
3914753276427361
76880
977613
406065517372
97501869887355988
8077825000
8983484463561
982280007
124
34283
4087
101232616116116
88522142745
223047581117235
516613134
31
70866
3369692345892270
219796051137968
690443893
1572175066871987
639381345824
381022
946643763652
25070
508941974
642508968596
5691864
4442
337268883095692
25446544195659
32678459
1854974440006
79
15124
9
256
1684145
4971009579
86230922
89655499
4215957144835
105299558613174
804166659
286
609
397065
699
5256894659689479
48
69226
9
62
141040415476533
105634972988004465
15132728571
64859368758850216
4142661958680
60235823501213592
46872989868
72258850
62445907169948156
2337650458
714050740478464290
67455237885088483
39728784
254381958405212
10895566404100
969863033649873364
7103846488733352
84430020783
39259
6642649184
55661062469
37639447903
2
4
36883
959
7320
376
1246
9
4500768564
51160
207
45678
129514533328
7359611523293
2288
7753317
816891308713168
1874672848171
391492552525152974
1854358
584953093
3872253992631436
21990
21491646
26581972357590309
28
8
2673230
2837146371
8
982
8326
460
8481
69540923
43
36127059
9923437259166775
6
56724
23015
6427955326595
4248686522786
4194512679295
5216577165988
46097934153045
340458935
814192074964505255
761487279724058
422373938281750
2342289171
8951303998
8902287482744
43327026
7188076197
29105122
46329711999437
3616708009051509
2
871203329612285
85667885157013
1276429626860
883871
8236708154393936
588048877374551
576
8771264320440446
2
59366
55162151966729
153509435955
8152
50195403085
5253074400
370205473604
256754746596442568
187353300543290064
52401963621271
56366531
5286945
8220193935
86
258213543
221887079472
8198406961
33279616026818803
7087982
83961913719091
806
481
92
516451840161432
52790956
989707933
9745951
36571970
68702
6198
73630001
8271762635743647
383386672974030421
761410867
91
6443320738163105
23977
158
936062
65
82006839982513417
4798078
750542042
355430165593082985
5373547744909
83986
717817
25604197737481
500052012649687
127389268734
8
78303
16770830731226
50818165
3
196067856141116539
6
844082778350176
526989096
5593
67555745672689
178
56618485198045693
28130941441
191109514604
39
94022
2
946989338641
541767839423668042
704
59286913
6783467329995712
3002193
695255
23301264155
88034338451063590
246540726
31919955
7595612191123
394066676
9707272323816
65369750690489148
