1000
7976
59147220
1549209012711
5981077988247467
63787970217
571474661741909
9685
95
7
10
74998
421569270466356185
131438
990
4
95606
675
585314887394692882
1350078
97
72837
65978937
8790
335352282950
15955744
97662454488925
43531776393888455
4158802901354
202272
334034689723501
927554245
393106
5890599
2
646898746280
8
462148
1979984115794
233551
1476209686085093
4
69576519280056
6082880985171797
138709649857730715
97903074
5370
770855830505
8
78907959918
4503573
30170807605005094
858655350845486
286
64814067934
257
3
223677434242
868
28
393
9137750975772
584614675003025
15643425
4028
51019366
6856881397
4257709729182392
502087967216104363
8411449
2007801
589862943009841
35749
4913896916
95654206394733
822917940958965
72748955
9111491
83002421
4278172010
75279683522054290
719797061192189
781748968632
4905876672903113
4090831921654383
414194594908
475595004420966091
569
46165340917
426361592374
727
9987
655176562889
627740495
2214323590
4999517
19228
2068711147
20993222118213527
9
127820936
2591423866261
3679790619459
362133297884
8
2725443349445251
1628968748
50587843
5608263425771160
99224
6003066
9241616151824007
860
74
26
8251
2706069507
690
67
253828695876763
76533713226543560
120
15213999845578304
60275857012136
3946
4628108602
24649617
2117704840696
50
16502140
669543681
253481342
97933976673
247985
9076334481
27622
897963317237728727
117448
5
266
333
2
141
7152
19352099
6148902745424268
29249
8277
264
99511785320968
7088400929
977349
5
770
251
10592677698889
4913855095
797633812171030830
57
4299811356232
739068161
26367273483
269522062093051334
7
980383968484356773
3449074310
13648
270830
95
7460106
74667633197939969
433
5282423045613
5771872281
448094
5595
963044386289171
93549568052559
457124700909
327474
6
69021790118840
922353
9851713
5053
724
35
8
143
3824684112
38
55325675948162
297
3364895042040572
89
367420
81175751576739779
7368373
69
240079746813586675
40010595
24258
98
82
267843641573
933082
4415863317653
90924073352812
70291790241006
823547511095000
402422
84954148761221954
29941992256
60817331309
71
671433584
767743941146
4167810569903273
145119416
82689848681
60065
701858989617
792310018020452009
503805811097509132
3037272795
7880885698605
1654809939
7183669
4
22614474937684605
34978906603017
28948541522
326683753
59402712212
90824
98642
20898188228
8193316147302181
6603613
7114185279
1705
759650478424553784
93662753560915
4204288425272
35472
315563787587711991
3603127
268082858
9
377778889965869
165936238288527606
7627
643322438053
36
3484970936010795
49643945485343414
111
1918907549425910
2001468
3993222251160
2
84747915939617536
6871232615439998
98649155321608507
72
43
4874961669
8171614232031984
6915
599837629
985999423664560960
805293570884379560
1579145231262417
7228212603183
1898
86469644271563
683943251
136818
8499063236091269
738701594498
879481036
1871032586
78650199952848
6
145242547
4556
9
56517669537417673
35573580
5780766842759
133220723300870096
7676282758873
1562505827897
2501109682
2232
142767
87007270340652
80987341
85
4121
8169559
72454287
86
7876509750374069
3072448
57234164859168672
241411405144
3132741136
42941
2670114539683677
7462
409758162031264618
181670785313412
60254206562
321705575560895527
401665842476399324
8057266811792928
2600298
7803232282560571
93211019
13221303856297443
83
320853875
80453967
55
12498101845020329
52198496389981
7016
26778
5
614
7714400
8
5922653488357
995410599633
339610
16790595
57262694284839982
448696408
94661943750954
739889427
458430
881075452667067575
897521025
303324090
3641829504986
301626279803204
48040861387475335
683674477691
72054025
84010345985
4
583763184
5270445885080
20436
47016
176324596
729471488004
956559448301678
3117275415247605
3
8775507866
82979444871
2803443951
588
9767307291861573
43449
8411
51
306656577853933
1
205700111034035890
70147730076
4782785117657925
717552225343178052
371677348629
376098443895595215
585871467670
784
790271951
544954652700
678246795617538
9420836
937939748662
849156704961
1165480394
601265729
7532794629546206
45861876733
4949499635820
62386935573530061
2862758206621766
451720373579926
18636
754983
619
793441990
526725373328038
72623239872782597
1992747
277337691146223404
636115252736203732
5679293663253514
4
8189909295632
21536
90565279
9
1
756870026
697
42594
202882842713273
8355814500861437
952066439
681954413670
8
334
996838
72912903079
744053277
6763578
5083404656
528178820
1599
56132430992
1713541639651448
928451
866168737
524
3789213907
8502864447026
9726127126
5248914
26402840
4672
88
7780
8688699052
741993002947134624
68486
6532923455
3551518845
3957
3632507029364813
2631516
859249424887589637
60800431969134381
13821
8965357755750271
833381423
87184
21529
7415
2483237718
34
914784
30804756
91895344074620
4439275393443
4745860
8658112104734
4954510042
487400796
37730213828
634236884783304090
195799059438485841
37621925047
7842
82
9705310351099
9085709697
51434
932583530869944
6
441460141
2777292229
18239
8138991671
3521298503
64564914885196002
8919423538688
457
98539048
70984005649
49899045
70805701
59998628184226405
1100620879
26906882085
783
8667970
7
542
828626620705
553599378170912533
538
953143
182762791
50711
35711223476530
8076813843240454
4183307793525
488889
136999555256011
91236
1581489548
390345883684814
297122158
268590496074
1388104265998
15442049973
957959
99563729639
94
276
1
7278978782
38917
6469814
230017556653622850
316
825306942
84451117653
1259230024
804690026481595380
99068590527017496
10350710260248
26128370073745
846407139399
7900632492
911756363933
88707690823
6526786115600531
10467636854
107
46322459359082062
223
7134316050614
49
4
925524996144179
403
751993817189354
6498734925
1528371497324
1399071669315
201175014373007669
2925284115863
3494
380040217
19
41469
82
5811
201032236259162278
5
74772653759
21383
453
620199737185
8364313396689
467259391
44192
45261
868626610379
7106244883
9380995655371
1
773
84208
4690953
1
639
1424648241487915
1397
7124430581035
75218925
620089015152
7227542
898716654688606
3923560
95459
4480198
82563
39899
369719287
977
603591047376257301
20
123
59854769351528896
538959074207487453
4279521422069648
5000508
473607944006160
17543
89
3030821
9
45032130491080
1360340580323
72183424020931939
37641699
42064474938531654
70801565626
10236875598342
5717337442011
49891171
369204444374901
36597288071342689
6137503542
4545254542
43388187818295
8
4607163
172500
259367249280
84200
9383800
723608556502621623
7621650952189618
1337032683428694
52
4115396134
3
9626894
5610
709062499907054
269887671
2823605533772865
2
7727
766657785033298
3
275
2302497287046
6569592003750228
919078716
125960578418747279
882872
42949284144614
3209
88183123861
72294056702065517
9954996346
740980
35
37606467138
5
292
518350362170577
737321806970098628
815636331
749845
7333403524
143
202167
57969824199424
39132786458667
463244068178
6459562752
704881
497462622002816323
216988146070179733
2649
119752825
24450058097260509
79682577952546181
6911885401
2651265
84916452
8484308303916633
1
517
16422949
3995998
483166600401368100
374793875
871502469685910591
46990
237705578272833
4862
44106727907577
9232605548277
97161
9
41888357
9934649
2
997316
671389
875142162
701051002754635349
25920293677389
247349315941402867
7
51109059992386979
6068680449477880
205916164973898076
18128797708790284
50418827827
93557527
9939054994329
29697
66212799282
77573182616786
6
9744088977352949
3262745313
4007761941
28480420
94901457799911887
8429725839052
12838605716826
576797523372
1763966
3
59939396774
32127
8143809765
8610
103
802443885
1
28278357
1876042298
227657433022
19906812888941149
93
5907
586992102793
430801042697136302
68813
27133
76216532714527359
62653
27790025846
5999034
1094868433411
333381
7897097
43853451206767
504454553640
90113188
799657257153510
1382368581999
759616
7136
91064814053023114
918200855282173139
1612944458
212732737256463
7810574988645434
71090562149991
321
975051517074586
7122473
4456762949112
79813
911144493931408362
815436844
82303749
940866
7978591
66
40381531107
637635441411124480
22745
56705258914668
110
748161500157936188
7905583404
7905
49881
5816
775065012867023
963422
467668
22294867185978
4629
53646213818230
7096394292520931
174395806
210532695
496740933342087247
5566539
40484353
652388587223
97623354265651126
814493900325
420385927793404874
79484686121
958734881577
83878059755
3160443950518346
8625
857766
412472
657
52267
40002
14481245
49
31987
451130080085979352
89269132219036
92460
981
92256978157
996219590
96833646
61097085344
468
673805265593
6139236
64790746
87586750407557572
17
7192092680957737
434301
90401256549
8124331
67942407539
843589235301627
293785329506
775530324897913184
2087542692301257
5292190
1
90042051
63585819
168408739
7141
7756275301481
441558555144658985
93331752135
5217795266824
163857
3047680
184601516984709
7533239253034058
363234
44397412946
5765260685416249
2875362875943350
72739
95770365465291691
67
428
732849
28512398
7217900
271921474870
7463508498
19821855
54091
396
752608694777187315
550350648526589
69995962069
37864810876
91
21651
112
975683671229440120
350635002357445248
291
772204390098658
23348910499802
796592884103773547
850
94344468
964713756783428099
5051608
561340811386985
89230
2643923750475
4510816993324874
32682039
355154884902
184522294912732350
153812671801005
97033
1592027220080108
67129184576116
17009033231
332549890
27
2
59180
60905540867214823
82
717518798
6170825
83646059542
64109388296425
494919786
8559952594625566
680009400390995675
1723495964517
97
71524736802
700523
410155220517523082
60596396831
7290765180
386085
3150
231937
56338
5369687457222737
40399661146659805
7540224
710
9836744655
127
280967470836678
1646680458692
72643227127
6349447805829
885
686240669009732
197177781822876
7584572675
9
3929638
36630010989483156
435217136
56213163375275668
56
794221479
656989542
8726
855534550
43
525393204949
36721998
422940974
42117312
7194798007974305
747729932
4502234
83733
91073675272763002
54578970
250193396
8
4563395336882
235881404538491
3708048
1348187924
46420
706641
61
477270872
3
6133797992258686
7557296303
99200637709643
111
638802965914607
95302511946550
2368587
8742561
76701314462032
47
6469
863712871771025
438863600
653049808029936678
647725354580753
758130
69188
184251716272271
2098
910
70340338774
4769481111422
6443685925473
87394008022256
898333
58175679128533
63785154923858373
9097780175
9
47215589502572
75487455
561335
631989774911751
36492
668301851704683
6950
9740924
45324
87700405218
98810
7458817492751
901564005
658981397076
905070116
