1000
82662456459013
13641127582490
698372
4849060
94
58902673
8219
59311
6295276582282
970801124
26987313529797499
412082
45139477574888529
96915908109509
341048515605144
50797
350265
9880104
867282526308297
64151897
690042621
5366117148851
763
5
902508792814372411
3252
78234079094293
51576400
672344
943913605879703
68004030422977831
926853645668728
22084627516649
74871355811804601
1
58365721143081
442636
483004327021988111
31550605253
7150225
589277208483
90
2054706634658
4923292490075
660587167020408442
8757927924729
943
99083
463805194
83154501016
90861845381
333
3781296
980507189940005508
727
576997862699863
4447
15043447124805073
227
45612
4072778033
776771747669
639643925762665
959616546014
878
6
24669
2229920
1779
9743137133926514
779868264751724
79617770818623112
8026663492637435
345446501832275
21055667
16973799434
365827095296561
11
297434320884
60
998042117841377274
801429568
1656652893870
1786442
8
98684541
999619
69470868414890
682439862
836841746644
71
395050874185922658
424501
96572499441
48
83857428
808901167649258992
10253
107480700601998
7900019275
707249988150241332
17
5754891332
9
4259074098344587
50316119661398415
1283389846
412344
37863202243706202
513
9260407815
91943380750570750
85004254957439823
4134930859362232
4413671200
16419788309892616
519225818030396718
78917800
16619
6433516119
3
584464544840227325
882398409707082
4821207429
338
1615721018299316
483510951337
48063
7599328451272
89401934507999549
6835231754
39
838242692593568409
4478
45417
28
7020844
8881843798469224
4395173113959529
7709510
8911
479820754805690896
8843964857926
9606
60475298204984
751
1884061651
192689879
25289924029824
8766886923843738
1250
9511614047723811
74710778
339848589295252
770
5985905676
1913599303
850
8887977846
727
949794600835695
86767
25
65
8427034202202679
18507
956
5530874700320762
4911319402259
460470142106172
172007391345835397
378
89372005299297
9095800331008013
769581200251132
1914147370373
3
29020350704038378
99112015743807720
6504744030
57140391
781
7376594
467334384
61
61
1
753571049563022
9521584891500
841018314392895093
56213224854601
4475838969039
995
69
711468081
758
9184975297082511
25631650
9244208
37012902939364012
781778
4243
800732946896
524960
4131964
18678671865
96304743341
86292633
224896
33
2084470904211
4000
967017
3594156192
6395
6856
566
65
32798
113022
438303689297162618
6
36507821
835585045165093556
22
407975197
34521866143246715
2965
169008
545866644790158
63433015774
75
99388162833858657
3252320369210
452198374959
46658923445914
568921031
87578425185008455
82848
62965327094
9965737923499
47
6
54710247554495
5
5319789620632487
896681347399916
28237079632031
3023
67522431896370
41769
82618
8073548765
333881089157
375
939
1890
390612
82972776549744367
5253494321442
8
2035601575924
862496331565996754
21492
903944826215566
242402
3299883
53
590438863
728863
155694573800468
6494250
1488014089676
91163
413854599
321623973981646
4910741248
87788196
3817790666138
35679167256358222
4569695
2685942513890377
972
61
3882937605499
9227422110382
6485480327122733
878812244404
66321911230574307
47920165715407
9934
5857322821968001
7619159
44
48208772012432
2424812003725585
698765189432857282
363120377445
25023202
1661381790
61657341826376500
3830464573697
85809239
624704881831
47071670906
350766880
27588
7
2291109029
26658
251257224300521934
763757
84327571940374
47130265
73
78773107174261
2
46950364139361461
223753399611600672
26288769
106452305826538
1095220871647802
785
4831006300
6164482191779
69
954030330082214598
522750669765630
1
5324348
3348322
687
6962447435650
244996234787
674813660134493
5345834470170020
300476480
11372718742334404
9
13
1742144307770
88342679103
70377163399
59708768792251
716886355440931
2
280868852034
6793588334
662771081
48
85
209047994989
16181882063
8342999991563522
87908
2985
9140402
545952789936306
3650631048
4856013165077
635299177330564
86352
657530202
37
170063660225081817
76916310758
77623989003
518145734942
4303163
4553665893121
792231855607
4563948304085308
276091378949672
6818868
960280
8777681470
187
93841
8141844875743
7187
7988891
87
615235995
5
6
2
482101080112007122
394472
45020
3322440
1488469604329993
2803
5525782957357816
2
362975984135289
47284120
637
2805
4
3122359
889473327728
1515
5284765
5
2984799534
51182
633156093674
5367067112502612
37339199
779069658
279496414534417928
916229935625796312
36480017038061783
893518424738
340641931
73
320
70957
5241
2
38386
3554988952953168
36347447242302479
779541796877953
109893326
2
3549457986874846
78
49613931
149601
80
6
132898309
98721873
99442
8974736254360351
1017812293
655172767
430490063793
239
81467148067
338942062601752
23
7445169166
822338
3509
264443732
687579
909945233503
875339932192
379734734
48914962067
372416
850347
97153132
131437188035498960
3032949264
96730223014
8846917
777
837813441
913275311115706662
40
19
2358488830595
96175362087
318023301081041736
54
101243333
914
50902
7233181856
2814457
73218108200114567
95965166703
8309
9
68
606063
365073509289576178
30565471434372872
94272349059837
2
9608364657741095
9081186
12794141336
7266
6700579550668942
37900556620310
2285972
792087462364
6919422540
9
57873086285657
325639573047
251922654
5638
2643021317347
79163005951697
7125877093166755
3
67984055664868016
28049808358044
14669136812
7542
232312170974582
7908266
848802427
91188197845050
583260428221948819
29
26344316564002154
662803
4484
664628934690
5
37616467615975538
9
386834
63
43967
434962937678
5275060566
26672365835656944
265
337
648976735081786441
587203979271639707
527364149581
2
4842635573
701676040
61
171587415053508
891827587286329710
3782
29862887915
61085048257
194488
8884095786325
85141
360239779798
82797
860138381894754983
63861365155871
44842943318
182
771386269917647585
763516500533206
6317210296966778
755825170613384
53235441617307834
463453
464624856
33839
4417243
39346
147139537479773803
83686688
960
17
369
4585278073298097
15
73
565744669144524798
36113
407265523297058
558597
8896011812
703128537805120272
118690718856651
394382
967687893199398489
3569470
28383
3994980309690299
541688883831228135
95644236635901091
80363488
610675211658
55307398670956636
89337
8816390376
395
825791349618
35954239463
9953491
2
573
7
5702219633679
41056657517
409915639968
3339260
4
75012498599
241852549775821892
57651042751208
6396985953
3221660411
63227635
882083590
19242002516
616185430845020
5073
474289915126035
1059401808135457
30489753923490
9526
940383948880
6
124338889
50
38313
619658660720
742040830
15949395024
7
2
8105071
886936092261
18784589
355825562648575
8705
20840290
68177354971356324
74911115
26299308063652710
4220499
309845694
67645102603681001
124233
780848
964897157635867129
93997897747
8366337023693265
39
50478457049785538
9001
55702597511507
476856509377578606
48125848
1657328083309
767739592327003961
2805836268
5
85626239
188019628920
53359187892641
5067867173572779
7472
7057421520789766
11326305
20
772731
129959048639
346
1685100772424818
55132915
11522402122111
64085808611825
304048
508149
65125996982210563
692308
761
85337516478410817
4957117218057
804975832683866
44701919349316448
75538718226081
8156441057
1189134695523940
915
4008728
52620536217769
662605149157
68
201416790069652
5694
1033534
396100
9939998772029
4397654
812094000014
25004217
958445916829015
152514
1405
324602
59978997934169533
743494748342
34482399443734367
8388345741366
515265339
223512056
51
786
34887141
17425770285253
846844079
683394
49746648493
1798474
139119669117
716
362913492
81933456
2345653876634
8460854407552009
3434009076622096
361513389581
4
8152242908251
873010
6
6392
2058
205
279514
7849050
8365480207020297
46373121531
164929531730970279
9843167230586125
60860269191803
699956318
7415178476414333
9627
78694905011365
290253606
22899430026221
15530819036316
4645750052
7465830
2047162
76633471153405
20508804730
38940
430631986
524
595497160137043
17
1587
9329764
41868951200263
7022
8139750
5400589576
5664210332503944
9445045526
42910574777005
767168703771217432
64139828025
610079702475
2
557811962993038332
595319905010567500
556988564
725070380
52757522559408
38064076675824069
6599746252458240
116795277886801
4
489733193
24555344893773
765287586412525179
8619
3067
40
3705
93
37569109284905
4870893560725471
66449632491662842
31107291969013977
3200
96
8460311
4082208122611605
754636482435598
539030277693663
49
95040495994799812
108113978008
257351213
2048870932
2
56056252101
8309648
668880111948573
7862
30821907
6739541
726103857055
44569669350
89850404217822
28206
9273078691789205
485389853674471
67745356257453
435715
70356
3859525272197
943386979627
9256731804643855
500760657
21318764
787323873321
44914582215726
723200645429
2091682150593
188491911098
306589405448175028
365995337
74833312939508
4381102053926211
598
2
9552052848661601
13825031
1990125
15415191920946494
24372793905494147
580402
581
60293
132725
34000797
438304122546
892229775836045933
915976114772
941958
381997
2173088987393
759621771700
116417149250223156
15868740460561124
2997699853
357064950128
9440
5
491352557002503
94985168832812074
313873
9751
39687196
115920924237736216
8925995826645
462154599372915713
61036
73710437644226
555660
4652757
44
46191
9740
2365952
3098465122
6
8364334853
6280
8322328199516
9034670075696
189943397106
3996811
8060946926
970703677851
6224361
5756317
559676812700217841
5744639272
71829689
9692029
63200846140863102
5031959080
811233517343
22
7232535823823
12105432
6516168132457
86274704437
3
5201
2712545782586334
845
320959370320645015
9010544440
701298355
37364
2560181137771
337959704
761947243
94667134071821700
5
56248810269
6749105
29010930
76800488810
4
193825644565579755
47508589751
42025501157
8487252829804
83429851209310
49169084589479181
1
308940873085092112
4
330868
6250259
69619671715
737600608620
202411229645552802
9905186978
374036
48244
701925485456518210
14942223487519824
829
878370479741
83590395684820461
987
29551
3256707756
4519916825
5550426
35943751629346
66
64190447609288
635688308664320256
460256351353088
3
2170713
3
602592
90313676677566973
16580
93
6
620254711608
161734
60403076712
4231625985034
4
68221924912826980
6
658720169501
45737320734523593
2
5325686207852581
9196640199467413
196519294764887
8501613779530810
9518024919
9619430063934484
3749279414543541
85257817
43228294333206
61107392039812
20082023
78198886
88669872
6424
561
9395077285
26142842761
932658717
833
558974518714981
356831613
5319537326977
5847859435467
9095
871366726606200
48073629
4154
94559126604868887
6991513
1470206855173
27
55
44763681911
49
913168
9125083
8111770
89017
1493822850287
820233530
407
3686092026998
1557871137
1656
3216848242053
234402325
822798372450
4557701696256680
