1000
31591696
60131608488769
44165
3277183249
7080
8829
95
35403
8433164
508378496
212849834457
911658048124
4800313590493
40923231912
955
696909
1623228488303735
3901689375396634
3
970075232
517928529016312
1604423
13196376
8596235
118759519
5473104080067618
9108728777419685
5648858
5775520820
88748179874
6280050970
352444743
47
56603045257309499
7768
4
7546420081697332
7512438804837
441
83812173
7834786
210514
3
4681495209404
7
47995
98399745341375229
136781298185
3375479
654
21970
24204
433530275
798322867378074
16
8165429468171
26407
40980
824274339
803394126182
54375494820196
1742895748929
31796470431832
38382564
9814214741907611
314605463
5034
16059653
93646
201962438921
487069
15404032
809228164
7489559475362
1261898019
3033499071
604380020
496584
6497650042
73385723748
8595092528
1412
16101486422180375
1737487071
99
5100509953335830
39873643677767779
10865110803033
802868635325
362662536664
751345595291746919
1
46742538017732
60452369029
42181868
830349292692046425
267201
2192327
21221
72019871650
435569653990493
16729
1864149494749336
4710213
608518317721
901
6001809629055
371582891
72
658
600392
746791098378557632
94886116628
359660860138
4756986667208
3089138
3878083873551
383475
850930098999
99428475992695
22437523722733692
4461312269119944
21
880
3534450218
616975394250
415
48773310
722359418481
96035072980756
960184453174577
8326025
93519139731707338
659552
90125468
59
59252059310
37453662676
722691
3229426677
68563051510155472
7
93789947
7502197341871
376111240728835
291434328936758
1455691663747
3
445801282671353900
69767151096
208
415143858507503
40261703766385
483
18106703436
584
5
45012499297732
8211266548022
7560874483692
5
3
5301988
10503281260600160
528316647548
4873491737899827
505436292067080
9347721
72625331687
211
8783684438
622
8557200580486
659832436877
89
661533858
7441
79944108015714
85
1074045799
1912878276283910
4520714869779200
6923301785605
62
691797
8
4378839164101
993254447577746714
249360223
5
23
60477244931512
92725547871220
63840787190
93897279024921145
25742
72642910
20
6712171
1406863
7543810221260
941
538298614
78985645747
227765
1
234425131
8992756242
19
48002065331584192
13688422667701
1183857174
652503
33858
6499717025
3143016389104
1004
37208
351539
6
16
7951055445403
7868996
19235761
321956593035695
165
8
8325824162392
67909467413271
412447263546
9890711857898118
19654048884445
9493723
612056899954
786760
670832114
14866346535271089
691
3371512086685
2109551
332731840
9905227213
177996649
4354665283983626
9988775861
22605343295057
73369
77847333
588
56159367614
691681481056504
65391742
99625547637075
4203540494501053
725
42155072
610165571517
6727011
80
4848586
677843588
87240263358656
5690382252608486
917
2318914698
10908325
766542
156
22593659768
30363811977642587
488871722480960526
39237071868296075
80510727071827741
40758677497043
660899861698
31
640926602792324
55
2
76727885
69509
87015950305478431
3321174470
30552
733383830896949
42848238910692
87546149320945
824983
233549683860421
4715850964
8580925684369
7958363289051
9650330
5785334248
7988208
26720370
220090844260212303
2
9398613511
833641
336870310892108
6646388451
9
727316231339272
578344
7
59803508
3917441955
726709358711
630538089365
44
301760783
606095312714727
464189328247282000
9762255629
3
349
4573911395325634
769333513338363
171784837005
594189624758053
654663402992
80364476
2296
9
83329983
9540937
1363045177091
649938863839032750
23581958
49735658637
3086525028
26297
88
97173679140
202448568166
636831004750563160
143420333
7075678981
9640
14102247679924134
6
21052618
41075027515415
58128245
3172453
45766933
293571383
279
52666415572
434044992607631130
4275017566
413339929189945270
17654661349
92765877795902
49669324902156091
8786586
1587129980425349
187092
8274032680
846027464905413325
1
57020200
6386525109
6671023
8610314656814212
27158454186343
64657134725
68573488245956500
22717543935
435409
2935
63183
705634
5752429996
653080733039321
6666561705926
172
22
2
2886
77353
30
5781809
169352439
105444919149
3983983
7149784285601
37287
183
84892349580474
204937301396601397
7272123162849
28383599
5750068350093424
44754857613
50677693620650914
1
43853
61798914882
191678690
6649
7
38157256416
938675
535762301450
7353
319
1
5345091856510144
3464737269
19822205433908
996675252901480
41044441804
34246815630
5091123133797428
97639090366
16685799225526469
9726038132791
4763
548295461074248071
85086
24239813855593
903361332147
7671025
9841316243346
79962201
876898300373680
55
243234956175
1366116
83722
574
402946014109972
658112784198839643
5151674
4
846929078039927
361711894688
918
77798670
3038574648947317
73558525
23332236103
59595226963
283910533887333
78339925171357
4558873422297653
7655
809634204181
285
497965416
93555761005
7
271158658576018818
539502808399860
2
29826548531372
4960998
47049280188665040
43020818917957984
9203299
60555588708
49289760
5
84
692488653214206015
161321041004596197
402864836008
6
6023463
30691
815
3379328526
883106
5159138516666
33155100831674
825574
64
420382625
17417725673218
3474810015
325254
168903797917
92660763024
59915
839445
223491639268
5035
8670385799341884
571
36977082751323
4
228
3
377475804403
91387631146
8
9584
2234915557
670379132
5852
19936472183
91359275
6679169708507
63904742475
70732
397
3626488308909595
225425367
6
1
336296258048998
74050303
8316162446628
89790899
193525
752645362958
31348458
2615170965404
4977847078
880976359
86084824232121
9923977
967514543341824469
5309911408408095
90876494958
373
62885405
231217
65691530226811
9
180385411762
8510525839299
7835717322735
278459
132063573871441
947813374370867891
3655965
59655053306
79799569690
85271721
19306636552623699
70
6
367631011173736503
3735
2237075
143875288917
245444
319532252927368230
913
84628081
7063
6890
24966469874059679
1
77372883796655
111408905085183490
736786644
2662712804524032
716601479
93
1
448251277892
944162
85374629205743226
944967
71385280756375872
8
262658
34964
1595393958
486662278
45482098442139
82603451
59457434
44274248671626
49354797843
38226665011079453
661117007
10690
4678499728
644820253
8587405318495
2633841407527990
76960923009074
9984520595
949956763957269468
13127768
352403
693343037621
218632328
63980
968393
63302
780766
71485844945205590
830
6776
14567705419823545
9
479
935603679136
2249341915437
2601558281
6010946105676584
213706051899996
6715547324983505
14
6545344533760037
308528
20566259724081
3440
653284148
6504266953125
71577754
1614772
40994753487848
550625
869008757278
37964832446316
82238
4092
364985702387
43197801246279271
8
978468698
84183885
10727676996
546104
247788538
8961
5040
71518102
636
439005864
9776718669409503
7
479092142902479263
5119136368053956
292182351598
63154
428700260
380
7215
5728722247898
95109701181413
11683478
9257
192004294305648229
478446250743348
42569086736956455
12317302938994
3
97906497173
6974282
269648583318220
497
32512256294
73813527157377
69327698014655
53606258183822
876
94902938
869
87
69
70490828894
10333473259350
2801437537
851884817364
82849155978507064
513797616991895934
3918960688208
35343615
9389425627926
55617891
8602417373
793468150935417
385573609992723549
9927920561403
982262161556100222
2
76095337687
49343
68631753
845994
21440
178693025921540
910499350384987387
111163598908
20349891398385
85076
7463345554159
89782665
346943773
79604
60
112801840708
35220994053869211
4
72453870063835034
86
86359
6010466297117
182
8
4073
51390063489253325
3409938700
2806427602081457
82318307606635
47879749
18413103546478369
4458528
379387320961215
848109373851236607
64525408843817720
170521
3987
870
97
9516099
740
279910
91957049857094375
15335242153361
681821690814409
1442979384
319697071153356
669063
35470447878568751
74350
87193763203277
9620
79719982605
2632318721
805467709893
512617216
29859261386866
255
3
51
35508173359207338
5690558453693249
32175
7
86426652589
660329765807014
6370124901171321
75554102374
447629965889
707148513056
19935584124301
605732170685731
32179674910
61632135
5262241773104
5205115677229576
500626713023645840
46655074752
723469472
38155105
7395814
99620054
80585688439613644
9659778978
87242211
356017574009
305406192586928239
28335
1132210
2
966403
44766
89544017330
737034
92215991
17048702830
8
24886
14349698806496074
143352858636
412101
89465325287
329947723013827
30441808245
1229549116
58528910324752
26395827891905762
1662767126765159
87497
26683221
970758994652901
906281567502918
80670
553192404
828235932151450
89
6675004
76818
736921138575
12
30335
51
27818
61835950709472768
73748838
616669496466
67881741654
944452060641
276250320157763
993
6719981542801438
226
956318523170562577
9704452034943606
2393685
8765786
2
434180223
518467938644630
681112675487837255
1576333916
7908010
2
5
7221497222197
268
3498411491132
7491
35726694854839935
12985403164412986
652506667595667742
6550121311116
1493051568325167
1
8
14728939704
97
60148473553
98544148952
1
365213227
846421
59486546598
848
12346849708129
11479
357162502744
13042952192
8505426997534
632462787002433
21166583792
990322705514
5614
80339919281
46631058125
14548160193
1443452
20040743
378
154314720
965710183109274
6630275938
325142945153575
3406681619
72374
5717672837
121
34942105059
7787259
1
241093426266719981
657757126264506
913485264556663632
99627894312253593
297145
6
252854481495729173
4
246
9244749277
1384772691976775
9376
1028977870354228
32928603
5630462864
4445
8223039241
83877729
31177
82302524049
465278
5
586008497329
23560809995434542
4094
200634
2019619930
974520763
1936955425826910
33825
929826423
427271641902220471
687507
9311103852116
597
380119618337
334345840353
162826839145428
9194
68534780092840100
9186626438588083
5035
5710822863269
18416116129
911238948961044406
340421783991605
332811623397551611
2391810192
159253525156803
9450702
53222484208
36
4
17790195724
250992340
128556763
53654623
7344333569
8527173037502
180
607
730
177666483786715247
16820007659
76714355623294030
4050573
1105953868113
963623
933506089760021759
106011859180634340
81303545206777380
6559687921347
120004726406
563449
5
25638277
903720648064542
1909571
7417481004
4
19585169459371062
5631242348
45260333
796443541794645887
38043225758608
92929028
84285
30046368865846895
3721928960812
5269549505673468
859971788
21207586256073646
948197089079050
3796641441725
58721821933
85320
410851414
10600521564490
6566570970
3485737337080547
972728508
85556154
413613
591097736244429377
28809932546285386
8102546761753
4154
87655052358
49775434061704
51
32629324579545634
18
26966690
94168
508670115769149136
24814810170
5
64947294917
48601851119243949
43368099782635
2580
91
5406567530
3
2100946413
11
