1000
25
7
172
6031
189671
265
540064
3
51693
364
3596
7795
679
3113
4837
6
62
6359
12
13
4
35549
324971
453567
9637
5844
3
81739
23
9
3
1
206
346253
80
911804
791
9788
901
871
9664
73496
10
71
74204
945
3
2
14
53
190
51
983
899
42
790638
340271
439
22447
872204
466
76
9
3584
47
9
449578
9046
3
72325
8814
3330
88883
2
6713
471
55089
8356
579
3750
1920
17
6
246737
62430
29299
84
5
72
65772
3962
6436
3
90
210
728061
7845
468353
793
308899
7420
636440
9
88432
818918
4982
1634
6
1
440
89961
7421
90921
96
22762
8631
3223
750
5
2
88931
3190
31
3600
3498
184
49087
819
4
802092
64139
136288
310834
71410
92880
94536
13
5328
18
5823
73
460982
779
5
26971
2
53585
4
3
429
91259
77403
54
72
80
207
352
60982
85
6
515
4
507600
89
24
81471
32
68
9126
43011
9654
7021
4
6
46
9
13869
9
1584
394
756
64730
1246
96
35
673
13
4
61
383
6
68
536724
89
5878
19824
387355
86959
431
533810
327554
123
819378
5
219602
16
63
288143
625010
41508
969450
48515
7
77
3
29198
663
24
4
1723
1624
13754
1
75539
1
74135
9
57
713839
8
560
45
5
55
7
4
828
8792
372487
8
386705
130
695004
6362
6411
164
516
6
895
170774
406
80553
695956
2
8
3
339508
964970
1838
8
6
5
17283
793
9354
44
3
400
95
470
690347
6237
81827
2
463
60
9981
840419
146170
477523
418
84867
314
3
700017
1890
63604
5
683831
238368
30383
23748
14369
14
95870
887977
406756
4278
391
551060
3300
50
92
48381
710103
413776
19244
23090
945092
5
77808
9509
43
7680
6346
998132
708902
320
7391
3
39648
27
32
698
39
5
32465
2862
9937
268887
17196
4523
8
3
54171
69
85504
7
995
7663
6
24
6831
8
216
28214
2431
7984
4593
6699
815192
256182
279173
20039
200462
4139
958
250641
11501
2192
9853
8866
56
6
8000
62205
160
852
116
1
43358
906788
6
313337
61392
828
115
4086
44975
78057
18
7
3
324550
224
2
22
28110
182
962
71
17
32
480
7760
1439
1742
466687
725109
731023
2738
88
60
96345
886405
5074
143082
127624
90069
270
648
1
45
158
4
45429
69
90
8961
2187
2467
62120
5
48891
306
195
6308
66703
254859
7777
776355
7851
88
80861
910
34
938006
3156
401
88407
8423
121334
769
9292
827128
379
61
365
2854
85
875746
893169
84
170
427
1379
24
534
47891
61243
5693
1
80
5
8
987
61242
9043
85884
63253
4
1643
21706
4720
327024
878
5
170615
36924
71483
93747
741
86358
9559
41889
5
591077
1
82
502995
109
7
76
601805
14
10
49
4
2
32101
44156
59
7616
381
9099
54186
481
86
643712
53186
7623
174
679305
399347
966
5672
863672
38731
3
875232
2
3193
6342
39
45
282388
564004
41
37582
41234
351
24
1
8625
90904
1929
125
1
454558
26
685765
4
75
473718
9
777825
9398
1
22
3
6
99278
4468
4576
2
494852
37
139523
871
495964
8
873
5084
6018
924
44509
782132
2
32633
18
9
64
5
7
1039
9
4959
410
13273
140980
162
836
3
619170
5782
9906
262128
201
9
329858
887
44936
3
1607
60799
988
1
583
61002
3
757667
97838
18
767762
95548
12989
468
79
6383
8176
4
958
2895
67
9365
9240
100
57980
291170
705551
62
482883
3
713
88
69790
4536
2
7
8915
66196
45026
5
822
175865
32957
4420
34
47471
753443
3
655
7
47442
3
4690
8
13
495239
568031
7
4
128807
562
817361
4474
27
614501
69878
211728
2
25559
28
72122
622
12
256276
154301
48395
1795
5932
5777
847411
45663
208699
20344
42
8
7
4086
818
3939
296
881721
88724
865389
594
256942
420
310317
44
9
5
95
99
1
15
449446
266
74
1
62
6318
3
8
6
6
4370
6
79515
9535
91
77
321
35
783196
97
129492
53
6321
946
6239
7
83
29768
83396
61137
359872
388
5661
216140
58
216
86
667
543
572
977
6865
7663
990
81
2831
19
8300
151
84
8028
8951
56299
6
933
160300
195
554
7
4
940
86
76
647570
36
431187
985361
4
900
4140
624388
495283
40
22
390910
1552
283
35
60676
48990
6100
250032
104199
5
15
118
7
232
87337
914
2
7390
5483
522632
637583
11685
5
470714
49763
5667
849
8
241
697
48
924
1137
63336
57
134
127
17
665409
3
72997
560586
384772
87024
463902
9394
7486
11228
266461
2
6857
19373
874512
854302
2
57
64
423
294653
186
517
1929
9457
803
2
6555
62080
214
4
794251
73259
88
3
23
81736
90
79
52
8316
16536
82411
993
72338
576
3
6
7653
730573
9964
273
1724
97
36
43
24
8036
4657
26
432
7
77
7
34805
39605
632439
2
998
4632
748
9
135152
2
341158
693
1
3
36447
5
7
8124
98739
34
99919
754811
2
632279
47
7810
8
226299
6916
6110
8052
87620
33297
58932
5
73
8600
2599
3
2
197867
18
3961
258
90
155
236685
162489
104
7779
440395
7
2
146822
633
45
59538
143
60
2
57203
2
63
8628
59
997
422
72748
892
10
41455
164313
59421
5033
52
4836
701
53808
5
3551
36192
4616
7
22
952
73
7
5568
4358
585413
97
2388
643704
229
62
36
94
272
1642
20
2337
3322
6693
329378
17350
727
4
8
609003
98
9
339
8026
503
223782
7
61734
959
698
60
652
193
219
431
4
372677
25498
