1000
83
171
2
33887
875577
17244
725078
813
99
781230
896
7369
642142
9
999
43
464483
421
393577
244
2
12
7167
346
731164
5
35765
26533
4
6
4
321216
85
2
3888
717392
3
496335
188
330555
9
2307
7639
6
30
65
4578
50685
807
14752
164324
3214
55097
730357
33957
6
6
93375
54
75684
240040
2167
432
655822
79437
42
327
5
156018
596866
700
5
60307
1
584562
1110
2086
18
3
274
235499
540
99
39541
4
200768
544
18612
735028
1
9703
155615
20
127
6114
84961
9
92771
98583
420
871205
718
15
3913
6733
8833
89930
5725
9
2
6
5028
910
282288
83
6
8
437757
56794
776044
543356
1
65
34991
77671
3
107446
29
596
933
93
42
681
7139
5
69570
9114
9
32
617295
4772
2
4060
163
98
803
827466
48812
8736
36429
578193
7
202
44127
5034
5
24420
7871
37
3016
776439
643
973
737344
71
5
7917
342439
248813
890636
20515
5
1
1635
671
71234
34171
11038
68
40027
276
1910
1
190
6
64728
72
9432
795
44450
81924
69
735
79314
73238
649
419821
6835
80
329168
502964
61
62
745740
7946
8
7
897618
841
802
2
9
26548
9
9
8638
212598
979363
365
3904
3690
5
2525
760239
428506
750071
523
3
164100
93126
336
5
921
60985
242
43104
177150
7864
6655
93397
2676
2334
65721
985591
19914
6
9
534389
125
6
57833
28559
5
687632
40280
280370
7
57
94
9854
10063
77803
95
87902
3594
9235
68
51
202555
82483
76687
265
66209
524361
3
96400
4601
590
6
56
85731
120122
73
18841
20
5
962347
2849
82792
6
6
27586
743525
223629
16057
83
571
399
952087
7155
93
539052
380
74
6
387
8
9572
375
706
8
9295
7903
5
2997
4
99086
7
817
5
2020
55669
70
27
8
76626
97284
86
5702
83364
5331
77
16
15981
47
87962
87469
3314
550
904
6
555574
4647
85508
52
18
221
11106
2503
80
527226
2029
39
33794
93
930
72094
57854
9314
9
333450
7623
45
405
5353
29681
918
137643
805
54
6
872
8
3974
179542
29819
3
32
97
69687
8449
903857
4
15
1
527
72
9
988
32425
25
26
893
166260
19469
758
21
4
105980
24
4
78466
82569
97473
975
3
699101
29225
798
6
38
231
38235
54345
16
914032
64
81
64
848698
31512
95211
15620
1306
90176
876030
4891
5588
786
686066
846222
14
448
81769
50971
726351
26
207
437953
911691
8
14
5745
2
3656
1
3570
5
7920
95
24
995
20
95
548397
7078
4882
990
6
3621
673533
21331
6242
886
8
442
341
4716
201644
66
4059
82
26
7269
58
98
5
56
73573
344
64527
954572
52144
932
7
67
44
7
76
9
8090
167
314566
9
2
580
9
9886
183133
922
58059
34
7289
604788
833262
2579
264010
6
3306
2545
49
85
9699
1
73863
184
72859
8802
892164
920
29
7857
97
1393
2505
39
1561
9
87
37131
91
303
886435
6537
4689
935896
40800
4
326
74
9
931
82
88397
713
36
560347
4419
2
795323
6201
17
377990
2453
3
388551
4
24217
35982
84
919
558
76930
408
11011
510
6431
236220
21601
91262
63025
6869
1
6089
19
62
36
3596
669
9
642186
947
385221
6856
334925
171702
10253
982803
487
70
749
6
196574
7100
627388
251
8521
73395
8
453
137
8
364
5
4406
13
67
4
96571
84
2
98886
279150
952814
924332
88
615
1353
1487
75
36
52985
5
79062
73966
71
6
17
4
40
6833
950
14
57884
77
17
9991
3900
514133
32
816
997875
76357
694
4748
62743
8961
7
41227
972366
9411
5668
45868
5
732331
93582
484
771
92
5391
21
559260
3
5
9
6
1
17
8034
47780
7539
4364
2
96024
3759
4478
8972
110
18440
161
873025
39
1366
1374
31
254373
8634
5902
884749
17
96
7917
30396
356550
8
5
706491
99
6
72027
666621
379
9
102
9388
4
34067
8044
259
68
347574
926
223
3
927
43889
44
67384
305
6
207
89379
8214
67997
652794
228028
49
9
19365
22080
4712
5740
8
30
7937
129018
5651
92310
120
9
44459
4660
6822
74
6833
312559
131
8
214
2
7288
1
5
1
8867
760
24
792
459963
841
556
3
58266
788
800
756631
8
9
344761
1
41951
9787
24
6
479287
22303
58
670
5505
2
703
72
6254
897244
349
75
4223
758923
6515
2
4217
93
801
43
497
361252
97494
86
39723
15
528
479081
733
8264
48417
94
5
74
387687
7758
41599
85
5173
54384
94841
615807
48
585
2800
6
101895
7865
7311
41689
2639
413234
919
4
71
25465
7
875524
7781
945
450403
68386
620
27
922805
115
924
280
46649
6
33
2
286
279
63470
20
687
96
478765
130
9987
9123
7
7849
973052
2919
1842
7702
44
576380
144
72675
584720
622186
967440
8
83661
5761
33345
3865
419369
8
6432
2
157
829597
25002
5591
985
27905
9278
3
55040
924
1589
859141
451321
4768
3
583
2526
7511
523
86
9834
3351
599
446
561471
852815
6867
6405
365711
8
7865
305530
10
896
33
49672
56
173001
3857
77268
17
87324
86
71121
6303
11
1
64
7
600046
42465
7
139
9898
33
47
85547
1
97162
290202
81918
89253
79544
114
240454
265159
8
156828
55
195
382
491017
748
498257
776
7026
362514
475112
41975
114
654100
586400
9704
366
53
792023
75506
121946
9893
6284
597591
705422
8640
25424
9126
27
8
9
674
96
9
2
91458
38
72213
945
7
3202
1
121
588
80
14
681
5
58
8773
770
54
7401
65463
258
