1000
11264
993165
59
2558
16
79324
174150
4
427
37594
54
4
80073
2257
1
41965
11690
1740
844747
79
15543
323
36159
66770
1737
34
51315
810
582
210090
84298
496557
859
614
48631
80
5
175373
5893
9
5
9
53120
59
18701
7
81
111
8
807640
941482
606
704
27
9931
582
58485
10
794
31
6750
31632
431
816974
43
67530
1
30
5159
199
28
38
815803
68
88
1078
99098
999887
50202
8
277
6057
210921
3000
2550
6256
55272
3
5438
296716
3
497
2213
38
82344
39864
231
2
665722
979650
65
955461
5568
9667
9958
800
3
9
582028
36
16932
675
3
28579
40
68542
80
62
474
92
4684
2
6
86456
816112
44
7
392691
9606
161
79
50
8
18
334244
9
47
87
894
46
813
389793
557910
3764
548
75
42834
256009
395992
984
5140
75645
623
93809
8760
58716
91003
39
1
238
88
84890
398
2
4
39
265
880531
7
153746
45
770937
3077
35210
452
283
1
53
32665
545
3710
316168
5
366009
91268
35
58449
901281
720
40606
90
196
37501
22
24424
1
34
14
7
12088
3
97616
974611
555141
8
77385
81
506676
2
674
11075
56
2305
9
7184
83849
28934
73
936
21241
84080
13
64
74350
3
56920
4516
82103
286151
768228
1
208453
95
1
39327
94
241
568
66374
2
76
725411
2
8581
1997
443039
6915
49282
83610
31732
791
949238
1300
830
98284
1125
549675
3147
692617
1
873
163
849738
3362
340688
4
41417
85
5763
611267
540
29997
5026
8
80
684
35121
1941
309
6610
6
15
8680
52
269
4059
5
28
391
3097
6553
2
853441
4293
31
53
94
7154
997
12217
56965
384
89
84
37108
6507
7
827323
459140
83747
895200
48
4
770
611
1
8
7264
2375
4526
9670
61604
241
6
445
805
652
896986
2
5734
5628
124
354
61
7
36
85404
8067
21711
3062
586
615
99242
4183
77990
18
900
29812
60524
9
435
55
57187
1
74
2
79
1145
5004
538412
70
88114
587
2
56800
543
614046
509
111712
920
407
67
67362
401
8
444937
497
7732
3
681
95488
6886
970
30093
26
2269
3
93
911829
14483
36
1
628045
13358
7281
78
535726
92146
72600
9
1
5432
3
16635
706532
91511
372
738
50
49622
96511
75
225
70744
85
37
6658
309
90
67
6033
637056
6
24739
6
953757
4597
892884
9118
85
50
9812
793462
4929
73
64861
12228
30479
85258
408
71
1708
400
8
97186
397747
194
3514
145145
266874
6938
37
17802
48
53
79220
988
50
101
24272
1089
247749
8
35770
90
1
80
957
6597
1417
244613
328314
6669
378065
39
851599
1
944478
55788
1733
94
251500
221
5
9
88415
88
51658
5482
12714
824
10
136546
974887
37357
3
23
67
498
9
9812
461954
370
622
47
5
553990
5
715
660993
3553
3175
383
948222
97513
549
867034
393
9
172
958217
32548
4
93789
704
92304
319746
9
358
833601
247738
6
373
616
86421
24
405279
3895
550601
978164
3612
5
752017
14
39091
3314
5047
41205
8737
120
91933
18
66
1154
97912
4645
88029
3
9
314
9904
2052
3923
573
769
644
977
967
9
4
43
8
8
42562
31
270847
565
87222
7943
1
4
325199
57314
6162
1
265200
36245
665
1700
2
68147
920
33
2
20496
929
793458
12
8
876
6
40
435913
7407
7123
458
9092
935444
850646
535
7
956250
30
7
439880
238010
968
9
1452
7961
851
1166
361077
6709
4
7
3946
40853
51
1
472
30843
7
3
156939
2799
6
343137
106735
410
5632
9
1
263729
44
2
78356
7702
259
170
59731
16388
374
146440
182
1
555820
267448
7
512176
690
4024
6192
930
458215
9732
7
242856
9
46886
180662
9320
541995
30
57893
8118
468362
5
358879
876315
48202
84774
36
719198
54
5
418
18540
8
839
2
22
650551
213
91760
1
777508
57
16
38651
721762
9427
444774
8
43943
90003
921396
635301
670984
409
99
7246
815319
74196
381
3
156805
695952
664452
44682
21
507
57
3226
59
27064
528
110
13330
580
3
64150
42284
3
226658
739
579901
8
26068
944
696553
531
1
4125
71
891574
20539
376739
4137
3464
23770
111366
67
767479
2
9847
868
98
92
508
965
852
39441
18456
62
43729
9
18
43
469605
98893
5488
4581
4
312
56627
134914
814
6483
9
7689
695
108253
363
243
87497
5483
773
10583
829758
219
4
48
625
7
9
3628
817926
89038
63
40
362
1184
1
9
118
860
8587
27
5
92565
205
697317
14
710
9
37200
55973
38
78391
32794
958216
689738
356
6247
308998
291734
37374
4064
3817
939528
3
916874
39500
769199
9892
467056
6
56062
15288
2188
88
4545
92
3
92
211956
3625
756
13018
35801
86
973842
186880
692
33
4
764693
22
5197
6739
97
59055
6852
71685
22119
18144
770195
31653
9670
1231
590
5419
90007
285
66
25114
3503
48262
92164
8692
30
250417
677607
51124
186675
660497
58397
852
799713
24081
3
7
93989
4173
767077
703
93171
6527
272
131
764
4178
84
7
85801
506
388
8043
33712
242709
5050
9
461171
886761
665
29220
20
587
9663
754533
724599
139
80
82
8
183653
607546
5
61
4578
9032
39263
282
610
8050
688477
97288
3
83981
39444
62351
470
67
8585
54
341683
5949
974
7124
266662
78232
519268
4274
8
90391
608948
51042
459448
4541
9
9
791770
3848
81368
72285
38492
4
7793
108918
115
276973
61536
962777
705
75
66
830349
33
7
7981
7112
591246
586
89187
579029
5
776940
54
34
2
322629
885
768713
3209
1
730
407043
6
34665
