1000
5
690231
11
54
722427
1
157735
87690
634046
1
549886
1910
753
23
939066
528
7298
76
571
912127
649265
39
8329
51481
74
55759
80
8
9536
2
587
19022
77
2
1147
763
217
6389
9
5
29950
263289
478414
87335
318685
62764
964085
89
879022
7
178045
9
80809
179
19308
509
414
6494
68287
51
8113
25
6020
53684
38
6934
7396
98645
663
583261
9079
642
978
800
2573
3439
3526
66806
8
1
772376
35
9824
1373
670106
7
2
81201
4
70764
87830
60220
2
9
11
3354
428284
42572
342
65850
7
594
11
418665
31221
35
8180
4
85866
51
89
3715
391368
415
86361
5
1
35724
361990
39
53269
6
75
92
73
7
4
3
6576
55750
798525
9449
7986
32
87684
8485
477812
296
5611
109
76
932192
2
5436
997010
62462
770015
6
10
1884
40
7
452
56
607908
336328
7680
6069
7663
3
3216
58
2
6
262
24496
505
5
31393
40
4323
7884
70357
471462
8702
621
3
605981
943
986011
527220
8
18
29
98
786
3511
855
570
82
662
1853
88
8486
19
64
65082
357
4399
70
900906
5895
4
743385
2381
9102
5296
603
10
4
1
87856
169452
613119
11
25
517117
53704
7001
2
89
7
46
5
194435
579
15
55423
94
589045
12
79
530641
176420
675
8
1480
332940
8343
82498
87
22
852853
1802
50
9
80964
6
93
9
4
12405
453976
42544
794
9632
402
867094
23504
212
257
63
35
58
636
7793
4
8079
370674
75552
71
29048
7188
6751
13
571
48765
7
792906
8798
739882
6
204900
926821
6
9568
2
557975
360552
370
143
8
331798
43493
949295
39201
55040
938
873542
64
5632
83
846
885375
488
851339
665088
748938
7341
918289
85314
5215
208591
359
692
34794
290
17
44996
5
1888
9480
162
34614
6485
95
7932
22
885135
5509
365626
77716
1
4
64121
2731
62
88
502959
887
5
9518
54
39645
96
331958
478229
84
4163
6
8
6155
1
55
9
69
21370
8
262746
7614
296644
8
3780
2228
9652
4
30163
501461
515
78
82277
893725
7222
8
816279
137
1926
21080
2997
2768
37
86
9911
55
1901
95
758
875
34861
346
8652
9
68915
90
8
51225
5963
85112
7
169794
57
305429
52006
935868
1656
9
41994
50352
740
77757
450
467
4108
40
5521
767
16343
6
4658
496
593171
142301
3753
8
951
763440
2373
24188
49
745
7
5636
3084
71514
613
6600
97417
85049
39685
6
966
878770
8918
18405
93202
6
444
75
140318
88249
362
96
8699
95
424
34
84245
9
442
913359
130
20
743613
47
65
90
251
7
33275
8
141602
577
3
927122
93
9646
10
84206
11407
68
91865
954722
3339
69
529748
68
309356
93
2750
6
778
72106
9
62
63
92
655
629
9
518121
995
76
7863
16154
78
5
974508
928
49812
865748
98377
1
9814
8
78
29273
5
2365
43230
668672
12
342889
273
4
2
5
51909
675
945
21520
304
36940
6
136037
89944
6
958
6091
115789
62
7596
672
9439
44
8342
49
2
572
3075
551266
59
922
26
5
54
7275
5467
58
563764
766
276
20672
33500
4349
832193
21
4894
3274
774598
658883
52
416
7
1
740700
5687
922700
49591
4714
825
854151
488
1
8
923614
317
897816
4
1915
539711
1458
6
8
1768
46588
593406
79684
3224
81250
7090
2978
31
61069
839
70
45608
994
1399
108
5983
4
99
2
954838
8
855274
339340
48677
2722
474
264
7667
5
8945
35363
220881
749
5
26
525596
95818
48099
4252
748006
60
395
31
519501
216570
843
495
8
29827
462512
13848
533
7
1844
849978
742
756
46013
86657
93
3242
8338
875
317318
9764
7757
11225
305585
12
8651
58
42
873
450227
9
21876
898835
984643
11351
4869
721214
6
7719
559404
29
368
9928
70725
70981
2715
89
701502
97865
775456
475566
142
72
6
975073
26432
9871
292
166099
1404
5
992
376616
8
8342
809
6865
7827
318007
3347
439
11630
8
9446
324437
76050
64
928
5441
986947
626295
7577
941
717
910771
95114
16
203
93807
6740
8
3930
185220
9761
21582
37
28
74
1732
9715
7691
91
7153
478585
5266
6
17462
663996
341391
3
1523
6
8777
9171
509
822
53
99
86859
478
22879
611809
73907
33
84073
63326
37311
116379
5659
4747
15
18502
778
69
521071
7
61
415488
6411
60
33585
25
94923
5839
3
213647
4
798148
657
19293
427
927583
8750
233475
8
16691
83
34999
6362
116
8012
76
848434
246
17
41031
19499
11402
3348
60324
6892
7
46566
50
7
5
67
842076
38472
3877
553155
37375
4165
71926
32
694372
79337
970
7
19
70348
41
727419
8802
70
5299
63129
921452
49034
5463
507
7601
3411
9318
62
47
7179
97
6
9
6
134651
84255
9
7
15911
6
18
60354
4104
2
4
58
93
4
9736
141
145158
64
531480
851397
8
94996
819013
7
410
22
97536
317659
351
8390
6930
7
46
244
599
37
514681
742636
969
18
449761
80
3
6292
266712
415866
72
4
922
585
964772
3603
204785
48
8221
52
3
286
21
319240
406714
37
437
525901
2352
5
665671
186
40
80892
7
27
142
992
5820
88063
543
6784
933
96
8592
7
5413
49
63
6840
567166
944
1
2562
5158
73094
483784
830
1
613477
7
3917
968789
477350
42373
2253
70
8
2
156546
5588
64091
2482
95
518086
3
64
80508
28
46775
384
65845
236072
394703
1
37398
6
629886
89
495184
25147
370
29
814
420311
40139
252
8089
314
6639
818
515
1
93
988
7022
446
3279
1001
4
26
9911
340262
2875
73746
