1000
99
380753
747
571
750047
90519
1
5963
9661
7120
511316
8436
417
6
676532
3599
2
57
659
45499
221748
530708
85558
858310
9193
94085
486894
92
52517
60748
13187
74973
94
878750
28130
289310
311520
984333
98295
584
9303
36730
203680
43
1
55
8776
29275
339
8
8
89
921685
245511
22
18
33
330183
5
6535
31
7
5858
452205
90
59
6384
22
250
8110
5656
23
8462
81898
124
16
67106
930
468605
351561
23
107
5
7327
90496
16
1376
1834
944
669
335515
1
25
804272
4720
5
65392
69966
394
9
861
3
3
732
80
31896
3
2
2
720697
777
8849
403831
7971
526
6
87
34303
19794
645
64
78
22
38
861
3
87
663805
50
8
11453
6
44
779716
750032
47
2843
312
94
19
108
920441
485
564
2
5
212
46
664
738
42
916374
283426
41737
254
479253
143
59
57292
9820
6158
5
670229
83
2
372964
924257
56
761863
529002
4174
27
212219
14
9523
285415
309
9
8
3573
3
9999
9
19
3458
163
90
857842
4
13
79706
54
74
7184
708
48
68833
8
1122
862
172
46
99
808
87382
242
942525
32
792
93284
5008
99291
280
8
1791
452
574389
6
7
665
850
8
57
6
8
940
9401
4331
207
234
465561
9
255081
3
3
215513
6839
768876
8
8102
2
72756
57815
361
724282
268903
868
346426
14
7802
770
174
4405
4
91007
255372
25
8251
58
64413
5
26732
97272
973
7851
277748
479
198878
36
74
6
6012
30354
8
7996
1487
2590
520
4121
264
74234
5
86428
5081
2178
7135
558
1
633
30908
28
98
38979
55702
329364
5
86795
886434
5
8423
702717
9
220799
553516
786239
9
12391
790098
630665
16
6316
4
96016
53113
974472
317901
89
266888
1
44
1922
415
68868
5
2137
755986
87530
8
83
2185
3818
47673
530
5940
6
159
42702
267
75528
9
590340
28459
615962
5
86568
498180
220
87113
382
22
3012
576079
75
3523
84
8
999
4363
906
16677
1
3
41
371
81
8
70
2
8
390
6704
2416
27
160
164
27377
99
4
395
592
69
98
10
943
2613
125123
269792
56984
46779
25330
5510
87636
748368
593082
796
36
30184
879246
621432
1038
2
3
460391
86440
837
1
28
90700
456138
594
201011
451
910
5063
58093
980959
493
156
1804
562788
5
305924
364
6709
1238
812182
241
968936
32
9974
5
865409
6
6883
91
94
7
575461
693149
87428
910
97
2159
14
35
8
50
937
5164
7624
14
2
9902
2592
34
634652
5263
42208
2081
774836
3
8716
17182
660
182784
73648
29998
17559
198
23
850
72
5
8
1047
500
47
47906
4931
5222
5203
327
677
58167
10715
311638
30
56874
8
331311
2344
4826
2672
75444
113067
604039
5
3
603
388
4427
281460
804565
81695
8
2275
875995
92
473
4177
633
294
41896
5
7202
88
518
35411
4
759
27255
4
7
887
66846
52351
591
3
78
481
75
1347
147
8
41223
457565
8
83721
2708
67908
10
53933
88
7
87100
8849
583
8
486346
620744
54
14
625465
891242
58615
645888
14659
25
1
4041
81868
593741
23
419024
65017
4
35623
94
811
1
65847
54454
3
1267
6
157608
6
571
2863
1192
44
5
4035
918
728
618617
32374
7
221
17
2193
854
283592
660425
19
3
7
1778
18
93
582702
349
2638
6
3
5
22271
961445
8
44276
80
42329
347
200081
96606
603
5853
6830
34
4855
6
587493
234262
6
7
4164
40
1
80639
506891
5
839
4
47
849525
261
141929
43
798
648816
251906
3
3538
99
227
951319
279
311
533700
870
62119
90
1
258272
3
5324
26536
39
682011
667
1456
73087
7438
461
80
235971
44383
66154
6
58246
1
6
510
3
118691
40
36906
300964
91752
78478
80232
283
58968
144763
8
9816
8
26700
250
8
2486
25788
9976
31
4
7624
743166
4
81
6
65604
6951
82
769614
63
97
2
770232
99730
7
19
264
8
36
457426
6
8
181
4
351
2
400755
100254
60
2
26
164
8627
6951
862396
4706
8
762429
85630
663391
70434
80
541177
72130
8241
129579
252
54
78597
892021
55722
778280
775717
283
34
464339
91
6
6
1442
82597
7
639637
5
60
5
459874
684354
94
59402
984
560
755741
2
1
924882
4
90
61731
174154
5
384579
671850
5
6
2906
438
6515
91
927
994
48
44
567537
3298
397
7523
446
16
410
69
581
73379
990
8
10
76
9
1908
19
3179
485
55
317011
718
690
4161
6013
6924
19712
6
56204
1
9
6
99
9
48
2285
89
6300
92637
12
10918
966
84
1181
81233
684118
2810
6051
67210
9
9
200438
1
37
402683
35
7921
74842
98459
1
2170
30881
825
7
206348
92
935
4
34
3405
86038
679925
7
964
56
8843
331
7796
47
187
4
4
71719
77
451
894
60280
7
828890
29218
1036
541
5323
45034
925639
71
946
79362
867272
15
404
5
166438
150108
759279
38
76420
6309
6
554964
9
1
6
200
99763
2
8
3
9602
919030
360
9001
6959
11205
75417
79026
3650
510705
99
9
658
399618
767622
40
2912
716121
63014
3
20
285
100659
265256
947
797
412548
863
218017
2
2
42
555
809
6
70209
187
280
125197
2209
60256
794668
69
6
3
746231
238
5082
300
8
2726
274
309
1
94
289
63
6350
391
7764
4848
1
44
34
939
523967
6556
32
36
68
7
4
3
74031
323
7
151
231
420932
4021
91296
10
65
564
37719
73
32203
87493
857
5
69
8958
675
74
