1000
6695
10623
12
352
710024
520864
15992
5
5
561733
97009
189997
4
511
212
9
437
76
267
787276
49340
7373
1324
95783
501505
378
8
668
31
356
50659
5
356
820038
28883
57
56946
875489
8
5
141181
394
8227
746
844925
56780
73235
4948
55
91
376
3
11819
438654
2
93
4
2
8683
303
15
84299
44
9360
248943
862
6664
7
959886
13
355025
3
11
816980
4
671159
935
819
5
570245
3
301425
9894
1923
922153
6523
8
4
2066
353818
43
16403
615
7
94
3
104741
84018
7827
14
59427
705
880041
652
2844
6488
5
7775
7210
2264
62867
13940
9
21130
370
75
21
18
761
1
4
1666
3
50
70
41
9361
5
8
8
756562
6242
20060
85933
127845
93
817749
3671
435
4
13
17502
217
59135
7
46
90074
91
433867
79095
41679
572
85
35
73729
36747
258085
7017
76
2
1088
67606
3
748168
68
25111
8557
98654
1757
37
662241
949246
75683
873579
901387
211
952
91
485329
9348
3
993
11
120
44
15
44828
39
28
28
9
915229
6193
462
2
437
620
48
1
6381
3
493
6959
8625
9
521
23940
912
39
3
5
106
18631
7511
2
1
5870
41
43
811139
825360
20
94
4559
9
545
890341
1440
241
12321
120
916
38133
52206
229
3685
6564
709729
540092
2804
3927
3815
435525
42
736
2186
5
741
11
98011
7537
92
583
24
8
832898
7493
533
42644
83844
91054
95578
335978
4051
380746
2742
388468
341411
34021
1
66
5175
5
73281
95
98259
91703
997234
2973
5459
19
9170
336784
5
330249
21
2721
30359
441110
402
62
1476
786316
32
982793
733176
73761
42
7
585022
3
129433
4255
152
485783
50614
38
3911
307
6172
2346
2
5
8557
472875
45
429
1360
29140
7
96
67985
1770
849
7348
4
327521
85874
221093
9705
213790
1986
7
5
52974
83
1161
668437
615
2885
7983
66764
6007
3570
78
24
252882
209987
66
930619
977
4
219797
814
342
305057
166
8325
47
26
527
898381
42
317
54
9
208885
73938
8861
76238
984
267
6
570
7557
5
52546
791
319
879
96258
7
993119
252
13
87490
112786
444
56
777
858
7
119
19810
70649
4307
84
4087
40491
9
3
706562
2502
359041
599330
7473
2
60244
3
1444
48753
1
166
1517
570
5643
18
8
4808
1431
988417
64607
6
489
2
945
84515
450
57
830935
416
949
5
3107
395304
59
81
7
4
48
1288
7965
438
301
2134
621042
22
400
9680
2829
119664
9
6
86
981
51927
141
7
93490
93
375
433250
39489
91844
180717
13934
58
30321
318
87207
499
9200
97837
69
90
93949
29
62
24426
1
5
53
227
608
6490
8843
5907
75
127886
88
788840
3
54649
392
52882
90050
907
475
1
362438
9322
2
71
788938
94551
7637
7
86280
46814
923
71547
34
10
8
32
5281
71683
463
58
40838
940374
360
55765
28890
1120
904064
2070
35654
1
904130
440
838394
54
726411
43596
6
813
90
50605
3124
687
355743
623875
6848
25816
22
8137
14135
70
253
1709
676503
73170
6612
795130
65
2474
426
902
74
126
9912
7
72
915089
77829
98
3819
2113
788171
6434
8107
360298
68
19058
607
20
5
3
8809
6
189119
3890
48
98
83
91330
23
69362
791694
2
53203
57752
3
454492
2977
81275
588
424
37
64
30
22032
49654
14
6537
90
258
873958
207513
38
2
47
248
26
399
797380
85
78282
4
94
24
23
2232
61211
3
5
6890
29
35287
116649
10
6
101518
2890
547
24
95141
9
9
185
438081
54068
933208
12504
6
7
8
36
98
524424
47388
10376
473754
9
72076
1885
302
296462
9247
539733
3938
5
30616
62186
28
38829
536240
346
5
2
2463
143
24
9
395
980
1647
62143
461
851
2287
1205
13397
8
9058
8716
277
7
27589
92
437
7963
634242
191
787055
5
76795
2
2690
447779
30097
7
345
22900
2
255
79099
99100
77473
7839
534
1038
882
2250
10
3
30
101605
854
2
2423
675112
29
41
2
1654
493897
994
3
35
881476
1826
80
22
2150
1
687631
2483
1
3068
5
802829
1865
63
457
7
72
928507
17
812930
1
832
20
70
2393
2
755
2511
4
38424
858029
9446
828
585
66
905
8
6
591912
6
31
13593
3
834559
6783
967103
9
348
38
742476
674
3493
8356
564
93943
6745
869
15574
815693
903
5428
2710
66629
36
7907
125
91075
940561
877
303
8450
6
1
781
1
133009
1
31512
9145
5
86
3488
77
2
832
4
21681
870578
256064
43
53
551
6
16
927
62326
94880
163694
462
25
41
364
3820
80
13
379611
2345
9815
112
363034
37
44318
370
21742
9
56
639583
239895
9297
2330
13228
736
94362
226035
4
676276
985
95
9572
8470
53
67
36
4935
66015
831652
6009
924298
39
97543
702535
68118
1
340
101893
491
776921
2248
618
1484
778
550475
9
8
5657
4
172399
49
7
5755
50284
29136
5875
562411
5055
36941
6
6761
28465
9115
5
2
5
84339
172070
61069
209853
1395
6268
1
26479
9
801561
7
3913
25
33
28546
554
9468
1
11
40170
131845
905042
901
3
8476
96
3806
8479
810952
6417
80
48546
34
45
8392
3
477261
781613
991
3
971776
88
635
2183
443077
582361
59
353361
76
857443
204
8575
280805
683765
128
9
55971
7
639
6153
29666
21
52
361078
470
515
7079
48841
568
7367
65702
8
2
835659
581619
898
65922
85540
2936
3
9
12
7137
4290
5317
21062
6849
349956
233
84
5972
6197
6881
55
8696
8677
