1000
8
1714
74
91
32065
5529
337
147
446
8
743
1
6
825852
7
5
76
159
9552
8669
77
31308
8
4237
5
35761
661
9218
5321
288
90959
5
17
110
16597
759
9
464045
7679
7
2
1626
150
3770
16
38059
18
962
9
8510
203
728
643746
9
64301
43378
8350
900998
450386
118
184
62
4112
9
325303
6
6628
7861
1
76
1823
2
46
77905
718533
964373
94
9815
6
641466
199644
816009
8629
3
42
7
6637
4853
55131
438293
998218
58047
98
726
5
62
204
68
386
5
960
8
3430
32
77846
352
25801
853389
15
74
9285
2
9
4
521432
90498
89113
380
6138
277
9974
2
330394
7
88580
2
4269
943627
8
53
94
879
470734
4
850
23
830435
946983
407
6299
9
318768
886268
246
95
948870
6043
90030
8949
32
350
4
119638
9277
8739
682874
6
90
1
750
18732
71394
333
108
600192
37517
826
69
4
3698
117440
696075
142
90810
6
7455
46
72
4867
4
64827
7503
71246
2
99486
922
189
522
57
625
81943
723
4
8330
318
605082
8
591556
191992
760
126
57
4
10926
43
214024
6463
139
68
86
6
7
211202
13
9525
3480
684310
11
1852
5
438343
365647
6570
54099
84222
8
231205
3377
94
1542
936590
288
81
710
8308
7455
296724
442540
23247
1897
53288
6706
39213
94
191165
54846
643342
33217
371368
329443
7
1593
8
20253
4820
470864
18
53
383
88
981939
43439
2909
1048
313212
4
425419
1
8
1969
8
73
1
794427
6
572263
6768
177
286448
4
481
91276
79
360
252
942
2
7
50
128352
685239
943275
9981
60158
787617
122643
86673
629
564232
30603
750
8465
1
693
146600
840978
74275
5156
4012
36024
2587
666170
4
87
367488
34567
6
781288
171738
6747
355
22
9928
964364
11555
6
96
8
9
5
4910
252805
2
484
802159
76
5
26168
148564
558
905
867644
30
4683
31136
20
29661
880
945
885765
8936
95349
4767
170827
8
1
10
4
6
30584
7456
4
427044
12088
986
79
4977
12
47
793359
8411
36
28131
285
9005
8
3
75
1
152900
4
170590
221570
8060
445717
892689
44505
88830
700
7141
301903
4
72874
2
982
2
84
3728
70
624
6
966
72
4
4469
4552
4214
4
5880
16627
2907
26332
77508
1271
9384
2
4598
3
3561
994
244581
78182
221
70984
5282
5810
4728
16801
33
154261
139428
69
86984
5248
81
7
895
96380
15394
236
13
61274
23010
27
9982
510996
13
17145
591
4
250
2209
821427
801704
22
45208
81
834
19
1
61994
867231
66
9706
833
788
762652
1
48739
885
984529
490185
344
43971
122
604
604
86
17
325180
25
68480
3192
725143
603451
535083
99580
394209
152
252
255
81886
971
2
5
900
926638
86
520158
9580
2802
9424
232
8560
542393
8
6247
81
75761
554520
721
500040
5
191
811
648
8
84539
98680
103
5
583
7401
53
9178
4
98
5
16
57
1058
8
60
837
762
427551
5968
5390
69679
7
40
4
65632
48557
72655
864176
381385
524560
4656
5284
507474
946
9
17
646
490
55
4390
48312
18720
2913
586601
580000
582
709
814253
67083
6696
1754
74
198
68
4
6
930
5572
611
1
34722
72
12
35
31699
1
8
47
759598
52
2
800
849828
358
5589
4
55
41
274
6515
93513
64359
46959
80854
746671
275
47160
43143
50
6
307053
6
1
7
5428
979
453
150
6972
95062
3648
996965
3
5
49474
2
8
374
15526
554111
2351
272
36784
2123
364951
648
516460
715714
615
337308
7398
114
81890
473119
78127
787
16
4679
12
1
4
396
13
9408
2
4
4
452868
201577
85778
853
693
63010
5944
2
7357
241
70
67450
2421
2
4295
93
906
2
979716
773
476159
68
879
618977
6
7
1252
175992
6
62092
132
89
48
8256
19
1
44
766585
2
422847
6
1
77336
692155
62
30905
637
20036
4
8880
4
79
324
159
4
68388
8651
4
102
7729
33508
98
6656
7
37
275197
36733
90489
195363
3
37
2
995
39935
13522
915
1
54141
6
269
9
99854
719551
2
852
68864
7
5136
847
70915
23065
5
9159
71
921
96836
7820
9
978493
309
11
7505
934
57
3718
351
46476
3171
419
428678
25
2850
267
1328
20
519
738906
14
320
2270
55311
51
8
19
2878
62
86
31291
9864
1720
3
43
2
1693
594906
1113
12136
44
59
41
43
425
373326
762988
17112
4
8
1
361
6456
4455
2
38
475608
32
214
319
479
7
5341
75923
616
2036
98738
3745
3080
2
961404
992
1835
1340
975
73
809462
2617
6024
225265
1
853
905
14023
52
8293
453
805967
53
70
7452
153
1
6964
9
622890
4
62
812033
473738
7253
762372
791146
19827
807496
339187
5
263695
5016
840467
2559
121
87
7
802829
56
32028
44465
1
564
9886
8
514
354157
1769
168026
894562
549
904
412
610
1349
75
5
8229
35
46103
27
509
94
19350
77468
538711
46115
861
55499
413070
45343
82
955869
7265
460893
3
923
963206
4
56036
313773
5
646
2
33718
1
6
24292
830826
257
501306
460
38595
978
699579
980
9
412
4019
6
6
646
1
97
9
34
125106
61
30
67
9
6479
663358
65276
8
27730
87480
2
200
46
66
8037
6146
4851
4170
886972
873
55182
588787
546146
275267
75345
133723
217631
7
358
51501
468278
350
7472
86481
3266
36
93
5
54321
99001
878
368324
124
581305
59
2885
889
5271
9657
8169
20
9516
84
576
9956
50877
505
664771
931013
9768
41
9944
855923
416969
