1000
6
23
32197
4
3284
81
373609
7
4329
53054
4033
17470
9703
73634
337998
9746
71
2
19298
185640
576285
1020
39
787
2145
5315
5728
870943
7
663
225
618004
337287
660615
87
127964
55
2559
6
98545
62
3
8
76595
8830
27679
467102
8682
531
12
6
578
5
557913
341
77
3853
241
910
6
786
97
442779
44020
2477
7841
5509
16592
59984
2
1
322
601
34
640846
7951
52
6257
9920
63787
2409
14490
859
6
5720
7
1162
20
82
6
3227
8
8021
554797
85430
48
5
78
979128
91786
3810
6
5
436344
2
19
6
420
10
37
5
82
21
194
234
140
79
3989
4
108
8466
750
63
6
4489
1848
429
5
774939
994048
271
26673
376850
28371
6
991
277483
1900
6737
18422
477416
5
79055
763
4
171719
73
10
74
9
168915
7399
605696
12109
84086
2489
4539
8605
5507
6
834
746555
947901
944798
58380
938
75490
55884
127594
7357
392523
9
65
457
32
16517
645
43
46569
5
9919
60028
16
20637
90398
89
107
19
69749
97
17954
4784
327
4
75152
21965
8771
47374
5
1618
555
9
3
90575
8233
265799
252975
58
9
67954
7181
343
7513
375
84133
714
917
3
1
4032
6
16
432
83
906
9118
125328
82
48
34
2
8
1083
2
650943
974
19839
4
881
82575
485885
8352
58
838033
14908
151038
8
579
494
772
15
199507
32
28310
3988
7407
170
25192
740
3285
74222
816307
4799
487
127
30
3
52
160997
5628
3715
505
46
374509
675
34
711
64
1
5
3311
2085
242540
169191
85187
304236
7
7
8380
22062
6
54095
24046
4
5757
255
27
59
24
45834
4645
5436
10075
35784
599769
89973
42
4
67126
9338
18497
9647
36307
1463
8597
417
452254
306143
60
44739
69683
91
2508
91
3480
830599
9880
453
21733
5
76134
7173
9
675
61
848377
22183
6655
845
2282
3
7
769257
915744
50646
71
5104
26734
71
80
2
7894
387090
3
187366
932
5
7332
4194
739638
680
9808
1212
978
71195
583
8288
8
484162
64
51
84
4579
65217
891520
28410
2
1819
6
5
38
31
5
7
3
3
2266
680
51
4981
7937
456
466111
298688
591800
9114
9
203
31
423
615
25937
891
4
217390
7
331
1
528943
529311
349
356322
4
356628
72
2221
34
6874
82765
6374
29
70
328
4669
59
1
8
22
536408
48
548531
29
4624
7258
63037
963165
80
439
423
8241
60581
75
9
40447
85964
585
71515
53611
953
9997
64
595492
15
408
1
6700
5334
529
556615
8
4107
7
680606
30
600071
996097
68039
4659
368064
46187
16
1
62345
507277
756
4271
49593
5905
82
5
811
9
156581
89517
8
233178
342886
8
944647
276
422
8
11
26440
4
5
9
91
28
37683
609
1011
1
1
87453
565
952422
44
19920
2
20
1977
83
558
3599
8
525465
46819
261
14
6293
84997
112
49085
6452
416
1
32748
3002
6
8230
610764
3
96
21
17012
945
7
154
57045
5
236
4
94848
4262
386
860294
307945
64752
34
7255
332894
181
18566
90
4
991
14234
668
49602
239992
6328
80
9412
1078
99
82857
160
155649
30
8526
343167
158
425752
508282
47773
50816
9
4450
2
24177
8726
3396
6671
67
721
4187
4
2204
38927
594
50695
1886
560
17
3322
241162
249
763
130746
836
61725
9
65133
1
795
7
8345
18
47159
78843
18
895
8
372238
78447
6
229
54
425
31
164
8
782
5656
652247
8
5224
1181
82
3098
766351
18
282
74
20
61
2
71672
28105
455
23
541533
2
6
2
5
5028
605282
921277
41
914
6
363867
7
637
56107
959088
143920
483479
7582
9
849210
8072
2
429
73
74351
24
1946
889806
3
165
28178
6
565562
1
798890
88
655
431828
7
8555
57218
7939
1
6
30071
622111
76905
154440
123
7791
22
2498
7
7970
2577
118167
566218
4
6722
1
5048
469
675869
8776
3533
452789
8887
3279
45
90
99406
525844
72
820123
32
51718
62882
59163
78
62
54677
7
43921
319949
953563
46
8
110
90
598605
16
1
47173
491833
85165
1675
45928
6
91726
1926
34
300
7649
84624
844
6625
30715
7143
92559
2526
1081
7
78
67
718
211
4896
741
86
5936
5
76504
2
7251
8
4
803
3129
259117
494
48226
9059
2
731
10
37338
5839
2985
19718
60
333
4930
90
48054
55129
628360
8
248070
20321
179622
821625
324830
889
1
235
4
5073
77289
861
7776
5546
49223
444864
5
97
2140
76194
4376
42558
4
73
5
1
132
847463
7692
26
640
368
2
668
59
881313
843479
83
634
32
81
148
865590
569
280838
8
6
850
5
52
30
89189
6427
10
468826
76939
6
9986
850
95
582591
75
59853
534
3
9517
10370
6722
1
887162
95627
234410
87779
31
11
38322
574
850
844290
970
742655
506967
614038
3
4
6382
2307
8244
3312
33757
278161
3
31941
23
280222
583
78
767
76
902473
894
6743
4
63
3
82237
688224
219
71858
18683
66318
4
6
520
98
1586
848446
15
2
9409
57358
56234
30860
1860
9646
683
9645
8
48
4
9
627
13050
39167
5411
6
494
3667
6
50045
67146
513033
5915
611
2101
458
4
6
65778
4
8
858
510
71
1
58
30266
7341
6
700
69649
40
44
99
11
90
9
434196
173933
85450
911843
46021
55
690242
277533
76
942
3
711760
465601
717
31056
32
713864
7321
96490
812693
51593
964
70723
52
161
223384
2893
335
3248
2
3253
66870
9
3065
64
69524
3
35623
99966
360486
4752
2
50
