1000
56
946064
2077
495358
1
9
8
94
4
27789
282551
40457
418192
47649
768
4346
37
68295
89
20872
98
94
38
845252
526904
526905
823
38
5636
3
8329
78526
447
3
346844
32
44
739927
44403
50
53
1165
869935
90733
95
5639
990
2326
8770
55
2501
66695
8
2059
72
43
1
1
217
608986
61
280
69
2
71
292
328107
2
45
1895
11431
47
6951
3430
1
51417
2
78042
1716
150
698612
6
3
896
7700
760297
927
37
10437
88
26455
5883
336
2889
610875
50
3
203951
946774
15731
334
215
61841
474421
6
425298
838
16418
76840
3607
71
2
53
7016
43706
5
8
8400
278
486511
2141
56003
440
7741
400
79
129
605135
27
236377
9029
912491
92617
54693
4
77
40
24
57133
92980
4981
944122
391
450
94
652
60297
58
345067
96093
28
663206
4
912
5185
916024
57
6
325
55759
50
91
481829
342
2311
960848
463882
61
90261
5
738669
21
195670
3460
97803
732
6
8519
5
6479
24
7
888688
1641
73
26040
2468
647
988
966834
2
8
40544
812210
87827
4427
728376
1897
5
58
5
1275
7381
364969
4
1
68401
888952
39457
356
84719
8
3
76395
5780
3
179
9679
88430
96042
60639
1587
6868
776
12
607524
3893
599
3606
1405
5
4
4
7524
31937
962
90024
1462
8131
2833
3618
340
88862
41
54
27017
12
59
102944
32047
28
4
68331
1
75
84
2671
3057
7
632
3413
8
853
90375
7
2
821567
990161
35
8370
830
2741
5351
20
70603
418
480
45952
86159
931
8633
7868
92481
908810
17528
89622
11991
1327
227508
644
82123
88079
91876
6
282212
9641
745
510401
54471
56
8
5
468
500
87481
5
904
8
927163
22
429522
79
800340
35310
3
3
3199
20144
74
3
2725
407
654912
115
7810
45
10559
2
651
2
29745
31111
23
448393
6
32208
51185
33
1717
4
805818
581
6
334662
5395
486
636994
99
53
866
941
8
792
132906
652241
143
697568
550
166
655736
218604
188573
8
8558
64039
24449
587
2371
141502
308168
366002
6794
5
4374
1
522
3
30
6884
66175
3
513197
9934
88539
49
296526
608311
61722
85440
87
3
45058
63676
8
9
52
1806
562
463945
333
30
9081
257
3891
23
5
176
285
5691
2005
33
31343
349106
8078
958842
27
206
9139
7
36515
85
704500
15
507991
52667
52302
812977
75072
89
628
86916
707094
83
73175
31
3965
8030
471151
6435
9
53515
38
9358
1
218253
44
89
895076
6
44
31
23856
31
49500
476475
9120
118781
68
6167
59
389
996848
3
7
318
53738
5816
3
630
98988
463724
12
27
607
36
3
9057
569
259294
587
589
757447
87
50
498060
7499
77096
53828
69
585136
542718
2270
98642
122438
5
67403
30009
7878
6429
93
4732
318
31
6
463091
174594
879042
926457
61130
71
61446
1
4053
6822
99257
107339
30
38
158
6
30242
6
22
312
95772
53
172
237259
78
8
9026
4
67
2616
340075
3098
339189
135
64252
2937
3543
8
3
19
77315
9
72056
469652
670
4663
49561
397
992
23
60613
7
5
66369
3754
438133
764
608
66706
71
961
458099
74920
4939
9625
246
240
182891
3727
69
9
756611
499432
509
8242
8
640941
6
5309
1886
6
37910
914720
5
95606
5
525
1
79081
8
43
76008
855
773837
273896
728
31
89167
2
63556
459
547
4
245209
904
17423
50530
19797
24
3
7
858314
806
363
23
33932
98140
5
8
40
8
9241
48
10
299
35
421
9
6
54
156
197807
931
517
9
357432
668935
4
336
876
7898
153059
721510
3
6446
530411
6
7
500
660476
5739
33
2
4
5
39
139
4007
116187
8602
2527
2
17
23
48775
184
813
4
9
27
580
4973
39148
3
58
1105
99178
46
546
28
8
8
403
71893
4344
3
73947
6
52
20
5054
92910
166919
7
235
40
998120
2
839
526908
7589
94
171
19739
21
1
695
27
894404
37
49440
42
33
34
314013
1
42
191952
636
24
6
95876
47
59804
6368
331
9085
721220
11
49989
50
900753
959
3
610031
7
84
3
196
58754
20766
731
9563
7259
1579
27
53
6419
7452
19
6
9
759
18
568711
87149
2
2386
778
75338
94041
8153
547116
4367
4
527
69669
72
20
419
62
149839
980303
61601
36
742
8757
9685
70
25
92828
88
6937
9
928
947824
718
90868
6902
691491
191482
85183
84284
3543
6
56574
8719
96
1
46668
62789
91
4
113820
72300
1
6281
3673
48
205040
124
8
17569
302
2878
161
58
881125
556623
2
94
94521
44
6
19
2
60
1
54
339
369725
61502
2467
9
17252
9
7
152326
521
53
696
8
1
648
728361
16276
5904
5249
16292
9819
78068
375094
29
563
61234
9
82380
70
90881
46666
5492
88975
7811
418
294447
8
6746
34093
7
34897
973667
44659
253
280
3098
18
2
79
669483
858503
418
90
603325
8799
55338
28411
65
10
87
807214
656
504194
354739
9
85
4
237
802573
471814
381480
525880
170073
4
93
5
5
699839
702980
4381
849445
331268
18
5
2
81
2087
916620
1925
91218
3
81
4
77
7659
8545
159897
8
1693
1
1571
7978
93
288
195
39605
9583
731921
20035
334321
609577
9
91572
45
574224
609
627332
65
49
9
11
656
800678
33002
4
570
4
747
262
88548
29
4
62
463155
76
857
291598
9
19
354719
4110
79
54
387657
1760
573466
418
953
801359
872841
21636
22
468
835
87
7
49771
7457
823816
326940
7139
195768
1506
68
9221
78900
7192
