1000
9
2504
49283
393137
67
87
400
689
718
19
84394
473
2288
93
308514
7
465
29693
13
322504
93
3396
81329
5985
501628
44106
482
1019
2
253
89
3
3
5139
1
818359
504970
85354
7778
524
76094
430
76138
4452
558
7
7866
9
284
6
703
62
16948
460591
47
464
20277
66
1093
93
106217
154
605307
5268
181804
713
547
440970
10
7
2
4
5887
8056
520663
258
11
37
233321
62
997
4
4
46681
34
7
715140
745229
390395
531810
9879
927
659473
4
52049
1482
4779
53220
7
164
8
469301
858
997113
85445
8
267
601533
373277
2
9
98
23
155415
353217
6
7842
52606
2107
741891
979869
85387
623102
9478
992339
390
1
759
76
92
843290
9
8
5
90550
4743
58
59
481
4
415641
67
34
72745
15
3
242354
1
472
13118
198853
70
94
483
7
82396
20
3
389
677
39555
438908
5
390
5919
510009
6
154670
10772
131242
97777
573765
4
42
3296
2304
763140
79
3
869
756375
8
2193
682016
601205
87
62531
61
72688
23521
5120
62
81586
392276
6658
1
82
336
96
924
63
94451
459
1601
1
574272
14
97
3283
6
27
62223
6
4271
9847
85
292
1
311336
399
68419
37207
732673
107
4
2483
772593
71
90
6
862
768
94258
74388
43
863
3
1
2
941
414
12
12
605079
65902
1
81165
6602
5
8
995415
3398
63
3
3426
6407
907097
5
99870
351
77529
847
1671
230791
5
217189
660
8303
74
872
349
30
297
957825
424
276178
403616
822
6085
29
29844
4261
325
472
3484
3
37
512
48
52823
3
46
88652
68
49387
1
215355
67974
785550
3
658257
68715
417
2
944540
5247
74
80040
6
9
272971
4535
8
723250
10
7
82
56
709
450915
71
5626
78836
50738
4962
72959
20656
1581
39
6958
5391
8711
5
3
951998
8
42
93593
72124
65
866
93
54337
81674
50122
1
1
792174
10
258226
83
910
3
3031
82600
9
33
313
682382
468
6186
39281
5482
937
66374
97422
5261
43
786
68743
370
17
7423
8
5
78637
93
4363
5
2
832026
566665
21947
4615
5378
9
84202
8
64
310
76056
3
1762
5
568370
3871
2252
14
6320
4
9076
867279
481273
900340
808191
792
39650
30767
6836
763883
2
16670
771
451229
37
41
2690
606582
38
79434
2889
5
598567
4893
77
753
27337
8521
9551
4010
767
25
39
484054
76
9
130
31514
7170
53
318135
4865
59284
2123
96
8355
382
384362
5898
298734
40455
60302
3
49
496
5
845638
702588
9
51
97
2
18507
141224
4
472158
4859
14908
21
503
862
7
57
2
18
5512
4316
1
63961
95945
606
150421
48136
657
9
109
54
9839
468
99
3036
80409
11
2751
2
90
18
8795
989811
838643
206317
4991
316
380461
1
102558
6
2
910
1
8
1
9
782
8067
607486
7
2039
83739
67
521
793
635
41
835076
617815
71322
4225
307235
7
33
38
5
958363
645582
3277
3
7449
774567
3
7192
19488
359
3045
1023
214
5718
564414
48
7
65172
860461
3072
587120
13
472
85782
941573
727075
179
7203
13810
175
6
1
89
4
710
59
233
994716
4439
790
77
823
242
88555
7268
24
608
72504
472
2
6
38
23541
4498
96440
26164
6801
71
648353
2572
681828
86
95819
7
287934
860
899
47401
620203
7349
28
13
9555
28932
14804
79
44018
57172
39
4520
5
1889
8258
20886
390955
3661
889687
21
8
1033
1898
36
45189
7791
2920
8145
1667
2
822
76916
988
770765
326
92769
6
975566
3
92
7
87737
56
58849
453
48572
75
746735
2589
374
58
54042
66
32
88061
644
100360
6181
8
1
60564
96193
706
5
291
54897
981
78623
9
33703
464076
1014
308
367700
358
409
27
4426
77
1353
3
7439
47
91891
387
553
5
77479
904
546827
98367
31
151
4617
1
9
295
245
6
1164
16
8345
28662
6
73133
425987
148
6939
4
180
94869
939
262539
6724
36608
9
342
913
5
9419
5
48
42748
78746
90524
30
26840
13521
678538
556971
629403
872
662
3295
1
59095
8810
9
8693
21
4577
743346
75764
85
5
28073
3
262251
855791
27
776699
4270
6
348499
1
3961
78
27306
6
694
318192
885985
7129
5
76
6896
2076
762491
7
180
2
9982
9
13868
94
7
1036
670
12
71
66
68
287
425
473911
4141
67113
782793
136
65980
72
130
10
321419
90
685
130010
84027
13
725
28149
4
914
245
1941
81
644
59268
6
489
54
401
92
6332
78146
44016
47120
90812
49
440
185
18308
22
9
383313
3114
9926
516
501272
100
5652
652524
58
400
9135
27800
31
53828
126734
27418
931
7163
440898
90
27673
70
516
3
6
1
1
8
98
2892
31
8
6
18
963
658362
9
64482
516
679
98
68
67145
191
9
91026
257326
25
7
6
79776
6735
3617
5282
399
5
89
94073
82610
5
73
971
636682
932
226114
8654
1
1
67934
613329
4
58599
3
423
6
632
572
13237
412
40112
90132
93
7
8138
8056
408928
600523
73898
4
288770
3607
3
3
3442
51431
6582
1
853
89
1
22
69381
4
515542
454950
453
4879
28
1278
19
46483
9465
304
5557
879
9676
1065
4
9
86475
35490
380472
606802
695
63553
6775
3837
743
859154
65
85770
62
2
7582
328472
63
801835
746
6833
70754
8347
86
3127
144
225600
8
992
2
24072
259420
2748
142462
631434
77525
7702
81491
258
92515
995512
49
169
559
4
898
8263
9
338
6
5929
88866
220510
528492
370432
9
3
