19
95
392 636
445 978
41 180
33 93
289 665
664 725
170 867
272 503
661 947
217 944
860 979
502 626
194 392
260 352
161 403
4 5
274 343
413 910
193 656
314 497
80 230
188 436
41 376
34 594
628 705
303 380
28 96
786 990
96 623
430 795
151 375
93 767
467 485
576 943
167 381
22 163
8 11
30 59
83 240
292 412
14 244
418 628
258 795
617 825
13 14
118 795
28 123
469 809
431 941
683 803
273 541
402 635
118 267
46 641
11 48
151 803
41 195
334 982
2 102
55 110
95 130
795 856
495 521
108 562
484 767
388 485
630 681
36 562
49 516
56 157
255 309
85 559
719 740
177 196
90 698
70 309
368 913
528 782
150 179
199 245
126 411
446 604
116 200
107 742
13 422
335 631
61 209
119 585
59 80
24 493
172 788
391 660
173 316
682 836
121 489
51
87 251
77 98
541 712
238 435
342 387
578 761
208 892
418 701
114 733
333 684
551 619
290 873
497 504
75 506
501 506
116 845
241 450
412 450
343 908
13 292
204 919
282 410
335 353
110 354
216 293
363 650
223 577
266 286
146 188
54 134
57 80
163 449
369 920
42 394
239 837
387 472
9 88
131 270
624 695
227 228
696 715
413 603
41 399
81 724
8 30
551 630
36 187
187 342
6 32
604 636
54 771
24
21 859
134 245
33 35
441 878
571 933
695 976
462 504
643 651
119 244
22 423
312 398
14 47
212 588
79 842
163 552
27 783
106 640
202 411
236 597
383 399
335 394
774 809
99 588
2 42
36
103 816
55 68
261 934
563 607
59 115
388 617
162 197
22 53
125 789
91 524
260 828
65 173
443 566
200 492
739 815
34 47
387 562
0 1
738 847
847 959
32 557
87 529
335 922
98 375
45 46
21 372
624 984
295 998
646 694
141 732
147 585
77 468
83 319
110 566
24 375
38 76
48
795 956
91 170
511 626
98 259
199 742
424 765
5 82
141 563
708 735
551 789
77 451
132 162
77 920
195 461
290 754
176 692
425 994
511 922
378 583
287 753
164 264
85 193
466 520
433 549
66 90
55 98
99 690
424 626
172 937
713 756
427 828
547 751
8 13
367 793
172 204
94 271
290 413
31 164
789 922
38 538
187 400
111 255
71 247
330 754
547 966
471 577
357 661
356 966
95
70 758
243 258
90 593
29 66
29 592
505 681
636 887
323 407
116 297
256 472
522 954
58 494
543 583
360 475
126 956
194 314
465 469
160 367
902 999
409 821
516 781
149 246
111 543
358 597
140 204
636 720
110 427
179 971
58 202
864 973
335 943
474 574
149 209
46 176
525 723
83 149
129 496
74 227
322 750
556 934
143 243
16 109
89 217
224 381
454 875
193 279
133 343
100 283
20 143
31 109
535 806
69 72
2 3
23 44
1 825
338 704
207 629
20 88
167 594
691 966
118 525
766 988
30 95
173 769
83 729
529 806
390 486
113 187
234 879
102 240
325 910
28 121
41 459
14 86
331 380
279 872
59 295
341 474
73 130
19 330
338 822
92 95
321 364
9 148
178 215
140 296
29 34
182 366
19 328
155 897
419 503
146 314
679 979
103 242
55 84
94
69 905
23 116
182 773
90 711
94 315
9 13
680 835
113 157
199 460
413 927
374 814
66 183
160 377
208 556
114 756
149 209
3 240
356 576
93 424
26 82
27 439
87 881
34 227
13 304
682 700
81 203
320 981
633 827
15 57
399 897
181 564
52 175
463 781
33 167
528 740
74 295
411 695
147 155
646 916
244 310
246 393
124 480
57 600
427 785
190 391
63 171
52 139
98 108
97 799
164 475
223 227
91 419
509 648
122 545
389 736
82 529
40 69
323 556
12 17
264 379
221 373
46 712
257 597
112 134
25 446
623 636
291 729
383 944
311 684
48 290
373 397
318 898
34 530
541 836
21 144
128 305
101 114
202 731
79 187
142 809
331 472
4 7
3 554
804 927
310 493
653 655
401 737
300 705
39 60
7 164
99 105
1 72
177 187
69 632
38
68 440
732 841
23 68
53 141
366 670
100 214
309 384
477 973
139 159
613 699
9 106
309 803
180 677
278 463
152 355
141 199
71 249
321 733
422 430
158 388
256 601
69 687
9 55
187 975
358 602
162 262
15 278
890 983
80 788
3 135
146 633
272 288
247 724
449 548
126 244
323 956
18 536
141 180
54
347 506
44 255
310 415
90 159
258 295
8 970
412 950
35 371
62 102
344 359
15 150
496 716
163 171
184 324
71 443
395 818
303 418
146 829
162 384
9 14
314 802
539 769
64 798
66 738
3 94
38 724
20 663
24 31
681 702
193 998
606 970
676 795
5 591
667 923
130 313
277 356
395 623
222 569
25 966
0 22
292 753
0 6
587 888
574 599
51 94
4 437
40 115
776 802
57 206
55 382
196 363
16 336
63 212
237 756
83
87 130
183 313
101 945
34 113
105 325
124 130
365 842
88 91
359 697
448 981
306 528
16 135
56 186
668 828
159 227
481 649
630 945
608 933
6 39
789 925
627 803
45 339
78 950
307 419
80 927
246 418
5 954
67 423
5 22
309 931
191 607
937 955
229 243
255 495
205 637
13 347
5 177
195 786
145 466
84 124
286 307
180 199
48 444
214 750
205 222
14 65
36 962
169 434
548 610
41 484
430 700
243 388
512 868
302 354
65 81
7 429
235 369
28 999
87 599
372 628
443 780
332 352
20 415
45 945
3 66
106 974
580 962
276 992
202 238
3 866
268 525
28 56
16 273
190 760
65 154
112 395
250 783
23 25
32 884
848 925
55 101
11 65
173 962
74
98 199
75 108
172 981
297 924
3 25
236 337
249 482
545 642
124 859
110 791
637 975
595 683
37 563
568 691
58 894
132 571
354 555
558 664
718 782
342 464
117 267
238 406
230 876
363 866
161 491
105 493
25 471
8 92
311 459
215 361
242 880
16 147
17 312
100 321
83 100
254 604
40 584
753 819
101 759
87 897
4 44
53 66
200 268
225 250
180 938
4 781
51 245
166 603
70 441
253 354
20 59
217 258
181 669
72 157
85 112
246 380
108 146
4 20
487 601
441 842
167 231
13 59
2 901
708 736
264 288
377 880
52 101
180 692
8 917
777 899
197 253
208 534
42 74
450 515
28
210 357
77 108
850 974
196 230
5 22
136 275
371 450
696 914
3 15
86 207
378 933
487 819
280 472
272 988
68 84
157 254
0 928
69 121
350 1000
212 240
305 920
171 187
19 190
343 363
113 134
177 770
60 156
102 331
31
110 318
338 592
14 960
64 610
70 208
301 376
61 103
483 829
897 934
416 509
160 264
780 871
331 834
93 340
396 970
269 283
660 673
294 970
598 961
1 9
141 442
38 77
271 483
143 215
625 806
33 154
83 140
172 254
305 663
51 99
372 912
69
485 584
127 240
40 918
284 928
566 612
6 513
239 794
53 721
520 575
12 67
126 287
111 250
18 104
46 62
89 106
276 358
750 751
158 609
0 415
171 457
49 199
315 884
47 387
109 257
122 752
283 309
25 116
0 2
70 104
195 657
85 208
132 249
389 611
216 330
376 745
412 755
21 756
101 286
527 594
409 806
113 216
26 88
302 727
89 253
348 855
701 742
591 923
497 723
258 551
31 261
139 191
563 941
2 5
579 791
413 471
247 295
25 414
579 720
151 174
309 322
356 881
24 441
245 405
122 687
346 920
387 954
292 314
22 55
316 472
49
46 943
377 562
440 557
4 52
603 821
519 722
93 255
509 641
405 541
150 447
241 427
44 153
30 59
711 942
826 871
974 994
128 281
205 496
344 554
81 238
242 274
356 573
56 94
38 289
54 72
69 185
561 832
305 737
37 88
251 321
111 167
245 474
204 573
694 989
97 220
462 499
103 536
209 373
800 988
247 319
0 99
2 261
85 192
407 876
2 27
251 589
228 863
194 345
324 384
94
468 603
407 411
14 149
52 172
155 174
281 447
305 634
127 197
363 845
43 144
248 573
17 65
488 554
605 814
129 862
115 900
62 759
496 615
409 496
138 387
316 321
418 957
313 487
216 574
218 699
374 807
190 760
372 740
83 349
99 653
75 402
662 729
411 566
147 418
106 481
433 434
100 342
135 756
24 896
363 510
151 398
82 217
155 538
821 822
400 861
441 799
18 729
592 774
64 223
642 708
314 699
303 504
767 883
161 219
68 292
472 724
95 396
295 549
105 599
76 171
490 547
150 425
192 849
240 922
12 92
40 125
57 121
93 182
616 943
43 485
53 481
135 626
147 203
75 161
19 248
786 964
108 653
0 70
155 585
863 923
210 971
132 819
16 27
69 150
26 104
353 555
100 898
100 812
53 59
107 254
154 303
54 100
195 605
230 807
49
424 729
693 833
30 739
70 154
272 777
82 194
195 382
574 661
174 941
227 324
130 366
116 567
60 81
384 538
238 680
175 464
325 999
816 887
61 627
63 180
20 219
121 518
77 206
735 865
35 642
406 410
13 169
276 941
141 552
72 201
115 908
91 343
12 16
833 996
287 621
60 397
46 251
429 791
143 444
331 602
22 195
626 796
5 42
270 315
67 566
56 176
530 531
290 731
19 99
70
477 719
821 936
436 503
312 349
485 998
274 912
428 902
188 230
17 20
104 283
22 235
33 493
324 681
707 790
86 460
22 117
53 119
4 88
79 606
409 931
288 495
18 37
586 820
169 365
590 936
65 804
476 797
180 228
8 10
238 406
42 588
491 999
225 279
3 30
53 226
216 487
12 505
234 469
81 141
419 516
44 183
216 597
61 319
148 159
867 897
107 148
529 791
25 541
489 585
113 304
865 881
523 882
571 665
40 62
626 886
225 585
504 599
632 751
196 709
353 948
83 178
74 89
167 594
289 740
319 551
115 339
42 185
108 817
23 274
121 357
24
179 941
117 756
76 682
216 534
146 324
362 472
282 580
476 716
10 234
45 111
861 936
430 813
342 710
22 133
144 369
45 448
230 575
43 135
71 932
396 903
123 159
349 378
424 869
0 2
