3
28
299 572
349 422
78 593
36 367
31 208
765 951
4 55
751 881
256 411
57 303
76 736
109 853
14 451
463 746
25 542
309 655
26 39
0 6
36 184
13 111
28 52
0 9
89 200
778 893
171 175
530 833
359 695
122 663
100
194 408
162 412
206 393
97 645
359 881
1 3
0 89
253 657
417 755
95 700
4 7
440 522
412 846
175 951
35 93
420 752
9 185
13 107
231 742
198 396
718 730
154 579
330 496
159 319
194 349
197 949
241 383
601 611
312 900
62 110
172 360
458 845
254 728
243 473
327 406
71 443
313 618
165 306
295 608
18 67
511 698
333 663
96 837
276 660
52 538
51 81
196 334
289 793
22 579
11 233
419 484
181 472
391 401
135 271
40 104
193 316
338 704
210 234
60 604
372 629
38 366
160 390
551 985
97 815
464 798
110 899
55 426
199 438
169 498
143 186
119 397
14 107
225 831
361 992
859 936
866 927
515 680
511 703
348 849
516 931
300 916
382 630
205 551
824 871
130 479
0 1
532 875
60 459
28 91
515 670
215 438
475 802
204 673
60 145
217 317
503 971
230 280
60 296
377 701
633 843
96
202 250
408 420
849 912
71 599
59 119
259 850
503 628
756 785
356 788
4 765
45 147
248 432
17 78
295 350
429 598
6 40
310 902
349 355
809 908
516 578
90 132
54 138
13 70
188 207
173 450
5 9
7 106
244 245
140 195
23 30
233 395
177 990
111 232
113 813
280 353
26 517
158 168
166 243
40 280
229 798
337 476
99 677
98 949
431 467
11 866
471 638
635 917
147 260
573 675
166 638
706 813
380 511
56 513
863 921
199 257
229 521
197 228
294 313
411 470
38 671
102 979
145 299
240 287
10 394
272 333
160 692
791 890
366 829
220 658
1 193
30 171
884 998
187 615
322 927
766 794
18 123
401 609
3 19
101 683
47 560
442 499
3 864
775 804
28 141
73 145
15 79
521 751
14 65
220 738
130 800
282 292
44 655
584 696
131 147
182 788
48 97
