9
16
224 674
534 708
153 277
354 500
487 871
408 431
363 966
256 630
32 51
22 39
465 820
203 729
27 816
337 377
110 154
459 576
43
289 636
140 778
563 845
659 709
163 266
577 763
253 625
164 836
133 270
14 68
769 972
118 170
81 762
213 345
23 713
291 651
593 869
164 187
22 264
38 862
215 242
267 314
76 206
144 466
77 744
98 182
531 919
248 258
473 488
182 183
82 125
268 548
445 613
163 409
240 333
349 756
134 245
177 496
712 922
246 277
49 494
0 84
60 160
98
293 1000
193 979
560 770
2 99
400 423
39 170
799 869
159 406
31 35
194 289
565 748
103 113
51 95
98 201
146 433
21 655
140 187
106 631
281 444
57 70
416 618
857 868
78 734
192 983
418 451
805 956
69 225
603 667
208 693
17 178
76 111
520 557
449 817
858 957
592 621
92 181
239 320
228 427
0 24
1 173
7 32
207 376
201 252
341 927
339 612
38 69
430 639
6 75
135 165
286 770
222 760
328 726
303 702
225 836
663 912
111 551
531 839
186 903
11 319
21 34
629 636
6 356
25 79
89 433
782 812
411 731
488 857
309 353
159 311
584 635
499 547
317 870
45 463
435 827
15 953
287 415
193 314
169 214
345 551
279 339
160 905
184 284
75 229
470 670
152 528
14 465
123 842
55 164
199 810
416 437
153 202
34 53
233 973
123 610
104 617
73 237
285 369
143 985
90
0 6
313 388
605 656
79 503
635 977
408 502
601 947
349 520
17 20
70 123
72 347
348 606
233 234
365 367
698 814
70 318
395 505
240 481
498 871
97 205
179 493
103 166
11 25
538 589
98 774
13 33
37 60
67 118
100 467
102 103
290 502
12 98
283 478
267 870
220 265
11 195
571 836
111 196
144 748
77 255
194 199
95 345
65 276
157 608
59 650
18 21
97 130
11 509
18 48
33 307
128 508
182 420
360 565
47 554
79 104
71 537
374 446
200 264
0 694
332 462
692 933
261 846
225 952
366 373
266 436
489 662
345 531
578 638
47 48
136 463
198 351
145 157
226 231
370 869
212 995
665 971
215 516
126 340
455 873
176 817
291 742
16 956
141 263
22 423
116 136
73 165
165 235
910 987
294 444
87 445
100
414 767
173 405
166 408
60 158
145 392
312 565
40 125
694 835
213 963
133 557
4 13
530 786
600 733
203 776
582 751
56 180
145 281
239 802
140 159
161 511
8 129
628 826
437 615
14 26
289 509
32 128
12 329
153 205
171 220
289 353
807 897
581 838
178 820
107 217
645 949
331 583
67 153
26 34
158 420
15 48
934 993
65 152
75 792
261 439
22 40
299 684
10 26
35 817
36 511
57 174
99 112
96 240
124 516
409 735
13 36
24 215
196 309
96 405
30 74
647 815
49 985
210 400
707 723
677 855
252 602
248 396
35 488
150 681
187 612
824 938
191 549
129 379
326 869
521 661
332 626
277 406
657 676
669 972
76 374
347 983
400 559
15 391
273 365
265 401
331 543
323 327
498 841
160 300
167 192
16 355
21 138
218 778
473 917
126 211
192 928
877 968
340 922
857 883
92 486
215 319
69
559 645
113 164
33 121
201 245
763 931
251 569
3 190
149 959
119 296
167 218
14 920
29 113
10 290
321 467
154 421
185 248
262 315
186 471
170 339
115 219
67 479
547 663
147 873
675 959
167 924
181 359
285 935
95 176
175 574
138 147
454 839
401 411
139 157
729 941
182 299
60 468
81 650
196 445
190 806
14 41
220 634
259 276
70 222
160 791
71 149
226 492
278 683
158 492
397 487
15 38
89 295
317 562
159 338
292 818
65 112
6 223
345 609
556 665
359 653
160 680
705 745
63 139
357 425
283 618
88 118
131 697
379 511
427 708
292 616
94
57 79
267 564
445 694
185 489
129 418
229 906
36 40
589 708
170 501
8 435
128 160
242 460
696 951
397 630
30 685
50 139
6 592
541 939
438 820
60 216
58 74
198 806
10 549
301 930
886 907
85 165
581 805
431 988
41 46
816 905
25 827
545 844
769 802
18 759
253 912
574 857
5 94
368 449
184 526
239 396
170 447
3 849
396 888
594 710
436 510
351 366
221 362
36 458
15 695
11 135
116 189
655 943
3 4
168 628
0 474
261 665
25 639
127 874
22 53
124 163
277 550
12 250
80 89
587 777
82 274
187 742
189 253
353 447
315 427
467 488
496 801
450 523
8 17
54 317
274 332
63 631
153 358
48 495
92 290
414 934
151 885
16 24
519 710
8 96
158 896
56 740
14 87
470 487
197 363
108 171
439 633
764 926
251 384
365 493
55
232 426
603 630
549 610
327 513
412 565
647 679
236 445
201 233
66 214
256 421
343 858
155 353
41 391
423 746
301 539
251 259
169 357
65 119
587 709
743 749
235 336
30 123
365 506
150 190
35 394
132 439
196 427
121 965
166 541
608 682
417 831
286 746
52 883
88 857
48 198
121 567
336 736
9 16
128 396
21 312
77 518
743 744
11 596
15 112
12 769
383 566
82 84
61 138
67 526
195 908
178 303
237 312
449 515
143 279
142 236
37
467 754
436 499
965 992
78 161
79 327
673 693
564 741
371 767
3 233
31 318
760 767
138 619
3 9
417 435
504 886
168 377
30 124
21 39
475 785
376 594
429 856
79 92
673 992
3 5
13 674
618 883
351 465
152 244
371 503
153 447
697 758
60 730
20 50
237 348
505 671
165 296
52 578
