5
58
493 597
4 145
8 503
538 710
344 880
118 144
287 334
48 122
4 413
81 323
33 972
145 648
799 962
130 224
21 682
125 812
306 581
783 900
52 334
99 754
251 265
285 948
116 487
386 392
129 272
59 65
32 88
503 589
3 8
36 292
54 211
238 319
71 762
152 227
115 178
9 12
132 229
427 743
177 732
70 317
502 551
209 598
599 798
23 39
177 349
94 197
162 488
318 702
27 84
347 399
90 260
69 406
100 721
1 554
163 633
798 807
152 307
114 173
14
336 563
275 641
329 809
272 435
424 605
431 759
342 434
385 495
497 777
199 268
141 239
231 261
55 230
47 119
67
67 223
19 883
182 269
80 994
33 265
250 775
371 427
20 84
653 857
640 925
782 899
339 429
116 461
32 551
254 360
108 575
114 163
8 119
182 287
226 601
774 781
34 201
56 90
25 355
118 267
20 136
524 832
367 838
106 157
539 899
76 274
102 801
33 282
79 218
298 384
455 470
35 898
24 74
9 10
76 932
207 411
101 145
230 336
681 885
4 74
299 360
319 960
277 487
323 431
509 512
457 875
45 329
119 354
105 110
48 182
55 344
435 812
8 186
45 526
743 991
483 909
63 651
54 861
371 460
184 193
86 105
5 655
20
146 360
595 651
83 720
287 418
49 207
535 849
646 783
613 696
214 530
108 736
862 905
43 208
73 417
0 5
437 536
20 25
251 328
817 970
46 71
34 63
80
199 263
101 131
227 677
420 766
897 952
25 330
14 74
56 593
456 881
325 491
245 804
330 350
446 707
194 253
578 811
156 794
531 863
151 660
90 141
635 964
434 939
311 620
311 874
115 318
242 991
17 128
283 545
353 625
395 577
44 49
34 110
153 163
93 119
90 216
280 599
4 54
152 176
348 900
376 884
127 154
373 377
12 20
268 461
176 228
76 224
67 127
499 823
410 658
622 815
720 903
237 403
47 301
379 981
211 978
3 120
339 442
32 116
65 121
227 456
20 317
3 328
81 364
404 436
505 794
36 597
3 14
1 4
280 929
23 217
15 199
527 742
32 184
127 452
114 137
665 708
94 290
241 249
304 537
103 378
231 286
