9
54
63 286
743 920
595 932
597 798
579 625
469 648
467 974
106 303
91 367
64 271
698 992
228 346
145 445
733 965
132 864
729 863
182 400
139 196
270 922
165 217
45 198
762 808
19 35
336 743
230 694
156 220
101 144
375 573
87 113
665 923
352 613
380 477
168 272
497 695
13 17
25 90
152 478
48 88
155 358
380 617
108 195
360 439
32 106
613 629
27 251
436 546
341 393
82 227
377 399
486 856
800 888
294 333
61 194
424 581
14
403 550
237 500
500 744
259 843
78 169
165 357
231 310
787 816
28 150
369 434
37 334
648 661
413 884
95 176
50
70 78
496 859
15 108
472 775
470 790
73 168
209 237
344 863
506 759
104 309
407 683
8 923
118 743
59 118
4 80
457 782
59 85
243 540
45 588
96 191
243 546
754 930
210 301
31 294
0 41
67 649
33 37
70 957
17 828
11 603
133 550
153 416
205 375
130 177
747 973
80 691
3 76
3 5
329 764
191 788
115 604
509 879
304 358
9 123
104 260
392 444
310 460
539 794
69 166
146 796
81
428 486
415 467
219 365
225 572
117 334
280 322
506 958
208 831
5 787
161 403
442 810
490 970
591 708
168 538
758 951
367 420
65 388
59 596
203 433
775 822
184 247
429 591
680 807
320 347
69 139
84 104
5 15
123 321
840 933
12 102
412 590
2 22
18 110
232 433
37 488
1 12
253 748
165 289
70 726
139 147
78 87
16 164
315 380
147 174
30 46
454 546
158 499
183 315
96 239
404 502
448 704
258 812
200 818
2 5
460 791
27 407
12 457
317 330
653 758
32 499
421 482
111 141
380 666
234 941
501 906
279 631
512 659
363 412
403 598
75 371
428 622
102 618
48 50
238 266
86 154
55 313
236 512
177 320
143 964
76 82
48 405
64
29 63
90 944
287 807
137 613
33 333
410 516
193 494
8 28
63 320
100 317
1 8
722 978
369 437
136 618
871 993
38 189
185 241
648 650
156 195
259 297
579 706
50 289
216 978
657 851
135 164
235 307
20 993
573 707
251 576
330 789
28 60
200 327
74 461
14 51
311 589
201 534
132 159
284 493
84 195
29 136
91 214
237 881
34 77
131 338
795 967
237 572
369 455
174 678
524 578
261 274
39 76
689 812
549 686
45 74
140 702
145 589
536 651
528 825
34 112
16 83
453 640
193 455
548 903
276 713
79
217 986
192 288
140 161
71 182
8 298
103 869
1 2
296 509
121 961
102 285
519 669
39 114
72 169
336 577
63 272
663 865
369 757
60 106
614 728
45 84
44 52
156 532
439 440
197 226
54 978
282 874
347 576
63 320
138 899
205 748
163 656
23 130
175 467
30 33
225 226
216 220
210 772
339 681
135 142
476 963
68 120
21 117
44 528
325 791
258 684
821 947
357 502
555 807
3 15
129 163
169 306
89 220
619 836
354 641
138 157
519 799
11 143
29 324
457 704
209 447
196 356
261 782
252 821
96 530
359 778
364 778
343 777
843 864
63 248
143 292
532 811
112 384
47 357
34 975
295 525
45 151
23 166
403 441
270 519
38
148 648
440 653
85 141
243 946
240 248
267 395
132 963
53 387
531 545
140 242
309 321
709 755
166 179
330 345
302 908
10 39
592 679
519 636
522 691
162 275
25 86
50 293
556 858
29 667
376 827
39 358
7 274
59 404
781 853
471 968
349 414
198 314
152 401
282 616
575 586
187 381
2 911
381 423
17
21 89
476 529
285 583
900 974
215 431
15 251
730 744
557 944
187 676
684 854
260 355
276 915
152 676
398 507
269 359
199 402
426 852
10
53 786
106 121
54 93
556 787
431 641
5 270
49 824
105 299
153 716
358 419
