10
64
114 171
556 714
637 723
116 352
8 12
17 18
182 673
138 380
343 436
37 607
772 817
154 715
15 286
25 61
15 94
207 411
1 2
423 764
530 988
6 432
89 603
84 482
97 911
68 85
210 585
376 404
719 825
249 516
117 251
493 518
376 609
174 311
48 755
153 686
76 540
270 444
472 918
685 769
2 489
541 879
273 896
225 474
35 455
36 534
214 268
577 753
368 682
12 485
241 489
4 233
433 639
361 522
186 304
55 88
365 496
202 569
893 951
504 815
255 734
28 462
463 750
42 580
183 628
355 570
61
641 802
420 928
300 369
482 484
276 923
601 858
415 547
501 839
384 415
13 25
8 56
170 215
148 308
207 249
17 566
157 661
445 563
434 899
387 422
445 646
583 712
306 584
69 456
617 902
222 368
308 687
375 655
62 396
418 897
17 38
209 712
193 532
276 989
517 909
143 163
291 458
312 410
600 836
47 518
312 438
3 16
5 12
15 24
279 336
512 755
89 733
259 774
1 92
36 45
102 876
188 906
10 784
68 77
336 883
672 709
585 830
138 795
21 97
193 953
12 89
2 157
58
44 283
883 968
46 184
48 271
450 577
202 526
567 679
55 126
448 557
517 806
158 240
48 80
174 303
208 850
12 21
107 885
415 514
74 698
156 171
147 439
97 923
140 989
49 164
769 929
143 911
26 55
457 732
39 262
262 350
291 395
641 837
5 24
240 483
0 46
42 393
575 751
146 151
383 973
160 557
136 385
485 635
117 320
167 277
81 104
5 44
132 347
121 480
183 581
57 146
310 966
673 814
387 558
12 159
58 982
255 430
84 533
451 509
288 486
71
389 941
134 179
377 756
42 621
20 342
531 622
79 252
269 485
30 69
809 830
430 781
562 732
6 780
2 7
518 984
17 766
96 200
26 65
587 706
83 783
379 972
376 719
142 268
223 894
0 2
562 638
878 970
308 633
177 867
436 731
709 781
1 126
62 145
435 638
587 932
437 601
410 527
347 829
722 873
92 186
587 797
242 361
296 543
732 867
104 335
886 963
550 798
271 446
921 983
794 847
47 206
123 520
71 118
418 582
296 774
45 217
159 941
4 41
653 921
185 243
53 208
641 721
223 646
179 650
920 952
49 597
83 296
12 944
134 167
241 403
73 291
98
521 583
273 959
620 819
192 660
66 425
102 145
25 214
423 783
156 317
117 141
97 278
8 121
86 126
394 445
206 288
245 336
609 962
179 287
247 863
13 205
464 514
566 771
637 715
94 271
77 535
139 208
545 722
500 854
97 972
120 969
287 712
25 833
260 302
303 805
296 416
224 802
36 61
349 655
212 477
284 806
34 39
51 527
299 340
942 958
16 29
489 626
281 934
514 765
96 928
336 398
79 281
409 623
84 122
73 116
30 905
186 313
163 285
19 54
114 218
589 638
392 641
255 337
68 72
158 160
6 21
115 341
20 459
1 642
352 591
476 530
209 381
80 141
625 680
368 640
191 909
318 846
797 892
530 826
86 635
446 962
48 245
74 660
470 617
650 986
101 761
212 406
57 60
255 805
75 444
293 339
39 72
934 956
184 718
7 278
362 469
524 710
20 892
461 471
49
82 456
112 133
184 528
142 382
305 429
123 220
88 163
34 296
209 230
73 416
140 887
154 182
805 828
230 369
31 68
3 569
515 702
10 198
254 326
0 6
230 403
49 978
124 500
48 264
193 235
390 443
113 797
115 598
327 574
140 524
141 249
314 516
316 498
430 531
23 644
202 929
51 113
287 963
499 883
24 44
221 256
113 590
330 462
34 380
22 856
1 27
335 699
331 758
381 959
97
851 954
242 299
316 640
28 314
331 440
830 999
68 147
171 497
554 945
10 282
39 242
187 710
128 235
345 807
350 562
43 152
675 975
8 867
4 7
308 921
147 423
141 354
11 402
394 472
4 237
85 381
257 288
478 527
647 693
6 8
298 780
281 474
35 609
47 720
209 223
7 765
509 558
423 567
237 320
3 9
141 142
11 33
421 831
58 655
518 893
95 482
42 172
674 778
238 998
19 100
423 488
300 569
94 334
18 707
511 524
264 560
417 457
34 446
54 503
16 162
414 465
387 771
105 301
97 120
138 396
264 870
347 435
183 631
138 925
123 124
198 756
98 465
231 626
34 203
530 713
38 227
476 711
134 164
51 248
653 661
9 854
39 229
176 319
61 111
33 900
6 43
514 916
531 571
52 120
141 374
23 488
5 712
226 949
433 561
0 510
386 543
40 102
70
393 420
386 818
397 585
43 57
278 319
53 161
10 34
516 585
714 773
41 280
617 836
53 234
253 368
48 926
678 907
129 141
588 733
20 693
673 713
94 908
12 15
923 946
280 353
236 968
190 417
48 798
335 752
434 988
694 837
361 553
581 664
138 774
335 355
3 65
643 918
762 801
81 392
184 683
358 627
3 572
128 248
382 648
386 400
542 822
218 251
233 332
76 123
619 662
862 922
22 248
0 50
72 122
3 146
388 888
10 805
403 520
118 180
12 106
488 505
411 519
175 357
526 668
245 306
22 308
347 408
69 417
273 308
54 250
372 693
99 929
50
11 448
478 831
60 62
367 822
215 280
24 48
218 596
544 787
54 186
620 684
129 134
158 752
524 741
297 716
249 837
781 881
310 520
850 954
449 823
269 272
83 703
697 935
118 198
2 926
495 789
265 828
202 453
242 945
85 487
117 126
615 927
21 312
16 68
76 378
337 392
118 696
145 321
45 96
427 702
590 900
878 982
33 764
7 10
577 979
32 71
221 523
133 462
340 795
732 803
33 123
60
563 819
441 846
10 88
342 502
463 614
438 442
64 107
12 54
168 206
210 237
105 424
38 122
333 381
250 411
81 125
190 782
834 948
680 743
175 989
373 495
789 939
692 998
178 516
284 563
343 952
220 381
126 737
103 335
853 857
305 725
45 54
120 276
77 132
175 388
265 613
250 426
388 522
687 947
293 474
386 757
502 661
314 503
284 344
211 218
491 934
454 532
334 448
94 988
222 824
262 403
579 608
43 338
136 250
344 518
118 146
649 851
44 116
462 906
278 542
4 10
