10000
21 192
61 68
66 118
33 154
113 174
18 41
78 163
67 106
13 130
121 121
21 115
11 194
23 167
13 44
2 160
96 103
58 159
101 120
80 152
49 129
21 70
134 190
36 84
47 91
61 139
120 198
26 172
94 106
54 102
92 172
12 189
50 79
122 123
88 94
132 183
32 109
62 153
38 104
55 200
141 183
50 72
84 184
45 104
12 37
77 109
66 79
85 165
162 190
47 140
134 197
61 100
98 144
88 97
47 76
46 131
37 190
109 173
1 196
58 162
12 101
23 186
135 165
73 95
137 187
69 99
106 189
86 121
45 51
76 176
58 111
142 152
73 182
78 93
122 126
145 176
10 23
37 40
4 104
115 148
53 138
122 195
34 138
59 166
70 198
55 151
40 49
57 62
69 192
95 166
40 73
16 123
110 187
126 165
53 200
113 139
131 163
15 22
4 77
10 32
10 119
15 41
34 150
93 94
76 167
34 82
57 200
108 137
35 189
10 79
40 169
101 158
7 133
154 159
14 196
51 166
29 199
79 127
82 104
110 150
92 122
63 159
66 125
5 132
107 160
66 128
166 196
48 101
57 153
1 57
92 134
36 81
70 135
49 141
105 177
128 193
135 176
86 122
109 145
28 182
30 130
129 195
4 26
147 192
137 155
8 100
65 139
49 96
88 137
68 159
89 167
114 178
68 170
97 113
117 190
84 136
165 196
70 145
110 180
128 170
97 159
81 178
22 161
112 160
159 182
143 186
98 164
151 182
29 94
143 166
11 142
47 83
63 196
123 150
34 140
59 152
115 153
36 71
129 140
72 78
93 191
2 165
64 78
118 130
119 175
85 141
31 190
68 102
51 72
70 130
62 107
37 88
176 179
146 169
98 127
179 186
53 170
129 129
106 177
37 45
13 178
13 156
71 107
80 123
24 97
41 102
183 193
163 172
91 173
40 164
71 171
161 187
29 192
103 173
35 121
100 117
70 86
94 132
28 185
67 186
93 112
4 36
25 130
91 196
5 77
56 140
44 158
76 151
178 196
65 97
60 168
58 66
120 179
66 123
11 14
21 48
83 104
52 83
23 78
18 27
59 137
23 160
90 104
37 165
37 129
54 110
6 166
50 57
1 107
30 183
2 160
44 173
34 101
106 169
150 153
16 95
54 165
17 165
102 137
54 163
127 144
92 116
5 25
120 128
116 164
80 162
111 114
88 108
15 177
10 154
69 194
9 47
17 170
101 139
10 61
40 194
31 179
92 106
2 198
45 145
6 185
64 188
43 96
17 49
131 187
20 118
68 147
86 111
6 52
36 101
106 171
3 78
41 195
154 157
69 112
60 110
145 189
52 181
129 176
165 196
96 185
40 133
86 142
48 49
8 173
64 120
26 188
41 94
25 37
31 152
24 153
24 200
121 187
74 115
56 186
2 64
75 119
6 120
55 130
39 47
26 195
80 139
5 124
27 180
54 56
21 57
102 173
146 174
35 194
87 152
112 137
64 155
52 69
24 174
36 53
30 98
38 70
22 153
137 159
33 187
134 152
56 71
10 95
25 28
45 56
42 98
86 186
124 177
113 185
3 135
66 94
87 172
78 145
66 77
42 50
26 109
105 144
132 159
89 132
59 188
132 148
143 178
77 106
31 143
21 78
4 170
6 177
14 77
18 142
35 112
156 173
12 27
46 91
77 161
156 179
8 131
49 107
54 61
56 94
37 107
79 181
107 172
50 53
111 114
15 164
16 126
48 147
2 71
33 107
38 42
159 173
3 17
18 45
67 158
9 132
80 106
140 197
189 200
73 74
67 69
25 138
133 177
160 163
75 169
61 107
93 136
96 116
115 134
16 197
142 182
36 149
130 141
105 123
77 190
45 79
4 149
5 32
23 93
88 186
23 39
104 179
32 168
164 184
137 175
15 151
179 196
76 111
85 198
71 184
103 148
54 167
36 51
35 165
107 138
58 110
161 171
113 196
131 191
93 173
50 110
44 90
46 73
80 151
73 160
141 172
41 108
58 98
2 43
79 134
56 161
92 195
30 86
64 83
20 41
32 97
55 98
30 65
15 43
38 122
95 117
5 33
115 150
3 168
7 95
9 186
2 100
12 174
10 14
142 168
72 171
86 87
165 193
47 112
147 184
11 22
72 127
137 199
131 140
33 127
7 111
24 26
17 158
91 144
23 65
11 61
74 133
64 178
101 152
20 29
38 70
37 193
40 109
59 128
32 145
10 154
69 99
96 140
15 34
25 72
88 107
159 179
19 32
79 186
42 64
107 143
87 165
136 158
52 107
10 118
89 141
61 191
103 198
49 195
21 181
32 142
8 143
68 159
69 146
119 152
68 188
95 173
41 88
6 89
50 122
51 185
36 200
121 188
47 193
35 50
64 141
126 181
54 180
7 25
10 126
71 152
49 80
53 80
37 114
84 119
4 28
42 94
93 93
128 144
91 170
51 140
74 109
67 176
79 92
48 161
110 120
54 194
3 88
32 109
60 146
29 198
48 124
102 174
109 196
4 107
66 152
30 143
146 164
74 152
71 200
85 110
44 49
186 200
35 55
63 155
32 138
149 199
66 154
80 87
104 137
144 185
100 142
77 148
46 102
18 161
98 122
165 192
112 149
53 185
55 161
9 93
43 142
128 146
69 104
32 66
6 132
59 156
98 123
79 182
45 82
39 195
54 165
54 145
91 102
9 40
72 116
9 53
92 177
68 97
39 91
34 147
85 166
111 194
32 151
38 149
111 140
181 198
99 138
46 71
103 121
16 60
144 166
138 167
12 55
7 137
66 127
3 61
44 132
49 87
39 177
2 134
89 178
33 160
108 118
117 190
139 198
12 127
67 131
22 103
58 98
8 87
67 177
117 198
4 167
84 95
91 129
70 185
106 199
26 102
137 184
11 66
50 60
184 187
113 180
11 63
16 97
98 147
89 127
26 84
75 188
63 198
54 143
71 78
38 189
83 185
73 130
13 121
46 135
10 102
116 147
130 150
120 169
70 121
30 76
137 169
12 177
57 172
87 184
75 99
39 99
124 183
48 173
1 189
11 60
67 172
153 161
60 194
42 156
37 180
50 187
35 177
11 55
171 184
3 112
8 126
26 120
44 86
104 135
53 194
43 124
44 114
145 193
11 29
14 28
111 199
75 181
164 190
116 188
10 93
57 63
90 183
21 25
85 117
58 166
112 167
151 152
10 104
19 107
55 87
14 18
49 176
12 85
160 191
100 186
95 167
102 153
94 169
146 150
117 153
98 130
71 112
127 200
16 83
63 131
165 196
138 179
18 163
59 198
41 162
6 110
20 50
64 148
14 149
29 176
150 164
62 64
101 195
94 157
16 189
66 169
77 126
10 152
54 183
3 116
70 158
109 183
87 110
42 53
90 96
58 92
29 73
17 151
46 68
110 181
124 191
137 191
79 79
86 150
49 199
10 66
82 178
129 142
23 91
33 58
102 121
59 178
29 160
161 168
141 184
66 135
130 193
104 163
44 104
32 149
99 181
53 73
94 168
22 65
95 188
115 188
10 139
115 163
8 96
41 153
105 183
121 147
89 103
45 56
36 179
34 164
8 30
28 150
22 118
95 107
52 134
30 38
84 172
14 141
23 84
2 196
46 134
39 141
73 187
3 107
161 188
62 73
102 170
3 160
79 128
164 185
4 174
53 173
67 132
5 109
125 135
7 103
71 146
156 196
5 110
110 198
127 181
144 189
58 160
95 152
2 165
45 46
6 111
15 51
40 171
17 109
163 181
40 51
54 88
90 98
128 154
171 197
137 165
16 91
15 186
171 183
83 125
78 191
34 173
12 96
82 128
87 189
98 112
105 186
109 120
41 90
26 136
49 56
30 196
25 114
56 198
22 75
80 149
148 197
85 195
153 178
88 119
49 174
137 197
143 173
40 151
28 144
140 176
10 150
105 148
3 107
34 128
56 65
125 161
13 169
80 153
60 142
19 129
135 148
1 123
98 167
109 136
108 180
39 163
24 144
95 178
31 80
65 198
18 146
38 129
136 148
14 158
30 37
81 92
46 113
88 186
35 129
110 129
69 148
147 182
103 190
12 23
40 91
91 188
2 114
50 105
49 79
46 190
42 100
117 192
61 101
63 113
73 169
22 137
11 127
102 138
129 198
86 127
52 162
126 157
15 126
128 197
117 186
142 143
16 170
2 13
81 189
66 110
19 176
34 185
4 117
58 152
36 72
87 141
62 69
30 48
74 88
1 24
36 121
64 97
47 169
46 118
16 64
44 137
164 188
78 102
126 195
23 90
37 109
153 196
23 90
77 167
4 171
13 131
73 130
137 167
17 99
77 175
37 110
68 126
44 163
40 44
113 195
61 199
31 131
44 119
26 181
68 94
1 145
19 113
38 133
13 49
1 174
10 78
45 115
104 161
86 147
64 195
88 138
56 178
15 32
153 159
55 82
10 13
13 89
89 150
93 106
74 152
82 181
147 174
61 114
80 133
64 166
135 161
74 87
47 176
9 185
65 112
102 139
54 124
97 138
28 183
131 150
172 181
17 88
47 183
77 167
16 185
96 188
26 50
53 54
38 123
101 187
94 171
41 166
13 96
86 133
134 178
44 141
11 150
98 107
61 86
82 148
150 191
16 45
7 11
64 144
109 156
6 92
10 64
54 89
8 110
29 34
122 156
37 106
120 130
87 131
98 137
91 124
70 94
120 169
144 189
60 192
125 168
18 108
29 85
65 176
4 170
46 137
175 198
49 89
90 139
40 183
59 137
30 130
54 120
119 154
151 194
100 116
141 195
4 20
72 177
143 185
49 118
56 160
83 166
133 182
91 150
10 119
37 196
60 151
119 198
153 173
116 164
23 72
95 170
97 177
68 134
105 196
84 97
20 57
85 165
123 186
52 90
101 196
146 166
84 137
105 114
63 82
188 193
69 112
42 62
100 194
107 199
17 182
10 35
129 148
148 181
186 195
27 135
33 90
59 60
84 89
164 171
36 146
163 193
13 33
10 137
127 142
71 166
13 141
39 179
143 181
125 188
45 163
30 195
33 143
16 170
114 176
4 38
152 175
9 46
66 194
74 103
38 125
19 151
72 118
128 134
26 50
15 19
97 159
37 200
106 184
65 136
106 195
131 138
1 89
110 130
10 64
76 199
103 157
9 9
92 196
146 171
61 83
46 110
77 127
18 53
40 45
25 32
5 123
124 154
60 151
10 12
116 171
43 197
13 124
41 55
177 193
63 142
27 125
2 198
82 176
8 188
25 62
29 160
92 151
18 173
104 159
34 198
121 145
5 24
48 107
157 194
83 94
183 199
28 114
88 137
21 125
62 98
40 91
8 42
35 96
78 194
23 143
131 179
120 145
84 181
74 197
52 105
7 148
30 75
102 147
31 117
67 184
1 120
84 95
78 120
156 168
104 163
24 191
81 109
163 167
24 115
39 61
71 167
50 126
10 104
9 165
85 168
92 139
96 131
43 70
66 107
44 116
106 133
43 186
28 45
47 122
35 52
158 167
68 177
45 182
58 180
12 130
62 172
46 167
11 63
85 136
40 185
164 164
92 178
43 49
45 59
94 164
15 165
28 57
17 193
98 198
15 73
79 151
43 47
1 185
89 104
28 47
115 148
82 115
81 110
4 199
2 38
32 197
7 155
66 180
87 195
88 164
50 148
164 190
106 107
81 152
38 105
148 150
92 116
106 134
37 156
57 186
134 187
1 106
22 71
96 186
115 138
27 135
24 38
9 161
12 123
141 145
87 112
115 147
62 111
11 200
17 184
170 190
60 81
106 124
84 141
66 196
2 153
101 109
179 184
46 184
38 90
71 144
12 80
23 171
41 100
66 114
17 57
110 196
148 183
6 178
20 158
54 123
3 75
134 176
123 171
89 132
47 189
74 92
10 24
26 71
5 153
152 153
23 32
11 200
51 152
181 198
130 156
187 199
64 102
71 190
105 168
8 47
147 149
6 165
44 188
50 109
65 124
40 88
26 80
25 171
150 172
23 60
75 153
74 94
49 93
21 131
88 119
97 100
50 92
58 178
43 131
53 72
90 114
28 147
48 73
84 193
3 18
59 137
17 148
73 195
1 53
106 163
110 186
56 146
52 58
13 90
16 22
98 116
57 80
34 43
1 198
122 191
57 137
58 68
83 189
165 188
97 123
122 189
50 183
3 32
15 178
49 112
147 161
83 185
33 64
76 80
18 90
67 144
45 77
13 186
68 84
87 161
82 197
17 104
147 151
69 200
32 48
11 147
2 77
39 156
99 199
15 54
15 36
32 158
30 169
20 155
46 197
21 70
76 133
76 138
16 52
86 184
75 199
99 110
9 89
57 66
58 66
18 70
79 85
31 54
24 152
46 180
16 149
10 197
29 110
82 163
88 160
10 58
16 106
12 123
52 106
73 87
40 165
61 168
7 13
106 125
28 66
155 172
51 100
105 151
89 142
169 200
150 189
114 126
1 120
61 173
13 153
88 139
101 161
126 162
72 127
110 185
23 192
29 44
4 154
1 147
41 135
65 165
29 157
19 47
130 148
47 109
139 197
89 95
94 106
37 157
65 194
98 124
109 136
31 156
65 144
8 134
129 146
17 151
133 154
31 172
32 160
13 163
138 151
116 169
22 197
95 189
41 187
131 147
79 147
38 121
37 120
99 194
161 170
35 155
149 163
17 49
27 112
21 178
137 171
146 152
7 83
1 98
12 157
26 54
39 86
125 148
15 104
4 117
145 194
38 179
41 142
96 186
137 192
67 200
1 66
133 165
56 112
49 72
64 188
96 175
28 140
100 200
62 102
69 146
6 81
18 96
43 171
42 67
37 44
46 65
76 136
69 75
82 197
4 63
161 164
100 141
36 65
82 104
13 110
157 176
160 190
156 187
1 82
70 171
170 188
87 186
12 174
166 176
128 144
24 48
111 152
98 179
95 114
99 193
106 109
107 158
153 195
48 51
139 192
95 167
52 148
97 169
10 90
4 148
47 197
40 94
11 100
66 78
121 157
42 149
55 113
72 150
42 59
28 67
22 79
51 183
68 104
34 115
19 89
118 182
35 142
173 186
129 183
194 197
8 10
15 77
140 164
104 142
6 111
83 198
171 189
81 94
35 116
92 102
15 144
58 154
5 68
24 97
138 167
7 49
121 186
35 47
156 158
2 92
115 161
66 88
27 104
5 31
179 191
44 159
53 66
65 102
111 200
160 189
45 180
109 197
25 144
116 145
53 88
27 39
39 107
17 87
107 127
34 71
85 131
40 152
113 176
62 153
93 163
80 177
162 185
7 88
57 159
91 186
12 105
34 94
28 177
59 72
54 110
50 129
95 159
125 174
68 174
24 32
60 112
76 99
28 57
59 194
125 158
133 183
32 68
3 200
75 127
72 118
90 185
16 122
48 153
18 104
23 198
1 53
10 145
7 101
153 167
18 24
56 171
112 134
8 143
69 134
32 108
5 192
64 153
120 170
77 112
35 155
130 141
101 151
134 191
127 178
88 183
94 157
71 175
30 166
5 155
51 200
165 167
98 148
99 172
63 186
13 99
138 174
79 158
8 35
129 196
57 92
37 47
50 87
54 107
69 118
39 94
52 151
95 182
69 184
134 137
28 113
76 187
23 25
34 92
98 132
93 134
65 102
33 189
7 81
25 155
67 151
7 43
37 87
109 167
49 67
62 200
75 184
109 121
59 128
2 162
132 191
23 24
36 120
154 165
49 122
11 114
178 194
169 178
1 103
151 185
68 129
32 168
26 153
90 196
103 179
46 160
142 199
57 199
71 185
32 125
75 102
31 154
16 82
132 192
40 79
72 167
83 98
11 79
158 189
63 158
17 150
126 165
62 174
27 178
34 151
109 135
44 161
28 172
99 157
92 123
173 187
46 144
94 128
58 170
107 199
78 153
49 112
152 186
51 189
111 187
37 131
20 85
14 28
82 177
75 189
25 65
55 161
105 105
111 149
47 62
19 132
124 135
70 160
32 180
1 11
34 141
62 151
52 57
136 150
79 194
38 66
56 184
76 165
97 170
65 179
66 152
72 128
13 123
5 62
11 168
8 105
117 150
19 91
24 66
69 195
92 181
10 75
74 152
15 184
31 189
31 133
54 117
64 140
34 180
168 189
15 153
96 192
98 183
47 83
90 96
1 60
52 197
69 105
165 191
131 182
47 176
20 51
28 166
42 118
153 176
160 193
17 200
130 175
22 74
101 122
111 195
32 190
124 158
146 153
58 114
110 151
115 129
32 62
62 156
24 105
5 72
34 72
115 197
152 159
83 110
32 132
148 195
52 175
27 33
106 176
21 50
63 137
59 76
153 161
17 119
21 195
34 94
19 182
73 184
2 38
32 184
13 97
12 29
1 97
171 195
20 152
23 154
51 162
15 57
21 27
17 193
154 164
55 115
12 66
15 114
77 177
95 138
70 104
31 177
3 165
95 142
166 184
187 195
4 160
64 130
5 137
82 167
70 153
133 159
95 180
33 124
10 84
114 193
120 171
114 122
58 77
11 114
52 91
24 96
108 112
131 194
143 196
119 137
107 121
47 182
132 133
20 120
97 100
78 116
84 140
154 158
108 187
166 186
7 161
38 131
69 153
55 86
142 148
13 135
44 83
75 143
117 126
166 196
51 147
61 141
106 188
79 105
57 171
65 122
111 144
60 185
38 171
73 109
21 43
30 103
149 180
151 176
107 135
106 136
106 162
159 176
91 134
58 127
86 114
94 105
78 110
14 113
158 179
148 180
63 174
79 142
43 64
39 165
96 158
15 195
2 44
69 125
67 195
37 67
64 193
72 149
18 172
104 156
11 78
46 142
32 198
126 184
80 126
123 148
23 73
18 38
70 198
135 186
27 195
50 147
34 93
91 175
73 153
150 179
103 167
118 141
129 145
119 160
48 107
112 166
25 104
34 120
29 72
30 177
35 128
46 187
44 183
121 191
156 184
89 106
54 67
18 198
49 78
145 185
2 94
90 155
16 131
27 27
52 77
22 197
19 123
5 123
161 162
14 57
69 181
12 31
8 160
166 174
49 162
168 183
93 173
133 191
105 195
24 41
96 195
62 121
105 112
60 120
39 92
3 86
52 77
102 162
54 194
27 42
24 86
136 187
47 55
18 107
44 196
103 158
43 90
71 182
89 120
24 101
4 115
6 11
93 172
93 191
60 98
40 76
24 193
64 85
5 180
86 102
26 38
95 147
22 195
20 157
61 197
90 137
68 189
153 162
127 170
14 53
27 178
7 142
24 134
18 22
4 175
59 117
171 173
20 26
137 196
113 157
70 108
90 134
8 94
141 183
13 29
36 172
31 158
49 72
154 156
79 151
8 85
51 91
82 158
164 180
56 140
32 59
23 195
55 143
90 115
22 42
41 60
14 199
71 97
86 188
76 80
52 75
56 191
15 89
85 86
108 172
9 84
102 125
23 171
6 66
69 120
97 181
20 52
1 170
140 172
10 93
11 132
49 82
22 161
4 29
53 194
2 130
85 98
110 162
133 196
172 173
136 179
43 117
133 152
2 165
163 184
23 124
44 51
81 124
39 167
31 142
133 190
8 160
169 195
10 178
25 148
51 143
24 169
66 115
44 82
5 145
19 144
30 75
125 174
24 154
94 194
97 199
113 167
7 182
59 99
126 175
129 150
93 130
99 199
58 169
61 164
109 129
8 156
46 160
80 137
7 49
1 188
56 117
94 182
49 185
147 153
49 124
154 180
9 88
51 144
81 191
109 169
101 120
10 130
19 49
92 155
106 148
104 189
23 31
65 113
48 195
45 97
122 143
34 175
43 61
2 105
68 102
1 64
47 142
48 150
52 55
78 84
150 198
10 150
57 79
43 70
112 190
8 73
30 34
61 89
18 71
9 77
43 48
49 78
34 61
173 180
186 200
161 179
28 51
40 40
61 156
48 106
69 121
58 83
43 179
117 200
26 132
62 63
45 78
34 156
42 118
30 107
144 165
71 174
82 89
46 49
94 158
132 172
13 110
70 149
47 194
66 78
101 178
39 104
57 174
77 87
6 127
31 87
59 80
42 192
174 177
59 103
139 189
66 134
165 194
81 134
111 127
118 172
47 169
51 136
14 176
22 161
77 86
4 113
17 18
35 49
21 170
51 73
19 92
24 154
133 153
75 181
76 184
11 175
6 92
56 75
74 104
93 142
30 174
107 137
20 25
82 166
112 122
1 123
24 193
123 138
49 125
199 199
21 196
42 172
30 87
132 163
114 186
98 107
63 79
47 82
105 173
76 134
43 180
8 45
146 187
57 66
31 64
115 175
38 92
113 191
23 115
10 150
46 129
105 169
2 59
3 38
161 187
75 91
121 150
117 179
35 197
151 190
149 185
24 66
51 197
26 140
14 150
115 116
109 188
91 98
127 152
104 120
27 143
37 71
9 154
26 103
7 100
153 170
27 122
77 137
53 134
140 185
67 139
44 137
51 53
96 177
105 167
43 113
33 33
102 123
56 91
1 2
110 190
10 33
66 182
77 154
2 46
88 193
22 29
48 116
173 183
4 102
94 195
39 165
55 61
30 112
19 132
100 125
19 184
127 193
47 112
30 84
78 133
99 195
31 119
38 153
55 191
77 122
6 200
67 67
25 32
10 162
8 117
124 152
102 161
87 186
28 36
42 172
15 30
42 157
123 144
38 87
182 199
3 99
141 191
28 120
9 16
94 193
111 120
101 116
77 110
54 193
19 143
34 35
28 121
35 87
102 173
44 148
17 96
18 198
18 73
155 200
65 183
52 75
125 147
116 129
152 185
155 191
149 177
28 145
63 177
167 175
75 97
131 141
126 180
89 193
47 71
29 97
103 171
93 124
37 191
49 66
1 89
77 174
48 192
26 109
41 117
90 99
16 115
55 191
161 172
131 175
47 157
131 195
1 124
50 156
56 183
18 53
24 137
84 90
22 189
75 163
98 159
143 177
32 58
167 184
158 172
69 148
6 15
29 62
9 163
6 44
1 30
86 178
48 141
43 108
73 96
2 123
177 193
106 187
19 104
23 136
76 87
95 107
67 170
124 157
50 74
82 98
181 195
3 143
82 170
39 78
57 174
38 83
74 105
78 95
82 115
32 38
33 57
28 116
1 44
115 188
105 175
55 76
34 146
55 122
17 159
6 100
188 195
126 195
36 174
102 141
38 106
14 123
66 163
132 180
12 176
76 93
120 139
37 175
96 183
44 142
4 197
22 106
107 178
22 107
69 166
170 187
99 158
21 192
55 172
61 191
61 68
43 74
12 92
2 44
6 42
68 76
85 184
45 178
119 143
62 62
18 69
30 164
2 76
164 169
162 177
24 139
152 169
119 195
104 176
12 191
48 102
26 92
27 133
11 21
51 129
101 149
12 40
60 182
52 188
17 108
95 158
59 186
121 154
74 193
76 147
174 189
110 165
47 170
32 186
75 165
59 126
102 112
10 59
106 189
103 112
3 112
52 184
33 108
53 140
102 143
47 172
54 200
105 158
99 183
113 122
47 133
15 35
98 171
118 138
134 137
31 47
12 95
39 173
10 135
25 59
132 199
88 189
3 160
82 145
32 85
137 181
19 68
52 109
33 157
43 126
47 148
18 59
144 165
31 104
6 116
162 183
86 175
51 86
79 140
103 196
12 166
22 178
36 80
104 152
75 86
30 76
151 170
33 197
124 175
49 158
1 78
37 38
136 190
55 79
26 88
83 92
104 138
7 21
40 133
47 176
17 105
5 152
53 88
156 178
51 168
192 198
39 102
29 92
70 194
42 77
73 119
135 140
171 190
60 81
64 119
49 154
75 93
19 51
77 111
38 120
16 98
43 184
72 133
28 166
76 130
22 39
63 159
67 164
163 176
35 79
57 106
92 193
43 64
169 186
76 168
106 175
3 70
74 157
87 155
60 83
22 152
84 145
11 18
56 83
128 141
53 148
134 189
10 96
176 177
100 132
14 32
12 161
9 122
22 123
59 152
17 24
44 167
93 150
15 81
53 193
125 200
34 117
112 159
9 171
69 89
57 148
63 130
132 147
108 119
1 10
90 109
69 125
29 197
90 145
13 172
108 139
178 196
100 110
41 156
26 116
132 148
83 135
25 66
22 81
9 30
27 60
6 64
96 109
6 104
59 132
80 104
88 160
34 97
124 192
8 145
146 191
123 148
40 74
5 71
108 114
93 164
73 84
175 191
25 125
20 182
159 192
130 179
9 46
28 155
28 113
17 162
73 183
111 179
77 130
67 102
170 171
69 178
156 177
140 189
87 92
44 136
107 118
49 106
44 84
5 56
27 103
19 123
147 185
145 186
86 149
67 123
180 186
59 74
46 49
101 181
17 189
26 60
26 190
61 198
15 56
40 152
79 83
50 93
93 113
124 189
192 200
5 74
3 70
28 158
101 146
12 76
43 195
133 200
141 192
66 91
32 90
152 175
198 200
72 173
80 193
91 175
146 183
53 174
114 185
172 200
133 141
50 83
95 165
103 164
1 29
113 151
64 161
6 90
10 94
26 164
10 81
58 86
21 32
190 195
61 182
16 88
41 134
27 34
133 149
75 94
37 188
118 171
14 49
54 113
168 171
61 102
130 146
65 169
63 66
74 88
23 31
56 77
29 131
77 78
46 64
64 183
26 73
88 147
85 185
48 169
43 173
4 186
31 166
59 77
22 124
76 165
31 85
191 198
91 158
94 102
138 198
23 118
63 145
67 151
6 6
143 178
55 173
84 176
172 178
111 186
37 45
95 139
97 159
24 170
69 107
156 165
70 161
33 197
116 157
72 107
105 182
50 106
63 102
85 191
88 160
24 37
37 51
9 93
20 186
36 189
73 98
52 148
57 91
47 92
16 48
64 142
20 93
2 122
9 180
29 104
36 101
139 189
49 123
54 111
51 85
150 188
25 128
143 192
58 196
86 174
8 30
70 169
8 28
4 7
82 115
26 108
10 128
41 145
69 179
36 44
50 191
73 95
126 135
145 169
100 113
145 161
12 185
114 148
78 81
26 95
32 190
164 195
45 171
94 109
25 124
8 81
80 139
35 66
70 138
52 158
75 168
17 192
33 73
43 128
32 77
127 171
102 150
78 80
19 67
35 137
93 128
100 152
137 155
28 173
76 163
89 104
91 94
92 190
9 106
142 159
149 180
162 171
77 193
3 152
22 179
82 139
136 193
6 109
7 33
113 124
10 45
121 140
128 151
29 141
39 159
110 147
115 193
35 41
31 188
68 200
80 113
108 160
45 188
118 196
16 67
76 96
124 176
89 133
7 97
159 179
43 130
3 16
68 183
18 170
25 113
23 195
35 116
33 149
167 179
74 154
106 189
33 106
75 145
72 136
136 179
113 162
31 119
56 88
118 140
41 80
35 120
145 187
47 176
88 153
18 27
70 147
5 67
18 63
54 70
159 196
65 131
10 23
157 180
31 133
26 55
30 98
123 175
2 115
14 53
84 143
34 132
127 194
23 138
122 128
6 75
47 50
69 137
105 129
106 188
59 140
30 127
39 159
9 187
37 199
64 71
36 167
37 41
16 76
15 186
92 104
130 178
99 141
28 72
34 162
135 158
70 190
64 73
58 100
98 177
10 43
12 176
1 132
39 171
61 70
98 108
2 5
121 180
23 165
5 164
137 181
38 150
40 76
90 104
15 140
128 188
13 49
33 77
166 194
54 128
8 57
24 77
50 179
73 171
6 193
108 108
60 168
155 199
21 102
49 65
44 140
86 121
101 178
131 170
160 186
9 24
147 157
45 65
41 171
13 167
25 155
68 172
115 127
115 198
58 144
62 161
135 165
80 182
44 127
40 60
86 113
108 183
78 124
51 107
105 157
28 161
86 181
11 100
59 150
50 106
8 19
29 181
123 187
21 115
30 119
84 172
27 120
18 186
87 105
118 142
91 175
27 69
29 57
40 175
46 59
158 162
170 179
88 101
133 146
76 197
9 48
126 128
68 168
24 25
36 198
106 127
2 53
17 19
38 154
89 191
40 193
114 184
79 156
103 128
26 85
106 181
94 148
61 153
113 199
28 151
45 195
45 106
98 140
19 180
1 194
23 47
56 102
60 72
131 177
17 145
11 198
103 119
73 122
107 137
135 166
42 53
41 169
80 95
20 185
84 174
103 179
10 112
42 129
27 178
45 195
154 186
61 111
32 68
35 104
42 189
47 141
166 196
63 131
33 143
68 102
135 180
105 137
46 178
90 196
61 118
15 85
33 154
134 198
1 177
177 187
3 32
29 167
123 183
76 166
104 148
14 194
67 131
41 76
92 192
76 90
51 60
37 61
160 164
93 184
2 21
150 185
107 119
6 183
22 26
25 178
40 152
117 133
115 147
125 184
12 137
165 195
3 184
90 160
62 106
84 188
7 95
14 144
57 139
95 148
70 187
50 97
44 70
31 149
39 50
114 151
43 137
150 173
127 139
4 95
106 129
14 86
107 150
20 130
32 38
110 154
50 172
70 129
135 163
117 132
93 188
5 132
84 163
82 111
53 166
116 184
127 181
11 166
86 165
160 170
24 38
18 65
187 198
1 2
1 103
75 155
77 186
19 112
145 183
100 107
15 165
2 111
76 186
74 147
97 147
93 134
19 137
36 160
41 155
81 147
3 101
39 102
15 132
53 99
59 193
15 198
145 160
57 170
164 176
84 141
118 134
1 3
98 103
197 200
4 7
10 49
72 167
41 89
159 192
72 168
113 170
8 105
119 122
42 98
163 194
112 164
24 185
156 159
61 157
31 139
45 68
143 195
46 63
69 171
104 128
33 58
20 30
162 165
45 200
24 135
32 135
148 196
94 176
78 125
90 162
67 152
184 199
8 147
67 115
158 168
100 163
6 146
178 178
49 119
72 165
34 156
2 35
28 59
62 153
23 133
44 80
16 62
4 60
49 148
7 125
45 187
61 140
4 126
120 131
157 176
139 194
25 108
170 181
96 148
29 69
126 162
33 35
138 141
124 172
9 91
63 179
78 100
2 22
39 127
95 171
44 48
157 197
68 153
90 123
6 175
139 183
41 98
59 160
35 194
4 88
74 164
13 113
103 106
29 68
158 162
13 148
24 28
43 89
74 198
28 76
86 135
4 87
96 141
46 193
57 157
64 89
43 138
20 192
50 120
155 163
18 80
27 59
73 170
50 153
57 183
11 128
100 169
2 21
23 167
40 147
12 104
89 90
11 50
35 170
53 95
84 89
120 141
20 30
69 123
152 152
10 168
134 183
84 133
32 110
43 48
17 161
96 124
3 163
99 197
14 109
29 129
5 120
55 126
114 139
30 137
24 148
34 49
102 151
50 59
24 108
146 164
56 134
23 130
102 185
104 132
36 89
16 177
13 58
127 178
75 163
77 159
28 117
53 115
76 185
100 135
109 115
6 147
77 123
168 174
21 80
52 147
41 103
9 109
76 136
74 105
6 63
70 180
17 48
36 129
87 158
40 153
142 181
77 134
44 192
35 111
24 48
70 86
27 161
37 154
62 90
12 116
68 87
79 88
92 117
142 160
30 156
23 133
166 166
153 198
54 165
130 177
1 108
19 174
186 190
59 114
73 117
15 125
11 101
42 167
119 152
150 172
115 167
131 135
3 4
15 178
17 126
11 166
82 163
72 100
80 100
17 99
36 121
27 59
8 65
29 31
44 120
110 169
104 128
101 133
110 188
16 48
97 154
138 173
67 88
121 151
125 131
25 82
25 150
9 44
96 199
46 116
78 86
97 109
58 131
31 90
19 56
29 43
42 138
28 164
39 106
127 127
29 100
69 127
108 173
162 183
46 120
81 141
50 178
94 168
130 182
72 158
31 56
20 123
56 131
64 188
3 26
34 193
67 79
13 170
190 199
11 68
5 125
83 101
49 74
48 189
18 60
18 168
5 168
15 197
101 171
10 120
68 87
79 119
10 184
162 164
21 67
21 188
114 189
7 107
116 116
113 160
32 135
168 195
54 186
102 170
8 142
8 149
127 128
45 86
31 129
48 151
23 113
25 123
149 155
62 99
124 133
2 172
46 104
95 164
31 52
94 198
69 93
19 150
117 188
81 96
113 136
151 152
30 81
27 78
14 26
79 176
95 159
2 123
94 147
55 172
7 56
70 87
141 165
67 97
15 163
9 70
40 98
25 141
154 177
100 182
27 196
98 161
21 180
53 84
128 157
111 153
81 198
81 131
105 155
39 105
51 129
142 151
26 75
40 51
32 151
12 186
108 186
97 166
9 50
3 72
128 154
12 97
79 113
40 72
105 146
84 138
37 140
41 142
81 164
51 143
96 165
105 166
91 145
105 137
88 127
7 9
79 89
64 99
56 97
56 101
11 25
109 190
11 144
51 162
24 128
87 130
88 199
48 180
138 149
10 87
115 130
135 148
39 165
49 110
110 169
22 86
161 170
160 199
58 171
9 185
142 187
55 80
84 137
31 86
96 108
14 170
34 144
194 198
37 157
27 180
36 93
7 146
68 168
168 189
119 145
50 186
10 43
105 129
106 185
100 122
35 125
21 150
14 113
165 188
29 139
38 106
31 89
50 193
92 127
35 139
20 199
80 110
59 97
23 130
96 163
12 137
80 158
47 184
98 194
31 188
108 157
115 144
15 186
21 183
21 102
70 173
7 184
11 168
35 119
36 171
49 187
49 169
28 121
42 86
109 200
1 9
75 138
71 119
12 80
64 75
106 186
66 166
126 193
66 166
178 189
116 131
43 200
101 140
67 153
11 109
101 136
167 191
113 163
72 193
168 200
102 182
44 96
67 179
126 195
13 64
40 103
78 85
154 160
15 26
98 138
52 133
85 145
26 42
1 159
125 133
82 198
53 104
111 196
104 199
50 98
70 169
36 118
105 106
62 76
23 66
145 195
73 171
85 124
50 123
51 81
111 137
1 98
76 124
47 187
57 199
108 137
37 175
84 113
58 124
104 176
27 123
51 174
121 197
13 195
130 158
1 169
15 183
94 187
75 116
151 158
33 175
127 140
139 143
24 128
24 90
6 95
102 119
19 179
80 104
58 120
21 79
59 193
33 128
30 51
24 199
14 196
116 136
77 140
77 133
142 168
122 190
61 148
3 173
155 182
78 137
129 198
20 70
86 112
38 38
51 186
48 84
30 91
97 197
150 179
159 163
137 138
17 166
6 16
43 126
24 80
97 192
36 106
100 173
141 170
71 106
37 109
48 183
9 198
107 128
22 195
140 143
121 127
75 155
56 147
49 99
38 116
7 139
127 194
107 164
18 139
107 196
143 149
113 138
54 194
113 178
168 171
86 167
62 191
16 60
126 130
41 186
24 186
72 113
37 65
3 175
114 141
59 91
2 37
33 43
75 155
73 108
68 160
27 40
53 101
36 124
55 141
128 162
133 178
74 81
2 64
60 138
28 129
64 91
43 174
117 142
60 146
55 79
9 196
65 164
46 88
160 195
100 132
32 119
24 94
54 121
7 153
63 117
28 45
120 128
62 178
115 127
14 25
111 179
22 67
25 88
3 90
44 114
110 121
49 134
19 100
152 192
57 130
25 131
34 185
1 3
141 144
49 193
57 166
78 174
30 35
66 78
130 180
189 191
17 68
82 125
111 149
111 167
47 100
96 145
38 108
143 191
34 133
8 173
35 111
24 111
49 192
73 102
30 70
128 175
28 51
14 20
48 188
109 191
3 119
58 58
134 181
29 186
52 148
82 100
77 178
85 147
85 90
156 177
47 71
21 162
161 195
8 53
82 91
2 11
52 124
64 145
22 119
32 132
22 88
109 187
80 88
5 51
98 149
37 38
63 81
58 181
1 80
108 165
84 184
103 140
50 97
84 124
152 156
53 85
60 140
23 189
92 177
133 151
119 135
20 147
80 128
3 131
128 168
195 199
17 30
73 183
19 142
94 188
38 41
42 187
112 176
49 167
74 134
76 118
20 101
77 169
94 149
43 115
135 147
55 101
22 79
83 174
109 142
40 135
175 194
22 57
60 171
27 171
41 123
46 110
185 188
21 159
48 139
66 148
107 136
77 94
54 197
55 86
138 150
30 136
136 137
36 106
4 190
8 17
47 106
75 111
38 61
92 112
47 73
2 188
69 153
148 148
118 185
15 164
47 148
75 122
11 27
44 157
67 97
9 171
48 52
19 42
47 78
86 152
53 66
137 144
182 193
13 145
116 158
86 166
35 47
58 185
43 107
89 171
50 142
139 189
37 163
55 198
45 57
98 122
116 137
22 160
149 191
42 105
42 53
52 184
198 198
66 78
104 137
2 113
117 199
114 194
33 174
73 158
47 84
102 149
122 169
69 115
185 193
22 118
63 137
121 138
12 164
33 100
34 112
102 128
9 86
73 183
65 77
22 130
21 187
12 37
114 162
6 29
19 180
14 25
6 105
24 106
112 130
35 48
40 191
163 179
71 133
174 184
142 150
27 187
40 64
148 148
143 198
3 162
41 69
44 64
21 135
66 198
152 190
151 166
36 104
36 70
75 152
12 47
142 197
20 178
117 138
42 88
54 107
61 103
68 128
29 107
12 69
32 123
153 158
115 142
64 95
74 108
70 149
176 187
80 89
42 134
94 104
149 161
5 6
136 178
57 148
36 123
172 197
115 126
61 103
56 133
53 115
21 46
16 139
77 132
26 114
93 150
79 87
147 186
93 109
162 166
26 39
136 154
98 176
127 199
185 187
97 123
19 149
134 155
96 136
139 157
144 172
30 121
50 195
84 184
98 155
8 62
97 140
6 160
128 162
143 171
55 96
51 145
19 38
50 197
118 135
108 186
85 131
173 192
81 102
81 84
94 177
168 182
65 159
104 165
66 147
34 140
30 42
75 170
54 92
43 122
96 185
143 154
89 103
175 194
46 112
12 164
13 26
1 153
51 188
22 111
8 94
43 121
93 164
74 183
118 121
108 178
17 54
93 126
71 129
16 20
78 138
36 139
128 196
15 142
105 154
131 138
13 192
32 168
57 159
132 176
50 70
16 153
71 127
28 66
117 164
95 112
30 130
20 121
59 103
27 72
159 168
139 146
94 186
41 139
95 128
179 181
64 156
77 83
113 194
104 182
150 170
5 183
33 116
109 145
92 198
1 9
132 164
151 158
15 47
48 114
35 117
63 100
89 110
144 171
69 90
42 70
126 140
61 128
2 131
114 153
173 176
34 143
71 110
15 57
28 30
45 151
101 164
37 59
6 35
85 196
105 121
130 153
19 69
104 159
155 196
120 161
49 152
34 147
22 47
33 117
10 106
66 128
19 24
121 133
125 170
111 152
101 138
162 166
41 121
30 48
72 159
41 158
66 114
29 93
49 61
59 63
39 197
159 173
30 151
36 100
131 178
25 40
106 151
23 108
7 148
132 164
125 188
113 116
111 197
99 191
104 147
21 177
51 110
15 48
48 186
1 200
53 114
24 110
105 169
92 195
153 195
60 100
3 140
87 165
60 147
52 135
88 161
4 74
53 183
18 58
145 187
67 150
47 192
24 180
120 164
1 21
167 168
3 151
152 168
170 198
108 169
23 32
122 146
124 183
12 158
155 156
72 144
153 197
103 146
154 156
165 179
79 150
25 153
21 108
115 181
96 102
34 153
129 173
13 100
49 98
21 61
1 35
137 141
40 56
24 164
3 24
58 144
82 105
15 129
15 116
50 199
144 146
44 76
93 122
76 172
96 157
92 166
6 55
137 141
88 181
61 167
104 120
6 93
98 109
169 191
104 177
57 111
52 70
21 135
70 105
104 141
78 185
69 143
22 26
93 196
38 183
90 96
80 182
124 185
13 152
17 39
74 129
2 55
102 147
93 112
38 85
104 124
62 109
53 119
106 144
2 152
137 179
181 195
51 61
119 163
187 187
8 156
59 107
38 199
97 179
178 183
29 44
161 177
27 91
32 97
4 22
93 119
51 155
33 91
113 134
38 44
79 80
16 68
162 180
178 199
56 155
54 65
97 134
114 155
4 70
66 154
34 149
103 161
35 46
37 85
107 108
93 160
80 116
86 147
34 117
76 99
93 130
102 189
43 101
91 133
22 104
8 29
71 77
123 179
23 193
39 49
50 190
87 157
4 160
16 140
93 156
177 187
6 69
21 80
36 125
3 7
67 158
52 140
77 96
110 158
38 185
31 49
52 139
165 195
46 72
67 106
115 165
83 150
28 184
79 154
21 51
71 156
16 100
89 199
130 200
35 184
152 169
49 148
99 125
176 196
172 192
161 195
96 161
73 190
123 124
187 200
120 177
82 174
164 170
76 196
29 126
20 102
171 176
7 151
81 112
114 197
170 193
33 66
74 153
34 99
13 119
140 171
103 183
69 106
17 149
1 94
22 49
145 171
98 181
62 77
137 179
41 146
10 31
160 171
41 179
156 160
131 154
73 98
84 94
16 185
82 186
22 138
93 158
80 118
25 174
26 33
6 71
13 138
25 142
56 174
1 101
53 89
66 181
54 146
99 144
158 166
19 194
189 200
24 96
16 146
78 106
58 160
39 128
181 192
14 115
119 192
94 111
44 159
37 170
17 107
22 63
52 139
57 170
132 186
35 62
99 109
49 93
177 199
11 158
6 40
72 160
60 80
106 189
46 193
78 159
29 98
85 106
115 149
97 184
41 99
65 102
50 57
18 160
22 69
80 137
48 159
34 187
137 152
6 101
32 156
7 58
94 198
113 141
37 128
25 90
9 35
70 181
4 28
5 139
77 200
150 183
98 151
99 116
86 178
70 77
42 142
32 127
41 146
163 200
69 193
96 182
98 174
40 123
28 126
49 81
106 114
164 198
77 168
48 92
129 168
57 94
3 66
74 140
56 139
84 111
121 164
144 199
47 115
42 145
87 196
31 44
89 158
31 119
50 70
69 169
120 188
60 135
37 182
96 196
18 76
22 178
102 115
111 132
98 132
58 118
73 170
118 176
46 171
11 70
73 94
30 57
18 140
41 115
29 189
66 101
53 95
99 107
11 120
125 186
14 96
10 113
5 154
23 77
131 154
114 148
149 182
132 199
184 196
15 178
112 152
81 135
139 191
97 167
69 107
81 88
165 177
60 151
78 90
148 169
55 156
4 166
24 178
7 11
29 157
104 118
7 46
105 114
29 193
14 172
9 92
7 146
168 173
77 139
4 19
17 124
14 21
130 153
31 161
121 177
43 103
3 179
104 166
59 130
117 137
14 66
187 187
101 179
51 171
31 152
39 137
91 184
83 127
51 173
65 108
12 74
58 107
25 106
52 152
9 178
35 45
131 184
10 115
64 198
27 102
72 107
21 29
42 59
66 81
26 61
99 115
126 161
111 192
175 197
101 186
75 142
50 158
33 178
75 85
171 188
138 186
80 86
169 188
70 184
89 200
42 130
4 160
121 135
31 141
28 50
45 138
32 57
138 184
103 191
85 115
41 152
20 82
69 99
21 48
69 182
90 90
7 184
18 108
101 171
78 128
8 67
81 180
12 24
23 158
46 62
65 164
69 113
28 145
76 176
174 175
136 170
151 166
28 40
35 90
20 77
13 78
68 142
71 157
149 199
21 184
35 149
128 176
181 189
132 161
73 164
23 83
33 106
101 137
39 143
80 113
176 181
135 171
2 65
7 32
26 193
79 93
61 78
54 143
9 72
9 62
10 120
99 183
102 137
85 181
48 116
15 190
96 104
34 37
62 143
134 143
23 35
70 119
112 160
48 103
29 123
90 103
2 77
102 178
13 196
133 198
117 185
58 192
9 74
13 197
103 116
45 77
49 100
94 111
34 174
75 113
9 110
86 126
34 113
151 200
140 187
21 78
12 45
54 124
72 149
104 147
139 193
57 195
133 145
96 127
156 166
28 182
66 150
41 156
96 134
39 157
113 115
90 97
109 155
35 56
123 131
65 183
107 170
13 36
150 179
149 186
23 126
21 183
61 190
13 19
67 94
126 149
80 195
147 151
84 198
116 178
46 144
49 133
90 134
105 119
158 188
66 178
154 160
64 153
110 121
160 182
194 197
18 66
53 170
144 195
1 157
12 184
9 12
22 134
9 94
139 147
55 128
144 194
122 199
31 132
11 95
50 105
85 167
76 113
38 109
102 107
105 142
49 71
67 157
142 166
71 200
13 96
136 170
98 153
76 179
77 143
106 116
148 169
74 116
79 148
57 124
95 162
61 186
89 148
46 54
69 194
70 186
133 150
2 73
4 137
65 116
34 42
63 172
125 170
83 147
25 121
171 190
142 194
111 189
4 160
8 85
96 172
151 170
46 98
6 54
6 51
65 139
31 176
91 145
82 156
3 22
52 134
97 159
174 181
85 142
91 185
74 120
139 148
128 146
110 194
19 116
45 163
115 174
106 146
95 169
102 190
171 185
61 161
46 173
107 121
90 200
84 88
5 181
146 174
84 102
5 143
173 177
157 171
33 138
31 83
121 149
68 169
136 164
64 143
100 125
4 65
32 50
68 151
54 77
132 179
78 105
99 180
105 191
74 175
40 75
136 161
139 154
3 43
41 102
82 131
10 98
108 135
34 145
170 171
85 121
4 46
101 152
149 185
15 93
42 124
102 156
1 44
71 164
36 153
13 91
10 94
84 131
151 184
70 177
62 197
70 131
46 192
164 190
130 133
6 191
133 139
131 149
112 170
49 90
47 64
11 96
29 170
97 138
51 92
14 67
102 195
23 118
38 55
10 30
3 139
42 171
28 107
26 144
52 121
37 40
9 14
94 170
86 176
24 66
49 61
18 117
18 172
105 112
116 135
16 105
13 156
41 61
64 88
72 114
21 177
96 101
80 97
77 197
89 125
123 162
148 148
27 123
194 194
64 153
26 124
31 164
149 170
106 191
32 188
48 91
161 175
49 56
142 175
9 150
89 135
17 170
20 172
92 144
160 189
183 194
25 94
99 128
87 149
129 142
51 176
31 151
53 149
103 160
38 136
135 184
111 153
3 20
75 146
25 65
123 147
26 64
69 129
29 30
20 159
43 46
138 162
72 200
8 77
130 149
5 152
51 148
131 179
73 82
27 61
9 53
91 191
188 191
80 116
40 91
24 168
21 155
70 77
25 199
52 140
12 189
91 146
144 160
34 118
33 34
34 111
148 182
17 67
123 146
35 127
105 183
138 169
69 197
111 132
146 197
1 164
37 83
51 63
45 69
11 78
20 182
107 177
58 184
82 101
134 167
23 185
42 157
45 154
71 168
141 143
75 143
65 90
63 166
112 183
2 8
25 87
15 151
39 69
91 93
20 62
42 182
21 153
24 35
72 198
84 98
31 54
38 151
27 136
17 21
47 187
9 36
89 99
139 198
31 161
31 182
1 2
14 137
77 83
57 96
70 147
16 142
127 171
12 190
104 196
143 178
75 78
145 198
9 125
48 107
6 191
10 78
116 182
56 75
20 80
80 131
64 73
135 171
56 80
4 182
45 116
22 111
133 165
49 139
89 132
38 143
17 69
24 66
134 155
2 119
24 197
100 131
26 115
163 198
40 153
66 176
46 175
56 186
22 163
31 156
10 173
15 160
117 118
87 146
132 197
108 128
64 195
25 145
130 140
57 88
134 144
60 194
98 181
83 111
81 198
126 176
103 151
4 142
151 200
157 184
27 102
37 190
65 125
4 31
22 65
116 153
84 107
35 133
20 157
141 158
70 113
62 200
17 134
28 49
48 195
21 132
13 15
122 164
52 127
48 92
77 144
123 123
71 160
85 86
88 146
119 181
43 135
111 119
129 145
95 183
40 136
161 181
17 136
17 82
18 69
21 66
4 10
12 107
101 161
32 85
56 145
11 64
56 64
1 49
162 199
82 182
187 198
44 180
93 119
39 167
126 196
48 185
45 103
132 133
67 93
2 114
51 97
137 179
84 88
145 159
81 148
90 177
87 129
93 187
42 99
82 161
122 193
36 193
18 26
86 185
17 159
32 107
66 118
138 170
121 128
1 29
76 183
58 84
42 147
54 163
122 164
47 140
11 134
12 78
100 131
3 147
14 84
85 140
1 175
36 69
67 183
36 88
5 119
34 160
76 93
60 145
30 39
6 109
62 153
100 197
152 185
76 170
21 94
114 161
1 154
96 103
63 94
102 176
42 187
10 12
74 199
138 165
36 170
57 79
83 118
53 117
153 170
90 180
56 64
65 171
20 109
48 162
11 126
71 145
83 104
148 159
16 30
174 179
66 176
63 65
26 125
63 152
104 197
13 30
55 140
27 47
22 67
5 58
34 143
67 192
99 197
42 123
11 60
20 164
11 118
75 88
49 171
127 184
10 127
133 178
26 120
34 35
50 165
18 90
51 91
135 181
109 136
8 144
49 63
18 38
39 176
59 108
131 191
180 196
95 120
35 82
7 107
141 199
120 180
1 118
30 46
132 147
73 126
140 169
57 97
70 162
12 23
18 22
112 144
75 82
88 107
74 167
9 176
94 99
2 12
32 40
147 188
76 79
20 104
58 130
161 188
56 99
52 129
133 158
66 178
67 195
8 94
83 112
115 195
133 135
49 114
92 99
110 177
60 65
102 167
32 107
12 176
7 169
27 175
60 178
99 110
17 138
30 169
74 142
37 112
37 154
42 113
56 99
111 189
80 196
114 176
79 89
117 183
37 198
6 51
119 171
91 140
42 97
101 188
106 107
133 191
51 67
16 19
157 186
72 120
82 147
179 180
5 191
171 183
38 134
15 183
11 70
45 176
79 146
15 176
54 155
187 187
23 173
43 100
35 189
55 91
37 157
163 189
46 168
163 178
49 163
180 190
25 69
181 186
29 121
34 152
4 135
29 195
71 100
87 165
39 59
5 171
69 109
66 108
20 181
16 200
108 158
48 164
7 136
70 200
13 163
109 160
111 168
23 65
19 100
129 180
33 146
12 83
191 193
23 29
104 172
144 166
107 147
126 142
110 133
2 87
133 173
75 95
37 132
116 141
125 142
107 171
34 68
81 182
2 103
10 39
57 127
12 63
99 121
7 182
68 192
58 148
24 179
68 72
138 172
92 124
57 151
6 172
50 126
109 190
59 200
92 99
102 125
108 124
58 81
146 160
5 50
139 173
96 175
4 120
102 161
112 133
5 56
19 47
100 135
21 111
130 168
28 114
101 198
108 166
39 104
35 189
26 146
77 110
77 184
168 194
75 125
85 104
7 200
34 182
139 197
57 182
93 112
23 159
6 43
57 93
129 171
75 131
77 167
151 157
65 148
32 125
6 102
141 183
149 181
108 168
62 82
67 106
94 125
10 137
142 168
45 96
48 122
145 185
126 158
10 69
109 177
27 134
1 124
50 81
104 188
26 66
113 179
101 198
2 155
91 196
77 152
117 154
84 91
130 154
29 100
114 136
77 183
147 179
21 53
80 191
53 172
41 133
23 110
11 56
113 127
38 168
33 185
118 184
144 197
26 181
133 185
71 112
27 121
40 46
43 130
8 14
43 87
87 110
159 189
60 68
10 169
64 115
135 197
2 96
12 92
44 54
94 133
40 117
128 130
41 102
113 137
74 185
112 147
3 139
100 172
56 102
2 129
37 186
143 151
15 63
1 118
21 188
95 156
41 104
96 145
32 53
43 76
95 114
10 96
145 157
105 175
11 182
91 126
41 172
162 187
96 107
75 195
151 167
73 136
13 67
161 188
90 123
74 118
61 123
87 182
99 164
53 103
170 188
28 191
11 150
112 156
107 135
58 77
78 137
7 164
66 186
41 127
111 194
123 141
120 121
13 33
109 185
41 66
79 187
80 83
10 83
112 193
191 197
115 188
22 30
101 190
59 187
49 184
50 192
86 199
20 173
33 66
41 56
45 62
1 166
179 185
81 183
78 89
96 103
46 164
18 42
18 122
52 142
1 186
55 91
105 189
140 181
67 81
22 105
95 194
75 111
9 161
105 170
29 89
41 184
5 85
64 89
85 179
114 162
35 180
80 166
52 183
110 155
26 113
148 200
178 193
105 135
62 194
144 174
4 134
80 199
38 49
62 91
51 98
79 129
122 171
29 82
127 152
10 197
85 185
39 91
25 149
101 103
21 129
127 131
20 98
81 128
84 199
79 126
64 109
63 178
16 46
157 177
163 194
13 89
102 138
83 173
39 40
21 73
62 189
9 88
66 200
12 132
154 168
105 181
107 159
75 79
10 27
78 143
171 175
14 151
11 133
26 189
53 194
104 153
15 149
138 198
153 170
95 150
42 122
84 137
105 179
108 192
64 108
15 143
26 53
66 97
143 179
139 194
69 74
108 140
169 193
3 83
138 173
147 183
58 169
8 153
165 180
9 56
80 167
7 63
103 104
13 34
153 195
72 97
170 187
5 103
58 132
35 198
54 109
93 186
68 181
53 164
78 196
17 115
118 170
33 37
75 91
79 189
180 183
124 128
50 112
53 119
52 88
99 110
96 123
83 131
25 132
150 184
123 164
8 185
46 50
123 196
74 83
95 137
22 186
96 161
4 98
154 196
103 164
93 161
87 192
85 159
3 77
76 85
23 33
98 102
32 176
153 187
29 57
176 178
58 159
19 124
27 66
40 138
89 151
8 56
34 141
117 153
58 117
107 200
33 88
144 184
8 125
17 89
60 102
67 80
167 175
168 187
58 69
90 186
10 114
93 146
38 111
7 102
82 175
7 114
82 85
74 88
78 129
59 102
68 103
2 97
64 147
126 164
87 162
47 172
56 104
33 101
39 51
43 107
162 182
29 57
65 141
103 175
1 108
153 181
20 74
121 180
97 99
95 114
64 192
117 117
16 52
56 135
115 196
75 135
108 118
137 160
25 89
59 106
22 29
26 52
115 197
21 73
44 121
10 146
66 181
12 194
138 199
47 188
57 178
38 73
21 51
74 134
29 156
51 131
2 30
9 53
30 186
156 183
118 200
19 84
46 50
65 91
99 109
59 192
96 115
40 42
3 5
55 186
65 200
116 169
3 137
79 126
148 177
48 128
58 200
67 198
12 15
156 166
52 140
11 75
48 117
28 193
88 89
36 69
105 192
22 104
85 92
51 190
61 119
89 102
131 188
144 185
105 158
22 53
59 173
102 175
47 68
70 125
78 180
142 169
35 137
142 153
70 100
12 23
24 103
111 193
15 178
126 126
182 199
15 60
32 59
59 115
80 93
25 130
35 84
51 151
10 51
116 148
147 184
34 146
27 106
115 121
114 158
43 168
5 166
5 151
94 192
51 185
13 173
20 44
32 157
23 45
96 175
147 185
2 190
139 149
117 184
104 130
2 94
132 155
19 43
33 180
138 198
3 4
18 49
15 91
139 176
26 143
107 155
38 67
161 168
151 174
65 168
141 165
164 182
97 122
48 133
79 115
1 40
91 131
180 188
23 52
110 117
44 140
140 159
58 178
34 117
1 108
165 189
64 128
21 82
32 50
38 103
121 167
21 80
17 66
139 156
92 163
66 162
64 195
33 66
90 95
111 155
77 186
3 40
99 183
86 184
29 182
41 184
43 149
24 93
62 135
12 131
102 140
76 86
55 179
179 196
53 163
107 138
76 194
62 117
66 132
164 178
13 103
64 150
94 119
25 119
7 128
56 148
138 180
122 134
8 187
64 142
38 179
117 189
31 114
61 163
106 144
9 179
188 188
19 168
102 119
88 91
20 96
83 166
75 193
158 190
108 141
28 150
74 177
48 65
100 126
74 196
23 130
72 150
16 32
96 127
25 138
60 66
18 188
106 130
9 141
3 127
4 198
155 197
74 200
20 188
13 141
137 197
116 118
137 182
9 176
39 148
58 179
30 105
13 177
102 110
53 74
121 126
153 192
122 192
30 176
44 71
41 122
43 176
89 117
47 128
137 176
123 187
45 136
68 92
59 144
49 53
97 107
15 186
53 159
3 103
15 113
21 96
147 165
1 193
43 131
27 192
26 140
101 158
76 121
13 115
12 64
13 139
156 163
77 116
6 117
30 106
43 194
70 159
34 49
110 175
18 107
106 165
96 141
99 144
134 189
48 79
48 127
55 144
18 44
72 132
151 154
149 178
48 200
100 130
40 41
8 65
96 158
3 45
100 106
108 128
123 156
4 166
34 171
84 89
47 169
126 136
17 156
163 198
46 171
40 166
43 70
34 196
88 170
83 131
74 131
94 99
24 192
52 175
126 144
125 129
20 181
47 154
26 72
135 159
1 67
57 185
13 73
61 167
7 70
72 137
8 81
36 125
119 177
72 184
184 195
28 196
2 57
28 155
55 70
94 195
133 200
183 190
71 175
95 153
12 61
146 196
27 185
58 157
2 34
26 120
102 158
117 127
63 130
96 135
64 174
41 88
3 195
81 114
59 158
103 154
34 50
16 186
180 197
91 198
69 88
7 160
56 96
70 188
41 106
14 123
103 153
125 196
22 55
30 44
88 179
100 107
41 91
81 155
13 165
130 137
2 4
16 107
54 122
105 105
124 161
153 195
3 71
126 189
33 103
10 65
148 179
19 94
3 60
120 163
21 51
84 152
84 108
91 157
106 112
19 31
33 181
173 194
14 154
58 76
113 164
14 121
36 169
103 153
5 38
111 164
84 142
24 36
117 175
110 140
111 130
32 142
33 85
63 72
5 50
65 96
129 198
62 112
132 171
89 154
95 146
149 192
31 137
84 122
119 159
40 61
12 108
34 92
84 200
8 10
9 70
20 119
30 51
109 151
79 160
110 128
133 168
66 190
65 123
103 181
156 191
86 114
152 200
157 196
23 33
157 181
30 96
7 87
91 108
93 132
48 152
76 193
112 117
1 115
145 188
21 158
118 126
20 142
6 148
24 193
18 108
117 187
103 133
33 80
8 63
25 46
46 49
30 170
23 137
122 122
81 101
104 105
1 37
66 149
130 169
127 143
2 151
2 29
6 47
1 193
56 109
102 139
29 71
93 151
113 152
90 152
20 121
64 185
165 178
56 63
20 192
71 157
129 175
91 109
81 173
10 84
40 62
119 153
75 154
33 200
122 124
87 143
120 134
10 75
65 145
98 188
57 154
94 136
1 155
20 173
127 142
123 196
117 161
73 169
15 124
29 177
14 176
50 166
25 55
66 184
3 52
21 172
78 159
48 116
61 170
14 173
106 111
9 114
130 197
3 160
29 132
55 116
140 182
79 126
2 104
101 124
122 158
80 123
127 148
20 110
67 147
100 158
80 102
23 177
130 174
32 36
34 116
178 187
84 200
145 149
162 191
38 136
73 189
195 198
164 169
81 131
134 157
66 146
90 198
8 24
141 193
40 118
39 120
77 132
121 180
72 162
55 126
82 196
112 116
32 178
142 174
111 144
11 64
170 198
74 157
81 96
9 164
28 60
25 71
22 50
156 174
55 136
30 144
26 103
10 77
40 166
83 96
81 156
106 189
114 185
66 124
49 86
77 128
86 87
28 162
18 36
8 134
36 131
139 176
60 187
63 111
136 180
121 187
30 66
70 128
22 182
124 167
22 24
72 134
70 145
136 199
26 59
20 91
25 174
110 152
137 150
53 185
101 142
22 125
51 66
66 168
39 166
4 163
48 102
36 189
22 84
22 61
40 191
11 85
2 133
2 72
35 122
80 91
88 123
148 188
148 172
55 123
54 164
66 148
48 116
130 166
21 38
93 164
31 182
86 112
23 114
118 191
9 35
4 149
106 152
47 77
63 169
38 112
152 176
25 63
38 69
79 109
4 74
30 51
9 142
50 99
53 191
99 176
173 199
9 170
24 40
1 108
77 138
49 157
53 70
18 178
88 134
81 105
53 179
21 128
14 125
17 99
43 195
130 164
85 190
115 154
57 121
95 150
46 158
9 190
10 16
61 91
106 200
52 105
77 91
36 151
23 103
21 47
57 141
69 199
22 23
112 180
6 128
79 137
72 112
8 42
177 185
55 60
123 158
1 186
7 78
57 72
31 77
57 193
41 147
139 190
103 189
68 117
21 141
55 171
50 179
36 166
165 192
159 179
45 62
5 39
24 141
33 89
19 185
122 189
150 169
115 161
14 144
85 177
39 114
88 147
18 66
96 194
43 188
39 92
39 109
82 165
125 181
121 169
140 177
11 128
11 50
8 35
44 154
110 173
55 77
175 182
62 184
19 130
104 198
37 87
69 155
94 111
24 63
29 123
65 119
131 141
58 162
91 177
141 166
41 76
30 173
62 112
18 117
150 193
26 149
10 194
108 140
82 124
21 158
96 181
119 149
2 131
105 182
72 115
12 142
63 126
5 144
100 150
98 198
56 144
59 82
100 122
103 116
28 188
156 171
53 143
14 186
195 196
18 134
15 114
15 33
120 195
101 114
31 163
12 54
1 66
56 157
48 59
20 161
12 51
94 181
16 97
161 163
14 83
6 181
99 182
3 62
90 185
41 105
37 52
109 150
117 195
110 189
85 199
33 54
34 47
30 57
104 170
70 193
106 162
73 104
13 142
38 192
99 136
15 46
27 40
136 150
155 160
73 196
47 151
42 195
43 149
156 189
143 155
140 198
33 184
14 89
22 175
5 174
175 198
61 137
62 195
153 191
71 118
70 96
4 80
180 187
146 162
180 198
157 194
80 144
122 141
90 150
29 132
131 168
77 137
135 165
102 190
79 131
110 167
48 148
45 120
74 85
111 185
15 86
54 81
90 113
70 148
76 155
30 50
63 81
123 169
22 185
37 43
91 197
85 193
63 70
97 136
7 67
15 164
126 197
12 131
56 104
66 149
42 65
42 163
191 196
81 107
152 167
102 131
33 34
167 191
140 161
65 196
56 185
108 179
13 49
5 42
90 133
132 134
118 162
49 65
3 65
69 161
37 73
195 196
13 172
2 23
71 181
100 115
68 183
110 139
62 138
102 188
46 48
16 49
86 88
92 138
30 130
2 62
5 9
1 57
54 64
80 113
150 182
17 137
59 80
24 80
40 63
82 192
14 82
35 67
79 104
37 105
132 138
102 160
154 182
25 194
98 154
22 73
51 171
35 124
44 184
26 124
136 146
100 177
23 191
114 126
112 134
49 129
84 197
88 107
106 152
38 91
65 86
25 124
1 130
76 164
12 77
162 186
94 160
92 98
32 38
155 193
69 156
37 62
61 170
74 124
17 98
45 144
68 107
124 132
94 198
136 165
115 174
119 146
195 198
22 175
63 128
34 162
86 185
5 187
161 195
68 137
6 191
46 164
104 110
152 194
103 157
63 190
142 155
68 106
136 140
36 194
98 131
127 135
66 170
5 96
137 164
3 99
54 126
98 141
27 42
136 198
40 139
68 141
96 121
124 148
47 74
76 108
90 188
15 199
143 169
36 165
98 187
110 189
114 161
29 116
57 105
148 148
26 162
12 26
26 126
106 147
24 75
94 149
16 82
51 171
106 191
6 149
138 172
45 123
19 41
90 132
94 145
54 63
20 111
71 110
12 100
10 22
84 120
84 183
149 166
50 80
98 100
37 165
87 110
121 146
5 54
36 103
22 137
116 125
104 138
71 160
58 70
124 163
41 193
55 61
2 61
21 70
34 168
14 60
15 145
107 191
23 180
19 150
169 173
31 98
60 113
23 130
40 118
156 158
139 158
80 116
4 56
159 181
117 126
163 195
126 165
53 64
45 76
76 94
80 159
182 193
49 195
97 104
117 129
94 126
8 107
105 113
12 68
39 197
18 199
88 154
123 126
113 146
47 194
19 200
92 92
152 187
43 167
83 90
42 111
102 115
77 90
27 106
99 100
39 96
54 154
68 182
26 146
12 100
120 151
13 106
19 200
75 177
24 39
13 122
19 80
131 161
4 22
83 151
30 150
129 133
35 75
25 177
66 73
30 135
41 191
138 190
70 141
75 183
141 144
77 106
129 167
147 163
30 91
79 185
115 191
18 87
7 10
100 134
130 179
103 134
30 60
30 75
58 148
13 137
53 198
80 160
28 177
148 181
19 160
10 150
88 187
158 194
21 154
36 124
35 138
35 35
10 173
34 163
34 121
101 133
39 55
116 197
31 179
83 171
87 176
57 125
159 195
108 148
25 194
174 195
119 136
79 154
7 148
106 167
27 66
44 67
25 142
37 95
129 185
20 82
3 147
72 191
16 104
22 114
63 119
145 157
118 123
54 170
143 150
28 35
125 138
89 96
40 141
156 176
86 166
3 30
120 170
6 175
59 192
191 198
57 65
11 106
39 188
9 174
67 92
78 135
101 162
20 44
69 104
7 146
128 150
70 114
137 169
69 170
52 71
55 191
39 141
105 158
30 45
23 185
177 200
11 43
31 150
11 29
35 44
27 73
124 171
92 93
11 166
13 54
17 35
15 131
90 103
28 124
92 96
5 174
96 186
90 190
169 174
182 186
42 82
60 66
39 191
127 192
44 133
30 85
16 91
123 124
15 144
15 30
167 200
75 102
1 123
144 159
158 162
22 33
16 160
184 200
104 163
51 94
1 134
73 135
123 146
92 126
19 66
168 195
103 160
86 102
90 168
107 139
29 116
47 103
20 37
103 138
28 161
94 117
22 110
173 178
46 118
44 63
136 184
28 126
185 193
136 145
40 165
19 134
137 199
10 34
71 159
46 184
10 23
69 121
163 164
164 191
95 183
125 136
12 174
34 127
5 166
18 90
82 199
26 147
6 182
28 95
6 200
49 152
22 194
118 143
12 118
49 50
131 179
39 169
92 187
15 86
57 108
17 105
99 142
152 185
83 114
12 194
132 143
62 91
74 198
148 181
7 11
10 123
57 131
75 111
10 71
103 140
12 191
10 91
35 109
89 135
82 149
134 190
58 106
14 97
72 80
66 73
27 55
76 156
65 179
3 42
54 123
75 154
27 134
40 42
59 172
44 81
97 182
27 127
68 97
125 187
50 140
38 84
177 185
76 144
111 178
43 110
34 198
91 91
54 136
62 67
184 200
49 178
69 195
127 132
108 124
85 146
10 152
15 76
109 154
68 117
92 167
116 184
20 42
14 120
177 181
23 194
14 135
76 136
6 190
132 189
93 168
160 168
55 82
47 127
28 184
80 136
9 72
124 132
21 136
46 74
127 181
62 159
29 109
66 167
16 65
69 183
41 136
39 133
156 175
18 159
53 158
59 176
71 123
77 199
58 78
3 188
33 94
4 83
10 50
17 136
41 103
8 25
44 60
120 143
167 169
43 61
158 186
141 147
94 175
148 183
92 160
24 120
40 151
91 188
57 93
123 151
99 159
189 190
47 65
38 47
147 165
78 158
27 28
15 144
83 147
68 132
28 90
26 156
47 185
152 170
82 200
21 134
105 107
15 56
61 65
10 54
77 143
61 104
3 22
57 189
4 43
48 167
104 168
109 199
95 142
87 101
16 26
62 116
50 65
33 53
11 196
80 173
48 61
21 111
155 167
102 173
87 197
65 69
37 148
37 155
24 75
95 160
104 143
91 115
80 197
41 76
22 144
146 172
125 196
27 89
64 151
120 163
66 124
27 57
63 102
17 148
124 172
76 115
84 135
83 141
85 199
139 166
85 157
144 193
81 130
40 143
165 177
65 119
70 125
9 155
36 159
15 131
33 77
88 151
23 36
124 169
104 175
30 37
67 183
147 161
94 157
20 64
31 83
19 99
87 129
25 130
34 134
181 194
105 200
43 108
105 166
6 10
168 181
131 135
57 161
75 162
26 137
89 148
97 188
67 128
14 116
108 168
24 75
13 118
133 156
81 120
99 185
90 142
125 138
69 162
51 157
104 156
23 53
18 44
60 88
154 156
39 67
110 187
147 156
35 117
78 100
47 55
49 161
17 156
58 125
12 114
36 170
45 87
89 187
14 129
108 126
21 111
43 167
92 144
30 162
38 80
51 150
9 76
71 80
149 181
85 127
11 69
36 92
18 29
3 183
95 122
124 190
9 56
70 109
9 128
18 37
28 153
11 144
131 191
135 168
28 67
92 104
140 183
78 116
149 184
89 97
165 189
55 93
136 185
140 142
71 120
21 176
75 133
151 179
125 181
74 116
19 80
95 185
41 52
37 112
33 123
18 183
46 57
2 83
3 18
150 150
17 95
33 91
67 69
18 161
159 174
85 113
16 127
146 159
18 166
57 184
56 131
175 185
33 120
17 178
58 161
32 74
161 198
91 128
184 196
25 39
62 99
19 175
10 153
8 126
52 186
49 69
14 110
154 195
52 190
7 165
12 175
27 171
50 66
148 152
128 182
149 151
7 156
14 18
134 193
138 181
83 154
182 183
72 160
39 119
160 198
64 171
137 169
6 193
56 97
102 144
96 197
43 101
22 172
29 47
115 170
92 165
78 178
70 148
20 62
138 150
162 165
34 65
37 61
68 123
117 124
96 123
16 55
64 68
101 152
10 43
115 195
81 108
6 45
113 184
10 145
88 124
2 174
115 176
98 167
69 129
38 197
56 186
103 146
157 190
55 186
92 199
59 62
34 125
69 181
19 177
111 184
129 146
16 165
27 198
116 146
69 107
59 187
21 103
45 90
136 176
6 74
35 130
23 104
13 110
104 175
33 136
34 187
56 183
62 160
108 177
18 118
27 103
14 120
103 163
21 177
49 187
35 48
8 83
5 147
70 103
116 166
68 98
135 159
137 163
103 125
76 119
18 123
1 75
29 101
50 196
24 177
37 60
7 79
27 176
115 120
111 180
52 53
52 113
102 173
135 182
160 173
28 47
25 70
33 44
21 99
31 83
116 150
70 186
129 137
32 46
132 151
97 117
66 108
157 199
54 70
161 187
1 92
52 93
144 155
10 12
92 152
140 164
62 140
40 197
69 134
20 145
71 194
146 196
16 150
66 110
72 159
25 29
109 124
1 184
14 39
124 171
183 185
87 193
10 181
89 151
93 165
153 198
13 62
45 138
68 118
5 19
144 190
23 29
10 188
78 198
34 199
73 104
50 187
24 117
195 197
65 116
128 195
39 125
92 139
4 87
62 181
45 181
16 64
57 65
117 141
112 192
78 95
123 172
89 147
115 179
69 133
27 168
156 183
148 181
91 124
90 94
27 150
17 183
3 80
135 176
86 112
113 168
92 102
125 187
92 152
75 106
31 181
23 182
76 158
140 141
29 58
39 85
55 75
100 198
57 173
135 200
10 162
40 162
48 165
26 103
9 114
32 152
27 35
32 166
30 108
21 141
135 187
17 181
32 33
94 95
89 104
117 137
14 48
103 183
35 50
69 181
49 108
5 73
54 93
134 144
114 140
87 115
5 78
7 179
26 136
54 198
58 198
78 161
13 81
147 179
5 173
27 163
114 191
51 104
26 104
21 168
90 192
120 194
50 95
122 153
51 159
3 33
126 161
30 121
7 197
106 161
5 121
49 135
49 63
53 62
42 76
180 191
7 191
55 176
187 198
140 146
97 105
76 168
111 141
82 154
11 117
53 131
2 46
18 149
10 152
36 96
99 162
137 168
80 181
130 145
35 52
25 108
14 67
5 130
52 114
95 158
81 177
71 115
64 73
26 68
41 46
36 88
28 76
39 180
77 149
83 152
54 187
83 97
72 186
33 126
52 147
56 153
75 148
9 140
65 104
88 115
66 154
120 175
37 170
69 130
39 140
84 189
45 102
20 125
78 185
108 172
31 144
174 179
48 129
99 155
95 136
71 164
135 151
22 159
139 148
38 52
16 98
85 194
103 129
34 189
92 99
3 88
43 182
143 181
57 110
34 179
134 138
39 83
123 136
119 196
46 187
83 174
109 148
58 85
65 150
8 153
165 182
102 190
95 164
21 65
24 92
64 170
57 57
84 199
106 137
42 117
176 186
33 162
37 116
54 148
54 179
157 198
31 144
65 135
49 111
123 125
116 131
82 164
16 85
57 147
53 194
4 180
23 195
153 192
20 24
42 124
26 31
153 198
30 128
1 12
12 45
37 122
47 187
24 191
21 152
116 120
28 34
48 143
118 155
84 191
19 81
20 183
79 181
16 164
52 98
89 133
8 79
26 150
50 56
127 192
56 132
71 144
108 179
100 107
2 43
21 33
155 197
74 140
27 194
141 156
52 55
12 36
87 150
94 178
120 134
111 186
86 153
43 199
68 115
29 48
34 68
61 162
124 150
102 116
35 186
178 200
71 102
94 129
85 197
22 58
29 72
22 167
38 144
95 200
58 136
168 169
52 153
80 136
4 163
161 165
46 111
20 113
130 148
3 81
83 116
41 52
92 147
73 108
31 191
77 166
144 149
88 148
11 143
95 97
77 132
156 177
6 189
8 47
17 176
44 189
50 107
129 171
48 135
11 15
18 146
17 36
18 41
3 195
109 147
57 147
53 179
122 177
60 102
12 118
154 166
59 200
86 113
19 136
120 143
174 185
39 153
50 194
121 186
46 132
92 149
86 95
23 94
107 172
62 143
97 153
74 132
173 199
123 152
78 183
81 155
132 195
108 154
102 144
73 161
77 122
19 25
95 114
3 158
58 106
39 142
109 143
34 48
62 142
104 139
71 133
52 122
6 7
52 71
102 110
67 194
132 192
107 146
6 189
115 170
61 103
130 186
62 137
121 184
175 193
184 195
27 189
144 188
146 193
76 156
32 129
68 143
21 115
77 100
87 104
83 187
13 105
91 151
120 177
21 191
10 124
49 70
60 139
25 46
106 177
127 170
107 149
82 92
16 123
164 164
11 175
46 92
83 124
75 176
75 110
7 153
3 200
106 133
109 167
87 162
133 174
73 84
126 163
186 199
71 187
90 199
29 187
188 199
60 123
88 153
48 90
79 193
9 52
71 169
39 67
94 184
102 194
37 44
106 153
49 121
145 149
82 141
134 195
28 76
168 180
64 157
29 40
103 189
97 146
97 169
67 88
68 128
21 162
11 108
106 154
156 188
54 95
47 171
110 125
145 163
48 70
26 40
82 106
22 195
58 62
135 178
144 145
12 179
34 178
12 89
101 102
13 118
22 194
19 31
16 34
130 187
83 198
175 192
34 192
51 112
65 179
9 130
87 123
81 167
76 103
83 163
37 120
20 55
12 179
44 117
135 192
89 99
13 144
104 194
169 175
134 181
25 144
117 160
72 135
106 131
80 172
32 171
74 168
103 183
72 178
84 197
121 130
28 48
143 192
31 96
49 112
1 146
8 30
117 199
31 128
32 124
46 67
102 146
128 179
134 170
113 171
129 152
80 200
161 163
104 123
32 176
62 124
141 190
9 87
72 166
64 96
48 125
68 97
28 157
54 198
153 187
27 141
103 195
169 193
6 81
94 127
93 99
13 182
168 199
91 138
115 199
69 72
71 162
145 175
28 125
140 183
101 137
109 114
83 154
26 31
24 128
16 119
36 116
115 195
31 140
10 74
5 143
104 166
106 130
101 149
58 87
67 150
59 113
33 106
184 199
62 114
70 86
47 58
112 122
100 145
20 143
33 39
55 200
103 187
63 186
105 196
82 139
73 81
137 145
48 86
41 59
22 150
183 199
32 44
147 200
93 136
96 100
25 157
15 59
74 86
3 77
72 154
126 129
13 123
48 127
17 198
87 114
180 187
59 85
67 100
54 199
109 125
128 165
27 33
25 88
32 173
14 30
40 53
88 108
38 50
23 36
176 192
20 53
50 158
5 123
177 195
81 178
10 45
140 160
141 147
42 140
8 78
21 193
24 187
85 167
8 188
10 117
111 176
49 181
53 141
40 143
28 39
4 181
55 185
181 186
124 153
60 101
115 128
68 174
138 141
66 178
31 38
30 116
12 84
34 193
171 180
76 164
143 164
89 189
116 168
21 137
59 146
173 183
91 154
97 175
121 133
69 84
42 187
169 180
125 197
53 151
44 143
88 116
47 74
40 52
56 145
91 192
47 197
72 172
144 200
82 167
25 190
53 175
4 188
121 130
15 152
188 190
104 127
5 24
18 79
8 157
36 160
101 107
133 155
62 156
1 158
133 163
66 181
67 93
56 125
137 143
54 188
67 150
54 104
15 27
110 184
23 163
22 196
128 158
45 171
20 33
67 112
84 172
33 155
10 51
152 160
3 35
52 101
132 199
63 195
11 169
6 181
106 147
18 88
18 174
71 174
38 197
19 79
36 165
68 186
80 134
79 111
50 67
5 135
14 128
71 131
18 73
77 97
86 159
30 157
33 200
104 153
107 125
5 162
86 140
29 33
107 120
64 172
6 138
147 179
31 145
19 199
32 183
164 194
5 197
56 143
78 146
66 147
11 199
129 170
90 190
15 31
54 172
14 55
15 124
1 62
19 24
36 191
133 141
63 197
107 154
47 125
80 121
50 65
9 92
91 113
129 144
86 112
44 60
145 162
35 55
104 183
36 171
141 198
1 92
106 143
89 156
1 174
29 102
35 125
42 189
107 149
64 173
95 187
10 121
23 145
17 173
1 120
2 124
13 118
11 135
62 111
187 195
49 50
28 84
4 147
22 189
39 68
139 150
1 20
20 39
5 171
67 188
42 97
19 139
137 163
105 122
17 116
14 66
31 193
34 48
104 179
27 183
31 196
21 50
72 95
29 46
164 179
138 166
79 132
3 146
52 108
13 184
51 162
119 160
176 186
56 119
4 35
125 158
107 112
161 168
39 56
127 170
88 125
26 156
55 173
41 92
51 65
46 130
42 137
69 105
154 155
97 142
143 196
177 188
136 196
100 168
75 118
42 66
45 155
118 119
80 122
101 186
71 146
119 150
139 193
69 155
6 79
68 104
4 40
112 176
53 79
2 111
100 160
88 94
134 164
90 162
189 194
157 174
137 173
25 146
163 170
113 186
72 118
172 181
27 28
54 194
165 179
149 158
26 117
73 191
43 106
38 122
15 157
100 197
31 152
15 137
36 178
4 7
64 117
56 77
20 34
33 156
23 79
113 193
2 13
86 132
100 157
56 114
31 159
100 158
52 119
68 86
103 188
72 127
69 168
32 180
153 192
87 172
55 182
65 109
6 67
30 166
46 187
18 101
4 100
22 122
27 191
121 147
9 141
73 95
54 89
4 73
11 64
21 145
28 45
9 170
4 53
49 114
153 192
20 65
98 165
62 198
52 83
24 29
32 104
22 165
41 112
25 84
36 155
66 197
17 199
17 17
9 192
78 85
8 76
8 70
29 73
109 144
21 152
13 166
76 173
128 196
31 32
83 137
165 170
68 198
36 56
127 169
45 142
76 171
76 114
49 52
127 187
57 172
2 105
105 108
149 175
61 76
86 129
83 103
99 186
32 134
47 70
101 102
150 180
105 169
127 149
125 164
29 142
38 120
42 184
121 160
52 157
84 130
60 74
2 167
99 195
12 125
32 107
80 121
75 163
43 82
42 141
19 127
79 168
149 172
25 91
73 168
1 123
67 147
30 39
1 137
10 26
50 126
70 106
107 198
120 174
9 59
6 174
158 198
103 177
50 106
18 151
33 108
13 157
194 197
48 73
87 152
144 150
143 178
57 171
151 181
72 163
89 195
66 88
1 76
13 92
125 130
18 161
31 131
38 158
6 159
176 197
20 183
127 138
53 144
76 103
68 183
29 97
45 122
97 148
43 185
133 151
52 127
53 158
2 118
130 187
35 194
77 199
23 186
78 142
54 61
141 155
120 176
38 142
30 168
21 192
33 142
42 188
6 195
94 105
91 142
83 96
48 65
36 123
53 144
76 182
103 114
93 160
122 197
33 71
42 130
111 138
54 87
139 193
70 150
140 144
89 94
6 109
11 130
106 121
43 135
52 67
55 113
86 184
105 123
24 130
159 199
25 171
4 158
109 186
27 109
94 152
135 138
1 34
164 187
38 163
2 154
71 196
68 141
49 152
71 156
177 183
134 157
4 19
169 197
138 179
130 142
62 184
157 190
57 164
68 136
146 175
30 124
76 120
60 87
32 123
50 112
153 156
76 182
74 135
115 172
46 174
167 194
98 164
103 154
113 172
5 68
79 138
128 176
70 176
19 87
98 132
15 139
2 195
104 144
72 125
80 118
21 172
75 180
1 137
88 131
41 72
129 187
128 185
79 110
62 160
179 180
73 99
107 178
41 193
25 158
9 39
46 186
15 146
11 73
106 194
149 198
51 97
150 157
106 183
53 185
114 190
161 171
168 189
9 32
28 109
165 197
134 178
15 184
155 161
67 182
85 87
118 184
129 136
65 128
76 112
57 200
17 180
164 197
36 48
54 107
91 159
90 170
50 138
36 177
189 191
107 153
7 122
5 74
19 67
27 173
133 136
166 180
76 169
62 136
139 160
34 81
13 113
181 184
125 167
19 46
22 110
101 175
48 176
41 111
35 88
51 168
75 172
149 153
119 173
39 181
102 168
30 142
94 112
161 177
47 107
163 194
60 176
10 122
94 133
98 105
22 127
81 111
41 156
65 115
16 121
12 18
43 142
15 174
61 88
67 188
161 164
63 200
9 194
5 180
37 43
37 167
46 176
47 109
65 145
41 78
20 38
12 142
163 185
48 186
10 41
36 97
159 183
39 197
101 121
65 67
103 197
123 194
13 146
97 110
66 106
96 138
64 66
102 191
162 189
53 133
90 138
158 159
34 55
41 170
12 27
122 164
86 179
53 84
73 79
133 141
35 75
10 128
51 198
151 181
134 141
114 193
148 148
46 181
114 147
23 199
2 88
4 11
49 199
103 195
129 150
52 151
107 200
7 74
113 164
99 178
117 157
36 119
76 114
56 82
37 130
25 166
115 143
37 140
48 155
2 164
28 54
21 173
11 80
19 186
25 79
10 195
135 176
59 133
21 191
64 67
30 112
55 141
76 96
58 129
35 100
94 154
41 136
1 87
20 169
73 169
109 119
123 181
102 147
32 88
129 153
74 97
108 152
57 176
91 177
141 162
60 187
110 118
47 174
86 158
77 198
105 124
74 185
95 136
89 194
151 165
64 87
107 194
100 190
2 149
2 179
124 160
43 185
51 89
18 29
58 144
4 93
75 164
79 149
54 161
155 173
3 78
81 125
3 109
38 106
45 150
71 91
58 115
31 173
69 194
6 68
26 105
15 19
71 182
113 127
74 166
75 184
18 179
70 95
72 121
66 197
15 61
89 195
41 197
19 42
158 200
48 168
114 157
134 172
117 196
118 187
25 77
137 141
8 36
32 125
160 188
16 101
94 120
120 162
27 149
102 172
45 86
43 66
22 115
70 104
91 159
7 148
139 192
191 196
26 47
17 140
50 159
57 92
62 85
111 114
156 188
113 193
5 200
17 81
78 148
71 189
38 57
95 108
35 100
123 124
60 173
83 178
32 110
84 108
148 168
16 149
66 119
69 89
174 194
60 177
105 132
149 183
13 173
38 159
13 21
32 120
16 104
51 151
56 184
5 43
73 194
111 179
67 102
101 104
90 193
29 142
37 136
58 71
131 151
113 137
35 70
50 114
76 100
82 154
5 92
111 181
12 80
64 149
27 135
36 141
142 149
103 195
79 155
5 75
110 170
162 177
31 118
35 140
33 120
13 95
2 74
68 71
86 114
27 75
44 66
101 200
86 187
34 177
3 40
157 179
127 182
144 169
61 69
164 173
53 184
95 102
55 196
67 70
74 161
69 117
3 83
163 163
164 193
40 139
76 172
97 198
49 136
79 175
22 29
17 104
35 171
140 158
86 94
39 197
114 114
53 152
42 161
172 192
46 146
104 186
50 157
5 96
80 164
29 61
74 141
73 163
72 131
5 73
65 119
35 140
12 154
111 125
84 112
14 130
126 136
16 193
172 186
109 151
13 187
19 150
55 188
19 127
117 182
48 199
120 139
6 19
15 51
166 173
81 158
46 75
5 146
60 186
63 80
96 196
115 189
79 102
43 49
40 140
32 32
13 59
69 151
15 91
139 163
87 101
33 154
55 159
87 135
10 91
46 54
6 110
91 187
7 16
11 98
19 54
96 159
26 131
10 165
24 154
67 153
3 5
24 68
57 66
54 147
66 71
84 180
133 150
16 69
135 174
86 97
147 181
20 143
49 195
78 132
19 138
119 128
175 199
193 198
155 182
28 66
141 193
52 137
52 63
89 95
62 144
14 153
68 122
172 181
36 158
4 73
60 180
91 119
9 193
104 166
32 123
142 185
131 164
137 164
34 84
130 152
78 177
27 54
20 151
139 165
47 171
68 89
18 169
59 119
3 10
15 49
107 153
20 172
45 136
13 106
102 176
152 167
32 146
40 174
2 177
105 155
127 131
7 116
4 145
10 113
69 94
121 164
84 166
124 158
126 171
1 95
58 91
128 183
4 130
105 154
30 154
18 100
20 27
13 114
186 196
111 135
94 110
37 90
102 183
24 64
57 127
75 97
48 48
25 100
30 183
20 94
27 100
108 130
129 183
58 175
19 54
43 117
100 109
11 124
57 90
55 185
13 77
51 60
149 155
96 124
27 146
6 183
32 37
118 178
58 200
50 197
102 193
17 137
56 71
59 154
51 77
6 12
73 103
96 106
148 195
4 86
79 101
5 153
132 137
82 108
12 126
165 190
100 101
166 181
6 62
29 122
57 87
137 141
37 40
45 52
62 117
43 163
106 140
35 122
132 180
129 138
34 99
56 178
99 179
58 178
80 81
55 69
51 179
81 186
9 146
38 193
43 170
159 169
51 123
35 95
13 84
26 192
33 114
104 151
132 146
14 182
52 153
80 145
86 135
146 195
180 192
112 139
154 158
44 162
23 189
42 150
126 127
13 139
119 157
7 17
10 148
141 145
126 195
35 191
41 198
63 148
103 144
80 94
3 149
76 149
15 48
71 183
94 133
41 181
177 177
77 191
28 77
40 170
103 172
146 188
84 118
99 199
8 61
95 129
57 198
30 46
52 72
61 138
31 176
164 199
146 199
70 130
18 113
121 155
28 168
111 200
26 152
7 92
16 190
52 112
186 186
25 130
10 141
11 87
130 148
130 136
9 178
80 172
109 131
129 154
63 78
1 34
58 165
119 151
18 70
3 197
22 196
28 55
129 150
71 159
80 134
104 189
71 142
44 168
100 157
23 139
128 145
34 190
27 69
19 23
19 106
22 114
101 109
29 151
66 158
20 172
45 170
101 198
87 143
65 196
102 192
1 75
9 141
29 57
28 50
23 117
97 129
24 33
75 160
126 197
102 191
83 110
76 111
18 105
42 175
48 52
58 129
99 128
155 197
10 150
6 71
35 107
90 135
58 64
28 196
178 189
16 182
45 118
107 194
57 175
74 117
151 194
18 48
142 190
117 129
97 108
40 122
121 193
90 126
87 131
46 122
28 127
17 54
144 151
39 76
113 168
38 192
49 56
48 58
151 168
26 29
116 196
20 177
16 100
84 193
45 154
28 70
33 174
40 79
16 68
111 184
3 146
34 68
24 174
84 125
61 62
151 195
84 125
64 84
18 57
106 150
95 128
159 190
114 138
19 33
102 119
91 175
15 182
13 32
77 97
94 98
99 107
75 165
13 105
49 187
109 174
72 198
6 79
112 149
175 192
56 166
75 76
165 181
100 124
167 193
91 187
106 132
141 187
27 57
90 171
3 103
127 181
115 126
10 59
114 124
85 195
60 121
47 116
134 144
51 67
113 145
33 139
107 195
55 89
5 90
19 51
139 140
16 110
135 200
110 125
8 108
24 31
9 22
22 186
93 127
2 110
95 175
13 44
95 125
50 190
31 117
3 61
65 117
21 73
13 125
113 121
14 176
8 114
172 195
19 28
9 146
7 79
25 96
6 122
16 51
92 189
73 144
65 67
82 139
40 196
7 135
37 92
62 139
41 63
19 93
90 159
9 141
92 144
110 182
34 89
121 177
30 38
114 125
17 155
93 98
143 155
145 148
75 156
47 157
129 136
53 114
117 147
4 94
31 200
4 33
3 32
111 137
68 95
27 193
66 136
24 100
132 162
79 198
49 71
51 137
57 128
87 95
40 127
30 59
104 174
66 167
1 182
11 34
85 175
124 192
82 171
106 174
120 176
116 149
10 186
106 198
79 110
28 130
84 162
86 98
50 129
62 83
83 194
15 81
134 166
136 181
119 172
117 159
99 174
91 132
6 56
67 110
39 139
12 159
104 113
91 142
69 155
101 168
9 115
79 115
58 76
124 138
124 159
170 191
28 181
111 138
3 3
155 169
137 168
30 161
127 194
134 170
32 170
62 166
87 163
117 133
62 119
16 171
74 123
24 36
41 131
58 145
21 37
119 130
117 168
88 105
5 13
27 92
8 93
154 160
93 175
5 21
52 105
123 169
74 169
94 95
2 43
9 25
102 164
33 92
109 140
19 161
37 136
36 74
43 120
36 51
1 39
45 135
43 131
47 133
42 172
16 91
40 151
3 188
95 174
85 178
57 133
9 33
14 79
15 116
73 90
36 163
154 189
30 123
27 152
164 165
96 190
147 163
27 73
48 119
45 171
114 163
83 102
28 137
10 56
11 66
105 153
74 112
35 82
39 72
28 191
14 26
59 173
3 67
151 168
74 94
1 72
171 189
87 164
77 80
99 178
108 131
57 164
22 107
19 70
97 135
5 90
11 81
22 135
86 91
76 105
110 145
154 164
55 116
36 122
174 195
30 132
24 91
6 122
105 183
18 86
8 137
1 106
170 200
68 92
20 24
31 138
169 170
56 178
16 180
38 107
91 194
25 121
29 124
14 56
178 200
159 178
29 115
34 141
42 122
93 128
24 42
41 154
86 157
89 103
144 153
33 150
18 58
78 119
28 42
102 161
4 96
87 197
48 138
5 11
85 154
149 187
110 179
67 98
94 166
24 189
86 97
37 170
5 114
2 167
165 200
135 190
39 155
10 57
57 199
47 171
33 176
68 127
105 128
11 148
119 143
87 158
9 192
65 66
50 182
32 149
93 111
27 45
48 98
138 190
84 94
20 169
3 151
15 173
128 176
39 120
144 163
151 159
2 8
86 146
96 148
33 35
7 10
41 195
64 121
22 57
66 126
56 93
24 40
10 123
6 153
32 119
31 172
121 151
83 144
14 72
14 118
81 84
69 176
138 192
140 158
134 169
1 5
83 151
16 167
22 69
119 126
56 67
2 15
60 126
75 194
42 138
7 94
134 177
65 110
16 44
38 107
128 154
