10000
114 364
237 272
30 181
314 385
252 461
175 465
106 275
70 377
294 302
81 242
99 293
42 450
229 240
390 498
116 194
230 369
79 126
21 229
95 267
133 440
251 381
242 472
78 175
65 234
299 476
140 485
112 140
403 455
389 480
237 404
407 440
42 377
6 250
36 482
177 446
53 461
23 55
125 140
222 303
189 211
362 457
401 408
23 271
8 404
51 224
7 59
490 495
100 447
51 378
222 255
91 314
185 296
351 497
148 233
234 355
398 493
66 120
166 308
190 444
233 235
61 227
108 349
273 382
212 252
33 57
207 407
278 489
170 259
235 283
4 15
23 395
223 404
5 322
119 302
7 236
154 300
104 129
61 141
272 438
53 182
90 412
253 288
6 217
28 415
105 483
88 426
97 310
169 188
210 384
376 415
144 266
3 300
46 312
18 30
34 51
123 176
41 181
16 388
335 499
121 370
80 429
342 356
241 330
116 474
301 381
361 478
109 183
161 216
334 363
193 453
286 338
171 186
111 483
436 499
417 481
130 344
233 364
20 275
112 182
119 463
190 389
133 481
195 205
168 497
10 102
115 490
22 175
176 407
282 401
74 148
321 378
250 378
117 199
300 414
30 469
71 458
62 447
330 471
45 389
131 204
19 232
95 133
128 436
39 369
382 413
61 98
275 278
69 374
217 258
101 404
138 488
407 453
13 50
340 388
32 210
280 444
224 228
59 95
82 319
278 482
290 312
345 450
85 100
428 480
26 86
196 335
276 430
202 482
57 238
130 299
128 379
129 254
323 414
155 161
61 331
81 409
138 299
76 219
161 207
375 416
396 406
282 435
131 154
1 46
97 420
120 200
14 371
450 497
58 482
218 479
147 170
67 250
319 391
139 228
68 130
258 285
82 169
415 463
17 292
230 308
102 178
24 317
52 405
223 377
255 449
266 473
30 87
415 467
292 359
135 260
98 390
68 242
268 441
128 271
8 203
55 100
138 374
129 234
82 86
106 500
35 396
104 238
230 339
91 125
208 367
52 111
43 211
377 434
132 470
97 151
178 222
361 393
85 295
482 489
428 467
63 298
155 200
10 306
414 424
94 152
107 432
112 460
52 465
435 468
57 254
467 469
433 472
317 455
80 299
68 222
465 465
109 415
177 241
11 64
28 342
454 467
8 312
6 47
307 388
166 475
412 461
244 380
240 470
109 328
40 71
233 371
10 294
70 115
51 233
164 327
325 499
11 334
257 360
58 316
336 376
129 138
1 409
256 333
376 470
258 384
43 74
209 310
92 217
324 484
51 318
288 306
197 486
168 334
184 303
58 101
215 487
178 294
90 329
2 337
377 479
77 316
76 304
60 207
177 304
87 317
135 395
297 342
229 325
317 489
392 396
100 168
191 452
290 435
73 319
358 437
327 487
283 349
7 404
90 350
185 195
361 366
52 57
136 387
31 158
26 269
49 425
217 231
311 401
335 464
63 312
122 481
200 381
237 239
172 311
174 322
239 428
69 448
392 421
437 447
403 482
76 371
173 173
245 479
228 470
323 329
37 64
40 448
88 367
204 293
321 375
26 267
307 322
49 272
212 282
374 399
78 264
64 442
399 444
363 392
86 202
309 341
3 492
324 338
180 193
200 352
170 369
27 116
15 343
33 217
61 383
215 344
253 270
211 260
142 370
213 369
114 480
280 356
162 256
199 259
162 217
105 191
4 287
270 288
281 370
73 500
142 252
443 457
122 218
120 480
61 109
102 344
9 365
50 366
166 245
3 418
368 426
105 375
206 231
119 273
47 211
205 448
99 450
336 342
61 115
37 274
103 442
6 440
70 267
48 86
176 189
165 220
224 270
113 119
30 142
267 342
290 404
67 446
366 435
332 430
119 406
58 497
69 210
327 370
60 186
218 466
346 499
74 490
110 166
258 343
129 346
22 65
60 467
142 447
433 456
67 327
18 317
70 325
8 99
257 381
281 302
252 329
188 410
220 393
380 445
94 320
181 324
266 314
5 476
279 329
444 490
76 212
140 240
392 457
113 217
397 438
13 448
37 308
89 340
156 470
172 275
218 389
238 469
41 339
338 499
401 443
306 374
152 279
120 368
328 404
56 423
114 449
467 468
106 448
148 448
196 285
1 483
216 250
161 193
116 271
100 104
304 346
371 409
377 466
71 335
357 404
35 84
5 321
212 496
323 480
217 334
146 362
287 447
65 166
30 272
408 498
1 112
217 219
63 391
42 411
292 373
44 379
193 496
100 286
188 289
440 485
66 320
256 258
81 191
77 344
14 229
178 243
352 409
89 224
115 224
315 430
277 395
28 62
159 242
129 351
31 227
74 138
96 210
277 464
108 428
336 421
3 133
112 317
317 455
143 283
436 486
114 331
231 391
284 343
31 366
174 358
394 416
103 352
88 388
148 389
23 330
116 466
294 314
181 432
40 398
320 441
217 233
75 424
300 354
4 382
176 316
162 173
142 181
193 330
288 331
70 193
283 431
361 406
94 400
306 477
223 420
305 358
346 366
294 369
85 148
151 399
50 151
49 194
35 37
112 153
401 453
71 107
144 374
98 245
42 67
252 280
63 200
10 53
22 113
358 439
52 272
190 318
158 218
126 479
93 299
14 260
142 149
340 366
267 311
24 350
6 301
116 361
217 263
390 437
177 234
201 373
135 158
80 121
17 366
298 417
62 476
135 491
185 210
177 494
81 206
257 277
61 287
62 311
109 156
161 444
51 232
64 437
71 308
81 462
177 451
271 422
98 500
94 163
118 292
474 494
122 463
27 62
324 350
129 419
166 299
93 108
301 346
18 297
2 423
344 470
219 287
372 414
126 177
278 372
91 255
444 490
36 49
107 239
62 460
445 485
238 348
136 336
21 165
71 177
206 218
371 418
97 362
65 296
29 219
28 72
249 448
285 408
61 192
235 352
163 326
82 421
59 472
172 406
110 362
250 498
346 391
258 363
90 414
370 494
258 441
103 370
82 313
272 294
312 379
114 326
99 395
81 390
105 136
221 315
150 309
218 417
72 179
56 80
382 435
264 443
156 174
9 266
90 430
146 182
175 494
7 252
331 385
178 368
102 265
177 473
32 305
338 470
145 363
48 241
69 294
29 127
65 309
202 295
206 439
178 376
46 386
191 353
54 162
41 103
299 408
45 228
115 224
17 143
36 330
216 394
83 93
338 378
284 450
138 182
87 243
295 369
11 370
148 363
39 143
211 414
97 261
248 359
146 312
213 333
151 278
3 144
45 50
3 494
36 45
148 436
235 304
390 438
24 271
185 288
214 313
171 440
180 300
405 412
11 486
90 224
227 377
12 479
14 59
220 242
220 349
29 428
213 327
138 251
56 444
148 375
92 99
189 325
81 94
86 490
297 379
356 455
95 183
277 424
321 461
44 239
246 287
355 418
83 360
295 397
94 350
254 500
446 490
296 485
62 305
458 459
260 276
402 407
377 459
249 339
111 147
202 266
354 468
150 452
432 450
182 233
46 221
159 233
96 152
134 275
318 429
472 500
356 487
146 188
111 255
9 408
105 301
255 424
343 356
99 152
83 337
17 390
15 306
126 449
84 312
330 487
118 176
27 161
27 396
85 276
248 275
2 60
93 481
14 120
177 417
169 393
78 417
474 485
122 282
115 426
147 303
297 424
88 191
425 480
13 258
17 261
305 442
223 385
80 480
51 105
16 281
131 184
206 466
387 464
306 330
53 339
258 406
221 290
42 370
334 456
15 206
64 88
29 184
197 246
93 315
426 437
233 364
59 184
273 416
341 444
129 236
159 435
247 251
217 427
66 100
288 289
129 473
44 477
306 392
4 88
164 466
66 412
11 227
71 313
289 439
86 336
187 196
93 221
257 288
39 449
446 486
46 108
29 89
41 428
200 469
109 272
220 429
96 195
145 473
150 232
209 373
19 128
103 257
343 469
283 353
427 464
143 464
223 276
261 430
158 213
386 444
70 95
15 276
37 448
13 113
112 136
149 429
233 409
28 219
70 428
177 193
347 353
281 385
79 231
71 356
164 248
316 441
35 484
261 496
471 499
135 347
90 384
87 111
105 440
262 431
334 344
361 490
17 399
70 424
116 324
247 437
74 75
310 422
137 235
94 424
9 78
238 494
102 479
22 300
27 57
163 427
77 385
198 256
198 390
260 382
127 500
31 220
145 379
44 464
362 437
216 399
281 410
114 218
439 473
191 217
5 417
187 420
3 407
235 287
227 387
68 439
75 488
57 271
433 468
137 401
19 50
135 189
190 324
289 433
192 403
224 482
378 432
98 246
52 168
38 181
218 453
357 491
160 274
173 422
229 379
241 431
89 375
375 407
61 388
46 158
146 292
328 390
310 443
59 425
218 479
215 260
111 246
188 329
364 450
11 307
283 372
47 85
144 451
65 372
142 457
109 446
150 323
301 495
402 441
13 379
255 333
107 331
1 434
169 247
101 494
79 416
121 143
221 441
306 324
109 206
143 412
263 373
361 450
120 351
128 372
362 466
62 158
61 390
76 367
13 377
99 231
6 114
97 288
59 102
178 417
298 377
208 468
215 488
268 340
33 362
151 357
28 268
200 450
196 240
24 407
97 284
37 454
4 366
97 379
212 446
127 298
118 490
179 311
124 235
53 401
226 417
91 304
267 480
15 80
166 489
5 119
285 474
15 16
49 244
283 353
98 333
304 306
113 315
5 108
380 434
13 138
12 168
430 487
300 465
129 395
28 407
230 446
319 427
118 335
148 229
331 426
46 172
87 205
95 458
38 366
262 278
196 245
28 75
284 374
162 166
65 421
219 381
447 482
429 441
107 469
451 496
73 384
15 379
138 335
48 173
299 342
93 263
44 93
167 245
21 349
199 307
93 423
428 448
194 317
223 482
135 186
113 305
169 424
10 309
225 301
441 446
350 374
168 466
316 443
64 355
154 187
201 321
85 114
83 204
3 163
381 387
119 306
264 340
232 261
78 298
158 431
187 188
257 398
109 399
6 217
359 404
372 402
4 484
403 417
101 454
98 226
429 451
144 422
74 393
249 441
12 154
379 404
191 230
30 301
191 210
346 353
363 426
22 351
92 198
203 495
144 248
24 431
209 386
65 293
417 427
120 462
279 376
134 352
220 233
198 353
126 248
9 256
231 493
48 303
26 136
216 352
44 452
100 448
126 356
397 428
60 274
139 401
85 95
135 144
383 387
263 344
193 353
382 405
74 139
217 317
77 307
125 207
152 271
168 348
6 105
255 401
34 152
61 318
25 179
79 110
235 466
80 320
378 430
33 44
280 422
274 344
70 236
211 261
120 250
227 265
113 136
267 440
70 241
192 403
320 459
196 428
365 392
11 456
167 483
169 271
52 120
49 360
276 315
411 414
68 188
180 434
56 94
113 460
116 154
182 270
269 369
32 316
85 462
279 398
58 270
43 72
56 271
72 128
154 337
75 301
329 332
18 203
97 410
319 328
386 428
16 495
278 492
74 357
2 38
24 149
351 438
423 437
28 171
33 254
12 139
9 437
450 483
122 473
70 100
87 302
37 254
219 357
381 434
202 357
65 168
282 348
99 205
53 64
344 368
144 319
297 355
17 171
117 413
307 314
19 88
58 363
32 311
158 316
224 275
195 280
140 158
120 387
264 488
301 345
141 429
291 373
89 256
179 274
134 259
208 316
166 349
112 146
280 422
352 460
254 473
31 332
311 319
1 328
284 361
21 262
47 253
56 80
158 341
170 221
334 480
277 433
123 334
215 467
71 469
176 268
133 369
123 353
370 453
227 459
181 483
285 409
390 464
311 410
232 396
117 260
146 480
63 442
22 483
122 281
128 328
349 360
64 478
118 310
25 343
15 478
7 334
113 325
222 227
3 48
24 395
101 216
333 456
314 400
152 343
320 353
341 411
111 500
17 498
266 386
224 376
348 467
215 418
89 402
412 465
171 405
128 352
205 250
69 262
98 278
228 477
105 500
310 432
279 490
368 387
300 462
114 335
260 288
179 331
348 362
107 238
134 326
48 498
70 310
172 456
144 192
141 358
324 417
379 449
76 352
158 428
350 356
130 150
378 478
41 239
25 34
163 387
143 303
12 226
353 360
134 458
47 263
337 481
159 192
77 329
108 213
4 218
200 247
239 413
430 471
335 465
172 200
150 271
169 199
28 410
102 158
96 316
99 284
347 444
135 458
88 207
103 419
215 441
68 458
268 394
250 264
298 449
167 188
76 483
17 50
264 480
376 469
249 273
431 447
69 175
101 322
334 464
58 331
31 53
409 442
406 478
158 322
275 377
71 392
168 498
48 366
148 322
103 471
122 476
377 382
34 309
205 442
422 499
446 500
319 445
328 474
312 387
428 484
283 485
253 275
347 355
311 427
148 320
56 105
30 191
365 472
59 475
226 448
59 230
64 384
206 236
134 369
242 357
45 339
288 368
226 311
250 332
282 338
51 424
200 225
193 338
86 369
82 418
63 392
39 322
95 305
207 345
201 418
370 474
364 365
127 445
337 457
17 474
36 77
8 151
36 107
199 251
202 411
41 492
212 294
194 233
20 480
98 123
240 262
74 299
314 356
203 387
321 406
55 438
227 406
257 427
60 153
75 442
255 468
356 373
161 348
17 414
174 192
149 353
54 420
59 227
275 334
198 492
282 378
137 192
305 405
410 482
374 440
202 444
364 385
251 488
157 274
19 45
24 34
198 275
359 465
309 350
345 356
183 464
112 391
170 177
179 294
24 407
61 361
93 205
9 79
89 448
305 405
261 484
213 249
69 162
92 455
151 241
82 287
198 401
87 182
149 251
37 464
74 325
75 410
108 202
206 430
152 391
29 377
172 421
128 292
211 297
232 313
24 368
6 487
295 431
297 430
120 268
400 476
14 133
14 28
237 419
348 485
134 402
273 447
66 437
141 331
39 166
15 434
54 336
88 264
32 191
280 296
144 211
437 495
205 383
38 424
253 330
333 356
99 391
155 246
321 335
29 90
320 469
281 488
297 441
34 253
101 404
324 395
250 262
335 381
32 447
271 472
18 72
39 384
30 375
208 463
298 330
311 455
380 498
131 228
217 219
293 331
364 427
316 360
41 271
112 406
37 463
281 326
258 289
108 211
104 310
40 178
41 159
174 316
42 44
207 355
57 266
47 148
119 162
86 171
172 285
324 428
332 436
189 418
211 336
253 283
51 409
85 312
325 419
23 122
283 404
7 497
120 490
138 303
142 395
244 334
38 67
206 340
229 410
44 488
218 340
110 266
164 333
93 164
134 288
26 342
30 205
70 123
399 455
157 326
270 490
331 402
221 293
54 431
52 56
38 349
293 388
21 140
396 448
269 291
68 364
34 83
161 237
14 191
165 205
39 366
96 422
278 436
104 172
340 405
70 253
116 218
343 498
135 450
174 349
138 229
276 456
114 408
467 467
242 249
278 298
293 376
231 352
128 431
207 409
351 412
52 491
8 451
65 67
247 284
66 152
250 272
146 312
31 66
270 278
310 442
62 186
398 453
67 182
140 342
274 332
126 456
156 363
153 362
109 273
293 372
103 496
123 132
453 494
298 474
75 141
55 381
314 491
35 332
155 413
15 414
386 391
17 368
8 373
412 440
367 478
280 439
49 110
289 355
81 404
302 461
78 95
110 289
120 450
450 477
267 270
103 188
132 339
120 246
90 125
451 467
273 312
155 496
125 258
186 382
158 416
97 301
238 326
169 351
239 363
181 320
253 308
87 264
481 481
112 484
156 232
154 342
143 498
106 300
36 160
276 330
76 145
204 448
392 483
44 112
276 394
103 425
89 442
80 250
39 235
344 435
238 446
248 329
83 339
59 422
18 204
53 389
62 307
10 117
110 297
268 425
177 398
113 360
135 139
149 304
60 102
377 463
342 442
138 223
122 229
458 490
12 288
66 320
32 382
109 258
12 179
251 401
424 444
137 150
208 417
359 401
46 181
202 257
478 489
159 456
8 153
24 248
121 292
137 480
199 273
111 187
413 498
15 101
76 126
58 415
90 159
136 226
204 357
402 491
192 277
449 455
311 344
149 447
63 383
174 190
167 465
94 422
229 297
94 379
153 264
133 335
85 333
94 214
268 458
60 380
66 453
80 451
74 356
219 397
19 475
166 463
276 413
220 469
190 367
9 336
18 200
72 274
4 22
27 346
237 318
78 207
13 389
196 268
181 227
366 418
79 293
264 480
449 499
106 285
245 366
441 472
109 163
35 487
250 493
133 140
155 328
19 117
35 213
213 244
218 399
157 462
428 490
102 299
70 143
142 495
386 470
239 363
261 490
201 238
428 475
224 312
111 460
12 135
215 318
159 161
113 227
55 146
94 288
386 457
51 304
117 401
275 418
294 485
233 475
99 191
78 260
2 4
54 495
123 146
216 256
104 403
180 258
208 254
10 179
278 428
263 283
21 38
83 245
301 387
12 304
266 314
147 240
76 408
81 310
12 104
3 378
279 492
47 215
246 313
171 325
61 204
123 378
227 399
470 492
56 291
36 123
316 342
389 476
35 445
202 375
109 350
11 276
142 461
173 500
224 469
76 490
61 472
107 118
282 432
143 267
249 401
206 316
255 449
203 240
126 496
9 151
3 390
194 234
352 357
30 133
55 367
171 423
53 236
89 318
10 163
211 251
344 442
137 399
48 441
224 247
129 491
124 365
10 356
301 392
76 382
218 352
134 303
108 309
272 493
337 473
59 286
278 399
43 355
231 487
375 459
135 339
29 300
19 167
163 307
94 426
18 337
133 358
92 115
403 430
20 90
20 208
71 342
218 335
110 266
6 284
158 465
304 484
264 392
422 489
134 321
13 434
137 455
10 189
222 400
131 385
131 313
259 276
155 155
24 311
88 149
136 308
50 485
180 329
191 428
371 456
253 423
339 411
18 197
354 433
188 423
265 278
97 483
46 263
5 48
378 423
209 395
180 387
41 306
7 153
104 115
142 275
138 404
39 454
21 271
93 428
360 474
51 287
38 189
251 407
136 138
62 283
9 174
142 222
180 303
262 424
54 58
294 392
179 182
72 332
65 98
330 436
239 473
127 372
148 460
134 137
97 165
75 152
408 412
62 371
90 330
45 431
109 266
68 183
99 361
44 392
216 410
217 318
39 447
145 387
377 415
232 263
223 308
380 396
434 466
201 314
150 469
24 96
267 283
418 474
313 372
434 448
46 186
358 404
52 235
153 171
6 458
354 422
18 211
103 294
178 479
127 244
143 155
62 99
70 478
260 482
118 353
275 385
146 376
230 402
130 333
53 222
170 247
214 326
16 311
190 456
325 427
87 312
277 290
243 463
94 490
35 407
92 432
373 440
232 289
327 335
203 417
332 360
301 474
83 84
302 338
334 436
95 476
99 344
225 412
43 90
274 397
220 500
45 373
378 472
161 403
123 326
129 220
166 180
250 351
47 468
314 398
121 465
66 434
160 283
77 403
341 441
131 227
25 465
97 134
227 499
74 130
116 137
65 141
420 466
84 463
299 471
161 381
346 381
20 439
298 344
162 182
341 440
44 108
227 284
16 19
74 277
375 419
249 339
210 322
260 305
279 298
272 477
154 362
265 420
159 332
3 55
61 453
164 248
248 347
27 456
64 139
119 443
39 404
244 404
361 439
68 104
84 482
154 497
390 416
53 242
109 395
75 455
65 431
13 25
256 274
107 222
178 301
210 211
152 383
271 414
179 240
43 169
133 144
210 354
156 377
264 467
256 309
34 489
114 146
68 245
75 162
288 463
153 316
428 457
43 492
6 245
322 344
41 262
217 233
171 176
40 392
199 268
20 156
182 439
89 267
208 350
387 404
184 218
279 432
451 491
258 270
203 243
189 482
26 286
126 231
406 451
217 354
97 435
8 216
389 406
104 154
108 335
70 134
27 350
132 358
22 202
160 222
120 483
68 462
293 427
272 450
288 451
35 470
135 435
78 197
55 207
107 319
11 391
330 392
130 161
399 461
57 122
27 438
81 322
115 442
11 39
208 411
205 400
444 463
87 231
140 474
143 382
153 500
189 352
18 432
19 399
131 359
154 459
20 367
287 368
35 64
42 368
306 410
49 379
152 343
106 229
228 493
306 314
225 399
171 390
160 335
336 410
166 186
114 277
105 406
188 295
298 456
144 371
413 461
76 270
55 428
54 223
76 99
247 403
169 315
156 429
63 248
363 393
46 354
60 280
117 228
14 340
219 242
162 299
54 280
74 165
36 298
167 257
149 308
96 237
197 285
303 463
135 304
206 318
265 316
382 483
165 287
23 87
113 207
224 395
32 497
257 287
54 195
38 78
363 442
484 489
12 197
146 440
368 435
271 434
114 224
17 68
309 476
5 328
484 491
177 344
228 293
138 328
78 83
203 216
322 466
340 379
200 281
154 322
101 150
290 358
4 389
152 458
438 458
97 202
206 323
159 392
132 334
120 485
105 180
134 356
208 299
317 428
282 393
25 153
54 208
16 337
14 340
1 278
147 492
265 404
187 331
313 352
281 318
452 468
10 98
227 428
49 464
69 97
20 215
222 404
33 126
264 340
102 472
265 455
131 164
296 378
130 183
203 465
107 452
1 209
156 350
32 158
379 488
240 290
58 445
314 380
354 445
384 392
29 287
84 166
223 318
12 443
114 341
4 481
27 109
204 493
115 404
155 244
133 399
333 450
51 145
36 208
355 432
2 184
121 175
16 193
306 401
10 472
185 489
48 457
34 304
247 278
324 419
54 275
190 251
128 366
124 445
182 258
86 129
155 238
193 298
192 208
293 465
407 423
101 432
394 412
89 119
126 245
401 414
213 296
196 303
303 465
248 305
414 475
150 267
174 461
132 335
385 409
119 380
330 439
212 339
304 372
73 366
3 493
87 403
104 163
235 314
222 325
116 373
6 129
46 172
413 440
43 131
135 394
79 424
155 493
183 214
337 382
38 357
12 297
111 257
319 327
231 462
291 429
413 490
88 112
44 488
250 465
29 385
90 279
67 129
244 296
361 394
5 494
300 343
18 416
206 281
128 246
260 391
43 162
110 147
29 185
358 382
141 453
351 471
46 386
278 385
13 108
19 60
158 202
175 347
70 283
70 348
57 317
343 438
285 344
31 202
163 229
147 149
104 346
173 205
239 454
195 211
351 485
284 318
176 207
22 362
31 212
114 239
279 394
197 266
130 368
292 417
106 427
120 210
82 239
316 350
276 458
194 269
74 306
334 387
75 460
360 361
1 213
445 487
333 397
205 337
12 418
351 418
52 375
82 278
189 211
118 402
334 337
18 220
400 412
40 478
281 366
73 166
45 439
187 193
311 468
34 432
14 423
138 344
72 474
376 436
308 335
11 432
141 377
140 177
306 394
25 350
81 189
53 139
116 466
176 399
231 318
320 434
231 388
147 387
43 246
85 210
270 302
52 168
131 369
51 70
228 351
77 457
343 413
447 500
208 421
139 219
44 173
188 253
149 213
64 449
95 438
184 384
172 360
212 229
276 417
385 471
17 383
162 299
417 487
233 410
8 14
85 161
146 274
144 480
141 195
123 489
193 498
16 70
60 284
448 484
58 326
156 234
208 309
158 306
377 499
124 209
140 463
275 422
77 139
167 500
421 476
78 350
274 345
159 335
139 284
225 420
100 332
245 438
65 297
313 395
71 340
141 319
46 497
350 440
105 168
88 326
311 466
61 322
268 289
95 145
47 364
407 450
19 60
146 147
176 297
97 428
118 489
100 476
347 372
8 33
13 420
11 440
55 282
189 489
273 497
28 216
81 167
52 320
142 325
155 379
160 402
232 316
14 273
124 334
110 322
37 491
144 241
109 215
7 430
103 416
410 427
232 275
115 361
299 495
165 360
122 180
11 272
119 189
234 399
10 272
449 489
309 423
321 401
57 437
108 220
185 239
58 261
106 204
186 476
42 199
70 305
143 378
86 135
310 462
424 428
45 396
237 488
358 401
215 217
401 462
129 275
23 137
4 349
195 286
14 220
38 172
43 325
4 120
51 374
70 194
134 396
33 446
127 353
243 437
48 159
8 125
248 419
184 232
66 137
81 400
254 487
100 103
334 480
24 90
55 322
82 99
24 254
124 448
38 212
15 278
409 493
338 345
95 308
244 411
269 307
386 412
106 359
116 226
198 213
469 476
155 424
130 472
28 210
87 136
89 231
133 183
250 466
98 332
290 364
19 490
204 432
182 245
81 304
154 163
311 403
99 320
255 345
277 310
262 294
264 304
32 255
69 351
167 299
179 347
120 471
79 103
120 439
258 484
249 265
367 494
247 479
176 449
379 456
335 411
363 370
25 452
274 386
178 384
147 325
85 86
77 478
275 485
157 161
313 423
457 474
235 278
130 147
106 413
330 361
10 13
291 420
296 378
104 213
401 429
59 472
149 448
124 465
88 450
191 422
75 293
99 263
15 358
370 414
92 323
163 312
27 357
371 384
228 353
280 311
171 456
321 494
424 437
130 247
219 380
289 420
336 406
110 373
245 290
279 402
263 315
395 456
30 142
131 242
296 352
277 444
141 315
122 134
3 95
301 384
60 453
174 433
242 459
165 275
180 474
10 57
82 412
135 168
231 325
2 365
58 446
368 457
76 244
145 173
286 303
333 342
176 375
293 443
290 435
423 436
359 370
18 139
195 476
64 303
236 387
116 329
208 441
374 381
214 407
118 371
254 368
165 419
10 235
295 319
126 236
102 134
23 425
213 269
214 425
386 476
251 340
10 335
74 123
191 269
109 368
68 462
20 385
419 460
153 255
224 244
147 179
9 198
415 499
399 490
7 18
109 275
144 307
154 469
202 218
267 484
36 437
176 290
99 171
301 313
69 183
234 274
172 308
118 477
124 482
119 247
224 336
48 57
462 469
59 252
365 478
156 469
82 489
193 471
145 246
448 454
440 471
146 494
301 335
164 378
295 373
227 290
19 284
125 132
169 398
305 439
330 397
58 78
249 339
87 98
247 459
69 181
105 181
114 198
106 334
41 484
232 354
350 422
243 388
55 370
308 420
133 431
215 285
258 384
135 457
121 167
95 237
99 486
181 299
112 122
20 385
183 316
196 370
354 407
68 261
104 181
87 244
297 473
92 448
50 366
15 228
84 372
145 280
313 326
60 318
325 489
80 331
15 174
132 241
37 74
17 464
306 475
187 456
110 257
81 406
13 419
55 238
177 358
83 368
347 426
351 434
357 371
173 364
310 426
164 423
31 451
42 117
49 324
75 156
5 68
261 468
378 399
362 370
179 418
203 394
69 427
200 427
274 286
296 328
156 404
18 293
35 93
118 472
25 482
384 498
183 194
122 259
194 419
101 310
111 312
238 495
73 318
204 417
117 460
132 159
18 23
104 421
292 345
159 265
193 261
36 58
47 350
466 470
40 224
296 479
253 456
42 445
178 410
180 355
145 466
175 420
67 320
23 32
277 277
177 312
317 357
46 263
220 442
277 399
79 109
9 432
186 212
221 478
269 394
104 337
84 463
318 425
240 268
26 54
114 425
329 450
221 334
183 493
50 498
128 445
78 231
75 387
67 482
237 406
182 386
13 456
51 451
375 496
157 401
237 263
205 345
308 339
153 256
146 339
64 490
7 163
24 241
201 203
38 345
399 460
163 330
211 391
52 283
131 339
14 49
40 445
196 493
124 299
121 395
167 407
191 273
226 421
195 395
14 264
356 395
9 448
55 220
431 489
293 299
450 454
290 403
2 124
103 130
105 267
254 357
390 420
14 37
265 402
284 453
306 308
198 469
165 229
73 102
210 430
114 404
257 436
291 385
32 493
355 464
25 301
46 138
33 357
15 67
78 387
283 463
159 500
193 245
226 456
36 116
290 433
10 57
363 407
102 117
141 466
180 205
39 348
59 76
240 374
113 360
209 401
154 225
21 305
9 61
79 364
14 439
102 351
469 473
81 351
334 415
92 273
222 258
100 256
181 453
139 254
200 435
271 388
357 360
20 215
54 466
126 291
19 145
68 126
224 361
139 463
94 280
78 145
319 466
117 470
311 368
215 276
460 485
14 402
156 473
52 375
128 334
348 469
30 421
233 429
98 119
129 171
352 479
359 477
43 442
7 131
143 385
21 372
304 411
117 500
154 380
137 212
241 329
466 477
255 496
9 296
50 358
3 290
278 367
379 453
286 411
107 190
199 461
205 436
401 408
186 339
50 433
233 449
146 274
226 255
95 181
129 338
239 284
45 201
79 351
363 486
148 457
113 113
433 486
148 291
72 481
35 156
62 366
210 395
213 447
384 456
195 293
22 79
167 265
134 227
168 176
75 261
68 418
349 488
2 231
21 37
32 36
7 382
81 306
72 152
346 466
38 88
63 215
18 496
124 156
130 401
139 347
165 242
58 135
20 44
165 450
69 181
207 312
150 416
300 352
302 471
41 364
82 422
64 348
89 407
333 427
167 297
120 334
184 244
296 323
266 465
154 285
112 138
198 479
288 451
48 299
13 432
67 123
221 222
3 143
160 343
279 388
308 312
141 232
234 403
437 498
76 466
204 449
51 73
259 310
24 29
415 429
16 486
2 457
67 266
331 499
186 204
345 450
237 412
35 497
380 450
240 408
5 471
371 453
66 209
359 426
230 231
301 483
153 498
440 441
115 263
97 295
23 195
320 323
114 175
394 426
13 436
156 472
83 320
37 233
161 237
142 154
89 198
205 495
297 305
7 28
167 422
269 453
198 271
69 265
407 460
120 184
104 216
285 419
303 481
118 125
210 449
115 455
234 469
331 484
414 479
270 334
131 344
320 360
244 355
163 430
18 446
318 367
293 382
59 414
61 215
323 395
182 289
10 322
308 379
428 478
263 268
40 490
58 343
101 162
155 470
362 413
193 244
61 381
137 434
141 398
322 373
170 480
48 53
450 451
12 393
68 177
81 328
221 409
221 459
255 355
225 357
65 360
261 369
49 92
89 468
429 457
391 403
154 230
349 479
138 471
304 481
207 248
35 121
290 318
109 446
20 341
134 481
183 455
258 432
359 459
134 385
475 492
94 238
18 53
39 320
177 422
119 391
142 340
187 240
16 491
240 261
71 183
378 431
172 212
155 454
181 390
162 252
249 395
251 337
288 292
324 487
47 400
68 272
264 371
72 442
381 465
40 319
457 478
103 448
22 73
64 483
265 435
113 181
138 228
225 310
88 440
399 473
90 398
1 430
342 357
276 472
95 419
434 440
136 405
38 437
80 272
288 392
74 262
383 434
229 254
51 342
271 494
140 296
298 371
296 450
150 479
49 411
136 391
181 258
86 496
435 454
232 348
19 392
66 292
125 341
180 412
234 480
206 390
70 226
250 487
264 380
119 436
99 105
171 462
290 420
66 158
49 57
189 440
119 189
34 244
23 443
22 157
372 397
296 482
93 108
275 429
155 495
59 375
267 294
160 342
221 310
32 274
110 185
102 376
50 358
159 467
420 468
178 304
33 197
221 295
126 230
62 197
71 409
17 416
86 334
88 470
265 450
235 320
40 140
254 347
28 331
304 366
326 393
151 446
301 470
115 172
111 139
264 337
334 368
17 303
82 451
264 331
254 384
94 218
26 125
403 472
268 405
26 441
76 417
243 450
273 351
98 344
170 439
251 370
302 314
298 419
134 296
200 223
134 396
74 400
351 479
176 434
246 328
481 482
264 273
127 256
299 353
228 404
375 407
197 328
128 357
120 403
115 128
283 293
26 463
119 318
127 289
231 403
130 201
275 437
236 393
6 157
66 129
142 203
88 272
23 477
101 254
260 334
381 421
12 268
119 231
149 495
222 486
204 381
34 114
64 307
212 320
163 487
77 428
286 466
88 205
223 235
94 303
43 185
194 318
158 227
306 486
68 84
42 288
50 264
196 242
225 400
69 235
322 407
247 299
187 456
53 249
260 496
68 424
69 286
315 349
80 457
182 422
196 335
203 471
320 427
102 111
254 365
287 422
391 468
172 378
184 366
217 423
367 438
63 354
91 382
298 442
371 447
103 228
76 123
174 282
53 455
81 308
165 280
211 490
200 387
113 179
299 487
117 252
398 463
149 170
325 435
240 430
220 237
114 197
242 429
19 134
58 190
116 327
24 267
101 257
208 255
271 378
29 62
1 74
86 156
127 334
28 55
291 329
59 267
96 129
189 189
86 195
26 196
123 310
450 457
303 353
181 339
32 315
378 386
15 442
188 396
10 102
284 411
321 483
155 423
67 324
112 459
225 370
14 172
20 78
192 491
112 241
219 411
94 158
78 234
487 493
121 382
139 404
166 201
280 388
320 397
121 463
294 355
372 406
340 462
74 408
20 357
333 479
307 471
406 481
38 355
119 419
44 491
2 461
382 412
244 347
185 224
367 386
305 486
233 486
110 484
145 477
232 420
95 95
115 348
319 444
70 122
60 460
240 283
89 131
61 119
223 332
127 373
340 473
79 273
77 198
31 171
147 478
68 377
3 332
175 477
135 394
119 227
66 226
176 189
325 451
116 220
243 279
302 366
298 335
142 200
358 360
141 162
306 333
286 405
108 455
56 412
299 401
144 367
114 203
132 349
384 436
51 66
73 323
194 257
95 280
221 233
248 469
120 432
60 234
182 318
100 285
95 377
32 53
136 238
20 75
181 285
140 462
61 469
78 283
312 387
136 278
395 470
257 427
140 477
22 416
80 189
165 454
125 378
117 249
83 356
201 236
23 279
64 146
8 492
95 483
121 190
283 390
19 162
350 457
110 254
121 282
62 273
253 474
46 455
129 174
185 325
291 302
193 208
77 341
105 396
298 436
62 452
265 347
199 452
67 111
22 56
364 382
252 259
261 458
153 316
128 303
70 230
131 185
61 184
146 285
122 247
154 334
23 437
463 474
224 295
30 167
236 450
101 316
94 481
61 448
23 272
97 188
37 261
82 241
259 402
6 64
345 446
483 486
120 426
18 391
70 152
189 390
240 419
305 422
32 477
72 448
149 422
29 493
321 427
92 108
19 395
131 434
87 406
107 313
225 369
276 292
254 254
29 81
347 464
273 291
54 101
29 230
218 377
52 438
72 423
176 230
386 470
25 500
54 292
173 341
287 372
102 370
385 421
269 485
46 116
326 374
251 279
114 392
67 398
147 325
149 303
241 480
402 490
119 430
388 404
305 320
373 430
80 269
213 485
51 305
228 241
48 346
444 486
64 495
215 253
7 358
266 466
25 415
163 215
101 420
168 197
17 127
129 350
110 345
436 451
299 322
80 162
265 354
185 439
141 482
187 279
84 495
139 245
179 192
294 478
51 484
12 76
193 442
35 187
386 486
63 304
233 265
220 348
109 157
126 161
67 362
66 174
47 462
61 368
270 358
168 468
290 306
153 403
76 201
313 470
247 253
384 443
156 419
309 324
248 373
98 107
164 280
79 434
187 495
46 438
76 316
4 494
18 177
377 429
189 374
399 409
192 335
10 130
105 173
380 428
242 317
191 344
219 348
387 432
168 252
53 414
54 72
314 397
134 176
177 450
204 265
82 206
41 427
161 474
379 471
218 385
305 498
111 392
206 257
210 480
160 272
40 211
131 261
235 294
134 371
22 217
399 467
48 109
17 136
98 293
370 471
52 357
193 353
107 263
37 84
334 345
166 324
84 272
210 248
57 438
347 485
253 410
16 313
77 440
28 267
208 488
175 179
389 455
369 473
9 444
288 423
6 62
146 399
241 273
127 158
176 246
76 277
409 417
407 481
360 468
112 373
178 464
70 152
16 444
138 230
171 192
232 316
236 352
477 495
107 271
241 402
160 200
259 287
2 211
188 258
134 233
281 499
113 221
206 413
206 433
158 200
2 76
34 402
66 73
259 288
130 447
50 402
279 455
33 364
246 404
88 263
217 334
333 497
251 278
184 419
52 272
134 432
276 428
430 432
152 302
391 495
3 350
337 351
171 245
4 437
207 230
451 494
112 389
42 495
207 317
90 463
187 371
100 382
204 324
216 461
287 329
282 458
25 147
327 379
396 397
349 433
224 396
80 164
65 103
161 165
276 472
160 486
119 360
42 340
233 428
397 441
167 380
182 203
5 335
355 477
357 433
143 487
88 258
198 331
20 300
93 459
5 124
62 462
7 326
65 158
103 143
118 207
143 217
74 336
182 397
76 429
49 152
142 215
79 380
236 255
445 471
138 370
195 271
135 396
71 234
149 206
40 441
197 203
177 208
39 453
93 428
205 425
141 413
148 376
60 492
147 330
266 342
340 443
73 131
175 224
55 417
131 331
188 252
194 463
186 452
347 421
302 373
181 454
283 308
41 319
461 466
46 456
55 188
66 359
197 248
141 233
229 284
48 499
217 276
320 391
73 352
51 349
54 150
258 493
43 436
279 325
40 93
469 478
16 101
106 294
110 131
244 306
146 354
285 428
364 447
96 471
1 270
192 326
96 260
364 369
113 450
179 288
329 386
18 360
347 424
31 395
5 120
79 256
374 461
253 359
49 92
188 212
345 445
20 254
72 77
54 340
2 469
19 23
105 214
434 453
12 134
36 251
287 426
12 65
167 241
455 471
61 364
65 246
325 468
175 177
95 468
446 472
215 454
298 370
171 309
147 490
21 89
480 492
304 372
309 469
30 107
110 481
37 263
118 490
128 214
77 362
26 215
77 119
175 361
151 187
252 457
86 293
58 271
311 444
179 208
138 321
167 232
66 373
186 416
34 183
196 310
45 288
50 268
92 313
366 366
53 417
135 423
56 188
189 494
15 174
38 177
44 194
136 190
85 372
3 302
23 485
233 415
396 485
145 458
228 332
74 172
462 468
370 473
13 295
413 437
69 483
169 259
112 199
5 190
304 498
47 145
332 482
366 439
44 83
140 425
357 455
225 433
323 451
285 427
59 339
142 224
192 350
121 435
171 317
352 453
205 244
388 465
286 375
19 364
95 384
91 441
188 485
224 251
234 253
146 457
134 434
1 237
118 349
40 213
121 318
196 410
398 493
249 418
73 434
12 471
208 378
289 390
240 372
43 201
87 119
154 479
121 342
389 421
150 208
413 417
89 366
26 78
373 456
49 422
136 218
179 377
33 215
235 253
230 255
18 206
50 67
65 392
431 489
247 412
292 379
12 321
26 155
92 393
87 353
122 400
245 405
121 444
294 390
198 432
107 124
385 435
11 237
64 189
58 323
64 314
133 404
12 390
147 471
25 439
99 407
121 242
42 169
126 157
78 268
348 396
129 210
111 217
330 461
41 185
280 370
46 390
23 470
168 338
421 427
14 181
327 459
44 297
28 90
152 365
140 198
310 317
248 356
239 243
99 384
36 101
268 284
22 446
200 216
299 341
88 434
18 385
114 195
409 442
246 450
240 295
67 194
161 274
202 205
165 282
229 479
60 164
123 350
228 261
122 358
237 358
171 312
36 217
270 436
163 326
329 498
75 343
164 389
408 418
63 63
6 422
123 379
17 156
103 201
7 335
375 397
35 219
8 11
35 86
234 237
11 85
219 307
204 412
91 496
289 289
147 188
89 330
423 438
21 115
108 157
66 342
128 375
282 363
50 453
303 356
16 243
192 227
411 470
270 311
149 205
204 335
4 182
478 482
143 362
44 330
200 238
113 395
130 252
337 343
132 384
86 357
61 500
14 439
158 277
341 421
96 222
30 281
97 246
132 493
108 222
346 387
23 30
272 418
23 321
365 427
53 432
47 460
76 295
451 500
246 301
232 443
40 76
256 489
131 468
36 86
133 365
202 391
65 67
255 344
100 236
363 433
33 344
339 490
103 455
283 404
258 460
152 289
104 302
127 369
88 470
231 348
186 472
13 294
311 483
91 200
108 115
44 355
211 376
244 464
189 443
55 193
203 329
283 320
22 59
216 442
51 212
55 344
26 73
214 356
87 243
97 471
338 391
99 441
249 365
88 343
400 452
44 333
293 455
83 372
174 300
149 393
112 368
37 264
266 330
240 281
24 480
281 414
213 329
210 305
42 347
180 385
114 449
159 262
67 440
58 349
197 294
239 257
57 451
59 363
108 347
147 360
175 381
113 118
406 479
296 320
89 120
225 249
29 230
14 263
8 70
27 37
302 306
57 439
311 463
428 500
484 485
209 285
269 463
175 324
207 314
203 363
102 393
137 427
58 274
454 463
119 461
148 402
65 300
342 343
156 323
87 396
50 135
180 419
64 144
444 461
334 337
305 373
152 194
72 83
9 233
268 272
119 146
71 87
110 193
3 494
99 337
239 394
134 440
409 481
346 400
183 382
199 335
249 436
63 87
66 422
2 486
152 447
240 351
184 397
123 396
173 391
11 173
76 498
197 277
94 423
223 370
83 212
19 314
75 432
18 153
123 467
442 452
239 311
144 397
187 473
184 233
48 326
260 401
141 178
61 144
326 455
96 366
138 164
289 493
71 173
51 301
53 304
421 496
57 107
220 464
138 296
149 495
163 165
86 393
222 484
194 370
224 241
370 474
196 255
54 369
73 264
115 479
468 477
285 331
130 176
148 420
216 226
126 460
90 192
386 496
154 476
225 426
4 105
377 471
258 451
291 355
71 91
247 392
116 131
68 466
132 136
3 55
412 414
184 481
229 290
251 268
64 149
265 494
41 231
249 416
30 340
4 234
13 269
30 155
14 260
24 475
27 89
53 472
191 416
234 453
149 415
163 427
28 66
264 374
181 184
84 476
6 445
33 112
119 320
162 257
46 258
141 235
235 437
41 139
276 440
277 432
99 485
230 388
284 480
17 49
249 486
253 329
40 132
77 287
86 100
20 435
486 498
9 120
56 444
78 170
67 482
332 425
334 390
362 426
172 347
186 259
195 400
240 455
187 473
398 411
90 446
3 152
17 388
267 406
230 450
209 449
200 279
11 477
151 427
104 279
36 285
368 469
140 214
358 431
278 452
196 291
308 467
325 469
299 307
75 94
124 378
464 498
46 280
298 397
158 485
88 279
223 433
435 468
141 238
313 450
90 480
162 205
356 430
116 397
130 282
151 354
221 274
132 382
103 378
36 296
44 263
311 365
205 469
116 171
379 490
33 263
412 433
271 458
130 139
73 467
302 342
316 367
213 328
111 396
15 170
3 454
38 270
25 383
99 425
20 47
384 479
460 492
238 406
142 326
243 269
134 406
233 245
161 340
288 316
126 221
152 279
105 351
184 235
310 425
104 496
348 458
43 83
27 153
215 317
11 318
32 187
63 195
5 337
237 362
82 142
113 295
119 315
162 338
175 342
312 378
54 304
149 356
136 264
164 435
214 297
268 496
228 371
331 397
80 399
422 491
102 155
90 428
279 318
240 283
67 156
67 220
190 414
351 428
117 415
128 337
161 253
362 384
29 402
124 493
148 415
401 477
272 331
21 295
2 337
3 335
21 269
51 416
201 469
208 500
7 367
382 456
109 206
57 213
41 271
216 375
471 479
109 291
317 327
10 175
105 446
173 294
152 407
19 67
61 166
213 215
207 399
35 204
159 301
60 402
181 227
240 500
181 182
100 451
248 304
128 321
103 237
187 206
43 404
359 403
100 455
59 357
23 470
54 477
95 129
12 465
95 96
319 409
18 204
244 424
129 298
295 372
173 444
203 446
27 403
28 284
44 100
173 210
214 254
17 211
80 190
253 414
349 378
18 247
491 496
367 394
280 364
99 263
224 472
217 473
67 111
23 313
116 177
20 133
307 319
76 369
29 85
320 360
38 201
351 400
160 292
210 496
257 268
109 405
337 366
235 424
126 298
191 380
179 214
28 181
20 119
159 485
487 490
44 251
105 232
56 224
221 279
108 345
45 63
43 386
135 368
306 497
307 364
349 395
327 410
209 496
230 347
40 406
115 230
136 331
197 257
439 457
249 419
234 401
75 249
9 396
109 458
318 359
65 208
409 435
12 129
45 319
61 379
160 287
212 452
283 316
112 494
325 494
17 475
175 192
199 217
40 411
395 456
13 221
281 286
276 455
221 404
81 355
107 263
274 389
13 496
287 410
339 395
52 491
92 358
146 466
57 130
39 491
315 370
148 169
9 146
150 300
275 346
223 279
275 301
295 487
209 480
29 100
295 323
139 234
124 481
325 496
207 354
141 213
283 422
254 298
68 274
3 144
96 225
257 461
236 346
293 376
6 431
344 460
64 204
298 311
286 472
338 396
38 364
113 337
1 435
166 292
338 482
67 366
145 466
79 500
169 496
43 132
413 415
10 457
181 330
181 327
236 429
135 413
99 209
86 154
412 474
234 396
63 229
202 337
86 316
188 337
213 380
105 150
55 311
38 417
276 359
39 477
80 383
48 193
287 310
91 145
21 423
193 449
153 188
274 304
35 244
118 494
302 444
165 463
291 460
116 268
30 210
308 327
108 302
328 449
331 380
55 259
99 446
20 35
33 254
423 458
84 348
17 413
127 301
374 495
167 490
25 217
124 311
293 380
105 107
94 387
111 143
358 385
111 364
44 439
146 184
151 338
43 351
100 110
12 289
181 474
19 93
167 323
241 271
193 400
315 380
16 350
9 437
251 483
87 361
246 284
26 162
344 401
50 486
274 491
190 485
116 432
4 272
100 360
57 302
33 159
251 376
133 434
258 268
104 462
56 326
270 342
228 395
122 190
197 297
55 445
251 455
285 429
428 490
127 315
61 134
264 438
346 456
151 234
162 444
5 415
402 479
196 377
58 178
166 402
50 212
133 356
164 288
253 479
221 305
102 207
156 185
58 454
7 98
8 237
185 475
351 363
79 349
106 430
150 485
34 294
173 266
141 499
22 315
245 478
254 324
68 192
280 408
365 482
281 395
299 406
307 463
126 402
267 294
239 330
213 448
386 488
16 197
82 144
40 260
446 479
24 440
92 121
67 249
342 357
34 138
169 383
346 431
71 430
345 376
335 485
118 295
234 448
72 74
210 482
9 95
149 363
11 11
253 365
387 493
117 235
70 285
439 449
392 464
8 234
54 183
59 177
78 97
102 386
3 48
91 497
210 417
21 390
64 171
27 387
131 156
22 329
168 428
129 135
69 322
20 307
190 393
46 428
341 447
435 471
448 486
65 167
183 426
139 494
26 412
380 492
248 388
132 340
53 319
97 371
3 103
11 142
107 408
171 211
400 407
7 433
193 285
280 414
107 109
296 327
171 257
194 390
42 223
128 379
354 422
284 432
62 71
171 346
75 175
160 494
211 475
166 166
193 282
192 481
128 222
56 175
86 364
49 140
83 178
114 325
92 417
122 493
210 269
205 251
260 274
46 284
166 497
78 85
100 312
57 135
8 120
23 94
193 234
253 431
140 223
383 395
310 417
218 456
242 437
200 332
27 334
234 500
34 163
63 160
272 418
222 358
124 401
91 176
107 398
212 499
63 445
68 288
134 416
115 185
29 45
194 469
15 379
192 470
20 331
35 491
213 248
142 464
50 304
89 117
405 471
91 397
236 364
134 145
251 470
184 284
62 444
263 347
457 482
84 421
200 308
76 235
63 84
128 144
111 204
24 72
22 467
124 355
6 98
113 157
28 294
233 479
71 260
303 385
370 472
228 384
45 149
23 68
143 368
30 231
195 407
133 351
145 279
473 480
39 381
168 396
112 360
97 156
150 455
270 404
159 495
298 485
235 496
299 300
8 337
379 463
296 413
239 260
150 384
150 444
20 173
358 423
112 249
206 463
249 421
119 326
145 309
154 169
264 315
356 433
352 383
213 299
271 409
6 63
36 236
154 321
52 193
58 307
75 214
375 380
71 467
261 323
298 465
11 233
79 278
215 356
62 69
283 416
216 364
56 374
178 463
85 437
11 156
195 330
164 192
413 475
299 489
218 364
252 500
199 293
293 376
74 378
238 459
182 447
286 333
161 171
281 435
163 457
159 464
72 168
367 443
246 378
337 444
95 462
22 243
129 292
284 454
302 319
3 146
216 266
198 215
121 360
62 462
82 379
241 319
111 334
284 437
156 192
258 432
344 463
65 471
113 124
77 253
73 301
39 239
202 269
306 332
99 255
403 408
52 348
20 250
57 291
84 454
199 307
123 185
102 414
8 139
209 233
244 391
31 459
321 475
20 462
142 468
119 406
267 451
323 366
150 473
377 448
125 345
199 366
174 298
42 401
242 289
225 481
150 401
236 238
34 110
350 405
81 408
13 288
278 405
83 101
47 466
179 293
18 151
5 300
165 285
30 50
320 434
304 310
11 300
11 360
231 277
108 450
251 408
26 324
34 274
240 303
20 196
160 334
69 275
325 348
199 441
55 448
59 487
211 359
176 335
90 138
188 213
199 245
22 141
198 267
93 226
144 332
242 351
136 359
418 436
322 334
31 193
271 416
95 491
239 422
21 395
8 242
146 195
151 314
378 490
113 375
277 376
58 500
147 376
39 310
168 180
242 321
349 472
303 407
120 272
9 108
282 488
313 331
455 459
102 176
107 119
205 256
83 133
285 484
37 81
419 423
12 312
347 444
26 67
198 240
274 395
313 343
211 392
145 333
88 444
265 462
64 482
351 358
10 207
111 178
101 262
99 192
127 346
26 102
99 445
284 479
121 474
33 278
4 347
253 467
340 454
239 250
41 196
23 399
35 42
46 420
256 260
447 463
22 220
196 241
287 497
3 23
64 168
359 485
147 359
126 333
80 164
28 213
360 427
20 49
457 466
137 484
223 367
257 324
266 407
228 468
16 154
256 348
231 297
77 179
142 296
375 500
399 483
186 263
109 487
58 212
10 135
174 423
137 329
23 288
45 292
218 379
95 473
70 414
254 421
205 435
436 497
311 458
85 351
137 154
12 58
86 408
445 474
8 347
274 294
20 301
96 390
75 97
160 431
53 62
187 288
353 402
223 450
322 499
47 333
82 317
183 457
60 210
68 143
382 419
7 187
42 408
277 362
227 365
121 144
4 451
338 386
117 235
158 493
299 491
257 450
395 463
373 469
278 346
164 189
290 452
255 486
422 446
87 344
61 440
370 407
78 298
99 212
6 201
216 405
92 207
316 451
128 285
76 371
335 432
338 367
14 193
145 174
423 459
49 146
259 465
258 493
322 472
23 298
85 355
112 234
33 250
93 428
129 219
107 280
166 439
189 420
52 486
66 170
418 437
436 482
12 356
119 308
151 167
147 409
130 263
435 455
143 321
67 182
201 334
28 284
370 388
6 475
156 256
200 213
189 192
236 433
329 428
163 430
279 462
408 458
400 450
75 182
312 317
151 159
162 450
105 499
182 471
339 418
347 353
125 444
20 408
66 199
11 124
229 327
26 320
104 362
191 214
119 481
172 222
344 361
290 407
10 262
152 337
172 454
332 415
324 440
179 216
194 196
188 444
180 310
65 136
50 376
105 289
270 458
174 485
366 417
276 294
39 251
93 289
54 360
356 460
81 81
49 286
360 391
160 186
173 237
81 130
204 343
348 477
69 150
305 429
85 272
124 295
114 177
40 147
12 443
293 375
209 477
172 182
102 373
132 454
140 453
12 406
339 469
11 263
438 497
175 312
124 372
40 326
81 212
3 479
76 96
238 244
172 220
209 284
314 420
161 359
409 485
88 135
39 347
262 498
161 354
203 453
126 313
141 288
174 399
257 440
265 491
21 255
67 168
13 396
209 349
133 219
309 413
87 455
303 372
105 161
37 236
44 246
309 463
88 424
342 491
204 492
476 485
26 323
154 176
289 491
50 97
360 419
382 486
228 381
473 484
447 463
133 493
157 339
124 303
326 375
39 483
120 139
165 257
44 100
95 155
290 437
144 428
270 430
73 402
19 275
207 490
221 260
237 342
271 302
189 273
24 43
158 282
446 497
27 120
261 438
441 483
10 175
55 65
239 356
59 312
318 358
57 164
237 361
423 445
208 232
316 372
37 470
126 406
250 301
41 221
12 135
285 374
153 373
121 234
156 494
261 461
11 242
11 33
195 209
388 491
415 463
227 417
33 157
252 438
130 487
256 390
93 129
337 364
157 190
165 430
106 348
171 265
132 195
40 281
121 190
33 325
150 364
431 486
126 320
479 493
56 436
255 323
244 271
131 333
180 257
135 145
323 443
215 259
389 461
42 282
94 159
97 251
48 175
23 323
72 423
70 258
316 430
13 332
255 395
153 240
123 156
1 308
215 446
146 358
38 425
220 426
338 488
199 280
390 492
47 453
259 500
271 452
321 453
129 285
36 364
294 402
282 297
75 349
58 131
49 492
146 207
241 414
233 414
86 415
332 481
205 233
63 393
279 376
223 382
147 310
188 224
16 400
340 390
130 154
143 324
56 237
110 489
173 191
253 365
101 260
307 492
202 446
324 340
9 342
98 303
329 408
130 137
258 379
249 281
19 86
31 131
431 495
100 433
157 240
82 246
245 311
192 303
24 62
281 372
113 382
301 440
27 135
133 220
238 430
203 223
83 440
137 476
209 218
58 401
88 236
433 484
444 464
329 500
377 479
101 367
383 491
101 185
295 497
144 215
75 231
146 254
157 363
20 496
218 303
48 399
250 330
181 278
90 337
94 130
209 282
105 119
368 408
107 235
235 309
182 366
241 346
398 461
324 327
9 101
214 233
182 498
244 339
21 474
294 390
345 480
72 344
52 80
370 413
126 264
11 193
1 251
102 249
62 102
108 124
208 391
46 271
47 325
51 352
442 458
214 349
36 97
374 488
60 113
51 426
231 392
90 127
1 337
24 329
195 454
254 416
53 293
260 410
171 299
259 391
61 122
208 304
48 212
24 418
37 208
410 481
355 424
344 438
112 135
50 487
250 452
48 488
40 185
119 493
98 468
163 476
125 494
193 472
144 218
6 99
163 476
411 469
32 176
19 56
235 407
52 314
219 264
309 443
60 124
103 247
286 366
6 431
21 342
38 314
138 139
434 491
99 282
172 279
28 488
16 283
308 389
28 405
107 268
188 417
34 477
274 316
200 374
108 343
62 424
102 126
322 341
138 344
35 301
239 392
216 338
28 333
35 229
29 65
28 353
226 376
195 379
227 455
375 469
138 357
106 385
9 418
235 252
68 246
239 465
209 461
90 371
52 195
194 426
81 176
297 443
160 305
63 461
53 438
12 349
201 488
317 330
241 456
243 463
52 226
84 292
66 367
151 406
358 405
205 377
145 262
218 323
90 361
197 420
48 98
153 278
140 252
93 131
5 14
136 489
124 129
82 92
161 306
87 396
143 308
180 485
451 487
152 189
90 153
65 213
118 326
300 370
140 299
90 329
128 156
155 378
8 423
104 266
77 381
91 306
228 302
278 373
25 32
432 455
349 376
281 450
434 466
97 123
428 437
98 142
55 96
42 271
237 460
48 270
380 480
52 359
344 449
111 486
89 319
38 334
6 71
188 442
238 483
168 448
204 310
176 340
164 378
105 299
107 257
263 374
198 419
14 88
73 452
105 279
169 460
315 393
54 417
107 204
69 113
71 172
48 197
227 496
325 385
262 337
110 353
304 387
70 367
340 419
310 354
21 24
124 423
243 489
70 309
283 386
39 449
51 256
324 495
145 336
143 452
178 478
16 291
148 303
61 339
192 333
49 79
179 393
197 412
241 369
177 472
130 484
249 437
184 493
237 436
84 275
36 352
224 464
256 288
244 354
21 431
113 256
148 437
255 355
327 470
37 298
9 88
455 493
34 140
145 346
358 460
55 419
52 109
438 453
24 198
68 312
43 207
348 399
119 206
82 192
88 457
148 457
15 63
78 163
272 340
76 489
152 238
175 337
169 292
10 213
196 356
276 295
190 373
51 145
58 225
54 132
325 394
197 210
72 436
130 353
74 264
285 327
156 214
126 335
18 457
154 294
61 259
119 258
402 441
162 261
76 338
136 303
175 331
190 332
212 375
187 411
183 458
215 266
270 437
144 203
245 278
341 405
63 493
32 269
414 479
415 449
205 373
83 152
403 418
66 142
439 477
144 471
369 410
159 446
392 404
256 342
78 146
182 426
52 258
122 441
489 497
25 294
465 483
92 125
168 484
126 436
140 277
98 437
149 275
38 69
339 361
77 101
46 460
26 267
402 437
315 390
259 359
165 225
227 320
408 412
421 442
402 479
338 378
42 103
120 156
314 478
89 174
341 461
124 476
53 335
487 489
108 286
40 134
99 288
166 465
430 458
104 282
65 464
5 339
144 338
74 287
403 491
119 467
22 459
63 492
405 442
178 204
72 320
75 260
100 152
26 185
135 443
263 317
37 366
29 297
300 427
394 470
190 255
252 340
24 336
201 437
70 354
194 493
236 242
137 257
355 422
60 169
314 383
317 491
44 132
42 175
254 389
188 428
64 187
302 492
208 286
81 350
340 463
171 321
288 398
156 266
216 415
221 388
110 153
280 464
47 419
101 184
265 328
252 290
148 187
238 394
7 360
303 464
11 118
188 398
139 186
237 334
35 374
6 20
73 264
161 441
56 290
288 304
127 397
83 226
282 319
57 319
46 319
127 364
470 487
404 476
266 499
216 462
194 478
356 453
114 288
310 369
297 441
371 464
47 312
75 156
147 202
306 361
317 446
76 239
5 38
192 364
62 237
446 492
100 316
309 313
45 428
211 406
289 380
337 354
33 461
23 310
208 358
153 449
147 229
255 454
32 222
328 340
30 448
4 321
157 316
90 158
352 486
437 464
45 104
303 355
333 351
88 287
50 403
217 374
408 481
233 373
179 364
41 199
148 309
134 460
82 308
323 498
336 398
194 308
114 359
221 385
206 365
284 479
359 423
171 470
44 108
351 385
106 250
234 242
213 233
136 191
111 215
127 326
120 259
380 418
114 248
389 451
206 402
130 484
117 210
301 460
26 65
165 172
195 456
72 313
281 426
103 376
412 486
221 312
175 410
47 117
198 387
403 428
48 456
22 448
34 335
397 397
253 357
173 403
95 360
70 377
200 376
176 297
198 327
74 78
386 434
49 342
199 428
218 226
107 142
51 370
64 237
175 496
312 412
56 147
114 138
4 64
17 493
97 344
131 204
291 445
347 400
25 52
175 271
139 462
49 60
30 37
222 287
131 247
208 349
309 406
190 441
112 311
147 243
257 458
140 395
124 303
149 483
28 357
27 65
5 424
394 470
262 319
116 282
238 300
118 468
6 98
187 290
103 226
162 278
38 88
169 431
23 281
333 462
65 372
245 321
22 122
21 154
140 476
124 228
174 220
100 330
301 347
157 257
208 338
61 165
165 221
393 421
268 323
74 240
117 463
275 298
78 352
240 324
231 324
69 352
448 484
214 389
59 240
132 262
144 354
146 257
294 460
181 410
170 188
305 452
114 231
29 212
3 377
228 449
100 485
28 270
132 462
33 442
124 227
278 395
378 475
461 489
184 250
53 355
262 402
85 283
27 283
185 296
13 132
68 122
259 420
113 427
172 209
70 305
394 444
80 272
169 445
44 473
87 249
40 326
317 332
454 486
97 321
91 497
188 342
183 213
57 479
207 492
74 460
110 263
199 219
185 240
226 256
101 184
60 110
99 360
131 243
32 202
54 219
30 73
58 79
419 476
100 222
68 426
22 55
285 345
260 473
349 500
225 288
194 446
348 433
17 293
195 298
37 378
68 130
411 443
14 172
130 408
1 209
388 476
178 476
340 406
104 482
242 259
170 280
93 420
148 427
10 61
20 229
224 336
369 489
44 163
299 387
192 423
430 438
319 473
134 250
273 415
281 377
25 489
240 475
339 403
157 433
203 493
380 414
96 238
107 186
74 436
259 380
76 130
107 478
48 203
200 490
86 245
228 278
289 424
146 253
7 476
331 473
272 409
7 151
8 382
113 119
39 144
270 449
50 145
175 497
125 255
34 364
178 331
451 467
194 454
84 226
130 272
149 274
55 445
312 331
76 179
265 417
232 357
19 252
1 316
348 499
247 443
255 350
188 362
7 421
81 91
15 114
210 224
2 373
28 363
296 401
125 338
75 488
222 253
257 341
35 364
65 393
189 443
122 271
422 483
62 277
144 328
244 320
140 268
323 335
168 189
105 244
336 439
238 428
23 218
94 108
133 269
119 487
131 444
205 444
164 423
45 203
96 319
316 408
49 268
108 481
173 427
110 370
105 446
40 455
367 402
374 485
55 492
246 322
201 368
18 468
127 307
57 390
95 289
96 454
204 499
86 213
126 334
194 202
334 335
118 211
460 461
101 120
122 244
144 182
55 430
219 376
4 234
248 488
67 150
41 299
448 463
316 327
79 326
247 262
79 157
433 470
207 296
404 424
89 151
209 256
81 365
34 430
70 101
91 175
322 383
144 431
389 435
5 59
424 428
124 184
150 229
130 234
161 175
164 475
230 254
361 415
412 414
182 407
386 429
297 466
107 251
349 385
19 173
80 177
65 151
376 464
112 248
95 164
226 438
164 310
104 424
28 458
80 88
172 403
219 251
65 148
258 496
404 484
131 275
101 179
105 490
31 60
92 262
107 187
237 263
161 208
432 446
185 448
197 221
201 203
112 467
276 342
316 339
14 281
34 433
106 334
139 252
436 474
270 370
9 118
21 486
90 500
367 444
407 413
239 248
59 89
188 204
437 446
413 438
12 94
269 315
69 76
43 398
137 390
284 488
145 225
129 325
172 256
145 481
93 489
71 388
122 184
263 413
37 127
355 417
267 290
8 322
154 160
184 190
205 236
84 426
160 492
132 154
126 243
326 432
235 284
163 178
339 364
44 189
38 364
25 411
134 409
261 498
130 415
120 313
356 361
81 133
211 317
50 228
283 415
76 324
53 438
255 293
447 493
6 375
47 72
56 161
105 469
213 480
488 488
93 446
23 27
359 385
254 437
31 138
72 188
249 271
105 117
83 252
207 382
278 464
40 308
300 412
163 187
163 263
299 339
47 438
12 348
254 294
9 80
153 309
2 45
29 136
57 281
164 405
189 274
65 495
234 489
265 302
6 256
134 231
52 173
371 475
298 371
240 241
27 143
381 448
281 479
141 163
173 389
38 130
151 336
302 371
67 429
64 391
282 481
175 471
32 379
242 334
160 396
353 389
122 348
56 302
91 189
197 494
174 326
217 221
243 282
101 420
68 230
121 494
16 376
290 291
221 385
202 272
26 359
16 455
151 386
13 423
49 454
405 422
346 371
234 483
356 373
209 475
118 397
460 474
58 132
53 121
200 461
57 191
118 441
166 170
157 473
230 485
169 359
186 357
273 351
350 367
95 205
116 481
22 443
23 288
188 384
67 376
401 447
226 439
116 385
108 233
23 352
2 246
84 495
122 141
226 266
261 319
103 129
326 393
195 477
469 491
110 484
96 184
448 471
371 379
206 466
354 489
31 240
191 299
141 359
5 448
343 467
41 171
145 308
294 354
4 231
100 202
67 312
85 460
160 358
98 465
56 321
26 426
131 239
8 419
39 453
23 197
221 382
193 351
349 449
137 316
363 445
236 280
17 249
142 476
117 368
22 348
181 357
282 475
89 312
65 321
48 104
249 497
257 390
47 335
235 459
373 476
61 400
86 328
436 493
41 492
97 311
241 250
79 436
35 65
262 488
205 234
6 460
73 292
209 288
156 378
378 483
63 65
205 437
409 464
26 170
253 297
225 455
57 60
135 446
9 318
47 266
272 380
4 429
182 249
70 417
5 229
67 346
264 326
177 499
361 363
14 202
204 317
160 402
239 424
289 331
40 124
74 110
278 349
224 352
258 347
219 226
153 190
121 276
21 467
131 491
152 456
32 193
426 432
398 481
256 494
9 439
33 380
45 51
106 160
16 135
24 187
103 137
65 464
415 444
188 361
14 91
173 488
92 337
78 124
189 263
200 437
119 197
280 298
319 396
285 355
100 329
322 437
20 412
471 494
181 325
87 101
177 336
112 346
5 222
115 179
353 428
43 379
166 396
284 489
336 405
93 493
72 308
91 341
154 338
292 336
365 399
103 131
58 141
194 459
15 386
248 384
17 312
38 432
17 203
95 322
120 273
277 381
353 388
13 301
284 382
153 380
62 326
152 449
99 248
14 17
178 300
213 402
31 362
28 267
268 375
384 486
274 381
89 177
346 413
99 109
159 367
177 441
16 219
343 454
118 477
349 457
385 394
416 447
52 213
42 172
105 153
242 472
55 153
51 487
30 315
39 180
14 94
202 464
367 500
273 480
12 383
145 446
139 337
35 228
100 377
45 190
57 349
115 316
70 384
220 303
1 224
290 454
299 477
446 470
242 319
31 325
45 232
169 290
171 406
113 463
135 306
237 474
148 439
125 429
204 400
271 299
99 129
334 412
133 328
123 418
175 410
90 477
118 119
81 384
155 297
282 439
47 487
285 290
68 210
362 484
159 282
8 112
30 232
369 420
139 426
334 453
100 256
42 139
63 109
146 193
61 167
26 278
80 329
73 298
173 486
163 452
147 434
189 264
221 434
234 466
89 207
456 459
292 366
48 255
16 312
398 482
171 219
142 492
366 424
4 126
416 441
495 496
70 218
298 470
116 160
55 141
135 217
9 16
131 488
393 430
105 432
289 482
197 353
109 149
201 325
419 433
63 88
204 323
36 133
395 424
21 485
50 496
186 444
53 369
330 427
135 450
7 159
125 329
378 386
82 365
264 493
69 253
76 363
12 12
277 370
332 431
34 435
50 441
85 105
111 310
221 465
210 426
169 419
16 299
220 328
34 403
53 208
132 370
189 330
188 339
154 415
331 440
29 330
391 439
335 493
215 215
245 253
7 34
127 204
158 271
103 279
17 429
3 285
59 425
193 424
41 184
54 295
176 381
232 252
207 433
344 402
137 378
239 405
352 391
85 136
7 234
319 464
193 468
69 247
76 137
191 257
27 225
54 363
13 414
227 368
396 402
405 480
114 255
62 69
108 454
142 476
194 445
245 266
356 432
95 357
351 456
212 267
63 150
244 324
368 461
117 466
29 372
272 355
2 317
140 323
49 223
362 473
41 274
104 193
381 440
46 406
88 487
112 390
76 143
277 387
201 449
223 275
105 332
179 406
149 266
240 448
133 464
278 329
334 372
310 330
53 133
208 470
343 475
151 160
94 242
210 267
221 465
238 476
49 371
55 76
328 450
11 498
378 466
150 283
287 488
162 201
126 138
346 399
251 327
231 259
83 363
28 209
378 382
12 367
77 130
114 157
140 479
91 95
126 183
128 346
180 446
257 365
84 252
287 431
216 406
217 482
254 439
26 488
129 143
107 301
217 312
219 367
174 205
95 294
65 129
151 444
247 474
279 304
95 349
184 380
65 234
69 479
154 229
136 343
267 468
33 214
5 179
9 497
172 188
126 407
4 239
126 225
231 260
298 371
132 492
134 335
439 459
45 401
462 463
94 133
98 260
149 423
412 446
28 29
16 146
135 462
124 310
230 474
37 444
98 401
201 413
321 393
470 492
382 412
66 261
27 47
85 172
333 389
102 250
66 411
130 351
39 146
28 214
80 206
63 390
64 449
95 292
378 391
145 489
2 362
158 442
47 244
167 185
25 456
89 405
262 366
305 493
74 256
27 497
2 145
240 265
254 484
169 468
302 479
300 345
85 403
13 314
196 416
97 434
185 280
3 70
133 194
435 495
57 245
304 364
251 358
277 284
263 386
97 377
11 142
186 214
36 392
209 262
263 281
352 357
55 347
201 203
243 361
154 373
32 368
349 394
256 478
184 486
188 454
33 480
466 476
132 411
105 120
36 52
125 346
116 496
90 282
256 489
175 496
57 362
121 470
5 284
96 144
128 444
254 293
37 75
33 246
248 487
242 457
8 117
119 197
39 408
66 345
43 177
37 458
92 149
186 362
29 490
60 339
291 359
206 347
91 375
17 63
204 386
174 433
28 436
72 77
154 399
14 193
78 395
110 277
232 311
23 272
178 323
230 308
123 219
426 500
194 355
7 118
195 278
158 283
157 201
249 417
228 342
22 48
71 229
120 304
481 482
26 131
244 246
165 396
77 431
232 366
4 292
360 465
40 481
140 235
65 191
90 359
263 377
184 266
87 241
89 379
89 305
251 487
94 153
10 324
261 402
39 326
209 307
47 356
70 239
27 411
78 356
262 444
106 362
37 52
22 156
76 250
292 435
276 282
227 488
6 46
112 319
122 478
177 405
129 229
71 365
128 404
160 240
43 363
489 492
187 363
202 319
107 316
357 449
352 420
36 144
51 452
132 371
25 321
68 337
233 301
226 471
48 150
227 445
33 161
228 453
128 451
147 302
441 453
135 311
252 348
5 439
10 232
148 211
83 422
206 272
387 411
1 23
31 124
252 457
200 367
40 301
2 498
338 378
119 370
400 495
320 377
251 293
322 359
405 451
148 253
319 464
59 322
321 357
81 250
357 405
329 497
104 124
257 440
296 398
124 273
276 362
429 432
253 440
56 142
75 108
67 484
372 388
24 46
353 386
37 111
157 383
298 492
97 274
222 238
112 266
362 434
165 211
189 466
282 295
132 299
163 225
43 265
269 359
114 408
315 485
141 244
89 98
269 479
12 116
226 402
222 325
88 386
74 476
192 341
33 498
254 302
44 305
36 97
91 317
248 334
53 364
85 280
206 279
29 68
119 262
91 204
81 107
125 498
84 167
223 427
356 368
205 442
200 240
348 421
198 286
146 384
54 495
267 286
159 409
244 499
22 76
46 143
354 387
389 494
99 365
244 368
317 350
265 382
136 466
92 176
165 427
85 427
55 381
391 416
7 179
228 295
75 488
9 416
75 434
304 320
176 261
253 347
68 210
42 88
100 236
225 259
142 466
104 258
102 335
1 393
52 250
272 278
347 376
302 487
35 307
417 500
127 404
179 494
212 420
62 459
133 368
78 269
117 187
179 405
137 201
20 428
143 253
44 403
296 349
194 385
49 222
7 142
24 479
77 79
167 453
356 473
469 497
261 497
410 471
9 330
178 328
4 460
8 45
227 400
319 351
222 386
394 485
345 466
310 361
101 364
84 324
264 278
340 441
162 424
197 257
417 463
289 459
93 431
256 280
27 406
67 486
205 237
299 445
76 268
215 476
182 387
188 399
235 448
253 282
59 152
244 453
191 255
93 107
37 291
112 230
78 470
45 395
316 493
101 108
23 453
97 463
165 323
239 328
123 250
124 395
280 291
7 44
373 422
9 23
229 299
243 311
34 376
240 344
139 299
398 484
336 405
53 98
154 264
244 247
77 461
193 217
84 132
34 66
33 492
82 490
161 197
2 457
328 449
360 441
319 389
17 304
230 232
184 423
438 446
80 287
51 63
245 307
342 488
230 262
146 261
198 442
249 316
98 236
240 310
305 427
120 415
37 179
125 353
122 369
55 221
123 322
311 365
54 413
122 176
279 298
86 259
135 250
46 245
110 486
3 457
74 288
32 451
318 450
131 368
27 31
165 365
300 340
331 410
14 239
29 62
255 326
82 185
318 339
253 374
152 177
91 159
78 194
29 128
130 217
367 469
95 139
20 102
383 470
343 423
286 432
160 293
163 272
190 226
44 49
401 413
400 443
413 485
49 397
425 489
129 422
27 238
372 379
162 431
159 247
30 155
19 142
225 388
106 492
61 384
117 447
27 308
158 284
42 143
51 110
19 391
107 139
30 337
61 465
132 234
189 231
224 273
409 461
118 431
293 329
78 172
322 446
154 353
251 405
391 443
77 462
3 430
133 139
85 149
290 465
139 226
229 379
209 307
164 227
174 343
347 404
73 367
457 482
240 242
156 447
182 425
64 232
357 455
195 390
133 147
66 174
166 344
99 436
278 398
25 203
13 95
320 388
167 408
148 430
174 291
5 167
120 414
15 346
110 491
286 315
404 423
108 218
17 325
151 469
211 221
47 297
236 398
368 422
138 336
159 385
129 134
127 238
34 151
51 205
89 121
324 340
173 274
344 396
116 361
23 433
32 436
198 489
381 461
88 347
88 497
45 381
388 491
329 355
24 425
226 343
114 283
450 477
352 360
20 40
16 179
190 432
136 260
88 397
12 332
106 426
313 339
89 455
278 450
204 265
115 478
232 383
36 143
76 125
225 454
144 199
319 468
16 346
69 267
155 399
269 375
320 336
229 483
49 484
107 252
18 416
276 463
402 437
165 428
62 66
149 178
225 491
145 344
226 492
342 420
30 231
208 221
71 86
172 322
281 330
233 255
109 205
6 46
325 448
356 453
140 246
96 237
185 293
17 444
261 276
61 416
17 323
163 323
36 146
265 454
81 100
47 191
442 497
301 431
175 386
273 467
55 484
31 373
447 488
202 374
77 98
78 95
295 306
33 399
1 464
220 230
345 445
140 357
119 324
87 280
67 72
318 484
95 207
11 262
121 205
112 388
217 218
300 363
232 496
179 313
314 361
115 448
70 499
206 264
426 469
347 431
42 147
31 258
271 300
29 403
37 270
40 217
419 435
168 453
37 391
36 123
50 62
311 452
67 271
25 436
112 483
236 254
190 243
13 90
164 446
95 354
32 67
110 228
236 403
52 371
31 428
42 91
27 471
369 444
154 283
45 159
201 425
38 130
209 304
28 445
159 237
177 475
292 447
42 313
217 240
142 220
75 109
471 480
357 454
442 460
87 440
467 468
70 480
284 321
319 486
108 390
50 404
175 267
156 391
210 355
208 301
136 452
5 134
65 98
48 302
43 118
77 382
23 187
296 340
87 299
44 274
196 350
145 443
126 493
336 360
132 403
41 422
87 384
177 189
402 485
234 327
38 423
237 484
110 444
47 115
106 397
104 230
50 63
52 455
308 380
25 456
253 372
58 356
231 489
13 406
89 160
209 352
143 324
430 490
108 337
48 74
333 487
196 345
148 459
230 335
185 311
471 479
3 308
214 497
26 95
379 457
120 392
26 452
252 298
171 177
126 219
194 331
316 375
24 172
158 299
206 417
24 206
273 417
431 454
62 390
193 493
340 475
257 390
95 243
215 312
11 86
271 417
330 365
242 348
332 351
96 483
190 325
53 389
69 215
159 292
147 254
200 234
295 395
134 181
342 474
32 281
39 217
147 203
201 480
51 56
20 149
157 454
184 345
34 305
234 446
168 169
69 433
258 377
401 437
129 378
255 459
207 320
276 377
118 282
112 384
125 306
360 420
74 313
7 138
83 130
129 246
210 343
245 310
176 368
64 212
300 319
351 494
80 296
193 450
177 335
85 408
10 439
231 381
251 283
13 96
257 315
164 171
72 143
40 92
390 468
90 108
134 181
334 359
13 328
111 488
99 101
38 127
389 452
30 407
31 144
236 482
441 468
86 234
99 205
2 414
50 479
177 458
86 335
48 230
284 301
114 228
21 223
28 52
318 434
70 110
118 447
60 308
332 471
149 196
28 404
272 360
152 421
52 307
1 232
10 390
135 255
374 463
205 232
25 242
244 362
230 409
40 354
105 491
13 115
66 363
283 455
444 446
281 438
224 486
451 452
112 491
260 468
193 286
224 225
77 260
39 314
21 147
121 211
131 296
129 312
173 399
313 351
136 442
212 331
141 149
32 444
311 368
282 485
171 282
158 235
142 255
257 463
338 401
62 425
126 346
78 82
236 383
92 135
50 214
160 249
277 497
52 204
304 500
107 270
195 403
185 465
162 378
78 260
28 40
139 228
229 254
383 399
140 439
242 362
131 323
137 233
444 499
119 467
33 119
185 292
240 379
425 483
323 437
316 447
379 414
152 160
78 355
117 459
40 84
327 351
245 319
281 336
11 388
276 349
207 362
115 250
36 435
151 187
110 244
22 94
135 231
194 429
35 186
21 91
124 461
6 225
255 351
185 291
187 345
43 465
16 390
17 453
36 498
42 45
309 482
73 374
195 261
424 452
122 497
71 486
197 294
86 238
287 403
130 133
427 481
203 383
144 161
224 345
288 462
19 157
154 163
21 39
315 344
215 234
23 137
77 450
360 453
162 231
418 486
196 460
154 476
63 97
47 287
125 344
180 250
140 453
85 470
39 328
198 243
418 442
300 381
395 401
29 399
96 386
250 395
329 406
341 346
255 372
168 420
213 293
193 267
86 490
415 477
232 273
187 198
418 444
42 286
11 314
227 455
128 377
300 462
359 469
22 48
264 298
13 389
50 409
50 134
306 355
19 88
74 179
423 434
279 455
176 297
31 494
212 424
126 404
60 482
67 81
217 439
66 247
191 358
24 413
349 380
163 223
117 307
3 227
129 350
172 500
393 409
130 199
293 358
29 99
440 470
184 254
304 344
214 221
84 278
326 344
27 428
122 329
77 124
76 119
29 373
295 390
145 328
44 96
389 420
347 377
36 289
76 336
66 169
263 405
131 196
277 337
115 417
204 442
116 253
80 440
253 352
311 363
434 493
36 79
210 215
15 350
216 306
94 353
262 447
185 328
282 500
65 322
216 279
44 279
113 425
82 468
3 330
259 480
27 404
235 431
164 473
63 192
365 376
88 213
114 332
357 461
103 349
92 170
137 151
40 258
294 308
69 352
362 399
394 479
130 353
373 492
327 460
243 441
214 391
141 473
138 241
22 430
95 388
70 498
193 445
153 349
250 388
17 69
292 414
435 482
22 435
319 392
130 164
21 454
16 75
253 436
205 441
126 242
14 142
253 295
372 382
236 343
96 352
328 416
279 307
2 106
280 392
60 400
303 432
399 487
53 488
83 396
122 375
214 349
376 480
313 473
210 417
71 437
121 162
87 284
305 458
52 400
209 418
264 339
323 470
194 293
116 366
115 402
133 178
294 471
267 477
134 320
96 418
275 335
119 207
36 301
28 442
173 248
57 180
16 439
28 330
71 316
375 478
168 440
320 429
132 341
194 269
39 485
75 359
57 159
277 340
64 285
65 209
114 337
19 143
53 112
289 370
184 327
128 366
297 486
363 489
67 102
121 440
190 447
119 439
225 284
161 306
406 453
91 212
82 209
98 337
154 283
308 357
182 265
191 497
81 117
104 406
127 270
403 474
396 427
124 439
382 419
50 391
7 7
37 369
184 310
208 484
133 262
42 119
211 397
140 183
294 355
92 110
191 243
393 395
141 286
194 363
227 422
277 280
106 491
33 362
132 394
243 430
142 232
21 109
123 476
38 403
188 211
152 388
20 384
53 471
186 470
28 382
397 456
248 325
3 42
181 317
230 230
124 453
30 289
97 355
216 413
211 457
139 349
194 251
357 471
454 490
161 205
98 345
52 240
206 309
224 254
5 109
199 228
180 381
290 358
42 203
160 252
50 346
312 352
161 186
44 404
158 275
184 300
128 223
270 299
59 101
162 440
59 213
306 421
76 317
428 444
266 438
176 407
327 417
458 476
333 494
36 341
161 191
109 404
333 488
26 189
195 219
428 447
399 417
227 345
306 492
147 174
327 392
253 372
10 131
16 230
187 444
83 389
235 343
93 229
33 328
418 485
204 294
184 217
19 376
214 218
292 465
151 499
129 496
114 139
298 406
386 480
93 246
295 344
55 235
164 439
67 397
269 383
80 259
384 499
54 471
211 329
75 130
67 339
119 228
319 439
263 461
5 435
20 348
199 360
69 243
53 223
194 481
162 324
63 90
26 369
336 382
423 489
125 294
55 321
341 425
271 371
188 486
75 436
177 254
197 379
36 110
288 384
391 462
243 419
149 410
358 420
155 290
146 426
80 235
39 104
152 225
32 468
30 167
66 286
232 489
154 306
280 374
262 352
207 342
212 382
162 458
200 328
11 118
38 107
77 155
250 292
95 137
314 466
193 396
1 157
93 143
66 441
110 439
15 469
411 415
221 388
186 306
3 425
45 291
17 169
465 483
299 473
25 126
212 315
67 164
119 491
321 388
126 306
175 213
243 460
72 100
189 244
111 466
461 499
303 422
6 227
68 435
377 410
278 421
298 489
251 318
222 365
144 196
25 154
104 216
398 456
397 466
25 149
45 122
11 14
235 315
35 400
131 452
29 342
85 432
8 380
56 300
43 412
337 402
96 292
19 392
319 331
14 421
291 374
78 179
166 233
55 81
116 458
94 435
149 490
60 316
139 233
196 212
25 110
5 471
28 263
225 353
161 375
134 158
66 260
121 149
181 480
213 348
49 239
335 469
283 354
130 246
118 246
300 403
394 484
181 434
227 429
243 275
285 476
165 457
230 491
36 41
309 414
85 492
71 257
87 449
217 483
28 42
121 438
71 191
116 153
147 406
18 416
15 111
136 371
85 98
408 453
381 487
18 164
194 259
58 77
4 298
108 463
148 448
268 349
124 300
267 434
339 368
68 411
180 379
187 454
57 299
113 168
69 147
26 179
166 440
23 253
303 377
35 77
365 424
19 333
227 259
92 205
360 494
346 498
90 429
292 493
414 487
47 119
285 465
262 271
61 125
204 287
137 377
200 490
231 277
2 345
374 430
334 403
143 293
300 467
238 265
200 459
224 327
230 283
102 168
161 220
177 283
209 280
80 372
2 199
205 277
68 223
89 368
87 236
281 312
25 193
393 454
4 419
53 290
217 378
277 347
479 497
159 195
14 429
323 493
95 275
109 341
219 424
145 353
257 374
61 404
154 492
182 297
132 385
55 269
213 459
217 293
73 495
33 120
53 183
71 357
46 481
179 493
117 330
53 218
184 424
210 245
274 282
158 343
459 487
158 364
173 441
160 471
444 446
59 270
12 18
201 465
236 332
406 444
300 422
22 353
159 404
108 197
401 494
426 435
4 265
101 320
255 460
331 335
183 414
281 283
69 434
9 130
245 484
303 474
317 399
59 140
145 207
52 179
165 498
32 244
154 369
117 336
168 498
329 366
82 329
73 467
198 341
139 231
76 118
267 448
246 426
9 428
9 350
351 402
46 158
119 176
166 192
184 314
321 405
34 131
347 364
159 455
146 170
212 287
38 207
28 244
38 58
337 420
204 422
395 441
23 312
55 437
207 439
139 384
319 425
151 477
159 280
360 454
285 351
418 479
221 252
124 340
84 408
309 398
347 386
381 461
133 371
168 496
17 451
47 78
131 236
6 132
123 408
204 343
469 492
410 411
130 239
232 364
241 297
203 214
126 168
245 478
177 478
139 488
118 210
81 189
171 206
236 494
30 360
28 426
285 484
63 116
270 286
279 473
245 492
198 258
188 295
285 492
136 256
109 499
94 355
134 272
99 302
207 500
92 152
158 442
50 120
2 100
242 333
240 372
211 469
16 333
111 442
253 404
53 216
86 424
9 496
393 396
425 466
5 491
100 175
371 428
112 463
3 217
53 452
101 229
166 276
128 145
22 291
59 388
168 250
52 272
172 339
29 344
189 328
379 388
165 216
1 324
156 237
307 322
81 299
262 290
194 389
143 440
301 420
216 453
118 183
232 367
30 431
212 495
425 457
185 351
67 241
87 401
15 118
431 494
104 481
314 411
30 409
148 366
228 340
327 438
30 426
428 448
130 180
19 139
159 463
21 140
141 216
283 385
96 178
209 437
219 461
116 147
45 494
206 397
9 21
5 130
46 262
6 385
382 434
53 255
29 218
176 294
243 335
165 388
105 136
81 221
122 233
355 387
217 405
338 347
145 416
38 66
13 414
396 494
447 454
75 476
278 291
395 486
111 422
82 107
211 451
246 415
122 216
281 488
39 42
53 395
404 470
158 492
61 183
237 275
185 420
324 433
131 462
279 442
141 332
165 407
137 220
458 479
473 479
90 206
401 472
125 277
220 483
292 414
129 243
37 113
369 427
86 153
286 412
123 375
72 147
16 57
74 141
168 276
141 146
420 451
139 439
210 418
1 243
156 433
6 485
15 389
249 486
42 153
35 419
366 415
74 437
89 396
13 365
5 408
23 135
37 178
276 420
59 294
140 244
157 231
84 217
80 217
201 460
115 422
24 156
36 281
5 143
25 231
308 444
50 90
84 128
302 306
60 465
399 431
65 486
115 426
85 305
333 488
62 85
95 243
45 219
40 426
15 364
168 263
277 319
15 481
295 409
32 459
263 422
476 490
20 320
281 464
310 310
264 430
236 375
68 400
418 494
108 298
291 321
278 297
215 306
149 226
274 414
88 118
17 248
19 115
23 431
397 475
124 190
35 389
266 315
26 470
256 323
4 134
58 309
54 153
319 343
138 357
96 316
340 488
282 286
174 268
10 312
73 491
33 230
143 221
397 424
85 330
155 352
150 236
368 418
148 185
42 203
88 284
179 348
232 371
17 109
241 382
82 248
370 425
162 426
57 281
67 357
215 269
164 433
73 286
247 497
431 476
277 474
311 325
220 313
270 362
86 442
302 394
168 285
33 214
77 470
108 195
194 423
194 240
16 28
98 384
399 400
347 371
304 320
257 352
148 489
140 328
124 427
102 338
2 343
179 215
8 218
199 260
92 401
188 305
416 430
39 441
19 428
115 367
39 223
113 174
393 470
193 319
64 310
206 381
196 277
168 169
9 147
255 446
110 390
2 159
31 438
197 406
346 456
391 457
270 464
267 321
102 240
171 453
266 437
310 439
191 260
83 340
156 338
76 113
82 353
220 479
12 101
173 222
229 431
109 351
60 427
460 471
5 420
134 393
145 274
16 460
274 422
103 287
65 340
3 348
55 348
274 355
85 475
9 64
190 479
404 414
152 287
69 280
189 347
198 257
180 496
251 455
36 408
153 267
249 274
88 135
344 414
250 292
199 321
19 355
341 464
262 353
87 244
70 399
365 375
220 444
86 192
178 390
144 238
85 394
28 70
44 259
281 392
89 118
83 370
88 319
17 350
364 499
60 311
169 299
419 434
14 232
45 218
13 302
58 142
456 484
105 348
369 398
207 273
120 146
403 487
417 464
54 203
293 344
395 467
140 406
329 352
184 335
5 130
143 454
138 141
242 244
232 442
4 97
194 399
271 315
44 110
297 437
184 323
205 299
153 381
249 443
147 233
166 404
169 439
35 378
10 422
141 462
162 429
96 418
275 337
2 319
40 188
43 424
198 236
381 499
262 426
93 373
310 466
243 250
195 209
196 306
278 458
264 300
140 186
15 407
160 462
159 456
143 260
231 372
217 277
97 323
260 454
43 473
152 255
45 431
268 376
308 443
78 136
173 450
6 231
95 157
71 373
79 255
43 379
322 487
167 318
26 462
151 490
19 447
113 150
9 165
216 253
117 456
284 457
288 492
276 418
28 344
260 404
342 362
102 300
150 238
9 66
164 190
241 349
155 258
63 202
23 40
17 405
144 355
46 257
120 375
402 466
461 467
261 484
322 476
240 367
452 455
108 359
158 203
426 453
37 458
164 237
212 473
75 231
191 291
267 307
140 389
42 242
10 450
117 172
191 283
168 390
56 409
269 390
217 482
186 195
117 135
243 358
274 474
343 377
160 423
248 484
183 243
154 217
34 225
247 318
3 302
360 497
42 345
14 215
55 197
60 326
339 426
232 489
363 395
144 260
174 450
32 199
415 430
12 326
2 96
94 181
180 433
291 403
218 460
81 317
260 439
342 446
6 106
425 481
7 191
246 458
267 363
225 425
122 339
378 404
14 29
135 174
139 386
57 189
201 318
73 109
37 63
107 446
73 238
408 498
178 240
157 244
269 497
157 308
52 157
418 495
179 231
109 142
53 486
364 479
35 159
277 400
82 286
264 495
180 369
7 207
286 403
26 304
133 447
229 237
48 153
66 108
269 285
123 386
55 173
98 128
348 491
182 211
20 397
48 219
426 482
120 287
66 155
191 431
293 445
155 383
102 233
52 331
96 356
36 82
107 358
194 297
295 420
122 196
44 415
217 371
71 153
219 364
176 401
93 363
24 365
245 263
216 425
136 229
151 422
116 315
28 309
174 380
337 468
254 314
95 357
62 316
300 421
307 335
68 398
11 33
60 125
44 382
76 96
359 456
235 470
157 306
34 63
189 197
117 319
230 421
29 403
130 421
9 291
127 346
133 392
135 363
169 453
68 363
181 404
75 273
83 191
51 62
206 490
343 399
147 185
277 476
151 236
61 104
68 208
322 324
437 441
433 484
269 315
248 365
308 368
381 417
104 334
130 315
220 366
235 305
35 321
326 360
263 459
395 493
63 440
269 453
141 154
186 330
15 313
76 148
213 324
119 302
186 369
61 223
458 493
265 479
275 495
231 474
315 458
222 239
410 493
15 299
264 416
180 292
107 235
126 413
216 342
243 243
195 494
172 385
59 164
212 452
174 272
159 275
176 378
111 346
5 27
126 231
105 440
63 441
180 207
222 443
137 174
15 28
140 167
199 280
107 402
114 229
96 498
413 488
159 442
31 78
414 448
474 499
439 453
30 471
79 313
75 184
98 439
1 296
17 278
212 307
69 73
66 191
279 320
47 95
127 188
32 165
167 282
119 255
75 198
170 228
14 72
162 330
49 131
160 249
35 385
375 405
151 462
70 94
11 198
235 307
41 127
321 444
88 476
194 418
292 344
1 192
373 430
211 258
50 311
349 369
221 412
322 495
314 420
175 443
32 264
155 206
27 364
226 398
65 476
107 443
159 267
119 164
117 287
238 409
112 303
87 446
326 409
107 420
5 450
132 281
220 456
29 229
163 252
153 486
14 382
39 296
253 329
314 424
375 411
345 460
194 361
409 485
232 457
116 395
20 386
81 472
182 252
56 207
50 238
353 393
4 104
46 234
106 479
452 477
215 226
325 342
101 379
18 247
192 482
135 377
31 48
120 274
403 489
51 185
345 442
23 79
205 435
333 402
91 349
418 483
274 488
38 216
176 245
458 466
134 483
219 443
241 340
148 282
5 216
125 469
8 434
135 465
315 392
31 312
305 401
22 337
79 384
92 457
131 363
183 285
6 33
362 445
319 446
68 211
365 462
239 375
120 405
441 455
20 151
207 313
170 380
77 167
94 231
261 316
234 335
167 493
141 255
117 195
363 437
43 370
117 337
112 306
168 433
166 457
16 459
339 495
44 297
166 411
119 273
298 450
92 371
19 117
19 24
79 83
59 298
237 404
14 327
356 473
175 307
160 446
475 475
404 444
349 384
86 172
231 460
294 343
367 483
109 395
313 346
53 83
78 331
105 498
95 281
68 148
288 488
110 272
200 319
88 302
338 370
67 371
339 360
17 219
35 352
370 422
214 445
315 419
15 244
49 363
84 334
