56
284602394251326891 777850543756040337 30
235028414270740788 42976840308372967 8
158209228640387024 996636175136761484 22
816120110086813045 766848774209580911 22
884723180935134337 303928703550379310 3
591647728073629149 232889709344611181 13
552116774755494391 314350445526427230 26
554562017358304333 411046216211429560 2
852751418689297028 60928924853443916 30
775090956187262834 97686222236174155 20
917203825185162630 911084208833768664 27
740586646299620983 948519190467351192 21
638292830507905631 23953737877252761 12
507148069539555013 948755517078701425 5
125753684970750204 67772718262022070 29
187837388071323383 922789417694909989 21
888913542289467498 387490249360857078 6
486122546405054766 60254740886648144 26
686618021768420571 92930549984413826 14
284149219120601137 178085839300620720 9
80793838959139963 558059832205782420 3
71495700776383008 194779943334855148 10
82388199431909371 530425292637433064 32
618791925816668735 825217237967273435 18
194050622314850559 791304485357692877 4
501405304825939733 348063164638039166 22
122827474655366064 631926687222927828 2
876148745627873729 156356228264329232 22
860283580660940815 800436416403389794 3
331287579982300899 148119105728946223 15
493764032529810465 221951471349959457 9
713295361089187635 616735525848447241 22
583221440853959460 649771711092800396 22
697702294988144757 243827397261405732 8
8904103132485319 360518461952461807 32
446309348849242094 339175456472215259 15
369334898538410570 688919721989146060 23
96438539853685918 291766136674001452 10
353157506801497601 168143288423412861 13
774777909795756515 604418509802563576 4
957025856124255108 538144206454668148 31
366877721905379269 867614773722119863 11
335112187480306952 644598595024501143 27
921269716714310028 639811107774220191 13
169935049071180023 872097288853120820 22
581088591697823409 660589394342842517 19
966305440942849722 261152832439313981 18
697111992853636251 458755294364714257 12
377786040425052528 772210885854062735 16
380718393289227185 18790721010043710 18
173544255567317571 126635253539185065 16
746585389065919309 115604853523555461 2
875567534452918112 400174741724465240 29
167683393989516321 418777828167345804 22
604061997258604313 848592179311296361 5
266642875836997366 985037088964172434 4
