16
86115483558420035 394072847363766403 15
113119336552497612 602804068632348408 29
568636242190922280 89685006497702448 11
266419381041540035 941423972372962654 6
91219761671614981 44874708736741453 7
232792642112563512 529641989664849599 6
626059267027763420 880212660572838407 8
962919430310556075 365856162523585534 8
166149053121992375 715195424920309008 30
120757581155289475 483714958047070451 30
184263771192825793 191228972414682545 22
866671886244671779 557301147193269504 22
687888642974273774 600362170145495689 18
384715128766586181 590856095934534580 27
216128723893932179 769502545885407832 29
932557080205665249 359293672815385572 23
