71
811191248440323412 844469110054648285 6
174552679292973786 453536557165360513 3
44499736473200512 526027819826995446 19
297869171127966893 303945338164312697 4
827871308353348304 180772876787502994 13
398290309611363281 687509343932933733 11
721129946015012793 831003855220628358 32
358341848635916353 408207415439094449 2
540295866448558271 465037604450182064 26
649985692489564606 993890754747068889 16
585602961438068482 665154693362560341 28
921271162992653064 418014521804823241 9
752075473117900773 336195024869217961 8
4887697873968347 74175860728618764 30
941978666223432150 527376627347280460 12
256279295611904267 725044606388148491 25
709080958158928047 904365012105334755 13
235141503712323269 155482420076053894 13
779156700054745438 972790853725511886 15
987989499537701640 695622135648083518 17
660796109346965572 474823994997968247 28
450478956314465225 568858420488560694 15
420029041703079180 865094985626560569 3
721191473920780157 42331257112478280 24
746864459137185393 633018099251645835 21
440827639925950676 177380018344176996 11
583424705986441655 987379313433246161 25
806559813688975364 427826049382160275 16
343388870957496343 640667091212259612 14
998942108988994899 323456506754912615 21
282903600921515705 235914638818245592 28
621898810325045030 470711423391697815 20
958037393498012042 921419924586170664 7
779509354129953457 295160231233851976 24
478844484868633355 868104029926149978 11
55523262368667512 938811590803120853 21
205563776238071443 929775672107402483 2
725376836961468444 947405765077120066 2
570296096671419330 453818659470192191 16
704047759244559611 619117616120935409 4
595410694340039257 292779610413309465 28
345003488279315067 76579315408425233 7
499430309589601574 84838906948326458 31
859336241124589607 270339851803832277 21
470565996676282712 807234948746560039 1
951203582980739228 652951162035373688 22
493595768318789285 561411790808502496 2
809932219842547309 31792422627843154 9
844908210724748609 622755306253208106 3
149627189771056405 659524677179069263 32
649304879808762729 238891146616546239 20
664077066174644019 752187854085117640 28
948577088408412836 689989779003228756 4
440405870716599894 553298318241235106 6
148263615313225565 258234308157381875 20
876194899667159787 755946817569263458 11
399407151331906151 658911300798299171 9
560927672990166538 45192621171886516 11
471375725479798848 751777947861166440 29
382638126989394444 687374676004774100 23
681221436957927316 15220048587521230 9
504574058099538815 892349722838276202 8
587885497388759137 849359725219557461 15
667564387944647687 389796334542176634 28
732272045883562375 355835649764595174 3
311929612534231848 30792325941326036 12
81416379553575218 884196329411865832 32
333241592444020082 403876965164736925 6
9745290298458759 926630929607623680 9
646245231266976926 502568395127176967 28
181176168619325148 346438401869840756 14
