56
218834470546584021 994798169517310109 26
896356100289484257 478466252346627399 5
505781563588275372 909053745946966348 6
171334312705959472 413106279213960224 20
342601217516795959 146080031374254293 3
87581273421365276 863991729795566299 1
540280258616210474 491038903717468754 25
470254250642300576 127088591234794572 4
683008109037868674 175363167295125972 13
388365078942134069 938678305664524534 7
525711790111763423 728596238522767932 6
948992267321226020 659644302181686279 25
59850135050052480 633708018366869559 10
877128891610849809 63815385819259597 10
206361943762800590 969696118108928056 31
760941531160307970 135386815434790919 21
161353936184361505 689075266583062498 27
156611934396632658 301408213558600947 7
903171673486183658 92510075926917224 9
516119147262479558 2106160522432065 32
297278571989582697 352567007944609970 31
3190736886799441 116407124661556688 32
440999886488767692 836891617840318891 27
857240667270720470 866760575070416313 1
783986012890626027 521347372983433756 3
342176910917797661 373783573999108612 21
765049861261193846 265772472168342882 14
780567411103211426 730252489221051655 14
736572509556222717 13593177604491977 15
847720415046282690 773776489620910802 24
199872828603204113 123271833789429141 3
965294486131436880 711097589161786004 16
356860912661339412 771773561435082026 32
410907232018863118 330938896994513304 5
27419089293954518 826385380810196087 12
569951038469736054 902810339093266374 3
390319926504406127 630235382039857654 13
175731083363223617 791261857456269649 16
148808592352936960 822078422472506893 5
129726014538292301 984737551260674595 11
406940941637881888 152629217195690851 15
291135635751894836 328691387232734998 28
80164695147724501 849954959675306845 7
367973014025824867 219417952020484531 4
523723554747900865 622162362329126812 11
479959576567468500 2328042626535502 27
649035071321489907 323480291610049611 15
835199057361734522 623521893565596488 19
548742016315428339 58214695165049977 29
625867777748580899 749689624275428945 2
626002076231915683 291485004652141197 11
381878288307227225 240396896718285975 22
754749085100533539 417609326889690909 2
397323739188825895 100621739293525530 5
763394825647334499 964637554396396653 23
723059315726178398 762355245444436215 30
