14
748031735717193830 688434562416830426 24
658592238888874425 188486485829804283 23
386223616574312747 942743549168061867 18
668943710162175290 737415960740009288 26
834988892751230357 216531845233579101 26
118826180256522018 427044814524916876 31
585867580624284613 592732907865735697 17
557939343001601467 5926731214055506 10
330865503783807831 200288044932852069 17
150039696509787941 389843971470974842 25
916122738390221094 439568563592035275 7
182909358989837056 123695647166322281 9
632452965707881952 180906218474515592 31
339487896444933988 169172730337538538 29
