74
121022974864534914 300180482851931570 11
589726637506244381 634648331284237893 27
363377195820707428 527154815684150787 7
702502588449068797 558918988322302055 11
878013724317475522 657658628503309354 30
482691608423879407 360945074240927901 10
531165908734790829 661128020606420026 19
837310205751158210 761560225908568502 5
568606986686262217 730692844348744043 20
451775242663041987 144833885655370855 20
454282245875449632 176947004678335407 12
595554262121674727 846981630046360913 9
474213908335840877 758432212270331970 4
679401109362205057 63467415778366439 32
889265983146874309 722771479684210473 3
142708344566511002 926225385567068474 30
569455671663925640 347331690281358327 14
281085857104656883 366996387010798182 26
940404895671271172 726381332031390280 23
251188824633742014 65807030908862656 8
759472411241394350 686048597037623248 32
742362173191785851 174945696628544778 19
402383811902825718 515799390760489386 3
224675330680762102 289355592439725852 1
324262343604737259 877002350523845953 30
696899319775450571 754788933610353328 9
684988463084893874 84278482417910705 6
631468392284878531 466910260314391149 28
202141275580618646 33792006571301669 28
671150175035407571 647877432942865761 9
649855393023945051 109221107629406403 25
775762100857621319 976179521478327591 23
4322872952309928 712982512181065524 12
784610433621517572 812181452844254836 3
301559404254263928 823016872068844423 20
16141270809846171 219059636713683811 16
844253914832453177 299494572384619208 17
608798988670514671 79227588254661231 17
743874672816390608 289745989811684674 23
54739666070501538 365847711359836278 9
324632008371946601 446426010155917381 3
10350779891569701 778789391003374291 32
262498413865798446 923866571246516067 4
609539605662146370 169295554371776737 12
856810479373157029 708807475169133390 9
679206136642102050 336263216146796606 2
158500844062184712 416054289942611333 23
748787991304938584 75030498339645003 24
676374004928672273 776470543935883759 3
80915222843971516 588922536689228951 27
510857236023890690 312332605470857765 30
104421180690523441 527431224608370668 31
716923167309255138 445958099182761091 1
425268387253761527 456371194379919272 20
593405977975672588 41238883089410082 22
879400119445827781 141004852896864663 31
681899135707123475 260956058561090320 17
988186554776952284 520036798806271305 18
413181175986565610 958771389474002072 3
123774136627969252 338480630443004149 11
441255988594863633 825812704632696463 31
796587912666023098 532435380930162419 10
643952719849934078 17484880681948502 17
825844202434965827 712181415854458401 27
641642006688767024 212657950835574692 6
927490962446931820 782278573725060895 21
216325284580702897 169043972968339204 19
897082597619489204 9907704446790036 27
299224940830791799 670401748193634584 27
954156725984613656 894368497457525781 10
488970763064427336 797977059450945015 20
316056993092106413 233391196945036259 31
925828635651649735 414802684719879492 18
273963543423784743 949582173466094593 16
