999
17768
9159
6250
18548
23634
23808
5195
22765
7978
31950
22715
22444
16883
7932
10724
24903
125
25283
2133
10233
8988
27113
19944
17294
3959
9563
31023
29284
16948
22432
17610
1947
31591
23859
20494
22456
14898
25689
12452
22875
24870
2398
12550
8984
10329
23274
1119
10453
15788
3251
20686
24775
30364
7861
9301
1554
17423
7555
30837
1602
29986
15678
3549
28808
6769
24042
18495
21666
16962
30946
11773
9064
575
24322
18047
10904
14827
19165
21356
30615
22416
9273
22621
20011
17133
31921
21564
1788
6707
19632
3389
3925
2541
6937
32732
9309
30979
18459
30975
15172
16636
9979
24235
17211
1532
9514
28114
16359
28678
16701
14205
18325
25974
4057
5567
10338
3210
27130
12125
9916
13993
15514
13840
16534
22450
13804
25842
20660
32262
24048
3064
16129
1258
27298
571
2790
4043
28684
19148
32721
12617
584
18277
5822
4640
23844
16159
7849
18205
28284
17765
32198
11029
31604
15963
710
12639
9036
21370
12132
316
24433
28261
1573
18962
28831
4362
23005
24747
23509
22957
4595
24092
8465
10416
28732
32308
26574
3812
17745
22089
21576
17174
349
20412
368
1059
282
9403
22428
12414
9718
14092
7906
11291
285
3968
15652
23289
28714
6393
13477
540
30484
21942
10955
26447
21481
4761
30259
6457
26849
19066
23630
27198
6709
23997
28256
6991
632
17915
19404
10349
32006
27309
21639
32290
31276
4523
22811
27222
10915
3519
27761
8630
25460
5948
2309
14173
10708
32567
20629
4788
18864
11491
31985
25573
2719
27472
32563
3350
12618
19198
13699
11855
13738
2569
11377
12245
7091
1419
6698
18005
4937
1691
26635
30397
7638
28943
11801
18345
28741
32429
23132
14836
11151
22349
7640
13870
17052
7434
17219
29670
26631
30917
8756
7600
718
20132
19845
7808
21550
26542
25813
26487
28232
19679
24115
3101
15853
3147
21445
11825
2807
11809
26660
13958
1389
1532
27827
18440
8965
12277
15341
2828
10426
24097
10427
11143
11460
30271
18950
242
24045
11994
26728
19508
31672
18074
22609
14756
21220
11285
26580
24026
23093
20472
5215
24481
22003
273
10153
30967
12550
25493
1026
22975
16821
11453
1349
28281
8955
20298
28522
231
32292
22481
19739
31195
7786
9579
13183
29005
20863
6994
20262
11188
27465
25477
2900
16699
25749
13052
14898
5530
5777
15923
28504
22597
27375
29852
18109
3562
17382
13862
3792
16905
3574
23530
15331
11359
340
28513
7595
21203
2739
27857
32390
30203
20565
2521
14134
13545
15573
29031
19075
21349
12185
14810
11177
6792
11894
29286
10353
29275
10379
14144
13411
13953
4906
28741
25311
5245
24486
138
26447
27224
27994
26068
24658
15790
28589
6023
29334
11393
2285
15640
32741
14470
30450
11149
21261
9575
7666
31613
6081
18045
12988
19491
31997
17893
15463
24539
23138
7180
24676
16816
1635
19901
10116
26293
2922
5936
32315
32256
17328
1832
15127
17300
16301
12808
28448
4793
22382
3346
3637
28462
21390
16624
15184
20618
1749
30647
12388
24886
5058
4296
8933
6693
24196
19048
217
27118
24983
32531
26605
9542
1594
8963
26841
17894
21771
22521
22686
11384
25866
26322
7078
14487
10178
22261
2336
11926
20139
14723
4043
25197
19018
12975
31889
10446
32023
32105
4795
24237
31867
31399
1011
693
7593
27851
18586
29363
17603
8504
7979
10700
2057
15056
25186
12234
4548
27521
24159
24687
9476
28201
17115
28493
8408
16235
6170
7662
15571
10964
31898
14669
9594
140
15361
17187
27991
1179
13781
12825
9682
21759
23525
11738
4046
15942
23972
8594
10695
15362
512
20170
10795
17626
15894
19202
1092
22064
26863
16662
259
25992
31330
9853
26132
13923
27039
21354
15101
8051
1410
24782
29810
24934
3751
1087
8108
27722
9680
18802
10316
10191
6203
21110
27816
22096
7543
28907
11391
1637
12800
11650
27628
11362
21502
20991
25284
15772
9576
7616
23822
10986
32397
20863
3151
3379
21950
11258
31101
31629
30059
8648
9052
3493
29757
4099
25589
4531
238
4211
6167
13037
15860
1026
24398
4593
22017
16913
20364
31592
24528
11418
9809
24156
32280
12960
27535
21461
24217
25867
20322
21508
1746
29373
25000
31502
703
17820
3264
940
22031
9430
13977
5122
10455
5606
9715
32471
22519
30078
31295
14278
8727
8335
5666
8239
21294
432
29699
12743
26298
17252
1482
28043
13856
26481
26776
14559
11533
30039
15498
795
6700
29474
5916
17154
2312
15630
16857
24830
12940
15383
6339
21666
23717
12004
29904
12243
12435
26835
24985
5964
11318
26466
1238
25174
20178
28013
6964
31710
25283
22461
32504
31982
19167
5652
16368
21478
21281
456
13539
1452
15838
19877
23118
6786
31881
20253
19028
11547
14319
11244
17511
25637
4941
18748
18042
25119
13993
25005
24060
6507
14697
23796
5721
1095
29447
22088
22572
17959
22543
3342
19411
5612
23219
9760
12397
22331
30012
31425
1109
11563
9900
18619
4431
14841
4599
22472
7191
18591
14708
31250
25097
29404
22277
30817
30499
18955
20136
20302
4146
9910
23644
23556
15521
14094
547
27918
3656
30558
26574
4764
9352
3705
23383
13782
18545
27981
3485
25735
13803
18192
24217
6131
14828
13725
4180
12558
32680
24315
91
4057
1457
23734
27612
16977
5059
28158
12126
8714
25947
5931
13478
2531
9636
4092
16312
28180
32072
19797
21147
13106
5220
12595
19236
20047
26319
23415
32604
26230
14962
32695
30286
16418
23660
25129
626
28719
20518
12752
4664
13697
18682
18141
16227
28317
22232
32538
23729
21535
19566
12107
1872
24786
24701
21108
12064
18251
11754
11900
11713
26715
11826
9230
10364
2717
1591
10990
31435
22108
23741
3331
3036
9654
21471
19262
5203
10935
19032
28931
32469
5829
8269
1573
30614
201
22680
9910
18451
1665
21809
30163
28380
866
6625
5975
3582
8215
16964
2249
30322
7936
5579
590
17590
27049
19851
22792
5215
6114
18954
4916
11943
27222
6488
9788
27422
29167
19697
13104
30831
8737
10499
26442
9602
17123
32417
13184
25337
16612
15432
22890
24548
21010
23479
9369
15290
10562
32160
20505
16675
18345
25420
28617
12798
31907
5637
7451
28305
25333
20554
26367
1302
31052
20041
10903
15406
19689
24086
7974
3532
6749
30864
28079
