1000
23
12
11
21
18
23
24
1
12
16
29
23
13
1
11
1
17
20
4
17
6
8
20
18
28
13
27
5
21
18
21
5
21
1
25
1
16
18
1
27
25
29
11
7
21
13
30
30
2
3
16
8
10
27
17
30
1
13
26
21
22
16
26
5
9
20
5
24
30
27
12
16
17
22
15
8
4
14
7
27
8
14
4
9
11
21
8
11
25
26
24
17
11
11
21
19
22
17
4
21
13
15
29
29
28
13
6
23
18
4
20
25
18
15
25
20
5
3
22
22
28
15
8
30
25
20
19
17
6
14
29
18
29
19
8
18
1
6
11
10
9
30
26
18
14
21
7
11
23
29
2
12
5
1
11
30
20
21
8
17
5
28
26
25
17
3
12
9
8
14
19
9
5
14
26
11
4
25
21
18
23
14
29
19
6
10
10
17
22
17
3
18
7
28
12
23
22
16
1
30
29
19
8
26
3
25
6
28
19
18
16
3
1
14
22
6
15
23
14
29
2
16
16
8
5
28
30
26
5
22
17
25
11
16
20
5
11
25
2
21
12
9
24
4
15
7
1
29
29
14
27
30
21
13
29
25
2
28
13
28
20
29
22
22
7
12
18
9
28
11
29
2
20
14
5
4
12
28
24
3
11
13
24
24
17
23
18
10
12
30
7
1
21
28
14
27
9
1
5
29
4
25
30
23
9
26
18
20
23
11
22
26
15
8
19
1
30
6
10
11
28
16
4
10
14
17
6
14
10
2
4
5
26
3
27
4
29
6
16
13
8
29
8
23
6
18
15
5
16
25
8
13
2
11
22
7
19
19
13
20
20
16
24
7
11
12
11
1
17
18
13
17
8
13
1
14
30
15
10
15
1
17
19
3
27
2
1
8
20
13
27
1
21
21
8
1
2
10
1
11
27
13
19
4
17
19
9
17
3
19
23
4
27
12
28
16
13
28
23
25
3
19
17
23
1
24
23
25
25
23
27
13
27
15
17
6
3
17
22
5
27
6
30
24
17
19
9
22
9
23
8
11
3
24
25
4
10
17
28
4
1
16
17
19
30
25
24
2
11
7
28
8
13
28
23
21
8
23
4
16
15
11
18
17
5
12
20
14
28
9
17
20
24
3
1
15
19
24
16
30
23
14
29
5
3
21
17
2
5
21
18
19
1
5
27
27
17
9
2
6
17
11
18
3
5
18
9
24
3
25
23
17
30
13
13
24
25
30
25
29
20
4
17
12
9
13
9
17
21
10
14
30
20
23
24
25
2
2
10
5
18
2
13
9
14
26
2
8
25
19
28
6
22
14
17
22
18
17
8
1
19
14
22
30
6
7
16
8
30
25
4
18
18
16
26
1
11
20
30
27
8
27
24
29
2
3
21
12
19
20
4
29
25
25
29
1
23
14
30
22
1
3
9
18
10
27
19
13
16
10
1
15
29
25
5
22
27
25
3
15
7
6
6
1
22
4
23
14
9
22
6
9
16
6
27
26
24
7
8
9
8
8
15
6
24
20
28
20
6
22
27
12
20
2
5
11
5
27
17
5
19
14
14
4
19
10
29
13
8
28
13
15
28
28
13
21
9
10
11
14
23
29
26
12
30
30
15
26
26
23
30
6
6
13
10
16
14
30
28
21
20
3
28
17
22
10
7
30
11
9
13
3
7
30
7
6
21
13
23
9
5
23
14
10
5
15
25
11
7
15
23
26
17
20
12
30
21
10
29
1
11
3
26
17
3
24
15
15
6
7
23
2
29
29
11
26
5
27
28
11
3
20
6
11
2
9
10
22
11
8
15
21
11
2
29
5
17
13
19
14
12
4
15
2
2
17
19
6
13
16
9
8
6
6
18
29
15
28
20
17
5
26
7
7
27
5
3
5
10
14
18
21
17
2
14
10
18
3
15
23
18
15
30
15
21
9
13
5
6
25
21
3
20
19
9
9
15
4
13
24
17
1
6
3
24
20
12
4
22
18
18
1
3
9
16
23
17
20
19
23
14
1
25
26
11
25
26
25
20
8
11
6
30
8
30
16
27
11
19
10
21
6
11
15
14
18
29
30
7
9
14
13
9
30
30
11
17
25
5
6
24
7
12
24
15
11
9
3
14
19
13
26
24
15
10
29
24
8
20
22
8
4
26
16
25
25
18
11
19
22
17
13
21
20
28
27
30
28
29
5
16
3
30
1
9
1
21
2
30
10
24
7
5
19
22
30
6
1
2
24
23
18
28
5
7
25
1
29
14
29
3
29
2
25
21
2
25
11
4
25
