1000
13
19
1
17
29
15
8
4
15
2
20
29
19
17
3
18
4
3
8
17
24
10
8
17
26
28
18
21
9
13
15
21
1
15
29
30
29
29
25
14
30
14
12
10
1
7
19
26
1
26
12
24
28
19
2
23
9
20
13
17
2
27
29
25
12
19
24
2
17
18
15
16
24
19
18
16
17
6
11
17
2
14
11
29
3
12
21
11
23
26
19
17
22
9
11
25
27
4
27
6
13
3
13
6
13
30
13
29
6
23
16
29
7
18
27
1
29
9
3
14
4
13
30
18
21
10
12
9
5
30
14
9
3
19
7
7
18
19
6
15
4
13
13
10
30
1
10
20
10
4
3
5
16
24
22
28
25
26
6
29
25
12
30
19
30
28
18
9
16
23
24
19
27
28
20
26
29
21
7
30
24
2
26
1
25
18
28
12
5
26
2
21
29
1
10
20
28
27
28
6
11
13
24
7
3
6
24
1
26
22
22
12
23
17
12
10
26
2
21
30
27
22
21
17
15
22
6
12
10
25
9
12
30
25
18
2
30
3
24
25
24
15
6
9
1
18
18
27
11
30
18
7
13
30
15
27
21
12
1
22
6
9
3
27
3
20
20
2
14
13
19
30
19
24
8
12
3
17
8
13
8
17
11
20
17
25
17
29
6
17
21
4
17
23
22
20
5
12
21
10
24
1
9
5
25
8
16
19
16
15
24
23
1
26
13
9
13
21
8
18
29
28
13
15
12
5
4
16
8
17
26
23
17
26
27
3
4
12
22
11
26
7
4
19
2
8
27
14
20
4
24
18
23
28
2
27
2
28
12
1
14
29
24
30
25
20
25
20
2
8
22
19
14
25
7
15
24
4
21
13
29
14
22
14
11
24
10
5
21
13
5
26
4
28
17
20
10
11
9
3
18
30
21
23
17
28
8
2
23
28
7
21
3
28
26
13
13
5
9
25
10
6
12
13
3
29
2
4
1
2
6
19
23
27
3
1
16
10
3
8
29
1
20
1
20
16
6
25
12
14
11
21
19
23
3
14
21
26
9
13
27
15
23
20
3
26
12
18
5
6
25
26
6
14
18
18
21
23
12
3
29
22
23
9
6
18
14
18
13
23
1
10
29
23
21
1
18
2
18
15
8
4
2
5
9
19
22
30
4
25
2
24
9
16
24
14
3
30
24
16
14
24
17
12
8
29
4
18
30
13
24
29
16
25
26
16
5
17
7
8
4
8
23
4
16
9
9
18
8
2
25
13
17
3
16
25
1
19
12
23
1
5
13
8
21
8
23
25
17
30
25
20
29
9
15
6
17
23
16
16
25
2
28
11
5
13
27
27
23
8
19
23
4
24
22
16
1
7
11
17
28
27
28
18
5
4
24
22
27
9
7
13
2
27
23
6
1
20
25
24
19
13
8
15
28
30
30
29
28
2
7
25
28
27
12
3
30
27
16
18
27
14
30
29
2
15
26
3
26
20
26
14
25
3
20
22
2
12
20
29
13
19
15
11
7
19
5
6
15
12
24
4
25
15
2
27
29
27
29
24
17
16
30
11
18
19
2
12
30
14
2
5
2
17
7
8
27
11
5
11
14
20
14
30
5
7
26
3
4
16
19
12
23
18
22
11
6
15
14
28
28
15
24
21
23
30
20
19
2
17
22
15
6
27
14
2
4
2
27
7
9
15
18
2
2
1
4
29
15
17
18
5
23
11
25
16
10
7
26
3
23
17
17
20
14
23
22
17
24
10
15
24
24
24
17
25
24
20
15
30
6
3
4
29
13
21
6
15
19
1
17
3
18
26
22
23
18
5
9
3
14
15
26
7
8
5
23
23
24
8
22
22
2
18
12
14
30
17
20
18
9
7
20
26
2
3
18
11
8
18
13
13
2
30
20
1
4
4
23
20
11
7
11
12
16
22
18
15
30
7
24
8
5
5
26
28
7
5
8
6
15
20
19
8
12
30
9
15
3
23
4
6
21
6
9
6
19
18
12
10
17
27
18
21
1
5
19
30
1
26
5
7
8
15
15
19
6
15
3
1
7
29
28
20
4
6
25
15
16
29
24
2
25
3
14
18
7
2
17
30
20
13
6
27
20
20
7
25
26
1
25
3
29
22
14
25
20
8
9
5
28
24
28
23
27
11
10
25
5
18
24
16
30
30
4
19
11
10
14
7
10
30
1
1
14
14
17
3
13
17
29
11
10
18
25
6
28
26
1
24
13
16
9
12
7
12
23
18
13
28
16
23
27
8
15
2
13
1
26
25
