1000
17
16
27
18
3
21
24
23
16
16
16
20
1
17
2
8
28
24
17
3
21
24
25
9
1
1
11
13
23
28
29
1
14
18
18
16
8
3
8
16
18
16
5
19
2
28
18
21
13
4
23
25
19
9
4
19
9
6
23
1
3
13
1
8
30
19
24
30
13
23
15
1
8
11
11
9
1
28
22
13
23
14
8
11
15
3
21
23
30
5
16
24
17
8
2
17
18
25
8
1
17
14
1
25
24
11
25
24
30
8
29
14
14
6
16
28
8
28
12
7
2
27
30
18
5
23
26
14
17
3
14
26
8
14
20
2
16
6
17
7
14
15
12
27
12
27
16
11
24
27
9
25
16
1
5
12
23
22
25
10
17
9
5
24
14
16
17
22
13
26
20
18
2
2
6
14
20
21
16
14
10
25
30
25
25
26
6
9
10
30
18
18
8
14
11
14
21
20
5
4
15
16
13
8
17
19
21
7
1
29
12
10
23
3
4
9
29
9
17
30
1
27
17
30
10
19
13
23
8
9
18
14
25
30
22
3
18
4
1
11
2
4
20
16
7
24
24
27
24
3
26
16
29
4
16
30
22
20
14
22
29
1
5
15
1
18
9
10
22
2
20
15
5
10
23
11
25
8
7
10
10
24
26
30
27
3
22
19
22
5
10
12
6
6
18
28
24
27
7
7
28
19
21
2
20
13
5
6
21
3
15
22
27
2
22
15
4
5
3
26
9
4
7
6
10
25
3
25
13
2
1
2
20
13
3
9
18
29
14
30
2
20
21
20
22
4
4
17
8
29
4
17
2
11
22
3
27
17
19
9
18
19
10
7
2
4
7
11
25
12
10
26
23
30
7
6
4
10
23
11
8
26
19
2
28
3
4
24
19
23
24
6
3
25
4
26
21
2
6
15
5
15
2
27
7
8
3
10
17
25
12
17
12
23
18
10
25
13
3
5
27
19
2
22
13
27
17
25
28
15
9
2
21
2
20
27
9
22
28
18
8
2
26
20
24
13
29
10
17
23
14
6
11
15
27
16
11
5
10
30
11
11
1
2
12
20
28
21
4
18
30
11
19
25
30
4
29
20
13
7
13
18
12
15
2
30
30
4
5
2
3
15
12
25
8
15
6
28
27
9
15
26
20
25
12
11
20
10
1
2
17
5
11
28
19
12
28
11
15
24
12
9
30
15
3
8
29
8
5
26
9
11
13
20
5
25
30
16
4
22
17
12
26
19
10
15
30
29
17
6
14
28
6
5
4
8
12
24
7
8
11
15
18
24
4
14
10
26
29
13
17
7
25
5
25
26
19
16
16
27
13
21
24
18
25
19
17
7
4
24
6
15
30
16
30
26
21
9
13
12
13
21
10
29
25
27
24
5
12
1
1
17
21
16
26
16
4
13
14
8
28
11
14
27
26
13
22
9
21
4
20
25
25
29
24
19
25
9
16
29
10
16
7
22
2
2
29
27
14
4
26
11
15
9
30
2
13
21
10
25
17
29
20
3
20
13
13
6
21
28
4
22
14
2
6
7
4
4
3
9
8
21
12
14
21
11
15
26
23
25
20
9
15
1
3
4
5
16
2
18
13
27
9
18
29
14
24
24
10
19
2
17
9
5
22
21
15
6
16
30
22
6
30
7
28
3
2
3
18
3
20
22
30
20
10
28
26
3
13
27
13
14
5
13
11
26
4
25
1
19
16
15
16
16
21
14
10
14
16
19
17
27
10
8
8
19
27
25
14
9
21
18
14
25
1
24
12
4
11
5
22
26
19
8
3
9
21
4
22
28
22
30
16
2
29
15
12
25
10
17
3
22
5
9
9
5
2
20
30
12
24
21
30
12
20
2
12
2
28
26
29
19
17
6
12
16
21
16
10
22
24
5
13
28
13
13
24
6
3
15
18
18
6
9
22
17
2
3
19
29
20
17
18
7
15
21
22
5
6
23
26
30
19
30
19
23
13
5
29
7
19
8
24
16
16
15
3
17
10
13
16
29
21
25
27
5
15
10
9
21
25
26
12
13
26
22
28
8
26
26
14
7
25
29
14
10
6
8
18
7
20
25
27
11
19
24
15
4
25
16
16
19
11
19
2
28
10
29
5
28
16
10
4
10
1
17
11
6
17
28
4
6
15
30
8
3
15
15
28
10
30
5
28
2
15
21
30
25
19
26
22
26
28
17
27
20
25
7
25
11
27
20
17
11
19
16
5
4
30
25
13
29
29
10
23
14
1
22
30
11
9
13
29
6
29
25
25
15
2
11
