1000
26
20
30
4
22
11
19
26
14
19
20
18
9
11
19
1
16
11
14
15
14
23
27
12
20
17
6
7
23
29
9
18
18
1
13
1
11
24
27
16
4
8
3
12
18
13
5
3
24
18
9
7
10
27
10
22
13
15
28
28
6
6
15
15
6
20
16
16
5
12
23
8
11
17
11
29
30
15
23
23
3
24
21
4
20
30
25
25
6
22
22
11
28
28
26
25
17
11
3
21
14
25
20
24
12
1
14
11
15
7
25
17
22
7
13
11
6
7
5
3
29
26
14
18
24
9
4
2
11
6
15
24
23
4
17
4
4
23
6
11
21
22
19
12
28
1
22
25
8
27
27
28
14
10
7
7
10
10
9
20
8
15
5
30
18
14
3
14
6
30
24
26
21
4
7
10
5
28
4
4
16
22
1
30
24
7
6
25
8
6
15
15
12
11
14
30
24
8
5
29
7
20
16
19
23
22
28
19
12
23
22
27
15
14
26
30
12
24
24
20
21
30
4
3
11
10
24
26
17
20
17
16
9
2
4
23
24
24
12
27
8
25
23
14
9
11
13
20
26
7
1
16
6
5
10
8
14
25
4
22
14
20
29
14
21
3
29
6
18
2
2
17
26
17
1
26
27
5
8
22
11
8
29
9
4
1
16
9
25
11
1
1
30
29
6
13
23
4
10
2
27
12
19
23
20
11
10
16
15
17
29
18
17
27
26
20
27
3
29
14
14
21
6
5
19
11
17
4
7
27
5
3
30
15
17
11
25
19
26
2
5
16
19
21
4
14
3
23
8
1
6
21
21
3
26
1
5
4
4
11
22
1
6
21
7
22
1
24
10
18
25
7
25
13
19
29
18
21
21
25
13
18
8
3
12
3
26
16
28
29
27
20
21
2
10
28
15
3
21
17
12
7
23
7
11
3
27
20
16
9
14
28
18
13
23
29
7
18
14
5
8
2
24
29
25
25
18
10
27
30
26
1
6
10
29
16
12
25
27
27
25
2
17
12
15
9
2
21
18
15
25
25
9
18
15
3
13
24
12
1
23
29
23
20
30
21
27
4
7
23
30
23
25
8
4
9
8
5
21
25
12
16
12
20
25
18
14
29
12
26
22
26
16
14
8
16
5
4
19
3
19
10
26
13
18
21
13
25
18
3
12
29
10
23
10
5
2
23
25
5
10
16
1
26
30
8
3
26
3
21
28
21
22
15
25
1
6
7
18
23
2
29
21
11
13
22
7
14
14
2
19
16
17
11
11
8
10
5
3
12
25
1
25
16
15
19
9
12
18
26
4
19
24
16
21
28
7
28
11
13
29
21
28
7
1
30
15
2
4
17
6
20
9
30
5
16
10
5
27
27
30
1
7
23
8
28
20
15
25
23
27
15
13
16
13
6
15
19
29
18
6
4
7
6
25
3
13
5
8
2
23
29
24
30
22
1
19
3
15
13
25
3
19
30
10
1
27
24
12
25
3
9
21
1
14
15
26
19
19
25
20
4
23
13
3
6
13
21
9
20
25
25
14
5
24
24
27
12
9
8
7
12
16
27
4
30
3
29
10
22
15
29
17
8
11
19
13
15
1
13
4
17
8
10
21
23
3
17
5
11
25
3
14
10
21
18
1
15
8
10
28
15
8
14
22
10
2
26
17
24
1
20
10
8
21
22
22
23
9
18
26
25
12
9
4
24
18
27
9
18
6
6
2
6
20
15
15
13
10
1
29
10
13
8
9
3
22
23
18
30
10
13
24
22
13
19
15
23
15
15
2
21
21
3
18
2
17
24
14
18
17
12
20
29
12
20
23
3
12
2
24
22
6
17
5
11
27
19
3
12
26
4
24
16
28
11
17
6
4
22
23
20
26
4
10
7
24
25
1
5
26
24
26
24
2
30
4
20
11
28
1
6
23
24
13
20
26
21
25
30
12
9
19
7
13
21
5
6
15
27
10
2
12
28
25
13
19
20
3
29
9
25
26
1
11
30
12
6
20
28
5
24
7
16
30
19
6
27
16
12
23
17
5
5
14
22
9
3
11
3
23
20
20
11
12
30
10
24
5
30
21
2
23
19
17
14
29
14
2
14
17
25
23
21
21
28
12
21
22
15
16
15
26
5
17
7
4
26
22
30
17
5
1
1
23
9
7
14
14
8
19
30
24
11
21
6
9
24
27
30
8
12
6
3
8
22
2
3
10
15
2
26
19
3
19
4
3
25
17
17
2
5
16
18
8
28
23
16
22
11
15
21
22
13
24
21
4
17
23
13
