1000
1
25
1
12
19
11
15
13
5
23
29
28
19
7
7
26
4
30
11
17
10
18
8
24
30
23
14
25
9
29
30
9
15
22
20
3
2
26
15
28
18
6
25
29
12
24
24
15
23
27
24
24
6
1
9
5
23
23
21
1
13
20
1
27
11
13
21
12
8
27
1
18
2
26
16
13
11
1
20
3
27
13
18
2
5
27
28
27
11
19
19
23
8
11
19
11
23
1
14
23
27
15
2
29
2
9
3
12
9
14
6
28
18
23
21
22
19
19
10
29
29
20
13
28
23
23
8
7
23
14
29
12
28
22
10
29
30
4
2
1
18
7
20
27
29
10
19
10
28
20
30
18
2
5
16
24
27
23
30
12
6
21
23
25
12
2
15
4
27
16
26
6
22
15
3
13
24
13
14
14
2
5
1
3
9
8
18
6
23
18
17
20
30
9
15
11
2
29
6
28
15
1
4
28
7
28
2
23
10
7
6
11
12
28
6
20
28
15
17
20
2
3
9
1
3
23
4
4
14
1
24
20
24
19
9
30
16
11
22
25
9
19
27
20
9
24
2
6
1
18
25
24
13
25
25
15
18
20
11
23
20
26
12
13
14
20
5
21
22
26
7
1
7
25
12
15
11
5
12
11
23
28
4
5
22
20
11
1
1
13
23
13
8
4
17
13
16
21
25
29
9
1
21
15
18
3
21
28
7
24
30
21
21
25
17
12
15
20
5
7
2
27
19
2
23
6
14
30
26
1
28
26
23
19
2
10
13
14
29
19
7
20
2
19
15
18
23
21
7
27
27
1
23
16
2
7
21
7
6
8
7
4
4
30
22
5
1
4
11
30
14
17
19
15
6
25
25
28
15
23
16
12
23
8
19
24
7
9
1
12
8
29
15
3
28
28
30
29
23
10
20
7
26
30
13
23
25
29
12
9
22
27
12
14
27
30
30
3
30
22
14
8
20
21
10
18
18
9
8
3
18
27
9
6
26
13
28
20
4
2
21
25
28
2
30
24
2
21
18
23
12
2
30
2
14
2
11
23
10
18
25
20
6
25
25
1
30
14
13
3
15
25
19
5
26
18
20
19
1
8
12
12
1
3
5
14
4
7
6
6
16
1
25
21
17
11
14
16
16
18
18
23
12
6
19
29
16
8
10
16
15
13
19
15
15
16
20
11
22
18
16
8
10
2
20
26
4
3
12
11
20
21
3
1
27
13
30
4
21
1
19
5
13
29
12
27
14
23
7
6
10
14
5
19
15
24
15
10
27
18
21
8
8
15
9
26
28
30
29
18
30
17
14
12
16
17
30
21
2
29
26
11
12
30
22
19
24
28
28
12
15
10
19
14
17
19
10
14
18
8
23
9
17
28
12
24
7
12
14
8
2
2
18
13
23
9
23
8
28
13
19
12
22
30
18
30
18
27
13
28
26
27
28
12
17
10
27
23
13
3
30
14
4
9
18
26
10
11
4
7
15
22
11
6
13
28
6
1
24
10
28
11
29
17
15
15
26
11
7
30
13
28
13
8
6
23
4
15
3
7
22
17
20
24
14
3
21
11
25
6
13
14
16
11
30
30
17
26
3
23
25
7
12
30
15
17
22
18
24
16
16
7
24
27
30
29
21
20
2
15
25
14
28
2
16
28
24
2
15
26
16
9
24
27
30
8
5
21
17
28
28
24
4
21
21
25
12
11
14
13
26
30
26
15
2
3
12
25
4
26
12
11
27
5
29
26
5
3
9
21
23
28
15
18
11
27
13
22
7
26
4
24
18
21
9
19
23
12
5
18
8
8
28
26
12
18
13
16
20
13
29
4
11
13
22
21
9
4
4
7
21
7
23
30
27
23
10
19
4
14
6
3
21
25
20
25
12
3
10
23
7
8
27
17
12
10
29
12
5
2
11
25
8
3
17
26
25
26
14
20
2
11
23
14
5
12
8
8
6
10
1
13
9
19
21
21
28
20
24
2
13
4
18
13
28
4
8
14
30
14
4
23
24
18
6
21
29
14
20
27
23
20
9
23
8
29
13
27
10
29
28
23
2
16
5
22
11
4
5
2
17
30
24
3
17
30
15
8
13
4
4
27
16
12
19
15
2
24
12
12
14
1
4
7
8
30
28
19
3
25
20
20
24
14
14
11
5
28
10
17
23
13
5
30
16
15
15
17
30
18
28
13
18
1
20
26
30
9
6
3
3
25
14
27
30
19
29
4
8
8
12
30
12
8
30
27
15
6
13
14
23
3
19
2
25
30
19
25
8
24
