1000
19
11
11
24
29
2
12
27
6
19
26
9
10
29
17
1
25
23
28
29
6
20
23
16
14
18
15
24
12
23
18
22
3
20
7
1
21
18
19
18
28
6
19
29
4
5
30
20
19
27
10
16
9
3
2
14
20
16
7
23
30
16
14
24
5
20
16
18
29
26
5
18
1
23
16
4
19
15
15
29
4
25
15
12
27
16
25
16
23
23
8
15
9
13
8
5
24
16
22
22
11
19
9
12
3
16
7
14
1
22
12
4
16
26
7
4
11
23
19
26
15
18
10
15
22
9
20
15
24
11
28
5
29
28
8
24
13
14
7
13
27
18
8
4
14
6
7
16
28
17
11
5
26
12
19
17
21
8
23
6
11
20
10
9
17
17
24
30
23
30
4
11
18
4
15
23
9
13
8
29
22
11
3
17
14
13
26
26
13
18
2
23
8
11
23
16
20
17
15
4
16
11
6
25
14
12
17
22
25
17
12
8
19
6
16
2
19
11
28
1
21
21
23
20
23
15
5
12
23
12
7
9
22
13
3
27
24
12
10
10
28
22
17
16
27
3
9
7
5
6
29
25
26
13
14
19
20
11
22
12
22
21
20
5
25
15
1
10
26
10
20
15
1
28
30
20
22
8
26
27
6
17
13
23
29
19
11
18
29
25
30
12
7
11
16
1
17
16
10
12
25
21
26
18
19
17
7
10
17
24
28
22
10
3
14
1
21
17
10
11
3
1
22
9
12
7
9
20
14
10
24
30
1
11
17
19
28
15
20
14
9
10
27
10
12
10
2
2
18
12
4
20
12
25
20
15
23
28
5
6
30
28
5
30
8
14
18
27
28
29
2
28
8
28
8
19
30
1
12
17
12
15
29
24
1
18
8
23
8
4
20
7
1
17
6
1
30
15
27
19
13
21
17
13
18
16
1
17
16
5
26
28
11
24
13
12
11
12
26
10
16
8
16
8
24
21
8
15
27
27
3
2
17
19
14
26
26
6
13
12
10
8
1
21
23
13
24
25
24
19
5
9
18
20
17
11
3
16
17
21
12
20
22
20
30
27
16
18
3
20
29
4
19
29
16
11
11
9
27
26
20
1
5
7
13
13
10
15
28
26
5
2
7
19
13
29
15
28
16
17
9
6
13
27
4
28
29
6
29
26
1
18
18
27
16
30
9
17
6
29
5
3
30
3
21
12
1
27
2
8
14
2
5
26
29
30
15
19
5
13
6
28
30
24
24
8
15
25
24
21
23
20
23
14
23
5
17
15
1
10
23
6
12
27
1
2
27
8
20
23
20
26
12
12
11
28
19
25
22
4
15
6
24
29
19
16
3
27
30
4
7
14
9
18
3
2
19
21
9
30
5
28
25
17
1
27
14
19
22
5
15
28
2
30
27
12
7
29
8
28
2
6
12
11
23
6
4
3
26
12
3
30
1
19
8
2
16
21
12
29
17
26
26
18
17
22
29
23
13
29
21
14
4
24
16
19
29
19
21
16
22
15
7
15
26
15
16
3
5
27
1
14
15
18
1
1
2
22
24
14
20
6
27
23
29
5
11
27
15
24
4
7
30
10
21
25
16
28
27
21
16
19
26
22
7
26
23
8
9
8
21
28
13
9
13
3
5
15
29
20
8
24
18
8
3
8
24
19
27
21
1
12
1
26
4
29
13
18
28
22
17
18
11
21
19
15
23
23
30
13
12
29
6
29
28
30
28
22
18
24
4
10
28
4
27
23
3
10
10
30
23
26
10
25
16
20
10
30
12
1
12
16
29
17
6
27
16
26
18
26
11
13
27
8
16
24
30
10
25
1
10
17
26
11
3
3
30
4
2
3
4
5
10
3
13
16
21
21
11
30
16
21
12
12
21
19
5
12
29
29
13
30
7
30
10
2
25
1
5
18
3
9
23
13
3
5
20
23
25
22
14
2
12
25
6
24
13
10
6
3
1
10
2
29
9
3
30
25
3
27
13
6
5
5
10
29
1
29
21
18
12
26
19
15
20
24
9
24
26
6
27
18
15
20
8
15
23
30
10
25
26
14
22
22
10
23
20
10
13
10
27
24
27
8
9
16
23
17
1
18
14
19
27
20
9
5
4
1
4
5
17
29
18
9
20
27
1
9
29
6
10
17
29
6
24
7
13
9
15
5
26
28
24
23
17
24
19
13
24
22
9
2
12
19
10
23
7
3
23
27
8
2
14
6
29
29
5
3
7
19
29
25
9
22
9
17
15
27
21
30
18
22
2
21
10
3
13
8
27
5
