1000
5
4
28
18
2
18
8
28
12
15
16
10
9
16
24
17
25
30
5
15
30
14
6
23
4
7
17
8
15
14
12
19
17
1
28
10
10
5
7
21
11
15
22
11
22
15
27
16
15
1
1
6
6
28
20
9
5
6
16
19
19
19
29
28
11
26
7
20
22
6
2
3
20
24
13
11
30
2
19
6
24
19
11
30
16
30
30
12
6
16
22
16
26
20
13
29
7
12
18
21
17
12
15
28
27
27
30
18
20
18
24
6
28
26
5
6
26
4
17
23
11
1
8
29
12
13
27
19
24
6
1
2
17
15
21
5
3
20
23
23
30
16
28
19
11
24
24
28
19
3
12
30
3
20
20
6
24
16
24
17
21
16
10
30
30
30
4
3
11
26
17
10
11
6
29
22
21
14
11
9
16
23
30
10
4
19
16
27
4
1
5
17
9
14
16
8
5
19
2
15
15
10
17
25
7
7
8
27
20
19
6
28
3
27
29
6
16
6
2
11
7
28
19
15
11
4
14
7
15
8
21
29
17
7
15
24
13
15
12
25
25
9
22
27
6
20
2
13
26
25
15
24
22
4
30
24
29
5
30
13
12
20
3
21
19
10
6
1
24
17
17
10
26
8
6
23
20
29
27
7
23
11
22
14
6
21
7
27
25
6
9
29
17
4
19
5
13
24
28
28
2
14
7
19
14
4
11
3
2
7
1
16
10
22
29
7
4
27
3
20
24
12
18
10
7
28
7
19
21
4
16
23
9
14
11
22
17
14
16
10
12
16
25
13
7
23
20
2
11
22
22
4
25
9
13
1
7
19
11
19
14
18
3
23
1
6
14
9
11
22
18
22
7
12
5
6
4
16
7
6
7
20
9
24
21
14
16
27
24
27
7
8
14
10
22
7
7
27
15
17
18
3
8
17
14
4
22
10
19
20
15
18
2
24
3
22
29
18
18
22
14
16
29
20
17
12
26
23
9
10
9
26
4
9
4
18
4
25
27
15
7
3
24
8
18
26
29
16
13
8
8
19
15
28
8
2
10
25
24
10
26
25
27
30
25
1
9
28
17
27
4
23
29
27
22
17
22
12
2
27
11
1
15
26
21
14
19
30
30
4
1
25
28
27
16
14
27
16
4
14
12
7
28
3
4
12
19
25
15
12
21
26
5
27
13
25
10
1
16
9
4
16
26
2
12
3
7
1
19
10
6
30
17
25
2
20
6
12
6
21
16
19
8
20
15
20
6
17
20
21
17
23
6
4
16
9
7
23
9
25
2
6
16
18
1
10
29
28
13
27
10
28
7
17
9
13
28
14
29
17
4
8
2
1
11
17
10
9
9
10
25
3
8
11
12
8
12
3
27
24
29
7
14
5
15
22
9
13
6
8
21
1
7
22
2
9
9
3
18
9
4
12
11
11
14
15
10
17
17
29
3
7
5
16
3
11
7
11
23
4
10
14
5
16
5
28
25
5
30
4
14
25
7
16
28
13
30
29
29
8
27
1
14
23
16
8
4
15
19
18
18
28
1
14
6
28
11
22
2
2
25
7
19
1
15
16
5
6
14
4
14
3
4
19
25
12
27
28
26
7
16
5
4
8
19
1
5
21
22
29
23
8
27
11
9
11
18
5
17
1
8
22
3
4
10
20
7
28
17
2
4
24
28
30
2
16
30
28
29
22
18
21
29
15
23
29
17
10
4
3
2
3
16
27
6
26
16
4
15
24
5
19
18
25
10
19
2
9
8
30
22
26
20
13
10
4
3
18
13
28
13
7
1
28
3
28
15
18
2
30
3
28
10
20
14
19
30
16
19
8
15
3
3
27
15
4
30
9
21
5
7
3
11
29
23
5
26
7
14
19
28
16
9
7
6
22
17
5
7
28
4
14
30
6
10
6
1
1
14
14
27
20
16
7
10
30
11
6
7
16
16
4
2
24
3
7
16
19
3
14
16
7
27
15
4
28
12
5
29
26
18
25
7
25
24
17
25
26
14
23
12
29
26
5
15
28
3
22
9
5
5
24
3
24
1
29
21
12
3
11
29
12
28
6
28
13
22
14
30
5
6
11
25
24
7
9
21
9
22
29
14
19
15
8
12
7
6
24
18
30
27
17
3
16
14
1
28
5
14
27
1
12
30
25
5
6
26
25
15
17
16
20
5
22
19
8
28
25
2
7
16
28
15
19
5
28
19
2
2
24
20
24
5
11
19
9
9
6
26
15
14
3
4
11
24
14
18
21
30
11
19
16
30
4
26
4
1
6
5
25
