1000
29
17
18
26
27
28
26
5
25
21
19
9
23
14
19
8
28
6
28
27
17
9
4
8
12
29
12
12
26
16
6
25
24
16
12
21
13
7
25
8
20
6
8
12
19
26
12
8
23
1
27
1
9
22
9
20
13
20
2
8
27
29
24
21
14
5
11
19
4
27
18
23
24
25
26
5
12
7
12
4
8
30
5
16
22
13
6
26
24
29
3
20
19
27
10
25
23
12
5
26
1
22
10
24
8
6
28
19
4
2
22
11
23
18
19
14
22
16
9
15
14
4
27
2
30
28
18
14
2
22
10
2
13
11
17
20
16
7
30
20
8
14
22
30
1
10
6
23
25
6
29
30
1
25
24
22
15
11
6
16
25
7
17
7
17
25
19
25
1
10
6
8
23
27
30
24
29
27
8
15
24
6
7
25
23
30
16
7
2
21
14
26
19
22
25
6
16
5
30
17
14
5
16
7
23
15
22
13
3
29
28
27
26
4
21
10
25
28
8
18
19
21
6
7
12
30
4
28
26
25
6
9
21
21
7
14
28
20
26
30
18
15
18
6
10
30
15
26
28
23
14
16
5
19
14
9
10
10
28
5
4
3
5
25
23
12
30
12
23
25
4
11
2
21
8
11
21
14
29
10
28
12
25
3
30
30
11
1
9
8
5
13
10
9
29
24
12
28
28
5
14
1
7
15
13
6
18
25
19
16
4
17
19
20
11
10
20
21
10
20
20
14
24
21
14
14
6
18
11
3
14
25
25
12
1
8
17
10
24
27
17
28
13
5
17
23
14
28
5
15
10
24
20
25
6
4
9
12
13
19
14
26
5
9
29
28
8
15
29
23
3
16
20
16
12
29
30
18
18
27
2
19
12
22
14
18
17
22
29
21
2
4
8
29
4
6
18
3
12
16
26
14
1
15
21
5
5
21
22
23
9
23
11
20
6
16
29
14
7
27
4
1
1
11
21
4
16
8
7
27
15
24
11
16
8
1
12
13
13
3
27
13
17
29
3
23
15
1
6
13
20
2
5
12
12
25
7
20
24
5
16
9
28
18
16
6
11
27
10
15
29
28
28
15
26
22
29
10
14
27
23
25
28
27
6
9
14
13
20
7
17
6
15
15
15
30
12
17
18
13
24
16
10
13
23
5
26
21
7
9
17
29
26
6
17
1
7
30
5
26
29
22
23
5
28
8
27
1
16
14
13
9
22
14
13
14
18
8
26
16
9
5
14
4
10
23
4
16
14
9
12
12
22
4
9
11
3
5
11
11
18
15
19
9
28
2
14
7
1
10
23
9
14
28
12
15
20
8
1
26
8
4
29
21
7
7
1
2
11
3
12
21
17
22
21
6
15
5
12
16
14
4
16
19
24
28
3
5
27
25
30
4
28
29
16
27
27
16
28
30
18
1
20
26
22
10
1
29
14
12
14
19
8
29
29
23
18
2
27
14
18
27
9
16
17
16
4
5
1
1
4
10
23
23
5
14
25
27
12
30
1
17
19
30
8
17
22
25
10
18
1
28
6
1
5
14
17
8
19
9
30
22
19
22
7
15
27
1
4
1
22
4
17
2
25
16
11
16
11
20
25
3
9
1
25
13
6
11
12
24
12
11
16
22
2
22
28
29
14
1
21
27
26
7
29
20
23
9
27
25
20
14
19
29
6
13
3
11
16
15
5
27
25
20
18
19
3
15
9
8
8
29
4
3
27
2
15
11
2
3
5
22
16
15
20
21
28
14
2
13
28
6
9
15
17
18
3
11
2
11
18
9
9
13
4
5
15
18
8
16
20
12
7
28
19
18
18
16
2
19
20
21
16
28
5
2
7
7
12
8
9
21
9
17
4
12
14
10
21
21
17
2
24
16
29
12
3
9
19
26
27
8
17
5
27
13
28
3
20
10
3
20
22
11
7
17
14
12
26
26
24
13
27
9
20
18
21
14
26
1
10
14
9
18
18
5
22
16
30
3
17
2
23
8
4
21
25
17
2
12
12
17
16
30
25
5
17
7
19
4
8
20
18
8
7
5
4
28
20
3
23
28
4
15
6
7
5
22
15
28
25
18
14
11
18
8
15
26
7
3
30
14
22
17
21
20
21
24
10
3
19
2
30
14
16
27
13
12
10
27
9
5
7
22
7
24
21
21
11
27
16
10
2
29
26
14
19
9
30
20
3
18
13
24
23
20
13
5
1
14
24
1
10
30
14
16
15
4
7
25
23
14
5
16
12
22
30
30
22
21
11
16
8
23
2
22
12
14
27
4
