1000
19
12
4
29
11
17
14
25
13
12
11
5
25
15
12
7
29
11
28
12
23
9
28
22
23
29
14
27
4
2
30
22
13
26
12
15
12
26
9
24
29
11
20
24
26
2
22
16
4
19
27
27
19
16
18
12
6
23
30
9
24
21
23
6
16
4
20
28
21
20
13
20
1
25
5
18
18
26
25
13
14
21
1
25
29
19
28
4
3
27
13
27
17
27
2
3
22
14
22
13
3
4
24
25
20
28
4
7
23
28
20
28
11
20
22
9
30
19
12
3
15
16
29
24
12
22
26
4
27
9
8
22
4
1
16
24
20
20
30
12
9
11
1
19
1
23
27
22
11
1
16
18
16
6
11
28
28
28
23
16
6
30
7
1
22
15
24
11
26
16
14
4
18
14
23
10
28
11
2
1
11
17
18
19
23
20
16
12
9
30
27
6
21
4
6
4
10
22
14
5
7
19
8
24
24
22
4
22
3
27
22
5
5
1
23
27
20
30
30
20
21
27
25
11
22
22
14
1
13
19
5
11
29
4
27
23
26
22
14
20
18
27
16
22
27
1
11
8
22
10
27
13
28
13
15
19
4
21
11
17
1
7
27
30
3
23
22
20
14
27
9
23
23
16
7
11
8
17
18
30
26
6
4
24
18
18
4
21
30
7
29
1
5
26
22
7
10
5
26
16
1
26
8
15
4
6
25
11
22
4
10
10
9
13
3
18
23
28
8
14
26
7
14
1
24
27
29
25
1
17
10
23
4
10
29
7
15
15
18
7
18
19
16
18
24
10
5
16
29
13
29
25
11
5
17
26
1
7
20
24
23
30
16
27
1
7
3
15
21
12
13
9
1
20
18
24
21
23
1
12
27
21
6
29
25
14
24
18
12
13
3
5
12
10
23
12
16
17
19
7
21
23
7
21
13
24
6
25
16
28
6
4
18
3
2
5
8
25
14
20
8
16
16
11
17
8
15
3
16
3
1
6
17
7
18
21
22
23
16
30
12
13
3
22
16
27
26
23
21
1
4
20
8
19
1
24
18
15
18
4
9
18
9
25
16
19
8
8
3
23
29
15
5
1
6
12
19
23
5
10
23
30
29
22
19
21
7
6
5
25
1
5
4
10
22
12
28
29
19
30
21
9
6
17
1
11
21
20
25
17
29
9
16
19
30
4
10
7
2
14
23
2
11
26
3
2
7
22
30
17
22
12
25
19
20
26
22
10
15
16
26
5
25
12
23
16
7
24
22
8
8
6
10
10
2
12
11
30
4
10
17
17
21
3
27
10
20
18
12
4
4
7
30
20
18
15
5
17
8
19
24
7
24
25
16
17
7
26
17
2
27
25
10
17
27
6
19
17
16
30
12
11
28
12
30
8
26
26
24
3
6
17
10
30
12
17
8
10
13
24
3
9
18
4
18
7
1
28
23
16
27
26
26
16
29
17
23
16
13
16
11
10
25
12
9
6
28
17
7
10
2
1
19
12
4
28
18
4
25
2
20
13
27
7
28
18
24
21
3
28
28
13
7
22
24
8
19
22
16
17
23
9
17
3
20
20
30
7
24
24
30
5
6
19
3
26
6
18
16
8
15
5
13
14
27
28
13
7
19
28
24
12
6
10
14
18
22
6
24
7
29
24
3
27
12
5
22
9
23
29
8
29
3
20
4
21
18
16
20
28
5
13
1
3
14
15
20
5
12
5
3
10
20
5
28
23
10
19
1
24
9
9
22
12
20
18
24
7
3
13
27
30
17
27
24
23
3
13
19
14
9
22
16
21
26
13
13
27
24
6
20
2
14
4
5
25
13
29
24
7
3
20
6
12
16
29
4
19
3
22
24
4
5
9
24
23
22
6
19
15
3
1
16
8
26
21
3
8
11
26
14
5
15
12
16
30
2
11
10
27
25
4
30
29
12
15
13
25
12
2
9
15
24
17
22
11
29
24
10
1
19
15
27
25
26
13
17
20
15
26
16
9
21
7
30
25
21
12
19
2
5
20
16
20
6
8
22
26
23
1
18
12
8
14
28
3
18
14
14
3
2
29
3
22
5
24
16
17
6
27
19
2
16
4
14
13
3
5
8
26
28
25
29
5
8
26
29
18
10
13
20
11
3
14
24
30
8
10
16
5
28
4
6
13
8
11
25
10
16
24
5
13
10
3
17
9
21
15
26
30
19
15
2
22
21
17
21
28
18
6
2
15
10
29
27
9
10
13
10
17
6
7
29
15
1
7
16
21
13
11
12
2
18
5
15
8
22
5
27
9
