1000
2
28
24
3
18
20
3
27
25
13
5
30
19
3
7
19
1
22
2
14
2
13
15
11
18
29
18
1
25
14
9
26
3
2
21
21
14
23
9
8
5
14
29
15
8
5
26
9
18
27
22
12
1
28
22
10
18
2
10
12
7
11
29
2
12
19
14
17
4
22
16
8
27
7
15
27
11
10
5
21
28
18
2
28
7
15
30
24
16
9
27
15
19
17
16
23
6
29
1
1
12
9
8
1
15
22
27
17
23
23
7
20
2
8
10
8
23
9
1
30
9
19
6
20
5
21
4
2
11
26
2
23
4
2
15
18
23
11
5
8
25
3
19
26
11
28
3
25
28
25
16
29
13
22
10
17
4
5
19
15
30
20
29
26
21
13
5
6
23
1
5
9
4
23
4
6
13
28
30
2
22
7
22
26
20
23
12
24
27
22
8
19
4
6
14
16
18
18
21
2
19
17
10
14
10
5
19
14
2
10
15
15
16
29
10
28
21
13
21
18
5
20
28
8
17
11
23
26
20
6
19
30
22
20
13
23
24
1
28
17
2
5
1
18
3
2
15
23
14
27
2
18
16
29
17
24
9
2
19
21
7
7
12
20
26
25
5
11
17
2
27
11
6
19
28
8
20
4
23
3
22
24
13
29
23
29
22
23
22
10
5
28
16
17
10
3
3
6
13
11
7
9
21
5
19
10
4
8
5
26
2
26
12
6
24
26
27
15
18
18
16
15
8
1
1
17
25
3
22
7
5
20
7
26
16
17
5
20
24
10
7
18
27
18
23
21
13
19
27
23
7
13
7
14
5
7
22
30
1
5
28
27
24
27
22
2
13
19
21
7
20
27
16
16
15
8
28
19
27
17
11
25
29
9
30
25
7
21
24
29
25
14
26
10
10
17
11
22
27
23
20
16
20
5
24
26
5
13
6
23
29
9
17
19
17
16
14
24
6
29
22
22
12
9
23
13
26
26
5
14
18
16
22
7
21
15
24
17
19
30
9
18
8
25
6
16
2
11
9
29
10
23
20
13
1
4
26
18
29
30
2
17
15
23
15
27
29
9
5
17
30
13
4
29
29
2
14
30
12
15
28
13
7
9
26
29
5
21
17
3
12
10
19
18
2
26
7
22
4
11
8
25
24
4
23
14
5
28
14
8
12
3
13
10
4
8
9
8
20
17
2
1
26
13
18
19
8
24
10
3
5
17
27
20
12
11
3
16
8
8
16
12
3
20
21
6
27
29
5
16
15
6
8
2
10
25
20
17
11
29
19
7
8
7
26
19
9
20
27
9
28
4
20
30
23
2
27
11
1
23
18
7
28
25
1
30
11
20
16
21
11
27
27
10
3
14
28
12
4
16
12
1
19
1
22
3
2
18
13
24
10
30
23
29
16
23
28
27
4
6
17
6
2
14
15
26
19
5
29
22
20
10
14
1
2
5
3
4
14
8
19
15
7
11
6
23
25
3
19
21
30
27
26
1
2
11
27
21
15
17
12
26
27
26
26
28
22
29
23
6
6
12
12
4
14
17
18
9
12
28
21
11
25
16
4
26
18
22
8
24
8
20
20
4
7
7
2
20
27
16
17
24
27
29
28
11
15
7
11
26
5
1
29
29
8
2
16
18
23
24
11
30
5
22
26
3
29
27
22
25
4
9
19
1
7
8
3
13
14
13
9
18
5
29
8
4
30
16
21
22
9
24
13
5
7
8
7
5
26
20
22
30
28
10
30
26
9
24
9
22
28
9
2
24
7
9
27
6
24
10
19
24
25
1
28
1
9
26
6
26
16
19
25
13
28
16
9
6
9
9
19
6
17
20
29
23
29
18
28
14
19
8
8
13
8
5
5
8
23
2
4
8
20
28
12
9
6
12
14
14
20
25
12
6
14
10
28
4
19
17
18
7
16
25
11
24
21
16
23
13
9
26
12
29
16
24
7
21
5
13
26
25
29
7
22
12
9
12
16
19
20
3
26
6
19
28
29
9
5
13
14
14
9
25
4
16
18
2
28
15
6
23
9
4
22
22
16
22
3
23
10
23
17
27
28
5
17
18
5
21
30
18
26
30
5
21
15
22
15
12
6
20
27
6
16
10
28
23
23
22
15
2
14
1
21
3
27
7
20
1
19
12
11
7
11
15
27
18
28
11
21
26
23
9
23
8
18
12
30
10
4
6
4
17
28
24
12
24
22
23
16
10
4
26
8
7
2
5
16
22
7
6
17
21
15
9
28
24
21
19
26
16
24
21
2
13
6
5
6
27
