1000
85870
62067
85859
37544
45551
798
34666
21031
15589
25412
83737
91807
72603
82439
10152
29926
48826
78218
84462
35361
52066
85612
81942
67732
41020
35332
48508
3935
72626
22989
72390
58495
1407
58248
12390
63309
59045
47055
84340
74634
72467
68076
66440
61421
66866
92944
7698
15692
71161
92159
51052
39578
94122
49346
23661
35141
84677
72169
39075
73654
11509
11464
32149
12915
86064
60890
92576
45108
24297
76915
36093
13115
61342
18885
74535
44560
11828
82232
60251
99340
90743
27654
55269
84864
93351
78930
20005
78028
67450
75431
51681
78958
86895
181
8224
89310
77423
799
34417
1719
77713
86862
14833
55407
5746
89367
99966
33925
71598
76568
49616
62340
20573
4884
63556
13924
165
99912
8303
67614
75342
76335
46571
78588
92868
54795
67897
70290
55593
2314
72008
49658
5527
86840
21416
27624
76206
37733
61548
64155
14300
27515
42847
51224
48750
22754
65147
48915
22665
73449
16528
98006
66136
79451
76594
59003
50597
44490
29292
22541
63155
1299
88550
85033
4490
9965
12656
97047
47697
74203
77553
78348
18069
20399
29572
66819
43152
11070
15733
82168
84519
48612
80174
50654
28062
73119
26008
78658
33960
55299
17551
13467
56597
6100
98499
77438
16065
11155
74484
80113
1709
52036
74813
19778
88787
4384
86596
48290
15453
18680
30458
16323
67291
26983
83328
95353
101
9335
90362
34060
80985
7912
47526
53933
30364
46025
31370
46428
73531
5853
42892
75239
74241
17704
95016
63027
38439
97963
27668
70244
16642
58125
2918
83933
85107
2598
95637
1559
28284
2350
35619
9269
26614
99496
63201
56977
61872
10923
19756
35402
33127
62647
10641
7367
96703
22008
86745
51493
19971
14413
21736
52964
88889
41006
36896
90348
59955
48884
91906
88238
51234
43876
97506
94199
43372
77059
51175
21595
4333
70930
56997
37459
49928
83989
44826
62982
22348
47922
14475
42318
78686
52562
11634
67575
9919
64881
57922
69873
13765
66179
58111
81350
10055
71968
75548
69778
65378
43074
91372
69710
30355
64720
7169
96634
48708
68346
59616
71056
32619
90442
29725
11305
43003
57710
95231
52922
22591
69504
39146
36355
35682
97256
34056
62088
85576
25955
48217
50953
85380
55941
37015
15734
20660
60535
12367
85720
28880
88334
73127
61498
78775
19203
89154
38130
76913
84384
7403
15855
53887
46548
52209
5921
60156
2616
68008
45731
44922
32577
13035
30301
88517
50049
62386
25528
10583
91104
11247
55814
79438
725
33664
74564
36280
22817
12693
29544
23553
36447
45398
77439
82995
13958
83359
43150
16573
67719
5232
77846
295
34618
8146
88811
84667
86883
14338
11601
77986
41937
83767
73775
59013
17430
48339
95292
56598
77383
24835
80150
13830
86584
57589
13176
541
57299
72677
33465
41369
77908
11310
41663
12525
19455
46825
13543
6337
77515
41496
675
35803
25262
74449
11167
59043
39139
6459
15640
32874
47645
95790
46703
50581
69730
76230
51121
43380
48906
84586
84749
26813
95895
42763
39337
31702
5940
69232
54390
99806
10727
55064
35608
35988
45865
63126
95030
85003
69584
27021
17876
33581
22810
80930
513
8891
57159
51633
68623
6064
36218
69723
49228
48465
12485
4917
80166
34776
74148
50907
34581
84874
5971
86540
37213
68187
49666
48594
69541
35601
75614
3769
85533
14776
84698
86045
40018
58209
37678
8640
80624
90247
78362
29852
38711
7199
34768
35228
41974
25267
86135
92907
26492
8457
95798
80056
76643
45463
28649
62535
97416
20614
66303
82948
51741
67353
85345
8111
25561
39374
33102
22536
29620
11464
52387
84683
35014
3506
36262
93339
45124
38748
86245
71615
47204
98395
68022
40198
43857
13022
2733
57624
33636
69035
56924
1728
36387
42268
26190
78299
81641
59292
17187
27612
70755
85925
28646
22120
89431
81260
15458
50906
20007
18055
38873
83563
16449
6894
40112
76657
19916
42844
34281
69903
28231
91204
87982
80969
49823
14172
75620
31463
73463
92806
75426
60569
78730
20424
82688
84512
18035
98145
35418
38041
16199
74290
37955
48999
97535
78067
25656
17450
20910
59936
3704
65492
67491
91686
46461
17313
5857
22080
65127
79319
31237
40552
39887
9966
77327
38926
94478
95361
37070
46247
49754
69621
36888
87708
18619
34422
65774
60626
68224
3036
20561
71927
68527
88051
79964
31339
5363
85820
69770
70489
81490
1006
27393
37728
10972
21071
76653
21801
16432
30075
84399
82537
99695
21286
70244
34665
72059
36018
95291
56634
39053
32203
28561
23931
36606
8524
55270
58320
10696
25039
45161
8537
26045
72553
46265
53368
9975
22917
91520
26406
69343
75918
8942
85389
13555
95538
20054
85613
47907
31696
42247
3311
80250
87159
27241
16855
12034
82510
75175
22729
23901
36687
47618
66297
9239
93882
36016
19213
33150
27535
61971
2493
19804
87264
87881
33358
99153
24286
35322
47059
72333
77568
50369
52583
81078
77610
85789
93112
76471
77315
32192
16723
14001
79809
83019
39591
90042
19034
75156
23192
62920
37126
25684
82723
40741
29916
16080
39894
54202
51402
86952
26534
45321
37321
95468
26399
31282
81257
35862
24104
58571
68053
40827
72572
64214
23845
28514
54255
59231
3669
77446
22150
57146
19481
4873
97887
49397
20952
54132
19950
88705
57435
62835
34026
11107
58303
76776
42388
55911
12637
66492
30833
80689
7318
19756
61254
47514
48270
31861
6744
51938
25658
45246
9084
45139
50118
23322
10887
87421
77453
47188
92478
34887
10022
26503
62346
84676
3278
4733
40586
32266
87576
71419
29306
11245
91174
90560
75111
39443
22420
98206
7733
48077
43451
16816
9567
9920
40137
36805
13693
33941
83992
6170
85179
10366
49024
47524
95041
68653
68609
51979
918
72536
39749
30223
83781
47274
37134
58891
3069
59553
57096
10801
23982
16899
27616
49900
26818
84104
86705
40510
18044
87048
63031
19574
13765
12054
67098
25158
97058
52058
77136
97975
24593
16884
44550
24725
80509
81683
83615
83577
57588
57063
94377
81569
73961
38344
47820
17130
38799
50876
73992
73194
37924
37022
92768
68040
65428
76217
93197
62485
28274
70332
76812
69218
3567
21361
93943
84076
3043
93909
84004
60630
50971
78381
58550
41283
33076
22722
74765
71875
73597
48756
45068
27872
2129
54187
95912
83908
30403
89108
62745
75028
75792
39556
44246
95710
60916
38188
96137
80310
32096
80141
57292
99419
74873
32193
57053
7948
