1000
54914
31817
96174
44863
96924
57594
72734
15405
11780
84997
99312
58535
90457
62056
33562
66248
17963
94159
61957
95230
32346
58094
75540
80794
38234
49183
96564
29458
81375
53616
37405
52641
1785
49931
97503
15060
7524
86588
30464
35655
71585
46128
94189
62041
8183
44103
44640
26146
38261
22948
21375
86959
81041
13266
84104
35626
78800
80667
65083
76527
50634
18840
29167
52418
68770
43021
83830
92645
45960
14293
28299
33896
60420
38840
12288
84955
82942
56927
27452
21202
96227
65178
24512
77267
94796
8615
29245
73595
89281
10679
50121
39915
45870
95639
8684
30991
38659
92513
23635
971
23158
68286
34866
99929
7125
63506
84883
90066
36784
28686
27619
33010
93864
52131
26629
88659
60745
55873
62253
50026
82903
12374
6292
28773
24364
31327
76115
63023
40192
99750
80345
63349
68035
31562
63277
91511
95067
64512
81576
31851
93197
9194
81212
3412
77676
7840
92070
38421
63712
70675
4798
62967
99400
11089
8091
23763
58767
84205
3137
98958
83954
83481
78658
68340
15043
58287
59850
26461
22798
57777
74663
32346
83323
55875
35758
60998
63714
44179
99418
43778
14853
20567
6744
14252
48007
14834
54367
6774
99038
57503
22083
99344
57336
741
84035
88730
59027
60237
15190
98176
18013
89853
46873
17687
45727
82630
95037
25792
26809
94454
69569
58013
31373
92664
72265
79379
7497
42983
86152
22887
485
8235
22230
57820
25327
22616
62901
705
82852
78091
15232
17217
84295
62104
34903
46373
44734
29939
72164
87894
40745
41733
45906
72117
50748
34522
51495
74597
77504
53999
97483
77989
78585
36064
52160
20263
58679
15061
20967
41531
9503
36198
58747
93797
14653
10001
40169
59386
39940
12332
63631
97036
70416
9537
69152
21164
44058
36998
95760
21562
90996
9594
15902
85932
62009
84413
6194
20687
15825
43512
78569
25327
79709
37315
35475
94362
63668
75643
70099
3607
4327
33730
16994
91094
59618
86145
28609
3675
39494
40720
41588
46842
66665
73841
32773
28673
58254
55319
49360
90430
98830
27928
15757
94891
81595
67583
5604
61614
59578
75702
81572
80256
25783
98565
71349
85400
1061
16310
5427
40554
73381
63366
3747
40046
37207
52872
68718
11812
8190
34429
2241
7019
78709
34349
1909
76655
1932
7512
38268
77861
99566
19839
58116
25348
18403
29464
27100
19463
62125
32526
76368
35506
95891
80115
75551
49449
32986
60620
61260
57527
95049
79853
64545
73757
14201
82806
50411
32484
6669
88678
26696
6234
24868
84811
47934
43270
30627
75033
79084
92751
23910
71803
28256
36152
68269
20158
85601
17606
80778
63212
75132
92178
43064
56029
65934
73617
38834
32696
22452
45502
21373
49148
68088
62592
33958
32373
22213
64584
23757
17648
73687
47666
89450
18294
169
74071
38452
85769
91676
35581
48981
66808
27758
8396
22836
10043
82012
78021
42738
20816
39874
80462
69963
7961
43053
20272
40333
65265
1208
64089
82912
74894
28106
88713
93187
28275
62783
47990
30395
54459
99922
95727
37618
44031
4123
60453
54073
2486
54825
96810
23301
94698
93623
9615
2659
36675
29887
59343
18291
31094
39784
17554
22339
84241
6267
31877
28867
85401
79867
59262
39859
96140
71340
93828
40171
91814
70632
10595
94300
25456
23757
33952
20154
17379
43567
39164
54054
73453
14858
88696
20898
54641
6250
43236
55234
28868
75112
84100
14268
71330
59713
70479
67470
31053
64306
23992
22866
51290
34586
33517
76745
58342
67469
13250
75721
11035
52413
46126
839
67271
34821
21736
38263
57422
81323
93496
86289
56434
93948
16909
27764
53660
3739
11585
1064
68044
35576
40282
35685
86513
73798
12430
44855
57618
25679
36927
85004
78092
83052
85842
61714
34224
23929
16328
91646
5251
9824
94286
78037
20123
27546
22152
73782
31284
33736
91198
99328
85663
31479
35012
72175
21628
63793
33381
79246
89472
86659
64249
83915
69710
66443
61980
20286
90371
78307
28283
11974
4482
22568
90010
24604
50114
28513
14738
81397
62248
5935
97076
64262
53765
48440
52788
75392
28584
2521
54637
34407
89179
35238
18321
75241
1680
96652
95526
92050
74959
23808
20375
95792
62727
26736
20396
29192
55248
51485
26941
33847
57419
40368
98108
11183
5159
67248
2926
33743
69768
73915
68149
75298
9152
2822
50538
10831
99473
62415
19232
90783
2574
39607
86575
65301
66342
6970
10844
37942
58454
54136
71788
32224
94504
86248
59758
99662
53495
62683
33404
39614
36597
17905
14911
62100
20726
81801
72930
20198
44215
92162
10981
46789
48120
97555
28441
30813
20876
55636
68754
95681
9772
40542
44256
4275
26789
4013
20288
96635
83047
70044
36248
35996
87948
67510
98095
25025
65662
71025
61574
26229
79538
72554
89369
44009
86460
17809
91173
23687
89796
59927
35719
99567
16820
79974
20193
59960
83986
40481
56594
83385
10524
9193
19380
14823
93054
17474
39847
58716
4850
1420
1296
739
90326
90664
61099
93137
24824
52272
33176
14619
28550
68894
14186
45369
48868
50730
5328
49205
91210
78273
48941
18085
3817
68320
49259
96870
2146
5457
71937
23347
23229
73232
24086
29906
80247
85184
39394
5070
53807
72569
19689
82356
57815
50226
27724
23034
955
49403
72238
8517
44027
21179
42953
47843
5850
8564
61065
24347
14020
49353
47694
37248
22585
88131
67153
2831
73314
22899
24253
43473
95467
60293
25828
53281
10518
69904
92666
27824
35658
81256
52692
79685
18786
11997
43879
24635
20560
4943
48982
34579
70648
96675
88179
93232
84805
71683
12414
74470
94581
53018
34294
90048
13310
60122
59680
40179
46377
68698
84355
82034
49953
53398
78070
68738
65394
21949
93372
85953
43243
58705
36884
13890
71731
25062
23473
72887
13096
52239
63709
7677
5256
98002
14076
34918
74475
90107
75096
20851
58804
75802
19237
8756
29200
97306
93845
94593
35606
87217
96898
95201
62273
50133
25442
34004
75194
65267
23242
4641
17505
86950
12317
39112
1304
42744
90381
75778
32851
81829
12981
8006
57630
32217
33114
86829
29522
26958
97774
81480
30526
11023
76680
92799
61155
2121
43154
52700
83739
66395
57340
1243
69697
86009
56707
87352
28752
47087
63129
77954
28915
76109
2312
2897
24677
35425
89725
70551
62382
3850
52030
9260
14872
45061
2058
76026
63533
61563
28725
47272
44309
2417
64866
30357
88425
21572
17708
17176
85011
80837
11482
30277
73297
13793
33173
