1000
14095
93951
13615
1745
91933
92206
33087
42121
23834
15443
26795
49426
477
2589
94161
65792
13102
92737
63178
64286
1160
36492
92809
15898
90612
24336
26681
73819
97302
12773
46505
11396
23076
76471
13141
15008
85028
62579
73480
8861
78022
274
74638
94850
2862
68799
60642
32315
61535
23819
96601
79046
76663
89409
94944
67274
13744
37976
41092
27398
50748
87596
55145
73823
80418
84637
5182
65445
47216
78661
90658
41589
95286
65295
36438
14499
50445
13431
46814
28331
53602
43414
7377
30264
32822
18672
97537
62918
56647
54981
90315
23746
58928
61811
13921
39346
46448
19102
21142
93663
97763
11799
35251
93048
93446
88040
23899
60242
17823
70712
88573
71424
14125
12301
18039
63298
30972
31927
42567
87618
86907
32881
11363
45835
94692
25283
1532
41139
44385
39025
51153
58499
50824
2755
67898
60621
7146
91796
20862
24968
62507
9434
12743
92983
21734
47133
72633
69057
79060
15199
56674
82318
48080
84389
44504
59123
26023
62387
16613
86759
1412
84117
45257
52235
86871
29507
29207
94016
21302
50068
35336
161
75854
64430
9495
13939
27915
82127
99348
6974
97326
56021
5643
61757
56761
66499
37231
82784
28885
70195
69542
30296
54311
31151
98882
57533
60657
28088
67900
98310
94508
3235
14822
86713
84017
24317
17003
11931
6443
16350
35256
20120
72371
57250
81876
45483
23748
35458
28266
52633
5652
14160
82928
59962
45310
81810
17494
5966
26249
85394
20627
20756
4980
35449
23820
88996
59765
40823
17278
82559
57172
68885
2679
45894
26135
906
91377
49882
36364
35994
2514
42015
50153
85442
18329
95462
83603
52174
17779
9851
37567
38406
46959
58899
73854
87130
64246
49970
27952
81524
32528
85124
50408
51558
31017
92894
52464
38745
42776
5179
74739
45289
63545
24891
47082
98225
36705
47036
50399
54483
56887
4317
9240
20197
63215
83093
7326
43813
49414
51630
41688
81942
36753
8447
49851
84121
1341
2314
39218
44116
23844
13956
5756
3741
55198
52838
1965
8254
99873
52363
79089
73111
73032
88328
9659
52598
87773
33337
96410
37186
84966
38097
35479
38070
46544
85330
38542
64236
3995
77759
8351
44191
8066
14106
47931
79616
83295
49895
87869
99520
18610
83309
88982
7993
71637
98641
60590
75761
31977
57000
29298
33294
11448
64777
71363
74343
66458
26256
38578
70452
4015
46928
30994
28432
77386
78924
8047
77032
45171
12268
76551
63780
95576
65533
88124
83564
80525
48713
75676
28853
22064
4974
62146
33512
86102
49860
24206
52559
76115
62784
39362
96481
26063
70356
24913
19800
65631
49311
96832
10801
61578
89734
90932
73506
55266
79055
57069
52142
44120
32745
80994
66183
54070
43139
16046
56523
92998
56604
9081
85465
19387
64794
81945
61801
51501
6857
81601
33484
56168
94784
44284
34097
84517
51568
7602
56135
46974
81023
8276
91093
30119
89270
73628
84188
48760
89673
40710
58110
46276
66142
43574
82014
47287
25518
43815
15140
48727
41767
48623
21246
52902
9258
55342
37418
60825
62944
9904
7799
60318
34532
15243
90436
23801
88870
90975
72560
94895
48036
30669
41170
30529
90594
39536
77815
16112
99702
9306
81190
57820
74280
2435
10721
83538
57776
48138
60714
37071
74394
84864
97388
8925
107
87823
49077
88976
95149
21636
83870
43184
68657
41392
73712
75602
80927
67879
8065
96980
77184
89254
54799
51464
91688
65519
51353
65816
30008
12066
2886
4401
96930
16626
13325
97036
20800
62401
86011
15949
389
86233
59132
85397
27624
49196
77350
8550
17074
85415
21881
10609
74668
76679
62072
82708
42197
29776
64875
72204
41842
67760
92957
55123
737
22633
52158
21537
85034
54520
53837
1774
40752
29320
3522
84727
78515
80871
9628
11940
82637
31508
22549
57305
8186
972
56364
66734
30748
21238
38938
88941
5349
31894
44063
6086
70878
12572
43974
55911
83443
14162
74036
24195
43481
93909
25273
21996
91132
34901
50287
73768
66408
72835
47424
90946
90159
20139
57679
37258
41376
96616
26198
63077
44861
86612
85514
15739
99183
29487
88001
82625
43648
78389
23171
3480
88649
48444
41827
79780
99696
92114
53548
66103
81300
17323
57048
71458
37462
14727
25067
78837
27694
51264
58265
88907
37875
43778
20997
53409
89616
8997
36034
49615
3737
75556
53095
92386
40351
94921
72165
40046
3386
42064
6149
84686
59387
79548
72495
96848
94274
97562
92036
38320
65177
50301
27226
19404
10430
48222
72812
46
73570
25197
49660
77307
753
19106
86044
41103
30379
58208
81149
33764
16624
3649
34801
76010
83196
23648
89209
93822
37561
97596
32141
2737
47896
75718
22140
58326
23939
11304
74723
97508
36500
24382
91166
37252
59840
77209
94707
90218
51769
75855
23981
68392
95855
75134
60753
79050
98781
49961
89223
52693
47556
37715
55429
11804
13432
93921
86481
37370
5224
61203
51230
58075
1936
58747
95327
61775
52308
90033
51992
4076
82239
92325
88819
78093
67458
49571
73494
82590
15883
79069
35282
79790
16783
7062
91593
30215
17334
94425
83936
38909
55627
51517
96984
57563
10264
92310
35689
62571
98694
87681
82998
97284
96357
71816
91728
80166
21386
81573
62755
53620
60641
14388
33409
77424
37801
41354
23990
55135
35778
7925
94043
7757
75794
91026
81671
86057
99687
17359
64979
98380
5039
64328
12015
1395
36143
3742
81560
73880
85315
60666
27499
62307
91405
77259
39730
29206
34964
63719
84340
70742
87996
94734
94850
63789
85760
76520
66197
1798
93878
47527
16530
15269
11854
28544
16663
47996
48638
14575
38227
50304
91592
82077
12610
82997
59335
52340
28554
94299
32410
29245
81392
20405
23978
76241
545
26089
52760
66741
27887
46637
14267
44416
61905
26120
89311
94920
90467
37948
25846
28693
88251
33789
10769
861
16785
86456
69552
45338
80754
18313
74582
78497
38718
14912
54737
55614
41000
23848
22355
85238
86836
52973
46005
65093
95445
35316
76364
85911
89615
2209
30956
94218
35997
41724
11430
69134
28179
97333
30823
25284
15645
21757
3780
54362
36668
74868
26328
94019
15067
48682
79257
1903
18006
25261
83347
13450
76928
59710
99361
66543
78270
30316
77112
30618
88391
88541
99751
32922
85873
30574
74557
1517
68682
94689
72231
5349
85908
98558
99367
975
63591
94975
19229
81596
36588
2575
11398
13515
62284
10758
96409
56905
57425
73520
87522
62167
78412
87273
11440
