1000
80636
34198
85997
98505
2879
80685
87087
24579
66592
85644
40297
67566
65586
35272
3146
63533
71859
5720
74930
1725
84355
2039
98134
41259
75815
88005
28781
37982
66417
16053
49421
63404
66602
51769
61908
85832
32453
48994
10410
99045
50989
67058
82962
32926
2329
86108
96459
90539
8179
71388
8616
92534
89779
6749
33792
65593
11105
62572
19926
77521
94976
85699
57277
77929
37467
19184
63760
69920
84530
74169
85316
51870
41227
84629
84796
59907
87088
81254
66798
95267
68993
75413
87800
75123
98513
37943
40716
9617
16867
60641
3490
28194
62691
60766
6123
158
96301
69882
70077
80830
60403
71744
32700
17981
56372
33847
77887
43460
31452
61036
55078
444
36448
59229
75567
34960
13523
32634
60929
30389
9626
64418
74935
72317
41535
81057
72474
54187
67290
58902
51369
44044
30645
420
62024
3368
34266
39911
63179
65717
946
34608
82512
53746
93836
74430
5057
7359
7063
65985
54099
33041
46754
29033
21709
4640
26441
94182
58827
10083
69435
10195
54126
16431
10614
16150
19798
44879
72412
99329
26947
89709
33936
9458
43454
44124
83888
64863
67834
7302
47199
21932
40342
93953
67317
62050
14944
10109
72583
90122
20191
42017
316
90669
58447
27281
23170
94597
88511
95581
10277
15457
1641
60564
41267
45095
4687
25154
26309
72520
32455
73507
10804
89149
83811
78120
51198
98755
88228
23781
88876
24771
82149
5544
31791
56948
49176
54960
67896
54039
66892
78172
69495
68532
55087
27113
29978
59774
52266
56286
48645
1073
29793
59448
90221
13603
53919
41418
28709
58499
81550
33937
83269
80051
55832
31411
36998
5007
86370
21245
59045
53261
15768
44892
21792
70854
72004
51770
30627
40622
24407
95624
41694
54199
55071
31914
84154
8990
89683
29214
67488
71233
63150
67108
51283
18981
98518
4632
40340
1239
25876
99384
54499
41643
60627
92642
12496
48983
60763
59475
89604
85170
71450
31297
55720
26520
63210
39873
51861
52892
69087
35700
40476
32236
19159
8110
67569
34028
12741
7908
35266
54968
23643
89764
12962
622
98758
25458
49604
59520
1284
39207
44689
72733
70503
409
15604
50064
56633
83817
19307
25719
19516
76135
74307
55027
84244
58227
89054
13337
82486
24320
84656
6128
30435
97618
23101
29192
39427
72704
5064
57062
11910
66104
29794
98764
66512
61749
65179
39497
45565
838
81567
81433
76972
55873
36459
77567
30451
41864
7255
12936
66183
91911
35416
12970
89528
58516
58513
45306
31220
63576
2367
59481
29680
48512
74597
12543
10260
39775
52039
72177
40612
33606
69961
33935
5830
22771
11502
52633
64634
18756
65568
47169
10666
983
60138
16545
59499
18650
78202
7070
82226
80568
66550
28257
29079
41146
40799
55691
97273
9190
44219
37884
59147
14179
71819
81328
36949
99672
33960
17934
18427
99528
65102
45445
510
25239
61989
76360
60241
40191
99781
58818
37110
66331
87074
82541
23828
44224
54583
21100
53413
98801
75336
28911
29331
63506
10239
82631
63177
44198
564
97955
43725
65666
43399
60587
7256
21740
53298
67496
78282
53079
42665
15391
35761
29738
14283
59588
90314
68865
97040
60078
84017
88727
88989
29699
52232
99227
12329
31760
43424
29245
29714
3501
94910
73113
80439
18517
11204
33736
2365
89485
86814
45029
21227
22574
91119
35510
98514
81432
20726
95553
41509
21095
84279
46849
50793
52862
46075
79474
84621
89499
8718
30686
9351
19979
20150
89789
38495
31353
23524
57211
37189
26690
18592
58416
65615
9710
10277
80480
7493
31002
92384
65353
68448
93014
12202
19241
45875
58276
98714
46847
64126
23783
93885
89828
43761
14034
79616
98607
61739
19492
55818
98927
46181
90761
73694
28147
470
83970
8627
24314
31324
1010
89666
99771
94024
18219
35363
56250
76495
50428
19449
56972
74210
13333
46800
34322
27366
42767
49281
5456
62258
21450
20735
24790
12210
94428
52937
29031
94750
77915
53344
42425
95276
59361
58547
5651
77580
93910
61901
70426
60689
97701
43749
51251
11033
6900
85572
54750
49667
34852
60206
11924
56301
80940
53066
84862
91719
22354
13892
86468
268
67235
45244
11895
26596
3791
17546
20527
14052
95798
90952
74740
93498
34700
42342
4530
41600
44266
75631
7618
95469
35836
19541
68122
33127
88958
52983
24846
11311
66875
27665
11578
34109
72909
23473
77056
93051
57370
97582
7102
53167
4885
98193
63016
55937
56887
67545
13888
1152
59527
21505
96620
95363
57397
64741
44841
46355
17724
86038
57665
84598
30055
85595
35058
19315
25419
28466
12365
99140
26047
35818
52306
47284
34010
31673
19572
7248
15569
33459
8399
75095
71315
5019
70457
45063
86111
31650
7769
3834
17687
81786
4783
47741
67380
39841
67055
9150
68306
79419
8289
10704
31588
76946
74339
81950
8618
93910
89197
24186
43720
97596
99280
31386
18966
86089
76449
5076
17738
84217
8910
51776
66002
30044
99517
49733
69884
82923
58882
54541
78694
83522
81597
10281
60467
72287
92230
85436
66197
81427
25973
26268
95374
41605
57654
14339
44045
50454
19414
78134
34670
44675
29909
17024
74719
45777
66756
60954
28700
41990
15495
7393
41863
13443
34025
18682
85729
26255
4117
68277
24033
30090
10897
19406
88046
84902
33744
32090
35355
69509
10223
86376
14184
40131
3399
88902
2260
86507
66207
30959
44848
98053
54703
86710
11495
5079
5391
13576
47685
25860
98204
71717
72301
9100
7474
60346
94001
57569
92435
29355
27078
19009
15731
57613
75491
35481
62866
77750
38339
29072
25060
83186
27125
79762
86248
54971
84841
91638
68546
48877
33849
66750
20594
6149
75849
44419
82846
86202
1988
91632
15556
45417
10640
47638
3029
86131
83119
82246
63880
37809
11317
88940
20995
54793
85053
7242
9764
86245
15231
78309
35122
65432
61410
55715
71580
53611
16485
54426
39812
18472
46057
55367
63888
73049
19357
83268
59179
18827
65513
23058
56635
93182
28349
93981
47974
13402
17574
57737
99646
32805
52398
51119
14588
13807
23185
86167
83769
39670
56944
23580
58141
19353
78947
38381
92401
14655
38000
67931
33481
19865
7340
90115
13046
35689
84096
77371
65442
1669
35108
81439
50825
3857
32558
65412
34015
55742
67931
17784
95411
41226
41363
69904
76930
36661
24636
85682
51315
62635
53612
1147
98851
77304
91262
11896
12992
91709
89267
78433
93377
40726
59871
60554
60934
8780
42317
11300
64522
