1000
26599
29083
76284
84177
86798
46187
61106
39810
87174
63140
91125
49809
33103
92271
48659
10406
99884
76907
23397
91592
82525
18181
1321
39602
94404
78226
535
3183
20542
11834
84056
63493
57269
60340
47669
44066
22878
25126
83875
10052
88265
91351
76212
21368
99974
41222
31773
99857
34480
71522
7801
17004
89702
25473
72957
457
3698
89843
3640
40591
18029
4047
4083
75297
64386
68103
35714
3616
93229
35940
13667
97845
27291
6230
35564
43616
47451
67337
59824
81931
55210
67624
15286
44911
93096
88243
61720
13145
78085
65359
53736
96113
85757
74170
87761
50143
58625
23474
53758
68205
75766
83776
66049
19408
90005
1613
63023
53807
85301
22846
35737
40510
6822
67375
1772
16269
71969
63491
45766
66405
45201
99501
78870
30958
90022
66630
97452
48646
6456
67561
33202
82221
51336
99251
17980
57692
17215
81002
11498
2515
20199
63587
59376
43372
30961
77499
59641
19281
40990
5406
85685
2542
21258
64554
49851
27631
47536
47302
92629
70343
14862
25830
52563
82549
41432
86894
40240
58646
67895
51738
77512
4445
15324
53239
47817
46284
30738
23809
65564
88079
45566
67600
90620
83175
32154
40471
10805
96041
4124
19785
66383
18986
45615
35297
1534
87046
22190
41774
45692
90084
9863
39555
10880
25186
92794
58696
87821
23531
82504
69736
11609
28069
37335
18580
11243
85840
75402
38400
81880
79526
58184
48262
14863
20150
99910
16396
7196
22099
74521
69239
28534
84383
8793
39414
25920
17938
98109
13740
57820
96965
83475
69428
41385
20810
4360
68980
23001
79761
7379
4881
75638
81914
69494
90500
2064
69404
23248
25611
7854
14120
94849
36388
14855
19993
75801
40774
54283
90261
54514
12102
3577
37988
97882
44962
75149
2241
13941
14502
98353
37671
19382
73991
35936
5227
64490
54351
74630
4089
79961
82484
18209
91161
35223
33063
27506
27375
73836
81788
17635
44701
93889
21212
99041
91770
82525
90541
10362
12817
5042
8715
50487
40775
82705
2774
46002
63546
57125
36983
83987
37085
35818
2195
44598
71040
51609
72103
14766
25444
53890
32401
86497
64130
69964
85537
55900
52488
76077
66261
65304
81119
74975
32142
21893
74031
34915
84246
53929
8391
37581
37915
45476
73398
40109
6425
60790
8069
78527
75555
49864
48768
24307
36360
12897
94270
21896
85148
63109
14325
67761
44764
95443
59087
93257
33687
33118
44524
34285
3398
52914
71865
41312
14741
45262
97772
21165
22403
5840
99691
97958
55703
64810
38616
8415
77707
49238
30310
79206
12346
44634
46966
73462
56428
6053
83070
6467
55522
27593
40751
58919
80507
12615
230
11599
74228
14353
32764
96631
36544
48806
10940
8598
13616
49555
17012
7674
98792
47322
3231
27490
8307
50197
17303
64735
56249
372
71201
28122
44317
28303
87040
24823
40917
3621
36421
31496
34325
85536
28126
70868
34342
55417
79465
64309
21324
96477
88334
20115
60150
91564
63956
68456
41760
81258
49542
14360
97982
20742
42481
42298
49044
45872
83472
6312
65844
36244
37808
168
21780
82285
71035
72473
54054
66852
36781
75377
63328
41466
11843
23477
33029
75799
8284
74789
73408
57826
5500
87741
94919
47981
46390
43963
10204
29861
66626
76048
82457
20785
76215
20588
3070
63602
9412
57123
46805
62544
48851
10132
4009
60693
49960
37037
52843
74595
11825
42603
32420
17325
30343
27339
81657
76733
87653
8212
22945
70630
84259
5401
91415
76826
25988
10836
56779
35399
67958
3583
97942
16808
30066
18302
93852
96377
55339
46695
70971
67163
89297
19743
839
35991
63433
98847
12723
51085
23411
35668
38066
7669
57420
29480
846
99760
40315
73976
51510
24624
93910
65804
57783
23975
84105
51635
36703
39443
14681
24026
22958
3977
43768
40148
39967
7200
55347
69042
74636
78757
21061
12701
2777
78480
58533
3623
94591
98847
93950
46101
23471
87860
11904
97605
28186
12360
49239
64889
51803
80271
88914
91112
599
49033
31259
40566
72584
86605
25959
47219
65361
47019
76271
68138
41850
34803
88112
36441
50002
98413
98893
89824
86272
10796
87428
14458
39507
53019
95698
91309
33289
963
82420
33888
49995
30031
90805
38930
32987
33115
86148
98348
80133
78770
82837
38334
13573
87300
74774
79926
85712
73666
69749
88336
813
73528
19145
40320
26546
31194
47980
76187
32156
46752
26426
98502
76782
17230
37431
26120
50344
39930
24467
46828
18699
23655
1513
48623
27306
76287
44900
29370
66304
14648
17705
83469
4528
36849
40140
31073
68042
4471
23611
16549
51222
50036
31402
44355
67265
68832
70475
33960
25113
11293
97139
60163
51300
98652
8786
78605
91290
53685
7974
73945
84685
42030
57413
89212
95230
13904
36636
79623
18375
60247
96171
85948
26634
27572
30303
10251
12755
17129
44210
54219
44773
57701
14382
96072
56352
39519
91029
47641
9555
15354
37937
94239
57384
11702
99802
68965
25605
52790
48588
60331
29388
61110
46279
56021
5034
92933
66271
17788
26413
26833
88359
71185
84533
2740
67257
40884
42258
58285
4876
51812
89990
42812
62403
47373
54513
62204
32690
96470
31345
81277
56800
60732
42386
19430
16753
47419
28714
83023
81559
55126
9855
69917
26311
94387
89008
9919
51622
31265
84555
72849
99428
74544
32013
61830
21917
2877
40386
54606
99346
71730
52234
72498
32462
10971
91927
65566
74742
20641
48588
56300
92118
74795
42568
18428
85533
31575
28346
53507
79191
12900
26355
78618
3796
58367
56800
42064
61244
13537
13021
76941
85266
65254
49438
34079
76224
57717
99644
50965
94709
64584
23616
86826
55730
82535
21606
41262
30461
66303
94768
9651
95555
37475
4621
99350
12193
61420
41413
89788
74956
54433
66729
76573
36038
32518
27004
12261
6586
42999
79578
1294
23934
19545
4472
79663
2080
26077
37277
32540
8731
48396
58543
4285
85870
79515
19986
14415
40934
77750
4202
32241
32182
87282
25165
68219
36152
52168
96832
42737
11519
92761
60383
35452
12305
64854
15115
30736
7282
52391
63276
16012
17138
38170
36649
3008
17684
72986
33774
74969
50736
54327
23561
99269
57961
48725
83840
94112
17245
97023
53200
28763
89783
13582
80566
2087
94787
12032
49175
18420
80774
12450
50784
97912
66971
87432
17271
84654
76769
51044
59622
27504
21722
83182
26773
79682
48258
10612
90145
65502
7634
43345
10616
13768
73278
91182
32206
84417
3213
81380
2836
83987
10181
