1000
53619
81898
77151
57402
99168
61804
34171
66563
37777
78026
88284
20958
4798
67966
85568
31761
74462
51069
55746
34158
78037
69513
23788
69218
18071
8204
88782
99450
11039
89120
9631
81010
87369
86781
54763
2888
64937
88933
69450
2713
66959
74086
40023
88108
58403
41942
36221
32864
93010
91966
67022
87398
77831
90809
72967
12253
15364
61749
11702
42754
67220
37684
23763
54589
40817
78526
57476
5753
83810
43278
24817
67120
17363
81191
55228
92117
23132
7800
24980
32494
16117
8353
36243
10299
99161
9210
22551
30876
87310
34253
73630
54529
88288
97392
9117
29104
92269
82945
51208
92431
26222
76025
59550
59936
73567
14777
52052
13051
38928
93383
45544
55045
1736
81786
65343
17248
7347
87894
48124
94656
38498
21753
49185
26785
35496
74653
55889
44117
73949
7096
36547
16522
99472
96096
76457
73039
27225
44860
86089
66152
38243
47984
21196
56330
46121
86539
73577
53468
90784
38052
64475
29281
59804
30011
56065
11652
4664
28305
55768
78612
35401
8666
11486
34872
4761
87942
24262
48337
49154
10350
14489
3748
74685
52036
60077
37158
54926
50005
90625
45709
88057
71451
74989
64212
1462
47406
75863
6125
75710
47982
1088
11110
56647
12573
62334
77760
16867
86595
26096
82372
13297
40584
86119
4333
8972
62547
41490
63897
12551
48466
25958
16959
19917
946
81171
21378
64703
73385
43854
56765
21367
61293
84226
94365
90218
46559
72124
23436
49506
98220
5807
62802
55155
8277
83486
80478
70823
24976
44375
99725
73441
70332
16684
9709
87629
14206
31086
68684
87590
91291
25448
25308
52584
9673
19673
59153
56232
8148
82588
22089
6367
88394
1242
77874
13022
84727
58351
196
9702
19077
16272
99495
5760
49307
9203
93389
63512
56641
78424
67454
64283
3871
92761
33218
13543
12433
92370
86126
20581
74957
8214
43299
79702
9455
37524
9075
94182
12227
9270
20235
47655
25542
19729
53415
74848
45284
63155
54712
18276
41578
22165
98910
45448
14925
32128
75342
43710
24497
61468
80642
15806
69681
40292
95507
79136
77816
4582
89669
6394
30203
9903
54048
55744
45984
23814
46944
7619
86968
1655
42246
44897
40171
41155
6696
55095
73282
82038
15156
14131
43505
95797
29936
29537
36089
41794
25024
30256
46375
14692
53001
92930
40947
23400
48673
3282
47214
11968
27252
50533
29974
69497
95430
70144
10651
2125
41591
285
84162
56746
14415
44018
68895
60702
89907
21335
2495
14930
67942
65222
45974
20942
58151
86920
44341
23175
6553
7906
35143
33804
58439
81468
3300
53868
51612
30302
72344
9554
46938
72858
82651
77704
16875
51545
38405
6781
72879
57252
38063
57172
22473
84036
78113
80623
87307
38806
20149
93859
63063
71643
27662
21501
53111
47313
91720
21074
93966
64064
30627
40904
36921
13277
18607
70147
81174
73364
93280
70404
30615
31342
27576
53087
15377
22040
50061
2683
60845
70209
96541
23908
41852
40554
61760
11314
87866
53480
32387
81831
17543
79365
22734
70815
92641
57693
40961
73814
31056
34240
44218
61670
65581
88145
31108
97309
10184
81168
99991
87381
67728
12883
27640
25931
53436
89399
37244
57653
59230
69630
39484
76772
48994
78569
63938
57987
52613
4899
48152
20
55490
8721
61689
21071
96865
9148
34731
23401
6667
34722
10781
74395
63956
54772
325
17392
44170
37569
75044
19752
23550
30879
96523
72544
25800
76813
46882
78412
81711
95033
78432
37200
3754
56472
74622
16970
65620
9353
40370
88638
60426
67502
63032
24381
22273
63357
58124
82795
17277
49520
2546
40826
96750
15420
29721
22549
92232
76602
17313
73942
87987
95744
27494
8092
68567
18467
25061
50538
27819
81783
39176
4596
49284
2207
28977
87909
81915
3452
70703
15543
52971
89600
56369
49721
5019
86089
88621
97251
79043
5933
87544
67029
18028
31389
75120
86595
49856
180
37132
94026
98314
92659
98622
63950
11218
43950
51858
93132
47401
38912
8675
16724
28511
81395
66444
33529
83835
55064
47131
62877
77349
51027
29905
95376
82415
5024
81970
48622
21556
35454
42648
36221
28112
57621
170
55681
1570
52027
48813
65322
7290
73839
82045
35800
71585
64840
85681
55419
36256
49163
18296
13604
189
64552
8979
98956
85928
7301
47577
7483
42754
6576
43703
87217
64196
60225
42898
65765
28603
8062
31087
35893
98252
29483
71692
69836
94323
73724
41606
30578
22887
76253
44181
39427
40805
69511
38382
26732
76811
2311
50566
19564
8886
10620
23133
73082
70844
82382
55198
99447
90443
2636
51691
5046
32119
39734
91233
42793
13458
32838
73370
52696
9091
33902
92122
66247
3412
30504
92978
96575
32814
59895
16138
58051
70514
55622
47484
57710
38003
2682
73508
44797
21669
25198
66194
70139
64931
57426
12931
94740
6616
2652
47435
32058
52905
39557
98304
56317
70060
7633
69243
19225
67527
85380
77275
38040
57354
41111
95749
11708
43792
85608
56505
81812
10805
22698
51951
92088
96476
64881
86827
3091
83885
34262
35148
36789
73818
49803
9457
60229
57435
78699
95805
24961
80431
89431
79352
37784
30541
91453
49491
90684
77060
22347
72496
4217
61397
24446
96304
57872
5678
83130
77314
89562
33743
28813
42703
7560
78615
52159
84140
52401
30858
79944
93713
27640
69375
73064
65423
16267
80868
31265
6951
57928
53612
79446
78496
31360
3891
74799
89231
25920
57928
82896
31834
91671
11708
74536
15582
6674
26694
16074
59074
73903
96017
52786
1542
81743
42201
83316
98010
23069
30933
4960
97348
896
757
75843
32255
20999
50641
37837
46918
24920
20732
78751
32942
32439
69638
64876
39112
12684
80949
14537
2938
93317
83674
4480
91412
25874
4147
89421
48942
35079
10732
62641
52326
11488
54835
84580
32486
21827
22416
95755
46747
59499
90858
96040
91937
60495
60915
47400
89530
58215
78288
92468
51532
61961
13299
42943
87835
17445
48715
53128
68876
59446
32121
21201
87285
86955
22133
36122
8782
60900
31876
71880
20399
39085
84271
12335
15932
45186
76087
5461
3400
70726
97928
71283
32687
11226
14225
20521
45023
62939
90000
13898
38736
22120
51450
42372
25427
73582
78493
34208
34482
26721
22439
71232
65805
6709
99918
98088
68246
76004
3549
87998
63082
1476
59280
95768
29054
73505
32640
74076
52795
22639
87973
7883
61111
55774
50254
86537
45708
45099
37096
96541
71819
59534
67772
53975
66242
67689
52063
