1000
34488
60045
71963
22485
23126
89790
98116
18893
18843
87972
67884
92918
57119
90522
97242
65001
67984
53016
15254
54520
15075
76704
91615
11615
48522
67500
79386
18849
50094
63426
87263
933
23470
59225
39769
62947
65366
37884
98191
84209
25856
66074
77126
82974
56596
74368
47974
40931
43735
79579
95451
58809
72635
3417
70423
21156
87269
66160
56356
37362
29585
59970
38294
69407
35546
78062
32353
912
15945
30544
85120
58152
96617
78597
41125
69564
52964
5450
26847
13050
1381
38649
71858
74015
42065
58632
11522
29333
41143
84230
66694
87080
44199
21339
56486
79745
99400
5190
97008
15345
52085
82127
73496
65054
60723
30973
34617
30039
52774
61463
43088
54154
111
31298
44520
58528
6281
72394
4212
47424
56623
87258
34503
17173
8596
7340
13269
7996
12529
10276
39692
80966
8754
29539
46019
85829
76863
80635
15867
29637
58450
75306
142
74912
22955
44662
49791
45588
17055
70355
9363
90029
57612
43865
7201
82559
67556
20470
6906
96436
47097
62949
77401
55851
92488
23419
41679
69350
20406
73897
15338
95207
49202
15480
86470
88509
76493
52613
34096
93547
22967
43458
99927
96930
3674
7127
79488
87581
43948
2746
84016
91045
65694
77769
46895
74533
17539
4925
60235
37944
78821
75572
49502
28022
91051
52324
32882
83895
4936
83329
77441
27902
26786
93719
41183
46811
846
37022
34391
61145
39767
34759
52189
21813
12527
15435
96345
30065
20359
72931
84361
99179
48503
50214
43553
55905
2537
76434
39800
7472
59763
33592
51725
2900
27311
9259
66063
44508
46281
453
22004
2399
51563
74193
24211
80441
5979
36908
26858
26338
26190
11218
25516
74692
77783
85420
46949
80320
78206
3100
4143
54320
36691
55868
57219
80353
81478
23281
41212
27758
40086
79568
46509
91648
70112
70719
72089
76090
23978
98946
2427
66520
26515
44295
41211
4297
46066
4511
968
24271
7610
5111
78590
60653
77330
35809
57357
58807
75441
14921
2917
31878
94488
49425
23526
64599
36495
11966
57040
60473
27263
75819
26992
70129
20113
84554
74425
66178
5417
91745
6801
13026
96855
85390
90030
90536
37550
63739
49342
12991
78659
52258
44868
89498
1682
84745
70448
54529
96710
27487
31353
40324
3305
74696
10452
39769
59249
1229
22299
81017
92973
29099
10395
6179
14488
424
96714
52038
80514
62407
81380
59172
31017
42599
65021
49050
27344
51820
3578
40405
79307
34930
80729
98963
9625
7532
55084
85226
8760
77382
66242
18084
22832
76636
24262
53671
93412
20975
22060
73925
83382
3439
49449
14398
62390
30821
63447
89733
82641
83377
46489
78299
18306
43569
93613
27931
51101
48696
13156
76212
42429
95749
94296
65260
72385
18557
35283
82148
55884
57342
72424
55617
77133
21872
86366
39522
69045
66164
29254
51685
49540
75742
29983
67846
35663
23595
95776
86763
88643
25283
62974
31071
37383
57269
12683
9767
92178
47965
8266
48061
5306
80690
3677
82438
18913
90042
21959
87957
56205
67564
39641
22097
59658
85975
89942
95320
25922
2069
98434
14564
43703
77759
61986
81085
35028
74668
7204
43557
22632
15469
91617
44290
12510
11645
43079
31423
18038
81390
19379
74242
65305
75372
12690
24962
61346
2631
36633
3619
21051
35066
18182
64753
12825
80168
45838
64204
71187
53041
7760
93819
84861
15728
54460
97371
27372
97538
45145
45409
95279
64523
36002
60584
56246
48692
85545
33944
67674
38530
37562
88725
89947
72096
53477
19123
68615
15666
83326
39801
68706
7437
49971
69919
23164
4430
67289
66887
18320
28785
12295
13598
93307
64649
74181
65905
13340
76078
99848
81013
30959
53761
69737
20905
25856
39566
40028
94470
55231
39705
34271
40289
63494
84241
10207
3009
5023
93847
69896
23342
22631
98542
53291
32289
63190
43824
98193
92881
36253
14392
73894
67211
68153
59982
4467
94008
15899
44494
4830
71130
551
39100
11418
64044
39692
37976
83404
44714
48174
53299
84407
70804
51841
37698
19444
31382
81521
33989
24263
17773
48380
14508
1335
32884
90841
5801
43244
6740
66647
48073
77869
67197
3524
5638
47592
59567
59965
30995
4281
8138
646
88687
95293
68838
42736
14736
219
24256
65076
24481
58380
29808
55340
59714
62691
46181
81867
22286
52920
48513
70358
47140
15709
90233
69129
79652
49800
29093
26998
70432
53582
27643
59118
48874
96480
18206
79961
13051
58813
61389
53883
17193
91196
9223
93258
70238
55403
75124
92524
24674
39988
62881
88165
72048
69466
57293
51699
19265
2737
95049
89696
72670
39043
65165
21543
35523
83370
17855
64925
42183
79243
18807
75727
86790
44381
85336
57028
16135
76812
49551
40808
16799
28783
45324
88847
98248
18968
56897
33864
21704
68297
23559
94373
7340
5076
32267
59214
88445
66474
24138
46979
62068
42944
39057
48858
3677
40745
5885
19811
33908
55435
76971
50706
569
22294
55904
98817
41262
29153
32680
79317
97449
72591
90042
4788
77666
38660
64001
82462
5133
4490
45793
67201
47434
84849
16058
67462
41945
38294
87272
75852
10080
64242
42910
10648
86536
15165
9464
44149
60669
58496
23465
58118
31086
29858
79257
8751
68518
59610
7564
90002
64099
53356
57202
27884
54557
89611
95345
96501
44256
82617
88705
54335
46858
31614
64983
49745
63130
90798
93893
23799
49293
33710
98268
80378
63567
77524
5480
48436
37133
13044
38438
1232
66399
11991
45467
37307
17954
40812
33808
62209
23428
38864
16544
86637
70477
97878
36382
49958
88675
46626
73756
54320
80335
72023
34697
60254
65899
56529
8689
3031
69572
63478
20614
52322
75469
66081
89629
93422
23244
39788
71982
46671
78651
4877
49659
65479
2754
2392
15436
7781
49018
5544
62100
45704
77566
13148
5957
59816
69676
30998
62847
55599
10827
99812
24273
86295
82244
13901
96068
21839
70040
84402
68509
48690
89278
34520
14168
8384
36911
45955
16164
2280
51498
94615
47984
45416
7762
70292
5231
93790
17641
84429
49388
28468
593
73660
31114
99188
3912
43534
21027
73951
27935
5887
38992
17212
40406
69511
25595
93669
15466
58110
95948
83315
52724
43931
28730
60486
30575
33961
54275
48215
34741
20014
93034
35333
10026
24148
34521
30289
67681
55547
4240
11967
61433
59583
29178
18191
29094
71125
11859
44559
45586
7806
44225
98310
68089
72955
75147
98663
23267
45773
63229
58007
65786
56263
9692
92163
80410
60564
22452
