1000
28
14
28
53
31
6
21
33
2
6
24
8
34
32
29
10
2
48
55
44
7
20
59
52
32
53
5
37
27
2
25
46
15
53
39
38
50
51
10
51
57
25
50
30
48
18
31
49
58
25
33
56
45
23
47
8
15
43
45
34
37
9
19
43
53
49
20
42
40
21
32
36
37
22
57
24
31
27
5
28
51
37
15
27
51
54
35
6
36
11
39
4
11
57
47
4
46
58
45
17
19
9
52
55
22
40
11
52
6
15
12
48
43
26
7
33
11
41
30
47
43
8
42
53
57
28
56
34
18
33
50
36
33
33
22
54
12
24
37
9
38
40
48
12
58
54
37
8
34
6
46
8
6
28
1
2
47
56
27
4
20
16
31
52
40
45
37
51
8
14
51
38
53
38
41
50
32
17
58
57
15
43
5
20
2
57
13
49
44
39
44
4
46
15
47
25
51
24
7
50
37
49
19
21
18
60
11
49
8
60
38
22
34
34
33
36
22
45
16
5
23
59
60
60
5
47
16
55
2
14
37
30
2
55
50
20
46
52
60
46
51
29
7
17
54
32
44
15
16
59
20
31
57
19
30
54
57
38
48
58
51
16
27
53
11
9
4
48
60
3
33
43
24
32
51
17
3
34
32
18
32
51
40
20
1
2
13
50
39
1
39
29
8
6
13
18
6
16
58
57
11
30
39
34
53
29
50
55
2
21
5
25
3
44
45
56
45
57
45
15
49
23
44
57
20
56
6
25
4
3
22
14
25
52
39
9
13
28
4
6
41
60
31
43
35
7
38
12
3
14
26
52
37
1
40
48
49
45
13
52
40
26
57
4
9
35
4
13
2
59
11
34
58
41
17
25
47
46
36
41
52
53
32
28
46
11
15
34
48
19
25
27
36
13
22
37
47
25
41
40
24
51
14
13
31
22
37
9
59
4
42
50
49
13
17
34
16
24
7
55
34
23
21
2
35
34
30
21
58
10
52
13
1
5
26
23
26
54
24
25
58
5
6
38
17
15
11
24
38
17
18
3
31
30
56
5
3
25
17
53
35
8
5
27
5
30
49
30
16
12
46
5
16
52
42
25
58
52
40
35
60
58
29
30
19
25
26
22
41
42
14
7
49
10
33
53
32
22
15
47
25
52
51
33
35
32
57
32
15
28
58
14
17
19
35
36
35
60
57
15
33
2
14
13
11
46
58
42
59
4
28
16
55
10
48
22
33
36
45
47
3
35
52
20
53
18
55
19
17
43
33
41
36
38
54
46
24
51
20
14
54
39
29
40
49
8
53
21
43
30
60
46
4
51
57
48
9
51
6
17
25
30
58
60
8
43
45
23
33
56
36
18
35
57
49
15
4
42
27
39
11
26
24
6
17
20
53
17
2
58
25
26
19
22
25
26
4
1
48
28
49
16
45
23
4
34
29
7
7
55
45
9
21
60
14
29
11
6
37
12
55
1
37
13
15
53
31
18
46
10
46
34
17
22
48
20
47
16
19
53
10
55
53
22
55
6
42
5
3
18
9
49
19
37
2
33
22
24
42
7
33
19
40
50
33
27
1
19
34
19
4
43
14
56
5
60
54
46
56
56
56
4
45
14
33
38
38
54
53
11
60
25
30
31
6
2
49
7
20
22
25
15
56
30
11
60
29
4
38
25
51
25
28
27
30
60
4
7
45
56
17
36
13
38
6
10
39
46
16
51
7
33
5
3
2
7
54
31
2
23
55
53
47
14
19
8
6
15
14
50
2
23
26
14
52
23
24
31
9
31
13
7
3
9
9
57
8
55
27
1
9
13
45
56
18
4
3
23
10
9
5
11
23
22
17
14
44
32
36
44
54
40
43
57
41
51
45
48
37
11
48
46
15
33
33
32
28
27
47
29
27
51
31
49
12
47
55
47
10
22
23
4
54
5
52
34
47
36
21
24
38
60
1
44
32
33
15
51
59
1
19
26
43
50
6
54
28
52
33
38
6
55
33
59
51
24
32
37
51
44
52
20
43
52
3
15
16
17
5
15
10
16
32
52
5
29
38
32
21
10
1
26
56
33
16
46
48
47
14
38
30
6
49
12
57
51
18
13
60
15
19
9
30
42
52
26
10
29
57
22
30
58
39
25
22
54
2
10
40
16
39
1
21
28
13
9
18
22
13
17
28
23
17
49
4
9
14
14
37
11
27
59
60
6
23
21
59
17
22
31
24
53
31
36
20
35
44
29
57
49
38
16
11
54
5
15
54
18
20
23
20
38
21
11
43
35
32
42
51
45
