1000
12
14
37
42
49
48
9
25
17
5
5
46
20
15
39
16
21
25
34
32
47
45
10
7
56
52
41
19
25
32
3
28
37
32
2
18
19
10
34
27
6
38
12
17
44
43
33
5
7
58
28
53
42
37
51
29
21
31
47
37
54
42
5
23
13
58
40
31
59
13
50
4
42
1
12
25
35
44
21
41
33
49
25
7
17
15
35
29
38
22
6
31
3
2
53
7
59
24
29
49
28
18
52
9
11
3
26
45
39
46
18
11
26
34
17
43
41
44
3
18
5
8
40
59
9
33
5
59
48
33
47
16
51
30
16
1
25
41
37
3
19
54
5
36
20
14
10
60
57
13
17
53
20
56
51
21
20
47
11
8
19
50
15
1
19
30
53
35
3
22
29
21
7
34
48
26
39
58
25
27
10
33
19
21
29
1
41
40
39
44
47
57
33
53
50
43
23
42
10
25
55
38
37
2
11
24
27
41
13
52
7
22
16
25
43
44
17
15
24
55
58
2
44
22
55
33
57
9
6
6
25
1
43
53
2
46
8
20
26
21
3
33
34
19
49
16
2
6
23
17
52
20
11
35
34
57
59
30
57
57
35
21
57
9
13
50
54
12
9
20
32
4
52
6
22
40
13
15
37
35
32
29
47
34
55
20
22
54
41
18
50
7
38
38
15
42
27
9
53
27
28
17
22
11
14
43
42
18
58
19
45
21
47
31
54
41
42
15
26
22
32
15
28
1
52
34
42
10
42
26
29
1
34
50
3
39
25
45
57
22
3
41
42
41
3
27
13
44
41
31
5
4
45
24
56
29
49
29
30
31
54
50
23
20
32
18
58
56
2
54
17
56
26
58
28
28
16
32
11
48
2
7
51
47
22
46
7
11
14
36
33
59
18
47
10
49
4
8
44
5
53
60
60
19
49
19
38
4
51
41
51
52
47
33
30
1
10
36
3
15
4
35
5
21
21
15
9
25
22
44
21
6
43
13
16
23
31
54
18
21
34
60
5
12
32
34
4
33
10
6
47
5
40
51
25
53
57
25
9
10
8
29
16
42
33
31
56
4
16
13
16
41
12
20
45
35
46
48
7
55
54
45
51
25
27
7
9
24
31
17
33
30
46
48
3
18
11
58
13
18
2
21
59
13
40
35
39
25
22
37
11
7
21
1
24
47
7
32
10
29
49
35
58
26
22
52
35
24
49
40
42
50
60
32
54
31
6
24
48
19
60
58
18
20
51
41
59
49
4
60
10
52
34
59
9
48
51
36
3
31
15
36
21
14
7
6
36
4
30
23
15
29
13
32
41
55
4
39
35
7
30
44
51
4
35
51
43
25
26
45
55
40
21
7
45
27
13
13
23
42
35
29
2
47
52
42
33
55
12
8
53
42
43
35
45
17
26
27
33
43
11
20
15
23
26
51
42
30
3
4
3
38
24
5
16
15
46
49
1
58
48
53
31
30
20
15
39
37
33
11
19
35
30
33
58
48
24
39
17
26
34
20
55
57
16
3
3
1
51
3
50
30
47
20
59
6
26
37
34
50
40
53
17
9
17
6
48
32
36
57
58
9
8
44
57
23
46
59
15
28
53
5
57
39
16
48
37
42
24
10
23
55
2
39
56
11
44
43
42
19
39
31
19
38
15
15
60
52
5
15
20
49
11
8
28
26
55
4
59
11
5
22
5
59
60
60
9
36
35
50
54
13
21
13
43
27
19
42
18
16
48
29
4
58
37
23
16
23
18
14
25
23
27
30
21
19
21
21
54
55
10
39
60
22
51
42
48
2
15
6
9
3
26
4
52
54
27
59
17
44
5
41
58
31
2
18
49
15
38
34
9
40
13
60
1
3
41
49
56
48
46
4
50
11
8
33
57
26
32
13
9
36
45
59
58
39
8
47
53
46
20
1
17
24
53
17
19
33
57
14
20
42
10
1
45
9
26
41
26
57
45
34
24
21
24
21
59
32
59
43
9
11
36
25
34
28
33
52
52
30
58
4
3
7
4
39
7
21
11
32
17
55
57
32
8
21
53
58
52
43
41
60
53
16
16
27
43
48
18
26
17
7
29
12
13
25
50
11
45
1
42
2
47
31
25
54
51
17
52
34
60
24
25
44
39
40
10
13
27
20
38
36
26
59
47
31
23
36
41
7
28
15
60
15
37
25
8
19
33
51
52
24
14
8
8
44
47
9
48
5
20
18
32
46
16
18
8
30
46
40
36
13
46
36
19
22
52
27
40
24
9
31
48
15
38
47
50
16
55
38
