1000
13
15
47
44
52
54
2
59
23
39
30
58
43
16
25
2
37
16
20
17
40
28
39
19
34
9
5
24
16
51
53
28
57
39
12
48
24
5
38
46
43
8
43
25
15
60
26
51
15
45
59
54
5
38
4
30
38
8
53
53
51
45
21
47
15
24
27
38
28
4
15
2
3
50
18
9
49
44
60
3
20
50
49
16
27
52
46
56
52
30
49
42
7
1
20
13
24
46
51
43
42
57
44
36
46
1
45
34
36
36
37
48
25
17
3
44
8
40
39
51
10
19
32
16
19
44
28
42
29
10
16
2
59
59
38
44
60
22
10
27
49
38
14
13
54
9
56
53
48
27
44
49
45
7
4
4
50
24
37
19
25
53
20
23
43
49
59
42
2
8
9
50
45
14
3
38
22
50
30
10
8
13
58
53
20
54
48
1
9
16
11
33
8
31
48
43
11
46
24
13
53
24
2
37
38
56
14
51
38
35
60
45
48
50
29
59
43
16
59
43
24
10
15
31
32
54
5
42
39
29
46
23
44
40
59
13
35
4
4
4
31
55
49
10
44
17
8
18
25
58
60
48
59
7
10
30
60
15
4
31
35
41
53
10
20
44
23
55
39
18
58
9
12
38
18
48
47
17
5
3
15
5
42
13
11
43
35
2
57
30
24
23
10
17
33
22
52
47
16
22
56
5
31
59
35
40
46
13
49
51
15
3
47
56
7
49
38
33
50
27
54
14
41
4
22
5
25
5
43
32
26
38
28
48
37
54
20
14
6
8
4
20
2
42
7
60
30
45
33
12
3
18
17
43
21
38
48
37
34
30
60
51
8
20
39
36
13
50
49
19
57
45
38
50
18
45
49
48
21
13
51
23
31
7
57
43
36
44
12
9
14
11
59
13
30
29
40
43
18
20
53
6
56
22
55
14
58
44
53
18
48
43
32
18
49
21
1
24
4
12
24
9
14
14
13
36
43
52
10
52
12
2
58
7
23
52
12
21
27
4
30
7
38
54
24
26
14
16
41
17
19
56
18
25
10
30
60
44
22
9
35
25
2
24
23
24
8
35
36
26
30
6
32
8
51
48
25
4
55
58
12
14
53
29
30
54
59
29
37
12
29
4
36
30
19
50
53
26
16
21
44
46
26
15
45
16
2
9
11
57
6
22
2
51
43
31
44
41
51
13
44
19
8
11
40
26
60
32
44
16
52
27
53
9
33
37
16
35
45
26
23
43
40
16
25
22
46
8
54
28
12
37
46
19
47
25
37
38
48
12
45
32
30
37
32
2
13
40
28
50
5
50
24
36
5
48
57
42
55
50
9
59
18
46
9
56
2
45
34
42
48
18
13
17
47
36
11
59
15
38
40
12
20
3
47
24
50
44
58
37
25
58
35
43
44
43
38
37
20
3
18
7
13
22
16
59
58
26
49
4
3
29
15
22
31
54
38
13
29
27
49
53
24
23
27
59
57
57
36
8
51
53
7
3
15
22
53
4
39
42
59
33
10
14
55
32
59
24
44
27
50
32
19
5
46
38
4
43
34
39
42
24
31
48
19
37
9
11
32
39
52
31
12
53
36
58
25
34
21
8
60
2
32
10
6
17
39
9
51
4
39
25
28
2
12
38
30
13
48
2
51
32
24
2
16
59
59
40
32
11
40
23
12
3
24
10
19
3
10
2
6
49
26
25
50
29
2
19
41
42
12
32
5
35
33
20
33
24
52
56
34
31
10
46
33
34
47
43
28
56
36
25
44
53
50
25
22
43
36
2
16
47
25
12
14
58
32
46
21
23
34
46
45
43
31
9
8
9
43
27
5
19
52
40
3
33
57
24
7
32
18
15
10
42
26
15
31
57
53
43
11
26
29
47
60
51
55
60
60
38
26
56
48
9
35
50
33
23
6
40
46
23
46
56
56
11
2
19
60
54
1
2
19
21
49
11
12
43
10
3
12
27
58
59
36
24
49
8
47
54
39
32
8
16
19
3
27
21
21
18
6
14
19
25
34
59
27
37
42
36
39
45
54
28
44
29
44
32
29
30
25
59
53
32
15
4
26
33
16
47
42
21
52
60
37
25
59
3
54
32
30
32
16
24
52
59
44
35
22
4
56
38
55
40
1
1
35
27
33
50
5
14
3
56
5
31
12
55
26
5
18
55
29
26
10
20
16
46
46
38
41
41
15
35
12
16
35
47
34
59
28
38
4
30
33
9
53
36
55
18
41
13
4
9
38
6
20
45
51
5
22
31
37
29
58
48
36
32
26
9
