1000
23
54
46
26
15
10
26
7
45
21
16
17
25
20
17
54
25
36
38
7
40
52
29
8
20
26
48
47
50
13
55
4
58
32
29
5
33
55
3
9
7
19
26
31
30
42
16
46
10
53
52
41
36
12
49
47
30
36
33
19
40
19
14
30
50
42
34
14
28
36
23
26
46
40
48
15
13
3
60
22
48
51
55
23
55
43
10
24
10
42
34
41
1
47
10
42
20
43
48
48
11
10
13
56
41
1
11
45
55
10
59
42
53
53
5
47
27
14
10
36
47
43
16
39
21
26
13
40
60
60
27
10
1
32
6
41
24
16
17
10
17
15
52
9
7
56
47
33
1
48
60
39
30
8
18
42
33
30
22
24
29
40
34
29
3
31
1
26
38
17
28
54
24
19
55
22
6
33
47
58
21
46
36
50
53
45
24
17
6
45
41
34
24
6
54
27
28
46
44
5
55
11
50
10
21
36
31
26
9
17
15
29
55
51
10
47
27
33
56
33
17
28
58
41
33
52
59
52
29
34
56
15
45
37
24
57
13
47
23
21
3
37
49
49
19
58
36
46
23
23
18
39
50
15
11
14
58
1
5
19
35
52
33
11
28
49
7
40
35
29
52
29
58
32
18
8
30
45
53
52
7
2
22
48
9
33
1
6
25
57
24
59
48
49
9
7
37
16
39
3
36
30
31
25
54
48
33
23
24
17
6
30
19
19
9
19
43
9
24
8
57
40
6
36
20
15
43
48
22
13
50
57
34
12
14
27
60
46
41
15
2
38
45
12
57
53
30
39
54
46
46
50
17
44
18
36
58
60
15
11
4
4
59
37
15
12
56
6
49
36
21
43
14
57
54
2
41
16
40
26
53
26
16
9
9
25
36
58
16
50
60
19
45
58
47
59
10
42
57
58
10
9
32
15
57
26
16
37
33
55
3
17
12
10
25
12
34
52
1
49
41
60
7
25
50
45
15
59
19
3
48
28
11
12
42
7
37
57
36
1
43
38
17
47
39
33
58
12
24
59
52
56
50
50
12
39
34
26
29
52
21
9
11
23
20
44
30
48
40
57
40
15
26
56
1
4
20
50
7
35
40
50
30
30
39
41
60
4
58
29
48
18
29
58
41
48
34
2
27
13
50
6
19
15
53
11
10
12
1
8
46
40
57
7
9
27
47
1
30
36
29
9
46
57
59
26
36
32
19
2
36
8
59
47
14
51
57
23
2
57
30
39
37
26
45
37
44
23
37
5
58
57
14
43
45
4
60
20
35
10
13
2
17
3
48
30
53
45
44
46
41
13
24
9
30
60
46
13
22
14
18
12
3
23
54
47
26
46
59
60
55
3
1
12
6
41
33
58
25
17
44
57
21
59
6
43
59
43
55
12
48
4
23
50
26
9
37
51
54
35
42
48
37
35
51
34
15
16
32
31
24
7
27
44
5
32
26
55
6
13
7
54
16
29
43
34
29
19
16
22
45
58
2
14
24
52
47
38
59
10
60
22
16
26
6
13
58
23
59
55
27
5
48
43
26
31
8
54
41
23
8
26
20
9
31
43
52
9
12
51
19
11
12
26
37
9
38
26
24
37
12
50
33
60
24
50
22
31
36
2
54
43
19
13
43
49
48
34
58
51
24
8
2
28
33
30
28
3
47
51
31
58
41
55
49
4
45
10
27
12
12
20
54
22
24
28
3
11
1
52
2
17
59
55
36
23
16
3
25
54
46
55
43
26
50
32
21
26
33
47
37
44
58
22
58
22
49
60
32
41
51
25
49
41
11
24
3
26
19
28
11
4
14
54
21
55
17
33
20
49
20
48
25
9
1
22
30
49
13
2
22
55
18
10
35
29
26
29
46
44
48
57
47
2
42
59
56
50
31
8
38
42
47
54
51
48
7
20
28
19
13
49
13
31
59
39
51
16
8
36
59
55
24
37
48
57
35
36
46
5
43
16
39
21
9
29
8
16
48
36
26
53
16
39
23
6
9
5
21
16
32
19
3
48
47
50
44
13
25
22
18
59
29
56
20
37
16
19
44
55
46
10
47
2
40
1
7
48
5
28
56
37
38
58
24
25
39
59
37
56
12
46
54
40
33
5
9
48
16
52
43
1
53
21
2
32
22
9
12
26
36
7
54
5
56
9
21
26
8
58
21
11
35
7
51
60
3
51
39
18
42
13
19
27
34
20
50
55
28
1
20
55
59
14
52
46
14
12
12
21
1
24
24
36
30
6
27
33
56
5
50
29
18
60
55
51
20
45
45
39
