1000
37
56
26
36
1
17
21
15
28
24
27
29
48
50
56
9
55
14
33
50
18
15
19
27
14
5
17
33
49
53
4
26
49
29
53
41
45
5
55
4
29
22
24
8
3
11
8
58
24
41
39
34
47
57
60
60
54
17
25
42
1
28
59
49
48
43
30
24
48
16
27
8
29
43
15
32
45
14
29
1
54
7
34
32
56
33
32
49
41
48
22
34
15
13
14
54
55
35
17
42
51
35
49
19
17
55
50
54
9
18
54
54
17
27
26
12
51
49
52
24
36
13
57
42
25
10
35
12
45
51
53
35
25
34
45
34
28
35
27
28
44
20
14
52
38
39
55
28
19
46
43
54
51
39
27
7
41
1
18
25
51
11
51
7
36
35
32
55
1
50
23
37
1
28
28
30
58
23
58
16
8
32
1
50
11
27
57
51
27
14
7
9
24
49
7
51
23
39
46
16
20
60
52
21
27
11
50
24
33
39
39
33
11
39
22
13
5
18
55
23
32
53
31
47
41
29
38
55
59
23
10
19
14
53
31
40
4
12
3
36
51
41
60
53
11
22
57
7
39
43
21
2
35
43
49
7
11
18
1
10
32
3
28
45
55
50
24
50
1
26
18
51
58
17
35
60
38
23
58
9
5
18
10
31
60
50
37
10
7
30
11
30
32
30
14
18
19
37
8
20
54
25
2
43
41
37
42
11
59
39
11
56
48
12
26
47
2
55
49
60
24
59
30
55
29
35
12
39
12
11
58
57
35
60
40
8
28
13
10
18
44
20
13
31
31
31
18
24
25
58
16
40
48
37
26
16
11
37
47
14
40
44
3
6
35
42
13
2
54
14
20
37
33
24
8
56
46
17
11
2
6
26
41
53
54
6
1
57
35
47
10
14
30
12
11
5
45
24
58
31
37
17
7
2
33
6
57
18
14
59
20
19
17
52
12
10
50
4
6
24
50
8
29
11
11
39
15
56
54
5
26
23
13
24
24
45
22
12
55
27
2
6
46
18
57
49
28
46
52
25
1
33
32
21
43
43
52
50
38
37
54
55
59
6
18
14
51
31
17
45
58
19
42
43
36
38
23
55
16
6
20
8
38
43
21
20
17
12
9
46
48
2
40
39
60
50
52
50
20
1
26
17
11
59
51
46
36
13
33
43
18
44
43
47
26
3
7
43
14
7
28
53
1
60
23
60
49
7
41
8
7
58
25
17
56
15
54
23
20
26
6
29
1
40
16
19
42
14
1
47
12
20
31
12
11
54
3
59
60
43
7
6
40
23
14
27
29
7
50
48
25
47
9
25
26
24
43
59
29
35
45
40
47
15
44
57
8
46
48
59
29
46
4
60
8
9
19
28
16
8
16
32
46
16
48
3
39
23
1
59
49
37
38
35
43
21
24
43
7
11
41
27
56
37
18
55
45
36
22
52
35
29
23
20
44
3
22
14
25
14
12
13
50
50
40
33
2
3
15
60
5
55
26
60
31
44
46
8
11
7
59
46
36
14
5
11
16
19
25
40
32
36
44
22
17
23
46
19
17
60
18
21
46
36
12
17
11
49
24
21
56
14
6
23
27
11
33
42
29
49
13
52
17
57
13
33
19
58
43
28
49
53
40
35
28
52
43
38
40
58
58
27
11
56
41
38
6
6
11
26
54
24
17
10
20
22
35
30
11
17
57
52
1
37
26
28
20
8
57
51
57
47
10
7
42
50
36
39
55
47
56
41
10
4
42
21
25
16
50
28
25
39
19
25
7
36
45
18
35
33
8
31
19
9
29
52
59
5
30
45
43
25
17
44
29
59
4
45
6
53
4
30
23
14
47
29
49
23
46
23
55
46
53
14
54
14
5
44
18
27
29
60
43
45
43
3
35
38
48
41
22
43
2
45
57
48
5
45
2
51
60
57
28
44
2
21
57
58
57
6
24
17
5
7
53
39
9
28
8
48
8
30
23
1
6
19
41
10
55
42
52
46
38
19
30
39
32
26
37
28
32
52
44
28
58
36
59
59
55
6
38
54
27
60
55
32
10
35
42
5
16
33
50
46
44
11
16
15
29
52
42
52
36
17
19
33
44
9
23
39
7
1
32
33
60
18
57
2
52
38
6
60
2
47
45
45
50
60
51
18
44
24
9
19
40
19
43
16
28
6
54
26
58
17
50
49
35
46
50
18
15
47
17
17
26
53
53
15
53
44
32
28
7
40
46
39
50
20
54
17
17
39
34
14
55
24
55
29
9
44
47
24
23
55
32
48
48
24
2
40
