1000
59
33
59
58
4
36
36
53
55
21
2
12
59
35
17
53
50
11
14
51
47
52
14
9
46
37
56
33
52
57
4
51
21
2
48
16
37
15
60
24
35
1
35
33
28
51
17
9
54
30
59
40
21
4
40
59
40
35
31
32
23
27
14
35
20
53
50
49
7
49
12
41
42
38
5
9
20
21
17
13
51
16
44
3
19
23
1
51
57
24
14
11
50
27
45
1
19
34
49
25
23
52
57
56
29
1
4
41
21
12
53
3
19
29
6
30
51
6
20
40
29
33
50
10
51
35
11
9
60
51
25
14
35
13
9
55
13
12
35
25
16
20
28
26
48
33
55
38
30
6
17
51
38
59
60
20
33
2
28
32
45
44
46
19
56
46
5
60
50
40
25
5
51
52
30
38
16
17
7
45
22
24
35
52
14
27
11
46
20
31
9
4
14
46
14
2
32
19
1
21
50
17
17
40
60
38
9
15
54
15
52
8
30
18
59
43
36
1
20
56
31
29
51
37
6
5
30
37
15
22
49
56
39
57
35
38
35
43
45
20
49
28
19
19
37
9
1
13
10
13
8
32
41
58
60
38
54
29
7
60
43
55
55
21
44
29
50
10
3
26
29
52
45
40
2
22
48
54
34
57
6
33
21
38
22
20
16
16
41
22
7
23
8
2
35
51
22
16
60
25
42
21
8
18
52
1
39
39
54
4
28
52
36
48
29
50
59
36
57
39
49
3
53
57
4
19
39
26
35
31
42
8
43
49
25
34
41
4
12
26
7
39
17
35
26
38
24
17
5
20
55
54
22
40
50
18
58
20
43
32
50
24
39
32
4
56
5
44
59
9
1
57
47
18
23
5
47
38
21
51
57
7
44
11
46
25
28
36
45
2
59
34
17
30
58
20
25
54
55
15
2
55
3
49
4
26
45
50
3
57
33
52
3
16
54
41
33
21
8
17
14
6
42
30
35
31
49
59
25
35
13
26
21
16
6
17
33
42
6
27
38
30
18
33
38
11
13
10
23
20
18
36
25
51
5
52
22
45
50
46
11
55
3
24
2
9
40
34
50
37
60
20
7
10
52
44
12
56
53
35
15
2
2
31
52
59
14
13
35
4
50
46
58
53
9
59
53
40
24
34
16
23
53
22
24
44
5
36
39
49
10
45
50
3
16
42
1
21
46
36
24
28
13
13
20
13
3
12
52
26
37
7
41
30
29
4
13
25
39
52
6
40
36
55
43
43
28
35
4
6
2
19
33
14
32
52
18
34
55
9
60
31
8
40
60
36
35
13
52
14
56
57
45
23
44
19
6
11
54
1
16
47
19
48
53
50
31
10
16
25
19
15
48
26
46
39
53
20
43
36
25
38
33
2
1
16
20
58
18
5
58
34
52
16
21
44
58
44
53
13
60
3
19
47
20
4
26
12
15
60
48
32
30
12
33
30
19
52
19
36
57
16
9
48
23
22
23
12
5
15
24
4
18
42
43
37
37
60
41
44
59
20
15
28
23
47
49
41
30
59
16
26
14
25
5
29
38
27
40
42
34
56
37
51
29
19
19
6
10
51
41
9
2
55
28
24
33
9
4
2
7
12
28
13
28
24
41
5
51
12
38
24
7
6
6
28
25
16
33
26
59
13
34
60
59
54
16
31
2
11
32
8
22
51
20
49
15
52
45
57
4
22
12
2
28
9
29
44
24
53
9
14
57
35
6
55
28
21
17
21
23
49
28
45
31
40
25
45
31
10
33
26
23
44
28
42
52
48
25
8
41
26
21
29
60
26
24
19
38
40
39
53
20
58
29
51
37
53
27
60
54
60
25
9
43
44
50
35
24
7
34
4
24
54
32
15
12
47
33
41
19
3
33
38
52
1
20
29
46
47
20
31
46
36
31
20
12
13
46
35
19
19
30
34
13
53
48
16
32
12
48
50
14
13
19
5
5
39
25
50
17
36
13
54
12
43
13
23
55
59
49
5
17
10
38
21
2
25
28
33
36
16
14
41
28
33
38
32
3
2
14
19
38
18
12
41
52
24
55
47
14
35
43
23
44
13
43
45
29
3
10
57
18
23
37
37
47
6
60
49
8
5
59
37
22
2
9
14
18
3
52
31
37
26
53
12
38
28
56
59
30
57
55
39
20
23
7
58
29
6
39
28
11
37
56
24
39
4
29
56
58
12
18
26
38
11
37
7
38
24
5
59
21
51
37
32
14
43
29
34
40
7
1
42
36
48
6
14
51
26
1
40
38
18
5
7
20
33
13
49
