1000
43
22
20
40
38
60
35
34
52
27
49
1
30
44
32
20
56
29
17
9
41
11
56
11
13
37
53
27
48
53
15
30
14
35
2
44
26
36
17
18
3
57
18
24
40
42
35
27
2
44
27
35
54
14
45
58
51
37
16
30
29
31
60
34
57
53
17
22
28
26
31
22
22
41
38
54
22
12
12
23
55
39
57
40
52
33
38
34
9
53
4
29
23
55
55
11
47
3
33
6
28
55
20
42
35
57
27
56
8
38
11
55
8
59
34
52
32
11
25
32
56
20
53
10
14
47
21
60
49
45
58
9
39
17
42
6
5
8
53
4
37
3
58
37
2
32
28
25
34
44
56
29
4
48
39
17
34
59
9
15
35
58
15
13
14
48
18
10
47
3
13
23
5
11
59
58
34
18
22
7
2
10
36
57
57
14
13
23
4
13
29
38
10
35
42
15
22
52
24
8
54
37
22
50
39
13
48
12
22
1
18
23
10
53
19
59
58
24
13
53
36
41
30
46
15
4
52
28
55
16
27
40
44
48
29
22
52
16
25
14
9
42
28
10
27
39
8
16
2
20
9
29
52
30
6
58
33
58
17
19
13
43
58
48
23
19
1
14
26
25
19
34
58
47
36
16
25
35
32
18
47
32
46
38
1
52
28
26
41
44
36
45
27
26
32
41
44
32
46
9
48
5
35
45
43
10
53
59
44
16
16
30
47
53
60
39
36
27
56
16
10
24
60
36
49
31
8
24
54
54
32
41
58
58
18
32
7
10
30
43
25
37
12
3
29
11
41
57
29
29
12
39
52
4
6
40
34
14
3
20
7
26
60
56
24
17
27
22
18
56
4
34
32
8
36
52
18
9
48
47
37
52
17
20
55
22
51
20
27
53
39
33
10
39
20
25
47
46
47
57
33
50
30
56
49
6
48
7
6
27
45
42
18
53
53
12
14
43
32
33
27
10
5
36
40
25
1
19
2
39
15
35
20
36
30
9
33
17
7
38
36
43
11
53
35
3
57
40
45
20
12
11
21
9
39
53
25
31
11
18
9
17
52
20
52
22
28
25
30
26
54
57
8
5
50
34
7
38
14
44
57
17
54
17
17
24
9
33
54
11
51
2
27
42
22
11
55
41
27
25
7
20
21
6
16
2
40
15
39
45
58
27
1
43
44
18
7
44
50
60
55
40
54
13
14
7
15
8
39
41
24
45
53
37
51
60
38
22
14
9
6
3
27
6
38
10
15
44
46
57
35
32
28
20
44
41
26
51
41
5
23
4
41
15
32
23
7
2
44
20
10
49
15
36
55
52
38
1
27
15
57
53
46
17
13
21
49
30
11
29
34
34
25
7
40
56
29
46
57
13
58
58
1
4
26
47
55
3
40
13
9
28
5
54
44
17
6
25
47
9
53
12
34
17
18
13
13
47
51
1
51
40
59
43
43
24
22
29
18
1
41
26
20
45
11
56
54
8
20
40
16
12
43
49
21
1
54
25
39
36
25
29
15
23
3
49
38
24
17
55
16
49
12
36
33
14
31
26
22
50
57
37
53
40
18
13
32
11
37
10
46
54
30
52
8
24
40
46
48
56
32
3
44
36
30
8
49
52
26
2
41
14
31
34
45
48
38
16
50
7
17
27
60
38
18
7
2
57
44
49
44
8
43
19
43
5
18
23
56
43
17
29
49
47
54
33
26
31
49
7
37
5
33
36
35
42
35
36
38
10
16
13
17
50
23
51
54
40
14
42
15
22
10
3
60
3
35
25
25
23
23
2
20
55
29
46
28
55
21
5
5
28
9
21
17
31
12
3
2
17
36
16
30
45
10
29
39
45
45
3
59
7
56
10
53
25
55
20
11
7
16
15
34
16
36
43
46
39
37
39
47
12
55
16
48
56
36
26
40
20
20
31
18
16
40
10
32
27
21
42
33
28
49
59
43
24
41
20
54
17
58
32
20
44
39
7
40
14
32
11
33
43
41
50
50
21
51
21
39
3
55
3
30
43
1
12
58
33
31
43
41
20
14
60
4
44
6
35
57
29
45
21
12
18
10
1
30
52
14
8
54
60
10
15
34
11
26
31
35
48
5
16
59
10
15
54
53
13
20
49
41
5
9
44
22
10
37
43
53
50
50
38
41
59
52
14
1
9
36
28
48
40
43
46
49
49
32
33
1
51
13
34
47
13
17
60
14
45
42
6
34
31
35
6
22
26
19
14
26
54
41
13
25
15
50
13
4
21
37
56
4
49
21
50
1
38
50
14
22
31
