1000
11
48
54
45
53
15
2
4
20
27
57
53
39
14
7
21
18
2
33
55
58
36
43
18
26
36
47
7
41
1
37
52
40
22
28
24
36
30
27
48
56
16
40
27
29
46
47
46
40
19
32
37
55
15
46
12
42
25
18
22
17
46
5
56
8
33
11
43
2
30
22
49
37
1
15
57
39
53
34
18
12
6
46
58
12
23
9
53
39
18
6
55
3
11
42
10
43
53
45
36
14
6
16
50
59
31
46
29
23
19
38
26
16
15
15
27
37
15
19
16
32
17
2
35
27
44
36
1
28
20
28
41
18
43
30
16
5
7
36
20
17
13
45
33
27
60
59
55
14
10
2
38
26
4
12
44
39
39
36
6
59
3
46
16
45
7
23
42
5
58
1
21
2
45
53
20
36
44
14
42
45
8
19
2
3
22
45
41
60
20
46
50
14
23
57
50
29
19
31
33
8
31
45
9
8
30
20
35
13
34
16
57
33
26
50
35
39
34
15
31
45
52
20
58
14
9
39
34
27
10
58
27
32
42
27
39
11
47
6
15
12
21
3
44
39
52
10
17
17
24
39
1
15
51
50
20
59
21
53
17
30
50
43
53
23
10
24
34
48
29
40
59
41
43
34
19
26
43
28
43
6
6
43
12
56
25
31
54
45
15
3
6
4
45
50
18
46
13
43
33
41
23
31
14
5
56
32
22
38
59
4
35
5
39
46
52
3
8
38
39
14
40
44
17
24
25
27
2
38
9
34
10
31
57
23
27
52
55
49
30
45
52
4
41
30
42
33
24
41
10
54
55
49
29
3
4
54
29
5
31
38
31
32
60
19
55
27
10
41
15
31
25
58
27
6
20
60
38
35
40
39
29
26
19
57
29
14
50
49
11
12
18
41
44
18
51
30
44
52
10
50
15
34
39
41
31
58
32
60
25
3
38
53
29
48
41
49
2
23
29
12
26
47
44
9
4
34
38
47
25
39
28
31
13
6
11
35
56
34
35
20
37
12
4
57
52
36
37
53
50
5
56
16
51
31
16
54
4
46
32
20
24
59
51
28
57
53
3
44
19
37
3
55
40
58
43
31
25
11
15
15
15
10
30
58
32
45
51
35
30
15
47
54
5
29
13
1
13
15
44
31
51
38
17
23
27
59
45
52
1
60
6
16
1
27
13
33
3
55
59
33
1
37
18
6
5
30
58
10
37
34
40
19
3
57
41
22
47
26
5
48
17
2
55
9
28
59
33
30
45
32
54
46
8
3
43
5
25
32
14
1
57
45
19
52
33
52
13
20
9
17
59
17
18
45
25
37
43
58
6
19
21
52
4
20
54
38
24
18
2
29
10
58
6
29
41
38
12
53
57
20
1
47
28
10
31
52
46
5
41
44
24
1
35
19
21
20
49
36
30
50
57
39
39
2
59
20
39
10
12
28
21
5
6
48
14
37
32
60
33
12
35
56
13
9
7
25
20
55
60
49
44
56
28
22
49
26
41
28
28
45
47
40
49
52
20
54
20
51
53
53
54
27
40
6
27
46
22
47
40
22
27
15
9
54
37
58
12
9
25
31
45
3
10
25
54
21
19
14
3
11
58
57
30
29
54
48
15
16
34
46
37
53
1
45
46
29
42
49
37
58
19
14
60
21
38
46
41
56
51
44
59
48
40
20
16
25
7
22
40
33
8
8
25
60
45
2
28
18
51
56
16
1
9
7
21
47
52
54
34
34
37
32
13
8
43
21
32
50
42
4
14
41
11
38
40
55
39
59
5
21
55
12
22
3
18
42
41
2
35
7
27
3
30
40
2
13
60
26
2
41
29
15
14
31
44
53
18
14
44
22
35
38
33
56
32
42
29
5
35
56
11
2
50
40
41
52
52
40
9
45
12
37
51
25
59
34
10
16
40
53
29
14
22
53
1
45
35
21
49
1
8
51
2
58
31
34
41
14
13
49
59
17
17
41
33
7
7
42
23
46
26
43
51
47
36
43
24
2
3
12
54
3
3
48
60
25
21
32
38
26
12
28
42
28
9
14
34
15
48
48
52
13
23
42
52
50
24
7
43
18
18
36
20
12
23
11
36
36
42
14
1
45
41
34
12
41
39
38
47
18
17
38
23
31
11
6
20
26
12
2
44
29
30
55
41
44
6
8
19
39
21
11
24
54
36
27
26
15
56
13
24
5
42
46
35
53
51
55
18
2
48
1
23
9
48
55
53
53
2
3
23
15
14
38
60
41
5
25
47
52
29
11
56
11
56
31
3
39
17
