1000
20
40
56
13
54
5
60
48
57
44
50
51
6
56
56
44
55
37
40
11
23
31
40
25
19
50
13
49
44
51
57
3
22
52
7
16
56
58
55
44
41
36
35
39
31
30
22
25
58
53
28
13
15
7
37
33
48
49
13
31
31
9
25
45
1
32
52
56
29
46
40
2
22
14
40
52
35
53
9
33
37
36
37
51
34
13
24
21
54
36
51
16
45
7
60
37
30
51
32
51
37
11
52
50
16
31
41
43
15
41
7
51
16
43
41
49
55
56
1
40
24
43
48
60
50
47
36
19
30
7
9
58
10
52
47
17
14
27
59
28
8
57
18
15
39
51
56
26
38
56
57
1
39
44
60
20
31
27
30
60
26
39
57
35
22
35
43
36
1
34
3
60
30
13
7
9
55
2
34
32
49
30
25
19
14
16
38
36
43
60
27
8
38
15
34
59
49
16
34
41
49
29
33
19
33
39
19
27
32
44
50
20
13
14
39
18
22
8
45
4
7
11
3
36
17
28
27
5
43
52
38
24
12
10
34
44
48
52
2
19
35
52
30
39
57
60
57
18
8
33
13
6
44
15
34
60
42
52
57
17
43
34
40
55
43
5
30
22
56
32
40
22
23
9
60
11
1
48
29
8
21
41
5
56
48
30
47
21
21
43
29
56
8
60
42
50
4
11
3
51
42
42
12
56
43
4
7
43
43
27
42
55
59
38
42
38
60
29
59
20
3
27
7
11
19
48
52
22
59
55
13
32
28
16
20
2
11
18
36
46
44
9
40
34
39
22
12
38
42
10
49
44
28
56
46
46
43
30
60
33
16
4
57
43
19
16
37
22
33
12
7
8
13
46
41
51
59
52
28
40
53
16
16
13
11
1
50
46
22
49
18
37
52
6
12
3
21
48
24
45
51
30
52
3
7
25
45
6
8
12
37
1
20
44
5
30
37
54
7
58
35
17
35
18
22
46
20
35
33
35
19
15
56
3
10
3
27
54
60
34
6
28
26
17
12
22
38
48
16
45
37
42
1
11
59
14
48
11
48
12
45
7
27
33
9
36
35
27
21
26
52
18
45
10
34
56
31
12
35
46
56
12
19
48
14
18
1
2
28
49
13
4
47
31
36
47
6
2
5
27
19
56
44
4
5
18
51
28
21
18
5
8
21
24
55
34
41
47
35
60
27
40
55
5
10
23
51
8
16
55
26
27
43
9
30
39
18
12
6
30
29
11
37
49
34
23
15
6
10
41
57
28
20
43
33
22
5
15
29
21
2
54
47
44
54
8
14
4
11
12
33
40
22
10
20
47
32
34
44
33
15
32
53
26
14
17
47
19
31
15
31
24
60
9
59
54
8
13
57
18
24
21
49
37
30
9
15
54
34
58
18
48
29
2
14
42
18
52
52
41
7
14
4
58
14
3
51
21
15
39
39
30
60
19
6
21
27
20
6
1
9
16
40
29
17
45
10
27
37
54
59
35
7
2
32
21
56
15
33
2
53
3
31
44
22
28
57
40
47
2
32
47
9
4
15
18
48
17
44
16
10
42
50
8
35
14
20
31
28
45
32
12
47
3
56
8
30
52
40
9
45
11
55
54
14
2
11
2
18
46
9
19
19
51
26
53
4
38
23
23
22
47
34
8
49
21
8
10
4
47
10
49
57
57
34
3
58
36
56
15
13
4
25
31
54
50
23
49
19
38
11
40
24
45
40
4
57
47
13
1
25
15
41
21
11
14
15
60
41
10
6
53
14
30
23
59
11
37
48
30
6
58
9
29
34
40
24
31
26
37
31
50
43
3
3
45
8
17
44
48
19
49
32
32
10
46
30
20
22
9
49
20
7
50
48
40
29
12
2
47
40
24
36
14
26
30
58
33
39
41
12
57
21
43
20
30
28
41
41
42
50
30
1
56
11
40
27
39
43
21
25
14
44
53
27
10
14
16
34
52
56
46
40
8
20
59
29
40
40
10
21
29
31
13
16
41
44
34
11
19
54
28
24
38
20
51
39
25
6
12
17
54
57
56
1
9
47
22
48
26
31
60
46
1
12
53
41
47
26
51
57
12
18
21
41
29
3
19
54
8
30
2
53
19
49
46
27
27
7
14
52
37
13
29
29
16
21
9
54
39
51
51
50
1
11
30
29
13
40
14
12
9
7
57
19
48
42
37
14
40
50
58
16
54
26
44
1
47
44
55
17
34
45
58
34
47
19
55
59
58
60
2
58
7
58
17
54
39
53
59
18
35
56
25
28
22
60
21
60
35
