20
50 478
24 41
18 49
50 5
23 12
33 44
13 26
40 37
14 40
29 30
8 38
17 12
47 40
24 4
15 43
12 36
19 4
3 17
5 8
39 17
40 35
31 17
24 20
32 13
48 14
22 35
30 33
32 19
9 37
33 23
30 46
11 48
2 13
16 6
20 4
24 11
38 5
29 11
24 11
26 21
24 49
7 3
34 40
24 42
27 8
16 8
4 26
7 5
39 22
12 10
25 36
23 15
40 1
25 15
11 2
37 36
1 43
41 36
33 14
29 11
21 46
18 26
24 32
12 45
44 23
21 31
45 35
20 46
12 34
8 15
22 46
17 14
36 2
48 1
30 8
21 26
27 49
49 50
30 12
46 25
36 19
5 31
5 24
28 16
9 37
31 30
32 49
46 19
1 45
19 30
3 42
7 31
40 7
33 19
18 30
44 4
48 36
3 24
13 20
34 1
2 16
35 1
13 3
1 7
22 32
11 15
41 42
4 47
24 22
15 3
17 20
3 17
5 7
42 19
26 27
19 30
42 3
30 4
8 32
13 31
15 23
45 5
16 48
4 39
21 18
44 40
39 48
6 45
4 49
13 31
25 33
10 17
38 41
22 47
22 34
27 39
9 21
45 24
20 48
15 42
17 10
31 5
7 38
49 10
36 13
42 13
48 2
31 35
42 2
31 16
38 9
6 48
31 50
23 2
48 37
43 14
48 26
21 4
13 21
15 1
34 7
13 31
10 43
17 1
46 49
18 35
7 23
34 39
23 7
40 22
43 32
37 43
7 48
22 30
15 24
13 23
38 45
32 13
34 27
13 2
14 19
24 47
9 48
3 48
19 48
29 6
42 38
14 39
11 43
3 34
7 25
21 3
8 2
15 42
30 27
43 45
47 18
44 5
16 48
4 36
47 35
41 38
22 7
27 34
49 31
17 6
8 39
10 15
42 25
6 23
3 50
18 2
18 13
8 35
10 12
20 7
46 11
46 19
19 24
2 17
5 18
24 12
8 34
26 49
10 34
21 14
33 40
15 2
2 23
36 14
36 8
22 31
20 17
49 38
41 50
4 45
19 28
8 28
13 35
26 22
18 48
35 3
40 2
4 43
26 42
6 11
49 29
43 18
46 41
5 36
42 10
32 12
39 41
39 1
25 16
24 45
15 11
47 4
14 2
49 39
45 6
49 45
35 41
14 30
33 18
17 26
30 50
37 18
42 27
21 16
42 46
12 6
6 10
12 19
14 10
9 8
15 7
5 1
49 18
32 33
38 50
8 17
49 46
36 40
22 6
8 13
2 21
21 9
31 32
30 44
43 38
3 9
47 9
10 47
27 41
30 14
41 39
32 41
35 19
33 8
25 42
23 28
12 43
38 44
26 17
37 18
7 42
28 3
50 37
1 28
30 32
43 22
21 24
14 7
43 48
16 19
39 38
48 3
30 37
46 5
6 35
24 12
26 2
16 27
40 16
5 19
48 47
42 20
23 6
28 17
3 43
37 44
33 36
46 12
22 41
19 27
25 42
40 2
45 5
29 35
23 35
5 20
33 47
41 7
4 20
25 8
12 11
3 46
48 8
22 41
28 48
15 21
40 19
16 44
49 2
16 33
6 37
17 4
29 24
9 48
50 17
12 11
21 7
10 19
16 31
9 43
31 25
14 20
43 31
13 41
32 31
25 39
19 44
43 48
19 1
45 18
19 8
30 40
15 40
10 30
20 25
2 44
40 21
39 22
36 31
3 16
8 43
36 1
35 33
19 38
30 36
8 37
18 49
3 7
8 35
28 29
9 30
23 50
2 13
21 37
45 25
4 2
17 40
4 24
22 41
3 10
50 42
29 49
44 35
8 28
14 37
38 45
11 39
49 23
11 35
17 35
41 21
4 32
24 7
5 48
49 10
9 48
3 37
46 23
4 26
38 40
15 33
2 6
33 24
16 17
42 1
9 14
6 42
40 12
49 37
10 8
47 7
12 35
5 9
9 10
34 46
1 30
2 6
12 27
23 31
20 25
39 34
30 31
23 41
29 11
2 38
9 11
49 43
15 7
1 26
43 48
26 45
28 27
2 39
5 24
21 24
49 10
9 28
42 33
21 22
43 22
11 3
34 11
45 48
19 47
23 13
45 50
7 24
28 10
14 32
36 35
6 36
46 16
15 39

100 416
10 93
9 72
46 92
82 42
92 50
89 16
13 85
66 71
8 93
31 73
75 16
7 32
51 2
47 15
90 95
52 51
40 12
22 85
3 55
26 94
57 66
62 69
2 27
91 61
71 73
34 45
40 28
42 94
75 57
35 21
60 38
12 71
11 96
25 66
74 71
22 91
32 42
45 58
84 5
28 57
90 25
96 82
52 38
75 78
46 61
51 5
50 62
27 61
10 51
78 35
21 51
77 52
44 21
61 27
26 41
83 67
65 79
48 68
16 74
98 13
35 48
17 84
61 95
96 22
45 25
56 18
75 33
69 70
5 82
97 82
22 79
49 38
9 96
5 76
70 2
88 4
1 56
39 14
50 87
35 47
11 91
64 38
75 84
7 79
65 3
61 38
34 9
75 94
56 80
70 25
33 9
80 86
65 19
99 14
57 33
12 67
75 4
49 59
11 80
75 65
92 13
98 52
87 92
7 18
13 32
3 21
11 88
37 81
86 3
37 18
14 56
45 89
59 93
99 21
24 73
86 15
37 35
66 76
78 73
45 90
56 47
63 66
34 99
99 71
53 35
41 67
90 85
7 1
29 5
21 53
29 58
19 66
93 85
41 22
9 85
64 84
26 81
69 76
79 40
29 66
80 47
7 64
53 59
92 9
80 96
37 89
15 2
33 51
94 55
59 31
18 74
14 95
6 34
22 37
73 2
54 4
48 60
67 100
19 11
60 50
6 97
90 72
50 23
22 96
29 80
26 46
5 91
92 63
76 13
99 49
15 52
52 62
63 71
14 81
33 73
82 38
21 72
10 71
94 83
66 22
15 43
19 85
10 33
60 22
31 60
36 34
64 50
97 34
63 29
66 87
11 55
8 82
16 30
27 99
47 100
13 89
18 83
25 27
16 36
100 98
96 88
32 59
37 80
44 51
8 61
89 18
67 96
51 35
25 29
33 23
28 97
11 45
31 87
23 98
23 75
48 70
62 31
80 50
10 23
100 17
35 88
87 1
36 89
35 12
18 19
35 45
67 97
42 50
84 16
47 58
90 46
79 51
76 58
100 85
32 51
54 18
39 92
18 74
80 5
37 49
75 71
46 42
20 87
43 55
2 41
12 92
87 42
94 62
51 94
99 34
44 52
51 34
95 20
59 26
24 96
75 99
18 72
92 37
58 34
91 11
26 54
54 12
47 48
26 97
93 24
30 88
27 32
22 21
52 32
46 75
79 72
25 97
43 16
85 52
1 76
15 27
81 68
90 28
15 76
59 38
6 47
16 89
20 36
40 51
34 15
30 57
91 78
52 7
62 55
59 89
69 37
70 37
27 49
3 41
24 62
31 81
8 46
70 79
34 9
29 19
75 10
75 66
87 26
24 1
81 34
89 1
71 10
37 97
10 92
89 34
53 71
66 12
69 87
90 2
48 70
72 22
32 46
39 70
24 14
70 56
48 11
56 18
20 45
66 82
36 6
15 40
77 32
51 97
19 92
50 18
13 21
91 44
66 30
14 41
43 83
96 90
45 4
59 65
48 24
98 35
30 12
74 58
95 24
54 65
67 55
82 79
75 73
75 92
54 88
33 48
22 80
38 67
83 96
83 82
72 80
16 1
43 89
10 89
64 15
54 30
69 87
61 95
11 35
86 64
74 70
12 95
2 1
13 36
48 95
18 19
26 85
71 68
74 80
57 89
94 62
71 14
48 31
8 59
17 46
74 90
67 37
36 68
37 49
4 37
95 21
55 21
57 78
40 30
57 96
71 3
9 41
68 57
71 28
67 39
73 40
28 39
29 15
7 17
63 62
53 58
34 60
30 90
37 69
72 45
17 42
99 25
82 67
81 4
94 99
42 18
91 21
8 19
35 66
35 50
27 40
59 60

72 101
10 63
44 29
59 68
54 38
29 67
40 21
62 65
44 63
42 46
23 53
24 13
55 30
18 13
29 32
41 7
55 50
13 43
22 72
38 3
53 10
13 20
31 18
12 18
8 69
63 46
49 30
58 47
59 4
4 32
51 44
38 50
37 51
20 58
66 57
4 46
67 16
9 41
33 36
58 56
32 64
29 24
37 30
71 23
33 2
70 28
61 52
5 41
30 24
42 39
8 45
12 18
4 36
58 52
71 59
51 30
66 7
53 30
52 51
69 13
68 10
40 72
61 44
40 34
11 9
72 18
69 27
52 16
62 53
11 60
56 61
17 49
11 14
23 63
8 35
19 4
44 2
19 33
61 3
66 71
11 10
16 24
36 11
55 26
64 66
13 47
70 46
39 9
59 5
71 66
39 33
13 27
34 32
59 22
50 68
20 60
21 51
27 57
62 26
26 69
19 38
43 16

100 68
36 69
18 74
63 20
10 35
42 7
34 12
80 23
44 23
91 32
34 73
64 55
82 37
55 44
27 25
80 73
57 15
42 74
41 4
46 50
90 87
9 76
51 88
98 94
63 40
25 96
13 41
2 46
29 8
90 7
32 69
80 40
35 21
66 27
76 11
29 65
97 37
40 47
76 90
92 90
81 17
37 93
9 38
39 37
45 80
96 28
100 75
20 34
95 85
13 70
95 93
86 43
81 78
42 56
19 33
98 99
1 34
44 61
24 34
50 20
13 45
48 12
19 67
97 13
3 61
34 97
53 71
91 33
48 32

50 149
17 38
17 21
10 28
44 43
27 14
5 23
13 18
41 31
14 5
33 25
40 31
29 10
21 12
10 5
2 25
21 39
43 39
11 2
18 7
46 22
50 18
36 19
8 16
35 14
50 11
3 30
39 13
2 50
22 6
3 48
26 43
41 15
4 44
34 12
40 30
33 41
47 18
10 7
35 44
20 34
6 23
15 44
37 16
46 10
22 50
9 49
43 49
15 48
45 49
11 34
28 43
24 12
35 30
48 30
2 31
35 26
45 31
12 10
26 21
33 27
31 32
19 30
46 18
26 46
28 9
23 22
34 47
33 21
28 30
50 29
12 37
4 8
17 20
44 39
2 20
20 35
41 1
33 10
26 28
38 36
1 11
19 49
44 39
28 25
41 9
39 27
12 46
45 31
15 38
19 9
40 5
1 40
37 11
17 15
50 2
17 10
21 15
5 11
44 32
1 2
22 29
16 17
23 46
34 12
16 4
23 6
8 23
47 45
35 14
11 36
17 27
46 37
43 2
50 38
35 50
40 6
29 5
23 3
2 8
15 17
13 39
24 20
11 23
16 48
36 26
33 4
4 30
41 48
34 42
36 18
41 25
24 21
31 48
26 32
7 40
50 19
28 24
40 46
6 39
33 24
36 37
5 28
36 40
19 21
8 12
47 33
34 27
32 9
8 40

45 304
5 14
13 9
16 30
29 39
22 7
44 24
45 29
37 5
43 7
26 22
5 44
21 9
1 44
4 40
33 39
14 37
7 33
1 29
17 36
23 38
4 28
24 3
11 15
8 16
28 40
44 33
38 20
3 45
18 6
40 13
44 15
4 13
3 11
3 19
9 25
19 12
15 42
15 25
18 29
2 7
23 1
39 22
20 41
22 44
2 23
11 7
44 22
26 8
39 29
34 2
15 14
21 29
10 35
16 34
25 24
40 9
24 41
37 5
36 20
4 44
42 14
13 3
42 45
10 36
35 5
37 5
18 19
40 34
8 17
22 39
41 24
2 19
19 39
31 9
13 34
15 17
9 27
26 6
33 42
3 23
2 1
34 19
20 28
8 34
7 36
28 2
14 36
27 32
36 19
41 4
7 17
27 23
5 7
28 37
10 37
14 11
37 2
37 11
37 44
45 43
34 6
3 24
39 34
15 13
36 25
19 7
6 41
18 19
30 10
28 21
23 1
20 25
37 30
16 35
36 20
30 24
25 39
3 18
35 17
30 25
3 11
39 8
13 11
33 43
27 22
25 5
22 44
36 20
36 13
16 26
32 1
5 11
1 14
35 30
20 22
39 37
15 1
4 32
40 8
14 23
40 25
45 38
22 26
35 34
42 16
20 4
27 37
4 40
33 1
31 7
22 24
5 36
31 9
29 25
16 4
2 10
35 8
10 11
41 6
44 37
21 25
2 9
23 12
3 11
12 33
24 33
18 29
30 3
44 21
34 14
24 43
31 21
12 2
31 7
7 37
5 35
23 6
43 8
25 8
18 36
40 3
24 20
38 8
22 36
28 18
12 14
15 42
34 33
5 26
40 11
24 6
45 2
19 5
9 43
12 33
33 13
35 18
32 35
33 16
25 15
33 36
35 9
39 30
41 43
11 35
9 34
41 15
42 21
19 5
18 30
44 12
5 34
30 36
23 17
6 9
38 45
7 35
8 45
19 4
5 36
45 13
32 2
34 28
22 15
40 39
6 38
6 10
33 42
1 17
13 26
12 13
39 1
27 38
20 30
42 17
37 16
3 38
12 38
15 26
32 15
31 27
41 26
23 3
42 22
29 9
41 22
9 23
22 35
14 18
7 5
41 9
43 7
1 19
32 39
40 17
25 22
19 5
6 28
8 3
5 37
11 45
20 26
29 41
16 43
21 29
9 16
37 6
22 45
31 15
45 26
31 9
12 42
14 39
5 16
5 3
33 12
22 21
40 25
43 44
45 26
8 22
17 20
43 23
6 12
23 38
4 8
1 22
5 14
23 16
37 27
18 31
45 1
6 40
32 3
38 31
28 45
7 27
11 29
32 22
13 24
33 21
31 9
32 44
38 2

25 300
1 18
4 21
8 20
13 6
10 3
11 19
11 22
1 10
5 20
17 10
7 4
15 7
7 11
15 3
22 1
3 14
6 1
22 3
15 4
12 1
8 22
21 19
21 22
5 25
16 23
10 22
2 1
5 10
11 21
13 8
21 17
23 4
19 6
10 22
17 11
7 15
6 25
10 4
4 12
19 1
23 17
4 23
24 14
11 19
3 20
15 21
17 18
15 13
23 24
11 16
11 17
7 19
16 19
22 19
5 18
22 4
11 25
3 9
15 13
3 17
9 17
13 1
11 4
13 10
2 23
25 15
17 8
10 7
1 8
3 5
25 24
10 11
25 13
19 15
2 21
6 11
14 20
13 1
23 2
10 2
1 11
16 17
19 2
24 19
9 1
1 9
1 10
21 2
24 16
16 1
14 24
13 4
18 25
5 18
3 14
19 3
25 11
20 12
20 13
20 22
15 5
22 25
2 23
25 18
16 25
8 16
14 11
8 15
15 2
17 4
20 5
5 16
24 18
10 13
13 6
3 19
4 21
3 15
18 5
22 8
18 7
18 10
24 21
1 4
16 22
8 22
12 8
15 23
22 4
3 1
22 8
4 19
11 7
8 5
13 6
15 7
13 9
16 13
4 17
16 21
15 23
18 2
7 9
1 5
14 4
6 12
13 9
6 23
17 15
3 4
21 19
11 10
2 3
22 5
19 12
3 11
11 20
14 19
5 14
23 18
19 3
4 7
12 9
4 5
1 8
11 21
1 21
7 4
23 3
11 19
16 13
4 3
9 17
21 13
5 18
5 24
23 10
7 11
21 10
15 21
20 25
18 22
22 24
1 22
3 11
17 20
23 20
22 6
13 19
20 19
13 1
19 10
10 25
20 5
12 2
6 13
19 2
12 19
4 8
23 14
24 17
13 20
13 20
9 8
14 2
21 14
23 5
24 2
5 10
15 7
17 2
2 21
13 23
24 22
20 15
22 12
2 16
1 22
1 9
10 3
4 1
2 10
24 25
13 5
12 2
11 5
6 15
25 20
12 1
17 8
15 13
19 18
6 22
14 6
7 1
10 12
1 13
21 1
13 11
5 1
12 18
5 19
7 5
14 20
7 2
21 23
13 1
21 4
9 2
4 20
13 6
8 10
6 20
20 10
22 9
4 1
2 10
7 17
6 13
23 8
10 19
7 23
21 2
1 6
3 6
1 17
13 8
3 18
4 23
4 25
8 2
11 19
9 3
2 23
2 11
8 22
17 5
20 18
7 25
22 14
2 13
1 9
15 20
14 25
13 21
7 17
9 3
2 13
4 24
14 6
13 7
12 7
24 20
8 20
8 10
9 10
20 25
4 9
14 4
23 11

64 232
53 58
55 26
7 33
4 61
42 10
5 26
37 29
59 50
17 33
34 23
31 10
12 18
48 1
63 61
51 48
37 40
42 27
1 48
59 4
45 37
13 49
62 49
14 56
35 30
24 4
53 55
13 64
8 60
64 6
57 50
53 29
25 30
55 26
14 50
29 58
22 42
42 19
26 55
10 60
21 34
64 9
24 12
8 31
8 7
36 64
56 24
28 17
54 18
42 3
3 6
60 24
47 37
42 9
28 52
4 48
21 3
56 44
15 63
10 22
5 45
21 60
4 48
12 57
1 53
59 4
59 54
27 41
27 5
49 54
56 53
37 12
55 28
55 5
26 64
26 30
44 46
25 47
29 37
40 30
25 34
33 19
24 59
60 50
63 44
39 54
32 11
1 23
38 55
27 63
54 53
28 33
34 52
16 63
24 55
28 49
24 60
3 47
54 62
32 53
42 6
42 9
16 43
31 53
33 58
51 23
46 14
55 15
2 6
13 25
60 40
9 20
35 12
2 25
9 34
13 50
39 54
59 55
32 25
43 1
18 30
23 63
43 13
14 44
19 26
5 14
2 13
33 36
24 35
60 33
4 8
18 42
62 12
32 29
37 11
29 54
40 51
53 18
64 2
62 18
27 2
31 28
14 64
64 38
34 59
6 37
3 23
14 64
35 46
28 7
56 57
60 31
43 48
48 42
49 45
59 12
46 26
39 60
25 38
33 58
33 38
30 35
60 43
34 30
24 61
36 15
53 32
45 32
15 29
9 64
9 4
11 55
29 49
50 53
23 18
46 55
55 11
25 50
53 58
16 13
54 51
27 43
18 8
10 33
36 18
32 44
21 42
34 49
26 19
37 48
36 18
38 26
28 62
12 17
55 27
29 45
13 55
23 31
62 32
63 33
49 30
13 6
7 46
54 32
1 27
16 36
44 53
62 8
51 9
24 41
35 52
21 47
42 43
13 40
10 11
8 59
40 20
64 46
2 53
14 2
15 29
37 59
17 34
2 3
42 25
44 12
12 64
59 53
43 7
28 52
18 36
46 57
55 45

7 21
3 1
3 6
4 1
5 1
2 7
7 6
7 5
1 7
3 6
3 4
6 5
3 5
5 4
2 3
7 4
1 4
6 4
5 2
6 3
3 5
1 6

30 135
11 10
27 24
30 3
18 3
15 27
13 18
15 16
25 14
15 8
5 14
14 13
1 18
9 28
29 14
14 13
1 17
14 19
10 14
21 19
16 28
7 20
7 14
6 1
27 20
30 23
25 13
5 26
23 14
15 13
19 29
17 11
15 30
30 16
13 12
26 21
1 24
2 8
7 30
26 18
30 18
13 12
23 30
26 28
6 30
8 4
16 19
10 16
10 17
20 21
12 2
14 28
4 21
26 10
20 21
20 19
1 24
23 15
15 10
4 20
10 11
24 25
29 25
2 8
12 14
21 15
15 4
4 10
16 30
12 5
12 1
16 12
24 30
18 8
9 21
27 18
2 12
5 30
29 28
30 2
11 20
8 18
15 12
27 30
11 8
4 22
30 11
26 23
10 13
22 19
4 11
28 5
14 24
26 12
22 25
13 24
14 21
11 28
2 30
27 4
29 23
17 29
25 12
13 5
25 27
15 20
7 12
16 20
6 11
24 19
6 12
11 26
15 1
19 6
19 14
4 3
1 24
28 12
29 2
28 25
8 9
23 19
24 12
16 27
5 4
24 3
8 4
20 22
26 1
27 15
14 22
9 14
16 6
18 14
29 7
30 6

62 163
43 1
41 60
55 10
2 4
32 13
10 51
62 3
17 42
45 21
1 2
24 2
13 39
37 32
36 10
57 37
51 35
37 30
33 30
39 32
31 6
44 40
56 43
43 11
20 23
29 20
24 52
20 35
27 54
4 62
62 58
36 50
31 8
17 61
35 53
30 4
56 9
43 50
49 23
58 4
44 24
21 5
13 38
37 39
28 40
38 27
34 9
14 62
17 29
60 51
17 25
54 11
33 58
17 53
53 20
34 14
40 39
24 14
13 61
41 51
34 5
20 43
16 19
57 42
14 45
57 38
35 5
6 5
62 20
57 50
39 29
61 14
3 22
27 13
20 5
61 54
7 18
32 21
34 26
62 45
6 56
20 40
58 23
42 55
40 35
42 16
61 40
28 61
60 52
11 17
57 8
6 61
23 37
19 57
60 17
39 4
8 57
41 4
15 19
56 55
53 36
6 49
11 33
47 8
21 55
23 15
62 26
11 23
61 30
15 58
44 51
59 51
43 38
52 56
56 46
48 44
17 51
30 25
20 12
31 40
4 53
52 2
14 62
22 12
27 34
6 8
22 2
57 1
39 44
56 30
25 39
9 39
27 36
2 46
47 32
21 49
20 10
50 31
8 9
43 34
42 48
40 61
49 32
61 24
13 54
51 36
30 60
12 55
33 11
38 16
40 57
2 59
4 51
26 9
57 6
41 34
51 18
32 35
47 29
56 59
18 45
30 48
40 42
40 8

50 448
9 22
19 48
32 49
4 3
25 38
30 29
45 32
14 9
19 36
15 48
35 24
14 42
43 5
37 12
25 27
15 33
48 33
33 31
33 38
34 8
26 15
36 20
47 50
30 15
37 46
12 21
22 28
13 14
34 1
28 8
27 44
43 24
28 25
5 11
14 40
18 39
4 5
11 50
6 40
16 43
38 30
13 9
9 27
24 42
28 1
2 4
44 30
22 20
36 34
33 27
1 24
30 5
34 32
13 25
49 5
12 30
19 20
38 46
44 32
25 46
35 30
42 28
9 15
49 46
48 31
22 50
4 39
35 16
14 35
22 27
15 41
49 4
38 44
37 12
39 23
41 32
50 2
48 47
45 31
21 44
36 24
50 25
10 17
40 44
41 16
10 31
14 16
20 7
4 31
48 27
23 29
28 24
27 28
23 8
43 19
43 16
20 19
25 38
8 20
28 26
32 10
39 49
29 48
2 9
47 30
34 27
8 7
5 35
31 28
44 23
48 38
40 17
7 16
4 16
36 32
41 19
43 32
17 22
29 20
32 25
50 15
3 9
22 8
43 4
35 38
27 34
25 16
50 33
34 5
1 19
38 41
39 31
24 7
2 26
33 28
25 48
31 35
21 40
27 24
24 16
2 9
43 20
8 27
3 14
27 23
2 20
11 34
43 17
35 45
44 19
24 21
18 6
5 40
45 34
16 20
49 17
28 41
36 37
18 38
1 44
12 4
15 22
39 8
40 25
2 34
43 27
4 13
35 8
2 29
41 19
1 40
36 28
32 23
17 1
13 19
47 24
24 11
46 12
18 37
36 21
20 30
50 23
42 34
33 46
14 23
14 1
44 48
24 10
48 38
30 46
11 3
7 8
16 24
45 1
47 16
32 46
41 24
29 23
21 42
47 36
8 11
37 1
10 12
12 7
49 43
3 11
47 11
21 12
34 17
14 32
32 45
27 22
20 7
46 40
49 43
28 8
3 14
8 12
27 21
20 27
13 24
39 9
34 9
22 20
25 35
1 9
29 28
30 49
34 26
40 34
20 17
41 24
32 50
35 10
22 6
36 34
32 25
44 15
33 15
34 10
49 37
18 30
16 49
30 49
26 19
35 45
38 27
18 21
29 4
31 50
12 16
34 43
42 29
7 27
44 43
36 44
29 5
23 44
3 2
44 31
23 30
27 10
9 45
32 37
50 12
36 11
30 21
3 23
50 12
49 45
6 36
38 36
40 11
31 45
12 24
25 36
6 1
47 14
47 29
2 49
40 37
9 21
10 14
44 9
27 44
3 32
30 42
17 19
2 49
15 16
24 41
3 29
44 50
44 42
28 45
40 19
32 49
40 41
14 35
1 40
28 5
23 7
46 41
28 50
39 42
17 12
35 19
43 28
18 36
21 45
31 11
16 14
9 5
6 24
39 8
15 16
12 37
25 9
29 2
10 17
45 26
30 31
47 22
10 16
10 31
11 42
41 28
5 1
32 12
24 22
19 40
39 32
26 13
40 6
16 2
24 13
27 3
43 25
27 3
41 36
35 3
27 25
30 33
27 11
44 50
34 14
41 22
45 18
35 36
23 2
37 46
14 16
50 9
42 26
11 32
13 45
34 39
21 15
23 47
27 18
48 10
31 38
32 27
5 18
15 27
19 3
24 35
20 23
43 12
49 5
45 13
1 29
2 21
43 26
19 20
44 18
31 26
5 12
5 11
31 19
39 2
23 12
36 43
36 30
4 36
34 48
49 36
28 2
8 23
27 26
44 22
43 24
48 49
38 2
9 20
22 49
21 44
12 8
38 47
37 43
33 22
43 31
9 20
32 16
44 10
41 39
32 35
13 31
33 2
32 43
21 5
41 42
50 2
1 38
49 40
30 33
11 22
15 20
44 46
37 7
28 26
38 12
40 18
47 43
1 39
13 7
30 6
7 33
7 44
33 48
23 15
10 45
29 31
38 26
18 26
33 45
1 22
8 42
42 4
34 44
43 49
1 24
4 7
6 12
50 41
9 24
5 19
18 36

88 129
73 50
15 37
48 43
23 48
49 20
71 6
71 75
80 11
12 24
25 46
41 46
54 88
48 24
6 51
29 24
76 14
74 66
26 9
20 24
56 44
19 15
26 2
1 81
12 77
16 13
10 57
58 63
32 81
86 37
44 27
36 7
16 21
48 17
30 43
41 61
87 59
75 88
36 76
80 48
40 8
36 49
40 69
23 71
62 84
83 81
86 30
63 77
27 22
70 32
64 22
68 38
56 55
37 4
18 5
27 57
12 62
81 27
42 15
73 79
10 43
47 72
48 21
60 74
42 41
81 18
38 61
31 70
3 68
49 20
72 75
52 59
24 44
61 41
34 45
8 19
87 54
2 46
75 38
8 4
78 88
21 4
36 52
73 38
7 33
33 54
83 60
24 18
79 84
34 24
16 41
19 78
7 20
35 57
57 18
60 23
82 57
26 29
20 10
43 2
18 51
31 12
23 30
5 13
1 38
13 16
55 31
5 37
26 15
5 59
9 64
57 2
32 82
6 27
67 24
28 84
75 34
71 73
63 75
61 63
88 73
78 30
79 58
66 81
73 70
27 81
46 83
58 77
76 39
80 30

20 190
13 1
5 11
17 15
1 9
18 12
18 15
18 16
17 11
20 5
5 10
9 18
4 14
2 3
20 9
8 6
16 12
18 12
14 6
14 15
15 6
4 10
15 11
6 5
11 2
1 20
10 18
16 15
20 18
6 20
18 12
7 1
9 18
15 4
20 1
18 5
4 19
19 14
16 17
16 6
14 3
12 5
12 18
16 9
9 3
2 9
20 16
3 15
15 3
5 12
18 3
2 4
11 17
19 7
5 6
5 10
8 16
14 12
5 9
12 13
3 13
14 3
8 16
9 3
11 13
6 20
8 7
3 18
16 2
16 20
19 20
9 19
8 14
10 12
14 1
17 14
2 11
1 17
19 15
19 4
12 19
3 19
13 20
14 6
7 5
5 19
5 3
6 18
4 9
3 4
17 19
9 18
1 2
7 12
8 5
15 20
15 9
18 8
20 3
13 6
19 9
4 3
3 1
20 6
2 14
2 18
13 10
8 5
11 14
16 19
10 2
18 17
10 7
4 1
1 8
7 19
17 2
1 11
3 12
17 4
5 18
13 9
7 12
14 10
5 1
20 7
15 9
3 16
15 18
17 7
17 3
5 4
5 16
18 8
12 13
12 1
18 13
19 9
6 20
6 18
19 12
12 7
6 8
13 3
4 19
11 18
3 16
1 19
11 18
14 3
10 14
20 2
4 9
19 4
14 8
2 17
20 1
2 19
5 16
2 4
6 19
18 13
11 9
3 1
6 8
4 7
13 15
20 17
15 10
12 8
18 13
16 17
5 17
15 10
4 8
5 2
18 14
14 8
2 9
9 20
16 4
18 1
10 18
17 5
7 8
4 12
20 12
9 8
18 10
4 17
14 5

81 408
36 39
28 21
55 68
56 52
29 9
54 58
8 48
66 34
70 15
74 77
48 56
46 66
80 5
33 37
7 74
34 43
47 61
79 36
63 53
22 26
77 76
3 19
58 3
68 46
17 61
57 80
51 22
81 50
42 48
21 49
40 54
26 6
49 23
57 30
11 79
56 22
73 58
41 49
76 27
30 27
22 21
26 73
58 25
57 19
7 77
67 46
66 11
67 33
33 43
63 59
40 53
81 47
45 40
14 39
1 59
65 39
15 25
46 72
65 21
9 71
32 75
52 32
20 37
65 69
79 62
46 53
33 45
18 12
19 48
50 36
41 49
9 55
74 54
46 57
9 70
63 56
80 33
7 18
69 71
21 2
51 2
70 18
46 23
29 81
70 13
51 45
61 59
19 69
47 80
45 55
68 42
29 1
74 35
35 77
40 55
13 25
56 18
42 37
40 5
52 44
17 21
7 13
14 41
81 60
55 60
49 58
20 77
58 28
47 11
40 21
1 68
46 56
4 22
27 59
27 78
21 59
33 28
71 62
3 6
56 58
65 23
34 20
35 26
47 16
37 21
36 37
8 81
27 22
54 5
64 66
25 57
34 68
47 30
6 68
5 63
51 27
31 70
77 56
52 11
27 72
47 63
14 62
25 41
2 13
61 81
13 20
57 46
23 38
11 28
24 15
25 9
57 55
14 69
45 65
79 72
71 60
69 4
41 12
60 58
24 55
58 53
74 49
17 15
21 43
58 44
57 1
52 49
71 81
36 35
64 33
41 70
28 44
73 68
56 67
60 14
40 52
66 48
19 18
79 39
60 55
17 52
56 4
19 61
3 70
30 2
37 5
71 64
49 78
50 39
63 45
68 37
15 69
19 50
5 16
7 80
71 40
66 61
43 19
56 61
7 5
62 44
9 51
26 57
47 11
14 44
55 17
15 4
4 50
53 24
65 76
22 70
34 23
49 11
41 24
71 48
44 68
26 52
53 51
44 35
77 73
78 66
8 28
70 11
77 41
34 76
35 72
65 3
13 48
29 69
71 19
35 49
21 76
20 73
46 79
26 57
70 39
42 13
66 30
23 77
70 73
71 40
79 54
58 26
21 6
13 26
40 64
10 60
58 45
51 38
42 12
14 46
50 55
58 50
3 16
45 7
23 50
62 20
39 45
75 60
57 35
18 55
44 77
32 7
62 69
64 73
1 29
41 55
21 9
73 36
69 80
74 38
76 12
76 33
72 69
11 64
22 44
37 1
39 68
7 36
72 71
27 72
34 3
62 54
27 69
25 15
2 17
68 78
45 78
45 35
65 72
17 21
34 54
21 8
56 44
43 46
33 4
53 1
6 49
54 49
36 13
63 38
30 65
50 9
61 13
43 60
3 76
80 53
48 36
60 22
14 21
3 46
24 55
62 46
38 34
13 73
63 10
45 27
74 13
35 53
42 77
31 60
71 45
31 53
15 9
10 28
29 12
8 69
1 69
33 38
38 61
45 19
70 9
45 62
37 14
49 78
9 14
73 15
74 22
2 8
31 11
51 75
38 75
78 38
78 45
10 34
24 55
68 12
63 47
73 34
60 56
47 4
69 38
34 62
59 35
4 24
62 54
34 18
47 46
72 60
10 81
12 33
54 15
61 51
77 68
4 72
43 50
10 30
22 43
26 15
12 29
39 73
18 7
26 80
52 16
58 61
15 5
29 69
35 8
54 30
75 57
36 41
45 1
78 22
26 12
34 71
66 41
7 72
66 5
58 16
79 54
31 2
1 34
36 24
6 81
17 79
36 69
38 80
4 35
21 45
62 70
34 46
45 56
52 46
77 28
61 74
81 26
10 81
59 45

85 434
39 19
32 46
14 59
3 63
20 27
1 51
70 33
59 52
51 75
36 9
54 29
21 81
6 77
28 13
62 16
29 16
76 17
61 46
75 63
23 52
46 66
59 30
55 33
39 62
22 31
71 32
59 48
28 22
40 12
34 58
69 62
73 17
35 6
62 24
25 42
32 71
22 6
57 33
80 10
9 58
41 36
5 56
84 74
77 80
85 67
52 25
85 82
41 34
2 18
15 68
59 46
10 37
8 67
69 44
33 77
17 73
70 21
1 68
9 34
19 50
16 70
31 57
66 72
6 24
4 20
49 19
22 58
55 72
39 80
72 28
3 16
12 65
16 36
30 7
54 36
22 39
67 35
61 10
40 42
13 16
5 73
80 62
84 23
58 78
9 44
62 54
16 74
33 74
24 20
80 35
12 58
30 78
7 5
2 47
3 56
19 7
85 13
26 83
77 83
32 1
83 9
54 13
82 43
43 62
19 37
53 31
9 82
65 58
44 24
61 46
79 10
36 49
35 33
40 32
65 82
71 73
7 83
26 7
41 44
25 34
12 85
8 77
57 51
15 32
54 50
67 63
85 72
12 75
27 85
54 65
70 83
72 24
23 78
21 66
59 55
77 71
54 42
62 67
49 33
13 17
39 36
79 81
23 47
70 6
46 38
70 72
35 56
11 14
5 31
79 64
42 28
49 10
69 67
76 32
56 45
6 9
81 84
4 60
46 30
65 48
24 49
35 15
62 2
28 66
74 64
44 73
6 49
82 31
30 19
85 31
24 51
68 65
11 42
67 41
63 29
21 27
20 36
45 63
63 67
52 83
68 81
45 31
34 75
18 63
51 59
51 31
24 75
52 77
32 33
74 9
19 9
77 38
44 78
16 64
60 24
61 42
19 21
72 52
52 4
72 59
20 79
47 43
68 13
76 56
3 64
22 21
30 13
15 73
48 30
8 22
10 26
63 70
3 6
79 54
52 22
70 71
57 31
70 39
85 61
10 2
81 31
64 25
85 79
55 47
65 62
25 32
2 44
58 4
50 51
15 16
29 41
43 85
28 27
81 27
44 47
71 40
34 6
64 75
84 33
79 21
52 18
52 53
62 24
14 68
32 70
40 60
25 82
17 9
23 12
35 67
15 62
63 48
25 41
37 23
74 30
43 40
48 51
49 66
75 19
48 21
45 2
37 26
83 10
34 62
63 26
85 77
44 62
39 68
60 76
6 5
20 5
1 24
56 49
4 2
25 51
64 26
9 57
52 6
67 42
25 1
67 66
78 26
43 31
8 17
63 55
21 40
17 63
63 29
68 24
72 7
74 50
75 83
63 41
45 1
82 69
2 21
7 79
3 49
66 52
22 1
64 84
40 80
61 59
65 43
82 51
7 71
57 81
25 34
78 26
35 31
52 36
8 58
71 10
63 8
62 41
8 40
39 4
76 56
63 12
55 59
62 18
1 75
55 67
65 4
8 14
35 59
6 84
31 33
9 50
41 70
5 66
85 9
13 55
71 24
66 1
42 41
2 31
10 25
10 14
32 66
5 47
28 3
34 61
11 83
58 37
2 62
59 1
70 71
12 9
35 13
50 75
56 37
84 37
4 54
69 26
15 72
53 18
21 70
70 18
42 64
20 19
37 62
45 65
74 14
30 65
26 37
54 38
73 9
74 33
63 14
58 77
1 26
51 21
52 78
80 9
56 69
49 33
70 63
83 15
42 65
51 10
59 80
18 48
28 37
18 85
71 18
67 36
80 34
70 75
84 40
45 24
46 77
8 30
11 6
1 52
70 51
18 44
46 36
48 73
29 65
29 14
40 53
7 34
43 76
65 41
73 25
64 75
58 71
61 69
33 62
35 60
27 10
60 29
45 22
58 30
43 2
1 39
54 7
73 11
39 9
8 68
33 28
57 6
55 33
31 3
9 22
19 77
31 78
21 32
56 78
62 55
36 62
9 46
25 38

9 36
6 9
2 6
7 3
9 2
3 8
2 8
9 8
8 2
8 7
4 6
6 7
1 9
9 4
5 9
6 4
1 2
6 8
2 3
9 5
1 8
1 7
6 8
8 2
3 1
7 5
5 6
5 9
8 2
3 2
2 3
1 6
8 3
8 7
5 6
3 4
6 2

100 428
20 54
73 93
22 78
79 84
68 54
60 34
36 64
70 71
3 68
57 55
28 49
3 4
17 18
13 6
87 64
30 6
70 54
51 91
32 29
26 51
34 37
84 70
52 6
40 55
25 97
61 4
97 64
7 66
33 71
23 71
35 53
28 56
6 78
46 89
7 71
40 59
75 61
11 32
1 65
56 49
77 12
45 40
70 62
24 41
85 94
27 89
22 82
94 99
27 35
57 49
74 49
59 100
9 69
32 61
85 87
9 62
50 6
53 20
67 77
60 3
22 86
91 43
67 37
94 45
71 2
45 96
50 3
95 11
24 26
71 8
65 32
21 14
89 74
33 55
2 92
10 23
29 100
18 95
36 11
91 58
12 87
53 14
90 48
76 65
25 98
24 89
29 45
3 17
18 87
24 19
31 85
93 59
84 10
6 72
72 96
29 84
35 34
49 24
33 24
40 57
21 63
98 2
7 52
70 76
38 45
46 20
29 39
79 65
100 84
36 72
31 16
7 65
1 55
40 33
30 31
42 2
94 91
55 52
42 25
28 31
21 25
51 2
15 29
66 15
64 53
86 46
20 44
63 21
98 54
5 27
85 98
80 78
88 35
29 81
59 8
12 31
85 62
32 99
42 49
13 57
53 50
2 73
93 16
45 42
70 1
20 54
99 100
83 38
34 11
71 44
71 82
74 55
95 58
53 88
6 18
44 59
19 97
83 64
13 27
5 82
79 25
87 29
76 69
19 9
31 89
52 1
70 77
7 16
34 12
3 92
81 98
2 99
94 36
62 58
14 19
91 92
95 77
21 70
45 39
30 76
27 81
28 48
9 35
15 95
98 69
86 78
66 39
28 11
74 42
69 87
60 11
30 6
88 50
75 32
40 4
59 18
36 87
17 44
73 31
38 70
99 75
99 64
13 26
27 38
67 47
76 78
57 6
83 44
55 57
28 47
12 86
64 47
24 81
43 96
11 32
17 62
7 15
77 71
93 3
9 59
49 84
89 6
41 71
49 48
80 28
94 91
66 9
90 89
89 84
37 52
15 5
13 21
72 89
92 64
44 52
74 92
87 62
97 28
85 98
75 64
77 20
54 42
28 95
83 17
78 19
20 93
75 84
65 46
24 8
61 67
11 35
11 98
48 59
77 32
8 51
95 85
22 1
26 49
47 8
17 25
78 36
69 53
19 33
50 95
93 11
61 3
97 71
100 44
30 28
28 37
30 74
73 51
26 99
100 73
58 16
49 88
4 69
40 74
53 89
68 45
51 29
48 47
51 99
43 32
27 70
21 56
95 93
59 21
43 58
45 53
25 45
40 28
13 31
54 65
71 21
10 22
1 9
68 4
59 62
35 85
83 7
93 78
52 51
50 94
60 94
98 36
38 37
64 50
19 17
66 90
89 75
11 90
35 30
93 94
92 79
30 74
86 22
3 37
24 52
82 35
97 80
71 34
68 86
35 87
54 53
28 42
27 90
83 62
19 27
7 62
6 36
88 43
58 90
79 33
42 12
20 38
43 42
24 63
27 10
49 32
62 28
25 41
17 8
54 35
34 60
49 91
95 36
33 4
25 63
89 18
75 8
56 69
49 31
31 27
40 31
58 54
58 82
94 74
41 47
61 27
6 9
69 52
96 2
56 20
16 44
38 42
51 45
11 51
75 41
77 66
72 86
19 81
19 12
7 60
10 67
38 15
27 6
67 22
59 74
41 75
17 30
16 19
74 26
21 48
19 97
66 42
34 84
22 52
48 28
63 57
46 100
24 72
58 42
45 16
15 38
90 83
67 58
53 41
35 73
40 5
21 57
46 54
41 20
5 88
99 20
44 97
19 20
76 60
65 44
74 2
85 8
20 42
60 77
32 52
33 4
8 79
57 100
50 14
87 100
33 83
96 3
53 16
31 13
32 26
38 33
10 46
52 5
64 80

9 36
2 5
1 9
4 9
1 5
9 2
6 2
6 5
4 3
3 9
5 2
2 8
4 2
7 4
8 3
7 4
7 6
6 7
6 7
4 6
2 5
5 1
2 1
2 1
1 5
3 6
4 9
9 6
1 6
2 5
2 5
2 3
9 2
2 4
6 3
3 6
4 5

17 136
4 6
3 15
9 15
13 16
8 16
6 1
3 4
7 11
8 3
12 10
9 2
10 13
16 12
15 16
10 6
10 4
2 12
1 10
10 13
8 3
4 8
13 15
6 5
8 5
7 17
15 2
15 17
7 14
9 3
6 12
4 9
3 13
1 7
11 8
9 14
6 12
3 11
17 15
9 7
3 15
7 8
8 12
7 14
16 15
17 5
17 11
13 10
15 4
16 8
11 15
13 7
9 15
9 8
12 17
6 5
6 3
12 13
14 9
17 13
14 16
8 4
10 11
14 15
14 12
5 15
10 8
4 9
5 12
8 3
13 3
8 15
6 3
2 5
2 14
2 9
12 5
9 5
1 6
9 4
1 6
4 9
1 12
4 12
2 14
5 13
12 10
1 5
12 5
7 16
14 6
2 5
6 10
10 15
4 1
11 7
9 11
10 13
14 2
5 1
7 17
13 7
8 17
1 13
14 8
17 10
9 14
5 2
14 10
5 15
4 3
6 5
12 9
1 13
5 10
10 4
5 17
12 8
15 17
15 14
9 14
6 2
15 2
11 10
16 14
12 13
10 14
12 1
1 16
10 11
5 17
5 17
8 10
16 13
6 15
10 2
3 11

