20
42 173
36 16
25 21
42 19
6 5
26 4
4 17
23 12
28 31
40 9
7 14
5 9
27 32
21 33
19 37
8 26
31 24
8 9
23 25
12 25
8 15
29 25
38 8
24 33
14 30
4 18
36 31
42 25
7 33
2 38
27 30
17 32
36 39
14 6
20 22
20 4
2 13
41 9
36 31
22 21
35 38
15 21
37 27
25 38
26 21
20 13
37 8
5 32
19 10
7 38
27 10
39 40
8 5
31 36
25 8
26 20
20 4
12 14
29 37
8 12
13 25
23 5
32 27
36 7
34 42
2 18
7 41
13 14
1 2
8 25
7 33
42 26
35 10
37 21
2 30
14 27
8 18
14 34
10 20
25 7
20 1
14 18
13 25
16 12
32 39
16 21
36 41
11 3
34 31
4 35
16 17
17 24
33 29
13 40
4 38
2 23
36 15
38 4
38 10
14 25
6 29
3 41
26 13
42 17
41 3
7 13
18 22
36 6
6 3
9 41
4 30
32 17
25 34
12 32
3 36
37 29
37 34
10 5
33 24
4 33
31 14
6 8
7 11
13 10
13 19
7 15
6 36
29 25
40 18
27 31
11 12
25 42
21 30
32 3
31 20
33 2
26 38
6 36
8 13
5 24
17 30
9 3
14 33
42 31
16 30
39 27
11 38
5 38
25 7
26 3
37 25
28 32
28 19
37 40
21 17
13 37
4 21
39 17
9 38
3 24
24 40
8 32
35 11
27 18
15 8
18 10
30 1
39 15
19 32
10 40
6 22
34 7
40 29
21 7

46 232
18 41
32 8
14 7
46 20
38 31
9 13
14 13
16 30
41 35
10 26
1 44
42 1
18 34
37 3
42 2
38 22
3 45
22 2
19 7
40 43
15 46
11 27
15 34
15 43
37 19
16 38
16 11
32 27
44 22
23 34
17 14
3 20
13 24
21 25
30 8
21 38
8 25
12 16
7 20
13 43
38 28
28 1
39 13
21 30
28 44
11 45
11 13
12 17
30 32
41 7
34 10
44 41
28 3
4 34
23 16
31 8
38 6
3 30
19 23
7 40
20 18
38 25
24 3
35 8
29 30
8 16
33 6
4 14
2 7
2 18
17 26
26 8
31 28
31 43
44 31
37 12
42 22
36 20
19 24
21 1
1 28
10 33
27 7
1 23
7 42
40 23
15 19
24 45
40 2
36 38
33 26
3 28
41 32
41 13
3 9
7 4
37 16
30 11
16 30
33 23
19 21
39 33
33 11
26 27
12 15
12 38
34 8
14 28
39 2
41 11
41 38
41 5
22 5
20 45
32 36
18 6
23 44
38 33
17 12
38 25
23 24
12 30
37 40
16 32
28 5
42 22
42 36
26 11
35 40
10 14
29 21
19 5
12 4
31 29
10 17
7 26
40 13
4 24
46 19
9 27
23 45
42 13
34 16
23 22
9 26
35 31
40 1
30 6
45 8
34 8
24 34
27 11
46 30
34 45
3 37
19 35
9 31
16 24
2 32
26 27
20 10
21 15
33 20
7 41
1 8
18 34
34 29
28 18
10 20
14 40
39 32
22 1
11 38
18 12
23 37
32 36
46 44
27 19
4 21
13 11
32 41
39 8
22 10
12 41
23 5
27 2
21 12
6 32
17 28
22 3
11 16
42 9
42 9
6 10
21 11
41 15
3 36
6 8
25 22
6 45
23 26
20 29
31 45
45 6
21 1
11 36
37 13
25 45
18 34
19 22
28 34
18 24
17 23
31 35
38 31
34 9
10 1
37 35
45 35
40 19
30 4
2 20
10 26
18 28
13 30
43 35
11 15
6 28
31 10
23 15
37 31
18 37

79 437
7 79
4 74
48 10
77 23
48 17
71 57
15 34
13 79
3 31
31 61
25 47
25 62
26 58
25 54
46 7
71 52
60 49
46 29
34 18
26 2
35 72
58 49
26 45
23 28
76 53
10 75
75 9
32 21
41 56
74 7
37 41
33 71
10 54
20 43
71 46
19 1
13 51
24 38
17 21
40 67
49 24
37 44
32 68
64 73
19 59
54 55
74 8
46 58
36 41
22 27
61 15
3 73
66 1
31 57
22 70
44 70
69 1
34 21
43 72
68 61
26 18
36 20
79 56
78 35
17 74
36 77
9 38
70 74
14 75
51 35
41 69
79 30
44 8
25 7
79 14
42 26
6 77
45 5
54 18
39 45
12 49
43 21
62 8
69 75
4 16
5 19
5 4
48 49
11 72
30 64
60 72
64 40
44 30
44 72
47 57
38 34
27 1
54 9
8 43
4 65
58 8
4 38
65 26
61 50
73 65
34 53
57 19
14 76
23 32
68 44
10 26
77 11
1 26
19 9
69 76
48 22
58 52
34 43
77 69
13 70
55 21
19 32
14 7
3 36
13 71
55 22
17 52
32 18
78 25
1 42
21 23
38 78
74 72
16 47
61 3
12 11
24 5
18 37
11 20
48 24
11 23
20 3
49 27
74 22
26 49
38 22
71 76
20 41
43 11
8 78
13 73
10 36
78 27
48 63
21 70
61 32
67 2
34 11
3 33
3 51
45 24
42 16
19 3
33 29
64 32
41 58
16 52
56 17
74 39
37 64
21 43
26 76
51 36
53 43
55 78
9 54
16 78
72 18
32 21
57 38
36 35
28 62
65 44
31 78
55 69
73 15
44 51
17 72
68 47
70 51
21 6
50 67
78 56
62 55
14 72
64 41
55 49
59 6
47 9
50 41
2 64
5 46
10 76
38 78
18 3
24 13
9 48
79 61
24 36
36 37
28 20
52 57
43 6
63 64
15 8
25 16
71 5
61 2
55 73
54 72
76 52
59 21
58 15
44 14
50 56
16 44
3 73
61 9
31 45
23 38
45 38
29 49
74 5
78 67
33 45
38 6
24 71
26 56
6 44
44 30
74 59
48 77
52 29
60 3
74 3
15 39
15 44
62 9
23 35
76 56
79 9
61 23
1 61
53 60
79 17
11 74
75 58
46 23
62 26
79 56
28 15
69 42
33 26
26 55
60 22
31 59
5 66
56 5
22 29
40 22
45 50
16 15
3 61
12 64
61 66
15 63
1 4
25 8
4 50
62 38
46 68
17 51
29 47
30 51
75 69
72 15
14 62
5 17
18 70
55 78
56 70
61 31
48 60
38 52
6 75
10 26
63 2
51 66
48 56
37 19
20 4
8 34
40 66
25 57
32 79
30 8
69 65
39 38
21 51
64 26
46 48
26 4
49 77
70 72
53 2
65 47
6 47
1 45
9 79
77 40
79 2
47 43
67 60
55 62
32 39
8 52
62 8
56 6
5 46
77 32
47 37
79 27
59 54
47 67
54 19
27 28
20 48
45 61
29 21
43 35
34 25
61 16
33 37
22 12
57 73
44 79
6 18
1 64
46 47
51 74
65 52
22 60
20 42
41 23
62 5
32 70
29 14
7 61
25 3
73 57
75 12
31 1
4 31
39 49
53 10
44 13
61 40
72 56
2 34
78 38
13 6
29 16
19 10
77 18
12 45
74 61
31 25
62 34
31 75
3 4
6 21
70 41
36 63
17 37
71 70
50 58
75 78
73 68
8 70
6 73
10 1
54 15
79 11
48 30
7 26
8 12
21 78
27 56
61 19
68 27
63 38
5 58
11 77
46 72
43 26
65 27
26 14
42 26
25 10
30 31
10 38
17 31
36 18
61 71
36 49
72 19
61 76
51 46
48 71
13 11
18 77
38 43
66 54
43 11
63 73
41 48
6 32
53 41
49 34
7 60
58 78
78 14
49 25
60 17
16 72
3 33
45 40

18 128
12 4
16 18
8 6
2 17
7 18
13 17
17 14
18 7
15 11
9 12
8 7
18 17
1 14
8 15
10 1
8 13
16 7
3 7
17 7
6 12
1 2
8 13
1 13
9 10
3 2
15 7
1 13
7 12
2 1
3 18
6 14
13 14
13 1
12 1
4 3
18 6
9 12
4 3
2 13
5 1
10 12
1 2
16 11
4 15
13 1
2 6
14 1
6 12
11 7
14 13
4 17
1 15
2 3
14 15
6 14
6 15
12 7
12 4
8 6
15 7
8 2
2 1
1 5
13 11
11 6
3 12
4 6
5 6
1 9
14 4
5 6
9 15
9 14
2 3
2 9
3 1
10 3
6 2
13 14
7 15
8 10
18 13
14 4
12 13
12 7
14 17
10 2
11 17
16 12
1 17
3 16
10 5
3 11
15 14
15 12
3 6
9 14
17 12
7 9
4 11
3 2
3 4
10 1
1 3
17 16
3 2
13 12
4 13
2 1
8 14
10 9
17 18
4 16
10 4
13 18
6 12
2 10
3 18
8 5
17 5
6 18
15 17
1 7
17 1
15 12
10 5
11 8
6 17

68 444
29 10
43 38
46 12
54 41
23 52
19 30
61 18
52 2
59 41
20 5
1 25
11 41
29 30
40 4
64 34
45 32
51 19
1 28
38 62
9 60
45 27
29 38
53 13
39 43
61 66
47 61
30 65
41 59
34 12
62 37
53 38
68 35
64 68
3 33
61 11
25 46
37 61
15 21
5 61
3 65
58 65
19 54
37 17
20 48
19 56
32 56
64 7
52 63
9 24
64 19
56 41
63 49
63 24
61 55
26 66
52 15
62 10
9 31
27 28
10 45
23 50
40 18
64 31
21 4
55 24
22 42
4 24
30 66
47 23
60 5
28 43
27 21
52 35
51 18
62 1
2 25
58 50
50 53
12 10
56 6
33 17
56 44
40 25
41 27
47 32
31 6
14 57
35 66
24 17
23 25
25 33
57 14
14 39
6 33
56 1
47 29
25 34
4 5
58 45
31 45
16 61
58 30
57 32
35 12
49 57
45 13
29 33
35 42
11 40
15 67
49 61
27 5
34 30
9 31
14 39
15 30
39 13
67 28
44 33
47 32
29 31
45 58
64 19
39 6
58 53
4 38
53 38
51 26
68 59
57 13
38 11
50 16
23 48
51 67
20 30
38 49
60 22
38 63
40 16
1 30
9 12
7 1
50 57
27 57
56 23
9 33
33 59
48 56
46 31
62 66
68 39
54 67
61 31
62 32
46 2
1 54
21 8
55 2
4 21
58 67
43 67
39 7
65 27
2 50
65 3
47 64
42 40
2 42
2 3
5 48
12 6
41 33
21 35
42 32
63 40
31 37
38 9
52 42
35 53
23 31
64 10
34 45
57 36
18 59
46 22
46 58
35 18
30 55
61 3
27 55
42 65
24 19
5 15
68 40
67 31
2 48
36 46
36 11
3 26
64 25
3 53
67 29
22 62
21 25
20 15
6 16
46 25
20 60
32 67
67 62
1 68
41 44
54 9
62 56
42 57
20 45
50 19
5 3
20 33
35 39
55 49
62 33
13 21
24 44
20 30
38 28
38 18
11 23
34 4
18 8
68 38
52 57
64 68
15 28
34 61
14 22
54 34
6 18
10 25
47 55
52 16
12 62
46 5
64 53
5 41
44 1
36 39
68 58
6 34
50 27
63 35
13 29
40 38
46 5
16 40
64 40
51 66
25 28
2 20
20 14
68 63
15 35
33 14
24 46
55 5
5 50
47 25
18 19
62 63
31 17
34 26
56 16
23 13
52 33
40 3
54 48
66 68
14 38
22 46
16 58
20 5
37 44
22 63
45 16
25 61
57 50
57 5
13 9
64 45
48 66
30 27
63 38
49 41
67 34
56 22
23 7
27 59
58 48
53 42
4 17
34 68
67 22
4 11
30 7
63 18
5 32
52 7
1 40
47 7
5 34
29 28
48 55
26 45
42 19
18 53
35 60
53 41
13 64
59 51
3 61
68 15
25 59
21 25
31 8
40 43
49 68
10 37
62 36
21 35
62 39
28 36
30 20
17 50
15 7
32 25
68 39
39 24
38 68
56 68
7 27
42 63
34 60
31 27
27 52
2 28
30 37
63 67
56 11
56 2
26 20
35 33
66 5
64 35
12 51
42 26
18 24
21 59
15 59
18 49
50 27
8 11
63 10
17 50
29 5
59 54
32 25
18 37
38 13
12 57
3 53
15 28
16 43
19 30
41 44
18 23
10 25
41 4
43 66
61 3
2 59
64 41
24 13
9 1
33 20
57 35
13 11
63 28
53 21
66 26
64 15
56 5
48 28
16 22
25 16
32 34
6 27
14 29
39 23
29 3
50 26
45 62
36 47
30 21
67 27
54 2
41 14
20 8
37 49
41 52
12 14
58 38
28 26
16 58
63 26
39 20
3 41
55 57
2 15
56 28
68 65
68 48
11 28
64 47
8 44
31 20
57 28
65 24
61 13
13 55
46 60
6 56
32 1
45 41
15 32
8 15
36 15
2 46
42 65
25 58
48 63
9 37
22 13
68 22
33 13

71 328
19 14
63 28
47 28
7 57
14 42
44 4
57 53
69 7
16 39
22 27
31 55
36 4
69 15
38 66
4 41
61 22
54 12
9 30
40 15
46 53
16 18
56 32
30 54
38 45
21 19
32 12
2 27
15 31
1 12
25 4
52 45
56 35
56 64
24 38
69 37
13 15
21 45
44 34
42 49
15 61
40 26
22 26
71 12
27 12
67 30
23 40
46 17
25 69
40 8
67 37
44 39
11 25
43 15
58 14
23 1
34 62
57 15
16 57
58 2
28 53
63 10
22 37
27 6
65 66
44 60
63 48
28 2
1 70
16 58
43 38
19 36
59 4
51 35
20 37
36 7
18 27
17 70
23 43
35 17
37 8
36 28
15 63
61 15
22 36
32 64
3 10
29 21
14 8
15 64
4 11
71 52
68 16
11 51
58 45
67 54
12 31
42 26
54 31
71 4
66 63
67 28
1 55
9 45
22 54
38 25
64 37
37 21
12 47
71 69
51 26
11 23
16 52
48 69
42 8
32 37
70 59
24 70
42 63
4 64
46 41
48 38
37 13
18 48
19 17
5 30
2 46
52 18
27 28
46 28
66 7
24 64
65 48
23 35
39 26
58 44
26 35
42 62
7 59
69 26
36 33
15 37
7 66
14 64
53 60
52 48
26 4
71 19
11 22
13 10
7 71
53 32
65 23
22 71
42 50
56 6
42 70
2 49
64 47
1 46
35 52
53 20
16 52
38 26
3 10
35 9
9 48
1 33
30 53
64 71
32 48
36 2
7 69
10 30
44 42
35 38
53 16
57 68
28 23
54 30
63 48
69 32
24 29
64 54
11 56
13 42
64 9
3 70
6 44
59 49
14 23
15 66
69 71
23 25
53 5
54 44
52 12
4 36
40 28
18 10
12 61
51 4
69 14
33 34
57 21
11 30
43 56
55 40
15 6
65 67
10 7
71 22
49 34
57 49
61 34
58 2
23 69
5 52
11 69
14 27
18 56
16 60
40 70
59 15
5 52
10 45
19 40
26 67
3 11
44 63
44 62
24 27
59 60
38 29
57 11
15 3
66 30
22 66
28 9
9 63
21 49
68 39
18 22
34 51
33 38
42 36
28 26
22 46
14 59
34 70
30 48
1 24
6 53
49 64
61 17
16 10
66 12
48 43
64 42
53 56
8 54
52 66
8 2
71 21
21 33
19 50
9 50
33 45
62 11
68 52
58 12
61 12
54 69
14 7
39 66
62 6
49 42
31 56
44 30
37 24
22 15
2 61
25 34
34 15
4 61
66 62
33 16
2 15
13 16
52 11
41 43
47 18
44 37
34 47
26 70
70 47
13 71
36 37
65 29
52 28
18 6
18 50
21 51
25 64
26 5
34 66
47 9
44 51
45 6
26 70
35 25
45 47
55 40
44 48
68 55
36 15
60 53
64 41
63 48
33 48
53 67
3 59
35 46
38 9
11 64
38 5
48 12
51 31
11 54

73 20
7 18
17 18
47 26
52 54
12 64
30 42
44 73
63 59
11 55
47 4
45 46
63 55
8 67
58 13
51 67
59 42
68 2
43 26
27 21
6 38

15 105
3 4
4 14
11 2
10 6
7 8
13 15
13 7
3 2
9 2
7 15
8 3
6 13
10 4
6 11
5 10
11 7
5 6
12 7
7 6
12 5
13 10
12 10
8 6
4 1
14 10
7 6
4 12
10 14
7 9
11 2
11 3
13 8
14 5
7 12
8 11
9 14
11 1
5 14
8 3
8 14
1 11
2 10
1 9
9 2
4 2
4 13
14 12
4 10
3 15
3 5
15 11
4 10
12 15
8 11
2 7
10 9
10 11
11 10
4 3
15 5
7 12
10 3
15 12
5 14
14 1
14 1
4 15
4 3
15 12
6 1
5 15
11 15
2 7
3 4
6 14
10 2
9 12
9 5
8 14
10 1
4 2
4 13
14 3
12 10
15 12
6 15
14 6
8 5
15 11
10 6
13 4
6 9
12 2
9 10
11 9
6 4
4 9
1 9
3 4
3 2
15 1
8 6
13 15
10 4
3 12

88 233
27 49
2 13
54 72
87 50
32 52
2 47
84 78
7 24
4 26
9 44
6 67
20 15
51 46
87 56
67 51
85 5
11 62
81 41
46 79
2 77
19 67
11 14
33 82
14 36
19 22
55 88
64 51
14 2
8 76
57 74
38 29
54 25
3 46
41 24
12 42
76 6
85 87
84 29
80 9
40 74
30 6
73 69
56 62
71 63
49 15
24 63
44 77
87 22
10 39
45 86
56 8
3 28
6 86
56 61
70 7
22 11
77 70
56 44
19 38
83 44
52 18
18 71
71 80
4 56
6 24
53 61
32 65
13 5
32 50
75 15
47 61
3 29
28 46
23 65
16 66
5 34
83 51
80 74
55 47
55 54
76 4
61 83
68 50
87 11
11 73
25 57
46 27
61 49
49 84
26 64
61 6
73 32
56 40
81 86
63 48
28 50
51 88
44 30
25 42
16 35
3 41
68 24
43 16
72 67
75 73
19 24
78 67
55 22
19 23
83 81
70 22
42 8
86 61
37 22
78 29
33 80
45 76
15 63
3 63
42 78
47 36
13 14
43 34
32 65
4 88
23 26
41 30
87 77
43 20
67 71
52 34
27 39
25 1
18 87
18 7
21 53
83 33
43 13
42 74
53 46
74 75
47 2
81 45
55 35
64 33
81 4
42 83
18 66
59 35
64 77
17 85
17 75
5 59
63 47
21 28
68 70
14 26
47 6
46 13
16 21
21 72
88 39
66 82
16 37
28 56
1 21
28 81
71 32
52 46
54 48
73 9
5 62
34 27
44 79
16 59
76 36
19 51
74 84
44 66
32 72
33 8
68 60
1 26
67 28
71 9
75 31
17 55
5 51
81 48
17 8
82 68
20 12
31 69
72 74
46 79
33 54
87 76
1 87
14 68
2 84
76 3
68 18
7 6
10 30
23 82
87 66
13 75
8 81
58 15
48 66
44 22
54 45
84 67
88 85
38 51
48 40
30 65
22 36
51 34
44 26
11 32
12 83
88 69
52 14
4 29
58 2
82 78
85 36
77 58
50 39
17 1
68 58
87 15

30 435
8 1
20 23
2 1
29 13
3 20
25 7
8 30
12 22
29 20
3 17
15 26
1 28
3 24
19 15
23 26
9 30
18 21
22 11
21 12
15 16
23 9
22 1
30 25
14 28
14 16
6 21
4 28
18 6
22 28
20 6
15 28
27 24
18 11
4 1
22 18
16 15
27 29
15 26
23 20
16 28
5 13
10 30
11 27
5 24
16 29
30 6
25 15
15 27
18 15
19 6
30 25
24 28
9 11
12 28
18 10
24 1
19 24
11 8
20 26
15 6
24 7
3 10
21 17
7 9
2 17
6 23
11 29
13 11
1 24
30 19
25 15
11 14
30 13
13 20
8 27
17 23
3 19
24 27
22 24
20 8
29 13
10 19
25 20
19 18
11 7
5 26
17 18
25 29
22 6
6 10
22 20
13 2
14 28
29 5
21 10
13 11
22 29
8 4
17 18
14 16
22 9
2 1
26 23
22 1
20 1
23 10
5 16
23 24
14 27
6 16
1 16
7 15
14 7
18 23
24 23
8 15
2 9
15 19
23 28
19 13
20 11
14 17
19 28
10 24
24 16
9 17
1 16
1 7
22 10
29 7
2 6
21 25
6 27
13 21
16 24
25 5
4 8
21 22
5 23
16 20
8 24
6 30
1 28
28 14
29 26
20 23
23 2
9 21
20 14
11 5
7 27
2 4
14 16
30 6
23 11
5 8
17 5
9 6
2 14
5 20
26 19
4 27
27 16
17 10
26 13
16 14
14 18
17 28
25 8
25 17
19 22
24 27
26 24
24 19
8 28
30 3
8 26
21 5
11 7
6 29
20 22
12 25
1 21
14 25
28 9
3 8
30 26
4 17
20 28
27 19
17 19
13 25
14 3
21 24
10 26
22 21
9 26
15 9
16 29
25 5
29 19
13 20
15 8
28 26
27 16
14 4
26 30
9 28
12 3
29 7
16 19
16 3
26 16
18 16
3 23
6 21
27 25
27 4
22 23
29 27
6 3
14 27
11 4
8 5
2 6
13 15
30 29
25 15
23 9
20 5
5 6
2 30
19 15
22 17
12 19
11 25
7 22
28 6
18 22
12 22
26 24
29 25
14 23
9 6
23 20
3 19
25 4
18 13
18 2
29 21
12 10
8 19
23 27
24 2
18 27
16 13
21 14
29 26
28 7
24 20
26 8
12 21
17 24
30 10
23 21
22 24
28 2
16 24
17 9
4 14
24 8
26 7
7 21
26 5
6 15
23 1
14 4
21 23
20 21
2 12
3 15
27 22
16 4
7 3
12 10
8 6
10 3
4 16
15 22
12 21
6 4
13 12
30 26
4 19
16 5
22 10
20 18
1 27
13 7
21 24
9 28
21 18
22 17
25 29
8 6
19 5
2 23
8 23
18 11
11 25
8 24
4 19
3 4
15 3
6 30
11 25
13 20
17 21
14 15
20 11
25 24
4 9
2 26
27 4
28 21
11 21
17 21
15 12
6 29
14 3
21 16
27 3
5 23
18 11
12 21
27 24
6 20
20 24
16 9
14 18
22 9
6 4
6 27
17 8
17 3
26 11
29 1
25 17
3 28
7 30
24 22
27 6
11 20
21 12
3 8
3 17
8 30
20 13
26 28
20 4
22 16
14 21
8 7
10 5
5 1
21 26
27 18
29 16
8 2
11 7
4 27
15 3
16 27
21 5
9 24
27 16
30 17
15 7
15 24
4 11
25 16
6 21
3 26
29 2
27 9
8 30
5 14
25 12
3 7
16 3
22 12
18 21
20 2
20 4
17 15
14 3
30 12
16 24
7 14
25 4
22 24
25 18
8 11
29 2
9 14
4 1
18 13
21 7
14 2
3 22
16 8
17 15
19 2
8 18
15 24
21 28
18 7
15 25
10 13
26 18
18 29
10 5
11 23
12 16
24 6
29 10
13 15
16 2
8 16
19 22
9 1
19 26
29 3
12 8
7 29

25 108
19 14
14 6
21 22
23 10
17 2
16 20
13 18
11 16
15 21
14 24
18 10
11 6
7 10
6 4
18 8
18 12
21 8
19 5
17 5
21 20
22 17
9 14
4 24
4 24
15 4
16 24
16 22
7 25
2 10
18 11
4 6
8 14
1 18
17 7
15 13
3 7
22 17
10 22
22 11
11 25
1 9
15 24
16 17
2 11
14 8
18 22
21 18
24 15
12 6
4 24
8 10
20 1
22 19
24 7
4 25
9 15
17 10
7 8
13 10
18 2
19 10
25 14
2 25
3 13
7 9
12 17
18 8
19 16
3 18
24 9
17 10
23 8
19 6
15 8
17 9
11 18
10 1
22 12
4 9
18 12
22 11
6 7
5 24
9 22
22 17
15 8
16 25
1 23
14 11
15 25
21 2
17 6
2 13
19 7
24 13
20 22
24 3
5 1
14 3
24 7
17 7
25 16
9 24
7 19
13 6
15 16
24 22
18 14

19 171
1 13
9 2
17 7
17 2
2 15
11 19
5 19
7 9
4 14
10 14
10 18
4 12
10 3
10 4
10 4
1 4
9 18
1 6
5 15
7 6
7 15
3 11
11 6
17 11
19 7
6 10
3 9
18 12
9 5
12 15
5 9
15 14
7 13
16 12
8 1
14 12
13 3
3 19
16 14
18 3
19 5
5 19
13 1
2 9
6 10
4 16
17 16
12 6
1 9
19 12
1 10
14 4
9 7
17 4
9 13
6 11
17 2
1 11
3 16
8 12
16 1
6 10
12 11
10 18
8 2
15 17
12 18
3 18
12 3
5 8
12 19
10 12
7 9
14 3
13 4
15 13
9 5
2 17
12 19
2 10
15 19
10 17
14 19
19 18
1 5
10 19
11 19
6 19
13 5
12 13
17 5
3 2
6 16
10 3
17 1
17 12
19 4
6 13
3 2
9 4
6 15
19 16
14 6
12 5
7 4
17 4
5 16
3 11
12 10
6 9
4 17
8 7
19 18
7 2
7 18
6 1
13 8
12 17
15 13
11 15
17 8
17 5
19 10
14 3
18 17
19 4
2 16
18 5
17 2
11 1
19 16
1 9
2 10
3 16
3 14
11 19
2 6
2 17
12 15
19 10
10 16
10 8
12 8
12 6
9 3
6 15
4 14
16 10
17 9
12 11
17 8
9 3
9 3
14 2
3 1
8 15
8 15
7 15
7 9
2 6
14 7
17 14
17 14
4 14
3 12
2 16
17 7
18 3
10 12
4 9
10 11

89 326
60 64
23 28
81 24
65 52
27 80
43 5
17 16
75 22
25 45
40 22
79 75
44 11
26 70
66 54
17 25
77 88
32 37
12 56
13 64
15 3
17 19
19 54
5 62
78 71
12 32
82 87
76 4
45 56
2 31
72 27
40 81
47 71
29 81
59 41
55 74
43 4
25 83
79 29
55 1
32 89
32 47
19 40
50 85
6 51
48 11
10 87
24 79
1 52
70 60
25 57
44 67
60 68
82 71
30 70
71 83
2 36
40 42
75 89
59 14
73 17
24 15
14 47
26 36
32 6
6 56
62 71
56 54
72 70
36 12
50 39
5 51
74 45
25 60
66 83
73 71
10 29
19 45
8 44
81 39
50 19
28 44
1 16
9 72
85 66
16 46
37 42
29 22
19 54
14 85
47 19
88 79
69 39
56 76
83 47
48 65
88 8
41 88
23 71
3 18
69 18
63 17
81 25
60 11
78 73
28 57
24 26
68 3
87 35
11 13
14 58
77 12
65 50
32 20
32 34
38 11
73 33
27 87
57 19
8 67
2 35
57 47
82 35
49 79
2 60
2 16
50 11
49 48
61 81
67 25
47 15
35 53
70 84
50 37
13 57
37 24
4 83
16 60
43 28
62 35
29 10
84 62
58 64
55 49
42 79
29 78
24 81
58 40
63 28
53 52
64 22
75 89
15 1
59 79
50 53
46 12
62 41
73 53
37 38
34 78
49 62
89 5
75 57
45 48
84 30
10 80
51 84
79 87
18 49
77 67
34 33
11 29
6 83
81 43
53 25
53 12
87 74
39 72
42 83
31 58
23 62
71 6
57 60
3 7
41 12
73 75
67 17
14 72
10 5
47 85
51 33
29 48
17 67
53 80
82 83
49 37
55 30
42 44
22 67
50 63
11 56
70 77
72 16
60 14
42 39
31 3
71 60
51 88
59 36
78 52
51 59
21 38
21 63
82 43
62 64
38 72
52 18
60 34
33 52
70 74
1 11
76 72
3 59
3 84
5 80
46 55
50 66
4 3
61 18
45 55
81 15
38 66
32 30
10 86
81 12
3 81
45 12
85 47
3 87
41 8
11 19
84 82
18 20
84 11
59 62
66 73
76 14
49 41
65 80
37 56
3 40
69 73
65 26
75 84
89 15
5 40
10 19
79 51
14 1
21 8
88 26
83 34
74 34
9 64
4 64
88 65
43 67
48 40
26 33
35 47
48 61
86 79
80 9
62 26
9 15
33 29
40 26
62 46
82 70
21 85
44 41
82 19
19 40
59 66
5 26
23 74
86 41
85 76
49 58
12 79
72 44
18 45
3 79
1 17
59 43
12 35
84 26
54 35
65 45
11 2
70 33
76 88
6 71
75 55
61 19
66 85
84 21
20 6
21 36
87 64
69 54
80 5
18 25
69 84
57 3
86 89
78 85
5 82
3 81
53 21
58 29
38 74
71 57
79 25
25 9
21 4
63 11

50 217
38 37
4 47
49 21
10 48
36 9
33 11
19 38
25 48
44 20
28 6
18 24
44 50
35 49
7 32
41 4
21 28
7 24
26 8
44 37
7 31
48 40
43 16
27 17
13 22
36 42
29 6
17 23
5 1
21 13
34 13
16 4
42 25
29 19
32 22
6 38
5 3
29 47
20 7
16 32
29 1
26 7
8 42
29 12
45 1
26 30
16 42
34 7
18 12
26 1
36 33
40 42
35 19
40 4
27 5
37 5
8 14
14 15
8 42
27 2
45 4
31 10
45 16
18 14
30 43
14 17
25 4
8 11
22 49
16 48
4 3
5 11
16 18
27 25
11 5
26 5
9 16
5 26
34 19
5 28
32 23
5 35
32 15
6 31
31 6
34 35
10 46
2 29
22 27
39 27
4 46
37 14
11 41
40 46
9 46
26 43
19 30
27 50
44 35
30 26
42 15
12 1
12 14
31 36
42 19
12 47
14 50
11 27
40 50
24 1
45 49
43 15
28 21
15 24
5 46
1 46
13 48
24 28
28 9
21 47
22 17
12 21
27 38
13 28
14 13
25 12
5 39
42 25
5 17
32 1
17 29
13 31
27 38
10 6
49 30
4 20
49 18
43 25
7 5
5 20
19 29
32 23
17 25
49 22
41 32
24 9
11 38
40 39
25 49
46 23
31 50
45 29
19 37
5 25
43 9
45 11
37 28
33 6
2 33
27 42
17 2
50 29
39 17
13 40
14 38
20 15
32 50
33 18
4 8
10 13
2 22
1 29
4 6
30 38
34 23
6 35
24 34
25 15
2 38
4 16
27 25
30 8
24 15
27 22
38 41
25 9
42 3
14 49
34 3
33 8
9 19
31 44
44 45
46 33
48 13
9 24
44 16
47 8
44 26
31 33
18 5
41 9
9 6
8 44
8 42
1 18
10 32
14 3
28 9
35 26
23 45
1 16
12 50
26 5
27 6
37 44
11 29
5 19

55 102
30 29
30 15
13 31
18 6
11 36
11 32
53 48
2 28
41 28
44 6
28 50
11 1
9 1
47 18
52 45
51 26
5 25
27 18
42 45
10 52
12 21
29 9
55 30
23 40
44 12
45 3
6 1
4 14
43 50
18 26
26 13
38 18
24 10
35 11
41 31
49 52
38 22
47 38
38 14
22 27
25 54
29 18
54 19
18 28
55 36
54 26
35 36
43 4
32 9
1 17
26 49
55 9
3 46
46 40
5 54
53 16
52 14
33 37
32 38
10 19
18 50
44 39
17 18
29 49
13 29
52 25
10 52
33 54
42 10
25 33
9 23
36 5
23 55
42 54
37 38
17 41
32 47
25 48
51 53
28 50
14 25
20 10
21 52
8 49
7 19
14 2
41 49
48 8
48 34
49 30
3 52
2 21
31 26
14 26
24 28
21 24
52 27
33 4
23 27
53 16
45 53
17 18

80 104
62 3
40 30
69 40
69 1
5 69
51 30
61 56
23 56
1 31
64 3
70 32
76 54
54 38
76 68
65 6
37 46
40 28
28 61
67 16
61 72
36 63
53 16
71 75
24 71
26 7
26 47
70 53
20 44
10 47
31 74
52 19
72 43
46 19
23 65
66 35
8 21
50 60
68 72
55 11
62 32
18 39
78 7
12 49
2 53
15 32
47 18
50 70
60 48
40 35
32 25
21 39
77 22
18 64
13 24
27 7
44 65
36 2
28 4
36 33
18 67
79 67
69 20
47 68
59 33
51 35
5 9
63 27
58 78
39 34
24 65
72 19
2 28
53 29
31 8
61 1
26 11
67 46
62 65
65 40
49 35
26 54
75 8
80 53
38 61
55 29
32 56
56 36
36 39
43 49
71 20
11 57
18 73
74 2
64 42
37 42
15 31
1 14
35 38
4 72
51 58
53 34
33 60
69 68
18 63

63 365
31 3
6 45
10 31
27 34
24 10
12 26
47 30
8 60
51 1
1 54
15 23
14 39
2 11
27 45
45 56
47 48
37 54
13 63
25 36
21 32
47 31
57 29
60 63
25 47
63 26
38 13
46 49
51 47
59 13
29 38
5 10
22 39
1 34
37 23
5 57
54 51
22 46
14 18
43 39
2 40
62 37
52 44
22 38
28 15
50 54
53 54
61 9
27 61
41 63
18 45
55 7
30 13
50 44
31 29
19 30
5 17
3 55
58 22
29 20
36 15
10 23
3 8
32 29
3 9
29 19
51 18
25 17
30 11
60 58
37 15
24 39
29 24
30 22
43 58
41 14
7 49
36 9
54 2
36 56
8 62
9 58
16 33
12 45
41 6
40 12
19 61
51 45
20 17
3 62
12 44
12 18
29 46
25 19
47 60
9 53
58 18
45 8
48 56
52 24
60 26
35 15
22 59
41 39
60 39
48 40
49 63
3 31
24 19
12 18
25 1
10 40
46 17
25 36
4 48
30 27
17 44
48 39
38 23
12 34
60 57
8 45
56 8
10 15
26 21
30 48
20 40
25 63
54 47
33 57
29 63
21 45
41 3
18 15
24 27
46 20
20 53
62 11
58 8
25 20
26 54
3 43
28 27
42 19
8 10
10 36
9 28
15 47
29 33
60 52
57 42
8 14
30 6
24 11
46 42
36 34
44 14
62 5
53 15
12 62
22 45
5 50
59 52
15 26
48 3
20 24
8 31
53 11
54 14
21 36
53 54
4 33
2 63
35 55
14 44
53 36
25 56
20 18
44 34
42 26
34 59
49 39
26 37
49 14
48 4
47 37
55 50
4 57
50 38
48 63
18 35
33 42
27 52
57 5
20 35
30 51
30 14
26 53
48 9
3 32
12 49
3 4
36 6
58 22
43 42
19 58
11 50
34 38
36 27
42 56
60 7
43 24
18 4
14 2
12 16
31 22
63 33
23 35
38 17
54 17
56 7
9 3
56 42
38 29
5 17
19 1
21 59
23 38
62 36
37 9
49 4
30 48
36 52
17 8
5 7
22 58
12 30
60 4
8 35
30 12
49 46
11 4
42 33
39 38
3 10
44 49
13 10
34 46
59 48
53 63
53 11
55 1
40 50
2 47
19 30
56 2
12 1
5 53
33 41
26 33
50 6
19 62
14 50
42 9
34 31
7 21
41 61
21 15
47 21
59 2
50 51
3 61
52 5
49 19
45 11
52 31
14 5
27 54
5 36
22 33
42 43
8 37
61 22
21 18
17 20
4 3
21 2
54 25
50 9
5 58
58 33
6 60
58 33
50 60
3 7
30 42
49 37
15 44
57 33
62 10
51 2
10 8
1 63
30 48
7 32
42 62
2 46
59 57
15 43
53 15
49 19
56 32
54 5
13 47
38 9
54 25
8 1
30 9
61 59
56 2
26 33
1 27
15 57
20 27
36 9
41 20
26 31
49 16
35 61
60 7
4 50
31 12
48 58
20 46
54 10
45 16
40 45
40 54
38 57
15 9
63 53
28 23
20 13
38 53
9 32
59 12
17 25
21 1
19 38
44 7
48 26
20 24
5 57
13 43
48 27
49 48
15 13
7 32
23 43
21 31
11 15
41 27
37 59
26 53
34 6
60 18

48 487
12 46
48 9
14 47
40 20
31 6
33 45
28 37
36 38
45 44
17 8
3 11
36 46
40 27
37 43
9 30
42 21
43 9
29 24
7 36
11 38
41 43
2 37
47 5
42 43
48 26
18 2
4 6
15 43
48 4
38 25
1 47
45 11
7 41
34 13
29 44
18 37
38 19
25 36
23 34
47 39
11 16
40 14
37 7
25 5
26 14
29 26
12 25
36 18
33 37
46 13
32 2
37 18
42 40
41 44
38 47
22 38
36 26
12 46
37 41
26 30
4 18
33 37
3 21
2 31
4 33
48 8
3 10
48 11
5 9
26 14
29 20
42 8
17 46
48 11
28 19
28 23
46 1
41 45
20 25
12 28
43 21
43 5
25 47
29 19
41 11
47 12
4 23
44 1
22 6
44 9
2 40
31 15
40 23
27 16
39 6
10 11
16 31
4 15
27 22
7 37
36 34
8 10
29 25
48 3
20 8
4 11
6 34
18 45
13 28
3 34
5 13
2 35
16 30
5 22
18 41
7 42
18 3
18 17
5 37
40 8
16 46
42 1
10 22
13 37
24 47
41 36
48 44
20 31
25 24
4 10
32 26
3 2
28 20
18 33
25 26
8 23
17 24
48 38
5 36
13 3
28 17
18 39
36 48
15 27
19 41
11 44
11 12
39 47
45 23
23 38
47 46
12 15
21 11
5 25
14 17
43 10
1 28
48 36
43 31
31 29
39 41
24 1
20 31
47 32
21 37
22 19
34 1
34 23
28 38
15 41
22 26
18 23
5 18
26 16
16 8
44 6
16 36
6 3
18 5
35 38
41 24
9 43
24 10
17 19
47 12
36 24
45 26
45 14
20 12
29 43
23 34
27 10
8 29
27 28
31 33
36 6
9 30
46 18
14 16
32 13
43 35
4 40
13 48
5 48
27 2
10 2
3 36
11 10
17 6
37 47
38 41
21 46
22 18
31 4
33 14
16 28
48 19
35 28
35 39
43 13
8 5
14 11
40 25
36 24
30 41
39 35
33 11
48 22
44 30
25 44
11 8
39 26
27 25
22 13
32 16
25 39
36 39
17 28
31 21
19 28
13 25
14 13
3 29
34 46
26 27
42 36
34 32
29 12
25 2
40 8
18 33
46 21
39 31
16 21
3 35
16 31
11 45
43 30
25 44
27 2
22 36
37 24
36 17
3 12
35 43
35 20
43 32
40 33
30 8
21 32
42 36
30 20
32 40
17 24
36 12
25 15
29 16
2 13
19 29
47 13
15 18
23 15
10 7
44 33
43 44
42 46
25 13
45 17
46 20
20 9
44 12
23 40
28 41
4 14
21 19
26 4
4 16
34 29
22 45
13 32
8 6
29 33
35 41
17 32
12 4
40 23
31 14
30 26
6 33
39 43
19 32
14 23
47 3
36 11
32 19
19 37
15 19
39 7
35 22
34 6
29 8
4 43
37 30
16 38
20 26
8 4
39 46
18 5
17 6
16 48
24 2
4 7
20 43
29 22
32 15
43 13
38 46
23 27
27 6
32 15
32 7
18 38
5 35
11 37
8 42
4 48
43 23
6 30
17 34
3 17
48 45
29 38
10 19
32 37
24 31
3 23
37 36
13 9
38 23
45 46
32 16
45 26
39 2
7 23
3 25
39 19
21 35
24 30
21 23
34 13
5 36
35 41
39 15
2 29
37 14
26 20
46 22
13 36
39 19
10 9
11 17
27 31
19 18
29 40
40 30
4 44
34 6
5 24
21 22
4 25
3 45
13 48
34 25
35 40
12 13
1 22
45 43
21 31
13 17
22 20
46 41
16 47
47 36
23 35
9 42
11 7
23 11
40 16
13 48
43 41
16 37
10 4
20 38
36 9
10 2
18 41
48 32
28 22
18 4
32 44
30 38
35 40
45 2
21 44
44 13
11 27
18 37
47 5
42 34
29 3
35 46
11 3
45 6
24 30
9 23
26 39
12 46
25 29
34 36
40 15
15 18
48 3
32 4
44 34
48 15
20 46
41 22
10 47
14 40
23 36
33 13
16 44
27 40
40 28
43 31
42 9
16 41
27 48
12 39
33 12
5 20
25 13
10 34
11 23
41 34
26 25
14 9
36 8
16 27
36 11
9 29
35 25
38 14
40 1
4 24
12 24
43 36
36 4
22 15
42 14
48 36
7 29
44 42
37 12
21 24
38 45
4 24

35 186
16 28
21 28
8 4
13 5
1 15
33 13
28 12
21 9
29 9
13 23
34 23
25 29
34 13
21 33
34 8
25 26
28 18
11 9
7 27
9 21
24 33
25 12
18 33
5 4
11 5
14 33
29 3
27 5
27 24
2 25
31 3
28 1
20 3
9 4
29 24
29 3
14 6
20 11
22 23
33 26
1 31
32 15
34 13
7 22
14 8
29 28
35 29
25 2
14 28
7 19
28 1
21 18
6 18
29 4
5 26
30 18
33 3
9 31
15 27
17 5
35 23
32 34
28 21
13 7
13 19
2 6
31 23
23 13
5 28
17 21
31 23
15 28
25 24
1 4
27 29
20 26
16 2
9 2
14 27
26 9
28 31
5 15
31 17
31 35
10 17
30 32
8 35
33 8
35 13
35 28
32 25
21 13
3 29
14 16
20 4
25 24
12 6
16 7
34 11
6 9
4 13
17 12
12 15
19 23
27 30
27 1
32 12
13 34
17 3
15 13
18 16
2 29
33 17
12 31
4 30
16 8
19 33
31 7
24 14
29 15
21 32
27 17
21 4
15 2
6 27
24 33
28 29
30 21
18 26
24 6
31 7
15 26
13 3
17 18
30 2
26 21
18 11
25 9
25 7
15 16
7 24
8 13
19 28
30 21
16 18
26 24
1 18
14 13
20 7
7 14
20 32
35 2
8 1
23 9
7 14
24 26
2 8
3 20
35 32
5 27
26 8
15 26
25 6
15 21
24 21
35 9
17 11
22 1
23 9
21 6
22 9
31 1
16 33
20 27
6 2
31 8
21 22
33 22
27 12
7 28
9 18
1 3
5 22
3 27
31 1
33 29

56 251
8 2
50 12
21 18
25 16
40 29
38 30
29 48
40 54
12 27
37 26
13 46
39 2
31 39
28 5
16 15
56 8
16 49
19 21
11 27
20 50
55 41
7 11
33 30
8 28
41 28
38 53
18 20
38 32
42 9
20 1
8 19
8 23
12 10
27 6
36 47
39 18
31 29
28 47
3 36
3 27
47 40
23 8
43 45
23 12
37 42
12 44
45 20
51 56
13 21
45 49
51 27
10 26
55 22
56 41
41 2
51 31
25 2
23 11
46 45
22 26
15 18
54 3
21 48
42 33
12 30
9 7
40 3
16 22
24 15
47 8
1 41
38 25
42 4
20 15
33 25
25 47
42 22
33 6
13 18
39 8
31 54
14 33
13 19
40 12
9 47
52 50
13 20
19 56
39 34
32 8
2 6
33 23
38 39
19 39
5 26
13 35
8 10
52 20
29 35
15 21
10 14
22 14
17 21
36 50
37 27
35 26
4 41
8 42
3 30
30 12
43 48
19 36
27 23
48 6
21 13
55 15
10 20
28 26
24 47
3 44
18 37
14 21
5 46
7 34
19 3
4 50
21 40
21 27
15 10
48 27
8 6
21 11
17 30
18 7
33 46
24 53
43 28
2 47
17 48
8 19
50 12
53 55
35 17
25 49
10 56
4 1
45 8
51 45
37 52
36 13
41 3
50 27
15 51
1 31
42 9
34 20
20 30
18 38
30 26
14 39
10 1
23 54
8 17
27 45
12 6
41 37
48 34
47 6
12 48
37 54
56 54
1 3
27 2
24 56
11 37
22 20
22 44
2 29
44 28
1 39
33 42
3 24
3 50
30 15
41 50
52 40
47 52
26 1
53 49
56 47
13 5
11 34
32 52
47 19
7 47
41 39
16 44
46 19
37 3
33 21
36 28
44 10
7 53
10 43
45 49
33 1
53 27
19 12
6 9
30 12
55 50
15 42
24 17
6 10
33 26
46 44
53 39
50 49
49 20
21 25
36 5
6 7
23 17
12 31
31 24
14 29
1 12
54 8
28 3
18 4
12 47
47 48
29 24
40 5
43 4
14 22
8 19
12 15
19 8
29 49
15 42
5 15
53 42
7 8
28 24
51 39
54 25
30 26
32 53
15 18
40 28

