20
35 379
9 12
25 6
33 9
25 19
30 20
11 3
20 24
23 19
17 31
7 28
5 6
32 8
29 23
31 5
1 19
6 9
7 15
5 16
16 23
22 35
10 24
31 33
23 27
14 19
10 6
23 15
15 7
20 2
2 3
32 7
23 4
26 14
8 6
29 7
4 6
17 4
1 26
27 5
10 1
22 9
28 1
15 12
3 29
13 17
25 32
4 5
22 18
24 4
23 31
19 28
24 22
29 26
13 32
30 34
10 29
7 14
29 34
2 8
4 27
24 5
23 5
10 21
34 33
1 21
5 19
14 5
17 19
31 30
15 2
28 1
30 12
14 24
22 16
31 25
7 32
29 6
1 3
3 34
13 15
31 17
10 9
22 26
27 17
20 19
30 25
19 25
1 10
25 22
2 20
23 20
28 16
25 5
31 4
3 8
18 34
1 27
19 22
29 11
15 14
6 10
3 1
11 15
10 35
13 11
19 35
30 24
27 31
28 34
11 8
18 5
18 19
31 1
17 25
23 32
15 28
18 29
6 28
8 15
27 32
3 22
31 9
22 34
17 15
10 27
22 27
32 16
10 4
16 4
5 16
35 19
20 29
24 25
33 31
17 1
27 19
22 34
27 21
10 8
35 19
35 33
10 8
13 32
11 5
35 16
32 11
11 17
16 35
6 13
7 22
13 11
17 11
21 9
31 30
28 30
25 4
4 35
11 28
8 34
33 19
14 29
6 1
22 21
12 5
33 31
3 22
6 20
32 26
5 33
32 11
22 1
15 33
23 19
17 21
16 35
11 22
5 12
20 2
35 24
11 30
27 32
12 23
6 15
27 22
12 35
32 10
35 23
8 35
7 1
20 34
1 31
32 17
19 17
19 18
5 29
25 8
3 1
30 20
15 33
6 3
33 2
13 9
25 32
8 32
28 6
9 35
3 26
18 19
21 12
35 14
1 20
28 14
14 12
28 24
17 8
21 31
20 6
20 28
26 27
1 30
9 10
29 11
12 23
6 32
34 18
22 12
2 15
2 27
3 29
15 20
13 12
27 32
30 23
1 20
26 2
14 34
23 7
22 34
6 27
7 4
9 28
27 22
19 28
14 22
34 5
18 11
17 9
20 11
31 32
7 21
10 20
19 32
3 17
7 8
9 13
23 29
18 15
16 1
19 6
22 29
10 4
17 3
24 13
25 31
9 31
16 19
15 12
27 17
28 11
24 13
23 12
7 17
3 34
18 33
4 16
4 25
32 20
28 20
32 17
16 5
25 8
35 4
31 4
33 24
14 33
13 21
31 30
35 29
24 33
9 4
1 34
35 32
26 32
28 19
12 9
8 31
21 24
27 24
21 27
14 30
4 26
16 35
32 15
5 20
24 14
1 24
35 32
26 31
1 9
19 22
29 15
7 17
18 7
14 9
20 8
24 22
23 35
19 15
17 15
3 30
15 16
30 27
24 20
22 25
5 18
23 33
9 6
26 3
12 4
11 8
12 11
6 11
23 1
2 4
16 5
10 7
32 4
33 20
23 32
9 4
14 31
2 34
13 27
1 24
31 23
8 19
33 14
6 32
14 8
35 6
24 9
13 20
24 22
4 23
18 25
27 31
32 5
6 10
31 6
10 3
28 18
33 3
8 4
34 33
23 11
16 11
31 28
30 20
14 10
19 9
34 10
16 8
14 22
17 22
27 26
1 20
20 34
34 27
14 32
2 1

24 274
9 1
22 16
4 6
14 1
8 1
18 5
10 8
4 9
12 2
3 2
18 6
15 18
11 9
6 7
12 23
23 20
23 20
3 18
2 16
19 1
8 12
5 9
19 24
17 23
2 12
16 11
17 22
21 19
6 18
18 17
16 4
7 4
6 24
21 13
10 21
13 2
21 8
1 6
22 18
9 13
21 17
10 17
3 7
2 20
15 17
4 18
23 7
15 3
3 24
23 7
13 16
4 12
9 1
1 2
1 13
14 17
14 6
19 12
23 7
2 16
10 11
6 8
1 12
2 19
12 16
2 16
8 21
19 8
13 19
9 13
23 5
4 20
15 19
21 16
2 22
2 7
21 18
19 22
12 22
14 13
5 13
1 15
20 13
9 20
1 23
10 21
2 22
4 16
16 24
7 9
14 24
15 10
17 1
24 4
14 5
9 18
17 1
8 4
14 8
15 6
6 1
19 7
14 22
14 21
13 20
5 2
11 19
4 3
12 3
23 1
7 23
11 15
23 10
10 12
18 24
10 15
16 4
22 5
1 3
1 13
23 5
7 1
16 10
4 19
12 18
11 18
16 21
24 14
7 9
18 16
8 3
6 16
6 19
12 22
22 5
10 12
1 8
12 8
17 7
2 4
24 13
13 15
1 12
21 23
20 14
14 20
16 20
11 13
6 14
2 3
18 3
6 19
11 18
2 3
24 20
23 24
24 11
6 24
23 2
23 10
15 4
5 22
15 7
2 21
13 3
15 6
22 21
16 8
14 18
10 5
5 8
4 11
2 3
1 3
17 10
10 21
7 23
11 5
17 7
9 19
22 15
16 10
6 15
23 15
17 3
19 16
23 22
2 16
17 18
18 9
20 19
5 18
10 8
22 2
14 23
12 3
13 20
12 10
10 2
17 2
21 3
18 11
17 19
2 9
13 11
9 8
6 1
15 13
14 8
18 12
19 13
16 14
16 18
24 18
2 17
14 4
10 16
12 21
17 12
1 3
21 24
24 2
16 6
6 21
13 23
1 8
11 16
13 3
1 4
12 2
21 17
22 6
8 9
18 24
21 18
2 9
9 18
2 24
23 7
21 4
5 13
11 8
20 15
10 21
19 13
14 7
5 3
4 12
12 22
11 24
7 4
24 16
21 1
7 12
23 19
15 3
7 17
2 3
7 3
15 17
15 20
23 19
23 3
6 2
16 8
1 22
4 16
5 16
16 12
3 14
22 9
8 5
1 2
23 24

89 109
58 70
16 33
76 13
61 51
45 49
71 38
41 24
26 77
59 10
84 67
65 77
10 64
83 19
13 25
43 12
84 34
14 11
66 1
23 37
73 1
85 76
38 58
11 64
45 69
73 61
68 71
49 10
45 64
29 79
89 71
23 16
37 26
13 59
71 42
71 88
28 19
79 60
15 34
61 88
28 62
2 76
71 68
72 10
57 4
14 79
20 50
48 67
85 39
70 88
13 73
87 63
3 76
55 39
42 27
59 69
21 60
77 2
38 60
34 27
63 69
39 15
51 86
82 46
58 62
67 70
46 64
43 70
72 9
41 24
57 11
26 77
3 13
78 41
5 44
67 1
23 38
15 74
35 7
52 25
2 29
5 69
25 70
71 29
78 22
75 67
32 11
54 35
45 64
8 50
19 7
72 63
45 86
47 12
26 32
36 27
82 62
28 18
42 9
68 30
30 53
29 84
63 82
29 41
57 58
23 8
64 5
70 19
1 50
52 26

74 34
7 63
18 57
42 30
38 56
46 28
70 38
9 22
11 48
1 16
27 49
47 71
10 13
30 22
37 52
47 35
34 31
2 51
14 21
58 29
54 7
56 50
23 42
49 33
15 49
26 19
23 72
68 32
10 23
31 25
52 55
59 11
12 60
39 3
7 1

71 395
19 35
19 58
18 50
39 62
24 53
47 50
4 35
12 55
28 8
55 45
34 16
15 44
24 64
14 7
10 40
56 44
59 43
21 37
41 42
21 23
18 70
57 12
11 71
40 49
54 13
11 30
58 15
53 50
28 26
16 37
65 1
40 12
3 21
9 3
62 29
25 39
58 42
51 28
41 19
5 24
62 47
53 48
61 65
58 48
50 2
45 3
33 44
15 35
64 23
69 55
11 22
53 68
63 32
56 33
50 20
16 71
66 28
48 15
52 34
63 30
35 67
32 28
39 6
22 32
59 19
46 69
41 27
26 63
19 10
55 68
29 30
28 55
57 4
69 37
68 20
26 62
15 18
18 14
23 40
45 11
58 50
39 58
5 24
50 23
33 64
51 22
23 7
36 8
41 33
5 37
13 61
27 58
7 45
71 61
44 4
31 30
13 69
17 49
22 26
31 14
18 41
66 71
7 30
39 47
23 43
43 66
63 70
52 70
3 12
19 46
46 49
4 59
6 51
36 27
36 66
1 14
36 66
13 42
25 51
49 7
53 20
1 45
49 12
3 51
23 21
56 29
29 20
16 34
70 11
21 66
36 21
8 31
46 20
33 30
31 10
36 12
60 67
16 38
8 18
48 61
69 33
18 57
52 64
20 10
3 71
4 70
20 11
29 25
62 21
55 21
61 50
63 50
46 8
16 53
56 23
42 54
55 60
70 35
12 18
5 46
17 8
44 67
50 32
21 71
53 35
51 2
13 42
51 58
49 26
39 65
49 41
47 32
29 5
27 40
23 62
14 70
29 17
26 38
49 46
37 61
9 16
62 21
18 2
39 26
27 6
19 4
46 25
67 34
30 53
34 52
43 7
10 71
24 35
38 32
40 34
52 8
10 2
29 27
3 67
52 61
32 71
24 38
24 19
71 53
31 64
64 33
71 34
33 54
28 30
14 68
63 25
4 32
26 63
58 60
18 39
49 10
69 1
47 52
51 6
34 41
70 57
3 69
50 66
51 7
24 3
46 8
37 38
64 29
24 52
6 22
60 15
19 21
61 71
31 67
64 71
65 9
33 22
59 27
32 65
10 15
67 16
22 32
53 14
20 5
26 27
14 40
5 65
61 4
24 16
27 55
40 36
16 61
23 3
52 16
12 66
42 58
16 33
39 60
53 4
14 38
61 59
37 65
12 26
69 67
1 55
50 40
19 25
60 41
58 40
16 70
34 57
16 9
19 55
29 31
58 2
68 47
60 33
40 32
19 68
27 50
12 36
19 30
20 7
71 7
7 46
36 71
32 51
9 10
34 68
71 51
69 67
26 18
59 26
49 37
53 4
16 64
39 65
54 58
31 13
24 37
58 59
37 49
39 5
58 32
1 17
12 29
43 68
46 31
53 23
27 35
57 2
58 55
26 40
2 57
52 25
22 39
13 18
47 11
22 65
42 53
10 13
11 53
10 16
43 62
39 29
56 24
31 3
8 56
2 9
41 54
64 23
52 5
40 27
46 22
20 17
34 61
29 4
42 69
20 13
60 18
41 4
1 31
6 39
47 8
7 47
21 71
69 32
35 69
18 10
50 69
57 43
58 45
7 28
43 57
71 62
3 71
25 34
62 33
37 29
39 12
9 69
41 40
64 69
57 33
47 54
18 49
71 22
55 58
24 40
57 14
2 17
70 36
7 60
68 43
48 66
14 56
64 54
24 16
51 40
48 57
54 25
35 53
46 18
40 70
58 56
43 19
1 41
54 7
60 10
9 36
5 23
51 28
5 34
43 16
3 19

52 118
32 40
27 13
18 25
44 20
32 8
15 25
37 15
8 32
35 30
40 38
38 14
10 25
38 5
10 52
46 7
3 1
23 30
14 40
2 33
35 9
40 25
34 1
15 17
32 50
46 19
11 8
32 49
32 18
1 41
45 47
23 24
47 45
1 8
8 30
17 18
15 32
43 48
32 33
40 11
30 33
30 17
40 37
13 47
30 13
11 51
35 34
22 30
2 22
13 10
27 5
27 41
37 45
12 16
26 51
27 3
8 32
19 23
16 7
46 22
48 4
20 30
37 41
35 39
38 24
24 12
28 50
29 12
43 40
28 16
15 30
46 50
37 41
48 52
47 41
49 18
45 16
48 5
4 30
19 17
29 42
29 5
16 33
16 34
48 19
25 10
48 18
35 32
34 31
8 5
47 32
22 39
48 17
20 27
23 38
44 51
4 48
31 19
28 47
28 51
41 52
9 13
45 19
20 27
25 3
7 20
35 28
34 30
21 1
32 19
15 51
45 18
22 24
12 25
46 39
24 34
14 8
46 6
26 14

9 36
1 2
9 4
5 1
5 8
6 3
2 6
6 8
1 3
3 1
1 2
9 4
4 2
1 4
4 9
8 5
8 7
6 3
5 2
5 9
9 1
2 8
7 5
4 5
7 5
4 5
6 3
8 1
4 9
2 8
6 9
1 4
4 5
8 5
9 6
2 1
7 1

87 419
56 9
38 39
69 49
22 69
56 62
62 8
12 49
50 20
56 10
59 77
45 85
73 50
60 29
23 2
75 79
32 44
1 61
74 61
14 8
35 62
61 9
61 72
49 24
83 17
25 46
6 69
44 70
31 8
4 46
9 78
37 32
26 29
85 5
82 11
12 29
72 65
37 46
49 85
61 45
6 85
82 3
66 38
73 1
38 68
38 46
58 67
70 76
87 67
80 81
77 83
22 54
60 50
12 14
47 72
50 44
69 44
47 39
74 32
31 24
12 61
61 40
43 41
31 14
33 25
83 29
46 49
80 9
60 6
47 44
55 4
17 12
50 47
77 73
69 13
76 42
73 41
73 21
82 17
34 19
33 29
39 78
69 32
78 41
29 30
76 84
33 84
87 74
35 76
51 17
80 31
58 57
71 36
77 57
52 16
68 84
36 19
66 18
42 49
58 71
78 39
67 15
35 58
1 70
38 43
78 30
73 48
86 48
75 68
10 39
83 77
27 31
8 85
48 50
46 11
33 36
41 4
50 67
53 42
41 3
84 31
24 61
71 14
21 58
81 30
2 68
11 28
4 19
17 43
68 62
53 5
10 85
87 51
65 52
84 18
46 72
41 69
45 24
74 58
73 60
79 74
40 3
7 35
21 23
78 80
77 35
76 86
33 75
42 2
39 38
11 76
23 51
49 59
66 35
29 52
7 13
30 39
15 28
73 27
43 63
11 32
11 86
22 35
73 63
36 16
6 46
4 20
2 52
70 67
78 4
23 77
16 45
28 22
64 5
48 19
60 50
50 62
48 72
9 25
39 36
32 44
73 27
55 74
70 38
46 60
41 60
41 48
17 60
69 81
65 21
12 29
70 54
3 22
38 3
38 76
38 61
25 23
87 71
2 61
13 47
25 53
19 66
5 28
38 73
13 7
85 16
35 59
69 29
72 11
31 22
79 60
82 8
75 73
78 76
46 4
27 71
48 37
41 45
56 78
22 60
77 20
76 24
70 49
45 55
52 75
76 43
40 63
50 19
40 32
86 78
27 25
53 67
53 6
24 22
75 37
73 64
56 61
80 39
15 37
85 66
16 65
21 47
32 62
65 72
85 63
62 25
79 27
83 37
24 11
50 11
47 35
67 8
9 59
38 15
87 35
80 7
12 13
54 44
66 31
28 63
86 81
79 69
12 66
18 35
76 67
37 36
15 16
43 15
66 80
29 57
19 21
64 30
25 30
73 82
52 5
49 42
85 41
24 1
19 33
27 87
5 64
35 19
71 69
25 42
53 45
11 71
57 66
13 73
87 78
67 44
82 28
85 72
60 13
72 71
46 12
70 50
67 9
60 42
69 76
75 26
33 78
9 81
56 13
66 48
82 37
4 77
56 1
53 21
6 37
4 43
40 65
84 11
73 56
45 46
36 32
71 60
22 71
53 70
83 23
30 78
59 33
59 19
25 24
39 30
52 34
72 5
11 68
7 75
28 51
33 55
83 16
27 9
78 71
70 74
6 12
56 36
19 75
53 42
26 82
85 60
59 2
62 31
1 50
51 74
18 46
82 45
47 72
20 29
50 26
33 18
73 68
28 52
33 69
70 20
67 34
70 60
8 13
60 49
63 16
36 73
61 30
22 12
6 41
41 56
58 65
65 44
37 6
8 70
66 77
81 45
23 63
10 23
67 61
71 43
76 19
28 42
40 49
53 46
81 85
14 52
62 70
87 4
75 7
65 54
76 58
3 11
25 12
25 4
65 9
38 53
27 57
86 59
10 44
17 4
41 22
55 8
4 54
3 71
52 67
37 40
37 39
43 61
43 67
56 20
67 7
64 7
55 57
65 11
73 60
43 86
19 42
81 72
44 64
28 23
13 60
51 44
7 16
78 65
72 2
45 70

3 3
1 3
3 1
1 2

46 337
15 20
1 35
15 17
28 37
41 20
38 23
5 11
27 33
20 8
12 31
37 43
10 20
10 28
38 10
16 46
15 30
19 10
19 27
20 40
18 8
7 3
31 11
13 5
37 27
13 3
5 43
39 14
16 3
42 1
6 11
46 21
34 13
24 46
39 43
33 4
44 39
6 28
3 13
27 40
33 39
36 37
29 22
5 44
24 40
39 30
44 38
44 31
44 21
25 37
11 34
2 4
34 24
46 40
4 33
26 42
16 10
24 38
8 15
15 1
7 44
44 39
35 23
36 3
1 20
13 11
8 15
8 35
38 8
28 35
40 7
30 4
10 1
41 18
9 18
10 1
10 42
29 26
25 32
26 39
38 30
40 46
32 28
31 39
9 19
26 9
42 29
18 36
17 35
45 20
1 2
14 4
37 42
29 15
27 2
7 19
31 46
18 10
27 3
2 29
21 22
37 11
44 9
46 15
37 44
28 37
39 41
40 29
36 16
38 17
17 44
29 42
38 40
5 18
36 1
1 5
22 31
15 13
39 14
21 24
6 2
14 44
42 2
21 26
11 12
36 28
9 18
23 40
5 21
12 41
21 6
45 36
30 13
43 23
26 17
40 31
13 7
23 2
2 43
27 13
8 16
34 10
27 4
4 32
24 9
20 39
8 18
28 37
30 24
7 3
35 46
34 1
1 10
42 46
23 2
7 32
35 10
7 38
7 38
10 15
11 2
22 23
7 5
41 13
7 29
7 34
23 7
37 12
42 36
34 44
36 14
26 46
20 18
6 11
21 15
15 22
30 36
38 36
34 32
43 34
8 43
16 30
3 6
42 38
42 23
35 25
36 15
24 3
26 24
13 46
32 21
15 4
6 45
31 38
35 13
45 31
28 23
27 33
12 18
22 28
7 1
12 15
18 14
34 35
21 33
20 41
41 29
39 40
21 23
25 9
35 18
39 10
34 19
43 45
30 12
20 30
6 31
44 18
45 31
6 19
11 20
7 45
42 39
39 16
10 17
18 38
34 10
2 21
22 38
13 5
3 33
35 3
11 26
20 9
5 19
21 15
32 22
14 27
14 46
36 23
16 7
15 44
10 12
25 1
25 24
43 5
6 45
15 31
12 18
29 31
38 44
16 7
5 37
21 4
20 37
13 21
45 10
24 8
22 43
2 40
20 45
44 19
43 6
43 9
23 26
33 9
17 42
9 21
26 23
18 46
14 30
14 6
34 37
8 9
27 9
42 40
7 33
12 44
38 3
6 9
28 38
11 44
27 19
12 7
42 29
46 3
12 13
8 45
43 15
1 24
24 42
17 30
22 23
27 14
25 26
16 6
11 26
43 38
38 8
38 33
30 37
35 3
37 28
39 5
22 10
22 12
27 46
33 43
20 46
21 46
9 20
4 34
10 35
26 11
26 6
34 16
35 22
12 25
3 5
29 25
14 5
36 34
4 22
24 23
16 38
16 18
5 14
6 14
2 25
18 22
30 5
37 12
27 43
36 23
41 19
41 2
17 30
30 14

34 160
30 23
29 18
10 1
7 1
19 2
19 14
19 9
5 4
34 7
30 28
25 8
18 32
11 4
7 30
27 14
25 30
10 27
21 28
1 28
19 3
13 7
21 19
24 20
25 27
21 15
34 4
20 19
7 1
22 7
22 12
11 32
4 31
25 13
32 26
31 8
4 11
28 32
29 26
26 27
26 12
8 34
16 1
18 22
9 5
3 31
25 13
2 9
26 14
14 25
19 21
3 29
23 34
32 22
33 24
13 11
5 12
26 14
29 21
22 8
31 26
32 9
27 33
26 13
13 17
31 34
19 33
30 18
4 17
17 2
3 1
6 15
34 27
17 28
15 24
25 14
29 7
7 2
32 22
19 14
26 32
24 21
24 2
11 14
3 13
14 16
27 21
9 18
14 31
15 12
10 19
24 11
24 22
6 8
1 31
33 7
28 19
4 29
3 17
5 16
4 21
16 32
3 33
11 7
14 23
24 31
15 14
7 4
9 20
12 9
16 18
23 9
11 26
12 13
16 28
27 10
18 24
20 16
9 34
29 5
24 25
19 11
5 30
19 24
7 1
13 33
24 22
9 23
33 21
13 22
23 5
32 6
29 17
29 11
17 24
15 14
22 33
24 1
28 16
32 9
16 11
7 13
6 23
10 4
9 22
25 5
26 30
18 28
21 13
4 3
10 18
24 31
24 13
5 18
2 3
34 17
21 6
4 26
28 13
3 10
34 1

42 358
21 20
25 33
12 18
29 1
2 24
34 27
14 40
30 27
8 31
9 32
18 42
25 41
42 33
25 33
16 39
12 34
16 34
24 26
9 8
24 8
31 15
35 42
11 20
24 18
9 30
8 26
30 23
29 21
3 18
34 41
27 25
12 18
4 35
24 9
17 30
39 29
20 36
39 15
15 3
2 20
27 29
7 14
25 9
31 14
7 13
36 18
28 39
11 9
5 27
38 41
13 15
32 8
10 4
20 12
4 39
38 32
3 2
3 26
10 31
39 14
1 33
32 28
27 40
35 30
22 28
26 32
41 16
39 8
17 16
19 18
10 13
6 11
14 6
36 22
37 30
35 18
22 19
3 19
9 30
40 36
13 28
32 26
24 39
41 38
14 16
5 24
19 15
37 25
6 14
17 36
7 9
11 28
25 11
5 31
40 42
23 9
25 12
34 5
7 30
42 18
2 41
20 15
35 42
20 7
16 11
11 23
22 38
5 32
40 36
28 38
16 36
20 25
25 24
31 11
21 6
12 23
4 29
37 29
12 41
2 23
7 24
42 2
27 29
40 18
14 35
33 5
10 13
30 34
2 40
12 5
7 32
7 35
24 41
21 36
39 21
14 1
42 13
2 26
41 39
1 11
31 15
41 2
2 30
1 39
39 5
3 29
9 36
10 7
12 1
1 32
12 1
30 24
3 13
21 41
14 31
28 42
1 24
41 1
11 41
39 7
2 40
33 10
33 1
17 42
41 17
30 11
18 17
32 18
29 10
14 40
38 39
38 37
20 36
37 28
35 31
33 36
28 23
3 16
21 19
16 20
34 1
28 9
17 24
1 25
37 41
18 34
36 12
9 29
4 37
19 35
27 12
20 5
13 34
26 31
5 1
20 5
28 21
42 9
21 22
2 17
40 35
8 7
41 37
11 35
11 3
17 23
20 22
35 9
3 21
13 1
41 17
28 24
35 25
31 12
5 32
26 42
22 34
6 20
26 16
11 36
16 27
14 36
4 2
6 25
13 6
21 27
31 2
18 12
32 27
16 19
10 13
40 41
18 16
22 32
26 16
5 10
27 38
12 31
38 17
13 6
21 31
32 7
32 7
18 20
33 31
38 41
1 34
39 17
7 19
6 32
32 8
39 14
2 8
2 37
23 12
42 41
42 31
5 30
36 21
7 24
7 2
20 6
33 17
22 39
33 25
28 20
30 25
33 29
32 33
23 10
2 22
8 2
9 13
31 42
31 35
23 37
34 1
40 25
15 17
21 3
41 7
20 27
29 10
13 16
42 34
26 42
11 33
1 19
1 29
16 29
19 37
24 10
35 21
34 7
36 11
7 32
15 26
16 1
33 27
16 31
18 39
30 28
30 28
3 28
12 18
15 30
12 36
37 4
12 27
8 5
37 12
37 9
35 10
7 26
34 20
14 7
17 41
35 2
26 35
27 35
10 41
22 20
32 16
21 2
40 27
6 34
38 40
40 31
6 2
12 39
22 23
4 36
21 36
35 2
28 19
36 35
16 13
10 5
26 31
4 24
13 10
13 8
7 9
36 12
10 3
7 29
25 10
20 1
3 12
2 28
29 35
20 2
3 30
4 27
16 8
6 28
15 18
33 19

82 358
49 42
31 3
64 28
4 46
6 78
41 66
31 81
56 72
78 33
31 18
17 66
5 12
77 43
31 14
63 3
30 29
44 62
33 27
7 36
72 15
31 33
80 61
31 55
51 27
5 1
44 21
69 48
32 63
10 65
78 74
67 25
21 30
7 53
56 15
7 48
29 37
80 28
18 28
1 70
54 5
70 17
28 58
66 61
39 75
43 36
67 29
61 7
58 69
61 34
1 69
81 32
26 78
59 43
23 59
32 79
66 21
13 11
79 71
37 73
32 72
57 62
52 65
38 44
73 41
32 71
72 57
68 48
19 8
25 50
6 10
71 19
20 67
15 10
23 7
41 12
66 23
64 48
60 19
11 52
59 43
40 48
17 25
16 36
34 42
5 40
51 75
60 72
61 76
81 1
82 40
15 65
62 78
33 41
16 43
10 75
3 51
42 22
77 59
59 30
18 63
71 68
58 48
57 38
43 56
41 43
15 55
27 78
50 59
38 65
20 49
59 24
19 21
45 13
79 21
44 15
4 33
2 61
82 61
16 43
36 56
3 50
30 29
47 79
8 4
64 27
52 42
52 70
62 15
2 61
37 45
77 42
77 78
20 77
58 38
39 11
13 41
62 43
71 26
41 78
31 24
24 82
66 76
71 47
10 72
25 48
37 19
8 33
17 29
29 74
68 67
5 1
25 66
45 16
12 3
13 42
27 37
44 12
32 58
43 24
1 8
60 21
17 12
39 48
41 33
35 25
37 35
52 20
79 67
31 82
81 75
28 37
36 39
68 67
16 30
10 18
38 71
41 56
1 79
23 41
29 58
65 67
10 36
7 22
37 8
21 31
37 57
66 77
45 51
10 74
62 28
31 51
68 7
51 66
29 11
13 4
77 81
16 31
5 24
52 44
31 72
74 69
49 58
63 13
28 72
4 7
17 37
57 4
45 27
70 73
37 2
79 32
82 14
64 7
37 33
50 69
25 43
55 73
18 35
5 47
26 10
54 45
46 30
48 10
59 35
3 13
38 1
46 38
14 27
46 52
62 13
38 4
55 12
78 75
48 82
39 73
9 12
35 57
44 3
66 20
39 68
34 77
68 80
34 1
26 79
52 7
11 7
10 67
20 7
59 67
8 18
58 17
31 12
75 74
14 58
11 53
46 45
47 33
44 80
34 71
78 3
78 6
12 7
72 31
16 51
16 23
70 75
41 18
4 33
12 20
11 22
72 58
68 38
8 31
37 41
20 32
46 17
39 59
25 28
7 40
80 24
65 67
18 23
5 24
56 16
43 68
39 34
43 25
71 52
57 25
13 78
58 12
14 34
37 43
42 78
41 66
60 27
3 1
31 26
58 48
68 45
7 19
7 31
9 58
7 35
70 3
10 47
14 23
80 52
68 42
50 26
27 54
29 3
55 6
52 42
50 58
61 56
8 71
34 15
24 21
17 33
68 32
58 67
4 43
28 53
70 54
81 41
1 30
45 57
35 17
16 5
74 78
62 2
67 13
18 10
36 42
23 67
19 7
70 63
35 42
52 8
43 13
10 72
57 66
26 75
2 30
69 79
12 70
65 26
5 74
61 40
36 3
26 54
12 16
37 48
59 8
55 19
20 65
8 79

99 335
23 12
17 85
87 26
59 91
96 19
57 68
8 35
57 39
5 38
42 85
21 56
93 77
66 74
2 60
94 98
29 18
10 44
1 94
69 60
86 63
76 41
32 84
75 88
21 77
24 60
61 44
16 52
21 79
24 21
40 19
19 66
36 26
10 34
21 77
91 5
40 68
43 69
50 16
57 68
90 78
28 51
20 41
3 41
21 27
59 58
45 75
22 78
1 32
12 21
7 2
23 44
69 65
14 17
80 68
84 71
47 12
20 66
50 21
5 68
47 61
26 89
36 46
65 37
75 74
55 81
75 78
25 42
41 36
58 20
3 42
90 49
51 8
13 2
28 16
69 74
76 93
61 13
37 24
47 12
98 2
90 73
77 13
14 17
49 71
36 51
12 26
97 62
33 8
61 23
29 33
97 20
92 10
56 16
54 67
12 55
57 83
31 69
96 47
16 67
80 64
78 4
61 39
36 69
99 94
89 26
26 86
45 16
93 98
31 47
63 41
1 20
24 29
87 20
73 1
84 53
65 61
56 24
97 89
92 96
82 80
21 8
64 65
21 58
64 49
3 27
89 3
45 13
29 30
30 2
28 13
54 92
73 8
17 70
97 7
64 79
84 49
48 5
5 10
51 7
34 41
8 76
51 36
4 81
36 32
91 89
22 64
95 36
32 92
41 95
69 25
78 51
71 24
53 75
31 4
80 64
44 87
39 93
21 42
72 56
73 63
44 93
27 39
29 56
29 69
49 97
92 27
48 63
48 1
39 78
2 17
43 46
4 81
39 22
21 11
78 94
71 22
87 97
60 14
51 86
83 99
83 75
27 29
36 72
27 74
51 28
88 91
71 91
72 10
14 92
18 89
84 86
9 69
81 66
81 32
52 64
32 35
37 58
61 72
30 87
45 78
15 33
69 86
23 39
93 34
30 10
23 14
95 31
81 77
96 62
9 48
24 40
80 60
95 41
30 24
26 74
99 40
8 69
24 30
8 18
61 37
25 83
49 18
12 28
94 6
87 2
51 11
39 31
68 33
69 97
54 94
72 53
32 77
22 56
5 30
71 65
64 93
48 11
11 57
38 4
62 25
3 13
35 41
41 3
73 10
98 25
2 70
78 33
45 99
86 49
27 55
14 89
48 59
99 57
16 38
60 75
60 62
85 93
1 26
93 72
33 91
96 32
59 74
62 4
72 49
52 96
2 63
83 48
22 81
5 35
19 62
8 76
22 92
69 22
16 63
93 48
54 88
79 12
60 42
15 30
88 65
25 89
28 8
35 50
88 39
82 5
1 90
81 20
80 48
42 96
11 33
44 63
21 22
74 81
61 86
11 47
51 33
36 79
41 69
27 8
9 32
7 96
11 26
77 58
65 73
69 98
15 30
17 34
2 97
94 87
7 41
39 75
16 77
44 42
5 49
48 34
53 43
44 79
20 2
44 90
68 40
3 95
57 37
96 52
29 84
56 68
21 93
43 36
70 84
75 72
31 23
6 84
65 49
61 82
49 3
70 17

44 383
24 20
41 7
16 1
35 39
35 31
10 20
11 44
13 41
6 22
7 33
39 3
3 22
17 7
13 20
34 42
13 33
17 29
40 33
30 6
3 40
37 32
16 23
31 28
40 36
5 2
1 19
4 3
16 20
29 5
16 38
2 28
27 19
33 42
27 18
23 5
13 15
36 4
14 22
32 9
34 12
10 7
33 32
22 29
16 26
20 9
4 3
11 42
35 8
24 28
7 28
41 19
44 10
16 7
18 25
39 3
34 1
12 21
22 40
36 24
15 21
27 37
31 24
4 15
23 31
21 26
3 17
20 23
3 35
5 40
16 43
43 5
43 10
2 41
25 13
40 15
33 22
27 20
21 30
10 19
37 6
44 15
42 19
13 44
9 18
40 44
36 14
25 35
43 26
7 43
38 2
13 3
43 15
22 39
21 7
13 33
12 3
9 30
36 29
14 9
44 14
20 13
38 10
11 39
36 9
32 13
41 34
11 31
5 31
13 37
19 24
4 42
9 33
13 43
17 12
12 36
24 25
22 10
39 33
38 2
2 34
12 20
18 37
27 31
29 21
30 9
18 14
37 26
26 35
18 37
2 30
36 2
7 1
40 39
38 18
16 3
29 28
23 2
40 5
32 44
1 38
28 19
7 21
20 33
11 38
1 33
23 37
34 5
37 6
19 7
23 35
9 27
38 31
28 9
11 36
8 12
29 36
6 35
12 25
43 42
38 44
30 36
36 40
16 4
1 35
10 43
25 19
25 38
25 28
2 36
19 9
23 3
20 28
14 7
28 12
5 42
31 34
33 22
29 5
2 5
15 11
23 15
29 23
8 10
7 9
21 1
37 19
24 33
22 37
39 5
24 19
22 11
29 11
8 33
35 9
14 25
20 36
39 24
35 2
9 17
30 5
17 42
23 40
30 44
32 1
25 32
39 2
42 23
32 5
12 42
14 1
22 9
12 16
32 2
37 17
18 22
21 35
40 44
6 1
19 14
1 43
1 40
1 42
38 32
22 25
30 11
25 27
19 37
43 27
14 35
43 32
33 19
42 28
38 3
28 13
16 5
11 16
20 31
33 13
39 11
14 44
21 38
26 40
6 24
42 20
35 40
27 23
34 24
26 4
2 9
16 18
33 2
9 8
33 42
41 3
8 10
2 4
23 3
19 29
27 16
24 37
31 6
15 41
5 40
44 6
24 35
43 13
36 8
40 44
25 36
2 8
1 23
11 44
26 30
4 28
21 27
20 28
8 10
24 32
5 23
37 4
33 36
36 24
19 32
44 43
43 1
6 20
44 16
19 25
21 22
8 18
24 27
1 7
36 24
38 16
22 6
39 10
17 7
9 35
38 8
9 12
29 14
31 28
6 5
28 2
2 11
19 1
13 19
7 24
18 20
15 39
26 9
24 18
15 9
29 28
36 37
40 20
27 2
23 32
27 26
9 4
36 4
5 4
22 31
27 16
7 41
10 8
26 10
25 16
18 9
20 9
22 15
5 4
36 3
11 18
29 19
22 20
42 2
44 20
32 2
35 38
19 20
21 44
5 22
35 42
6 10
7 27
44 31
6 36
33 16
29 17
11 26
13 8
27 32
3 15
33 13
28 27
9 25
26 13
2 37
11 27
2 37
10 2
23 15
13 31
7 17
4 37
43 36
44 25
43 23
15 31
35 19
14 43
19 15
32 20
7 42
22 29
10 31
6 32
22 38
18 28
10 41
40 8
8 39

87 319
20 44
9 54
60 32
67 59
78 37
73 78
11 6
13 10
19 60
39 32
78 29
35 65
72 81
5 24
60 46
72 79
2 80
37 62
16 9
25 7
45 11
76 48
16 1
57 26
52 1
50 34
29 84
3 5
78 7
20 50
52 5
33 46
84 70
20 5
78 44
3 35
46 78
74 53
70 44
71 34
44 33
67 64
29 69
68 11
68 1
52 24
84 85
69 80
67 80
76 49
29 78
75 74
60 62
40 42
18 23
67 53
47 38
29 75
12 1
78 79
1 42
15 84
39 76
69 10
68 57
58 9
40 46
75 12
20 27
46 29
41 25
81 79
55 22
58 66
22 48
49 15
3 63
3 41
51 71
51 32
33 13
32 64
58 19
67 69
37 25
10 69
42 3
60 9
16 31
66 38
78 27
44 72
2 46
18 45
22 68
68 46
72 4
22 43
23 1
16 59
18 26
33 59
20 5
59 28
27 37
57 10
63 13
81 56
58 11
13 71
70 72
29 55
76 42
2 11
35 9
61 52
26 85
15 46
82 73
73 21
22 34
22 76
46 8
44 8
18 49
79 80
33 12
39 13
46 32
15 80
40 68
36 66
65 42
16 59
27 80
72 40
26 85
20 71
5 63
78 15
24 61
7 49
65 37
61 23
68 7
20 48
34 85
25 75
13 76
6 5
52 45
30 49
64 5
54 31
75 60
47 40
66 87
17 7
60 31
74 40
37 6
79 70
4 17
49 8
84 54
5 48
3 34
1 58
31 46
2 18
18 40
57 75
39 74
81 11
17 67
43 46
65 26
20 60
34 69
67 30
35 71
69 38
10 62
8 40
20 1
57 30
40 18
17 78
4 3
81 13
61 28
58 38
53 77
10 87
58 69
21 85
44 3
35 45
64 34
84 75
35 45
17 66
63 26
49 58
28 42
70 80
61 32
23 26
14 24
17 63
5 38
60 41
32 86
85 87
33 82
66 59
31 83
29 6
13 77
64 32
23 38
24 83
70 46
14 83
70 22
50 66
51 23
19 82
21 9
73 45
82 52
8 25
39 37
31 43
18 86
74 41
36 2
28 10
40 41
84 14
55 47
79 18
61 3
13 73
11 77
31 5
33 30
21 71
58 51
18 76
41 4
21 77
85 48
78 37
81 75
50 48
26 41
57 86
35 61
71 37
51 6
33 83
28 54
59 85
17 68
65 58
72 77
39 69
30 21
10 23
8 59
62 33
4 31
23 39
84 7
67 47
4 13
34 31
66 84
29 74
65 85
36 41
75 74
14 17
8 23
31 7
73 84
32 68
19 54
11 15
52 78
53 56
3 87
78 68
75 11
54 44
9 3
84 75
68 2
4 67
16 34
66 1
22 10
69 40
55 79
55 20
61 12
67 63
11 49
35 78
60 2
34 60
83 23
47 55
24 50
35 40
75 5
32 1
14 5

80 465
45 43
47 19
34 19
53 15
47 77
7 17
78 58
74 21
33 77
50 43
38 23
48 76
8 43
32 49
23 79
54 67
74 21
6 59
39 58
73 37
6 32
53 36
41 78
56 25
26 57
67 15
31 67
10 70
29 73
38 51
24 44
70 17
64 75
75 54
52 19
11 9
2 15
44 42
13 52
66 70
28 5
5 11
71 46
80 51
39 70
21 62
33 10
78 48
36 24
21 39
42 63
48 44
78 11
37 42
62 23
31 42
59 67
52 49
33 3
19 23
72 71
4 56
33 23
68 56
76 27
49 58
74 44
55 36
1 48
50 55
31 43
33 17
14 33
1 48
51 23
40 41
26 47
25 58
70 13
65 71
34 74
16 77
49 51
29 48
52 35
78 14
67 47
59 19
47 27
21 22
18 14
47 64
38 57
5 2
73 21
72 26
15 7
55 15
10 35
62 13
70 60
27 56
26 5
27 24
63 47
45 80
60 44
64 50
52 68
51 44
9 43
70 55
1 76
69 42
30 50
55 51
61 1
59 38
37 5
62 20
3 58
19 15
21 34
64 72
54 66
36 14
60 57
68 61
4 8
54 65
57 28
36 70
60 14
27 17
50 40
68 52
18 6
18 38
72 33
62 45
19 49
58 78
25 77
10 60
4 64
44 12
43 31
1 23
44 60
71 13
19 58
17 36
15 34
26 6
67 39
2 5
7 59
34 63
7 76
42 10
59 37
22 53
68 54
75 31
33 65
76 4
42 12
71 57
45 48
14 63
6 16
67 12
26 53
74 33
48 67
74 58
24 15
30 43
21 25
25 53
41 20
8 35
63 79
43 60
46 56
42 52
23 29
15 49
33 41
33 80
27 26
57 2
73 38
44 13
62 69
17 55
40 25
9 23
55 3
2 20
58 43
23 33
23 70
1 55
30 65
6 56
10 14
58 2
52 53
14 65
73 63
39 33
7 79
7 61
1 8
32 11
2 7
43 57
76 75
63 57
59 69
32 68
2 41
22 5
46 67
70 38
49 28
70 55
59 28
67 59
67 51
21 69
57 63
77 4
9 59
60 19
79 43
39 33
36 60
37 1
46 58
70 15
6 12
21 64
39 8
74 26
58 15
46 66
29 42
69 70
52 80
8 3
74 46
67 29
25 55
61 23
33 51
37 70
62 9
5 20
48 78
77 25
44 42
42 25
35 62
14 39
61 53
73 55
19 11
35 75
65 16
17 49
66 5
38 79
46 42
18 13
72 47
70 67
8 31
11 75
13 56
65 25
29 57
31 79
67 18
25 3
33 42
52 50
78 9
48 43
51 17
8 74
63 77
60 23
27 71
49 71
78 33
48 58
9 30
56 27
47 1
29 31
74 80
32 23
9 79
18 11
48 25
4 62
21 63
36 79
5 4
22 35
68 69
12 28
50 68
54 17
20 35
79 45
34 31
67 74
61 36
4 60
60 39
42 32
54 29
31 10
65 4
44 52
24 56
80 73
75 5
41 14
39 40
58 73
22 76
18 2
32 54
14 43
12 55
75 17
35 57
27 19
60 70
71 3
77 22
27 71
26 68
36 65
59 45
9 32
41 26
33 24
31 46
66 43
52 60
11 7
36 37
25 47
59 47
1 7
68 28
78 14
15 33
30 25
78 70
56 70
15 40
13 78
38 30
40 41
10 2
47 77
71 24
76 49
70 76
55 10
23 4
23 69
69 4
45 18
73 20
7 39
12 51
36 49
80 27
9 41
29 8
38 19
31 65
19 52
60 25
61 35
29 35
23 49
70 68
66 62
39 72
21 50
74 56
18 73
35 59
34 63
66 23
33 48
39 51
51 18
27 64
52 55
50 27
23 40
46 40
53 4
31 73
6 56
1 55
49 67
33 34
49 50
8 1
49 46
3 20
15 29
35 67
36 4
45 10
43 10
50 48
13 32
40 50
8 72
25 8
58 57
73 58
59 32
10 27
77 12
46 11
41 80
29 28
36 25
37 30
34 38
77 79
70 37
48 29
60 72
36 70
1 60
47 59
11 57
5 7
20 3
49 12
34 30
39 69
54 28
19 40
65 15
38 54
3 37
34 15
61 69
4 61
48 2
39 58

58 403
50 56
1 9
49 17
56 48
55 43
33 53
54 33
8 41
55 48
10 44
48 46
25 4
36 29
26 36
44 2
19 41
53 27
24 11
16 13
57 1
37 52
46 11
51 29
57 40
30 35
22 9
1 46
12 28
16 37
5 52
30 16
26 24
34 49
26 50
53 25
42 31
18 29
34 10
49 32
49 20
58 4
28 50
50 31
20 57
9 16
50 31
31 10
54 7
58 22
48 45
46 31
9 55
1 42
6 50
8 46
3 7
50 23
57 33
53 10
31 54
25 15
26 48
24 21
54 15
34 35
51 13
7 2
9 7
35 6
48 34
44 51
41 27
15 31
1 40
23 54
56 29
21 45
52 34
32 1
1 8
51 14
6 44
22 5
13 20
52 46
5 36
20 31
42 23
43 23
45 30
13 16
51 49
1 18
23 51
10 22
36 23
28 21
37 32
25 56
17 13
2 45
24 28
8 46
12 22
32 42
34 39
26 25
32 35
39 24
44 52
1 21
14 37
44 38
34 53
50 27
39 16
50 8
15 29
12 36
52 45
12 33
4 28
6 30
58 21
15 51
22 15
6 27
43 41
6 18
35 48
36 7
55 19
7 11
47 18
46 41
54 49
7 57
10 4
28 9
24 34
52 37
41 57
5 25
31 3
35 8
50 4
6 46
23 12
56 11
21 35
43 16
18 49
6 27
52 25
28 10
51 13
38 33
3 43
49 33
37 17
32 28
13 38
7 35
49 54
37 12
30 22
19 39
4 17
8 48
41 27
57 25
31 28
49 33
4 40
7 40
48 39
9 2
10 15
28 58
10 7
3 32
20 22
12 23
38 11
4 12
29 52
37 1
22 27
33 25
58 32
7 40
4 7
41 13
22 11
4 23
9 7
54 20
20 58
34 49
2 38
2 31
31 30
31 44
49 56
11 48
29 9
29 24
15 4
36 6
39 51
14 37
38 33
48 37
8 38
39 37
32 3
2 3
25 45
51 22
47 33
42 55
3 7
12 56
34 39
3 7
31 8
35 11
32 25
39 32
4 19
10 35
21 11
30 46
48 22
1 36
46 43
33 49
41 44
38 9
16 41
15 47
40 49
49 14
15 29
45 11
40 46
45 2
49 8
39 38
30 40
15 9
16 47
49 48
24 29
56 40
11 4
20 42
45 2
55 51
30 33
3 11
21 40
5 11
47 43
40 10
16 54
19 23
35 9
13 58
29 2
31 56
42 15
34 43
11 26
7 36
21 17
56 52
13 58
40 56
39 42
5 26
52 28
2 52
32 2
23 25
24 53
22 8
1 55
50 4
15 56
39 27
7 28
20 19
27 51
8 57
26 5
24 19
32 18
13 55
19 27
21 34
13 35
41 14
23 25
17 37
14 55
55 12
16 31
34 1
30 32
26 34
47 37
57 56
41 53
8 9
8 42
13 42
16 26
6 40
34 35
46 22
31 57
37 39
21 12
31 43
35 56
18 16
34 9
13 16
3 21
16 10
4 29
43 19
46 49
51 22
17 30
43 39
20 14
19 41
25 49
17 2
39 26
9 6
34 21
14 29
41 29
38 36
57 23
47 37
5 39
58 21
2 34
1 21
47 12
3 14
52 11
7 24
37 15
30 12
27 43
40 2
13 12
37 4
26 25
32 30
55 31
42 56
56 34
19 45
37 13
50 31
24 48
46 2
54 17
5 22
51 45
23 56
56 2
51 15
18 24
44 15
54 19
4 51
44 22
29 23
27 20
45 42
9 32
43 54
41 39
18 33
25 32
30 14
25 22
28 43
45 5
49 32
15 52
17 1
8 45
23 26
57 1
9 57

57 455
37 12
50 32
32 8
33 41
4 51
5 1
43 37
49 15
28 32
8 32
48 45
8 40
43 48
32 38
30 16
48 9
44 57
40 34
23 31
17 26
24 37
42 25
17 34
39 44
24 6
34 14
50 41
12 36
48 2
32 20
33 23
44 19
38 26
52 3
15 28
28 55
7 13
22 39
5 4
25 28
9 1
57 1
1 11
52 48
28 27
10 3
8 12
38 45
37 48
47 10
18 33
7 41
45 29
22 49
48 6
35 56
22 34
15 38
3 26
28 30
52 53
33 18
7 13
5 2
19 10
12 37
42 34
36 30
5 16
37 52
21 31
9 2
7 40
39 10
8 26
55 2
37 46
19 44
17 39
4 36
48 31
15 48
8 9
36 28
24 16
23 45
5 31
5 11
29 2
36 27
50 53
7 38
30 9
55 11
28 33
17 2
6 8
25 14
43 52
37 17
33 40
21 23
44 48
51 46
42 30
31 34
25 37
15 55
4 28
24 32
3 41
33 8
7 16
21 49
10 16
25 2
56 4
24 1
51 17
46 52
46 36
44 30
15 1
43 19
44 9
9 46
8 41
12 14
15 32
22 40
7 5
41 5
8 7
5 18
24 10
12 28
45 55
16 18
15 1
52 1
10 3
6 17
2 17
47 16
8 11
56 14
15 39
18 38
46 38
55 28
47 9
14 50
23 30
11 37
30 21
53 55
24 1
31 41
34 36
57 41
5 14
54 35
11 30
15 10
13 42
16 37
15 24
2 3
50 54
32 14
50 46
53 9
35 36
42 13
51 25
17 7
37 51
18 25
8 48
35 36
49 9
16 6
48 33
8 41
30 55
54 38
2 49
46 36
43 47
48 37
14 23
43 10
16 19
34 40
26 27
18 17
51 49
22 42
25 45
25 13
1 37
50 3
44 54
38 29
43 45
8 16
26 10
25 1
28 17
40 53
44 16
28 53
24 8
37 48
52 20
19 53
56 11
55 1
7 51
30 9
54 37
24 39
46 7
39 33
23 37
44 25
11 15
21 34
22 16
40 33
36 1
28 50
27 41
51 50
50 23
1 6
18 40
44 23
46 41
55 27
20 57
11 46
30 47
23 11
5 2
56 22
45 49
48 28
1 40
36 39
56 57
56 38
2 21
42 34
28 20
50 54
9 22
43 31
48 6
51 49
5 31
36 12
22 12
20 17
9 19
16 7
15 18
28 57
2 20
43 38
12 39
46 50
24 35
56 45
28 48
49 18
42 19
39 7
46 17
39 54
35 54
20 9
14 6
24 32
25 9
12 53
6 16
45 29
50 43
32 36
49 40
53 50
1 50
15 6
10 53
18 3
49 37
11 22
42 34
53 10
42 23
5 47
38 8
34 46
9 25
24 17
7 36
9 23
28 23
28 37
18 46
40 9
25 9
46 10
43 57
35 43
22 55
49 18
21 41
6 29
8 46
4 14
24 12
37 51
34 23
47 10
11 29
35 52
37 23
20 38
23 54
24 3
10 31
21 30
14 42
17 22
30 21
51 53
48 46
47 41
28 36
50 38
23 27
48 18
9 10
56 47
22 38
49 31
11 12
19 24
13 52
4 42
15 14
38 21
18 43
4 45
37 54
42 2
39 32
35 47
1 33
36 22
29 44
12 39
14 30
22 26
24 41
11 54
54 7
18 31
49 21
18 28
33 2
45 15
50 22
20 50
14 15
14 42
17 41
24 30
14 4
56 53
44 25
9 57
31 26
30 22
5 47
8 38
8 52
11 57
32 46
49 45
19 21
46 35
5 28
24 34
31 22
29 17
5 37
32 35
21 4
56 26
51 22
22 17
16 48
16 6
52 23
10 14
43 55
7 6
25 30
39 14
51 27
46 14
22 21
48 43
24 5
27 33
26 7
49 57
54 23
6 48
45 15
20 47
28 27
52 11
56 34
24 9
19 12
22 40
32 29
25 15
33 10
6 2
16 55
17 28
36 38
35 24
11 13
29 38
39 23
48 54
15 30
21 33
42 1
16 32
29 56
5 9
11 22
40 24
38 27
2 35
4 41
45 16
12 26

24 276
11 4
24 17
1 4
11 10
8 24
9 24
12 19
6 7
20 5
24 13
10 5
20 1
11 5
23 20
7 24
10 17
19 2
1 19
21 11
21 4
3 5
19 14
15 17
20 10
21 11
14 6
7 10
22 17
6 12
13 12
4 14
20 22
15 21
9 11
23 5
6 1
1 14
15 17
1 16
13 3
5 10
10 14
23 2
19 10
14 22
13 4
10 3
10 6
3 21
20 7
2 21
23 18
2 13
2 3
20 6
21 24
15 6
6 5
8 16
15 13
6 19
8 15
21 18
12 23
6 7
21 23
3 11
17 21
23 18
15 10
24 11
10 6
17 7
11 16
22 17
20 3
11 4
9 24
13 20
14 18
3 8
21 13
16 17
4 10
7 13
1 10
14 22
18 20
24 1
10 16
20 4
3 15
13 18
3 8
7 12
2 9
20 23
22 11
7 1
12 6
5 4
15 19
2 8
6 1
8 15
17 19
11 10
23 20
4 22
2 16
16 11
11 14
24 13
12 16
1 9
20 4
23 14
21 22
20 22
21 2
6 8
12 8
9 2
3 12
24 4
3 15
6 5
20 21
18 23
12 10
8 13
22 13
10 12
24 23
24 2
20 7
5 3
15 7
5 3
22 24
21 4
22 18
15 18
11 5
6 20
12 5
24 2
17 1
13 9
23 12
10 18
11 6
12 17
4 8
19 17
24 8
12 21
1 2
6 3
7 3
14 10
7 13
11 16
6 23
24 20
3 1
14 13
22 17
5 2
1 16
18 24
15 6
12 15
23 17
17 21
20 6
7 18
10 17
1 15
8 24
11 10
16 14
14 8
10 7
24 1
16 23
15 13
2 21
12 19
5 24
6 2
6 15
12 15
16 18
22 15
20 23
23 3
4 12
3 13
10 2
6 1
17 20
14 18
9 17
4 13
16 9
7 14
24 18
20 7
3 9
13 15
7 11
17 2
14 19
14 23
21 19
24 5
7 5
22 15
13 18
19 4
18 1
9 10
4 15
5 12
4 19
10 14
11 4
22 1
18 10
11 9
14 17
5 3
23 17
20 10
13 14
10 21
22 12
17 5
8 4
8 2
14 13
4 16
8 1
16 2
2 19
10 7
11 7
10 2
23 21
11 2
12 24
16 15
16 20
22 19
3 23
24 15
19 16
23 11
23 16
13 17
17 19
20 23
20 13
22 9
23 24
10 2
23 17
17 14
12 6
1 6
21 24
13 15
7 3
1 22
18 5

