20
91 236
41 78
5 9
18 70
38 35
47 49
70 28
13 83
14 57
39 10
53 35
34 33
22 79
63 51
54 57
34 89
60 74
56 69
1 34
69 89
43 26
67 70
39 79
25 15
45 63
24 60
6 21
56 82
8 81
41 62
46 74
22 15
20 40
46 20
73 23
17 78
49 84
57 50
34 44
27 41
15 13
10 75
33 65
65 4
17 68
65 62
14 49
39 33
88 84
52 32
70 68
18 81
23 37
39 20
43 28
60 58
40 32
4 36
59 31
39 75
7 66
46 20
23 47
15 73
40 66
67 72
6 84
61 82
84 62
10 35
89 70
55 91
10 58
89 69
51 36
52 21
64 60
3 49
70 18
30 18
46 5
52 51
52 21
42 7
82 14
41 42
83 59
41 56
79 39
87 39
37 10
59 10
33 61
58 11
41 51
82 87
18 42
46 69
62 50
75 15
27 79
56 72
46 59
90 33
60 85
71 6
58 1
69 90
25 89
9 65
48 53
60 66
3 69
6 27
81 44
41 16
31 5
51 39
26 49
71 86
43 14
54 63
68 31
61 1
28 32
66 39
84 88
67 49
28 72
38 72
78 50
17 45
9 18
70 58
89 27
63 65
80 34
41 19
57 5
10 88
33 48
43 29
23 54
57 91
91 44
40 49
23 84
58 41
25 24
1 52
49 65
3 82
68 76
47 72
85 6
13 4
11 5
80 64
24 45
63 23
51 11
71 37
57 37
77 44
23 40
58 71
67 61
24 43
45 33
78 1
1 53
4 11
57 46
74 43
53 8
65 13
18 8
49 37
7 88
81 30
36 47
63 11
70 50
16 23
45 56
77 46
18 43
56 37
88 39
80 50
46 16
25 27
77 36
26 84
86 15
76 30
25 10
3 59
72 80
13 37
65 21
17 76
53 13
23 4
25 32
74 49
21 59
47 46
14 41
61 89
70 48
8 35
50 29
16 38
4 52
12 24
68 28
9 83
3 85
87 28
79 32
39 8
90 86
54 67
35 77
64 68
33 34
11 82
26 80
83 29
3 57
16 33
84 78
25 49
34 74
39 22
14 78

100 486
74 18
18 20
49 73
53 52
49 66
13 71
30 31
70 74
100 82
2 26
23 64
38 59
96 24
95 37
17 13
48 90
30 17
61 31
41 66
82 42
31 46
12 28
81 85
27 14
39 52
36 2
42 47
50 65
93 86
33 57
85 74
39 54
34 69
94 51
2 35
81 100
47 45
27 79
29 54
45 19
57 32
21 50
78 70
66 23
7 98
79 92
71 69
97 57
89 90
7 91
77 40
42 75
84 68
5 64
73 49
83 82
81 55
31 10
24 97
32 30
46 63
73 69
31 69
77 72
11 35
62 39
74 55
13 9
22 17
73 47
18 7
28 98
61 58
59 36
6 43
17 52
5 42
72 87
62 48
58 72
82 71
10 56
25 74
16 99
91 40
45 60
98 72
9 58
81 67
45 39
9 62
42 65
55 13
4 16
60 13
88 93
84 49
100 60
23 16
10 65
55 54
76 53
77 84
62 10
50 59
48 11
72 89
27 26
53 30
41 12
43 80
56 78
29 56
37 3
71 47
19 77
52 94
81 77
95 90
78 53
89 88
24 29
15 49
81 44
41 92
38 21
47 15
49 54
4 3
24 50
21 53
53 14
33 85
90 27
26 19
31 14
7 6
42 73
54 22
16 95
65 6
67 64
20 15
17 23
69 93
24 89
97 29
54 29
13 95
8 39
13 90
4 19
96 98
91 49
71 59
95 88
16 61
3 35
27 71
10 95
63 33
35 11
13 88
40 26
82 99
16 47
88 71
65 83
68 8
84 91
18 30
78 33
43 80
19 21
50 28
16 65
61 2
75 73
42 66
50 75
64 17
21 4
88 38
38 7
45 73
97 14
3 26
46 45
5 64
17 7
92 84
71 4
86 97
28 27
63 30
1 78
46 74
33 85
11 71
92 55
43 40
20 97
66 65
93 70
80 10
28 23
93 50
26 78
47 6
56 61
35 9
90 80
82 23
17 44
45 8
50 87
47 69
36 12
33 28
34 64
37 61
87 30
63 64
59 9
69 67
21 55
27 10
87 60
32 3
3 76
10 52
15 8
20 50
72 4
77 5
67 66
17 53
47 31
17 57
39 37
23 59
92 1
21 30
60 52
32 62
80 93
13 94
100 32
95 71
35 23
27 2
88 96
6 86
26 74
43 17
11 17
27 54
18 47
83 77
51 14
39 30
6 3
75 57
35 69
80 21
43 6
22 31
53 80
68 31
53 10
47 63
27 25
68 96
72 50
72 22
15 62
3 72
65 77
29 99
97 60
71 39
17 93
21 70
24 89
52 76
50 91
76 74
58 23
97 60
95 70
26 8
72 98
72 100
78 22
96 37
93 87
5 37
59 74
60 47
77 87
49 26
77 24
52 87
99 48
46 45
18 71
52 89
20 24
41 97
97 36
85 41
74 90
77 85
15 88
31 44
75 31
69 51
7 20
37 5
20 34
49 37
5 100
77 76
75 17
73 72
5 9
12 78
50 41
62 17
28 45
60 2
27 28
5 33
100 41
37 19
75 85
55 31
85 83
6 11
100 30
82 4
91 46
33 40
86 47
56 65
43 15
67 69
95 23
2 46
63 38
64 89
23 70
71 59
52 29
69 51
58 3
6 100
48 39
40 85
85 47
49 79
14 67
47 8
89 100
53 4
38 68
44 12
37 67
22 40
95 42
91 52
44 96
52 43
86 43
79 22
89 80
100 54
98 99
13 39
98 17
94 87
84 37
50 72
3 23
12 97
65 54
1 60
1 4
55 39
98 33
60 38
64 12
92 62
10 4
52 59
21 45
98 56
81 99
28 36
22 91
84 38
44 36
97 96
39 51
34 88
36 94
26 51
57 69
12 18
24 63
76 44
59 25
52 40
24 31
27 97
21 10
34 16
46 30
11 36
33 45
24 20
90 1
70 46
69 34
15 92
48 90
88 7
67 91
98 42
21 24
38 41
33 71
56 30
52 18
66 36
14 89
7 55
41 77
100 9
62 66
52 61
56 91
67 74
81 16
15 1
39 4
41 24
74 48
5 77
66 70
65 79
10 71
34 50
47 85
10 60
51 62
21 58
4 39
83 85
55 97
85 45
100 78
20 25
25 53
90 46
17 21
56 88
6 57
86 42
67 46
92 80
18 1
83 56
83 67
62 31
4 59
82 81
30 58
57 6
11 47
52 27
19 59
66 76
67 52
17 85
49 61

82 435
41 47
53 82
55 7
2 28
11 74
74 58
31 3
42 41
59 69
58 75
25 45
52 3
74 78
50 54
9 35
13 57
8 12
30 14
15 57
26 8
51 1
39 53
42 81
29 30
56 23
54 19
76 57
12 71
26 64
43 36
16 55
11 23
68 40
38 2
16 63
10 66
64 50
36 25
48 64
57 22
6 28
42 81
4 53
70 29
36 30
65 52
4 75
76 71
32 74
49 12
1 33
77 52
70 22
18 52
78 39
57 23
82 56
27 54
45 57
8 74
39 61
77 33
54 67
66 5
58 33
19 59
65 13
28 52
34 47
23 31
5 82
54 4
57 82
60 19
56 67
10 15
47 6
47 20
72 31
25 47
65 43
25 49
57 55
20 11
19 45
41 24
44 14
29 20
15 6
40 73
74 51
5 38
56 53
58 45
3 82
9 67
44 34
33 20
8 53
32 26
15 75
49 60
8 78
81 23
3 38
13 77
6 19
32 61
71 7
23 76
8 33
60 53
68 13
73 75
65 24
21 81
16 69
60 24
66 58
48 69
13 60
63 18
78 12
80 68
21 22
61 30
54 41
1 42
53 75
36 37
16 56
37 34
45 14
59 28
71 24
16 3
1 78
22 80
10 19
67 32
42 46
61 15
6 61
56 58
55 12
12 73
67 48
24 29
63 82
59 53
23 74
55 25
72 78
24 1
16 8
32 57
55 12
71 60
75 45
37 47
58 48
37 42
15 60
73 77
61 51
47 3
44 21
27 33
18 50
35 33
60 66
7 32
78 12
72 42
48 36
17 16
73 60
30 52
52 27
33 20
75 35
64 14
62 16
31 51
66 8
36 72
42 33
69 55
22 28
20 58
46 35
50 24
67 21
77 11
53 15
3 6
80 18
69 13
51 19
65 34
29 19
25 70
53 12
42 75
41 63
52 7
18 19
32 2
41 26
14 12
42 16
17 39
36 5
54 6
23 36
41 51
56 65
40 27
78 1
19 39
64 70
45 81
8 76
2 48
21 15
61 63
32 77
19 67
1 72
74 24
28 32
76 1
17 34
29 14
34 47
52 17
36 16
17 45
11 18
13 32
32 73
14 66
70 34
52 70
26 44
13 53
77 7
55 11
40 2
27 75
50 80
12 6
14 28
50 26
46 64
59 79
55 72
62 44
24 32
31 49
77 46
21 71
52 75
2 11
78 28
5 46
25 16
53 40
46 22
66 9
4 44
7 60
34 71
21 59
22 53
27 16
16 47
4 69
41 5
81 37
34 4
2 59
21 54
16 66
75 1
76 80
45 3
57 80
73 77
58 12
50 2
29 67
50 34
54 8
39 54
46 74
57 49
50 80
20 68
63 15
68 59
12 32
61 69
29 53
65 6
66 32
7 12
19 56
45 72
66 3
43 31
77 20
80 46
19 31
1 35
19 59
47 50
39 35
81 9
17 4
74 51
11 5
69 68
50 60
53 54
22 4
50 43
1 14
61 21
46 62
56 64
38 22
32 79
56 30
5 74
33 81
42 45
3 30
33 54
7 3
26 31
8 77
73 8
8 52
31 54
31 4
35 70
25 68
66 82
15 73
73 50
71 33
14 73
64 46
45 73
51 72
21 58
66 11
68 76
62 16
49 12
21 3
2 47
71 67
46 5
57 38
54 47
72 68
38 54
33 2
44 1
75 66
61 58
76 46
53 58
63 19
71 3
24 72
51 12
59 16
16 35
53 72
82 43
59 39
16 11
40 61
12 32
44 74
9 37
39 64
14 19
82 3
23 76
75 36
52 8
54 5
62 45
6 24
21 44
39 31
3 17
44 36
60 35
46 17
75 27
30 13
29 34
35 53
28 27
7 81
36 60
3 16
22 10
39 44
55 80
76 59
16 40
12 78
76 58
14 69
2 45
81 30
79 34
1 26
62 9
24 18
70 27
35 11
38 75
56 11
72 49
71 8
6 1
3 82
60 16

2 1
2 1

46 54
35 13
5 11
31 16
44 27
2 38
4 38
25 12
30 31
35 5
45 27
37 26
20 2
45 2
27 14
46 13
35 28
25 33
32 3
2 29
29 3
14 27
34 32
32 17
17 14
21 15
40 5
34 7
6 32
9 27
39 2
39 27
30 11
7 9
8 32
36 4
45 10
38 25
42 8
35 9
29 3
43 27
30 3
27 9
5 7
1 7
39 22
30 43
28 32
4 30
17 34
33 10
43 18
34 32
26 22

15 105
5 3
3 2
4 15
3 8
14 6
8 10
4 8
1 4
1 15
4 5
11 4
11 12
2 12
2 10
8 12
6 10
6 14
6 13
1 13
11 13
5 13
2 4
5 12
4 15
14 1
10 2
3 13
10 14
6 4
14 2
1 8
15 14
13 12
14 2
14 12
13 3
13 1
7 9
12 11
15 10
3 1
4 5
14 13
10 11
9 8
13 9
8 4
8 12
15 13
6 5
9 3
8 13
11 14
13 14
1 12
8 10
13 3
6 3
8 1
13 8
15 2
8 14
5 15
3 4
5 8
9 13
2 8
11 12
6 8
2 7
12 2
8 9
4 14
11 14
15 10
5 2
3 4
6 9
13 2
13 5
2 11
6 9
13 10
6 5
11 4
1 12
12 1
8 10
3 10
15 3
5 11
4 7
14 1
15 3
2 13
7 10
15 5
3 12
14 1
8 1
4 1
5 7
1 12
1 4
6 7

95 489
8 76
36 48
56 68
86 95
80 27
94 14
51 84
2 36
16 29
2 59
29 48
56 37
69 73
12 9
75 64
16 82
41 48
34 1
20 24
92 4
51 88
14 3
73 12
36 88
41 34
48 66
81 8
4 54
78 15
59 57
75 74
43 20
27 73
18 46
2 14
47 49
6 57
48 75
69 83
67 14
21 20
76 6
24 80
56 6
91 20
62 71
93 6
87 21
79 9
67 77
20 15
27 22
71 74
2 44
59 68
54 79
87 32
82 16
16 42
21 8
58 80
75 53
85 67
73 65
72 44
46 91
58 72
18 31
48 19
74 11
86 30
89 75
61 72
90 73
16 12
80 73
88 57
30 75
25 8
44 1
48 87
92 8
60 11
38 12
29 13
22 16
42 13
90 7
81 76
1 90
61 71
82 19
5 61
43 9
7 40
54 93
33 58
54 43
92 66
68 9
84 48
93 75
51 79
58 32
76 52
89 51
35 12
53 93
51 58
4 90
16 93
28 73
51 70
66 21
40 75
7 28
24 4
4 74
79 61
7 60
14 95
12 49
8 64
46 58
24 46
53 39
43 77
14 93
48 79
16 87
55 22
16 75
22 20
54 3
77 57
62 91
57 70
41 64
36 83
27 59
33 76
94 75
57 12
69 9
88 84
1 44
7 16
24 26
32 74
28 14
35 86
6 88
60 46
57 95
33 80
58 65
60 57
41 18
65 14
26 54
95 23
95 3
36 23
28 67
93 52
77 29
42 79
22 4
29 78
3 58
62 58
24 23
16 61
40 77
75 62
36 71
85 35
73 25
54 3
88 51
54 67
79 93
50 5
1 76
79 95
35 42
57 59
61 69
24 5
51 95
64 86
67 53
22 45
74 75
44 63
27 2
34 7
94 81
9 91
61 84
91 95
31 49
55 88
23 76
90 73
72 58
60 44
12 81
85 57
30 49
80 31
83 86
27 65
91 19
30 80
14 26
12 60
78 4
82 55
93 56
31 55
20 71
66 2
57 52
55 86
6 39
19 85
26 42
54 22
60 80
6 71
7 17
35 84
20 18
43 18
73 71
69 89
43 40
87 2
91 46
87 93
84 7
82 11
48 40
32 10
21 37
80 28
50 16
13 70
33 53
84 7
28 57
95 67
93 83
68 86
33 57
83 18
60 70
28 10
11 57
19 32
93 95
56 45
15 68
16 44
25 4
50 52
57 46
21 55
30 85
45 62
46 32
76 8
3 5
17 11
61 35
39 56
31 94
2 42
66 17
85 91
17 36
44 73
78 64
29 12
51 73
70 1
7 47
8 6
48 21
16 11
52 54
63 82
52 64
28 20
80 14
15 1
46 58
70 28
24 4
36 74
76 10
71 79
53 76
85 6
1 2
16 50
53 78
36 6
46 61
25 27
71 39
24 22
94 93
49 19
1 82
89 74
91 64
57 49
41 43
54 39
42 66
88 94
48 25
4 90
85 29
21 61
64 44
79 59
41 32
77 39
15 67
17 11
36 70
56 73
15 11
16 56
76 5
51 28
30 51
19 16
79 39
73 45
79 56
5 21
85 79
59 4
50 72
14 82
44 66
60 55
76 72
15 53
74 62
77 8
17 95
23 93
38 1
42 18
53 43
39 42
26 94
46 76
71 56
62 16
27 23
70 4
95 81
57 73
47 38
77 63
38 1
60 72
93 3
90 51
43 33
92 68
28 42
48 95
3 12
15 26
34 84
29 33
66 85
7 17
28 83
77 62
84 38
38 78
38 29
33 80
58 30
52 86
68 2
85 67
13 5
92 46
85 26
76 56
15 82
69 39
67 50
5 52
88 40
34 30
68 67
14 31
93 62
21 65
63 10
37 75
11 30
23 1
55 3
53 70
81 26
10 52
76 15
8 65
54 39
94 26
10 9
53 4
70 73
65 38
80 3
14 90
33 36
87 35
41 58
21 67
68 69
44 79
74 13
34 17
11 56
23 16
14 23
85 83
87 24
67 90
38 59
27 70
47 15
7 88
73 27
59 42
92 4
25 67
16 55
80 26
15 7
41 28
26 27
16 18
51 79
12 85
42 35
56 86
49 62
78 23
85 38
64 82
41 85
53 56
44 35
78 59
41 20
83 67
43 3
81 90
79 89
79 25
28 40
12 73
6 89
93 91
28 61
74 65
48 28
22 91
62 4
51 5
20 39
68 60
38 53
54 21
43 38
43 67

66 477
63 17
31 36
23 65
18 29
45 11
42 52
47 34
61 40
29 49
53 2
28 51
65 1
11 33
55 57
31 49
54 45
11 16
15 32
14 30
60 56
40 35
42 19
2 34
56 29
14 43
30 41
27 28
41 36
58 27
26 20
8 11
65 18
27 11
49 38
38 42
26 10
9 65
26 10
30 15
36 43
55 66
17 14
25 56
49 17
14 8
34 21
19 30
39 43
38 19
12 8
61 37
17 1
35 40
10 64
54 46
38 41
43 53
54 65
42 36
13 55
41 47
8 57
10 46
33 46
64 45
53 56
13 3
54 46
42 64
41 27
41 13
1 15
65 52
13 40
19 26
26 60
6 33
48 13
10 15
58 6
57 44
59 1
44 47
46 17
42 21
42 16
33 40
28 31
26 40
2 44
65 25
35 2
56 17
13 65
29 4
2 17
46 61
17 21
39 61
38 14
15 11
27 45
50 54
7 25
6 51
22 30
17 23
19 31
35 16
59 37
17 9
14 9
24 34
47 18
3 60
30 13
18 8
63 3
12 3
28 17
51 49
46 66
3 63
30 36
12 23
4 26
29 17
35 50
50 13
65 53
5 28
63 22
33 59
25 44
60 50
58 42
32 36
41 34
32 5
1 41
25 4
64 51
20 30
35 2
43 33
54 47
59 50
2 25
41 24
1 32
7 58
7 36
27 48
2 56
50 2
28 6
6 26
56 23
55 22
24 31
53 9
9 45
57 9
1 31
32 65
60 37
57 66
6 15
45 7
3 26
7 30
31 10
53 19
32 42
40 54
4 24
62 13
66 52
19 65
14 50
63 7
18 51
5 22
64 49
28 66
9 32
27 37
41 14
55 7
53 27
58 56
50 53
66 48
37 18
46 50
66 42
55 17
25 59
36 22
41 64
21 47
27 47
18 2
58 6
6 44
30 63
34 14
47 31
61 17
47 38
65 46
11 53
60 35
45 30
56 17
25 8
62 49
53 13
50 44
16 53
22 46
49 53
57 28
15 49
44 61
20 40
38 30
26 30
63 2
57 50
19 13
58 14
61 42
24 45
19 39
29 38
16 10
24 6
37 54
12 31
5 52
1 33
11 30
29 11
20 10
29 30
65 40
24 40
61 66
57 33
29 28
47 38
50 52
6 20
38 17
48 40
2 48
6 11
11 32
21 28
40 47
57 38
18 13
12 2
42 40
27 22
9 10
6 14
27 41
29 9
12 28
56 18
38 65
47 56
24 20
34 13
58 51
25 1
60 36
66 34
8 26
53 14
34 56
26 60
30 54
2 42
15 56
57 51
54 35
40 11
55 6
23 44
54 45
42 48
15 41
13 20
64 65
33 29
55 58
21 16
43 22
55 58
9 45
42 62
14 13
5 66
18 25
41 4
2 16
51 16
54 63
33 49
59 63
10 47
55 30
63 31
49 20
58 28
59 51
39 6
53 36
21 12
8 24
11 21
6 26
6 66
56 54
59 52
63 37
38 24
31 1
7 14
20 64
39 13
48 9
16 35
44 36
44 49
58 54
3 63
11 8
63 66
59 53
49 56
23 21
13 52
21 19
65 38
14 37
48 62
43 63
28 18
31 5
66 22
58 2
18 66
9 12
63 1
62 45
54 19
65 4
17 15
66 55
29 34
36 22
10 31
49 27
61 51
26 16
40 25
31 39
33 41
35 31
36 13
17 52
10 13
53 26
27 52
12 53
17 46
6 26
10 54
50 2
38 7
15 9
31 43
47 61
17 15
26 53
26 40
38 35
52 23
58 12
8 4
63 23
47 2
48 54
54 30
55 23
36 3
32 1
45 12
59 60
25 18
44 50
55 13
16 40
35 7
50 41
8 46
63 52
45 42
39 32
5 27
55 41
27 20
39 4
29 31
63 53
47 40
34 35
52 47
9 19
52 56
59 35
55 45
13 30
17 43
35 42
31 7
66 48
43 3
10 7
63 51
36 28
20 9
26 38
60 15
28 50
47 16
26 57
43 41
33 11
16 63
15 42
57 16
52 62
12 46
46 7
63 15
22 34
8 34
59 56
12 8
15 3
50 55
35 59
2 30
5 15
5 62
30 54
57 41
33 34
20 40
31 14
54 50
47 60
16 37
47 27
44 61
29 26
48 62
16 47
23 20
61 27
13 24
13 3

31 392
29 7
23 24
5 1
14 23
12 29
26 22
8 14
6 5
28 6
5 22
22 4
5 2
6 1
18 19
8 23
25 5
29 17
28 31
15 8
21 24
6 15
14 13
26 17
15 23
23 20
11 21
15 12
24 14
27 11
21 18
5 25
16 19
19 13
31 26
2 23
29 14
3 8
9 19
23 29
8 11
8 18
29 21
28 20
3 23
30 21
10 1
12 23
17 30
4 16
22 6
7 20
17 9
27 25
26 18
22 2
26 28
18 22
15 14
10 15
5 6
4 12
7 15
3 23
11 5
6 1
8 10
18 24
19 12
18 11
29 6
10 22
31 27
12 7
21 26
12 26
27 21
30 8
24 20
18 26
25 17
2 3
3 25
19 14
9 29
10 13
8 29
10 1
9 22
8 27
14 17
19 10
6 18
17 27
4 2
21 28
18 20
28 18
14 16
30 20
11 6
1 16
3 11
17 9
30 22
4 12
5 22
21 8
6 5
4 9
6 22
3 21
11 31
7 22
13 5
10 23
10 11
6 10
19 20
18 17
10 21
28 12
10 16
19 13
18 20
20 23
11 22
12 19
19 16
9 29
19 16
19 28
24 5
11 12
22 25
19 10
20 30
19 2
17 29
19 6
17 8
14 6
17 30
22 1
7 20
19 20
7 14
13 30
18 21
8 15
26 17
1 24
2 7
29 18
10 14
25 23
17 10
21 8
10 25
27 14
31 7
24 29
24 13
3 29
25 28
13 25
18 12
24 9
10 3
21 3
23 6
10 11
11 18
4 13
15 3
17 7
29 9
20 31
4 13
25 14
5 11
26 28
2 1
5 4
21 7
24 25
15 3
2 1
5 6
11 19
6 27
26 2
2 12
1 3
22 24
17 26
3 9
21 2
9 25
5 28
29 27
21 12
29 20
10 2
25 20
21 29
13 30
14 22
28 17
12 20
31 5
21 8
25 22
16 18
25 12
15 20
30 25
17 19
3 17
10 21
4 5
2 14
3 14
4 31
28 13
17 27
17 6
3 10
28 16
25 21
28 7
9 24
31 23
9 31
6 19
18 9
21 18
22 24
31 25
21 25
7 6
20 21
10 20
31 6
4 22
24 29
28 30
20 25
21 28
23 27
13 9
2 3
26 24
24 25
15 13
16 19
16 4
7 25
21 6
30 23
25 20
18 22
18 6
13 8
1 4
1 13
13 31
13 7
21 5
30 5
15 14
21 31
16 27
22 5
30 19
27 22
7 14
12 25
17 22
30 17
26 28
28 7
27 9
11 17
12 9
19 26
21 6
23 5
31 14
7 29
1 19
5 12
28 29
28 19
25 12
13 21
8 17
17 16
25 31
27 1
18 20
21 23
11 23
22 27
18 22
27 3
25 5
29 22
2 16
16 13
26 5
20 9
19 2
2 18
27 2
2 15
20 23
23 9
11 14
5 28
2 29
29 26
3 26
17 4
8 30
14 31
1 31
8 18
30 7
2 25
9 4
6 26
24 29
4 3
11 8
29 10
5 26
5 7
18 19
8 25
15 19
24 15
16 29
30 15
4 1
8 10
2 12
5 25
9 6
25 17
11 22
26 13
14 28
20 31
15 25
22 27
11 12
11 26
9 7
9 11
7 15
20 8
26 22
30 1
27 24
15 6
14 7
17 26
4 5
23 16
27 14
12 6
25 20
1 26
7 11
31 21
30 7
13 21
4 13
14 27
25 18
7 1
3 1
4 5
24 17
29 4
26 4
28 14
2 28
7 8
5 6
27 4
10 8

91 176
50 7
63 16
21 82
18 7
71 11
48 14
65 84
75 37
66 91
1 22
49 7
29 35
1 41
25 9
62 56
33 74
62 58
89 83
48 70
52 82
43 63
4 16
18 79
16 83
78 16
67 89
22 4
86 76
8 73
84 69
37 79
14 62
46 65
53 2
43 67
46 49
38 50
27 55
91 42
9 77
57 75
37 41
42 86
79 49
67 72
80 13
59 2
74 13
66 89
69 72
27 23
83 28
35 18
82 34
23 54
73 42
91 19
46 41
13 33
52 79
13 40
54 35
41 90
10 70
50 78
50 77
64 41
13 61
21 57
4 43
19 76
85 73
57 39
22 69
71 74
20 47
22 36
81 26
35 90
4 47
40 16
32 66
56 7
35 76
64 38
28 45
77 75
26 42
22 11
74 55
47 2
10 68
37 53
56 34
15 22
81 17
37 75
82 55
82 79
3 17
80 30
24 65
67 13
69 51
23 51
14 69
15 78
8 52
39 27
48 16
48 37
32 48
21 76
11 65
64 13
81 15
5 13
42 71
25 19
30 10
33 7
41 47
84 49
61 85
75 18
10 85
17 4
41 91
80 52
64 15
27 16
83 86
83 33
65 70
14 58
80 46
64 29
56 19
40 25
12 77
5 21
71 76
79 74
75 67
88 11
44 24
26 35
18 17
30 45
50 43
65 38
52 91
29 16
18 32
3 30
17 62
13 50
46 91
33 29
29 2
35 15
28 32
86 7
61 40
56 67
13 56
27 67
48 5
84 79
61 76
58 31
89 71
76 51
12 68
43 3
69 40

99 445
84 18
97 91
55 78
20 12
45 93
95 38
82 35
75 31
90 23
86 20
85 36
54 95
66 50
5 62
88 1
92 72
18 89
61 71
67 79
82 10
72 75
47 53
8 20
83 97
43 67
17 28
1 69
22 66
19 26
29 5
26 21
74 41
10 36
10 74
15 89
84 64
29 37
70 49
18 67
91 85
82 17
85 49
38 50
67 61
78 70
84 98
44 26
6 79
35 79
91 23
61 76
86 90
11 56
39 27
22 28
12 2
44 94
50 80
44 15
41 20
84 26
18 29
49 21
6 81
1 97
4 61
71 88
49 81
42 87
8 61
15 17
62 57
10 37
51 25
75 71
7 98
86 35
47 8
39 27
6 36
28 64
7 16
14 85
58 98
93 19
12 8
79 68
17 88
3 68
11 77
39 18
76 23
50 21
30 86
47 33
22 75
95 26
88 9
12 44
5 3
61 16
10 40
81 27
26 83
92 35
59 29
52 33
51 99
53 79
86 98
10 6
71 5
32 57
13 41
2 16
43 62
31 50
99 13
74 23
93 66
57 50
92 7
82 44
7 36
21 90
32 30
95 3
35 25
57 45
63 58
60 6
20 89
54 17
99 28
40 92
92 94
43 84
2 23
26 6
58 46
95 87
74 88
87 9
14 45
51 76
3 12
80 21
98 34
35 97
59 74
87 51
69 30
34 68
53 59
73 9
4 66
96 77
54 81
85 65
26 34
40 29
43 20
47 41
51 81
38 8
54 26
57 21
53 90
88 4
49 61
11 52
27 7
29 78
85 12
44 12
46 83
38 86
1 84
28 49
63 65
54 17
88 11
37 42
1 23
43 48
81 53
99 8
59 27
84 43
36 28
54 79
9 91
66 7
73 93
55 34
56 9
49 45
18 85
84 18
7 27
65 87
80 63
95 37
89 77
79 25
5 33
5 13
22 70
17 92
61 71
27 17
77 73
61 94
58 45
11 62
72 75
50 52
38 43
88 25
20 68
50 24
98 52
34 19
20 50
11 80
19 35
96 93
8 56
88 64
98 96
26 70
71 75
20 8
18 7
32 35
72 79
58 70
31 89
86 48
37 95
28 55
28 23
49 34
78 35
97 76
31 21
45 99
94 62
7 10
68 39
45 40
18 1
9 47
90 92
94 27
87 23
80 16
43 29
49 19
61 44
94 89
64 37
88 56
99 95
64 65
32 9
4 49
9 12
95 96
2 88
22 89
11 2
5 53
28 51
69 88
94 61
75 56
98 63
13 95
56 74
60 87
82 61
35 88
70 28
83 72
16 5
61 24
6 63
74 31
14 43
19 8
5 91
61 1
52 71
95 9
45 53
93 25
15 26
14 82
52 96
54 65
98 15
89 4
75 61
34 88
5 50
93 7
39 55
7 90
24 99
98 69
50 90
93 62
14 5
45 65
98 31
96 12
18 97
86 78
29 75
80 78
66 84
15 19
90 6
43 87
2 10
38 91
1 97
4 42
68 2
39 96
98 50
14 93
36 90
23 9
68 98
73 53
14 91
41 19
32 29
20 39
64 10
40 59
13 43
2 78
42 40
75 38
87 86
32 21
74 54
28 43
52 1
95 65
89 34
81 20
60 2
58 24
11 95
81 21
36 82
98 76
20 71
14 5
56 45
25 30
98 50
70 49
50 63
14 38
97 95
55 57
94 11
79 3
7 60
23 40
40 19
16 57
88 28
61 44
72 83
71 69
34 42
18 81
5 29
17 99
22 71
57 16
82 36
16 86
93 36
26 33
55 40
87 41
67 48
82 37
29 53
6 62
92 21
42 97
50 58
96 71
30 51
85 12
84 1
95 77
37 21
8 89
58 94
28 23
40 10
60 69
62 63
29 55
84 70
50 34
29 44
3 56
93 85
65 77
86 60
53 21
78 58
8 35
51 35
57 90
44 15
57 4
78 86
56 62
54 4
93 80
48 95
36 41
81 98
16 65
56 68
83 35
25 90
69 75
25 24
65 66
39 21
69 17
7 24
76 58

28 210
7 15
18 7
7 17
3 24
11 14
13 22
3 9
15 22
6 10
14 27
10 4
23 8
22 12
16 12
23 18
13 17
14 20
23 3
22 2
25 7
15 19
22 7
17 15
25 27
12 23
8 27
1 15
4 12
14 15
18 16
11 3
4 25
6 10
11 27
12 7
17 10
9 10
16 26
9 24
8 4
2 15
3 14
14 6
25 27
5 27
26 15
13 1
23 18
11 5
28 6
24 28
15 4
22 14
1 14
10 8
17 23
7 3
9 4
21 17
14 9
15 12
7 11
24 2
28 18
18 11
23 25
11 9
1 16
23 13
1 16
5 1
22 23
4 2
26 8
19 23
16 17
18 22
28 14
7 11
3 25
22 26
5 16
18 5
3 24
2 15
23 18
15 17
12 2
18 21
9 20
27 8
9 17
2 20
14 20
2 16
28 23
25 5
22 27
21 24
22 10
17 23
9 17
6 10
6 10
3 26
9 10
18 25
23 9
22 15
10 9
26 17
18 2
10 28
23 18
21 28
11 21
23 3
21 12
25 27
22 27
8 14
20 25
22 27
17 15
25 26
7 22
26 24
8 20
7 2
9 12
13 3
16 7
6 9
3 2
19 24
28 26
21 3
6 14
1 22
28 9
3 6
3 1
14 10
20 23
28 3
7 14
19 26
19 11
28 20
1 7
3 26
27 6
15 24
18 8
23 27
10 12
13 10
25 6
1 28
12 15
18 26
17 27
28 27
10 20
27 16
22 8
26 11
22 21
13 1
27 23
11 7
4 7
12 17
19 23
12 6
12 21
22 11
21 20
24 3
20 17
11 1
12 4
22 24
17 20
2 11
2 8
14 21
3 14
23 25
26 28
8 2
6 2
22 26
6 17
12 25
18 22
25 13
10 2
8 26
6 9
8 7
28 21
11 2
19 6
10 16
17 22
3 23
3 8
11 15
4 12

85 261
25 80
71 11
53 42
47 37
73 20
67 80
3 15
85 13
1 37
10 5
11 32
15 32
51 8
14 23
63 39
13 45
33 40
55 43
81 59
79 26
35 17
20 38
31 61
7 73
12 16
78 22
4 49
11 54
56 24
33 76
62 46
77 52
85 3
51 38
61 44
20 11
18 81
5 48
56 11
78 24
69 70
46 29
75 13
83 3
36 72
78 55
32 26
21 74
28 71
68 4
71 2
14 3
82 18
8 9
70 85
32 53
26 34
82 15
46 36
17 82
22 51
8 11
76 28
41 61
55 23
64 40
66 77
43 19
51 7
27 35
48 58
45 73
49 83
44 9
33 18
47 11
25 54
21 58
38 18
33 7
40 11
4 62
44 3
80 51
9 63
42 56
78 1
85 41
40 85
6 72
59 10
83 41
20 60
13 58
78 2
21 74
54 24
51 54
26 2
61 76
65 17
46 14
60 2
54 14
44 16
43 17
25 82
14 45
56 26
59 5
69 79
79 37
18 1
47 85
44 22
76 65
39 78
78 55
37 3
68 80
19 25
53 43
21 67
44 34
49 17
38 33
11 73
26 70
30 73
26 74
9 16
10 4
51 3
58 2
47 41
81 65
22 48
65 85
71 65
33 35
82 27
67 49
57 49
75 1
36 15
31 2
73 41
5 38
85 20
39 46
17 76
68 38
80 4
79 66
68 57
21 52
80 26
23 43
15 23
36 72
54 37
59 51
83 53
50 17
48 10
33 80
34 28
74 79
63 11
62 46
67 39
12 18
65 76
61 79
13 53
22 23
4 37
73 43
4 37
17 8
4 6
2 79
33 73
53 43
6 13
67 44
66 84
23 13
16 17
25 38
5 70
75 77
28 35
71 44
43 31
49 1
24 39
33 11
6 76
16 60
14 60
82 54
82 9
27 55
75 51
50 79
36 81
28 63
30 13
63 29
43 68
30 23
63 62
34 68
9 6
84 22
22 37
33 61
2 59
30 34
24 79
69 16
74 11
78 61
65 12
4 22
80 33
45 57
52 35
82 60
82 37
39 19
31 71
79 74
44 23
22 24
59 6
40 4
16 74
64 81
1 25
59 37
57 60
8 23
9 46
40 6
40 78
66 70
20 59
58 63
38 37
43 11
42 39
57 14
28 35
51 70
59 25
21 73
41 70
52 7
73 48

5 10
5 4
1 4
2 5
3 4
1 3
2 4
1 3
3 5
4 3
4 5

36 476
25 13
22 26
28 6
9 22
14 36
36 3
19 30
31 28
35 3
32 28
9 22
32 12
21 24
5 21
6 12
20 10
4 21
35 31
6 23
16 19
23 31
1 5
24 32
12 23
34 8
30 22
29 6
34 29
9 2
29 30
29 3
13 1
23 35
24 19
17 26
13 18
30 17
29 21
3 6
28 12
27 36
33 24
29 5
5 1
34 14
29 16
26 22
33 28
20 36
10 16
25 23
33 34
3 25
18 21
10 12
1 25
9 4
33 29
9 34
7 2
6 2
7 34
34 6
33 8
22 21
10 34
18 12
3 16
12 25
3 12
29 27
16 26
20 4
23 6
5 8
7 11
15 5
8 20
17 15
21 2
24 19
35 15
21 14
6 32
18 9
8 11
35 3
36 34
6 2
19 10
9 26
20 3
10 7
3 26
2 23
7 25
5 22
20 25
35 25
21 33
13 8
7 12
10 22
25 31
3 8
4 11
13 3
30 22
25 32
27 26
18 14
31 23
35 14
27 33
18 27
9 31
34 31
22 23
16 10
33 34
17 36
9 18
2 10
23 13
1 12
30 6
32 28
19 23
4 17
13 11
27 7
32 29
3 5
26 36
2 5
24 26
3 5
36 25
17 16
36 11
9 22
22 36
20 8
3 36
1 15
10 27
2 21
19 4
6 24
3 7
29 7
32 31
11 19
28 26
34 18
14 19
3 13
19 11
32 18
11 10
8 17
27 28
15 30
33 3
13 19
31 19
31 25
29 5
23 36
11 36
17 24
35 20
17 10
12 14
36 1
21 32
28 29
10 1
5 12
29 24
6 11
34 10
20 18
12 19
8 12
16 32
26 15
28 6
4 3
19 3
19 20
34 10
28 23
27 32
35 19
19 20
30 32
10 29
14 21
27 21
12 6
32 1
36 23
22 3
5 21
24 4
34 13
31 21
3 26
19 22
25 18
31 36
27 3
13 12
29 14
3 15
25 4
14 28
25 17
32 9
1 35
28 35
12 22
19 30
28 17
31 32
34 5
31 25
7 24
16 36
17 18
30 21
21 7
12 26
23 8
14 4
6 2
33 7
36 27
14 16
21 9
29 6
20 17
12 23
32 27
19 30
20 3
30 27
15 19
29 2
33 32
7 2
33 20
24 12
26 2
27 26
10 20
31 9
16 7
31 28
13 21
33 32
14 3
10 13
31 11
9 27
33 26
3 16
13 15
21 30
5 11
20 4
5 28
36 27
3 27
4 31
27 36
26 4
18 15
32 12
25 4
2 22
9 5
17 2
35 2
31 3
28 14
23 32
22 2
3 4
8 6
34 21
4 17
2 18
13 7
32 31
8 21
15 4
22 13
21 32
31 12
26 33
24 11
34 26
30 5
31 27
18 31
30 35
12 27
24 34
22 34
21 6
12 24
7 24
25 19
35 16
8 31
3 34
29 8
27 13
18 17
31 12
27 9
23 18
35 27
31 36
24 15
22 16
18 28
19 6
10 17
22 33
12 4
30 20
12 20
32 29
17 6
21 23
14 7
20 28
13 14
28 1
8 13
32 25
20 14
11 30
31 12
6 22
31 36
21 6
35 16
15 31
2 35
17 31
21 16
23 34
29 14
14 36
26 9
5 25
22 31
34 32
6 4
33 16
3 17
22 17
13 16
12 14
14 8
8 14
24 30
11 32
23 4
12 28
12 32
17 14
26 14
25 11
17 22
26 35
2 11
16 14
6 7
7 19
30 15
13 17
24 23
29 11
27 4
2 18
35 18
31 4
32 20
14 28
5 3
27 22
30 22
36 35
8 6
34 1
36 10
34 24
12 26
14 2
9 15
36 23
33 30
26 8
29 3
15 13
21 35
14 22
14 13
29 35
10 30
35 7
2 10
32 15
28 20
9 27
6 21
36 31
28 29
13 23
5 33
7 19
11 29
32 3
21 31
28 30
9 26
36 10
15 11
4 6
30 12
32 15
33 32
25 4
4 1
26 8
14 13
7 4
5 2
6 5
12 13
15 20
18 30
9 32
5 12
2 14
4 13
29 16
8 17
19 11
18 25
35 11
1 5
14 21
22 35
5 34
11 35
17 28
29 26
23 33
17 4
26 36
17 18
15 4
35 34
31 32
2 29
6 18
13 19
18 34
33 22
11 7

56 419
42 1
1 28
41 37
44 46
17 12
28 15
51 10
12 37
17 41
33 10
50 9
16 27
11 52
29 45
50 41
36 35
25 36
6 9
1 49
38 1
44 49
15 39
42 11
3 2
51 20
11 45
28 10
55 38
5 27
11 54
11 46
32 19
10 22
11 10
54 49
10 42
25 8
8 11
18 50
52 13
13 47
41 56
39 6
5 10
16 42
4 46
2 23
55 23
17 48
4 9
41 45
18 48
36 28
10 30
7 6
26 53
46 50
53 12
56 41
21 55
26 9
44 27
15 26
33 31
17 37
24 41
9 41
33 29
52 26
42 2
15 11
39 44
5 35
55 44
3 4
42 28
12 14
39 10
39 55
40 19
47 24
28 15
40 10
49 25
52 7
35 34
50 39
52 33
26 54
36 52
9 31
9 31
40 31
30 7
14 48
38 22
3 52
5 42
6 54
10 41
44 29
18 22
11 13
54 21
50 17
56 2
47 8
33 14
38 46
4 36
21 41
1 8
37 5
49 26
42 43
10 14
15 11
35 9
7 16
13 56
32 12
41 6
3 1
3 41
46 4
51 31
4 2
51 8
34 4
34 20
13 47
18 7
9 11
13 24
23 12
39 19
36 44
5 37
30 29
10 19
32 4
33 35
5 27
27 39
30 4
42 26
50 44
16 2
54 28
9 4
23 47
6 3
18 11
23 31
39 32
49 15
36 26
49 40
36 19
6 50
6 32
3 39
19 24
56 30
32 43
53 6
49 39
23 43
5 37
25 36
30 23
15 39
56 39
18 28
11 24
3 14
46 21
32 14
20 45
45 7
41 51
39 7
1 25
11 38
33 31
51 56
29 33
55 51
50 56
23 45
7 25
2 53
30 17
10 33
5 54
23 30
32 5
36 17
13 31
38 46
45 32
45 17
48 27
12 41
26 34
13 33
42 14
29 15
14 22
48 3
3 14
32 19
3 51
35 15
9 56
4 53
15 32
54 6
2 9
30 28
26 43
44 51
40 56
50 54
21 41
40 23
38 55
41 24
49 3
39 42
2 26
22 16
2 19
5 3
11 35
14 20
21 1
15 4
56 8
41 4
32 24
11 53
22 51
21 55
38 3
40 39
28 5
39 13
8 43
16 18
21 13
38 25
54 52
13 53
43 53
41 18
5 51
54 26
29 18
8 10
4 31
33 16
36 15
28 27
1 27
44 6
40 25
30 37
4 42
17 46
23 41
47 27
35 45
52 48
6 4
1 50
34 33
9 53
31 36
23 32
47 51
21 14
19 34
50 7
20 50
52 42
35 27
52 53
15 31
44 4
18 29
53 52
5 32
36 25
39 51
15 17
55 28
35 32
5 25
51 38
21 20
56 47
55 53
45 30
24 48
47 52
45 26
1 33
42 20
1 24
54 55
40 52
10 2
27 54
27 6
36 31
9 35
5 8
31 49
37 55
24 27
50 52
53 34
29 38
37 29
45 34
12 29
21 53
40 19
23 45
54 37
53 16
25 4
47 1
24 29
25 51
6 20
31 24
32 12
4 5
40 38
56 51
50 20
47 17
22 54
5 3
18 42
19 43
29 49
43 53
5 51
47 10
55 5
17 30
16 21
18 39
42 17
33 19
21 7
36 42
4 24
29 6
9 31
48 38
23 18
18 11
13 8
4 11
52 21
24 11
41 42
33 10
2 9
12 6
55 47
32 43
55 4
48 7
34 39
28 40
40 45
50 52
36 53
46 31
1 14
25 55
1 34
40 49
46 48
20 21
34 18
8 25
9 41
47 20
8 14
9 1
50 28
37 39
43 38
36 11
6 18
52 40
42 28
13 31
19 16
35 36
34 42
44 26
10 18
45 17
32 53
17 25
9 37
47 51
18 27
45 24
28 24
47 13
52 43

83 63
33 41
41 65
51 70
14 83
44 59
60 54
15 57
67 49
53 24
18 10
32 11
16 44
44 33
74 16
68 78
4 21
35 47
5 6
33 19
5 76
80 65
49 14
38 32
66 10
56 83
23 7
13 38
50 57
74 41
72 61
38 78
81 75
41 3
80 74
24 2
69 23
69 35
39 26
66 21
36 41
24 58
48 36
15 17
9 5
60 1
66 14
78 66
9 39
71 5
29 14
9 17
36 77
51 78
20 37
18 55
80 41
32 47
77 46
64 5
51 43
5 36
60 3
21 68

76 357
31 3
6 25
49 13
32 63
55 3
20 24
18 68
36 30
6 23
12 67
25 69
23 33
35 39
74 36
35 9
35 6
27 41
30 75
69 1
1 47
20 36
10 37
28 45
7 49
7 18
39 32
26 1
64 60
40 1
35 14
25 70
19 51
50 48
65 58
49 6
28 68
41 37
44 8
22 50
56 28
7 18
59 32
19 62
31 74
2 66
11 26
59 30
16 48
17 5
29 65
26 72
72 66
48 40
14 69
29 69
21 36
27 19
7 45
21 38
58 22
27 68
64 25
21 3
12 38
7 40
42 48
35 54
38 6
33 51
15 61
59 35
36 9
69 43
69 13
4 50
51 46
42 38
10 2
40 21
55 63
60 21
34 74
11 39
30 1
53 30
60 27
66 8
20 32
1 48
51 66
22 36
31 75
45 49
55 65
27 41
64 47
14 21
60 41
75 29
57 68
59 40
18 64
64 53
35 64
25 9
69 62
44 40
61 28
12 39
16 38
19 25
48 39
24 12
37 53
69 44
35 48
2 38
35 54
72 38
18 4
47 4
63 10
4 14
37 42
45 74
76 63
38 47
41 2
75 17
54 7
61 28
54 62
65 29
55 60
6 73
3 52
76 5
1 3
18 37
60 2
51 59
4 28
29 44
29 43
60 6
49 60
49 43
45 53
71 24
36 16
36 54
8 35
58 8
53 15
61 36
16 35
34 19
62 2
2 15
45 2
36 17
61 9
59 46
1 69
9 37
25 44
30 32
18 12
55 70
26 39
45 58
73 2
16 75
3 34
29 63
35 64
4 19
12 2
4 13
11 12
65 35
71 18
66 12
45 44
5 11
23 65
68 35
66 23
33 9
56 61
11 14
65 30
49 16
32 68
28 42
4 32
16 14
66 5
26 34
64 46
44 10
35 51
61 40
74 17
64 69
18 75
23 6
28 11
37 75
2 5
56 21
36 71
35 25
15 60
75 19
45 42
44 3
33 28
43 30
45 46
38 2
44 60
23 12
70 59
10 12
63 6
32 39
16 66
3 31
65 1
49 34
59 16
52 15
44 34
60 28
4 21
29 63
5 51
74 14
49 24
25 36
45 57
74 60
62 16
14 67
17 2
40 75
18 15
29 1
49 12
28 68
32 72
54 52
46 68
66 34
15 14
69 75
10 6
58 12
22 12
2 54
13 57
68 46
71 20
46 59
31 13
50 2
8 44
54 69
35 59
27 65
12 35
63 22
57 44
49 2
55 50
71 8
46 62
53 40
21 23
39 67
35 28
68 59
71 61
51 29
43 17
33 55
52 19
16 32
3 64
49 73
53 43
20 22
44 73
1 64
19 39
70 69
7 61
67 1
62 42
46 44
58 2
38 49
37 53
4 55
56 68
67 32
50 11
69 17
7 10
20 41
64 13
49 70
14 40
71 15
5 40
58 2
57 20
67 17
72 10
71 68
2 62
23 51
12 32
8 18
41 27
74 28
56 46
22 9
9 32
23 29
71 4
47 51
23 37
8 35
46 18
26 47
19 64
38 30
35 45
47 75
71 44
43 66
30 4
74 38
35 20
7 45
24 53
35 62
13 42
36 74
60 1
61 2
65 22
32 23
6 18
38 16

23 253
20 10
2 7
1 22
3 14
11 13
5 14
10 12
7 2
3 11
1 17
12 14
23 11
10 3
18 11
17 1
22 7
4 23
14 21
21 10
12 2
22 16
9 2
5 15
3 1
19 21
17 8
5 10
12 14
12 6
18 22
6 16
6 3
9 13
1 23
22 6
18 20
21 4
15 19
12 19
8 9
6 9
13 15
20 21
20 3
9 19
2 19
1 5
4 13
22 21
11 4
15 1
1 12
9 14
1 20
3 2
22 9
4 6
17 23
20 14
19 5
9 15
23 9
19 21
15 11
18 2
14 3
19 8
15 4
21 9
18 10
16 3
13 15
19 6
11 9
19 16
11 10
15 19
22 12
10 9
23 5
22 3
23 11
21 15
19 15
9 22
1 5
5 16
23 10
3 22
12 13
8 4
3 6
9 6
8 9
5 23
5 21
23 15
18 14
10 3
16 8
21 20
12 7
13 15
3 15
14 15
22 15
12 18
15 20
23 22
22 4
22 3
2 15
11 13
22 20
16 14
21 7
4 3
13 16
12 15
2 6
23 10
11 17
1 8
10 17
23 14
15 3
9 6
13 21
21 4
7 11
1 13
8 21
19 23
9 11
18 4
10 17
13 21
4 8
22 14
1 21
21 9
17 23
8 1
14 5
4 21
9 21
4 16
18 23
9 20
4 23
7 20
7 4
18 14
19 2
8 17
16 4
15 23
4 5
4 7
19 12
22 23
4 16
16 12
7 19
15 6
2 6
6 23
17 19
18 3
5 10
12 9
18 11
6 22
14 13
18 19
11 22
20 3
5 3
21 13
3 16
12 8
15 5
21 4
16 17
2 6
4 13
16 10
12 1
22 23
19 3
10 12
16 12
10 13
3 22
15 18
5 16
10 9
7 2
1 8
20 23
12 4
9 21
15 9
13 8
22 9
11 10
1 22
19 13
18 11
21 12
15 8
15 1
14 21
19 8
23 9
7 5
12 10
19 20
12 8
21 10
10 8
19 10
23 8
17 19
8 6
10 15
20 10
23 12
22 7
5 2
8 9
13 17
4 5
5 1
15 14
9 4
23 8
12 10
19 7
18 1
16 9
14 20
8 19
12 9
23 13
16 8
20 3
5 23
1 9
23 9
22 2
13 16
4 18

81 24
20 9
18 43
23 69
68 31
24 58
2 17
47 46
29 32
37 44
44 81
19 13
3 46
26 56
15 24
1 12
76 20
20 28
79 58
16 81
24 39
57 25
71 23
6 34
70 42

