20
32 245
9 15
26 32
14 10
28 20
27 29
15 21
31 16
13 27
17 1
8 14
24 28
30 25
23 20
23 16
3 17
24 17
10 23
30 19
19 17
13 15
31 2
13 15
14 8
31 14
15 12
5 10
9 29
1 29
19 23
12 21
7 3
5 16
26 3
2 12
19 15
26 18
16 6
32 29
13 30
10 27
9 14
5 17
10 5
13 29
27 24
17 1
27 22
16 20
24 17
31 10
31 24
27 14
29 26
10 23
19 4
31 32
8 16
10 12
28 6
6 20
22 6
14 11
21 1
2 6
31 12
4 22
6 18
18 32
27 22
14 31
21 13
6 4
22 18
31 27
23 18
17 29
31 27
17 31
29 22
29 8
26 18
13 11
4 12
5 30
2 18
28 22
31 2
25 20
19 23
15 9
9 31
5 7
25 22
6 21
11 2
28 4
20 9
14 23
20 19
20 21
4 16
10 2
17 2
22 3
25 4
11 1
2 16
7 26
5 12
15 14
10 19
1 18
32 23
6 18
10 26
22 25
4 23
9 5
12 11
29 15
22 29
16 5
4 10
9 15
24 23
28 1
9 28
19 9
18 24
26 28
17 15
20 6
29 25
17 7
21 32
28 18
15 32
21 24
8 3
15 31
31 16
7 26
2 15
12 25
9 7
9 23
26 29
28 22
21 13
29 9
12 24
26 24
14 18
31 17
32 29
15 4
8 16
18 19
8 26
25 17
17 19
13 12
8 1
24 4
9 3
28 3
29 19
16 14
17 32
13 14
14 28
17 22
11 2
8 19
28 1
3 12
19 15
23 26
15 30
23 17
25 13
11 9
26 27
8 7
8 22
2 24
11 12
26 18
30 21
18 32
32 4
14 22
30 28
4 27
19 21
19 11
1 29
19 27
23 27
1 31
16 2
22 26
13 15
11 3
29 10
2 32
24 29
19 27
23 5
15 9
16 5
2 10
28 10
26 11
11 15
4 23
30 15
1 32
11 2
10 2
25 7
20 19
29 25
2 6
8 17
10 9
26 5
5 3
30 15
13 19
3 10
1 4
9 11
14 10
20 15
2 26
2 21
23 26
22 28
1 6
5 10
31 10
14 1
7 28
13 19

9 36
9 1
7 5
1 5
2 5
9 7
2 6
2 4
6 3
8 5
9 3
9 8
3 9
2 4
8 1
3 2
9 1
7 2
2 6
9 8
5 7
9 8
9 5
1 8
7 9
4 7
6 5
9 1
1 9
3 2
6 1
6 8
2 8
7 5
5 1
9 7
5 8

66 370
31 30
5 4
40 60
50 12
66 29
42 27
31 60
24 61
23 60
60 33
46 23
47 28
20 46
46 42
2 12
62 32
39 65
33 12
58 16
22 55
42 63
15 4
54 38
62 8
31 53
40 9
9 20
36 28
65 14
4 64
25 63
27 61
59 4
48 6
25 34
45 20
48 49
5 18
42 13
46 29
50 54
35 2
24 63
64 37
64 60
59 58
20 51
49 11
54 28
14 11
62 59
28 43
39 32
58 14
42 38
40 24
23 9
25 44
3 22
12 66
13 4
55 33
52 37
41 38
65 54
48 58
44 7
32 16
36 24
30 12
59 3
33 15
9 57
59 11
10 4
10 23
6 63
53 57
31 25
28 27
12 7
18 56
11 50
3 47
5 32
58 63
33 24
11 41
12 1
50 19
3 57
41 8
53 25
62 18
49 22
44 59
26 62
46 37
43 48
17 47
12 6
43 42
27 51
14 36
50 63
54 52
54 27
57 40
51 52
55 34
5 33
24 31
26 3
65 2
50 15
46 59
18 20
34 44
4 48
13 51
44 64
34 29
24 1
9 8
55 40
12 19
63 40
44 63
38 43
44 50
22 37
1 41
4 42
43 49
52 27
25 50
61 53
7 16
51 13
21 40
52 31
58 46
4 34
40 8
18 23
30 54
22 2
55 61
42 36
47 1
60 28
59 44
34 8
29 45
29 66
28 59
55 8
60 20
45 33
28 62
54 55
47 7
54 36
1 30
3 45
30 60
6 22
37 38
27 63
16 53
60 43
45 49
48 37
66 27
3 27
22 54
13 3
58 1
36 59
30 36
35 57
29 41
12 63
12 36
60 25
23 51
1 33
49 37
33 7
38 57
28 23
4 28
15 4
61 5
31 30
37 21
58 11
30 55
20 65
46 44
21 30
43 20
61 23
54 25
29 23
13 56
46 16
16 58
17 10
60 47
40 30
65 29
39 28
15 56
27 58
32 45
22 8
64 14
30 52
36 58
8 48
45 51
62 60
40 10
2 31
55 41
59 53
1 31
15 14
18 39
5 49
17 24
54 15
37 15
64 4
4 3
52 49
54 45
40 25
54 41
56 42
13 48
29 14
10 41
27 13
29 8
27 53
59 39
21 8
36 25
11 39
8 57
24 52
31 48
37 5
37 13
18 39
29 27
11 53
52 21
15 57
47 1
49 20
22 54
55 44
63 25
51 53
48 34
15 30
4 20
66 14
35 16
50 63
42 60
49 25
14 63
15 59
62 12
15 49
64 58
43 23
42 30
2 7
44 31
8 61
29 22
29 44
3 25
17 63
5 42
8 66
54 66
61 49
9 7
30 5
64 6
25 37
35 26
41 11
55 48
5 17
3 32
58 6
54 8
66 59
49 5
56 35
3 48
17 11
54 46
13 49
52 37
19 18
61 59
26 47
40 29
61 41
60 52
44 47
59 43
37 40
47 26
8 47
7 22
58 60
2 42
51 37
58 66
29 48
26 9
20 54
3 60
47 54
37 25
44 11
62 17
55 21
22 36
26 44
25 19
43 26
59 27
60 48
26 22
30 49
30 49
36 32
40 14
17 10
39 61
18 32
11 6
52 33
39 11
8 63
28 50
21 18
8 14
65 31
36 28
14 63
8 47
29 47
61 45
54 31
39 5
62 48
9 45
12 47
54 17

43 419
5 36
13 8
25 4
20 36
43 6
32 21
26 14
24 25
38 32
3 37
26 30
35 12
13 37
22 4
10 4
5 6
39 17
13 32
5 12
30 36
24 12
41 39
28 36
28 30
29 2
8 12
13 12
5 26
16 6
30 20
11 17
29 23
29 41
3 26
1 24
10 24
35 8
12 11
35 39
40 20
32 4
23 36
16 19
18 23
24 39
34 5
19 5
33 8
42 7
8 23
17 24
14 24
35 17
15 22
5 26
10 9
40 2
16 15
11 30
30 7
20 12
3 39
16 35
3 14
34 3
28 7
18 42
22 9
7 28
22 11
10 31
11 41
24 18
12 26
4 41
24 9
26 11
16 10
5 21
43 7
6 24
39 27
24 2
11 2
12 24
15 1
39 32
12 22
28 1
2 43
1 28
10 16
37 6
36 5
41 33
28 8
1 29
18 37
33 21
18 4
21 13
27 24
26 11
24 28
10 24
4 19
31 40
17 15
24 21
5 13
40 32
12 40
10 29
34 42
41 43
37 10
12 20
25 30
31 40
14 32
20 9
43 42
40 16
13 12
36 17
16 32
6 27
29 15
12 11
5 1
10 41
2 13
9 26
42 31
22 4
20 33
12 11
31 43
26 35
11 18
9 26
41 6
9 18
20 12
28 16
4 29
5 42
13 22
32 36
43 28
12 24
31 14
3 31
39 38
41 5
3 24
37 43
24 12
19 36
31 34
39 17
38 36
7 42
14 30
34 6
14 37
29 2
7 24
32 37
18 21
41 12
36 27
11 17
38 21
1 17
3 31
25 32
15 23
22 29
10 13
26 15
41 3
16 40
26 39
33 35
9 23
3 1
6 5
9 35
17 1
8 19
32 33
42 38
12 21
15 13
25 40
28 22
35 43
18 17
31 43
9 39
22 3
39 19
43 40
10 16
40 9
27 20
41 25
15 2
2 29
14 26
26 41
40 17
41 6
25 20
5 25
15 18
20 2
36 19
41 37
26 38
3 9
6 35
26 20
36 19
6 7
37 23
4 33
31 36
38 4
12 35
29 18
9 40
20 37
7 9
30 32
38 24
33 1
16 7
20 43
25 17
6 18
39 2
42 18
29 37
22 33
28 42
7 28
38 18
21 1
27 43
24 21
15 5
21 22
11 33
22 28
6 19
37 20
36 11
6 21
24 38
5 22
36 24
8 11
37 43
29 36
16 6
42 12
19 21
15 8
42 5
17 35
41 29
19 1
26 39
24 20
35 38
4 16
37 6
9 37
34 36
1 40
34 12
7 11
26 6
1 16
10 43
8 38
18 43
20 14
23 31
40 9
34 12
3 40
12 31
22 39
31 10
30 42
16 32
17 21
25 32
31 34
31 30
28 6
29 39
11 43
26 7
1 8
11 3
39 14
25 18
10 4
27 31
2 35
19 10
12 35
42 34
25 21
12 1
18 32
39 20
24 13
19 24
13 21
18 43
34 42
17 35
2 36
22 38
27 33
40 30
24 38
21 6
7 32
41 25
13 37
36 41
11 16
2 31
33 2
22 23
10 13
16 2
27 10
20 16
6 7
31 35
19 28
34 42
26 7
11 42
3 43
10 18
2 40
42 3
10 13
12 15
28 6
41 30
25 5
27 31
35 11
6 20
1 5
37 7
15 4
5 10
3 14
19 4
3 18
41 12
30 10
18 7
15 36
39 11
19 3
29 16
14 29
20 7
27 10
32 36
4 37
11 8
31 20
40 35
42 6
9 5
12 24
40 43
34 7
18 28
36 33
33 13
2 39
40 28
40 20
12 36
5 14
35 36
34 31
27 32
37 35
28 40
7 24
39 33
30 13
9 14
38 42
27 39
29 15
15 26
34 18
18 38
31 9
22 13
31 5
36 24
32 20
21 30

70 168
59 46
45 66
56 28
70 28
44 10
63 5
62 16
53 18
23 62
65 26
29 21
17 15
17 67
68 59
65 53
19 54
40 63
49 38
32 60
65 17
11 58
21 15
15 32
37 18
39 5
46 1
21 3
17 29
70 18
23 64
36 18
46 40
8 13
13 67
19 29
8 18
49 22
33 5
65 11
22 45
15 10
45 35
12 4
5 23
21 28
16 68
45 3
37 53
27 61
61 46
19 10
63 9
43 37
13 38
48 34
12 62
43 69
39 54
2 43
18 22
70 46
31 57
48 9
51 5
69 41
62 17
51 66
25 23
33 37
2 10
12 26
13 67
24 63
62 25
36 10
58 47
55 18
45 44
26 25
60 36
8 51
52 58
47 18
22 21
66 36
30 7
61 54
15 14
47 19
50 24
40 37
70 36
66 57
9 33
11 69
68 18
61 49
17 49
66 51
69 61
16 40
9 6
24 36
19 12
66 10
35 58
46 70
53 32
20 27
43 30
24 2
21 14
31 69
21 11
10 23
26 49
31 14
8 61
25 3
70 59
37 57
47 48
51 8
68 7
62 39
42 64
59 55
24 70
5 46
9 27
1 69
69 43
13 19
33 37
21 44
38 70
42 26
59 34
33 68
40 25
37 23
30 25
7 65
36 23
40 44
49 52
43 59
24 67
7 56
45 40
41 24
51 12
49 39
45 12
37 26
48 15
48 19
39 66
25 17
18 64
60 8
57 44
66 10
40 15
7 15
54 47
38 34
70 17

56 83
54 8
53 43
20 28
19 29
21 41
17 10
46 32
3 18
34 24
13 15
24 19
1 33
35 37
10 6
51 50
33 32
1 13
18 5
40 20
33 4
4 49
53 49
24 55
50 41
6 56
30 8
40 6
42 20
56 47
54 49
23 29
33 35
30 37
2 33
13 45
36 45
25 12
13 7
5 53
12 50
36 25
1 20
31 42
23 14
16 21
46 22
33 6
40 47
27 41
23 13
43 12
37 54
8 43
43 44
39 36
24 7
21 43
21 6
49 18
6 53
7 27
30 13
11 4
39 35
26 45
32 12
56 52
50 7
39 36
35 5
55 2
11 19
28 32
9 20
49 14
17 40
40 46
36 34
49 2
13 2
46 28
14 46
23 7

61 371
45 46
34 43
26 24
54 25
31 50
59 36
33 55
48 47
48 10
6 59
43 17
2 52
59 38
42 19
15 4
14 59
50 47
43 14
11 37
41 25
38 18
57 31
4 44
19 16
49 16
58 4
19 50
3 57
30 22
12 34
37 12
24 54
39 35
29 18
16 55
57 35
52 28
39 34
46 54
24 2
52 29
21 41
32 18
11 55
29 46
30 42
10 55
34 51
30 3
7 48
57 5
21 47
32 61
22 17
53 47
18 44
14 40
25 47
57 37
40 27
22 10
9 31
4 43
20 35
47 29
21 45
33 42
32 5
41 53
21 35
40 41
19 54
19 43
39 17
20 45
41 29
53 13
34 36
34 8
24 3
30 7
37 10
38 42
53 32
1 28
10 43
46 4
1 29
45 19
48 3
4 30
33 58
42 6
35 16
15 58
19 44
3 55
56 42
35 47
14 38
15 26
19 60
29 21
29 12
41 15
16 44
44 49
41 26
54 14
42 9
12 60
52 16
55 46
59 29
33 12
7 47
39 25
47 8
48 14
20 27
31 37
12 15
24 54
41 18
6 23
26 19
23 19
34 16
5 31
46 38
44 52
25 21
18 13
29 6
28 50
32 58
25 45
14 51
37 56
7 44
17 35
1 39
53 34
56 57
6 41
35 49
33 1
11 52
13 41
57 42
29 30
41 55
13 54
44 50
48 53
32 3
26 35
43 17
9 37
14 16
49 4
51 49
16 41
2 56
37 45
25 5
24 18
19 16
3 9
4 55
41 6
19 14
50 37
24 26
50 38
43 39
43 32
28 58
12 31
54 50
15 17
56 38
34 13
56 36
22 59
31 3
6 51
18 55
26 41
21 17
19 3
57 61
36 24
59 47
56 51
37 9
6 31
49 42
46 43
18 6
42 49
10 47
38 27
41 5
8 61
23 27
4 18
26 40
43 24
27 38
15 3
46 21
35 1
19 16
18 26
60 7
37 45
47 2
26 51
10 28
14 38
31 2
11 15
27 38
52 42
42 38
3 17
12 5
36 29
24 2
27 31
39 11
16 42
38 7
53 4
22 29
37 52
33 47
5 59
25 58
41 5
35 45
24 48
49 59
15 12
1 44
44 41
56 61
22 32
8 13
38 29
42 13
21 13
59 26
12 23
24 55
29 58
38 52
46 28
51 2
39 54
45 23
33 41
22 54
13 29
8 50
59 51
1 18
4 60
43 15
23 8
10 51
4 50
44 52
16 35
53 56
27 38
17 60
17 40
52 29
9 59
18 6
48 20
23 53
18 7
7 42
14 18
34 19
6 16
9 21
50 2
15 16
39 33
14 55
11 6
25 19
6 42
26 55
2 49
47 22
55 2
9 11
35 29
17 52
38 39
43 41
54 58
19 25
12 38
19 38
56 26
20 23
20 22
10 7
43 5
61 44
15 12
20 43
30 10
21 8
52 1
2 50
19 26
2 32
4 23
9 1
48 28
23 8
49 32
16 32
38 17
15 52
29 36
33 60
45 54
6 38
54 7
28 13
35 32
44 38
56 54
40 42
21 1
52 10
34 8
42 10
25 58
61 55
32 35
53 17
27 61
54 21
6 23
35 42
56 17
21 50
10 60
32 2
24 43
35 32
23 45
56 19
46 49
52 19
42 8
47 41
2 8
49 24
42 29
20 61
51 8

66 445
19 40
64 50
39 2
6 64
17 13
38 1
19 17
51 27
30 51
24 45
43 5
65 51
3 12
37 15
13 66
48 29
39 43
12 9
45 16
6 59
26 42
59 45
56 44
5 19
26 63
2 31
61 52
31 7
20 45
17 19
27 45
55 3
54 62
47 1
1 40
27 40
30 5
29 5
7 45
30 40
30 60
32 13
24 38
33 1
52 49
27 30
36 27
16 31
8 16
29 45
42 3
8 44
29 13
50 6
40 14
45 3
5 10
16 27
46 48
27 31
28 51
59 63
11 8
27 18
21 54
60 63
54 2
40 14
12 24
19 51
35 61
52 39
3 1
65 46
46 23
8 7
7 66
4 18
5 28
33 26
13 27
20 66
26 59
14 35
14 30
17 48
25 2
19 25
2 15
4 47
38 11
52 42
9 53
59 11
12 24
34 25
48 53
24 7
44 37
41 57
65 55
37 21
57 53
45 58
1 48
37 36
56 20
12 62
6 4
7 17
25 40
41 6
27 65
10 4
33 48
58 31
37 26
51 27
12 27
16 11
6 52
46 62
5 57
57 8
59 61
25 17
33 63
23 57
59 32
58 26
14 49
54 50
7 37
8 18
63 23
28 3
7 8
62 11
64 50
17 56
45 39
5 11
35 27
65 28
56 51
1 38
36 48
44 6
55 60
1 10
19 1
16 24
62 24
22 45
40 9
21 12
11 29
45 35
27 4
23 16
52 23
54 19
3 29
25 55
20 23
64 39
23 13
62 18
35 15
60 8
22 15
18 32
43 60
65 4
61 21
19 46
43 4
64 43
31 20
32 50
40 27
20 62
38 14
11 6
28 5
11 47
17 26
11 59
17 9
60 11
29 13
54 3
14 50
44 3
9 26
43 33
45 36
4 58
45 7
18 49
16 62
65 41
4 55
56 12
49 66
38 59
54 39
6 37
16 48
37 22
7 11
54 49
45 56
39 23
60 54
3 9
47 65
48 51
53 37
60 33
36 32
25 21
4 31
55 17
10 24
38 14
34 23
62 10
12 32
32 6
19 32
14 66
30 61
50 17
29 43
49 63
6 17
7 34
4 23
43 27
58 56
58 15
49 2
26 15
31 29
31 63
41 28
26 33
9 40
62 50
21 58
55 26
6 60
59 9
14 35
33 6
22 25
18 4
24 41
16 54
4 47
48 44
6 8
10 15
45 5
64 65
60 52
24 66
43 16
8 57
48 41
60 3
63 11
5 20
51 20
5 54
64 53
29 4
58 37
18 36
39 13
35 33
62 56
32 39
6 37
29 51
9 22
52 3
30 56
22 14
7 25
66 3
11 28
6 2
64 21
35 37
33 3
1 28
59 32
64 62
66 26
44 9
45 29
9 8
18 31
22 23
53 19
25 63
46 28
62 42
46 30
10 12
31 10
37 21
41 33
16 38
58 59
44 35
20 53
42 35
15 61
57 1
13 15
63 57
42 56
32 19
17 39
30 47
48 65
1 20
31 14
57 20
5 35
54 24
21 28
58 35
20 49
35 31
61 29
21 35
16 50
53 32
22 15
13 1
11 13
20 41
27 10
58 31
42 44
52 60
3 43
28 22
25 60
50 18
20 2
52 35
49 38
1 2
52 13
2 62
23 21
34 47
29 24
11 4
1 62
64 1
37 23
20 59
15 4
10 34
5 61
3 54
33 3
55 16
13 55
10 35
9 41
16 35
64 24
37 62
18 32
60 54
52 14
46 66
17 56
34 19
48 36
4 12
36 57
28 48
45 35
14 51
9 29
18 5
51 54
64 2
17 58
53 2
5 30
2 19
19 35
35 1
2 39
12 35
27 37
14 5
5 27
53 12
54 4
16 38
55 13
37 5
4 23
7 6
52 8
24 3
40 57
1 39
29 12
7 53
47 20
55 49
44 41
60 31
43 7
2 29
20 38
34 21
58 38
27 44
43 48
46 16
38 46
52 64
55 56
50 33
9 38
16 50
11 9
15 53
16 14
13 33
52 46
51 43
15 11

19 135
1 3
18 2
18 3
8 14
1 9
8 13
17 6
6 5
18 3
3 1
3 13
5 14
16 6
7 19
4 12
11 4
12 9
2 10
9 1
9 15
6 19
12 11
5 13
9 4
15 9
3 5
10 17
1 13
1 17
16 9
8 16
17 16
17 8
2 4
5 11
18 10
7 18
8 19
4 8
14 10
10 15
19 7
16 12
4 10
5 13
17 10
10 15
14 12
15 16
19 10
3 6
16 1
10 15
5 17
6 14
7 1
10 11
13 19
14 3
1 4
16 18
11 4
10 2
12 5
17 8
14 1
10 7
17 19
2 18
16 7
9 3
4 19
13 17
15 5
16 15
5 13
10 15
13 19
14 5
4 11
9 14
8 18
1 3
17 18
1 13
2 10
12 6
6 3
1 7
18 12
11 8
3 4
17 2
17 2
3 5
10 13
10 5
11 12
2 9
12 14
11 18
4 16
4 6
15 1
12 10
10 19
15 12
3 12
10 16
14 9
18 1
19 8
6 10
16 4
15 5
15 6
4 18
18 4
4 10
2 15
1 11
14 15
19 14
7 6
7 17
12 5
15 11
9 17
17 5
1 12
10 15
15 10
13 10
13 1
14 8

30 49
27 8
27 6
27 24
14 6
8 26
26 19
23 13
27 24
14 4
4 22
2 10
2 1
7 14
14 19
7 27
14 25
26 11
22 14
26 6
19 3
1 6
13 15
18 1
8 2
4 11
15 28
12 8
28 11
21 3
29 20
29 12
6 16
14 28
29 9
25 18
3 17
23 15
1 3
15 1
26 11
3 2
8 15
9 5
25 22
7 15
3 27
18 8
12 24
27 2

37 459
30 8
9 35
31 18
35 20
32 26
20 33
14 5
35 33
34 6
22 1
33 1
5 16
30 16
13 17
34 6
35 5
28 6
2 22
1 14
19 10
2 16
6 30
20 18
25 16
2 25
31 34
3 35
27 32
28 2
27 24
23 2
28 13
7 34
23 20
15 32
36 30
15 28
27 33
31 5
34 33
35 8
35 10
35 8
37 14
34 2
36 35
29 27
19 14
23 19
11 16
14 10
23 28
15 13
1 8
32 12
18 30
20 16
17 32
23 17
23 34
18 22
9 24
11 27
15 11
9 26
4 37
35 27
5 27
17 21
35 11
32 15
18 29
8 35
23 8
29 9
4 24
8 12
25 33
17 3
6 3
6 10
2 18
14 21
7 30
4 19
18 36
12 14
27 19
11 28
27 17
36 8
18 21
20 16
14 37
21 16
5 8
17 37
21 37
7 28
4 25
24 17
14 37
6 33
25 33
37 4
9 7
36 29
4 33
7 17
33 6
32 15
13 26
15 12
4 36
17 22
1 3
1 15
2 6
10 26
17 24
7 25
8 20
17 12
16 1
6 11
6 16
3 19
4 17
8 22
15 2
6 16
5 6
30 21
27 17
25 6
18 9
30 25
29 24
36 7
25 20
32 30
35 12
26 16
29 11
1 21
13 21
14 32
5 6
15 31
37 2
36 17
11 6
20 17
8 18
1 32
15 10
2 12
21 6
6 12
16 21
11 6
4 24
37 8
8 30
16 7
31 29
2 19
35 21
35 20
16 13
14 31
22 30
20 6
13 25
32 29
8 5
12 27
7 12
12 14
19 28
35 12
19 36
9 16
34 21
13 28
34 4
36 18
34 18
1 9
21 33
15 28
15 27
32 21
16 7
12 34
34 10
23 15
23 9
9 35
30 21
25 4
25 23
36 3
37 7
1 10
37 7
2 4
1 34
7 12
8 18
21 8
33 7
17 19
4 24
2 6
27 4
28 3
2 8
2 24
9 26
23 15
28 26
30 28
37 2
7 32
1 14
27 22
30 8
3 31
25 8
20 28
13 23
30 35
2 16
21 6
16 13
33 4
6 1
18 20
17 24
14 17
37 19
16 8
26 18
1 13
25 36
19 15
36 11
13 15
4 33
20 19
9 30
37 14
30 17
11 25
3 24
19 17
5 35
24 9
15 3
36 18
16 17
10 14
5 22
28 8
33 26
26 4
18 25
32 26
19 5
13 36
6 31
16 26
6 17
34 36
34 32
16 12
27 3
25 31
25 31
17 20
19 20
1 36
23 32
2 4
14 3
19 23
18 7
6 12
18 4
9 28
34 20
17 37
23 25
24 16
4 21
34 24
21 10
24 30
12 27
6 3
29 24
3 24
9 14
26 12
22 16
9 19
10 8
4 35
9 19
16 29
30 17
27 3
3 19
29 8
24 31
14 25
12 16
11 35
29 15
9 13
8 32
9 18
17 13
30 3
31 23
9 24
18 35
4 35
16 32
5 17
3 19
20 14
34 30
11 25
22 35
15 30
7 23
10 24
13 17
26 7
2 35
8 19
10 11
17 4
5 36
35 22
17 36
28 25
24 30
9 21
22 1
28 23
25 29
35 4
32 4
21 7
26 17
17 36
33 35
18 32
32 3
26 12
16 32
14 2
24 37
1 9
16 6
31 3
12 28
22 6
10 20
13 36
7 12
32 4
7 4
35 24
7 24
17 1
37 34
3 37
12 11
30 17
19 32
28 24
31 11
11 13
1 24
12 7
13 21
25 19
2 23
21 8
24 15
24 2
11 26
16 22
14 8
16 10
2 6
33 11
17 7
1 32
30 12
2 20
10 26
16 11
26 36
34 28
14 35
29 2
1 7
24 14
14 2
1 30
23 33
3 17
17 4
11 24
30 27
6 3
31 37
28 34
35 2
24 26
36 15
28 36
36 29
27 12
8 27
5 30
1 22
24 32
3 35
34 33
24 17
13 17
16 18
29 20
15 17
18 8
22 32
6 28
21 18
36 26
37 6
4 36
30 35
2 27
31 12
28 11
2 23
4 19
14 32
1 6
12 34
13 11
28 19
2 11

30 167
9 20
8 9
5 27
29 10
12 13
18 4
8 7
19 7
28 16
4 11
2 9
13 16
4 18
8 14
22 18
23 30
7 22
1 3
19 21
13 30
3 22
25 3
29 13
1 18
28 26
20 22
5 25
7 8
4 6
13 25
15 5
17 21
18 17
15 6
7 27
28 1
11 22
25 1
27 25
18 16
13 29
7 17
23 5
16 27
10 28
21 24
24 29
6 3
7 21
9 5
9 28
28 19
11 22
19 7
9 28
23 21
27 21
29 19
26 6
15 5
25 28
29 10
18 26
12 25
16 12
29 17
9 18
27 20
10 16
18 10
5 2
22 1
23 12
12 18
17 18
22 3
15 12
12 3
8 15
19 15
27 9
23 27
27 20
8 28
27 26
7 1
27 20
24 11
1 5
28 9
22 12
3 29
15 14
23 14
20 11
21 16
19 13
13 7
2 20
4 20
7 2
21 26
21 6
6 13
10 26
13 23
29 15
21 13
20 5
27 10
7 17
17 18
21 24
15 3
28 4
9 29
16 26
12 21
24 30
11 29
15 9
13 27
21 25
2 9
26 8
17 12
25 8
3 11
22 27
8 17
27 28
3 23
9 23
8 25
15 18
15 21
26 19
17 8
13 10
17 30
10 3
12 26
2 6
6 15
2 13
2 28
3 4
12 11
18 19
27 24
6 11
14 1
30 1
1 4
10 17
4 19
11 7
7 5
12 19
5 17
20 24
19 15
28 29
25 16
18 14
20 2
6 19

43 411
15 25
32 40
31 29
17 16
26 14
38 39
31 18
31 33
19 36
31 32
36 2
2 32
19 37
33 12
1 23
37 7
39 17
3 18
37 11
25 19
16 20
7 3
37 27
13 21
15 1
14 8
37 2
26 22
26 29
14 40
14 20
35 23
14 2
16 26
35 31
2 33
33 31
18 17
43 38
23 35
43 30
20 36
4 33
10 32
4 6
38 15
33 17
21 34
32 36
16 15
24 10
4 13
40 13
21 31
43 14
42 21
25 27
24 14
36 5
9 34
42 16
23 15
36 5
38 20
12 10
43 13
5 9
18 25
31 17
17 36
7 37
9 25
10 23
10 14
23 43
4 30
14 10
14 18
4 34
29 5
33 34
2 29
34 11
11 22
27 6
25 12
15 7
21 29
16 26
43 7
21 30
20 30
43 29
26 33
6 30
15 39
23 43
30 33
2 43
8 28
5 33
32 11
31 1
31 3
27 31
1 4
17 20
26 8
5 8
33 2
29 4
41 9
38 27
41 40
26 6
16 22
30 4
33 17
5 12
11 23
42 11
26 7
30 8
15 26
7 4
27 36
42 24
1 36
42 33
32 24
38 40
38 24
43 19
40 39
30 7
18 29
17 36
35 38
35 41
20 42
36 39
34 26
19 34
19 10
23 42
33 10
38 19
25 30
37 14
17 24
12 35
1 29
19 27
15 10
17 27
8 9
22 41
35 32
23 2
41 38
35 23
39 22
41 20
8 27
33 24
42 2
7 42
22 17
17 28
27 33
11 26
34 32
16 17
13 38
18 10
24 9
24 11
30 22
31 29
40 12
2 38
13 43
28 26
17 1
11 43
26 13
17 16
2 32
32 14
19 41
15 42
41 39
10 20
9 32
5 43
41 42
5 41
18 22
14 10
32 5
35 2
21 42
38 2
22 43
20 19
6 10
9 1
19 28
1 42
32 5
34 22
38 19
12 16
24 22
40 20
5 33
40 4
19 33
25 18
9 36
23 19
1 16
29 28
16 20
8 13
10 29
7 4
39 11
11 19
24 42
38 28
31 27
23 6
16 5
15 17
32 30
35 32
37 12
8 9
31 15
13 40
36 12
43 31
22 3
7 2
1 36
21 32
19 1
29 27
40 36
43 28
22 34
16 15
37 23
15 25
29 28
21 13
39 13
1 9
15 42
2 7
34 22
30 10
14 16
28 10
43 27
29 21
17 36
27 10
7 41
26 36
17 4
5 12
8 40
12 14
38 13
20 29
27 7
30 40
14 42
13 32
19 25
5 12
8 6
18 40
24 2
14 27
42 17
26 38
29 39
25 33
7 2
16 5
23 5
18 36
3 22
24 21
38 20
24 37
17 42
34 40
35 39
15 33
4 32
20 24
27 1
14 34
2 29
30 24
33 5
8 27
18 23
40 5
34 20
41 42
10 23
31 2
18 2
26 14
26 2
37 9
2 7
34 38
28 21
10 9
17 9
28 26
31 24
30 13
35 20
12 37
42 30
9 35
12 22
17 6
7 18
7 14
43 37
41 12
38 41
20 4
25 3
34 40
24 39
24 35
7 17
26 5
38 34
39 6
4 5
11 10
22 10
15 21
38 4
33 32
2 9
35 18
3 18
15 19
13 38
10 19
3 35
15 40
17 2
37 12
6 5
14 27
6 28
40 35
24 29
23 25
29 7
42 32
24 5
7 28
42 8
38 1
43 9
32 8
10 26
20 8
22 33
26 27
9 22
10 32
42 32
5 28
38 4
8 10
43 6
37 42
13 23
34 12
31 23
12 33
5 31
40 18
20 22
36 20
1 2
9 34
33 13
18 20
8 25
21 8
30 7
41 35
29 31
38 9
2 6
41 6

67 262
46 24
8 32
10 65
7 36
31 40
65 19
7 43
51 59
59 31
35 44
22 50
17 11
38 33
62 52
25 4
48 65
28 29
24 43
36 59
6 25
7 41
48 49
24 39
57 33
20 24
9 58
23 42
18 10
25 12
62 49
32 59
63 59
20 34
5 11
56 46
34 30
26 15
53 15
21 18
34 44
44 41
17 35
58 26
59 19
20 57
50 28
53 58
65 22
25 2
32 30
65 16
9 40
30 62
54 1
29 37
44 22
10 7
17 36
15 35
5 17
33 7
8 30
28 49
48 9
28 62
24 37
35 4
48 38
4 26
25 64
48 51
7 4
1 42
18 52
63 39
19 28
45 43
7 22
24 5
48 51
66 21
37 50
24 17
21 44
43 62
41 40
45 64
43 62
55 10
47 50
49 65
28 43
57 51
15 30
5 62
13 21
15 67
3 56
16 40
32 58
34 5
47 29
18 22
23 5
32 19
55 30
33 32
5 22
15 19
51 37
30 14
57 45
13 59
33 45
49 64
53 32
19 32
60 36
54 33
58 35
1 62
64 34
26 18
5 57
37 56
26 16
19 15
60 48
24 42
25 5
56 10
36 7
42 46
59 45
28 49
12 28
43 25
11 18
42 33
25 28
38 50
44 56
15 53
36 38
28 10
59 33
20 27
39 11
22 47
55 66
46 16
44 38
40 54
6 31
36 30
9 6
12 52
61 26
54 46
13 31
56 4
63 25
48 51
35 2
48 22
18 26
54 61
13 43
64 18
6 33
47 14
38 59
15 32
34 19
27 47
49 15
50 45
39 30
45 23
49 25
44 66
50 47
9 63
22 5
13 28
37 10
58 25
18 23
6 51
41 32
47 22
64 30
16 52
9 61
8 7
18 51
22 18
48 30
30 2
52 59
46 38
1 37
62 18
59 67
19 49
49 65
3 45
44 36
29 53
46 36
9 13
37 31
30 17
10 9
35 61
1 14
32 18
50 26
36 58
43 4
56 41
1 8
18 45
43 63
47 21
49 55
34 18
35 13
51 45
22 18
38 39
31 19
56 30
62 41
37 54
44 25
27 45
33 44
39 25
56 18
63 37
22 46
54 7
58 54
51 29
22 38
67 52
57 6
32 1
46 18
54 23
60 13
17 42
6 55
66 61
22 11
31 60
56 34
66 64
21 49
25 42
37 42

7 21
6 4
4 1
7 2
7 2
2 6
4 7
5 1
6 3
4 5
3 7
5 4
1 6
2 7
2 1
6 2
6 3
5 4
7 6
4 1
5 2
4 2

100 171
83 10
67 86
68 9
79 97
54 37
12 24
61 31
22 57
67 57
26 60
84 9
46 25
84 33
85 28
9 80
94 43
90 60
80 57
20 58
53 74
94 64
49 6
46 23
63 12
31 40
23 14
49 20
90 84
52 75
12 54
5 55
43 16
34 52
36 44
4 61
89 20
9 95
17 83
9 81
14 48
3 79
48 75
69 32
78 43
43 90
48 99
44 43
14 29
94 49
72 49
61 68
22 7
37 4
67 17
17 66
71 48
14 45
16 97
23 10
39 12
9 37
7 51
2 87
44 51
11 93
63 23
12 84
29 48
40 95
16 8
60 87
55 25
31 22
21 5
31 11
68 40
99 26
42 1
13 86
3 23
30 65
45 41
1 25
41 40
71 56
47 82
94 54
7 77
75 79
81 58
42 1
49 40
26 90
92 38
27 94
12 56
11 8
49 63
32 41
2 96
100 36
90 53
94 66
80 72
98 37
13 98
85 5
24 74
96 13
53 42
77 8
52 84
8 14
16 48
67 69
96 18
56 37
71 49
54 50
21 51
38 85
1 22
41 76
47 37
88 99
78 16
59 81
100 66
46 67
66 12
35 61
29 43
97 51
91 2
52 63
52 89
48 4
62 40
79 61
76 19
11 5
34 21
85 33
39 30
99 4
93 86
16 22
80 12
24 70
13 76
33 16
16 32
72 30
71 50
42 99
20 52
3 6
25 88
38 63
17 89
66 10
26 81
83 5
44 6
26 8
33 58
75 49
41 46
30 64
48 71
62 67

71 221
13 4
63 25
25 17
14 23
63 1
1 47
63 36
5 30
63 37
24 10
63 40
9 67
30 35
28 67
2 10
39 37
32 63
61 48
5 13
70 5
44 45
27 9
10 32
69 1
28 21
10 19
21 49
46 50
12 33
5 44
42 44
9 3
66 30
10 71
42 9
35 45
13 22
13 22
53 42
53 40
62 18
42 70
63 21
41 56
56 14
26 59
53 28
54 42
69 13
12 6
7 17
18 28
29 71
40 70
52 39
21 3
57 62
1 8
42 63
58 15
49 45
27 36
58 69
33 70
40 38
37 56
16 64
45 15
64 43
66 31
23 68
47 45
29 55
46 70
6 32
44 54
37 70
50 23
67 11
53 36
9 18
20 55
10 64
69 33
67 23
64 49
51 39
22 8
53 68
6 19
59 9
1 24
7 10
47 3
21 28
69 60
5 48
43 45
1 40
7 27
22 30
4 1
68 26
8 10
22 44
28 9
52 59
64 19
69 39
21 49
26 49
37 30
25 8
3 25
7 40
51 28
69 55
29 26
40 67
35 21
71 22
29 51
9 21
69 37
19 49
45 4
26 10
33 11
48 67
66 14
35 6
42 64
20 30
18 59
56 12
8 55
33 67
66 1
48 23
38 66
32 11
70 17
52 62
27 59
17 22
2 12
58 3
4 6
63 52
24 47
63 31
62 24
57 56
55 33
38 52
28 69
63 57
15 3
47 41
61 24
22 62
35 39
24 69
44 15
49 67
62 40
57 52
23 43
67 6
4 33
58 62
31 9
47 5
42 54
45 31
37 27
53 71
65 5
68 69
20 45
24 41
44 10
52 66
12 7
31 15
39 17
37 29
56 43
33 26
25 38
17 61
24 69
20 17
33 16
45 12
20 69
12 23
38 63
17 49
69 48
23 68
24 59
56 9
31 18
65 15
55 10
36 7
38 55
54 71
31 28
42 10
56 54
33 22
5 9
30 34
16 52
61 40
40 45
8 30
62 32
4 5

57 20
22 57
22 47
23 2
29 20
34 41
45 33
15 57
51 6
10 16
19 21
22 43
28 57
38 14
28 57
6 5
30 43
20 51
32 2
11 3
21 45

42 71
42 7
31 11
22 36
34 35
39 38
39 12
17 11
30 23
5 29
40 16
15 29
35 37
37 8
31 30
35 24
28 39
13 36
19 4
27 9
42 23
5 10
37 13
39 15
15 23
10 31
37 24
15 27
17 9
33 5
37 25
29 22
21 39
15 37
40 3
37 18
6 4
12 16
40 26
31 18
35 17
11 14
29 35
30 37
25 33
29 5
17 8
26 13
21 18
8 18
21 2
35 24
4 2
39 1
27 25
17 41
27 30
27 19
16 20
42 6
6 4
22 12
27 32
30 3
39 5
21 40
37 2
1 36
38 42
20 19
16 36
17 40

82 275
32 66
63 31
7 24
75 36
73 81
65 52
73 75
72 51
7 20
40 53
65 22
14 30
56 31
59 42
22 68
11 54
53 75
4 60
17 78
15 7
79 80
61 69
72 52
40 80
72 81
51 56
20 66
4 75
15 62
35 36
49 47
9 20
40 13
81 58
10 13
66 6
12 44
77 4
14 36
3 5
34 55
60 56
39 65
48 55
45 2
8 13
51 19
32 10
33 30
67 42
45 50
50 58
14 46
63 29
81 66
33 34
38 12
7 78
77 57
50 41
58 60
53 26
80 3
37 30
34 21
73 80
73 40
56 4
3 38
32 3
21 66
37 61
79 43
56 73
19 24
33 77
3 4
22 82
8 59
29 43
81 21
41 71
61 16
74 65
53 25
70 76
10 24
54 7
68 27
81 5
52 32
1 56
37 24
55 44
82 3
6 81
24 46
69 2
63 68
36 7
55 29
17 80
2 23
68 30
21 74
2 54
76 57
8 17
30 53
17 32
59 17
55 24
5 58
5 69
46 42
76 20
72 10
20 73
34 7
20 54
80 21
28 75
78 35
9 27
8 27
58 66
43 33
9 50
10 15
36 57
56 31
77 45
40 16
35 73
22 57
47 21
79 76
13 74
30 21
20 37
48 80
22 10
30 31
61 41
45 17
16 21
47 12
65 7
29 20
79 50
78 45
70 74
38 82
68 22
5 22
69 2
46 81
33 76
59 76
40 77
11 62
42 24
47 48
52 66
46 19
63 9
8 56
46 7
41 33
28 48
57 17
51 20
17 4
15 77
79 56
72 7
36 31
32 82
80 1
67 43
19 47
53 26
20 19
34 63
51 63
30 25
81 80
46 15
1 60
10 81
34 81
7 69
31 38
68 30
38 52
72 56
18 43
1 39
63 34
19 31
17 48
58 15
48 21
30 50
1 41
49 34
39 55
22 71
11 9
18 50
62 9
26 79
53 26
37 33
62 56
66 80
23 41
12 70
63 41
40 63
81 6
16 39
62 37
29 74
47 48
42 26
57 67
24 29
12 61
62 75
36 45
72 58
5 2
48 69
44 5
50 45
12 67
3 73
24 32
65 70
81 26
16 57
10 39
4 23
17 67
16 52
31 5
30 35
6 79
21 50
1 72
12 14
59 14
4 82
47 70
69 46
13 2
20 24
43 25
47 59
9 62
31 39
66 60
75 74
56 16
43 58
7 54
71 65
69 76
64 36
66 53
1 80
56 22
24 16
47 72

