20
82 126
51 25
14 36
4 6
29 61
23 71
38 30
44 28
12 33
23 78
70 6
50 70
6 23
9 29
39 57
18 35
32 70
59 45
25 64
52 56
42 77
44 81
24 8
26 37
40 48
34 27
56 1
16 61
26 24
9 64
1 28
18 32
15 78
76 41
59 47
14 20
41 60
18 66
69 45
23 28
10 56
54 65
59 71
45 2
14 53
67 14
80 2
45 14
79 40
57 55
5 72
76 47
51 13
33 37
57 55
64 66
30 37
51 6
25 13
9 39
66 75
52 65
76 15
79 74
56 53
48 62
44 41
27 13
53 61
49 27
33 31
13 64
67 63
72 12
75 80
50 60
73 19
43 68
35 41
60 9
13 25
70 56
68 16
70 38
76 37
67 28
69 81
12 55
61 1
66 55
80 33
35 70
54 79
58 6
39 35
16 51
61 6
26 46
21 14
4 17
52 72
46 38
70 57
10 50
59 76
24 57
28 60
46 81
56 21
7 14
57 22
64 36
27 10
81 50
25 4
68 76
75 33
33 64
10 42
33 68
37 57
44 65
36 8
63 12
28 71
25 5
11 9

8 28
8 6
2 8
1 5
4 6
1 4
3 2
4 5
6 2
5 2
3 1
3 8
8 1
8 6
5 7
6 4
7 4
5 6
4 1
1 4
3 8
7 5
8 3
6 2
3 8
1 2
1 7
5 7
5 1

56 153
53 2
51 22
3 52
6 30
22 24
45 36
14 10
43 24
31 4
35 15
29 12
15 5
27 35
3 7
35 8
54 16
9 32
37 51
11 42
25 17
10 53
36 7
6 23
15 37
10 49
35 38
44 33
26 54
11 29
4 30
36 41
45 28
1 25
7 51
50 15
11 3
11 31
50 1
53 8
21 46
56 55
28 27
31 37
25 9
12 54
28 37
42 40
37 50
46 15
44 26
30 54
56 23
38 36
30 2
25 13
56 36
40 14
1 48
39 9
3 20
21 39
46 4
3 39
33 18
10 20
27 40
17 10
46 39
29 20
40 37
16 24
1 39
37 1
30 3
9 17
23 29
39 52
16 42
34 48
43 44
11 53
11 12
6 56
50 34
3 33
54 19
56 54
41 21
54 15
23 7
15 29
19 53
24 19
22 42
10 48
13 5
44 23
16 49
6 9
10 9
25 8
11 9
5 51
29 3
9 35
49 7
48 51
4 55
13 9
24 7
1 36
11 44
42 10
21 32
18 14
40 26
21 50
34 10
44 46
52 37
9 44
43 40
22 30
38 19
23 6
25 7
25 19
34 51
28 54
26 29
52 49
54 16
42 16
9 13
45 4
49 53
31 20
20 53
33 2
15 55
47 23
45 55
41 23
33 12
4 2
40 55
50 21
15 19
36 7
32 9
11 8
45 41
11 9

79 378
56 5
39 18
15 56
40 50
19 57
10 16
22 35
29 30
27 17
30 51
41 33
8 77
69 55
56 34
69 71
10 74
6 27
63 61
41 24
6 59
55 69
50 52
24 78
2 25
15 31
76 31
39 58
28 33
58 61
77 25
70 71
30 71
54 65
32 52
45 66
28 34
36 54
33 34
55 57
23 6
28 44
7 55
46 14
9 2
11 33
46 2
62 12
31 22
44 57
66 5
59 74
15 33
27 23
8 59
45 68
7 73
7 13
23 28
27 6
29 12
38 50
68 74
61 73
16 79
50 2
4 30
76 72
62 77
15 70
31 35
33 38
28 39
25 66
26 31
70 38
43 40
26 38
21 73
53 21
43 30
78 72
1 71
30 52
6 74
4 40
27 41
42 40
40 42
2 66
47 71
78 10
6 78
47 1
71 75
75 34
79 74
2 54
40 31
26 20
25 29
35 51
44 51
65 5
13 66
45 59
32 43
44 37
41 65
38 32
35 8
40 34
2 16
8 16
46 9
36 45
37 70
70 2
16 56
60 29
42 25
62 74
67 26
6 3
66 18
9 21
26 48
55 2
39 37
18 5
45 28
50 57
18 15
33 8
70 13
36 8
37 73
56 78
73 61
1 59
79 63
1 25
31 30
26 44
41 18
49 61
45 73
38 37
8 45
45 53
57 55
60 68
48 36
41 17
71 41
50 70
24 25
69 29
29 70
73 70
8 17
26 28
64 38
64 46
3 4
19 34
59 53
22 2
63 62
18 55
77 68
45 75
67 10
78 17
54 71
7 61
62 7
63 46
44 48
67 46
51 6
54 5
34 75
7 17
32 78
71 4
41 12
78 29
21 76
45 74
43 26
30 25
32 14
46 75
36 33
16 61
13 69
66 46
39 72
38 45
45 29
48 7
40 46
35 17
54 4
59 79
9 5
31 76
25 1
32 57
70 13
44 34
53 65
47 20
23 12
65 51
59 71
66 79
1 75
16 54
79 75
53 8
54 58
4 53
33 10
30 77
76 48
31 50
33 77
69 55
9 29
27 42
20 67
41 20
62 31
48 61
26 21
43 54
53 21
27 60
5 31
57 2
54 8
26 7
59 69
62 67
73 63
4 13
25 44
8 7
50 55
43 50
51 60
25 78
2 26
59 60
32 11
36 6
19 36
12 77
26 48
40 19
6 43
6 30
62 67
12 32
18 54
2 68
34 1
41 10
27 74
70 58
6 1
63 24
37 49
75 37
72 10
30 77
53 35
3 10
23 14
41 15
67 17
3 75
18 6
19 13
50 76
18 50
34 16
7 57
65 18
49 75
47 22
23 3
24 32
79 37
47 14
78 38
70 73
55 62
53 73
74 23
44 66
48 52
56 29
30 17
47 53
12 14
74 9
70 72
15 44
29 36
32 2
73 76
75 49
59 48
17 28
46 61
69 14
33 20
42 37
36 9
11 22
77 59
30 67
52 44
7 55
79 38
57 73
35 27
17 68
74 33
70 15
68 59
28 76
79 45
33 35
28 18
57 25
52 61
67 78
1 73
53 79
6 5
47 15
31 38
3 1
46 73
69 34
27 18
5 26
37 13
36 64
30 67
64 56
48 26
54 48
73 3
23 78
7 44
68 13
57 70
67 23
38 56
31 40
48 36
65 5
23 75
69 52
62 28
4 6
53 57
28 46
59 50
19 41
69 7
53 46
52 40
43 64

95 320
59 65
22 51
85 5
91 79
40 25
70 2
44 84
60 34
32 3
44 95
24 11
56 45
68 16
16 28
24 60
49 82
29 71
37 19
72 30
94 16
51 66
14 94
54 74
32 86
73 72
82 93
79 42
42 51
55 57
75 78
21 29
64 47
1 3
65 69
29 60
82 76
30 95
74 84
70 7
71 47
79 57
41 62
3 82
15 57
40 89
39 61
19 5
9 19
4 70
88 29
34 71
9 64
70 79
49 42
85 24
88 68
80 34
32 82
17 46
41 57
36 76
19 55
77 27
70 77
1 59
10 34
34 15
94 6
93 47
47 80
70 36
49 51
66 80
38 83
27 78
41 63
55 56
19 37
82 88
18 79
49 25
14 82
39 10
84 34
56 35
18 28
71 66
78 38
48 17
25 74
91 62
41 51
22 56
87 5
49 6
80 94
30 94
77 66
8 66
1 60
2 15
87 72
77 67
15 29
83 36
5 79
95 42
31 21
3 19
23 48
21 7
46 51
2 27
18 9
92 15
66 91
29 54
67 10
25 78
36 10
16 40
85 15
81 20
32 83
35 51
35 55
58 77
7 59
9 21
65 2
35 92
63 85
61 70
15 40
7 21
52 46
10 63
28 26
95 16
57 50
47 16
9 29
20 65
34 40
34 32
75 65
29 39
51 86
10 62
30 16
82 61
88 49
86 15
45 3
71 92
49 84
5 74
8 66
9 47
4 41
26 65
66 62
21 56
71 79
85 87
66 68
49 55
19 39
70 63
41 42
56 87
30 58
62 37
28 71
81 29
16 8
93 78
69 15
38 42
94 24
33 61
89 78
20 12
22 86
71 59
33 32
50 59
89 17
93 21
84 78
49 1
85 44
78 56
55 20
2 50
43 31
12 33
10 32
44 31
19 20
87 48
48 41
12 38
54 9
58 42
83 9
39 69
49 21
29 8
40 27
55 80
54 66
17 64
94 58
91 18
74 82
62 26
25 73
60 75
78 22
22 65
27 57
39 72
78 64
80 19
91 36
3 49
6 17
14 2
71 10
16 49
91 77
71 17
55 35
92 37
53 18
4 77
71 42
53 7
34 72
2 69
71 48
72 84
61 73
59 67
85 12
63 66
79 22
18 75
56 68
89 59
49 65
2 6
19 8
40 90
10 13
66 54
84 54
16 58
15 83
47 26
47 15
10 27
36 24
4 91
91 89
54 44
55 52
50 74
60 89
65 66
3 32
24 84
83 36
43 2
23 90
27 66
6 33
93 41
54 93
34 49
86 87
90 43
44 21
5 34
85 70
33 22
93 21
6 30
64 7
53 55
30 20
60 63
17 2
18 11
35 66
2 24
57 44
64 5
61 68
35 47
42 68
65 36
85 70
65 53
76 19
12 11
39 68
70 52
70 87
63 9
54 61
29 16
6 92
17 66
64 52
14 7
21 79
42 10
53 9

34 357
27 18
28 34
19 6
13 14
9 26
5 20
27 10
15 27
31 23
34 27
8 6
23 8
26 33
26 29
28 2
21 20
28 22
28 12
1 6
25 17
5 29
2 31
4 25
31 9
13 4
9 20
9 5
1 9
3 26
11 4
28 31
24 21
26 25
6 34
4 30
16 8
32 17
12 10
15 16
18 27
27 26
20 1
30 20
17 7
20 27
10 13
31 7
7 30
31 12
29 34
15 10
15 12
1 34
21 15
23 12
16 15
3 1
24 7
29 6
13 14
33 22
34 3
29 6
33 25
27 33
5 3
21 24
11 29
19 25
17 30
14 32
7 15
29 13
17 34
33 30
6 20
3 9
22 8
15 21
6 7
27 10
17 21
7 27
15 25
26 6
29 5
11 1
27 5
21 9
12 19
12 18
12 14
34 8
29 14
28 8
28 17
11 14
32 11
3 22
10 8
16 15
18 24
15 30
10 24
7 2
9 24
14 31
31 29
33 10
22 7
12 23
31 22
10 28
6 12
24 16
27 5
4 18
29 26
13 12
23 20
14 32
17 1
2 14
29 34
31 24
6 8
20 11
3 29
4 9
7 27
32 7
6 9
25 8
34 3
19 23
30 32
28 13
6 29
26 34
2 22
31 16
4 16
26 6
11 3
22 25
4 19
31 17
1 29
24 9
6 8
5 1
6 32
13 19
34 12
19 1
8 15
24 11
5 15
16 15
26 4
5 29
30 9
11 5
4 34
13 9
15 17
17 28
22 30
13 29
7 5
29 22
19 32
23 7
14 11
6 25
23 34
28 32
18 32
9 25
10 25
14 34
7 29
2 19
23 17
23 26
4 16
18 10
12 24
31 23
30 21
11 3
14 16
29 20
24 27
3 14
6 3
21 13
5 30
5 28
20 2
19 24
17 10
33 2
7 29
32 10
23 17
13 10
32 15
29 30
7 32
17 13
8 11
33 12
7 11
13 34
12 5
23 2
14 29
4 21
31 9
30 27
25 16
3 31
30 5
26 11
10 16
31 25
27 29
3 7
13 23
6 25
28 3
26 7
5 3
1 10
12 31
2 10
12 6
16 25
5 34
34 21
30 25
21 32
1 10
23 14
34 24
16 34
5 29
10 5
4 29
9 13
5 29
33 10
10 23
15 9
30 9
12 20
29 9
28 3
18 25
16 26
14 6
33 18
34 8
31 11
3 5
31 7
33 29
24 16
25 4
32 21
12 9
6 14
17 34
24 9
32 6
34 11
11 32
3 18
13 33
28 15
3 32
29 10
27 19
25 17
30 23
11 16
31 17
29 22
24 19
30 21
32 3
5 8
8 7
33 20
13 34
9 24
31 3
33 31
29 31
22 25
19 32
6 24
22 8
19 11
26 14
5 31
24 18
12 31
24 10
24 11
9 6
34 6
9 32
2 3
28 31
1 21
29 6
18 16
14 2
1 13
23 5
10 20
30 21
24 28
31 13
4 13
19 3
26 1
8 2
11 9
32 12
3 26
25 20
8 4
29 8
17 25
20 34
10 16
20 33
9 24
20 11
12 22
2 12
3 30
11 1
15 14
34 6
7 17
2 22
7 26
16 6
2 31
34 8
13 31
27 32
7 4

15 105
12 3
12 3
13 4
14 9
12 1
1 9
3 5
12 8
12 9
12 10
8 11
11 6
3 15
8 15
11 10
3 5
14 4
8 2
4 8
2 13
4 13
10 3
9 13
12 5
7 11
7 9
1 9
11 15
1 2
3 2
12 7
1 10
2 15
3 13
7 4
10 2
2 4
4 10
1 15
7 14
2 13
8 3
14 10
9 6
4 3
8 15
2 15
1 3
14 3
15 12
6 10
13 14
13 1
1 6
8 7
4 9
11 3
3 9
13 4
15 1
6 14
7 5
7 10
3 1
9 6
13 10
3 12
15 3
4 5
2 10
8 11
12 3
13 15
1 4
7 14
2 13
5 13
11 6
7 3
7 12
15 1
14 3
15 8
6 4
10 7
4 12
4 6
9 1
12 2
4 3
15 12
7 11
9 2
7 11
8 3
2 15
8 5
15 2
10 1
9 13
12 4
10 13
11 6
6 15
12 9

64 242
14 58
28 63
37 42
32 41
64 43
42 26
46 17
11 60
16 41
36 54
30 26
24 44
38 14
56 29
35 54
37 48
47 64
46 20
42 13
60 41
55 37
2 37
53 12
32 5
52 3
58 18
29 18
61 2
31 52
31 2
41 3
49 24
2 31
43 38
19 34
10 20
6 62
32 37
2 19
39 60
36 3
13 32
5 43
20 35
44 60
37 29
19 38
59 61
17 37
34 35
6 43
55 11
41 22
47 42
40 22
37 12
24 49
43 28
28 62
62 7
58 34
35 12
8 29
9 24
2 42
58 7
21 48
18 61
5 64
38 45
21 11
56 45
59 34
8 22
32 6
29 25
39 63
36 46
28 44
5 29
22 63
35 42
46 52
38 51
52 11
31 8
21 22
52 16
55 60
37 22
1 46
39 64
18 21
27 61
25 55
18 23
25 59
5 13
32 55
64 43
21 7
63 42
59 14
32 54
51 54
54 51
35 28
50 52
48 12
49 9
2 31
27 61
35 39
28 25
38 6
45 44
5 22
38 18
54 27
4 43
16 55
13 44
40 1
27 52
49 35
53 50
2 15
46 36
53 10
61 26
15 41
6 19
63 43
37 52
6 40
30 21
30 42
64 6
42 27
57 26
61 45
12 62
60 57
34 48
2 30
10 17
6 15
35 4
57 7
55 62
47 20
19 12
62 18
17 39
44 9
1 41
54 12
38 49
4 7
32 6
36 41
22 42
55 56
45 48
63 36
45 55
63 56
52 17
9 27
60 17
27 36
6 38
10 54
41 16
22 46
52 62
3 29
53 59
9 36
57 44
16 37
35 15
28 22
31 36
48 26
53 10
62 58
47 7
48 24
22 5
5 9
2 8
37 54
2 46
25 58
25 41
30 59
55 57
17 21
29 64
46 17
10 43
10 56
49 57
15 7
61 20
15 63
27 52
52 28
33 13
21 57
53 50
52 43
42 4
63 6
3 44
22 12
23 32
4 7
24 18
13 21
37 28
19 63
15 6
26 47
18 46
39 6
31 26
48 9
29 46
14 32
26 36
43 48
3 46
54 26
64 3
46 36
30 64
35 44
6 60
26 23
42 64

16 6
10 12
16 6
10 14
5 3
1 16
2 3

34 178
34 22
27 34
14 4
25 8
13 12
13 8
3 32
4 25
32 11
28 11
22 33
10 1
31 22
10 16
4 10
19 12
32 19
11 19
31 9
26 9
29 4
17 5
2 28
3 7
12 4
25 33
3 1
33 7
22 16
31 34
26 23
11 23
15 29
7 11
3 6
20 5
17 10
9 26
11 32
22 23
31 28
25 31
27 5
26 16
9 25
7 31
1 3
20 29
17 30
6 22
15 10
5 32
27 30
8 11
2 3
33 32
31 2
23 10
1 4
18 26
19 23
34 21
8 3
4 11
8 33
34 25
3 31
17 7
13 28
16 15
34 13
11 31
22 7
14 22
19 31
21 3
27 21
31 8
23 34
19 4
33 18
28 9
22 11
23 34
12 4
15 19
24 33
15 11
6 2
7 24
33 27
34 33
13 30
7 9
4 25
12 10
16 6
18 3
24 7
3 1
18 25
27 8
23 8
26 28
9 32
25 15
25 24
22 11
28 20
31 26
5 14
15 10
31 17
7 11
27 15
29 17
8 10
14 23
1 7
5 33
6 20
31 3
15 30
8 34
34 7
13 21
30 18
11 3
2 4
17 4
20 32
13 7
20 22
22 25
28 27
18 24
29 32
4 33
13 12
6 19
24 27
13 19
10 23
29 11
26 20
23 20
17 1
26 3
22 13
1 15
13 18
12 16
23 16
22 1
1 27
27 32
19 13
16 2
1 19
21 1
4 9
20 17
19 30
5 6
30 27
18 13
5 7
9 28
28 9
2 29
9 33
13 21
22 23
30 6
17 30
9 25
23 3
15 32

38 300
20 22
26 12
2 24
29 31
20 25
8 30
8 18
14 6
5 12
33 19
2 22
25 22
38 11
15 1
5 1
8 24
38 33
13 17
35 3
9 32
6 32
1 29
27 14
34 32
4 7
28 5
28 14
5 6
3 35
6 7
13 29
8 13
2 20
7 36
1 16
7 22
25 7
12 14
36 23
23 1
29 12
22 19
25 26
24 27
38 7
33 12
13 2
2 14
38 9
27 16
2 33
37 26
1 26
17 37
10 1
15 17
12 36
13 15
1 14
19 38
36 14
28 10
31 7
2 8
31 28
1 32
1 15
36 17
2 30
31 28
9 8
22 36
21 34
12 22
9 31
37 6
22 4
31 30
11 32
16 3
38 16
13 16
31 26
32 10
17 3
37 3
10 20
1 30
31 12
29 17
20 28
22 19
31 11
19 2
26 22
17 19
12 32
11 37
4 21
31 6
35 34
31 33
12 38
25 23
29 4
21 34
3 1
4 11
27 23
13 14
22 7
33 1
21 9
20 3
17 3
16 28
33 26
1 32
12 2
22 31
38 17
12 38
21 38
27 21
12 18
4 35
12 36
13 11
22 32
29 38
34 6
6 28
31 6
37 21
23 21
29 22
15 18
22 13
18 26
33 7
5 36
3 33
11 15
5 32
8 33
10 19
17 15
24 25
36 23
23 21
5 14
4 35
31 3
10 26
28 20
33 11
18 13
5 6
28 25
16 13
35 25
10 29
17 33
16 14
17 38
12 37
29 16
34 38
34 21
25 24
2 35
12 35
10 32
3 15
18 27
30 20
14 21
36 9
36 27
25 13
1 2
4 32
13 3
27 33
27 28
12 24
1 25
11 10
5 25
27 38
29 35
35 5
17 10
13 14
36 15
26 14
16 7
7 6
9 12
16 14
1 28
15 18
30 25
27 34
27 32
11 17
28 7
37 6
16 11
35 29
4 38
5 35
7 27
3 15
38 18
6 17
7 20
34 14
6 38
25 10
9 35
27 14
19 25
35 34
14 31
3 17
9 7
13 15
33 15
7 11
33 13
27 17
32 38
9 16
15 33
25 24
8 29
37 26
16 34
38 7
4 2
1 12
24 29
4 18
6 11
28 16
23 32
10 32
31 34
9 8
7 12
9 14
2 23
17 33
34 16
1 38
33 17
27 18
8 31
14 29
19 3
22 3
13 9
12 5
5 21
28 11
10 36
24 11
21 2
22 16
34 38
31 28
17 36
24 28
37 14
8 17
35 26
29 5
37 34
25 35
1 35
6 37
36 33
19 16
16 12
11 31
21 16
9 18
17 32
7 15
23 30
32 35
33 38
18 31
11 4
6 12
17 27
10 14
21 6
29 14

43 65
33 35
3 41
3 17
6 38
25 32
19 14
28 40
36 22
30 4
3 9
25 11
7 26
14 24
40 30
41 15
43 22
7 37
20 1
10 17
31 26
40 6
39 24
38 24
2 16
27 40
24 8
7 30
25 12
10 13
42 43
27 33
21 25
26 32
18 35
40 5
18 37
2 5
17 31
20 11
3 38
42 26
2 5
5 18
17 6
30 7
40 6
39 18
30 21
41 39
4 38
43 13
31 37
10 39
24 29
41 27
24 39
1 17
36 40
27 9
38 5
7 34
10 2
8 32
14 41
27 9

52 358
49 24
24 23
9 39
51 5
48 11
24 44
21 43
21 40
18 27
1 27
21 12
48 23
16 45
11 19
3 40
45 51
11 16
49 48
3 47
52 50
34 51
17 30
42 38
17 35
40 17
38 36
4 33
7 19
2 45
38 4
33 6
30 43
22 26
38 52
48 13
25 5
40 42
34 29
3 50
39 18
43 24
2 46
33 36
13 10
28 26
41 36
31 18
27 28
19 40
27 42
29 52
47 16
17 28
20 47
2 34
12 44
6 13
13 14
24 1
23 52
26 39
35 33
4 37
8 50
1 11
39 5
10 33
20 2
37 39
48 14
20 35
5 1
24 45
42 47
46 40
22 47
26 5
3 5
17 11
2 45
21 17
49 6
49 16
7 9
30 22
26 12
2 11
47 20
6 16
7 27
38 9
7 41
13 52
27 43
44 23
7 17
4 31
32 38
40 38
15 37
39 2
39 16
13 9
35 46
24 18
20 37
26 3
25 14
2 27
32 21
49 14
37 52
45 37
8 30
27 44
44 5
30 7
17 38
42 38
37 35
33 22
36 35
22 49
12 49
5 33
21 18
45 49
38 37
9 45
42 36
37 9
40 42
16 32
4 33
17 16
15 49
13 50
8 35
22 19
7 2
27 3
20 51
5 32
8 50
50 43
10 6
6 27
21 37
30 29
29 22
19 25
34 44
8 44
14 3
50 15
29 1
10 24
27 15
32 34
40 29
52 25
34 5
51 31
17 5
7 45
26 46
7 45
1 51
6 3
48 49
8 24
34 31
51 24
38 8
11 14
8 11
24 12
10 2
29 14
36 49
39 37
42 45
30 19
19 11
49 43
35 4
14 17
11 40
40 48
48 27
38 3
37 9
42 46
38 46
35 21
19 21
34 8
42 39
2 36
49 51
26 8
30 16
24 16
3 39
40 26
13 25
4 50
33 46
19 18
15 2
14 33
50 23
17 15
9 46
51 34
20 52
41 50
15 12
41 46
26 28
19 39
52 23
12 8
44 6
1 34
35 15
43 9
13 7
23 22
52 49
3 48
49 19
45 11
6 33
4 31
37 51
17 36
49 4
44 16
10 44
49 20
34 39
28 47
21 51
44 49
23 22
44 47
40 12
34 45
20 13
23 4
11 16
40 7
47 7
22 32
50 47
52 8
33 27
2 30
1 21
26 24
42 17
18 29
4 51
49 23
40 47
27 50
10 42
33 24
30 12
49 24
11 4
33 38
33 10
14 1
35 13
42 27
31 46
30 5
42 52
44 37
2 18
22 19
50 2
42 3
42 15
27 52
18 7
13 27
16 3
27 50
15 45
52 45
38 29
26 28
4 45
40 34
38 9
28 11
39 46
14 28
8 40
3 25
46 44
51 37
46 2
10 8
46 9
29 31
37 30
34 16
22 49
49 36
6 25
46 20
18 7
23 25
22 25
25 43
44 52
27 37
1 36
45 22
44 49
28 4
26 38
20 23
34 16
6 15
16 52
34 9
34 4
33 32
5 34
22 48
9 49
9 37
8 1
6 52
25 33
31 50
46 50
20 28
42 2
42 33
1 24
42 10
3 50
41 35
31 39
7 15
35 15
51 42
43 4
17 15
13 48
12 6
21 7

51 79
6 45
28 4
27 36
2 21
17 13
24 38
31 17
41 49
24 48
20 41
36 27
47 51
4 2
3 31
49 31
25 4
49 1
32 24
10 33
45 1
20 42
12 24
7 26
22 4
22 41
18 7
41 38
31 19
39 33
49 10
38 22
38 9
48 19
7 6
25 31
18 15
42 46
17 12
49 38
26 15
44 40
1 24
7 13
30 4
47 41
51 34
24 47
26 30
26 50
3 6
17 42
21 7
36 37
43 33
49 42
21 15
30 46
12 11
7 16
14 2
5 38
9 2
7 34
31 33
33 7
12 23
48 6
3 32
43 45
38 40
9 7
28 38
26 40
48 32
4 36
8 33
47 16
35 3
50 39

100 137
95 90
45 68
10 99
4 28
10 45
90 70
9 65
59 48
30 50
97 14
39 18
17 82
76 52
41 21
87 11
9 81
100 53
100 62
3 55
89 64
100 79
33 8
43 44
7 24
93 55
37 31
72 5
12 100
9 5
72 95
15 81
27 67
85 78
80 88
33 68
51 32
98 36
91 40
79 49
63 71
4 51
1 27
8 64
78 16
20 50
62 87
30 40
5 14
17 84
53 1
51 56
32 49
91 74
40 21
23 55
91 78
57 43
56 64
58 34
31 78
83 92
64 83
68 29
52 51
34 52
53 89
36 53
31 9
93 51
31 99
93 60
55 87
16 71
44 1
1 73
83 45
36 98
27 55
78 57
11 30
62 51
65 14
81 25
58 31
8 56
75 67
63 61
34 33
5 34
33 77
16 77
65 56
71 43
33 80
5 14
41 56
30 54
36 55
64 19
14 19
45 80
81 6
14 65
10 47
98 38
15 26
54 31
33 25
73 18
4 30
31 96
85 13
49 72
19 64
90 32
83 35
11 15
92 76
80 53
75 29
90 89
6 96
19 39
20 44
56 75
73 38
70 57
50 70
28 20
34 70
51 68
56 14
34 47
89 13
99 15
93 40
3 99

9 36
6 1
5 7
3 2
3 4
2 6
3 4
1 4
7 5
3 8
9 4
8 1
2 6
6 4
8 4
8 2
5 3
8 5
2 7
1 5
9 4
6 7
7 1
4 1
1 9
9 3
7 8
4 2
4 5
7 5
2 9
7 2
5 3
2 4
9 2
6 5
1 3

92 134
85 31
9 30
39 1
52 19
49 50
62 43
2 91
5 21
26 35
30 16
36 84
21 8
3 83
44 87
53 27
52 45
5 60
75 43
8 74
10 56
31 71
47 72
17 51
1 83
33 70
6 16
61 27
24 63
57 15
57 18
81 57
10 85
64 84
75 72
65 84
35 43
11 29
23 27
28 63
17 8
40 63
24 48
37 87
19 1
49 23
58 37
27 68
69 91
7 51
70 20
43 52
62 1
81 32
67 56
2 84
63 81
2 34
37 38
68 3
78 24
65 84
60 92
59 76
90 13
35 67
32 25
66 42
25 2
73 91
57 23
30 28
11 71
9 47
56 77
89 82
8 62
73 16
61 79
39 6
91 73
20 71
45 85
20 17
87 40
56 51
62 33
26 73
12 75
67 15
59 64
4 14
33 76
69 41
62 16
46 9
36 65
79 81
57 6
5 91
45 8
90 55
41 63
75 52
45 49
66 51
60 18
13 40
1 81
80 11
4 73
59 80
45 68
50 90
20 88
82 28
85 44
68 4
26 67
88 23
80 47
82 5
59 70
46 87
5 56
39 78
62 26
70 14
41 67
51 60
63 40
35 3
32 50
6 5
24 2

23 253
19 5
10 2
5 9
19 9
12 5
17 21
7 18
5 1
15 9
9 2
20 5
22 1
4 3
18 22
1 23
17 22
4 12
3 6
2 11
12 6
22 9
7 10
14 1
18 16
9 20
12 23
18 4
23 15
1 11
14 1
11 1
16 8
7 18
13 8
22 18
7 14
21 7
23 11
8 12
20 10
2 3
9 19
6 8
4 6
13 11
23 17
12 15
1 12
3 7
13 2
2 19
15 22
3 9
3 4
20 22
13 21
18 22
10 1
23 13
23 12
1 23
5 6
8 5
17 11
6 12
1 18
20 22
20 5
18 17
1 10
7 21
5 7
22 4
20 21
10 14
14 19
22 13
6 3
18 5
8 18
22 4
10 13
9 21
6 3
7 12
1 5
10 1
20 8
14 18
17 4
2 1
16 23
13 15
19 1
19 3
12 18
7 21
7 9
18 6
11 19
18 5
17 21
6 14
5 13
2 15
17 3
16 3
20 22
18 15
23 13
18 11
1 3
7 9
14 13
13 9
1 18
20 15
23 10
20 6
11 5
22 7
20 19
3 13
7 18
12 19
12 16
20 6
18 20
8 3
3 20
11 20
14 1
12 7
10 2
13 14
6 5
21 20
17 23
9 23
11 14
19 16
23 9
21 12
22 5
14 19
19 18
9 3
19 20
4 5
15 16
13 21
14 10
11 8
3 13
7 8
3 19
23 19
21 7
14 19
20 3
14 15
11 10
8 14
8 22
23 20
13 23
23 14
20 6
15 4
8 4
3 21
19 17
4 9
7 1
11 20
9 15
1 12
22 14
19 15
13 10
4 20
9 21
10 22
3 18
2 5
16 22
2 11
9 22
13 15
16 17
6 1
8 6
12 1
20 2
15 9
11 12
22 13
3 9
12 23
20 7
21 12
22 16
22 8
14 5
16 1
21 1
23 4
7 23
17 2
14 19
6 19
18 22
20 23
15 16
1 12
22 16
4 20
23 17
19 16
17 16
7 12
15 10
12 14
20 7
21 16
12 11
10 23
9 6
17 15
17 5
13 9
8 4
3 18
22 12
6 8
18 11
23 22
22 7
18 22
22 10
10 9
13 9
11 12
19 4
4 12
2 16
15 9
13 11
3 11
22 2
19 10
12 8
4 12

96 340
79 57
20 75
91 57
6 80
32 47
11 68
27 58
76 46
65 59
94 40
64 36
92 69
94 60
90 81
51 23
12 34
79 95
76 41
23 50
25 55
96 3
90 27
28 69
72 93
95 37
36 30
73 95
66 38
26 59
22 44
81 1
77 32
96 25
40 86
74 32
12 41
35 5
35 62
41 75
26 39
79 29
68 23
91 38
60 20
96 50
64 49
50 12
80 17
36 23
7 77
23 18
86 25
87 24
86 31
2 80
70 81
12 9
7 71
46 35
90 14
84 57
62 37
69 13
54 72
3 28
21 25
13 10
49 67
33 7
2 3
86 39
83 65
47 57
7 61
91 1
74 46
57 7
83 93
19 8
37 21
3 57
46 15
66 62
82 66
68 51
68 25
57 22
58 71
79 64
35 41
32 76
87 57
82 41
53 68
48 57
89 50
17 6
32 50
67 81
20 7
3 55
31 59
77 56
2 27
88 4
35 23
48 25
79 33
65 4
5 80
60 61
1 45
66 1
94 4
81 10
52 8
9 78
84 64
79 78
55 51
16 46
2 41
28 2
73 95
6 25
59 34
25 7
3 25
68 7
74 21
80 29
28 88
10 79
56 57
60 78
11 75
91 12
83 87
77 28
85 83
52 47
84 44
21 87
37 57
61 14
77 44
10 72
36 83
54 59
43 81
8 21
59 3
96 14
89 77
41 77
31 60
92 18
7 80
72 43
40 36
24 84
48 33
59 83
20 16
13 30
64 84
51 27
86 50
8 46
94 16
91 28
75 86
46 49
37 21
60 77
25 83
64 72
84 91
26 7
10 38
4 42
25 54
68 79
72 43
28 69
58 86
1 4
75 14
52 16
34 79
60 26
66 91
1 21
85 26
91 63
31 94
8 24
52 43
6 91
85 1
63 14
87 31
17 33
12 36
16 14
19 43
39 52
38 40
72 26
33 66
56 64
63 55
82 9
60 76
61 28
11 74
82 9
90 19
21 94
2 34
16 45
72 35
82 79
74 75
16 11
35 47
41 1
5 27
74 32
70 38
27 48
16 13
57 73
95 45
70 96
46 53
44 85
55 93
68 32
72 51
42 10
65 83
10 37
77 51
68 18
89 94
66 72
74 90
48 72
38 86
72 51
42 83
39 65
80 74
96 55
28 10
32 60
60 9
96 40
60 67
57 52
33 90
27 74
83 42
50 88
31 89
42 41
75 49
9 26
26 72
48 22
81 79
81 44
88 81
51 19
19 76
70 19
69 64
93 56
9 14
15 8
6 25
48 73
24 74
66 95
89 87
48 72
40 59
31 88
14 17
10 57
86 93
29 21
89 52
93 6
67 68
75 59
83 26
3 10
67 68
73 60
27 24
3 66
50 1
25 31
17 34
87 70
94 20
90 86
71 54
59 9
26 37
35 12
31 37
86 1
9 62
60 3
53 30
36 6
30 60
5 46
61 91
19 59
78 76
48 21
34 75
93 27
15 32
6 13
68 91
14 44
56 41
14 76
71 49
50 4
12 54
18 73
16 36
35 94
80 50

13 78
11 10
7 5
7 12
3 11
12 9
6 7
1 3
6 13
10 13
3 11
5 11
9 13
13 10
13 4
10 13
13 5
6 3
10 5
2 9
1 9
4 3
11 9
2 9
10 6
1 7
12 13
4 12
12 3
13 4
12 1
5 7
12 7
3 4
10 13
6 5
3 8
4 1
11 2
10 3
2 6
3 9
1 13
3 6
13 3
10 4
11 8
11 3
11 9
2 5
3 7
12 8
9 11
9 5
13 12
12 3
1 10
5 3
9 8
9 12
4 12
11 1
11 13
11 7
4 5
11 10
3 5
5 1
1 11
2 12
10 6
2 6
13 4
1 8
12 11
8 4
10 6
4 7
7 4

