20
100 353
14 66
56 55
76 57
76 49
62 90
88 24
50 92
17 71
5 84
59 23
20 97
6 2
4 67
95 64
13 80
77 78
46 85
32 21
93 7
21 6
48 9
82 97
52 98
20 9
82 30
31 53
27 36
54 82
2 100
98 66
79 26
43 76
62 74
49 55
33 69
12 80
29 93
29 81
43 48
89 24
29 19
76 55
54 81
89 7
32 86
24 62
63 66
38 25
91 38
79 23
58 42
55 87
35 83
19 77
82 7
52 10
77 79
17 82
11 57
40 94
94 63
55 56
80 44
80 70
81 10
45 39
4 51
77 38
85 95
66 18
53 69
79 81
99 47
62 9
3 1
54 48
15 8
4 46
4 35
67 84
45 63
74 48
13 50
37 49
96 54
66 48
74 45
28 72
91 41
32 46
93 85
93 7
44 96
4 47
31 71
31 27
33 56
26 46
58 14
94 53
67 12
53 40
56 32
63 46
73 94
43 65
78 36
24 21
31 27
20 13
49 2
91 82
57 68
79 66
81 24
19 99
35 23
90 54
52 88
78 45
82 43
74 17
18 47
100 96
66 64
45 67
55 26
75 22
56 41
55 79
11 53
14 33
43 55
86 94
94 16
91 76
10 16
44 27
62 43
74 79
7 18
97 61
95 72
34 50
12 88
81 22
93 46
54 35
52 91
80 98
6 70
73 67
38 16
93 99
11 67
30 17
36 26
29 83
97 14
84 60
2 64
81 46
61 86
80 13
29 59
10 86
81 34
53 18
1 97
68 11
15 97
79 51
75 7
85 71
21 68
31 74
84 63
19 44
1 50
8 29
60 17
66 40
2 18
9 3
15 29
13 81
77 44
83 51
50 67
74 22
35 56
47 70
18 17
13 18
66 21
98 26
89 64
17 91
33 78
93 47
58 57
80 34
100 62
37 2
29 10
75 15
65 22
84 34
90 96
52 56
68 1
33 57
64 1
47 97
30 91
95 87
99 74
73 51
36 9
52 16
70 26
30 34
99 13
67 89
60 70
96 28
23 80
36 86
80 34
34 62
24 29
48 74
54 72
24 41
80 75
56 49
53 37
34 3
1 53
43 61
74 38
40 96
69 75
82 1
60 67
62 83
95 61
56 1
33 32
41 64
6 49
13 10
85 98
13 86
50 7
98 76
45 37
71 65
63 4
65 22
71 26
56 65
39 63
65 23
94 58
86 52
6 50
61 90
48 25
27 49
32 24
24 28
12 95
92 74
98 9
47 20
86 2
37 24
17 1
46 10
10 32
61 15
33 74
57 80
50 35
81 59
4 60
70 50
4 96
100 12
42 19
97 96
55 21
12 8
18 73
69 1
86 36
34 59
92 65
8 26
45 41
36 1
100 6
50 55
53 1
66 94
72 15
41 26
87 52
85 4
25 54
5 62
89 90
20 32
54 79
9 99
71 45
99 23
2 100
77 6
1 43
99 24
57 40
1 43
43 86
98 19
91 54
80 31
43 51
14 97
30 22
95 100
18 45
22 19
96 99
24 48
93 75
71 1
66 72
95 8
9 92
79 51
46 58
81 40
9 94
36 90
15 82
89 85
78 63
3 74
13 79
21 57
5 92

50 360
15 3
31 23
46 9
23 43
19 5
33 27
48 18
16 14
2 6
48 29
20 3
2 34
33 23
40 39
16 48
10 32
2 40
6 48
1 30
40 19
34 24
45 33
42 12
46 45
19 46
23 41
50 25
24 32
49 16
22 16
15 31
47 17
22 2
16 22
31 7
40 16
31 36
48 24
47 43
18 40
40 8
39 16
31 22
14 48
43 29
13 25
27 31
47 30
46 18
10 4
10 25
34 45
24 9
44 19
28 11
8 20
20 49
35 2
20 1
50 15
31 12
39 8
42 35
37 39
5 49
42 14
25 28
10 49
38 5
19 16
17 26
35 36
26 19
38 46
19 37
12 50
50 9
43 37
47 33
41 47
24 6
24 3
17 24
41 22
42 8
38 19
42 24
45 12
13 42
33 1
3 34
50 2
42 44
40 26
30 37
1 37
10 4
4 35
46 25
26 5
14 44
46 37
38 9
49 29
41 1
31 24
50 35
17 43
24 9
20 6
45 21
42 6
26 47
40 23
23 17
27 37
10 24
23 50
32 24
28 23
24 11
48 26
47 15
20 22
23 40
27 19
12 21
26 39
17 11
40 33
37 28
44 10
2 43
41 27
23 15
1 35
13 28
31 29
49 2
3 40
31 21
1 48
39 19
14 1
10 48
37 41
48 39
34 41
15 8
5 17
42 19
44 24
47 45
25 49
34 5
21 35
7 18
25 26
33 26
35 30
14 24
23 14
12 8
4 28
15 10
45 6
31 40
31 27
34 5
28 18
12 50
4 20
20 30
45 2
7 32
34 21
5 8
34 18
15 39
45 31
50 41
38 30
31 18
9 16
24 36
35 37
40 7
6 20
1 10
26 34
45 48
40 2
33 9
18 21
4 48
23 46
35 2
28 2
10 44
25 47
30 12
36 20
18 41
41 20
50 18
4 46
16 45
47 50
4 14
23 9
13 45
4 47
46 32
50 8
27 25
6 38
41 27
5 34
17 24
35 37
29 31
4 26
27 3
31 43
25 39
5 19
44 4
17 27
3 26
3 29
33 11
16 26
37 20
11 6
46 45
44 26
25 47
3 4
49 33
48 26
23 4
46 17
7 12
43 12
39 48
40 24
8 6
49 46
27 9
1 24
5 44
2 30
42 4
35 41
39 34
18 11
37 13
27 46
27 22
7 15
19 46
40 28
3 38
23 32
48 24
7 5
19 10
36 11
16 20
3 4
3 20
14 41
34 43
36 10
16 44
27 36
42 16
13 46
6 35
27 5
8 36
9 29
45 44
41 12
15 43
15 19
14 31
12 49
25 47
9 40
41 37
25 34
2 37
29 9
21 8
14 31
43 24
11 39
20 1
1 34
45 17
5 10
47 16
8 21
14 18
12 6
4 36
39 8
24 18
16 47
25 31
27 19
5 39
7 24
41 9
9 35
26 15
46 22
30 3
45 44
23 6
49 28
42 40
35 17
7 3
13 33
35 41
1 39
29 9
14 19
18 25
5 45
39 50
16 19
5 10
14 29
18 14
6 11
3 43
27 11
45 40
43 31
30 45
20 11
4 35
31 23
11 36
17 50
35 34
20 41
46 35
19 13
50 25
23 3
19 49
15 40
10 45
22 6
16 32
9 3

45 325
28 32
39 24
34 40
13 11
20 14
35 2
29 16
26 33
1 36
7 45
1 23
14 7
29 25
45 39
27 23
27 16
17 27
40 12
21 7
22 40
21 18
3 11
40 28
43 40
26 11
39 26
34 15
39 17
39 45
17 27
22 43
42 38
32 43
11 14
5 33
9 32
5 18
4 45
8 1
1 33
11 40
20 6
9 20
29 9
19 1
42 2
5 45
2 36
43 12
5 9
44 20
2 11
44 5
17 6
5 17
45 22
18 19
28 26
38 11
41 18
11 37
20 16
44 21
13 41
32 24
4 38
5 12
3 4
16 19
9 27
42 9
3 15
34 30
2 27
41 43
44 13
41 25
35 39
45 3
34 39
33 44
31 38
10 40
41 32
20 11
13 16
19 16
30 15
45 32
41 2
36 1
22 31
26 11
25 32
20 25
8 26
10 45
42 4
40 29
30 5
41 1
31 18
37 45
25 30
2 26
20 2
9 6
34 20
37 21
39 18
7 1
5 24
45 2
34 1
30 19
6 32
19 43
5 17
4 36
2 5
23 21
13 32
33 2
6 31
29 44
4 42
7 8
20 13
16 14
45 34
26 39
14 23
5 30
26 40
31 37
17 7
4 10
1 12
15 32
2 21
35 44
34 4
25 1
20 40
14 26
35 1
19 3
30 33
17 31
25 8
3 38
12 39
30 34
25 32
16 21
30 4
24 16
4 43
11 25
31 45
25 11
10 41
42 26
26 28
41 35
21 14
9 14
43 4
45 29
19 20
20 29
5 43
32 10
8 11
40 14
43 5
23 14
7 26
1 40
16 41
36 9
6 11
14 16
17 4
34 36
31 17
2 28
11 42
28 5
17 25
17 40
38 30
27 1
31 42
41 22
39 12
34 4
32 5
20 35
38 17
20 17
19 9
27 29
12 16
41 29
41 19
23 40
3 11
40 34
8 43
17 1
9 5
12 2
9 38
36 9
10 18
25 35
33 13
25 45
35 20
28 37
45 12
32 3
22 33
43 36
37 21
37 7
25 10
8 41
2 44
4 18
23 35
7 10
9 32
9 43
13 36
35 13
2 28
22 24
15 26
14 7
1 12
13 25
21 27
30 26
30 2
3 19
16 12
34 2
28 32
21 18
28 33
27 10
16 12
31 41
25 44
41 44
19 28
26 1
9 10
26 1
19 35
26 34
1 15
42 28
1 17
8 35
12 34
44 27
45 29
30 31
28 32
36 1
21 17
8 30
33 37
13 22
17 8
29 31
4 19
38 28
33 27
1 28
32 34
27 16
18 19
5 10
12 32
33 19
23 27
13 14
40 41
31 2
31 23
13 11
23 2
43 4
2 25
43 35
13 15
32 24
26 3
42 12
35 22
35 16
34 3
17 29
40 26
21 18
45 32
2 1
29 12
2 16
9 43
28 21
19 21
6 44
23 2
18 19
30 7
42 18
16 13
8 11
45 29
35 44

68 263
46 19
18 61
66 62
39 3
26 51
5 18
67 10
60 32
4 44
66 32
62 44
28 30
64 58
34 67
42 12
52 68
38 45
66 39
15 8
4 5
12 21
3 21
13 2
61 16
45 66
55 47
41 22
16 45
11 50
51 60
1 34
60 38
10 65
8 32
4 20
45 15
40 55
44 52
57 36
7 41
41 2
27 14
23 43
66 34
24 48
25 24
13 24
2 31
20 17
2 23
36 54
46 8
41 21
67 37
64 14
9 36
15 36
57 37
18 54
10 41
41 43
4 62
66 5
24 18
22 33
40 65
19 17
4 59
45 11
27 40
24 43
16 38
10 12
14 27
6 24
7 46
66 11
39 63
23 2
20 52
35 68
49 53
24 60
51 1
2 17
48 25
59 3
2 9
15 16
43 20
47 58
5 52
8 44
54 30
45 6
22 19
5 2
11 28
61 36
63 17
16 27
8 26
37 24
40 52
6 67
38 63
4 21
2 55
6 40
39 11
61 58
23 62
68 51
62 1
26 56
17 49
23 32
7 59
55 54
50 61
53 19
63 64
47 65
50 52
36 28
3 28
17 25
29 25
15 22
25 49
18 49
29 48
13 43
38 7
29 27
7 21
53 10
16 31
6 5
22 49
32 16
57 65
44 13
19 5
45 67
30 33
36 9
53 10
54 60
38 12
6 58
4 15
13 42
28 17
4 16
49 35
31 37
39 14
57 58
19 41
64 56
5 31
65 58
41 50
57 18
2 16
5 25
28 47
52 53
50 68
41 24
38 17
63 52
5 52
10 45
47 65
57 18
61 46
58 51
42 15
52 44
30 56
68 66
42 59
50 31
58 22
55 28
38 57
19 50
40 28
34 26
32 22
43 33
8 40
15 49
55 66
24 61
23 21
35 22
2 5
11 31
67 46
68 55
64 57
26 31
22 60
63 44
42 27
51 14
49 31
8 46
63 31
46 25
60 20
46 1
25 65
32 23
42 39
10 46
28 43
16 49
42 18
32 16
52 14
37 32
53 52
17 55
22 63
11 13
14 65
14 46
61 45
1 42
15 18
27 50
60 43
31 42
68 62
57 52
16 33
23 8
16 40
62 37
34 4
58 55
8 3
33 68
55 41
50 9
58 8
59 57
58 29
30 58
22 26
49 37
58 3
44 13
42 45
58 15
57 47
2 64
57 42
64 51

15 105
8 15
10 8
8 1
1 5
12 13
5 10
8 9
14 5
7 8
15 10
4 14
13 5
5 14
8 15
1 8
8 15
2 7
8 2
8 4
5 12
15 6
11 8
5 15
7 3
15 6
4 10
12 9
6 8
7 5
8 12
7 6
13 6
14 12
1 4
8 1
9 4
15 5
10 6
7 1
4 3
11 15
11 8
14 2
13 6
1 9
12 15
6 2
12 5
13 8
13 8
1 12
13 2
3 11
3 6
13 12
15 5
2 9
8 9
10 11
8 15
4 5
4 2
2 3
14 6
11 6
2 15
7 11
2 9
1 15
13 4
14 10
6 7
3 5
8 12
7 15
12 11
4 7
12 10
2 12
7 4
11 13
6 12
14 3
11 2
9 12
14 7
15 10
14 3
2 14
6 4
9 13
15 13
14 8
14 10
14 9
12 3
15 1
5 3
4 6
3 15
12 9
6 15
9 14
5 14
2 13

55 213
27 6
10 8
47 23
11 23
38 47
48 53
26 2
13 4
29 23
2 49
3 9
28 8
48 12
52 41
37 26
39 8
32 48
15 23
3 13
33 40
46 25
24 4
26 37
49 41
46 50
34 35
3 49
43 50
5 26
36 28
51 6
36 14
40 37
37 42
36 14
13 27
25 24
17 37
47 10
22 37
4 55
16 6
48 45
43 40
15 10
12 53
15 34
11 54
3 34
28 38
34 27
51 3
50 54
39 41
8 5
9 53
47 25
46 26
14 33
52 16
29 51
13 43
29 10
28 18
44 55
43 22
14 25
25 8
24 50
36 31
55 44
16 33
55 6
45 1
38 42
16 11
37 15
40 52
24 54
2 54
41 44
21 54
13 32
48 23
26 28
41 12
4 1
44 3
6 34
3 30
7 5
40 30
6 11
13 17
9 14
15 49
2 35
34 2
11 27
11 37
54 51
48 2
51 24
5 43
44 49
17 50
41 43
11 46
53 23
7 49
37 22
29 25
43 8
13 54
34 24
22 19
6 14
21 44
37 12
31 12
47 48
48 32
35 3
10 20
26 16
55 7
24 28
18 12
35 31
10 55
41 18
19 46
31 26
34 55
37 52
11 15
44 4
34 10
48 43
16 18
45 15
11 14
43 29
12 9
46 8
51 18
25 14
8 42
39 29
41 7
25 39
8 55
29 41
51 21
28 12
26 18
13 36
18 55
9 29
51 41
23 46
3 47
46 53
33 16
13 6
22 24
44 16
23 4
2 5
11 29
3 36
33 16
17 37
2 12
52 53
19 29
55 10
19 39
30 34
51 35
42 19
10 3
28 13
46 33
23 6
35 46
26 50
7 52
18 4
35 2
9 44
6 14
27 35
35 23
14 8
41 10
52 1
9 42
33 18
48 54
8 18
49 14
11 32
19 1
53 20
10 48
8 15
7 22
49 28
44 49
35 16
45 32
16 53

19 171
8 11
18 15
12 5
4 1
2 1
3 8
13 18
9 16
15 14
19 4
9 5
16 8
2 8
8 16
9 14
12 14
5 10
9 14
11 12
11 12
10 13
16 3
9 5
15 4
15 8
1 19
4 9
1 9
16 14
17 7
3 11
12 9
16 3
19 6
13 11
12 3
4 14
11 6
6 15
17 1
19 18
17 19
4 14
8 16
5 3
4 7
10 12
15 7
14 9
4 2
1 6
3 14
14 8
16 9
2 14
5 19
11 4
19 2
9 16
7 11
19 10
1 8
6 7
18 16
12 2
18 12
4 1
3 17
5 19
6 13
7 3
1 11
2 19
14 5
7 10
15 7
17 1
11 15
16 3
13 11
15 17
8 14
14 12
10 17
15 3
4 14
19 11
12 18
7 3
13 17
1 11
14 11
3 8
10 16
15 2
10 4
16 4
12 6
1 4
6 2
17 2
12 7
19 16
10 3
9 3
16 6
10 11
13 10
15 4
6 10
5 12
10 17
15 3
1 13
3 11
17 4
3 4
4 18
13 3
5 12
18 10
3 6
4 12
17 7
14 5
8 6
14 3
17 13
19 7
16 2
17 13
2 17
13 2
12 6
4 16
17 19
7 16
2 7
8 16
10 2
1 14
4 14
16 2
8 12
5 1
13 3
13 12
19 6
13 11
8 14
5 2
10 11
18 8
14 3
4 2
4 17
5 15
11 3
3 8
19 16
7 12
5 6
14 13
18 8
17 16
14 5
11 3
18 14
3 2
12 4
19 16

28 94
24 26
10 6
24 3
4 1
11 20
11 18
1 15
23 9
4 15
20 18
14 15
14 5
1 12
8 20
16 17
18 11
26 12
16 21
26 3
21 9
22 15
10 23
13 4
15 1
2 18
18 27
4 3
4 5
14 23
8 1
24 26
24 21
21 23
26 2
10 2
22 3
1 3
9 13
19 23
25 20
25 26
19 28
28 6
16 25
28 24
10 23
5 17
16 9
23 13
10 4
26 16
7 26
18 15
11 8
22 19
12 2
17 2
1 28
19 1
9 18
24 18
13 12
18 12
20 12
8 13
16 5
28 22
3 18
20 25
9 25
15 20
26 15
5 11
15 23
11 23
25 18
24 21
13 4
4 8
23 28
23 27
28 13
1 4
21 9
28 20
13 10
6 1
4 8
14 26
4 15
5 24
27 1
11 14
9 17

59 449
24 37
4 6
40 10
33 37
32 31
11 38
37 5
42 35
47 25
23 51
47 37
9 44
20 45
38 33
16 19
2 56
22 7
37 31
43 14
13 20
44 23
57 25
28 39
1 19
4 27
11 55
5 23
39 24
9 21
2 28
43 3
24 6
13 5
40 55
18 52
15 6
16 31
43 55
35 6
3 6
16 57
10 43
40 38
55 5
39 23
48 45
50 53
57 59
33 56
17 26
16 27
45 31
2 32
26 40
37 33
45 57
30 59
40 15
41 35
19 20
2 7
9 55
59 6
54 37
2 16
7 17
42 51
52 43
27 22
23 4
54 8
1 29
7 44
43 47
23 2
11 28
13 23
24 16
28 18
52 34
33 3
54 15
57 46
2 24
9 24
28 3
36 32
35 46
21 18
38 43
24 52
12 36
16 39
51 47
56 48
25 30
50 20
48 52
10 54
16 22
22 47
29 57
24 4
48 44
22 26
31 49
22 46
25 41
25 20
33 22
12 57
55 7
21 47
58 31
41 18
52 4
6 25
5 29
29 52
17 54
22 47
43 48
34 12
29 3
31 2
24 43
59 23
53 20
11 51
54 55
9 51
58 18
16 4
50 44
59 7
38 22
58 25
14 36
36 42
38 8
48 7
54 51
29 47
15 43
42 10
39 50
5 37
9 20
44 3
9 44
10 46
10 12
12 23
47 51
9 29
58 56
35 56
51 9
47 7
51 29
20 30
24 8
36 43
55 38
51 43
47 42
52 3
57 19
49 48
28 23
51 28
57 51
20 6
39 30
2 8
49 31
35 13
42 11
59 38
49 51
21 40
37 18
43 34
40 36
26 12
3 17
40 5
9 4
14 51
33 15
3 26
46 38
38 28
52 37
10 45
32 35
26 9
52 13
46 32
52 13
44 55
33 28
59 45
35 17
36 8
32 43
37 18
21 15
49 17
55 4
3 28
38 28
40 30
44 27
6 40
43 53
39 16
21 38
6 59
55 41
7 31
24 47
52 48
2 41
6 2
48 12
33 26
43 13
59 27
43 6
7 30
3 46
46 28
28 51
27 36
38 57
5 25
53 56
27 35
6 32
23 17
5 53
59 17
52 26
5 2
37 34
5 27
24 32
58 19
3 30
55 40
31 4
6 25
59 36
4 6
8 30
22 12
23 26
32 20
51 36
21 32
15 29
3 38
5 2
2 8
31 1
47 6
4 52
30 3
32 33
12 39
4 38
50 30
4 23
49 58
3 15
35 21
43 37
4 48
42 5
59 17
5 50
23 8
47 52
14 19
30 58
37 12
48 7
15 56
17 22
15 51
42 57
29 49
49 15
53 48
32 57
39 54
9 30
46 27
48 20
1 46
56 12
39 4
30 57
4 46
23 18
42 6
19 11
54 13
29 52
5 1
53 47
54 7
17 45
33 6
5 33
51 6
48 34
9 18
32 16
4 54
37 45
4 59
59 3
12 29
54 17
29 51
4 28
57 21
17 30
26 21
7 21
26 54
55 38
12 27
57 20
25 38
9 29
38 9
35 49
41 29
10 14
20 14
41 18
34 2
51 4
23 3
24 52
56 19
35 13
49 36
32 19
15 40
47 56
52 22
45 37
54 55
51 18
13 36
39 50
38 31
53 5
33 21
1 33
40 35
49 33
16 21
51 30
6 42
26 2
8 15
39 2
14 34
20 26
10 3
16 47
33 13
55 10
34 56
47 14
35 36
50 2
46 20
11 28
49 12
36 5
54 41
18 28
5 48
42 8
4 33
40 17
29 54
54 25
45 12
59 21
2 54
26 47
14 36
20 8
52 59
16 50
40 37
19 45
25 1
52 33
33 36
53 6
34 47
34 19
58 34
44 4
32 10
55 49
46 15
56 42
18 12
32 57
49 50
46 18
54 42
50 32
23 47
41 1
34 16
24 36
53 8
40 25
17 35
14 7
53 11
48 11
26 25
12 15
19 58
37 18
44 27
49 7
15 30
12 52
45 35
29 42
42 13
7 3
47 21
14 40
35 6
54 1
30 6

57 456
30 9
39 25
16 10
42 25
17 55
4 41
4 55
49 19
32 21
16 57
46 40
22 52
55 18
24 52
52 31
39 25
55 36
8 14
4 8
38 20
22 57
19 25
54 11
44 47
18 43
35 57
7 29
13 40
11 7
35 42
4 18
39 41
11 1
48 49
21 28
48 55
12 4
8 55
47 13
31 33
47 46
55 34
1 38
45 8
31 29
11 48
26 9
47 53
9 37
44 45
24 50
43 35
53 9
48 43
22 21
18 11
25 31
45 25
11 48
32 41
35 2
47 3
10 36
14 18
32 57
6 55
9 7
32 4
15 38
5 36
1 38
6 25
12 9
8 22
56 40
22 33
57 11
51 9
47 8
42 21
23 47
34 31
12 8
51 27
45 14
21 4
52 26
44 22
50 51
2 48
49 23
39 48
50 49
15 39
56 57
18 37
5 51
27 17
17 36
2 20
49 22
39 2
7 41
23 56
34 25
6 42
6 44
48 55
35 22
36 49
21 12
45 25
21 14
57 37
49 1
15 56
23 53
1 29
36 23
43 29
6 48
29 12
51 35
9 44
56 4
52 19
15 39
3 52
11 2
47 18
3 5
16 41
57 32
28 52
14 13
23 19
20 10
30 29
44 55
31 43
1 25
4 31
22 25
48 24
15 8
42 35
40 25
34 14
11 44
27 39
25 46
1 34
34 45
21 31
19 22
31 2
41 21
24 6
4 14
45 18
38 29
52 20
12 45
33 22
47 19
3 15
23 20
7 56
7 43
46 41
7 35
43 48
55 9
12 2
38 56
35 18
43 46
53 54
49 45
34 38
6 52
11 28
14 18
42 37
3 30
20 10
8 21
16 21
29 43
22 26
41 16
2 26
20 55
38 11
42 14
7 6
8 18
33 38
51 33
17 53
6 52
21 29
16 52
49 3
37 30
44 20
4 46
4 23
43 41
33 43
13 55
48 21
15 39
1 8
14 33
20 35
43 56
6 1
51 14
20 46
2 6
9 5
51 28
27 52
12 18
53 24
15 43
3 46
40 19
12 54
10 31
31 53
30 53
12 39
25 31
27 26
53 51
30 5
22 15
16 49
48 11
31 5
13 50
50 52
11 5
7 37
51 54
32 39
49 2
20 32
49 6
57 44
15 45
7 52
18 22
43 8
33 12
4 41
21 55
10 25
5 46
34 1
36 16
8 38
51 39
29 15
54 31
30 41
53 24
17 18
26 24
9 17
35 12
57 14
9 54
29 55
31 45
33 5
52 29
55 49
16 29
45 5
1 44
1 40
3 18
8 26
26 24
20 53
39 33
4 48
46 49
4 19
36 52
23 31
40 36
38 55
7 42
3 23
28 3
6 47
36 29
31 20
12 9
15 50
1 34
56 46
25 18
23 4
29 45
50 11
39 46
8 5
30 26
27 17
44 32
6 22
4 52
57 15
4 14
23 4
7 22
8 47
55 30
9 26
33 1
36 14
47 3
18 35
28 4
51 15
51 56
52 54
51 52
27 13
24 9
32 46
46 39
36 43
11 44
12 2
4 6
15 9
8 49
43 36
52 37
9 4
51 3
17 44
13 43
15 53
10 46
41 55
27 19
41 53
6 11
54 9
16 28
17 24
35 2
2 45
54 26
48 28
7 50
57 9
8 52
18 53
35 16
39 54
15 50
18 41
6 42
56 33
1 38
10 18
55 13
31 23
3 21
51 10
13 50
18 36
44 35
48 37
9 45
33 39
37 9
22 1
50 21
49 9
1 17
43 56
29 16
37 32
52 30
41 23
38 17
2 40
10 49
20 19
52 11
57 47
36 38
48 28
1 39
53 17
56 38
31 27
12 11
17 6
56 57
28 53
32 29
51 42
36 29
3 46
40 18
36 18
55 26
4 14
23 56
47 37
36 7
6 5
23 11
20 39
39 15
13 26
8 54
21 53
15 9
35 49
3 11
46 44
30 19
10 29
8 46
23 2
11 29
7 50
39 26
47 36
40 18
21 6
31 57
1 45
24 51
36 27
20 41
13 50
18 38
37 41
27 2
42 53
46 48
45 44
16 34
22 14

95 219
55 44
38 90
66 5
65 4
9 81
22 21
54 1
37 49
79 22
70 44
93 55
51 24
22 9
16 22
20 26
79 74
69 19
68 37
23 34
40 28
20 58
45 70
58 81
24 38
7 90
78 5
49 33
25 68
39 37
89 58
63 72
36 33
87 8
69 14
39 10
38 58
67 83
32 29
68 55
63 72
46 76
95 78
2 67
21 38
57 78
5 30
15 38
22 20
8 32
58 18
70 20
84 57
48 15
26 5
77 2
50 27
77 46
7 75
14 27
18 70
7 19
5 18
56 23
37 61
54 91
78 28
15 63
81 60
77 12
64 56
13 18
82 87
61 85
63 74
14 80
46 20
4 47
34 56
69 71
21 27
66 95
52 78
63 37
42 41
45 10
1 58
24 83
46 84
69 13
60 82
90 10
3 90
53 37
47 26
12 68
49 74
64 5
53 31
42 91
72 86
5 72
45 26
56 87
11 30
2 70
13 91
76 16
85 30
52 36
55 60
5 9
35 66
13 88
1 51
83 69
39 85
43 80
15 3
72 22
29 73
89 42
65 69
57 51
4 13
83 55
69 88
63 8
58 73
95 55
25 80
29 63
69 68
48 80
70 21
6 1
93 94
39 59
65 95
14 68
9 1
24 74
85 84
81 44
61 81
1 85
65 26
50 35
93 2
19 67
22 24
64 16
23 7
74 87
3 84
56 8
84 79
81 71
67 19
29 49
19 15
44 68
49 41
66 67
10 84
87 70
4 14
77 74
5 76
62 57
84 47
41 69
22 9
37 41
38 82
56 53
1 5
22 49
42 87
17 51
75 9
23 75
19 4
53 21
79 16
77 64
59 19
35 81
28 68
23 62
55 78
19 55
79 40
6 23
28 19
70 7
27 92
78 43
95 32
63 76
47 44
41 7
60 75
87 84
48 11
50 4
86 65
58 69
6 60
91 33
79 66
36 7
62 18
49 59
49 13
36 92
57 76
3 18
53 87
6 2

15 105
10 7
4 7
3 6
9 10
13 12
2 5
10 11
7 1
9 2
3 14
15 11
1 9
3 13
10 3
1 4
2 10
2 12
9 11
2 6
6 5
7 10
14 2
1 14
2 9
2 7
8 12
8 2
15 12
3 9
13 6
11 14
15 14
7 10
8 15
13 4
14 8
3 7
15 8
9 1
1 7
8 5
6 1
4 3
4 12
7 1
14 5
15 5
4 10
12 11
1 9
7 14
8 9
6 15
1 6
15 9
12 14
13 3
15 8
12 10
11 3
2 10
14 2
14 2
3 2
5 3
10 11
9 10
11 6
9 3
11 8
11 7
13 8
1 4
15 12
13 11
14 7
12 5
8 2
13 2
3 9
4 13
6 9
6 9
4 5
11 3
3 4
3 13
10 15
11 5
5 2
8 9
1 9
14 2
11 7
12 15
3 1
12 8
1 10
8 5
6 4
7 8
7 9
13 1
15 8
13 5

56 42
3 43
24 43
47 40
8 32
41 31
15 4
41 13
16 15
24 49
36 23
45 31
10 1
39 43
22 54
13 31
11 55
1 18
26 31
41 33
6 26
47 21
29 15
17 28
29 40
4 48
46 32
22 39
16 45
25 21
42 21
35 36
4 35
53 29
9 38
45 55
47 19
3 33
19 30
6 42
17 37
31 33
43 53

93 318
93 23
74 86
1 53
61 54
29 18
71 10
68 65
7 93
59 40
19 2
60 30
32 78
53 29
72 33
4 56
10 1
78 82
86 79
41 54
37 67
69 14
77 42
79 81
41 42
26 57
44 85
84 73
67 44
9 43
76 12
6 86
12 81
72 2
66 19
55 9
85 29
21 66
70 4
54 15
45 79
70 86
68 60
66 42
8 74
82 84
83 87
74 92
75 52
93 45
70 55
52 59
81 72
32 55
75 85
69 26
68 45
17 42
10 82
81 17
60 70
7 49
61 78
47 40
36 46
85 10
5 43
67 83
21 5
44 93
87 18
25 61
62 41
7 71
27 86
86 60
90 39
27 75
83 67
15 36
56 23
38 3
89 28
21 91
69 20
84 86
42 49
53 83
53 28
14 45
20 5
11 17
43 36
89 33
7 10
66 62
30 8
62 23
33 82
20 9
8 92
49 56
51 36
14 79
50 58
3 54
67 17
1 9
12 31
15 20
3 74
49 11
42 72
41 30
89 49
35 4
46 83
57 3
24 70
79 73
33 82
31 6
5 31
12 15
60 26
34 62
4 80
70 43
56 18
72 50
64 11
51 16
93 14
17 23
82 2
93 19
81 28
24 84
57 33
5 23
58 36
84 59
20 59
8 74
74 77
30 44
87 80
58 84
91 74
12 77
73 11
2 59
39 23
49 2
55 51
22 17
84 12
75 10
68 80
83 48
63 17
90 56
3 52
47 1
30 56
77 9
66 77
67 9
6 20
8 59
70 29
75 58
39 55
66 13
41 55
59 11
72 53
64 72
11 15
72 40
70 54
46 41
37 18
49 42
37 57
7 12
83 80
69 28
41 39
79 1
4 87
70 56
58 48
64 70
25 8
47 78
53 85
19 68
40 60
12 1
65 23
84 49
89 16
89 35
54 72
33 55
66 9
17 30
54 78
4 78
85 48
60 43
39 78
17 77
43 26
75 12
46 63
60 42
79 53
74 39
31 13
92 3
21 13
30 72
91 32
57 80
79 21
27 23
6 44
6 46
69 78
57 20
48 23
59 33
73 39
69 10
51 67
11 69
80 38
47 75
67 8
61 53
29 88
73 32
36 78
77 9
62 40
28 14
60 86
46 39
29 20
46 77
84 54
52 68
90 4
49 63
11 15
20 37
7 92
68 42
74 51
48 41
88 76
54 66
5 90
2 24
43 78
12 1
35 80
90 38
33 58
46 47
77 81
53 74
55 92
54 11
47 1
5 27
55 59
90 57
55 89
78 2
74 89
3 13
73 90
48 13
54 91
57 36
78 17
16 38
13 69
48 59
68 52
83 27
15 80
83 68
75 67
67 53
62 67
65 40
64 17
52 24
15 59
90 29
74 34
42 48
81 5
22 38
88 48
50 74
35 24
55 8
89 15
67 62
77 13
32 1
62 54
13 77
19 9

80 482
4 73
57 37
10 43
73 16
52 65
11 61
47 15
57 78
71 51
74 34
24 75
8 52
57 65
64 50
75 21
63 78
13 39
67 54
33 59
69 36
43 79
16 42
46 24
71 68
74 64
53 17
11 60
69 67
76 4
36 71
24 18
68 69
8 6
42 40
17 63
75 59
13 10
52 10
33 75
30 59
10 2
75 20
62 63
7 9
19 74
79 74
44 19
62 51
24 56
11 40
38 5
51 2
47 54
12 31
48 73
9 58
74 4
77 7
18 35
16 68
29 14
62 72
32 43
74 8
50 4
47 39
41 49
41 39
23 4
69 70
76 78
79 21
33 28
28 50
62 43
38 42
8 19
65 72
13 59
79 63
14 77
21 54
46 13
12 20
16 33
41 43
30 40
64 62
19 11
63 80
5 20
74 44
70 58
35 3
68 65
17 2
62 69
7 59
2 51
30 49
3 70
12 32
61 27
45 79
37 27
31 73
79 24
36 20
33 23
54 21
7 70
54 68
11 60
78 12
62 27
12 64
49 55
47 29
1 43
60 69
22 42
61 20
17 49
39 49
71 13
21 77
34 26
17 44
38 46
7 19
25 19
35 73
73 1
53 74
76 64
14 17
25 75
36 41
75 26
42 17
38 62
13 72
8 61
67 45
59 74
15 3
12 49
27 36
50 79
61 77
15 75
13 39
21 48
32 15
73 31
63 54
75 6
13 8
72 9
18 17
24 20
60 72
78 16
73 28
28 69
42 54
1 74
80 32
40 25
56 22
39 61
49 76
74 8
67 34
25 36
57 76
15 1
73 62
25 52
42 46
14 15
78 46
41 30
29 32
54 4
6 44
64 54
39 9
13 57
43 37
12 51
64 59
3 8
40 28
59 1
25 72
48 22
69 8
51 17
71 56
20 76
19 36
49 57
76 13
66 38
1 77
41 64
55 43
23 47
22 2
79 46
25 46
20 14
5 22
30 76
78 2
71 48
69 72
57 64
4 42
54 5
70 14
20 45
8 43
11 30
76 41
27 20
39 78
33 43
20 15
70 49
48 61
16 36
4 24
19 39
65 24
75 55
37 15
51 45
9 13
26 4
53 4
55 11
2 40
6 53
54 75
21 53
7 68
40 10
44 10
1 60
34 75
66 70
41 36
66 49
80 11
4 5
47 11
15 80
50 52
52 55
47 24
27 5
43 66
47 6
75 47
66 60
41 51
50 2
39 67
2 38
30 38
42 76
48 9
75 49
60 78
55 58
21 33
63 50
61 21
76 27
6 56
67 8
25 20
78 11
54 36
72 43
29 67
10 37
13 10
49 10
64 58
30 16
40 45
65 52
17 60
78 54
67 17
61 43
68 59
6 41
46 77
3 26
64 44
63 76
53 63
6 68
40 67
35 32
63 51
3 79
63 1
52 49
49 65
12 36
75 17
77 72
13 31
17 76
75 79
24 79
13 61
19 5
79 53
36 62
24 70
12 6
22 16
54 70
80 17
26 33
54 17
46 4
33 73
30 64
16 61
76 28
79 80
27 3
67 40
26 57
3 63
78 18
69 20
17 5
77 42
38 50
58 35
5 43
27 67
26 75
47 21
54 77
53 80
79 39
71 25
47 74
7 77
11 27
16 60
32 12
53 69
13 63
55 17
25 33
3 50
59 1
22 33
77 74
64 76
65 55
20 31
48 58
27 10
5 74
69 68
5 74
8 49
56 62
66 80
14 20
1 73
53 22
57 49
48 40
44 32
14 15
14 13
25 41
23 61
66 43
48 23
36 55
71 43
68 8
74 33
60 74
25 32
48 1
80 15
73 76
78 6
42 11
51 66
3 25
78 21
67 77
43 55
3 33
17 70
73 11
23 52
36 79
3 35
32 34
1 24
29 78
61 23
41 63
40 75
7 38
15 74
34 57
80 69
42 16
58 34
58 32
5 46
31 39
80 14
72 33
69 53
30 1
75 22
64 34
49 70
23 63
15 9
72 14
77 65
62 54
18 71
38 54
36 20
12 68
33 35
20 21
7 1
21 33
55 36
19 23
26 73
37 40
1 28
54 77
44 35
3 61
25 40
66 13
11 77
80 43
64 51
15 22
51 67
55 25
23 25
79 80
17 36
39 18
15 12
46 59
78 80
71 55
71 57
67 1
5 18
75 68
68 41
10 70
28 16
47 2
72 45

71 284
23 13
66 32
70 19
59 13
56 7
37 36
16 33
70 41
21 7
24 40
3 65
2 66
31 48
54 5
20 69
31 3
11 56
65 40
3 52
52 19
18 49
54 34
10 12
34 62
18 17
30 21
11 62
15 1
38 29
6 18
57 67
20 67
51 44
66 14
55 47
63 1
55 5
65 24
16 58
14 65
4 44
45 14
34 59
45 32
47 50
49 33
45 28
28 56
31 23
29 14
29 20
14 43
24 8
66 70
25 9
63 28
12 36
1 5
55 46
67 30
24 4
62 29
62 50
13 21
32 41
34 20
20 8
62 43
46 56
41 70
24 33
27 66
28 27
71 11
1 66
41 56
30 62
13 20
71 56
41 62
56 34
10 4
41 31
6 46
47 6
45 30
38 31
25 26
17 55
36 49
9 36
33 38
58 5
58 57
20 27
48 35
20 17
38 61
8 3
35 54
8 39
12 6
29 67
31 46
50 26
23 59
62 15
56 48
19 42
64 69
28 40
32 48
17 29
68 24
31 62
37 69
61 8
34 18
4 64
23 53
19 45
71 40
19 16
47 68
57 39
65 45
39 25
52 55
13 48
38 43
69 3
1 58
10 34
36 13
58 26
36 32
56 4
50 71
50 47
17 48
71 61
15 56
41 29
68 48
66 71
45 28
71 63
69 33
27 41
50 13
26 14
4 11
17 14
41 26
20 57
34 19
6 48
3 6
37 71
13 62
70 58
19 69
9 47
61 35
16 40
7 42
13 11
52 30
24 52
15 43
38 48
61 3
56 24
9 21
23 21
42 52
38 60
9 6
35 69
40 11
68 7
52 10
17 63
70 71
43 44
42 40
52 62
43 36
14 11
16 67
62 57
47 29
6 55
34 71
13 34
10 40
40 21
9 16
12 7
15 51
16 54
62 6
56 26
51 66
1 46
57 53
45 22
36 38
22 8
71 62
48 70
12 56
14 23
23 59
68 33
3 51
23 9
66 48
19 61
48 24
6 64
5 10
15 41
47 67
8 7
57 55
5 68
40 50
51 22
37 47
54 40
57 5
8 52
52 26
1 59
49 6
11 54
46 25
54 21
20 21
27 6
5 63
33 4
41 43
25 37
19 7
5 4
42 43
15 22
28 15
40 6
51 50
19 25
35 32
6 54
52 32
19 16
54 12
50 54
54 3
20 32
40 55
67 10
27 10
62 54
56 61
19 35
71 68
20 34
59 25
47 71
16 66
15 70
37 65
12 50
27 31
11 27
15 6
67 1
46 18
14 30
38 33
25 37
60 44

48 409
44 19
38 10
3 11
38 29
18 22
24 13
10 22
22 18
41 1
19 36
7 12
44 14
48 28
26 38
13 41
38 8
27 18
45 38
23 25
7 44
48 35
6 38
24 39
46 25
26 33
47 37
45 12
36 24
6 41
37 46
31 44
24 25
29 20
14 4
44 37
15 11
39 36
16 15
43 14
39 20
14 5
24 10
17 27
34 22
19 38
35 17
1 10
42 30
45 23
1 8
27 31
34 18
35 2
32 29
15 38
16 28
42 39
38 26
33 39
15 3
44 17
36 44
42 29
41 38
3 41
13 46
40 47
15 26
48 14
22 14
3 5
9 12
11 14
6 43
20 36
13 15
5 48
11 46
28 3
4 47
12 16
44 3
14 10
44 29
39 33
10 9
37 19
20 15
48 41
9 20
45 21
34 1
21 44
14 16
15 33
14 26
1 9
44 30
34 7
11 40
39 36
48 43
6 20
9 22
28 17
41 24
5 26
40 25
38 22
41 4
6 22
29 22
47 40
20 32
46 40
36 33
39 46
7 26
6 28
6 38
20 45
42 45
37 35
2 26
27 5
31 48
1 21
46 40
40 46
37 40
37 27
37 43
5 42
22 26
47 41
22 41
6 26
27 7
3 21
12 2
36 28
38 2
20 29
47 8
33 3
16 21
45 4
16 17
14 5
10 12
46 48
20 19
25 46
25 44
34 4
13 22
32 2
23 3
46 37
26 30
7 41
18 3
13 1
36 26
6 45
37 19
12 9
37 5
22 29
16 8
33 28
45 32
45 19
2 42
23 43
39 29
36 24
47 16
25 2
41 30
15 45
16 26
21 4
30 43
32 45
18 16
40 30
15 36
16 45
38 11
3 34
14 27
32 29
3 34
37 48
48 33
15 41
6 34
23 16
17 35
1 27
30 15
30 13
47 27
2 25
29 35
38 7
34 25
19 22
40 34
22 27
27 7
17 10
24 3
26 40
45 7
22 27
35 20
5 36
44 1
38 1
24 34
48 10
23 8
12 45
29 38
39 36
22 1
27 40
26 18
37 1
39 15
35 27
35 39
22 3
28 39
26 19
24 42
29 15
1 40
11 29
45 1
32 34
17 26
25 11
43 13
27 2
43 29
44 45
19 33
48 15
23 25
33 15
34 29
29 34
36 39
31 48
7 30
33 24
8 26
34 18
38 12
19 1
40 30
45 27
15 44
41 37
37 41
3 22
22 31
24 25
37 22
25 44
3 25
35 26
2 20
44 8
47 30
8 6
12 4
48 26
16 8
30 20
1 33
9 38
31 32
14 36
21 6
31 40
31 33
17 32
20 28
39 18
10 14
39 37
34 7
30 1
14 11
36 14
11 44
19 10
44 33
45 16
6 43
7 36
27 40
36 46
35 42
31 12
8 21
48 41
43 45
9 8
44 38
18 39
9 27
34 9
39 18
14 33
40 2
11 47
5 8
34 46
38 45
5 27
13 21
9 37
45 32
48 35
2 39
11 44
40 19
35 25
48 19
17 1
46 15
5 16
19 11
29 23
5 41
4 25
17 40
38 1
40 18
46 2
29 5
36 31
30 35
18 14
36 15
44 8
35 12
26 45
8 17
1 16
36 42
32 43
47 48
2 38
33 15
39 30
20 26
12 17
12 29
46 15
43 9
39 46
36 32
42 43
16 11
10 3
20 10
46 18
25 15
7 10
30 45
7 17
38 18
1 17
15 14
32 9
22 38
22 10
21 16
4 37
42 30
39 13
39 4
46 31
19 4
8 16
16 14
32 5
32 48
37 46
13 20
22 34
9 44
11 46
27 15
34 36
12 40
48 2
44 13
32 30
16 40
45 31
21 44
3 4

93 396
89 92
18 33
39 57
23 65
87 55
37 88
40 27
41 1
41 28
22 37
64 16
17 72
59 8
35 80
57 60
53 56
70 85
1 32
12 65
23 64
8 16
10 32
56 10
70 83
31 12
53 46
26 29
9 33
61 88
88 25
47 80
22 36
80 51
47 52
71 17
57 86
26 87
48 33
61 35
63 72
85 13
5 18
21 35
76 13
27 7
59 73
84 78
13 71
33 57
27 11
71 81
3 1
74 49
33 40
81 2
18 73
14 20
88 32
53 71
44 79
75 8
57 66
83 69
43 23
31 67
31 8
54 33
9 33
79 41
72 67
43 87
44 54
14 38
86 64
15 34
49 90
41 12
60 29
79 7
51 16
73 81
23 31
18 31
61 4
70 37
70 17
31 20
68 42
55 60
12 68
92 58
62 37
70 28
65 53
34 20
68 11
7 88
41 23
24 9
26 93
45 93
14 73
17 81
19 71
46 28
45 44
86 13
80 60
38 50
19 71
69 84
81 74
78 27
1 8
35 24
5 77
23 18
55 37
6 73
12 51
8 55
92 91
65 76
57 10
32 75
80 6
65 66
77 47
92 77
55 33
7 57
14 27
75 66
63 78
44 74
33 51
33 31
46 5
13 9
14 43
83 93
48 52
63 31
5 61
14 57
91 18
19 12
44 93
75 13
75 25
84 14
73 24
44 25
26 54
33 39
3 20
36 48
69 6
76 72
66 87
33 64
11 51
73 54
48 54
64 29
77 53
42 56
74 83
79 6
42 16
44 42
36 77
90 9
82 70
78 53
64 18
23 72
68 93
31 23
51 1
49 34
51 89
88 31
76 71
34 24
86 75
66 26
59 60
35 45
36 19
4 6
34 24
78 9
23 13
29 72
13 77
10 62
70 4
92 53
72 31
76 65
12 48
90 70
12 29
22 48
46 23
51 77
47 33
85 67
45 18
45 56
93 55
24 69
56 20
28 35
50 11
4 62
56 91
36 66
27 55
20 70
78 68
53 31
8 43
4 50
58 47
12 57
8 35
33 63
53 58
2 7
66 5
68 27
3 9
92 27
63 18
1 47
83 51
75 90
93 77
47 56
30 56
19 37
89 49
4 48
14 4
54 79
8 27
12 8
33 8
32 2
25 32
47 13
83 26
9 80
9 53
42 38
16 59
74 11
14 76
56 25
79 14
11 84
40 20
92 72
28 30
72 50
60 25
62 49
50 69
33 57
28 73
1 41
38 73
49 51
55 9
76 38
23 84
26 62
8 24
39 33
52 15
81 18
39 49
64 86
22 1
49 48
73 48
88 15
27 42
64 79
50 44
21 72
32 46
39 68
75 72
26 89
57 41
32 12
9 22
32 7
69 79
78 23
71 92
47 19
62 30
67 12
50 43
43 93
79 80
67 60
56 90
55 19
35 84
28 41
13 59
48 81
44 32
8 20
28 54
36 90
81 9
6 37
50 47
36 35
31 8
2 86
4 54
11 39
45 36
77 55
2 31
40 43
60 47
60 88
5 3
82 85
9 85
26 58
36 59
93 66
66 92
58 68
52 66
13 1
7 89
55 8
25 1
48 84
45 15
76 47
17 62
38 25
54 61
81 87
27 78
60 92
76 22
66 32
86 76
33 92
70 85
6 92
84 51
80 35
65 61
82 79
29 24
9 80
85 89
74 16
73 38
14 53
59 78
84 51
58 21
49 32
13 52
28 3
10 15
35 72
73 21
58 8
43 64
86 34
57 66
49 36
10 60
86 66
42 76
24 5
4 70
34 14
27 62
14 34
74 48

40 12
14 16
29 12
20 1
33 3
2 17
20 12
29 24
16 32
11 35
25 27
27 40
38 37

49 480
10 30
23 42
20 33
26 19
3 4
26 20
8 11
24 18
23 27
42 2
14 34
39 38
45 19
26 21
22 14
41 32
43 15
29 19
47 5
37 6
13 25
21 28
49 43
7 31
35 8
44 20
3 32
20 26
13 41
47 26
32 29
25 2
8 48
49 18
40 5
30 3
34 6
36 38
48 42
19 39
5 13
14 12
49 33
37 18
29 35
48 17
14 28
18 27
26 22
44 16
31 29
24 16
35 10
4 38
7 23
32 16
40 45
28 45
34 15
13 18
5 11
34 24
39 8
1 20
29 49
36 11
28 15
26 18
29 34
7 35
12 38
6 8
39 33
3 28
4 15
45 8
30 31
24 42
36 49
21 40
40 31
19 5
12 36
33 2
47 23
13 41
28 25
30 17
27 8
25 46
3 32
32 37
19 6
29 10
10 6
1 49
41 24
4 9
15 41
10 13
19 27
4 3
3 38
19 34
45 43
31 3
30 13
45 4
23 29
14 33
34 19
32 26
42 41
39 7
32 48
24 2
30 32
4 37
20 27
22 20
25 3
23 10
20 18
14 42
2 27
30 36
45 13
17 42
4 6
4 40
9 28
46 43
15 5
31 40
31 3
10 11
10 37
21 29
10 34
26 12
16 7
47 16
24 19
8 27
29 11
22 42
43 19
35 9
23 21
48 10
23 13
25 37
1 45
16 10
34 42
21 49
4 23
15 27
41 27
4 25
38 30
17 36
48 3
49 27
23 3
41 2
16 38
16 17
10 30
6 7
2 11
10 29
25 36
26 8
44 1
45 24
18 36
28 25
36 10
3 38
1 4
4 21
47 24
42 12
5 48
18 11
9 27
44 38
18 20
45 12
21 45
40 43
32 18
18 23
32 20
11 32
29 20
9 26
43 1
42 3
4 10
18 12
41 13
6 9
32 1
25 8
2 15
1 33
38 18
11 20
38 21
3 22
40 16
3 39
21 44
46 25
9 15
41 49
32 46
13 14
3 37
22 4
7 22
41 44
45 2
15 38
27 22
10 23
37 12
12 8
11 13
37 19
32 29
23 14
30 40
28 32
27 5
40 38
31 33
26 32
47 19
10 19
28 32
11 44
48 18
10 16
11 28
48 39
6 12
19 45
44 7
22 48
46 11
35 28
48 11
15 45
35 29
19 13
16 29
13 19
2 22
35 12
6 33
6 11
49 25
7 44
36 33
47 32
48 37
15 46
4 35
41 38
14 15
6 35
43 18
4 45
45 43
7 1
31 18
11 31
42 17
30 33
1 32
20 48
20 35
1 23
20 41
11 38
7 16
28 5
39 37
5 34
30 17
39 12
34 49
47 31
22 32
14 27
14 33
30 38
23 30
16 47
27 26
36 38
47 19
47 41
6 3
25 36
19 3
3 18
5 33
44 36
46 26
5 34
7 43
8 41
9 5
23 40
45 11
42 15
14 33
25 16
13 16
34 31
18 36
4 27
24 4
13 25
29 18
9 40
16 32
29 21
10 24
21 35
34 4
16 5
21 31
38 7
5 29
16 31
3 19
44 27
47 17
35 43
37 7
25 21
32 34
45 3
10 16
43 48
25 9
3 1
39 45
8 43
24 23
25 31
46 24
13 48
45 4
41 32
10 21
3 41
11 3
48 25
24 46
24 4
5 31
4 49
32 16
47 11
43 27
42 39
1 5
43 1
8 34
37 22
6 45
18 21
47 17
45 26
18 24
29 23
6 38
27 42
4 24
3 2
49 46
7 10
39 13
22 29
49 44
39 44
17 10
47 38
5 23
7 29
3 29
39 45
11 31
48 34
38 6
40 43
3 41
15 24
20 14
23 9
14 40
18 11
33 28
33 39
12 40
23 1
35 33
36 39
23 29
44 18
22 46
20 24
43 39
4 18
9 31
32 22
26 5
32 10
32 20
48 43
11 22
48 1
10 39
39 32
19 39
1 40
40 25
20 38
15 28
7 23
14 38
49 40
42 36
5 30
6 3
23 21
29 27
22 44
16 26
34 5
31 30
45 7
5 33
26 32
44 4
45 37
3 40
30 38
44 15
48 3
42 20
36 19
41 30
35 7
12 24
17 42
9 17
4 13
5 34
49 37
1 36
39 40
21 32
40 35
36 42
28 6
28 2
2 9
41 13
25 16
29 17
24 1
26 42
6 10

