20
91 480
12 55
15 41
58 43
43 55
26 36
52 51
39 49
74 82
83 79
80 51
50 51
38 30
30 70
8 26
51 41
7 25
59 76
29 25
27 71
42 15
69 2
66 16
13 11
6 5
52 48
55 11
7 1
40 91
33 47
25 47
50 86
71 17
70 62
41 59
4 45
36 72
9 64
50 22
74 18
26 35
66 43
45 35
7 47
88 39
2 22
85 51
70 28
31 11
89 34
32 2
79 67
36 87
40 86
71 76
12 59
73 40
11 26
38 17
35 34
18 36
18 12
50 87
2 80
60 53
22 91
17 9
30 53
59 32
10 38
16 75
6 89
24 70
77 61
49 21
57 66
19 75
77 68
70 41
19 2
3 41
55 19
12 84
71 33
78 43
34 3
27 2
54 13
71 2
36 28
76 1
2 58
75 42
34 17
82 16
18 84
56 72
66 30
28 8
63 14
51 5
70 40
6 86
15 76
88 50
66 35
13 30
1 51
71 89
67 25
13 47
71 31
81 45
60 17
53 85
85 66
89 63
14 57
58 28
4 17
40 69
51 15
8 15
65 41
12 3
65 78
12 8
17 2
15 39
72 67
33 65
4 84
37 71
50 57
61 53
73 9
85 86
78 1
63 51
4 74
17 32
23 28
39 2
29 16
41 10
46 36
37 49
82 36
29 40
1 89
56 36
61 49
85 47
12 56
60 69
2 76
9 24
13 10
26 41
26 66
13 71
64 13
28 54
48 19
57 49
71 21
47 40
32 40
86 43
5 17
20 60
2 83
83 14
1 17
17 80
45 84
59 71
5 50
34 52
68 90
63 47
73 19
49 13
21 6
55 79
23 37
47 24
28 39
91 83
18 16
71 63
8 39
42 12
51 38
27 90
89 37
71 70
48 83
91 54
9 41
76 9
51 62
36 89
61 81
69 76
61 3
84 62
8 58
21 45
84 10
44 82
9 77
23 57
69 76
19 40
26 57
48 76
27 47
36 50
36 13
34 5
70 80
29 77
10 12
30 2
22 36
46 84
22 69
49 53
53 30
1 41
86 49
79 75
4 23
33 2
90 30
61 68
18 89
16 81
10 45
83 85
44 91
77 28
31 35
43 47
27 43
87 22
54 38
59 20
60 55
22 21
84 82
51 64
42 66
54 51
74 8
44 26
7 84
16 38
27 58
84 53
63 42
37 80
79 59
8 11
22 83
31 14
36 45
40 41
19 2
54 1
9 7
80 70
53 58
16 42
24 62
57 50
66 3
38 54
24 8
27 45
91 20
21 89
64 60
38 46
62 1
9 33
61 52
11 76
18 80
26 5
13 82
54 79
47 54
4 70
61 30
23 49
6 75
76 66
75 30
90 38
1 85
7 52
5 45
70 47
70 37
60 61
53 10
16 15
13 49
75 5
71 61
16 40
44 91
14 27
83 66
65 84
59 34
7 26
79 39
73 20
75 4
80 90
13 59
13 79
16 51
46 49
74 61
88 26
24 10
15 69
38 42
24 6
76 31
31 26
69 66
45 16
69 88
14 44
55 81
85 70
3 39
27 76
63 24
10 49
87 78
26 88
29 13
2 13
6 86
1 74
61 45
52 1
41 29
8 58
18 55
36 20
57 26
4 82
12 67
39 61
53 27
57 81
39 58
56 44
16 56
81 76
64 4
39 67
32 9
34 49
64 32
31 83
57 88
73 68
63 20
1 79
9 57
31 48
78 87
54 2
51 6
40 77
10 41
53 41
50 86
53 76
26 46
67 46
43 11
76 68
30 76
18 1
5 49
11 82
44 65
46 57
33 85
43 42
34 4
46 52
61 30
40 15
59 48
20 69
33 51
61 71
68 62
75 25
72 28
31 8
73 88
4 66
2 45
63 59
53 71
73 22
64 21
91 31
69 19
63 64
32 43
9 56
81 87
91 17
81 61
90 40
64 27
41 72
52 62
33 32
43 18
4 63
17 88
3 89
59 29
84 54
35 1
18 24
50 71
3 39
41 1
41 67
82 81
47 42
51 43
73 56
23 39
82 39
36 84
90 57
76 82
19 45
91 5
58 70
7 59
19 8
9 49
52 58
2 66
9 38
30 31
76 20
32 74
67 85
40 51
75 58
69 83
57 73
49 90
79 16
71 49
78 28
9 39
86 65
13 57
11 42
88 49
25 82
86 91
75 34

77 409
61 11
67 74
46 1
44 24
35 23
24 8
7 51
32 22
3 70
1 53
11 23
72 77
5 17
11 35
6 51
49 66
61 36
62 29
36 26
51 71
47 74
1 53
45 30
72 46
22 70
19 32
14 13
30 18
27 40
52 32
14 22
21 72
57 3
22 16
27 72
7 73
66 7
46 31
34 40
76 55
32 16
7 45
28 34
60 53
72 35
7 6
54 25
77 33
28 19
46 52
11 50
45 76
56 13
28 10
52 24
64 4
39 69
47 65
25 29
40 19
61 46
22 37
71 22
68 19
38 34
70 49
7 37
45 60
47 72
70 19
19 56
22 57
45 68
44 68
18 6
7 1
50 29
36 43
50 26
59 8
59 49
56 65
6 24
48 52
16 38
70 32
16 12
12 59
1 53
49 18
57 55
16 27
6 51
67 53
74 48
59 56
19 37
41 24
58 9
73 72
46 65
26 60
74 35
41 74
9 10
12 65
62 28
12 66
76 1
39 73
48 20
49 64
57 12
8 35
19 3
29 64
65 53
44 61
10 5
56 18
14 67
3 76
17 14
62 16
14 23
9 59
43 57
45 20
66 50
52 7
52 4
71 37
56 37
21 63
42 76
4 53
63 4
49 3
18 33
16 29
54 24
9 17
1 51
36 66
24 10
73 75
11 64
33 64
21 53
48 60
49 51
36 34
52 5
34 67
36 47
17 12
68 25
28 68
75 61
57 21
68 50
17 2
34 49
63 54
22 33
37 68
4 70
22 56
72 56
45 30
25 61
39 16
6 64
4 47
58 22
38 30
36 37
63 5
22 38
26 53
72 14
56 62
36 32
56 14
77 7
36 58
45 49
64 32
53 65
76 33
7 36
63 41
72 46
45 15
6 69
67 75
5 43
59 40
75 38
51 72
42 8
52 9
56 36
38 31
21 37
64 26
70 47
66 63
13 31
77 17
22 64
14 27
29 73
64 26
31 36
20 72
43 70
1 21
26 39
52 47
73 36
70 65
3 58
50 15
11 49
29 31
33 43
55 62
36 41
8 66
76 26
58 41
18 58
60 41
19 32
8 14
67 77
2 67
55 49
2 64
21 31
17 53
71 35
29 32
41 15
29 66
72 67
4 52
49 44
69 3
52 3
67 49
2 54
27 51
56 11
71 9
27 44
77 18
77 26
47 40
40 75
28 32
63 31
4 32
72 35
44 75
22 16
74 76
40 47
52 50
38 58
74 3
57 14
2 5
58 41
42 56
66 73
39 17
76 70
11 69
25 53
64 47
68 60
43 30
30 17
2 67
74 73
67 51
9 68
55 66
29 19
42 17
12 3
31 10
73 40
1 20
15 62
64 3
45 29
32 72
43 31
61 37
26 51
10 32
39 64
18 68
3 58
5 14
60 34
22 53
73 20
73 8
5 57
10 49
9 39
43 49
69 24
9 15
72 18
44 32
3 61
22 5
39 24
17 22
57 38
74 50
55 67
57 59
47 66
28 53
27 68
22 16
15 30
28 7
48 69
38 48
51 57
50 12
4 66
33 58
24 28
31 2
15 8
58 59
74 9
34 21
76 54
35 11
6 62
18 51
54 53
21 27
33 71
38 34
57 69
14 4
17 42
3 31
50 60
13 44
66 44
64 65
20 19
73 26
4 13
74 55
66 16
2 19
7 37
52 63
26 65
64 42
28 66
73 77
47 8
41 35
49 27
22 69
44 18
15 45
28 9
20 14
24 21
32 30
55 6
14 4
69 77
45 19
66 38
16 33
43 56
67 15
3 10
6 46
27 18
11 52
26 30
64 50
50 18
77 26
22 13
29 11
13 71
27 76
30 40
31 72
16 20
9 18
29 12

85 375
31 25
10 83
80 8
12 1
53 29
67 23
25 36
53 74
8 71
51 10
43 80
63 62
77 11
37 33
2 56
57 33
37 66
72 73
30 83
31 83
26 54
62 7
5 72
80 54
57 2
63 57
38 82
33 30
7 26
19 9
81 75
83 75
13 26
62 42
23 7
81 5
61 58
12 22
44 48
75 57
7 9
28 44
5 18
30 54
85 48
19 38
38 58
27 7
40 45
48 62
52 1
23 69
58 76
5 58
39 36
29 2
1 14
45 47
31 75
15 30
79 75
67 31
4 50
79 43
10 42
61 18
42 84
1 56
31 47
28 69
39 56
70 39
69 72
85 56
18 57
43 11
46 66
84 7
31 77
6 82
75 67
14 31
22 14
1 52
60 70
78 13
41 19
8 66
5 7
79 64
63 36
75 66
16 30
72 3
21 77
84 11
15 12
83 36
67 41
45 83
25 37
10 22
55 59
3 17
66 81
80 43
73 26
65 3
55 51
48 33
85 3
43 56
15 40
49 38
37 8
36 62
1 2
83 12
61 42
70 41
79 22
40 66
47 20
69 59
27 73
6 68
75 5
39 46
1 44
84 38
51 34
56 8
77 10
61 52
52 46
7 45
67 4
26 70
23 51
85 49
38 5
32 69
51 27
30 52
70 4
77 60
16 84
51 25
59 18
76 61
66 78
84 69
18 69
6 25
68 12
62 30
43 2
80 26
73 3
10 57
48 43
31 63
83 82
3 56
14 35
74 36
27 72
20 1
55 25
25 80
78 43
66 77
45 17
17 32
20 68
4 67
25 76
2 22
72 46
35 42
80 23
78 22
9 12
22 21
78 4
57 71
46 37
62 5
53 36
79 29
18 82
11 43
72 54
64 16
14 13
57 8
77 49
71 1
17 50
63 10
53 34
37 13
27 55
18 79
5 11
23 49
75 65
77 43
85 7
13 55
21 20
46 26
48 3
43 12
22 9
64 12
45 76
38 56
50 32
61 17
11 83
22 85
19 56
84 60
62 11
29 39
72 32
65 34
76 64
45 55
72 65
66 73
13 19
43 19
50 18
78 17
57 14
58 32
69 56
7 3
23 35
83 51
23 62
85 56
82 1
25 23
5 12
35 23
12 10
29 71
2 45
43 58
17 74
41 29
37 85
8 72
83 59
51 16
15 21
13 57
45 37
36 7
6 70
29 59
37 15
44 38
59 43
10 33
74 8
61 25
7 26
53 46
84 61
19 55
81 31
68 83
24 19
46 71
45 74
44 81
45 76
19 44
85 51
32 7
68 14
56 8
66 58
48 41
76 17
79 63
42 33
44 60
78 29
19 23
30 57
68 31
47 1
74 3
8 21
10 32
76 22
40 13
79 2
54 70
61 4
4 59
36 47
33 70
33 8
7 62
21 31
49 67
31 37
70 80
14 36
27 4
14 23
17 7
66 27
33 83
72 37
56 64
40 45
48 72
53 11
5 73
42 53
12 29
47 38
24 60
73 7
64 1
29 37
49 51
63 82
49 75
19 27
71 64
31 15
73 41
19 17
82 29
28 26
75 65
49 6
9 12
69 9
82 62
15 47
39 53
10 44
84 29
27 69
49 57
83 36
13 59
52 51
2 37
76 33
16 81
38 67
7 64
32 3
40 46
7 36
13 16
79 11
1 63
80 49
34 84
3 7
8 54
50 44
1 82
16 82

93 219
36 60
53 70
89 33
54 41
7 67
77 65
52 24
30 4
60 3
59 74
3 11
80 90
14 11
12 20
39 44
12 75
8 64
51 4
1 11
44 5
75 25
70 33
48 6
35 13
8 91
84 9
8 70
3 19
78 12
36 24
56 47
5 61
17 53
64 18
63 15
22 42
37 89
73 85
2 14
2 7
9 85
15 16
59 17
32 43
29 67
66 82
19 68
49 35
27 18
50 87
30 70
36 66
63 15
55 64
26 56
69 34
47 81
47 10
3 78
53 31
49 23
17 67
91 63
7 22
80 54
16 28
49 82
91 63
41 59
86 4
34 26
48 22
72 58
24 54
15 52
9 37
66 74
32 35
80 54
20 38
67 35
66 22
21 63
82 62
26 74
63 60
4 15
79 73
72 7
31 84
56 37
28 26
17 59
58 1
17 77
39 81
19 11
7 37
71 86
3 1
64 65
58 67
80 43
44 56
47 74
47 7
18 72
30 34
35 88
33 50
71 37
87 79
44 31
54 36
33 54
5 3
19 71
80 59
22 42
11 2
86 17
17 62
45 51
4 39
83 53
16 58
87 8
41 35
38 1
69 68
54 73
68 72
50 54
36 69
1 46
69 84
60 85
53 11
40 54
49 27
11 63
84 4
70 31
39 12
29 14
77 83
86 52
59 40
12 1
16 10
44 82
1 11
73 53
21 20
13 68
44 21
35 24
9 63
60 18
92 73
1 79
63 50
44 8
60 43
23 69
86 9
69 1
81 26
20 5
36 85
49 56
26 81
80 32
50 46
49 46
24 47
31 84
2 73
91 61
20 36
10 26
10 11
14 35
30 16
71 19
64 33
42 49
17 73
6 61
26 49
84 70
80 74
71 57
72 38
76 89
72 85
22 79
2 33
20 29
48 88
47 17
26 86
65 42
65 68
9 88
24 90
65 10
69 42
66 45
78 46
40 54
37 59
39 37
89 56
63 44
51 15
58 76
7 29
22 72

90 301
70 73
85 71
86 40
36 71
75 3
71 52
11 51
42 89
84 20
66 39
52 36
56 34
81 26
45 62
53 43
66 33
77 22
65 34
62 10
14 46
12 46
59 74
7 63
34 90
82 10
90 5
45 55
38 88
43 44
59 57
49 86
51 87
17 26
31 78
35 44
86 9
90 54
44 58
78 57
69 49
19 73
55 73
72 52
77 78
72 44
88 67
4 84
46 81
24 85
78 30
80 86
81 6
1 48
83 78
66 24
88 84
58 53
29 2
66 15
79 48
20 38
76 31
83 66
17 78
15 46
67 62
88 34
63 7
79 12
72 12
10 28
31 62
56 32
89 32
72 8
14 19
84 89
50 76
26 28
25 41
35 54
64 32
87 36
38 37
10 71
48 19
8 79
42 25
72 40
19 54
48 32
34 3
82 45
40 69
72 27
71 16
80 45
9 38
42 8
75 51
79 32
69 48
72 35
16 74
53 31
83 46
64 47
37 19
48 15
52 74
48 30
63 2
38 63
43 46
47 4
86 40
34 5
74 68
39 89
13 53
81 57
8 54
13 44
34 22
21 48
6 68
77 30
31 24
2 73
31 48
38 78
50 34
83 33
11 83
83 23
46 73
79 53
36 53
59 32
74 79
79 41
18 65
71 48
50 34
30 43
44 68
30 3
63 74
35 73
67 27
57 22
9 7
36 6
21 4
37 4
82 77
7 9
51 77
56 63
20 48
15 25
77 44
27 49
80 61
83 56
49 39
19 17
74 77
37 78
23 2
31 62
8 2
22 46
19 84
28 66
60 52
14 79
24 55
11 16
20 22
26 20
40 42
3 26
40 42
11 4
35 72
11 36
55 19
16 11
46 82
70 7
57 45
47 81
9 20
6 28
41 84
47 42
35 12
30 37
53 2
40 49
73 12
84 89
30 10
9 75
53 79
44 71
33 90
61 4
71 29
31 21
22 40
25 18
13 54
16 27
55 76
89 67
31 87
6 2
6 43
16 46
86 87
40 47
19 43
80 9
36 10
82 75
34 10
49 77
75 13
42 60
11 70
1 60
37 2
27 41
18 72
88 66
73 7
84 26
86 3
23 57
84 7
53 55
55 11
42 1
24 45
61 86
76 61
55 74
24 81
25 41
24 22
16 7
28 62
84 75
64 16
42 19
74 4
74 90
14 77
90 89
83 60
85 68
82 11
51 16
54 37
18 77
59 86
45 48
57 38
33 82
15 74
10 88
77 45
49 52
83 49
51 75
70 7
14 62
69 65
39 32
11 56
71 31
13 77
79 69
77 73
60 1
56 70
51 4
76 9
17 69
19 29
53 89
35 67
22 66
3 60
7 65
77 39
58 90
26 46
30 64

63 258
1 7
4 58
44 34
31 15
48 20
44 9
27 58
37 1
6 1
60 2
11 18
11 32
51 7
30 44
16 55
34 15
61 35
9 39
6 37
54 51
57 32
57 18
26 30
19 30
30 13
29 39
30 39
5 17
46 35
59 61
24 29
10 20
1 19
58 4
55 46
52 46
14 46
1 38
10 19
4 40
31 32
13 59
5 17
12 48
49 5
44 8
34 53
25 32
8 19
33 61
63 21
43 13
3 43
50 13
61 51
50 27
17 60
22 20
11 31
4 58
36 47
2 4
37 24
33 44
40 2
39 20
19 50
23 61
36 33
57 22
17 20
36 11
39 55
21 6
59 15
39 42
14 42
15 37
11 57
14 10
32 50
30 48
36 50
46 7
17 37
28 31
54 63
41 29
53 59
32 48
9 8
24 22
47 37
57 56
30 5
2 59
54 29
44 27
15 24
33 29
60 58
59 48
57 36
13 44
30 42
28 38
47 52
57 29
25 50
21 52
52 20
45 43
49 25
4 61
46 34
27 42
28 20
26 19
54 36
63 20
13 27
57 59
13 50
24 35
35 42
23 21
62 5
61 45
27 1
40 10
34 1
49 61
21 10
15 11
45 14
30 55
38 21
51 7
9 22
39 51
43 58
47 55
26 8
56 2
17 24
3 20
23 12
34 31
54 45
60 46
19 17
31 4
21 39
26 58
24 3
52 5
47 43
30 54
33 32
8 55
32 8
9 52
19 42
19 7
21 13
52 39
27 19
43 47
56 3
39 16
5 27
21 49
5 50
39 35
16 46
24 45
51 32
33 6
10 49
13 28
61 62
4 22
16 44
6 8
44 42
23 46
4 41
31 6
26 6
40 39
50 1
21 37
32 51
41 40
37 51
4 32
47 5
54 62
48 57
6 26
35 27
8 36
4 38
41 27
42 18
3 28
16 23
62 45
8 37
19 44
24 21
11 8
25 1
6 8
55 10
33 26
36 41
62 39
13 39
1 54
54 3
16 4
23 15
47 30
49 2
9 10
22 19
15 45
17 18
52 8
27 19
31 62
57 27
36 7
3 34
58 54
36 11
56 23
39 20
8 40
28 15
60 44
27 41
60 45
27 2
6 45
33 3
37 59
36 41
59 6
35 48
39 43
40 31
63 15
50 6
52 13
20 48
56 45

42 190
3 7
10 8
8 40
8 23
36 1
19 29
25 9
34 42
10 8
9 28
22 36
12 9
6 30
33 17
11 14
23 13
18 33
18 25
30 26
3 21
24 19
8 7
28 39
4 35
5 11
20 24
4 32
32 7
17 23
21 27
34 2
37 9
32 10
32 17
33 32
38 13
9 1
19 36
39 20
28 1
30 3
23 31
34 12
35 6
32 14
30 21
13 22
30 2
32 17
18 20
6 11
32 14
11 6
7 6
26 34
4 13
37 26
42 26
36 34
30 25
5 17
4 17
39 31
16 26
5 34
3 10
2 33
24 11
38 28
14 19
18 17
30 10
41 29
33 34
20 14
23 37
17 37
31 3
11 12
5 2
12 15
1 2
36 9
40 21
22 14
38 37
1 5
35 29
38 26
5 13
37 27
7 12
21 35
12 31
4 17
30 16
29 31
15 22
37 10
42 17
24 36
11 24
38 1
11 33
24 13
4 18
39 8
27 15
41 39
2 42
11 31
13 39
17 28
18 12
37 15
26 18
6 34
40 2
34 6
32 15
18 33
30 14
41 15
26 37
9 27
36 19
16 7
15 30
32 30
41 26
42 22
42 6
13 39
5 4
2 36
16 19
27 4
30 23
18 13
17 26
38 8
42 9
14 38
1 41
35 27
40 14
24 1
27 20
5 28
19 41
2 37
23 5
22 3
20 34
17 1
27 24
42 35
36 11
31 36
9 23
18 4
34 41
3 16
16 5
2 34
3 28
23 5
5 25
22 37
41 22
21 23
21 14
16 29
2 7
35 22
25 36
11 21
38 27
37 1
28 1
28 12
24 30
16 4
9 10
3 30
31 23
6 2
36 34
1 42
24 20

41 182
15 33
29 31
21 19
23 32
32 18
27 32
15 19
32 29
35 6
3 39
15 5
2 18
35 33
30 4
35 7
27 11
41 16
41 20
34 25
12 24
1 41
17 16
18 7
3 13
14 6
11 30
12 6
6 37
11 40
4 39
11 3
13 11
22 7
35 36
33 35
35 10
11 13
16 14
25 31
21 37
21 34
10 26
41 15
21 11
15 25
8 28
27 23
38 10
29 33
4 20
28 40
29 39
13 5
11 39
37 33
35 16
25 5
41 25
19 23
37 35
6 3
21 34
25 19
2 15
10 7
34 38
7 24
35 19
30 6
17 28
38 12
2 23
16 4
8 36
26 3
29 33
8 11
25 34
29 7
41 35
2 37
3 27
32 21
15 37
39 1
35 11
5 16
28 10
26 22
37 28
12 28
37 24
11 30
11 39
36 10
35 39
7 37
24 38
18 39
33 18
41 28
28 6
5 15
15 30
38 12
16 8
39 12
31 11
2 3
10 39
14 3
37 21
41 19
19 20
18 13
37 20
40 23
25 3
37 1
32 36
12 9
2 12
22 35
22 23
37 33
20 11
36 15
33 37
36 11
15 12
23 10
31 21
35 17
26 30
19 18
26 32
26 28
2 8
23 25
32 20
17 11
30 13
27 22
8 23
32 25
35 13
34 26
35 27
1 21
18 21
39 2
12 23
31 15
31 12
40 23
31 17
33 22
29 21
2 38
4 33
21 38
6 16
23 1
3 25
22 7
19 26
18 2
17 32
34 31
32 16
20 7
9 2
37 31
3 34
35 37
15 33
3 32
16 4
37 2
27 17
8 6
3 25

100 324
84 71
79 73
76 58
37 64
62 4
27 37
13 55
20 44
83 22
29 65
58 89
38 33
37 71
1 40
24 57
30 59
27 8
31 2
17 20
17 78
23 43
15 35
49 86
78 84
7 58
100 65
98 37
97 35
7 50
74 30
6 3
88 32
10 71
85 78
90 1
56 12
96 70
46 44
7 75
79 13
33 78
29 30
14 78
16 20
79 41
1 36
95 89
19 56
59 3
34 100
55 89
11 2
58 56
98 16
30 76
80 14
54 61
44 67
38 11
87 68
52 39
3 46
27 21
2 37
75 35
36 81
23 46
83 32
53 80
47 35
7 26
48 60
86 43
27 75
54 65
94 5
3 48
50 82
68 51
70 94
85 6
27 59
3 9
90 56
40 88
90 46
14 89
58 51
32 84
78 85
100 71
89 54
19 90
35 38
41 5
84 77
62 10
36 64
70 77
71 61
65 12
58 30
1 15
80 32
50 9
16 49
80 56
3 50
45 89
39 37
45 22
66 6
83 1
22 4
29 92
64 93
4 74
22 4
88 54
87 38
62 54
38 93
9 92
42 5
81 33
94 77
6 59
83 89
11 4
44 39
47 60
84 50
33 5
5 20
58 91
9 72
96 47
64 56
38 58
13 70
90 6
47 95
16 29
35 26
84 31
16 30
90 99
32 22
56 36
41 65
79 2
36 74
48 100
82 85
9 94
7 98
99 53
44 14
33 31
91 16
61 58
45 50
57 28
71 64
64 63
28 94
64 19
63 15
100 48
23 93
54 72
91 58
15 56
90 45
98 5
5 56
1 6
64 29
28 27
44 91
54 37
6 69
55 69
35 7
68 9
99 73
32 42
30 99
97 71
43 47
27 100
2 79
57 17
7 85
43 2
75 48
90 32
69 97
52 55
3 19
64 1
43 95
42 24
93 91
94 88
37 20
39 90
99 95
6 57
31 48
59 57
47 100
89 15
96 40
70 98
11 85
51 53
31 92
77 76
34 22
15 70
42 53
11 92
99 16
48 30
15 58
38 14
58 26
80 5
18 49
55 28
85 5
32 68
48 60
43 82
82 57
3 75
61 14
66 11
81 13
92 48
23 30
61 80
7 40
36 24
41 90
3 25
94 87
92 42
46 86
75 79
94 77
53 54
42 18
17 23
83 8
70 5
89 82
36 96
21 71
71 61
61 74
38 54
60 81
47 57
67 21
36 60
50 88
66 91
6 82
65 88
41 86
44 82
67 79
77 40
49 47
100 9
72 89
15 83
70 13
40 88
86 75
47 87
14 64
29 19
97 94
58 90
31 1
71 50
79 47
89 80
45 40
40 69
29 6
51 50
19 42
37 56
68 35
42 82
51 70
52 47
15 10
36 46
62 6
95 93
4 35
72 1
74 63
21 54
69 23
3 39
65 91
94 32
78 87
65 28
56 17
74 23
78 10
68 39
67 14
83 23
48 6
23 73
69 43

6 15
1 3
3 6
4 3
5 4
3 4
5 3
3 5
4 2
5 1
1 2
5 1
1 3
3 5
1 5
6 4

31 291
22 10
22 6
13 21
31 16
11 26
2 12
18 20
10 24
9 14
28 18
19 7
3 9
13 21
16 10
17 24
24 8
31 12
11 12
1 10
25 10
3 27
21 20
15 28
11 23
10 7
8 26
12 10
3 24
30 16
2 14
6 23
21 5
3 29
15 2
8 11
8 3
29 27
15 24
4 5
2 11
12 26
20 21
26 12
20 11
11 2
16 2
20 19
2 15
2 1
20 7
9 27
8 7
21 22
28 24
24 29
1 4
23 20
25 16
31 11
26 10
10 8
9 27
26 9
10 25
9 28
30 18
23 6
22 12
25 18
5 18
13 5
21 3
25 12
18 22
20 10
30 29
17 7
22 10
13 30
3 22
26 1
6 15
4 25
27 29
11 29
15 21
31 4
23 24
14 9
13 2
18 11
29 2
15 19
11 28
15 11
16 7
10 19
22 13
12 17
10 22
12 22
9 11
26 1
2 6
7 14
7 25
22 4
26 5
21 3
30 2
13 12
9 22
30 28
4 8
11 27
22 2
5 1
25 5
2 30
11 13
5 2
3 7
25 6
27 2
26 9
14 3
30 10
30 31
16 9
9 11
28 10
15 29
1 17
28 30
28 10
1 29
10 5
21 15
29 16
15 24
24 28
24 21
4 23
18 19
29 26
28 24
2 11
21 2
28 15
29 22
22 30
17 1
3 6
13 1
22 27
22 12
21 14
30 23
5 17
10 1
11 4
24 11
15 11
12 9
23 10
28 14
6 13
14 8
17 24
6 7
20 27
16 9
10 13
31 12
29 8
10 6
11 31
16 23
8 28
29 31
4 25
13 9
5 24
14 21
14 20
25 2
13 7
9 22
19 8
1 16
13 10
20 22
8 4
11 15
29 9
14 30
31 24
7 2
14 21
22 28
9 13
27 19
20 4
8 7
10 8
21 20
15 7
10 22
10 21
6 27
17 4
24 8
9 24
19 29
12 13
4 25
9 22
11 10
29 15
17 3
4 6
18 10
13 6
18 31
11 21
26 22
17 31
30 9
18 25
20 31
26 11
6 15
21 13
10 5
30 13
6 4
28 14
14 2
31 14
11 18
6 5
6 22
4 5
28 19
27 15
18 22
23 21
5 13
3 14
15 1
24 18
2 20
31 15
22 28
28 30
14 3
1 20
22 2
22 17
20 17
31 7
5 22
25 7
1 27
21 15
27 13
2 28
31 30
10 19
27 6
17 9
6 17
26 18
16 11
6 31
10 2
29 4
9 30
30 27
11 24
6 10
18 5
9 27
23 4
31 6
10 5
22 5
30 8
18 7
12 15
16 21

2 1
2 1

6 15
2 1
2 1
2 3
4 1
3 1
4 3
2 6
6 3
3 1
3 5
1 6
5 2
6 5
4 6
4 1

13 78
12 13
3 1
3 10
12 9
11 10
6 4
11 7
3 2
9 4
12 5
3 10
9 7
7 2
10 7
1 2
7 6
11 6
1 9
5 13
5 10
4 5
8 6
3 4
10 4
10 1
13 6
10 8
9 6
4 11
9 10
3 7
4 2
11 5
8 7
10 13
12 5
7 6
7 12
2 10
9 5
11 3
1 8
11 6
11 8
2 9
11 10
2 3
13 12
9 7
7 6
6 7
10 1
13 5
13 3
4 10
7 1
12 7
8 11
2 7
5 3
4 1
4 8
13 2
4 8
10 11
2 4
9 4
3 13
3 5
5 1
1 6
1 7
2 11
10 11
3 1
13 8
1 3
3 2

67 450
62 54
23 65
41 3
17 27
51 4
29 18
1 15
2 19
62 21
20 49
42 35
9 3
66 64
2 16
10 16
56 5
20 28
19 10
47 52
54 31
56 15
65 6
46 66
41 40
36 60
38 11
44 64
30 43
60 49
8 19
14 64
23 33
41 59
60 21
43 46
1 48
60 65
53 38
13 44
27 48
53 65
58 30
11 38
22 3
19 29
38 49
42 61
15 16
52 7
53 44
52 3
25 61
67 27
48 12
3 7
9 6
21 17
52 31
54 6
50 22
51 21
3 26
31 34
58 32
57 60
8 41
62 32
51 61
59 31
22 11
38 47
16 8
63 67
39 66
22 38
37 6
58 57
31 38
23 38
2 13
30 10
3 24
58 4
34 66
34 5
10 4
51 42
29 47
59 17
62 13
54 32
35 62
21 15
32 60
52 34
22 31
60 25
54 67
28 37
66 11
41 25
32 25
16 60
21 7
9 15
37 12
63 21
6 16
36 55
9 37
38 30
1 47
4 46
48 41
61 59
31 35
23 55
51 32
25 7
57 60
1 52
14 24
1 49
11 26
18 48
5 35
27 9
39 5
6 29
16 64
59 50
36 64
33 17
21 57
6 27
49 7
12 30
29 10
40 4
28 37
8 12
63 16
50 17
39 28
32 52
20 15
21 16
64 54
53 3
60 13
52 66
41 13
45 19
23 34
22 67
3 29
11 65
62 11
31 33
38 63
17 57
27 54
22 40
41 8
43 33
37 44
48 27
56 25
45 11
58 66
10 44
38 7
38 48
54 3
18 49
20 25
25 6
46 65
46 3
57 11
56 33
58 15
38 32
9 49
39 24
8 48
1 62
4 38
42 58
41 10
56 10
34 14
15 29
28 11
49 17
21 37
49 29
2 36
10 17
49 34
42 46
51 36
50 21
28 57
11 37
45 20
20 8
35 65
35 62
46 1
32 16
66 60
34 35
20 43
1 18
26 42
63 9
28 62
47 5
51 57
58 29
10 27
36 61
24 21
55 3
21 19
35 20
29 1
54 65
60 54
15 36
46 10
44 23
5 23
44 5
30 34
33 39
60 19
49 16
56 53
35 26
21 2
45 66
19 48
63 12
52 27
47 37
40 2
58 13
45 12
42 28
45 30
20 13
28 52
18 13
37 43
50 55
21 49
7 18
61 35
2 21
31 48
7 20
66 14
32 60
25 23
20 19
2 56
31 29
58 65
58 27
41 31
11 39
54 28
32 38
30 52
1 27
58 38
43 4
2 35
29 42
5 64
43 10
28 22
67 42
29 43
15 19
7 25
57 10
53 22
48 32
23 48
8 31
18 50
34 37
18 12
28 39
9 20
48 53
41 48
27 20
40 42
38 63
16 28
6 1
66 53
49 21
50 57
51 18
56 35
4 23
63 48
61 21
67 42
6 58
39 50
10 28
41 47
24 56
24 46
7 22
48 5
60 47
11 60
64 67
44 17
22 40
64 33
60 14
24 16
4 62
15 30
39 55
9 12
60 50
57 16
21 54
38 30
34 48
23 47
64 66
64 19
55 10
1 65
23 24
13 43
35 44
5 6
31 18
40 13
24 6
33 28
43 63
61 40
35 40
37 50
53 5
38 13
5 35
52 28
64 28
62 40
32 17
20 62
51 9
24 8
31 57
35 6
2 45
63 53
34 32
35 37
36 22
49 57
6 33
17 19
60 28
58 42
44 27
36 28
36 60
52 66
66 19
22 17
13 17
2 46
65 53
15 50
8 13
39 30
63 5
49 55
32 39
46 8
16 15
35 51
24 19
66 39
54 20
55 16
53 6
62 67
58 26
49 15
56 37
45 51
41 26
38 5
14 34
30 29
48 64
29 21
33 28
59 36
64 63
52 67
1 63
16 58
38 65
6 26
51 67
9 25
25 64
46 55
30 8
17 27
22 62
47 4
39 55
56 36
50 40
52 50
52 67
57 23
14 12
65 11
7 39
52 20
17 40
66 42
6 25
63 17
21 16
56 8
4 24
7 61
25 6
45 24
62 17
38 24

62 149
50 18
1 23
13 11
4 11
20 15
2 37
42 40
4 58
22 44
61 20
25 35
22 14
11 5
21 55
36 54
43 22
9 41
44 21
51 47
29 7
59 30
43 38
5 45
34 24
24 32
43 48
5 62
61 13
2 17
3 38
8 45
57 14
21 38
32 9
20 60
13 16
25 54
51 27
36 22
48 57
54 26
42 56
25 38
4 27
53 6
62 58
48 56
10 6
29 41
12 48
37 25
61 59
16 49
24 49
7 9
43 58
35 20
51 57
55 52
19 45
57 18
39 42
11 48
47 37
24 56
20 60
18 55
31 3
16 17
7 22
57 2
56 14
50 49
7 39
5 49
33 23
25 10
31 8
54 6
32 47
25 27
1 41
19 31
41 32
46 47
54 38
48 45
52 35
31 56
9 34
40 39
56 3
48 22
8 37
25 37
21 50
2 19
26 18
50 4
48 31
50 39
6 33
19 55
5 48
46 11
19 24
49 10
24 32
31 6
56 6
26 41
5 45
4 20
30 7
5 60
54 41
1 24
60 56
26 45
39 34
1 60
20 8
21 51
38 50
56 29
55 17
5 57
59 8
14 24
12 19
19 1
57 20
24 54
11 47
36 49
18 34
45 35
41 3
23 15
52 14
41 42
29 46
34 23
51 46
45 1
62 1
61 56
18 21
48 28

74 411
67 3
53 25
33 37
71 4
15 39
41 36
58 61
65 40
42 65
63 50
11 60
50 14
45 60
18 12
59 50
3 51
52 55
53 11
17 50
66 10
14 10
45 71
71 35
14 38
25 2
13 14
61 40
27 10
3 44
21 62
19 1
16 49
55 69
37 50
44 28
37 35
37 7
31 11
19 45
48 21
24 38
34 63
4 60
72 6
7 70
45 26
71 61
74 29
33 14
56 54
41 18
14 55
2 22
66 20
66 39
19 68
3 52
56 58
16 31
41 22
26 12
25 74
50 2
7 8
15 40
39 33
36 52
14 37
73 5
35 43
21 53
36 1
8 69
58 23
25 45
28 14
47 28
63 49
12 48
41 51
12 74
12 41
13 27
39 69
61 7
15 39
42 68
24 36
51 47
38 53
69 66
66 41
71 32
67 8
57 12
36 68
11 26
34 1
52 51
47 38
57 39
54 3
32 3
16 61
27 54
39 21
23 9
40 19
18 10
4 1
21 39
46 31
64 58
9 19
12 55
56 68
72 13
48 29
68 64
15 20
21 32
19 43
18 58
39 35
67 42
13 66
6 37
74 48
20 9
66 31
41 26
2 38
16 28
45 9
69 37
7 15
46 25
35 63
60 73
2 30
40 14
21 23
28 73
48 25
7 40
33 25
43 35
41 58
62 63
45 56
25 51
48 71
53 8
59 38
58 38
45 23
30 44
23 57
42 71
8 26
14 40
28 56
74 68
17 39
34 61
72 59
37 23
33 67
8 69
8 65
33 53
13 62
22 36
44 41
10 51
66 23
17 19
56 68
65 72
11 24
59 60
60 73
9 18
44 16
13 51
7 23
29 71
10 28
10 31
68 19
8 59
19 2
56 74
47 46
50 57
47 34
21 33
10 29
50 53
22 40
30 6
62 36
55 49
64 6
35 61
13 20
5 66
53 57
38 24
32 73
48 43
19 6
52 25
34 9
46 73
16 30
39 29
10 13
18 73
18 31
37 8
28 42
51 6
24 15
7 33
13 54
1 31
60 30
33 71
38 4
47 31
33 11
60 20
24 55
19 11
33 5
38 74
55 43
1 69
49 33
59 7
33 67
44 63
25 40
4 7
12 35
17 1
72 37
24 52
33 20
63 65
24 4
43 5
47 43
73 54
36 57
64 28
26 30
53 43
34 37
55 46
53 55
43 15
56 72
47 1
38 16
3 42
58 7
14 26
57 64
57 18
47 24
72 2
54 41
13 16
73 58
68 31
4 9
64 2
33 42
39 48
44 58
31 50
71 35
11 39
69 6
11 41
29 60
21 8
4 33
1 54
17 69
10 72
55 51
51 65
19 68
39 62
51 47
16 26
59 26
64 54
31 52
72 38
37 18
45 19
51 46
72 45
18 60
42 72
36 19
40 32
12 4
20 40
29 35
65 38
54 22
68 31
20 9
46 15
54 42
65 3
17 13
72 54
55 47
68 51
12 25
40 68
44 5
74 56
70 64
71 27
64 65
36 61
51 59
1 30
4 44
10 20
56 59
74 14
31 67
42 43
69 59
14 17
42 13
72 37
54 69
41 43
37 54
29 13
38 8
21 19
51 8
39 10
67 16
2 1
8 43
21 54
6 34
70 47
46 68
61 4
40 27
46 54
59 53
44 74
60 42
19 36
50 57
23 20
72 24
20 57
45 19
36 50
52 32
22 2
3 8
5 20
12 50
51 70
6 20
70 65
62 14
4 15
70 27
12 45
50 9
5 72
27 40
47 5
49 68
6 29
53 62
48 65
15 2
60 21
22 55
11 61
46 15
1 19
41 64
63 68
72 67
66 25
11 16
7 37
10 64
66 62
51 17
30 65
19 16
63 18

93 96
12 37
39 51
93 49
77 67
2 67
70 48
19 83
46 26
87 34
19 71
75 63
81 43
90 16
42 3
75 38
7 86
74 43
43 72
89 26
45 91
91 19
45 16
9 90
40 2
28 58
70 10
26 57
52 22
71 93
22 52
35 27
43 16
69 83
85 65
14 36
60 11
54 11
24 60
6 61
59 33
24 35
42 49
90 91
68 67
88 87
25 30
20 67
43 89
57 34
58 68
67 24
78 25
32 6
85 35
67 50
66 90
85 12
45 81
10 19
52 4
12 76
31 30
48 73
25 9
11 80
76 77
10 58
9 39
63 91
74 36
47 46
30 36
57 74
21 64
90 70
66 7
53 3
36 5
74 58
11 82
44 84
66 51
48 72
87 15
69 67
51 20
17 80
54 74
59 72
42 53
49 14
59 6
17 1
10 88
56 18
76 6

12 66
9 5
3 9
1 6
7 3
11 9
12 5
11 4
10 3
4 3
9 11
3 4
6 9
7 12
11 5
5 12
9 7
12 10
1 6
4 3
6 7
7 4
9 2
6 4
6 9
6 11
12 2
8 11
11 5
3 10
1 10
9 2
2 6
8 12
4 2
3 1
7 12
8 4
12 1
10 2
12 3
9 8
2 8
10 6
10 7
11 7
12 4
12 9
11 5
4 6
9 11
5 4
2 9
4 3
10 7
5 7
6 11
2 3
4 3
9 6
2 7
6 5
7 6
8 5
10 11
10 6
9 7

58 168
17 18
33 4
13 6
46 40
58 3
23 35
34 23
15 3
50 28
3 26
47 46
24 21
43 46
38 51
6 45
41 14
4 8
17 8
13 5
48 12
57 4
38 32
26 52
26 9
13 21
34 52
58 14
42 37
43 27
34 29
1 47
25 8
55 32
12 1
21 23
50 24
53 15
42 46
33 50
51 45
18 44
44 17
49 20
45 33
38 12
4 38
58 28
38 54
51 49
47 14
6 30
29 58
44 12
37 10
4 29
54 21
6 40
29 54
1 7
21 30
18 16
9 35
46 4
27 29
42 40
34 13
11 33
57 14
3 8
9 32
4 21
37 35
41 25
27 47
45 56
56 2
56 6
36 2
54 6
43 36
39 56
38 5
46 43
7 45
52 30
48 14
1 16
55 17
42 35
3 31
33 54
29 30
23 6
31 18
11 16
45 41
5 16
37 50
1 35
36 52
7 18
57 25
45 15
9 22
9 39
46 54
1 17
10 6
40 27
8 47
6 48
51 21
18 34
13 53
11 56
51 20
55 49
45 41
55 45
54 5
17 41
50 18
58 1
15 39
27 23
19 24
4 11
37 22
44 49
16 46
47 8
58 35
48 44
9 44
22 5
40 38
45 31
47 36
31 4
8 49
26 7
29 28
43 42
5 25
57 43
5 56
42 39
37 19
48 14
40 44
53 11
30 17
58 39
3 7
30 28
25 36
48 52
12 32
49 36
22 33
41 12
16 13
48 26
52 4
7 37
48 17
1 7
16 58

