1000
2 7
2 51
68 91
1 94
1 41
6 7
57 83
4 99
3 60
5 9
9 21
3 41
1 4
1 2
9 82
4 52
89 94
7 8
7 85
16 72
2 3
80 82
2 8
56 90
47 75
50 78
1 7
4 4
3 10
3 6
7 27
4 39
6 7
4 80
1 12
3 6
9 29
2 9
58 82
7 23
1 5
6 97
5 83
4 32
8 74
4 21
7 46
8 95
6 95
1 47
5 66
7 24
33 45
6 26
5 38
10 92
2 84
2 62
21 83
8 68
8 9
2 48
23 25
3 8
44 47
36 57
21 80
3 7
6 7
31 95
2 75
2 2
1 8
12 26
3 67
7 33
8 87
8 10
11 95
64 79
14 65
3 26
1 3
1 85
3 93
28 64
6 8
3 49
34 72
3 3
2 4
2 7
1 4
5 28
1 6
9 12
4 90
4 14
5 9
6 48
32 65
1 93
1 32
13 85
5 53
4 68
3 79
6 76
4 9
7 92
76 77
5 88
5 7
1 49
1 71
4 8
1 6
1 3
3 9
7 31
9 33
95 99
37 77
3 8
15 21
2 3
69 95
3 32
9 96
3 4
31 59
3 16
3 71
5 74
5 9
11 35
4 6
1 8
6 81
34 86
8 74
51 75
9 85
68 99
2 67
79 90
5 9
2 57
8 50
4 41
5 94
62 81
19 62
5 9
36 50
19 66
3 52
1 48
9 89
44 73
7 44
88 95
9 43
3 8
51 81
4 93
7 76
6 9
4 97
5 78
73 86
40 57
18 86
6 9
10 35
7 9
9 37
7 11
2 6
16 52
27 40
1 18
9 13
2 7
2 3
6 96
7 8
4 82
5 7
6 89
6 8
3 9
4 9
6 48
39 50
9 57
28 79
32 49
6 34
9 42
64 66
9 85
2 33
5 97
33 52
3 84
6 80
61 77
1 3
7 9
5 56
7 11
9 59
3 34
65 87
4 80
2 21
1 49
33 51
78 99
4 15
3 64
52 60
1 66
9 84
4 50
4 99
1 4
7 37
22 60
1 27
7 29
2 53
6 18
2 50
1 27
4 34
2 88
9 27
6 95
2 8
1 5
6 7
16 20
6 70
27 68
4 36
3 7
1 9
8 33
4 5
4 5
8 46
3 6
1 80
2 21
1 4
8 34
3 7
7 24
1 4
5 67
5 9
3 73
1 75
4 50
50 70
7 30
4 7
8 67
26 31
6 7
3 9
7 68
6 6
5 73
6 49
3 67
7 18
98 99
4 96
49 68
3 91
5 50
1 34
3 90
35 39
30 53
1 69
12 39
5 46
3 98
2 31
7 56
3 32
2 33
2 6
9 48
67 82
19 79
7 79
4 37
26 76
8 56
4 63
5 8
25 49
67 82
51 72
5 48
4 14
3 24
44 59
9 86
68 76
3 22
8 73
5 30
5 74
8 80
8 58
7 9
14 86
1 3
23 64
31 93
2 80
47 63
8 76
3 78
3 14
9 43
37 55
3 83
5 7
8 25
2 6
4 4
7 64
8 44
13 60
13 92
6 9
1 4
3 41
7 9
66 75
4 53
4 5
74 74
8 64
8 90
4 6
4 4
30 63
47 64
5 40
8 19
12 44
4 38
63 97
2 34
61 64
1 95
2 60
8 88
4 41
53 64
35 67
3 8
4 7
4 89
7 43
3 70
7 9
62 84
6 19
2 8
5 45
22 22
47 76
35 45
8 8
2 9
5 62
5 80
1 7
3 8
6 55
3 23
5 17
9 52
47 62
5 50
2 88
8 30
52 78
53 66
85 94
2 91
9 85
3 57
9 59
28 49
57 79
8 34
26 57
6 9
3 4
4 4
7 35
6 8
7 7
3 45
5 96
6 21
36 74
9 11
5 6
2 3
42 73
4 96
69 70
1 9
1 29
2 30
7 8
2 6
7 26
4 5
7 25
8 27
4 13
36 42
2 96
7 60
29 65
2 52
1 77
7 50
6 7
4 9
86 94
6 7
2 7
5 6
1 3
6 88
41 78
2 5
2 80
11 55
1 22
6 56
56 69
9 76
18 21
7 21
5 58
4 72
36 68
54 73
9 20
22 99
77 89
69 83
2 87
32 90
5 98
1 69
5 9
15 43
7 28
9 12
6 9
6 90
67 99
7 91
19 27
8 34
45 95
3 5
4 46
3 74
8 93
1 15
7 90
2 2
50 92
8 40
5 7
9 77
5 7
6 30
3 42
44 56
6 33
7 38
3 8
8 60
7 48
11 16
2 3
1 54
2 88
1 47
3 22
6 8
1 3
9 16
2 32
20 82
16 74
9 44
73 99
8 88
73 80
6 7
85 88
22 53
5 97
3 5
4 78
3 68
9 49
8 71
4 51
4 6
8 9
12 73
2 76
6 96
50 54
69 77
4 53
1 10
16 33
2 9
9 37
1 4
4 5
9 9
2 5
8 48
58 80
2 8
28 39
7 30
7 72
11 39
6 26
8 35
33 61
43 79
8 25
13 83
73 91
4 32
8 93
4 7
5 59
6 35
9 67
3 9
8 16
5 9
29 75
8 53
6 19
7 9
9 24
2 60
35 96
4 9
6 57
31 33
2 4
4 23
4 96
3 8
6 8
3 14
3 14
1 4
7 17
1 5
4 56
5 70
3 6
17 95
8 40
3 6
35 42
4 94
17 18
3 4
30 69
29 56
22 41
4 7
3 20
7 73
8 9
6 53
6 57
60 92
39 46
9 84
2 7
6 27
5 7
16 89
1 20
10 16
2 70
6 8
3 9
6 16
1 42
2 59
38 86
32 38
1 48
2 7
14 93
4 5
4 99
61 94
3 95
18 20
1 31
1 4
1 9
7 63
7 97
2 65
6 8
6 8
52 54
45 57
3 4
63 98
29 41
4 4
1 42
6 95
1 8
3 4
2 69
5 7
58 70
6 46
4 92
3 73
6 55
8 28
7 8
6 39
51 78
3 22
9 31
8 8
2 47
5 8
3 5
8 70
3 51
5 19
85 99
6 40
4 33
2 81
1 70
9 33
1 7
87 97
6 67
3 19
64 93
2 66
8 97
3 40
1 9
2 13
9 43
9 96
29 80
7 8
2 4
5 5
5 73
4 55
8 16
2 4
6 65
11 30
1 62
19 79
18 86
13 64
8 70
3 9
7 66
8 20
7 9
4 9
16 45
7 66
34 65
4 55
34 71
74 81
8 8
5 87
29 87
3 55
1 64
4 9
4 5
37 58
17 89
9 95
8 78
6 32
14 93
7 91
1 23
9 13
52 69
9 52
6 9
7 86
7 63
9 96
18 93
6 13
29 86
4 28
4 8
1 21
2 74
11 73
9 17
3 36
19 37
1 9
3 40
7 95
5 71
2 25
5 40
8 40
17 39
2 2
2 25
4 8
4 6
2 92
3 90
51 73
25 61
37 86
21 36
8 9
9 31
2 7
3 47
45 52
54 61
7 92
6 8
7 62
21 84
45 47
4 4
7 64
2 7
2 64
2 77
3 40
52 60
7 22
4 30
6 8
6 8
3 30
78 98
40 48
70 78
9 39
20 52
18 57
39 93
33 57
5 15
15 38
7 61
4 71
6 69
6 54
8 42
55 65
8 37
65 90
48 67
3 15
8 65
8 61
4 24
2 3
22 83
3 5
5 8
9 60
2 30
19 24
8 69
4 42
1 2
8 31
2 6
4 17
9 60
6 25
1 4
10 32
7 82
5 26
4 4
12 69
4 9
48 95
7 93
71 79
10 17
7 89
6 75
7 21
5 70
4 27
9 53
12 81
5 92
44 64
47 99
3 64
1 14
7 69
10 12
19 68
1 38
1 25
51 71
1 75
41 46
31 76
35 40
6 99
2 2
1 23
41 75
57 72
5 8
3 69
6 50
4 50
1 2
7 87
5 66
8 11
19 54
1 62
8 42
8 85
3 40
26 35
3 68
2 7
1 9
3 8
1 93
4 49
29 34
8 9
36 96
20 89
3 43
2 61
31 77
6 7
7 7
35 81
9 67
25 91
2 84
10 55
4 84
4 6
1 9
48 81
32 57
9 57
77 95
9 84
5 35
9 81
3 84
15 78
7 17
9 37
3 4
35 68
4 54
5 40
8 91
2 8
12 22
2 4
6 8
61 93
9 95
36 88
9 18
4 82
66 71
7 10
7 47
3 3
4 60
1 4
29 89
2 9
1 75
32 96
4 6
53 80
5 9
3 52
1 9
17 78
2 19
5 92
5 8
1 8
35 52
14 59
1 1
6 10
34 96
3 57
5 47
7 43
41 64
5 95
20 91
14 91
6 53
6 9
7 61
12 97
6 42
4 46
49 85
73 93
3 4
1 53
5 9
1 2
18 54
3 54
1 3
8 77
2 8
1 9
4 95
8 74
6 8
25 56
2 76
31 68
2 39
18 58
3 4
5 7
1 42
27 43
7 51
7 85
6 56
3 72
7 14
3 57
3 9
7 37
59 83
6 75
3 57
1 39
76 97
6 83
