1000
5 7
1 60
45 94
11 49
7 33
8 97
7 9
4 95
9 10
52 85
2 29
5 44
62 70
2 9
4 4
8 23
6 7
6 54
1 8
5 94
82 86
2 93
9 29
6 45
3 4
5 8
64 88
2 43
15 46
1 18
60 97
5 5
67 99
2 3
4 42
3 39
89 91
1 6
47 96
5 9
34 51
33 62
7 29
33 67
5 6
3 4
11 75
3 6
6 8
2 22
8 29
11 91
5 94
1 26
45 65
3 6
37 86
9 25
8 9
82 89
4 43
53 55
3 18
73 89
6 71
2 46
7 97
2 36
23 44
6 23
2 8
3 7
5 6
79 84
8 19
4 5
4 99
6 28
4 46
2 36
5 9
4 46
28 81
1 1
20 73
6 42
27 82
3 18
5 41
42 45
7 54
4 78
1 9
4 9
4 12
2 96
1 14
5 63
20 39
3 5
6 9
7 20
8 12
9 21
8 51
3 9
83 91
9 87
7 14
2 65
2 4
6 42
4 13
3 8
4 8
46 66
14 42
4 54
23 68
39 60
3 86
1 87
6 76
5 56
4 8
25 63
40 52
1 31
21 86
1 10
8 43
4 9
75 97
3 6
6 32
4 4
4 36
4 30
3 31
2 45
1 31
36 66
9 94
23 83
2 31
7 17
1 30
5 72
51 52
2 41
2 4
24 53
2 6
9 9
5 9
7 12
7 57
1 3
70 73
4 25
21 89
4 6
2 70
4 30
7 97
1 6
2 72
3 4
2 50
38 91
4 80
1 9
4 16
7 9
72 80
6 9
24 67
4 17
8 57
9 76
2 9
38 40
3 5
7 8
4 9
1 72
14 73
32 96
2 8
8 83
4 8
5 7
2 82
8 26
38 72
9 53
12 18
5 96
5 24
16 33
7 8
6 99
48 68
53 61
3 5
2 92
22 58
6 19
54 74
1 75
19 95
7 8
5 36
7 35
2 72
2 8
1 63
4 4
3 8
60 64
3 65
62 73
4 21
39 62
6 32
2 8
8 60
2 81
8 90
7 38
73 85
8 8
4 4
7 78
25 43
4 45
4 65
4 6
6 6
21 99
1 8
4 7
57 77
5 41
4 85
3 9
7 90
44 77
1 4
24 73
6 93
1 4
45 55
6 83
4 97
8 62
7 38
11 30
2 76
2 12
5 15
4 7
61 61
8 62
9 39
7 8
3 4
5 38
9 78
9 64
3 6
69 87
9 51
7 75
6 41
7 78
1 18
2 48
3 19
27 51
7 9
1 54
5 56
5 76
1 4
9 35
2 53
1 9
6 55
1 3
5 7
12 85
21 76
2 19
3 16
26 44
1 80
1 4
4 73
8 90
2 55
9 65
9 57
7 22
2 94
1 18
1 70
67 92
8 61
8 36
6 50
5 9
50 72
1 2
51 65
52 96
6 6
29 90
1 61
25 33
4 58
43 54
9 80
1 26
5 90
4 9
8 96
2 13
28 89
4 67
5 51
7 8
34 92
8 14
8 18
3 72
7 87
31 75
76 95
1 34
7 57
54 60
8 27
87 90
9 37
2 46
19 87
4 64
9 34
2 48
9 44
1 92
27 96
4 47
13 15
6 10
7 86
78 92
5 85
4 5
7 99
1 45
2 45
6 77
9 83
8 54
2 53
6 54
3 30
4 9
3 9
9 47
7 36
6 8
5 49
38 57
9 48
1 3
6 37
28 92
5 9
6 6
8 52
7 88
2 73
43 44
53 92
3 80
4 35
5 72
9 73
2 87
1 15
2 5
2 66
73 91
2 7
1 8
15 16
18 84
7 9
22 71
8 12
2 66
6 17
4 6
20 74
8 62
53 78
9 65
5 7
4 9
43 71
5 11
52 77
3 94
6 7
38 60
3 56
20 48
4 84
7 96
7 54
2 96
4 64
9 84
5 8
1 26
9 98
5 8
4 38
1 50
7 90
1 9
8 22
6 16
1 5
2 78
7 48
7 84
7 8
5 36
32 68
27 99
11 63
73 89
1 69
7 7
4 8
6 9
3 45
2 3
8 99
1 71
6 27
8 22
37 86
7 8
3 86
4 97
5 52
5 5
70 95
5 11
69 77
4 5
2 2
8 43
8 26
9 79
7 65
1 1
6 59
11 73
5 7
5 5
4 43
9 78
5 11
1 74
4 87
2 74
4 10
21 61
1 66
3 36
6 12
2 66
7 77
5 48
4 87
4 71
2 62
20 54
6 88
6 7
2 87
5 15
9 68
3 9
4 22
5 11
75 99
37 39
7 68
7 37
25 30
3 74
6 83
8 47
6 72
9 37
4 29
1 67
9 87
1 5
4 6
76 86
1 5
50 52
1 24
5 6
1 46
7 91
35 65
1 21
4 83
25 90
6 64
6 7
6 15
4 9
69 79
5 64
6 9
4 89
5 6
59 73
4 92
8 88
19 34
85 98
3 17
14 52
25 79
1 3
4 41
7 8
9 14
8 39
7 37
5 8
7 14
28 89
5 5
4 40
1 58
3 4
3 89
7 74
1 5
12 45
3 3
16 80
5 62
7 28
9 97
6 45
1 84
4 6
4 59
2 4
29 30
11 92
68 74
47 94
31 32
58 95
3 3
4 94
27 49
1 9
4 23
9 77
59 79
2 3
53 66
2 10
8 9
2 75
47 82
3 7
28 93
9 67
9 15
4 6
55 90
3 8
2 7
5 9
11 25
8 78
3 38
20 70
1 63
7 9
5 58
1 9
1 96
9 92
4 44
18 46
46 53
2 78
3 90
46 76
1 43
32 46
1 7
61 74
2 95
1 80
1 1
11 61
10 45
3 6
2 3
2 36
6 18
3 7
3 8
3 68
12 24
5 18
63 91
23 83
6 78
2 80
4 87
6 64
4 55
3 71
9 9
6 43
8 65
5 63
4 10
7 8
74 87
23 72
1 47
1 45
5 8
13 46
6 98
8 69
6 50
1 31
6 72
4 81
7 16
9 68
8 72
6 42
2 83
1 7
7 88
33 81
1 6
5 5
82 92
1 27
6 11
5 93
1 2
2 95
3 8
7 86
1 3
4 5
8 78
8 68
9 90
7 80
4 15
31 33
2 85
3 38
27 63
9 74
1 2
1 17
4 6
11 90
6 94
6 15
59 97
3 5
7 12
8 82
6 9
21 22
4 42
9 9
2 19
5 88
9 47
12 47
4 8
2 7
1 66
9 88
6 49
67 82
2 4
2 9
7 50
1 92
60 79
4 5
4 88
9 80
86 92
4 9
1 7
5 33
50 77
34 88
3 7
3 9
2 7
4 7
1 63
2 4
8 9
63 79
5 7
1 9
4 99
1 98
5 9
2 56
1 55
1 10
46 67
9 34
60 97
33 96
5 52
1 6
2 43
3 76
6 79
3 9
3 97
22 82
89 96
9 98
3 7
16 46
1 44
22 93
29 67
5 73
3 8
27 48
2 47
8 82
5 21
5 57
1 6
65 77
9 47
2 4
22 41
3 4
19 56
6 39
8 74
3 94
7 55
5 81
2 3
7 77
1 8
3 8
62 80
48 99
9 72
4 7
5 41
7 7
27 28
17 49
8 45
9 55
23 47
75 84
8 71
2 78
4 94
9 78
1 51
1 2
9 65
2 62
70 97
4 7
34 35
9 88
8 8
2 4
1 64
1 66
18 89
4 30
4 45
2 4
5 48
5 75
1 81
38 58
5 8
2 57
83 85
19 33
7 36
66 87
9 50
6 17
6 9
2 35
3 33
9 74
2 88
5 78
7 8
8 24
13 63
1 44
7 92
5 54
7 12
2 9
9 40
4 92
3 4
78 94
6 71
8 93
6 7
5 6
38 45
3 5
6 9
5 57
5 6
29 62
23 62
5 5
11 19
38 52
6 53
12 44
68 93
1 63
4 44
49 75
1 5
4 28
1 58
1 57
3 78
7 83
1 90
8 75
8 68
2 92
7 59
8 98
3 61
1 3
54 81
7 20
16 32
2 43
7 14
4 11
7 83
1 46
7 52
1 85
60 64
4 67
31 92
81 84
7 50
4 37
6 92
3 44
4 67
8 9
2 9
9 48
4 27
8 55
1 60
37 70
11 47
18 46
1 65
5 9
4 60
4 7
2 47
22 87
2 82
64 96
3 5
1 38
6 38
4 5
2 9
1 2
6 53
10 80
3 38
4 5
49 58
5 40
1 71
9 80
7 46
1 94
22 53
29 98
8 20
1 86
5 84
3 24
8 73
4 8
55 62
5 25
8 33
4 4
4 6
19 43
7 81
3 7
3 4
4 37
50 90
57 90
6 21
26 99
3 34
6 31
2 6
14 41
8 42
20 38
3 85
4 27
3 10
53 82
8 77
7 66
9 29
45 84
4 98
2 6
8 8
44 66
9 80
2 3
8 90
49 80
8 14
2 35
2 84
3 92
2 8
3 37
4 80
3 47
11 94
9 71
6 30
3 9
5 72
3 8
36 37
8 9
8 8
52 70
20 27
38 42
66 94
1 5
