1000
9 52
7 77
7 49
6 52
28 31
1 52
9 41
2 6
5 18
4 17
5 7
66 75
23 80
1 9
5 21
8 11
3 4
6 95
13 70
9 67
2 59
5 59
7 74
10 43
9 33
3 5
2 9
2 57
3 58
21 67
2 14
3 21
2 48
9 60
6 86
3 9
1 9
80 83
6 7
9 28
7 70
3 60
64 82
4 5
3 82
2 9
4 7
24 43
40 75
8 87
5 97
4 5
3 16
9 71
38 80
7 9
7 45
6 42
4 66
5 9
54 92
67 97
58 93
46 95
2 74
4 5
65 82
3 9
4 5
1 34
9 62
2 7
37 43
8 8
11 68
6 65
9 64
3 64
7 57
1 9
2 54
1 8
8 30
7 22
1 62
39 44
4 8
2 99
46 96
5 27
61 89
2 13
5 61
4 6
5 29
1 4
2 9
16 82
1 75
4 60
2 98
4 6
8 23
14 56
4 96
1 76
32 62
4 47
11 60
6 9
3 9
1 2
2 8
2 6
7 83
8 64
32 70
2 5
2 14
2 4
2 7
5 76
4 6
1 5
5 24
18 82
7 82
9 81
3 91
67 80
2 95
2 7
6 10
4 13
5 14
59 85
3 56
4 9
2 87
5 57
1 37
8 36
2 4
5 28
5 18
2 43
3 96
4 6
69 78
3 40
5 66
8 58
2 83
3 5
5 7
4 29
9 64
6 24
5 7
5 5
1 3
59 71
2 81
4 30
36 99
6 16
5 13
1 6
1 87
6 47
5 54
8 46
1 77
1 16
4 75
3 5
7 9
5 6
8 12
6 7
4 60
3 60
38 88
8 27
1 7
4 70
7 60
5 23
6 31
2 33
46 86
6 46
48 96
1 5
1 36
7 40
1 1
9 78
8 54
8 8
8 46
6 9
3 36
23 32
19 76
7 18
24 87
33 50
8 71
7 31
2 41
3 26
5 6
46 51
1 56
6 9
8 39
31 46
7 16
6 22
8 44
3 20
7 98
2 98
2 65
6 57
2 14
1 80
53 71
34 43
3 8
1 7
66 90
5 7
8 39
8 9
29 55
7 74
6 39
2 94
60 74
41 54
21 38
6 16
1 5
83 98
1 9
2 82
13 92
1 77
77 78
4 9
41 46
1 82
2 7
7 9
63 96
6 6
2 17
18 25
7 57
16 71
13 18
8 54
3 27
9 84
8 90
2 9
3 3
1 13
2 4
43 61
1 9
3 10
71 92
2 47
5 63
2 32
9 9
5 77
1 52
5 31
62 96
5 8
6 7
1 2
3 5
8 37
3 92
11 55
1 20
9 89
19 84
1 4
1 69
8 42
15 92
6 43
9 19
4 45
8 29
6 25
8 19
8 89
62 73
1 80
2 47
9 68
29 84
1 3
2 3
2 4
7 9
2 22
2 39
53 98
1 98
5 9
5 9
4 60
1 9
6 81
3 38
8 89
40 88
2 5
30 70
1 2
2 59
1 13
68 87
7 28
7 71
17 37
18 90
9 9
20 49
6 9
5 74
1 2
8 51
8 92
8 26
47 94
47 53
69 77
55 61
4 16
32 50
5 74
7 45
24 84
35 62
6 8
64 82
1 6
4 57
51 95
4 5
5 7
5 85
20 49
4 7
8 37
2 75
72 88
3 97
1 6
8 33
27 38
7 18
3 14
75 96
55 75
7 18
9 27
7 46
5 33
5 39
2 77
2 4
9 40
6 10
1 37
6 16
3 41
2 39
42 96
52 97
2 4
16 65
81 95
1 3
5 88
8 65
5 50
4 5
3 84
1 1
4 66
37 76
4 47
20 96
20 96
1 54
2 17
3 95
9 44
7 81
2 9
72 75
6 6
3 79
35 88
3 23
5 42
5 9
9 62
6 98
5 53
8 86
1 4
3 83
7 84
49 58
3 9
31 37
9 96
1 9
1 4
1 3
67 77
3 87
2 7
9 45
2 3
5 6
1 68
3 12
2 3
5 9
8 9
76 76
2 65
86 88
47 63
1 13
7 8
10 26
4 5
3 5
3 6
3 62
4 19
2 97
4 8
2 3
5 54
1 29
2 2
49 79
11 38
69 89
9 36
20 53
1 65
8 77
8 9
1 5
95 97
6 70
5 68
6 13
2 9
2 3
9 62
56 86
14 78
2 9
4 34
3 19
4 92
2 83
40 97
3 8
6 40
47 97
9 13
5 9
71 76
50 88
9 66
1 7
7 30
24 95
8 65
2 2
6 8
19 49
4 41
3 25
37 80
1 2
7 56
6 85
3 9
24 25
4 45
5 5
3 44
6 47
9 35
31 32
1 6
12 55
26 66
7 34
7 80
1 8
19 19
2 97
9 94
2 35
7 21
1 68
6 7
9 48
8 37
47 48
8 75
1 54
2 7
5 9
5 12
1 96
2 5
6 69
3 75
7 68
2 84
30 59
17 99
9 23
4 9
4 9
4 5
1 3
31 46
5 26
56 60
94 96
56 58
34 84
5 7
6 79
8 70
3 89
4 5
2 5
4 88
64 91
24 73
42 66
4 70
15 37
7 27
2 8
1 77
48 76
5 7
5 7
7 59
9 40
1 55
75 76
73 88
47 76
1 44
6 58
2 4
1 5
7 9
6 93
1 90
3 75
7 8
2 62
8 72
36 61
5 43
73 97
8 49
2 28
32 45
7 87
2 71
1 6
2 8
3 19
7 23
5 7
6 44
2 9
3 88
2 12
36 62
3 8
8 52
1 18
7 8
6 87
74 94
1 9
7 97
2 86
3 67
1 3
24 30
5 7
4 8
19 87
31 92
3 8
7 45
70 88
22 46
2 77
1 82
8 60
3 39
35 72
3 74
8 59
1 7
3 69
9 76
9 41
3 18
1 15
31 84
22 61
4 39
3 3
1 86
9 83
4 35
2 5
2 4
6 64
6 36
8 40
46 96
8 87
3 9
6 24
2 3
3 92
7 7
7 9
2 8
1 4
90 97
9 82
2 83
3 26
8 84
1 27
4 57
1 7
2 8
3 17
9 30
2 6
13 55
16 62
4 38
2 13
18 80
4 4
8 74
1 67
1 81
2 17
7 67
1 56
8 41
31 94
2 39
4 52
9 17
33 47
1 5
4 12
10 77
32 48
1 48
7 9
40 97
7 21
49 65
3 78
1 22
8 98
5 5
5 6
2 63
5 19
3 37
9 47
28 47
2 7
8 57
7 92
4 7
14 27
1 4
33 90
8 9
12 64
24 52
8 9
56 68
6 28
4 81
2 2
24 35
3 46
2 8
8 8
6 73
59 61
4 46
3 95
12 60
6 40
5 5
41 82
2 8
5 29
9 33
3 88
7 44
3 5
6 97
4 89
2 3
6 9
5 66
72 86
8 14
4 55
51 60
40 91
56 90
5 25
2 97
2 3
8 12
2 18
34 57
8 92
7 58
2 28
7 30
4 24
5 6
1 5
9 31
1 50
28 40
66 86
38 70
5 6
3 59
9 24
20 79
7 9
17 71
55 93
1 51
4 72
71 84
9 95
1 4
4 70
2 29
4 46
2 76
70 89
25 98
27 83
1 60
7 9
9 74
8 83
7 86
3 8
2 80
21 90
37 85
1 45
3 84
6 49
22 59
3 40
1 5
5 33
9 31
2 96
49 81
5 41
73 93
8 53
1 7
6 20
1 7
8 38
4 78
5 46
8 76
8 8
12 38
94 97
4 6
7 40
2 74
71 98
1 1
4 11
9 92
6 47
7 28
57 64
3 5
7 9
4 77
5 8
5 93
6 21
84 90
2 17
53 85
2 63
10 48
8 91
2 5
51 92
1 4
6 47
7 8
1 8
25 49
2 5
25 67
59 97
47 84
3 96
4 21
2 45
7 66
77 87
2 85
7 34
5 72
2 6
1 5
76 99
4 5
3 7
1 6
2 34
49 64
19 75
5 93
59 91
3 6
4 5
1 71
4 4
3 8
9 24
3 8
2 9
4 5
4 97
18 71
5 68
64 88
2 88
23 94
5 83
71 99
6 79
1 1
9 29
8 29
4 21
53 98
7 95
9 83
6 8
6 9
4 5
1 32
8 9
2 53
38 97
4 7
20 50
3 9
4 99
39 74
6 7
1 52
5 94
60 69
5 6
58 75
35 98
4 35
31 56
6 77
8 43
69 71
9 42
3 8
3 74
8 95
3 39
9 19
2 52
2 44
6 25
7 81
51 77
6 7
6 9
38 97
8 17
6 7
3 87
1 5
9 60
5 21
5 7
6 12
5 6
3 51
4 7
5 91
6 90
5 6
1 22
23 60
4 44
18 90
4 6
1 86
73 99
7 27
4 38
9 17
42 72
9 49
3 59
7 9
74 83
8 78
1 8
5 6
3 5
14 86
7 8
1 64
1 35
60 85
5 35
46 80
15 61
2 26
8 43
8 56
1 80
2 12
1 65
22 87
20 75
26 73
6 7
2 3
1 77
46 89
6 27
2 8
5 9
1 4
1 62
1 3
58 60
40 71
