1000
9 22
8 52
28 90
47 89
7 30
2 63
4 8
6 8
5 51
9 10
40 61
9 63
9 72
6 33
7 8
65 90
5 9
1 91
2 86
3 97
2 5
7 71
4 98
8 78
1 7
6 14
1 5
30 91
3 10
89 96
2 3
5 48
6 8
2 86
5 7
4 73
3 23
9 88
3 3
4 82
4 7
6 26
2 4
6 77
4 85
2 99
3 4
72 86
6 16
4 24
8 32
1 6
6 52
26 75
3 8
5 46
40 60
4 48
16 87
3 35
3 49
4 33
49 84
4 84
1 15
2 75
91 92
1 6
3 6
8 8
5 6
8 85
21 98
13 25
3 7
2 25
1 1
4 8
6 38
2 3
6 28
7 68
3 9
3 6
9 36
5 7
31 35
2 23
1 8
8 42
37 63
21 64
5 29
6 35
11 73
1 1
2 27
9 27
5 41
1 9
7 94
6 60
39 64
6 25
6 89
6 54
4 45
9 96
5 5
9 16
6 89
55 80
2 19
4 91
4 68
51 79
2 6
9 49
5 77
4 53
5 39
2 63
6 19
5 60
4 94
2 4
13 80
15 48
7 94
64 97
3 72
1 2
1 8
4 8
1 16
1 17
4 7
4 23
5 49
54 78
69 95
6 93
4 74
1 6
37 97
31 32
6 8
5 9
4 6
6 81
6 55
4 81
4 6
1 4
67 87
71 90
4 91
3 72
45 76
7 8
4 60
2 78
9 27
7 56
4 13
1 78
56 78
2 90
2 8
45 81
61 90
8 37
6 89
2 87
1 1
9 45
2 73
3 7
32 41
9 67
88 98
1 4
1 55
3 32
4 83
9 16
31 56
5 18
35 88
5 20
3 9
15 17
6 6
5 76
2 22
26 33
5 8
17 86
8 46
1 8
50 73
7 9
2 9
3 69
4 9
26 60
5 81
27 59
73 83
2 5
3 43
7 74
28 89
3 51
3 4
6 62
8 9
7 28
5 78
3 74
2 3
5 23
1 96
2 54
44 65
43 97
6 50
4 83
9 9
49 54
1 61
6 33
45 81
2 9
66 93
3 69
2 9
2 12
12 71
1 21
8 74
1 71
2 9
1 5
7 18
14 34
1 36
49 66
64 75
4 47
6 47
1 69
11 77
2 3
17 71
55 64
7 9
7 26
6 20
2 36
8 89
6 92
46 79
8 23
23 64
8 96
1 70
33 64
3 4
2 5
2 7
31 71
15 16
7 7
18 89
76 76
2 41
2 98
5 43
43 94
5 35
18 62
9 29
2 7
7 22
3 13
5 7
39 85
69 77
8 72
6 28
28 40
6 27
9 29
20 86
85 89
4 7
1 5
26 39
1 91
6 99
3 41
8 72
44 68
8 9
1 47
2 60
1 86
1 1
6 65
2 67
8 32
2 76
67 88
6 60
5 10
2 39
4 84
64 72
3 5
3 27
2 45
6 38
36 48
5 80
14 36
75 89
17 41
3 28
9 44
6 88
9 85
8 8
5 79
5 40
13 86
23 93
11 56
6 7
6 7
9 87
4 79
8 50
6 75
46 88
35 92
2 7
1 8
3 5
38 84
4 8
4 57
9 45
2 4
5 68
2 86
9 37
5 75
3 94
6 85
1 4
42 94
2 86
2 99
3 44
10 36
49 68
3 60
5 8
2 9
84 93
1 84
4 51
2 4
28 69
7 29
2 2
2 64
6 46
75 93
2 8
5 27
3 23
5 93
7 7
37 40
2 3
9 39
8 11
8 22
3 62
3 7
68 76
1 8
18 93
49 51
2 9
11 82
4 68
37 44
1 57
1 1
5 6
9 80
54 94
13 64
9 59
5 9
8 50
2 2
19 98
5 66
8 57
2 7
10 83
1 9
5 81
88 93
1 29
6 90
2 5
9 22
2 9
3 3
6 9
6 9
4 8
1 5
18 88
2 6
8 89
6 96
3 4
8 86
25 77
2 95
3 87
7 13
5 70
8 33
3 8
6 61
3 89
1 1
75 92
6 8
3 88
9 41
7 58
8 8
3 21
24 81
2 53
1 1
7 7
1 3
7 9
3 8
2 7
4 92
6 9
3 39
79 97
18 83
1 5
8 30
4 8
8 57
48 97
7 31
8 46
1 3
21 40
6 8
7 77
54 73
8 9
8 8
6 59
4 77
3 16
2 89
1 1
2 6
29 90
4 55
51 98
24 95
7 88
64 84
5 7
3 45
8 38
1 44
1 91
8 74
21 91
26 34
5 69
1 51
6 57
3 15
3 53
8 69
1 58
27 81
24 87
3 34
9 34
7 27
7 33
4 7
1 1
2 80
1 85
2 8
11 68
7 46
1 75
29 47
6 98
5 46
1 5
4 7
3 6
72 81
8 85
5 44
4 5
9 72
1 4
3 18
34 59
18 21
4 9
1 8
25 49
2 78
3 30
9 61
14 92
71 95
4 50
4 45
80 83
2 43
3 6
3 9
23 86
8 59
1 96
1 22
1 83
5 63
1 93
2 36
1 27
8 79
4 9
3 21
45 53
1 64
6 33
3 24
43 78
6 74
9 63
9 61
3 52
3 7
74 81
2 58
1 9
7 92
64 81
41 98
5 8
62 75
9 69
98 99
2 49
7 8
45 73
42 46
3 8
3 59
8 69
4 9
6 7
9 71
6 8
1 45
22 49
73 85
2 6
2 5
6 53
25 40
6 56
2 31
4 38
13 59
7 12
6 8
1 59
6 79
1 6
6 23
8 53
1 4
3 72
2 72
1 5
4 5
4 51
8 52
3 64
1 2
3 9
7 23
48 95
1 52
30 91
3 7
3 9
8 10
7 45
9 41
4 62
6 55
2 9
7 59
16 49
14 52
7 8
73 90
2 82
2 43
35 55
88 94
35 80
2 4
12 72
8 82
11 67
3 64
6 72
2 50
19 91
5 13
2 34
29 59
2 2
12 12
8 95
7 52
4 6
1 5
55 63
3 60
5 49
2 59
44 48
2 15
3 5
45 52
9 81
7 86
4 30
6 67
3 56
6 69
7 11
1 95
7 26
5 63
2 93
3 8
8 35
90 93
8 9
1 34
1 3
2 4
10 66
2 2
2 7
5 70
15 53
9 54
47 50
90 93
4 90
8 39
5 8
4 26
4 9
5 21
4 4
1 20
29 49
9 90
5 6
6 47
62 80
5 7
5 37
7 8
3 92
2 3
51 71
2 8
40 70
4 91
2 4
3 38
46 63
45 52
20 96
2 98
28 31
1 83
5 33
7 53
9 9
1 1
68 84
7 8
7 58
5 97
6 90
4 6
15 45
7 38
6 41
5 97
46 70
4 95
4 74
3 5
2 3
5 9
9 35
4 5
2 9
45 63
1 19
1 8
5 31
8 61
5 60
7 9
6 56
6 42
41 42
26 54
7 18
5 74
3 20
3 5
2 69
9 51
4 4
9 59
6 66
37 88
6 9
7 27
3 10
6 61
1 1
5 8
5 91
7 8
2 3
17 84
30 41
8 43
2 26
6 7
2 30
1 73
7 46
5 50
67 94
1 49
4 14
74 95
53 62
6 27
7 14
1 5
2 9
2 24
6 8
2 43
2 32
1 2
7 66
8 9
1 64
2 82
6 76
3 7
47 91
4 87
7 77
7 65
3 4
47 58
2 18
15 72
4 97
4 16
6 55
1 61
5 6
1 4
3 14
25 59
3 3
6 83
2 9
43 43
1 14
23 92
18 39
8 9
1 97
4 41
9 9
61 95
7 7
7 89
6 62
8 64
1 5
7 77
6 58
5 20
7 68
8 52
5 88
6 97
8 47
45 69
30 81
2 10
5 53
4 70
2 6
9 47
83 96
44 44
3 8
3 9
3 8
4 4
3 6
2 9
7 92
9 35
42 50
2 4
1 3
4 72
28 87
7 75
45 65
5 24
20 95
5 8
65 70
2 79
6 6
3 3
5 54
36 91
42 94
3 78
1 64
10 89
2 98
5 41
1 2
25 70
1 73
1 15
7 41
60 85
52 53
2 54
6 7
2 3
7 8
3 9
84 91
6 61
3 78
4 8
17 73
1 2
6 8
3 7
1 6
56 90
4 63
5 13
1 9
4 9
4 8
6 15
3 35
25 49
1 8
24 98
2 7
9 28
2 6
4 7
1 5
6 7
5 64
80 88
7 44
1 84
1 50
4 7
5 77
3 8
9 75
7 76
2 97
40 80
9 9
3 5
4 27
22 51
2 5
7 8
2 50
1 3
4 6
12 17
2 91
5 20
89 90
1 66
11 64
1 2
45 53
4 8
55 63
56 83
2 5
83 90
1 32
5 38
3 7
7 58
5 96
5 49
37 63
1 90
4 98
4 73
5 30
9 9
3 98
1 2
1 8
1 1
2 44
5 7
60 66
5 27
6 66
8 26
4 17
22 75
2 9
2 16
6 34
4 5
5 8
13 80
4 5
2 18
7 57
1 11
50 95
1 6
2 8
26 41
2 13
1 5
2 31
55 84
21 47
33 83
