1000
3 9
7 8
4 42
6 9
5 5
83 95
7 9
4 35
4 95
4 56
5 64
6 9
8 81
8 19
5 18
6 23
6 6
23 57
4 70
4 91
6 29
9 81
8 29
6 9
3 5
1 20
8 9
3 98
7 7
3 9
56 92
4 8
2 9
4 24
6 9
7 97
27 33
5 20
6 38
7 67
4 66
9 38
8 97
2 56
3 69
3 9
5 18
4 40
15 44
8 63
7 56
26 28
2 10
8 38
7 8
5 7
27 58
1 6
8 19
4 4
5 8
1 67
4 87
27 50
8 80
7 80
3 5
4 92
7 15
3 7
2 18
8 16
26 56
39 81
33 86
84 98
3 51
21 82
3 5
3 73
19 96
10 83
8 9
9 82
52 76
4 7
9 23
7 74
62 70
4 6
3 61
3 54
9 90
20 67
1 67
9 76
3 8
7 11
1 8
3 4
8 75
46 46
1 8
1 6
5 5
4 8
6 24
8 35
2 47
31 39
65 85
1 2
3 9
1 7
3 58
3 24
3 60
9 26
9 82
61 83
1 9
13 62
6 9
9 18
6 9
9 42
64 65
15 76
9 64
4 6
8 26
1 4
29 68
2 5
1 5
1 45
7 37
3 4
1 63
28 29
6 36
1 5
24 95
42 69
6 12
3 7
2 65
5 35
1 49
22 41
8 99
2 48
7 15
8 39
7 72
1 5
1 50
66 97
4 42
3 4
2 78
9 39
30 71
6 9
44 55
2 9
2 3
7 25
23 98
21 35
5 20
7 9
7 58
79 98
36 70
2 87
1 58
24 98
3 9
4 99
5 25
54 97
53 82
54 68
67 96
73 98
7 14
36 57
23 93
19 84
7 8
44 98
9 33
2 6
1 1
4 85
6 71
46 48
7 98
35 53
32 36
1 74
1 2
6 43
1 4
26 37
2 8
76 86
28 50
6 90
4 8
4 7
20 46
1 8
43 82
18 96
24 64
1 27
3 80
7 50
7 98
2 4
17 50
1 49
7 9
1 83
50 78
9 98
9 77
3 30
1 8
2 51
1 5
36 68
9 88
5 7
8 19
15 24
38 59
56 83
22 86
2 69
1 24
4 99
1 4
2 8
6 8
4 4
5 18
9 17
33 46
2 8
40 95
34 69
4 18
4 8
4 17
5 34
2 38
6 7
3 7
2 8
2 9
47 73
10 75
4 94
60 84
32 78
7 96
6 27
55 81
5 20
6 65
5 34
2 7
4 17
5 65
5 23
8 40
6 7
20 42
15 35
5 19
3 9
33 41
5 8
1 9
7 20
3 92
2 7
7 63
2 39
90 91
1 95
9 30
19 92
1 3
48 57
3 8
4 89
2 17
6 27
4 6
3 20
36 46
3 58
2 5
3 20
7 66
36 38
6 47
2 97
3 3
4 8
47 56
67 92
4 14
4 7
2 9
49 98
6 6
9 51
3 35
3 7
2 6
3 7
8 57
54 89
3 9
4 43
3 34
6 71
19 84
1 8
1 4
7 36
4 73
20 67
2 5
5 40
2 3
1 2
30 84
50 61
12 20
5 60
56 94
3 65
15 54
3 8
20 45
19 54
1 3
48 48
4 43
7 9
4 95
8 61
1 6
51 69
5 30
3 5
3 50
4 52
48 69
4 8
28 71
5 18
2 81
2 42
5 77
17 76
8 92
23 71
69 98
7 88
1 3
3 8
2 53
1 5
1 5
4 13
5 7
56 79
3 6
2 9
2 5
6 38
8 41
8 33
4 9
4 13
7 20
2 59
7 74
9 83
41 47
6 73
57 84
79 94
53 87
5 6
5 9
6 8
1 31
4 96
2 65
9 75
66 73
31 90
4 30
8 14
8 26
5 8
4 75
10 41
91 94
7 8
2 16
1 74
8 27
10 77
7 61
3 6
6 55
3 50
5 84
18 91
2 67
49 93
3 3
54 78
1 4
7 7
3 29
2 17
7 76
19 73
13 33
14 54
1 2
65 67
2 3
5 77
7 72
1 71
6 12
8 95
2 4
7 40
6 88
3 34
1 11
1 9
1 51
7 7
50 86
5 5
5 7
6 37
34 58
3 6
2 90
2 2
1 7
7 7
1 74
3 9
8 9
3 61
4 4
1 55
1 25
2 9
3 36
5 6
2 9
42 59
9 16
38 50
2 14
30 85
6 57
7 54
48 93
37 87
8 61
9 53
5 88
9 10
86 86
1 8
23 75
42 83
5 81
5 20
1 6
4 52
8 27
3 42
8 76
72 86
6 17
6 18
2 7
2 10
4 27
2 7
5 7
1 29
3 21
7 8
5 42
18 60
9 13
12 67
5 9
2 10
44 64
36 39
5 20
4 42
48 96
6 20
2 34
5 5
3 10
2 8
76 98
1 3
5 58
39 83
7 12
59 70
1 69
9 76
1 1
2 23
2 48
41 63
28 40
7 18
70 81
3 98
3 9
1 5
38 47
2 57
4 97
5 7
33 36
53 56
61 69
3 7
81 91
36 39
2 3
2 90
5 65
9 95
2 7
5 96
6 30
27 76
5 87
3 8
3 78
7 44
2 26
4 23
2 27
1 2
1 41
4 39
6 54
54 62
1 28
35 42
1 7
4 6
53 87
3 35
17 25
4 18
47 76
1 9
8 36
18 30
8 45
58 73
3 15
1 52
3 39
63 65
6 48
5 58
5 71
3 80
1 6
33 76
7 35
3 8
5 5
3 80
39 50
3 4
1 40
6 8
5 6
4 5
4 56
7 8
5 6
62 95
1 43
5 8
2 57
34 89
7 31
4 65
74 83
37 97
4 24
5 39
5 7
9 64
2 7
2 2
6 8
7 8
2 62
19 47
9 32
9 48
1 39
3 5
33 41
4 6
57 94
3 99
9 33
78 79
3 33
66 99
6 55
9 28
4 58
5 59
7 15
4 43
9 78
7 41
2 94
6 9
5 8
9 67
4 92
2 12
3 5
1 4
50 72
5 71
9 43
7 84
3 34
78 94
19 71
28 67
5 36
8 58
5 52
3 20
6 79
2 8
1 85
5 91
1 12
9 86
7 83
2 93
61 81
4 5
1 73
3 95
18 63
4 88
1 2
2 5
4 13
74 92
1 40
1 2
3 8
29 94
2 32
56 89
3 9
8 55
5 7
3 25
23 25
5 39
2 8
3 61
4 98
3 13
2 40
5 7
78 98
5 6
30 95
6 51
9 17
7 32
6 92
25 67
10 64
6 8
5 23
2 80
5 7
19 68
3 61
34 78
2 88
4 13
42 55
6 19
1 65
79 88
6 36
11 48
2 4
1 7
1 13
1 4
49 83
6 88
4 46
1 7
9 34
43 83
5 57
6 6
2 6
83 88
2 3
1 41
5 14
41 97
3 5
8 17
12 68
2 16
36 97
2 9
1 9
2 8
6 76
2 5
9 30
19 48
38 66
4 5
4 5
5 52
6 43
1 7
30 66
8 22
3 8
50 85
6 28
4 32
8 34
4 6
48 74
9 71
60 73
9 16
44 99
9 39
6 9
5 8
20 57
16 28
3 85
9 92
23 82
40 90
2 3
5 36
61 74
9 21
1 3
33 70
72 76
7 63
11 98
16 18
58 82
3 57
3 70
9 36
8 68
53 81
5 20
1 9
4 61
86 92
4 12
6 8
2 66
7 78
2 36
5 9
46 65
46 88
23 26
9 23
11 36
3 75
89 95
6 71
16 68
2 20
25 30
18 59
1 20
4 6
7 22
1 90
2 30
1 54
1 9
53 97
4 47
6 9
26 30
14 80
12 85
14 43
5 37
2 95
3 35
7 86
76 78
2 78
9 25
11 27
6 92
17 60
11 73
2 4
2 90
10 89
50 74
3 7
5 85
1 72
5 21
1 47
9 89
3 87
6 98
9 85
1 8
2 8
2 33
4 54
6 98
9 9
5 87
47 67
13 44
6 48
1 99
3 68
15 32
20 95
72 90
8 10
1 7
40 73
3 56
6 74
9 49
8 81
2 33
7 88
7 49
7 57
9 51
6 15
2 93
8 26
2 41
5 9
9 58
65 88
2 88
8 79
2 74
8 93
4 12
2 49
7 90
41 76
16 84
3 92
1 51
16 79
6 6
44 89
75 95
2 9
1 37
1 3
15 63
3 49
50 62
1 6
3 7
4 50
9 41
9 87
1 94
4 11
9 55
3 39
7 45
1 43
6 95
7 75
6 44
77 78
2 5
9 63
4 7
9 36
36 52
11 72
9 76
3 74
3 95
4 40
25 92
16 56
7 8
19 89
3 27
4 9
84 91
8 41
62 93
5 9
5 16
50 69
66 90
1 4
5 11
30 92
7 84
2 4
4 12
1 90
41 43
2 72
2 5
61 97
4 94
3 4
5 68
2 88
8 96
7 58
2 7
8 78
42 74
4 5
6 74
9 52
3 60
3 3
6 72
4 4
12 41
4 68
1 38
4 92
8 22
46 70
1 41
8 88
24 26
7 31
2 19
4 84
3 9
3 6
