1000
10 82
87 96
8 53
4 73
6 96
8 67
1 32
7 20
33 45
5 7
6 84
51 63
58 87
29 90
3 67
4 67
5 96
2 67
9 11
8 90
6 15
6 96
7 13
2 6
8 86
4 54
7 80
3 89
25 34
6 90
6 75
29 56
9 57
5 31
49 68
2 6
1 6
2 23
6 73
3 51
5 25
7 7
50 89
6 6
3 5
1 64
1 82
1 19
6 7
41 89
6 93
1 1
9 22
19 49
21 71
9 23
32 66
43 56
87 91
7 9
9 9
24 35
42 81
1 40
4 75
3 4
3 14
4 13
3 3
3 4
7 8
8 80
2 15
18 88
17 84
9 29
2 72
1 19
2 4
15 57
7 55
43 44
1 59
9 51
5 64
4 65
6 17
3 90
8 61
2 31
5 31
3 81
13 55
81 86
1 9
1 4
6 8
9 27
7 39
9 23
51 64
34 46
10 81
9 31
2 3
6 17
5 26
3 81
3 8
2 2
25 61
4 44
36 42
34 50
81 89
8 57
5 21
1 27
2 48
5 82
5 9
2 8
39 85
6 7
8 94
4 7
2 6
77 83
7 48
1 9
8 9
21 32
9 70
9 74
4 66
18 98
8 54
3 46
18 73
44 46
4 8
7 7
5 94
56 64
4 35
1 4
4 6
6 34
7 8
1 62
65 85
5 8
9 38
8 62
3 81
21 46
9 41
7 32
1 22
41 64
4 55
1 1
7 30
68 74
50 73
2 63
4 41
15 54
9 49
2 89
27 96
1 61
2 6
7 59
48 76
3 4
7 8
30 34
5 6
8 43
7 9
7 35
4 5
4 42
37 47
27 62
7 9
2 77
3 14
2 6
3 26
9 9
1 9
2 7
70 80
27 57
67 82
2 3
10 92
7 9
59 87
5 45
7 16
1 8
27 98
11 96
3 79
4 96
9 20
9 95
4 26
2 11
2 74
6 8
20 45
36 79
5 81
9 43
76 88
7 9
2 3
1 92
3 5
2 10
7 13
5 48
14 97
4 6
11 25
1 6
1 13
3 8
59 64
7 38
8 46
4 7
5 9
34 77
3 5
8 84
7 63
3 9
58 78
1 8
4 22
6 64
29 98
8 42
6 24
1 9
3 7
3 36
5 80
1 7
5 69
4 5
4 10
88 89
8 54
29 55
1 47
59 65
6 51
2 6
5 10
4 99
7 17
3 7
2 89
1 4
6 7
46 77
3 48
55 73
67 75
10 42
12 42
8 53
17 73
4 8
7 32
31 40
2 58
14 65
3 37
6 85
3 34
1 9
1 9
29 50
3 69
71 96
2 5
8 91
71 79
7 83
1 5
6 65
29 66
3 94
6 39
5 5
50 51
2 9
4 70
3 94
5 9
5 32
37 53
9 90
8 20
4 53
7 39
9 16
1 17
7 14
8 88
6 43
82 96
8 56
6 52
8 20
73 78
71 81
2 70
3 85
37 48
4 26
9 58
9 30
6 42
8 66
4 24
5 40
1 9
21 93
9 63
95 99
20 64
9 32
3 6
9 83
69 73
6 9
6 7
89 89
9 17
1 24
8 21
6 9
8 36
21 80
4 9
46 89
1 21
86 95
16 69
25 89
79 92
3 89
3 95
6 89
3 33
9 47
9 31
5 32
4 75
2 4
4 57
3 25
2 67
37 61
7 15
26 31
1 7
43 77
7 36
2 5
52 75
6 97
8 21
2 4
8 34
43 68
2 51
4 6
78 92
36 49
1 68
7 16
6 21
7 18
9 12
2 5
2 8
14 77
5 86
23 87
9 80
2 26
86 99
4 85
10 51
9 56
1 63
7 45
71 92
5 72
5 19
9 9
2 8
4 40
4 5
4 8
4 5
9 44
2 6
53 80
12 37
16 28
33 53
38 77
4 7
6 59
5 44
1 34
1 23
6 54
1 96
1 87
4 6
14 39
2 2
5 7
42 76
5 48
4 6
74 81
2 4
2 3
42 67
3 4
5 8
15 61
2 3
5 7
1 70
5 48
2 6
2 91
90 91
2 54
62 90
2 7
6 7
3 42
1 3
6 7
3 77
31 61
3 9
1 29
46 63
8 50
3 9
4 25
9 28
6 54
4 62
6 9
76 78
9 71
3 52
3 20
32 62
1 71
73 97
43 44
64 67
16 29
2 7
50 51
3 9
1 60
3 72
51 74
73 80
1 16
91 92
15 69
87 90
9 36
5 5
6 71
4 8
2 9
3 68
9 59
8 77
2 51
1 2
5 40
1 53
4 41
7 16
6 84
8 16
1 31
29 67
3 36
9 9
9 21
1 62
3 9
6 24
4 61
2 4
4 41
5 90
4 7
1 9
21 49
5 18
4 36
14 19
35 80
3 38
8 79
33 62
9 14
3 4
5 50
9 15
9 23
7 71
4 7
8 9
3 96
4 6
48 79
17 33
1 92
5 8
9 15
57 83
36 72
2 9
67 95
42 49
7 59
2 3
1 69
4 32
1 8
59 98
7 96
19 62
2 9
1 5
5 50
79 98
3 92
21 30
6 66
8 12
2 20
6 56
3 24
1 9
29 84
4 61
5 55
2 6
16 59
4 7
2 69
6 59
2 8
3 38
7 94
87 95
6 97
7 43
16 93
4 26
3 61
2 44
67 95
3 8
73 90
12 57
5 21
6 95
3 33
6 19
3 5
44 85
3 4
2 45
66 77
26 68
7 64
14 55
4 6
8 62
53 85
90 91
8 91
6 8
56 98
8 61
1 5
4 51
8 33
58 95
4 44
2 6
16 98
38 43
7 18
1 4
4 51
49 96
8 92
3 25
4 75
49 52
1 1
8 30
9 34
7 54
5 9
4 14
3 66
4 6
9 63
2 5
3 8
7 65
3 9
40 60
1 34
6 8
38 60
4 5
5 25
6 6
2 83
6 8
2 72
7 8
7 42
8 66
82 96
1 1
9 62
8 57
24 70
3 5
4 68
8 36
8 50
4 9
1 85
1 54
5 61
8 91
4 91
5 59
1 25
7 7
9 41
2 18
8 23
5 36
7 9
3 78
7 47
9 91
3 35
4 24
77 79
73 97
4 49
1 87
50 66
6 6
3 47
2 55
4 8
9 87
1 50
2 4
7 75
4 8
37 62
8 52
1 3
7 80
26 28
25 54
3 17
15 83
10 87
4 34
2 4
4 46
3 61
2 87
32 94
4 4
2 6
4 87
21 79
8 21
9 21
55 79
4 9
54 62
5 82
4 7
7 9
1 96
60 82
3 6
8 69
67 92
9 90
68 68
3 72
4 84
9 57
44 77
75 84
1 8
2 3
5 5
2 70
1 5
2 8
1 23
40 55
29 61
1 41
1 8
68 78
1 5
1 61
52 67
18 59
6 12
46 73
1 2
5 67
8 41
5 7
7 9
5 85
2 66
1 3
7 83
15 55
10 70
5 47
7 90
7 99
2 2
1 33
7 9
51 94
34 85
5 65
1 1
6 9
1 4
4 22
6 69
4 6
7 71
2 50
47 48
3 69
5 91
1 8
6 7
4 5
2 87
2 9
5 6
7 98
8 16
2 43
2 42
59 80
25 41
2 29
3 86
5 8
6 7
3 83
9 47
9 9
1 18
7 45
17 59
1 60
7 20
29 38
28 64
4 31
1 76
3 91
4 46
1 9
2 3
84 99
7 12
21 96
9 26
17 19
8 39
12 99
6 13
2 7
2 31
3 17
3 5
21 74
6 9
2 68
5 7
89 99
1 3
2 65
7 93
6 23
8 8
5 80
8 84
12 85
3 34
3 34
16 38
17 39
1 36
11 38
4 9
4 83
62 79
2 8
78 94
1 2
4 7
6 93
29 34
7 73
12 53
4 52
1 8
8 35
5 8
64 78
5 7
6 96
3 30
2 70
4 55
9 93
9 33
5 8
4 58
23 75
2 9
2 3
4 7
2 94
6 24
1 42
5 5
8 83
4 4
7 95
4 6
2 28
3 27
41 88
3 44
2 56
27 82
2 75
1 7
9 27
2 15
7 7
7 8
6 6
63 98
1 66
8 99
1 9
45 60
3 6
9 22
80 87
7 8
3 36
6 59
7 45
6 44
9 55
5 47
7 50
1 66
3 45
60 72
2 92
42 57
1 28
30 94
7 24
2 69
2 6
4 36
9 16
6 75
32 53
2 6
7 92
5 35
1 28
5 82
4 89
8 97
2 7
9 76
79 85
4 5
2 7
63 84
1 2
9 31
7 19
6 30
3 52
8 43
8 74
1 85
4 7
2 3
6 48
9 68
30 52
4 96
6 7
5 91
4 42
2 10
1 92
2 58
1 85
24 80
37 75
9 52
6 78
1 20
6 25
12 97
6 45
43 70
3 5
22 32
6 8
7 79
68 75
4 9
6 88
4 84
20 96
47 87
2 54
4 9
3 5
2 80
3 9
7 56
6 71
2 2
25 68
22 35
5 8
2 55
9 96
9 88
8 98
81 93
5 6
66 83
61 81
38 89
8 18
