1000
2 33
60 98
8 89
21 50
4 46
7 48
5 74
78 90
1 5
3 4
32 77
2 11
8 77
2 7
4 26
7 62
14 69
6 92
85 99
9 95
7 46
9 42
15 93
67 74
4 86
3 75
42 93
7 88
4 48
5 75
7 86
1 3
2 29
9 12
47 76
6 8
1 54
17 65
2 7
4 75
1 43
8 85
9 80
9 13
4 8
3 8
72 85
8 87
55 57
4 55
2 82
7 9
6 91
6 9
8 54
7 7
7 41
31 75
4 7
4 8
8 8
3 5
6 85
8 81
5 75
6 24
12 64
1 7
19 47
20 96
59 80
75 79
1 5
2 27
79 86
1 8
4 5
7 57
9 79
3 25
3 26
3 49
2 56
36 56
9 23
14 18
66 80
9 24
7 71
1 90
1 18
8 68
1 42
28 43
8 54
4 32
2 24
6 6
3 8
56 70
3 6
2 16
7 88
7 32
6 84
2 3
16 57
5 6
6 92
4 75
2 8
4 27
3 13
22 53
4 65
49 73
20 31
67 67
78 92
6 50
4 60
2 6
6 7
46 75
4 83
7 97
57 62
8 32
3 73
4 6
54 89
3 5
6 14
9 99
1 31
3 17
2 5
4 9
53 80
39 43
50 57
3 52
5 43
1 8
1 5
1 47
2 78
6 49
4 9
8 72
49 90
6 8
1 79
9 61
9 31
7 87
1 6
45 76
3 76
9 92
4 7
39 78
9 27
2 57
49 81
15 42
9 98
4 7
45 57
2 74
1 4
1 34
15 34
19 79
4 6
29 57
34 68
6 58
2 88
3 49
5 5
5 8
8 8
8 26
4 87
8 62
40 46
4 87
4 88
5 95
5 6
26 56
9 89
6 38
3 19
66 71
7 12
11 32
1 3
28 60
5 36
42 84
3 92
3 73
3 8
62 72
7 9
2 3
65 90
8 85
6 94
1 6
7 84
8 51
5 7
1 59
21 85
77 97
9 51
9 82
7 30
5 7
6 73
7 60
4 5
89 96
38 49
3 96
1 4
1 95
7 54
4 9
1 32
4 5
8 9
5 49
1 90
7 85
6 7
8 37
5 9
3 8
5 5
21 97
9 30
5 48
3 4
11 18
3 4
1 9
7 9
1 9
24 41
3 4
1 9
70 73
7 8
16 72
5 19
6 8
5 29
5 15
28 72
4 9
8 9
1 34
1 21
7 56
4 92
8 8
7 86
9 61
26 47
2 6
1 2
8 28
1 76
1 67
3 91
1 1
9 94
7 74
8 71
3 9
1 8
7 22
28 38
4 72
2 9
3 36
2 3
4 58
3 58
4 6
6 28
66 84
2 25
38 88
8 96
15 88
4 8
9 88
3 96
2 34
57 80
3 5
1 7
3 4
37 60
3 51
64 88
6 82
64 94
8 36
1 49
7 33
43 94
1 3
1 61
7 8
1 8
9 77
30 64
4 72
6 87
6 7
3 43
26 39
8 65
2 18
36 83
7 49
67 76
4 39
9 34
3 53
6 67
2 55
3 80
6 48
6 64
4 94
5 7
41 46
4 4
27 27
6 52
1 65
8 81
4 94
8 58
3 25
6 44
1 58
19 36
1 8
73 85
8 66
6 9
2 8
57 91
28 38
1 89
2 61
1 5
5 54
4 8
61 94
6 26
5 9
1 64
24 73
4 86
7 76
8 50
26 46
8 15
7 20
44 65
9 9
76 98
7 14
1 89
6 7
25 72
2 36
7 15
78 92
6 6
3 5
1 33
6 86
9 73
2 98
24 84
5 40
6 9
8 97
5 11
4 7
8 19
58 78
1 5
9 13
8 68
6 82
31 47
3 6
2 26
1 30
4 5
3 24
5 99
1 90
22 39
6 43
9 84
11 19
5 71
1 48
8 73
42 86
13 38
59 78
2 45
62 86
69 71
2 22
1 2
1 4
7 43
45 82
10 44
11 86
1 70
4 13
6 6
4 88
9 43
8 9
6 7
3 7
87 95
1 83
3 7
3 99
4 7
58 92
1 8
8 91
7 54
14 26
82 98
55 75
4 34
3 6
6 59
2 8
12 27
2 59
6 8
21 26
8 9
47 67
1 34
7 65
20 84
47 88
4 88
14 21
38 69
3 94
2 84
5 51
4 92
8 29
5 46
5 71
45 82
6 96
9 30
4 39
4 62
19 88
4 27
1 6
2 7
75 76
3 92
4 30
1 3
57 58
72 86
1 24
1 17
3 6
2 5
8 79
2 52
5 5
6 8
6 8
5 8
32 71
58 66
40 78
4 9
58 81
5 35
1 4
8 51
6 32
34 87
6 7
2 2
6 64
1 95
5 5
7 21
5 19
6 70
6 9
2 9
2 8
4 9
1 34
64 99
44 88
5 37
5 40
3 3
34 89
5 72
9 67
58 58
1 93
9 94
50 60
70 84
8 30
4 88
3 75
7 57
14 26
5 64
9 96
12 46
3 8
26 46
11 45
84 86
7 8
58 74
5 48
2 41
1 78
3 59
7 8
3 9
9 89
2 9
9 35
4 14
5 8
2 9
34 82
66 67
6 8
61 67
27 75
5 61
2 9
7 13
6 38
13 46
2 81
1 77
1 10
9 77
2 5
2 8
34 42
4 31
3 37
3 15
7 8
3 4
53 59
8 8
38 39
4 89
4 6
5 69
4 6
20 77
4 24
7 73
1 83
17 61
6 19
33 40
56 82
4 5
2 3
1 4
1 87
1 9
27 88
78 89
2 9
54 64
4 8
2 6
5 87
13 83
4 13
9 16
2 6
3 54
1 34
48 67
3 59
8 47
6 9
5 90
82 82
2 3
30 73
57 76
18 93
3 4
9 49
34 82
9 61
1 9
43 76
37 39
14 81
4 22
4 14
8 76
4 22
7 89
1 8
59 85
2 6
9 48
5 21
34 68
4 7
5 6
4 41
9 33
5 39
37 46
3 10
9 56
5 73
3 48
3 96
3 9
5 30
3 46
1 21
69 88
4 87
2 65
51 82
6 94
9 31
8 99
5 57
4 8
9 36
61 66
8 80
1 3
3 5
2 2
18 46
1 35
4 64
9 94
2 18
96 98
3 7
5 91
2 49
64 69
55 69
1 34
24 54
8 44
3 6
49 67
9 47
32 52
33 33
72 76
14 34
1 3
5 36
6 51
2 6
8 87
2 3
37 97
34 83
3 53
3 6
3 8
2 58
9 17
13 37
8 22
9 55
6 31
30 39
2 54
4 76
3 4
5 50
4 9
78 93
3 89
9 74
13 19
39 90
5 9
5 82
48 73
4 7
3 8
7 31
5 9
1 9
9 11
4 11
5 51
3 8
32 91
80 86
5 9
5 87
1 7
59 96
8 99
36 68
2 2
16 95
2 97
15 66
2 22
66 66
10 14
9 31
8 17
2 6
31 47
8 70
1 24
22 25
9 24
5 37
1 7
1 29
3 4
13 78
3 40
6 87
3 7
8 48
7 90
5 18
52 69
7 16
3 38
1 36
7 12
8 39
7 61
2 97
67 67
65 75
18 67
3 56
3 8
1 7
8 59
4 64
6 58
6 7
21 60
52 82
9 77
87 88
2 47
4 50
5 77
2 2
1 55
8 35
4 62
8 50
84 87
5 92
3 4
3 41
4 37
7 32
77 94
9 27
4 92
3 9
67 79
37 72
7 68
1 5
7 88
9 92
33 73
2 4
8 96
41 54
1 2
4 7
12 79
4 7
54 89
38 51
61 71
8 44
6 63
7 54
9 21
1 39
1 73
4 4
2 2
9 49
31 39
59 91
3 40
2 75
8 99
5 46
8 15
3 9
3 3
6 90
6 88
1 7
3 6
4 43
1 5
3 7
2 72
7 56
66 80
3 79
2 3
8 86
5 19
4 38
9 45
8 25
5 22
3 99
2 29
2 14
7 39
1 11
5 95
7 64
4 40
7 67
7 35
4 8
3 6
5 7
5 36
9 62
8 81
2 16
48 65
54 79
47 58
1 7
1 80
1 94
1 83
7 18
8 73
3 63
8 9
7 62
7 26
5 5
7 21
2 10
4 90
5 61
21 93
3 5
5 7
4 31
39 56
7 42
7 39
6 8
23 71
4 88
5 7
4 53
4 5
7 54
1 9
4 60
57 97
61 98
65 81
9 16
3 61
8 91
3 87
1 67
9 62
9 89
4 16
3 4
7 66
4 8
1 5
4 37
7 9
16 49
8 63
5 46
9 39
7 77
2 49
4 7
3 5
2 8
17 18
8 21
3 13
33 93
6 43
8 25
6 84
3 7
1 12
8 21
3 9
4 82
33 60
13 56
67 89
3 78
5 22
3 38
2 6
4 71
3 52
23 28
2 34
47 89
7 74
7 9
3 5
8 54
2 4
6 9
7 80
4 66
32 96
1 95
77 90
7 81
8 34
9 57
2 67
21 37
27 36
2 8
7 98
6 81
80 90
8 97
9 75
2 16
65 73
1 45
27 77
4 9
5 87
72 96
6 94
4 19
