1000
3 9
2 7
4 24
60 87
5 8
1 3
8 38
3 3
8 95
2 69
19 57
2 37
6 67
9 30
73 85
8 53
7 79
16 23
9 45
1 66
7 90
6 7
48 97
7 8
3 37
5 97
3 72
5 89
3 7
6 52
38 44
8 89
6 77
6 38
16 64
17 96
4 25
2 12
4 6
1 88
2 3
2 15
9 17
67 67
5 86
6 21
5 6
4 42
4 6
25 36
1 8
64 97
5 27
61 63
19 91
8 48
2 6
2 82
8 67
7 35
49 90
7 29
5 23
8 79
1 66
7 26
3 13
1 91
24 48
8 16
8 9
1 49
3 81
8 64
2 73
57 93
6 84
7 60
22 29
5 91
9 43
9 29
56 99
50 52
4 35
4 11
2 9
1 77
1 3
7 26
4 6
5 92
3 8
8 30
2 8
6 25
17 30
3 93
9 78
5 46
1 90
3 8
1 8
3 42
1 62
5 6
23 95
44 67
1 5
39 61
8 9
39 83
7 7
7 73
1 68
4 8
92 97
59 69
33 73
5 37
2 8
1 4
1 44
4 9
1 99
7 82
57 58
8 46
36 95
9 78
9 30
7 70
2 8
4 71
6 67
74 91
2 7
23 35
7 7
18 87
4 7
9 91
1 1
1 9
5 22
7 97
2 39
4 71
74 85
5 54
6 9
8 80
49 51
8 38
2 3
3 12
5 74
6 6
6 19
26 90
9 69
1 21
3 8
1 86
3 34
35 51
1 4
5 6
33 83
3 7
33 54
6 53
3 87
8 59
7 95
20 72
6 16
1 5
26 31
34 75
1 5
1 57
5 80
1 9
35 95
9 40
7 63
13 86
7 9
60 69
8 63
3 3
8 57
6 79
7 29
3 8
2 75
1 92
7 95
2 6
2 7
77 91
4 8
4 5
2 57
8 74
18 27
7 81
8 45
10 66
2 93
1 6
2 7
7 30
5 71
6 6
3 7
60 78
2 6
5 22
2 52
10 62
1 69
1 60
9 40
9 96
2 2
3 58
7 15
12 57
30 50
2 86
1 97
2 67
1 71
4 72
8 94
7 94
5 91
2 7
37 42
20 43
90 99
2 29
7 8
1 7
6 7
9 48
1 7
5 37
4 6
26 74
1 8
2 98
73 96
4 8
3 4
2 9
5 98
5 72
6 71
4 72
2 5
5 8
2 3
2 35
9 9
6 48
6 8
62 74
75 84
1 7
6 9
2 78
1 8
9 80
3 7
4 49
50 55
4 20
2 61
8 39
7 14
2 9
1 7
94 96
32 77
4 29
4 87
3 43
8 21
7 54
2 58
4 24
3 6
1 4
6 93
1 4
7 55
43 99
77 81
63 75
9 9
30 80
5 10
7 45
8 80
2 56
24 42
6 24
43 52
1 2
7 94
2 86
2 60
2 9
52 85
6 47
5 5
57 95
4 11
2 25
2 3
17 32
4 6
3 9
4 67
4 29
78 86
7 13
4 69
31 31
5 87
1 6
5 9
1 9
17 58
5 23
7 17
35 94
1 7
2 77
2 35
4 7
36 64
9 45
3 9
5 76
1 6
7 54
70 82
6 75
33 85
78 96
2 10
5 6
54 62
1 9
8 61
27 77
7 51
7 38
7 11
59 69
6 91
9 19
5 9
4 30
3 42
8 39
7 37
1 4
49 88
6 58
5 8
7 17
3 64
1 9
46 79
1 8
4 6
24 81
82 98
1 5
5 8
7 8
5 5
2 98
1 37
30 98
11 68
1 8
40 63
30 54
3 5
2 7
4 6
1 58
5 30
9 21
9 36
3 61
3 33
3 86
1 8
3 53
4 16
4 82
3 72
5 9
73 91
77 86
6 92
4 17
1 8
2 4
6 82
7 48
7 45
86 95
5 18
1 52
1 23
31 61
6 9
3 66
6 8
11 69
3 13
75 98
98 99
8 8
27 44
68 99
7 39
4 95
9 29
3 52
4 74
4 13
4 57
8 8
5 8
29 44
67 80
5 6
1 62
1 3
7 47
9 86
2 4
92 96
33 35
42 45
3 18
5 6
38 71
33 80
3 9
8 93
62 62
6 80
7 14
6 9
3 64
5 6
29 96
6 98
2 47
2 4
24 36
8 66
46 56
3 84
22 22
8 71
5 34
5 24
45 75
2 5
4 8
2 4
48 97
4 8
1 5
3 37
4 86
18 97
64 81
40 53
2 42
3 70
9 45
8 9
10 81
2 3
11 59
6 76
8 62
5 6
9 53
2 43
6 82
8 9
2 63
34 96
38 41
61 73
1 88
2 6
28 82
4 45
19 70
1 49
9 72
9 10
9 34
6 61
9 57
1 9
50 59
3 4
9 26
3 6
4 7
13 15
34 75
40 46
3 69
3 81
3 40
4 22
9 9
6 7
50 58
6 6
6 23
10 24
27 30
4 84
24 33
13 51
57 58
1 48
1 3
1 21
9 62
4 6
1 8
7 8
5 63
6 61
7 95
8 63
33 42
8 20
6 45
44 88
4 20
9 88
5 35
8 22
1 55
3 8
7 9
4 88
3 9
4 39
38 69
2 7
8 24
6 86
9 81
6 59
6 8
3 20
3 26
7 92
8 58
4 26
8 87
3 81
5 88
66 94
6 8
76 82
4 64
1 84
6 60
5 57
7 50
2 7
33 78
64 88
4 7
6 21
6 43
38 61
2 30
1 36
17 38
1 8
3 96
5 51
18 48
4 5
8 15
8 52
1 9
1 32
25 54
8 41
3 4
1 47
3 40
5 56
1 86
1 58
1 83
2 61
6 46
4 65
21 49
4 27
4 69
4 20
28 52
15 94
8 69
53 99
1 2
5 51
6 83
9 95
43 69
7 13
66 87
2 9
20 87
1 21
3 4
5 63
6 43
30 34
1 84
2 4
3 6
26 37
3 12
31 97
1 40
25 57
5 6
8 61
4 50
4 4
1 72
5 65
3 7
53 79
9 90
39 91
1 93
5 9
6 88
6 21
8 24
1 6
7 80
5 30
3 72
8 99
7 44
7 24
5 47
2 9
8 91
2 27
4 94
2 3
6 95
2 3
4 8
8 54
4 10
36 91
18 57
8 66
29 53
8 87
1 27
2 11
4 8
3 70
7 28
6 58
10 17
9 79
6 84
2 6
1 21
1 5
3 78
6 8
3 9
6 43
9 56
9 77
2 17
3 7
3 68
80 86
7 44
1 8
4 54
1 7
1 8
8 35
7 26
7 86
8 9
74 76
42 89
2 3
30 39
1 5
3 39
7 8
1 70
33 47
1 38
3 9
6 72
1 22
2 7
4 4
1 30
6 9
6 7
3 8
6 7
4 8
7 8
15 51
52 98
3 57
1 3
7 7
4 33
5 34
9 76
32 98
4 5
82 85
9 28
75 97
60 91
1 4
23 67
8 48
1 6
7 31
14 15
49 79
2 62
2 8
5 77
9 27
1 13
1 56
5 35
5 27
52 99
1 60
5 10
53 83
3 4
3 36
5 59
5 7
8 85
3 19
9 98
4 61
1 6
34 88
3 78
6 7
4 88
75 89
44 81
2 42
8 94
49 58
2 2
1 11
1 2
6 98
9 34
2 41
84 95
49 51
28 41
26 32
51 51
4 9
19 30
4 61
28 87
8 8
5 33
69 77
7 8
8 63
10 61
27 45
6 96
2 55
1 1
9 85
34 73
6 12
6 8
82 84
9 18
12 29
8 47
7 9
2 6
6 68
23 61
4 51
18 33
19 25
4 5
9 63
27 45
34 41
1 3
9 83
40 88
4 29
3 65
7 48
8 60
4 64
9 51
7 8
80 81
3 36
2 79
4 89
1 4
4 38
4 7
5 43
24 24
4 7
14 15
4 44
32 91
4 8
8 94
4 5
8 34
4 33
7 73
2 8
5 69
51 89
35 79
4 6
9 87
6 71
45 60
7 42
2 93
7 60
6 8
70 92
5 8
7 13
9 21
6 31
5 89
9 76
6 41
26 80
7 61
6 14
28 53
78 79
5 79
5 9
19 50
1 74
2 6
7 11
4 42
18 80
3 87
2 79
5 19
49 84
2 8
25 26
3 7
9 26
2 16
5 8
1 81
42 77
2 9
9 12
6 96
6 84
5 75
6 8
8 34
2 39
71 94
6 48
9 37
8 48
10 67
4 75
3 69
6 67
8 8
3 8
92 94
1 95
8 70
15 56
43 65
3 59
81 93
2 77
1 69
4 92
9 41
1 5
3 6
48 55
3 94
70 78
4 55
6 8
5 9
1 87
7 11
6 9
67 70
27 83
4 7
8 16
39 91
29 99
6 82
9 37
17 46
3 95
4 8
1 14
7 63
3 17
9 63
2 53
1 97
2 8
2 26
3 37
8 34
2 57
16 69
45 88
1 24
7 94
4 9
12 33
9 28
4 9
21 40
11 37
46 88
6 24
7 8
5 26
53 81
4 9
2 47
2 7
64 94
2 14
6 39
3 6
3 70
10 60
8 57
2 5
