1000
1 29
9 9
38 57
42 99
4 6
2 5
4 8
61 74
81 84
12 79
3 8
2 3
36 69
26 75
2 9
3 8
4 85
41 47
6 23
2 60
5 28
2 8
5 75
1 72
4 50
29 35
5 66
5 5
75 79
5 22
4 4
2 9
2 67
5 12
6 7
1 86
8 73
46 56
9 10
7 38
4 9
8 23
10 86
1 1
2 2
43 80
22 49
28 45
51 64
4 6
2 79
3 4
17 19
4 21
11 30
7 98
5 69
1 79
4 83
17 33
8 48
83 98
2 41
33 60
9 23
2 5
5 82
1 9
5 73
17 22
2 7
41 68
7 62
14 38
2 3
9 92
72 96
1 3
9 58
5 57
94 94
80 98
3 66
2 42
5 55
8 21
5 90
6 76
7 48
5 9
9 15
5 56
4 46
8 81
6 42
10 80
7 62
9 90
22 89
3 4
20 49
14 48
25 87
1 95
7 47
3 22
8 64
7 63
5 95
3 3
17 34
87 99
70 71
1 33
6 8
60 79
5 80
4 98
5 63
9 65
8 8
61 85
1 35
5 9
3 66
1 1
6 40
2 49
3 16
5 81
43 69
1 31
4 8
6 93
1 6
3 96
9 16
1 19
8 9
5 56
32 34
7 23
7 97
2 96
7 94
4 5
7 95
1 60
3 11
23 26
1 24
1 8
6 7
2 5
62 82
4 5
1 8
5 12
2 92
2 84
6 72
46 98
75 94
7 18
2 8
3 98
4 10
7 95
6 45
4 39
7 15
1 43
3 8
1 46
2 5
47 57
5 6
26 32
31 63
34 42
5 36
1 62
6 77
7 27
2 3
21 93
3 8
2 27
35 69
9 19
66 66
7 38
1 5
4 6
8 70
4 91
7 28
8 86
6 9
8 96
2 37
5 6
2 8
3 67
6 36
2 4
21 92
1 8
14 43
9 41
2 62
4 17
2 3
24 92
6 6
4 77
46 49
4 16
2 6
83 89
13 55
5 68
50 52
15 21
42 72
7 9
3 6
4 5
1 6
4 50
7 12
28 75
19 24
1 52
1 97
7 47
5 60
4 30
1 87
6 9
1 5
38 95
3 5
51 84
39 95
27 94
4 20
7 31
1 3
54 55
4 91
8 86
3 17
2 9
7 8
6 69
8 82
48 56
9 13
31 55
15 89
2 90
1 75
6 31
1 28
4 78
9 27
3 41
1 3
83 95
1 99
30 43
5 5
19 41
9 55
4 74
15 99
4 60
73 94
1 89
3 35
1 6
7 18
8 95
17 75
1 9
6 7
50 80
4 6
2 31
34 53
5 9
9 33
39 82
3 34
4 53
5 73
4 73
1 49
3 60
3 24
7 38
1 69
3 8
1 45
28 72
5 96
6 77
4 31
19 81
6 53
70 74
2 87
31 91
4 5
2 95
5 16
6 7
6 34
2 39
31 68
60 72
6 82
6 23
26 52
1 5
24 84
30 53
1 43
52 55
10 76
9 56
2 24
1 33
8 8
6 8
19 28
4 18
19 44
1 64
3 8
3 99
9 87
3 3
2 3
4 6
4 24
4 80
9 67
18 38
5 42
5 8
4 50
7 9
4 6
8 11
1 6
2 25
21 70
5 5
4 82
42 45
2 8
1 5
4 6
1 99
2 78
6 67
72 75
2 59
60 78
43 91
2 5
2 77
7 9
1 8
4 16
3 7
3 8
62 88
6 33
21 67
7 67
8 65
36 67
9 83
6 86
4 6
5 9
3 6
1 23
1 80
3 45
30 73
18 23
2 63
2 29
18 80
2 5
7 89
3 8
1 3
7 26
2 2
54 74
28 80
4 5
6 95
5 62
6 7
3 5
6 70
2 9
67 79
3 79
9 47
62 89
4 27
24 44
1 63
3 7
1 2
5 49
50 58
25 66
9 65
28 72
1 90
42 63
1 77
22 78
2 6
50 55
7 43
2 7
7 9
11 54
1 73
4 67
6 97
6 58
22 82
18 74
3 5
4 5
1 22
65 71
5 91
3 8
8 9
3 14
47 94
2 32
56 89
22 26
4 90
1 7
28 34
75 76
5 99
3 6
1 28
12 85
51 62
83 85
35 67
28 94
35 45
8 29
6 15
6 9
2 79
9 54
6 36
1 89
1 7
8 34
8 64
6 14
21 60
2 6
4 83
84 88
2 58
16 63
19 43
6 93
7 22
3 6
4 88
8 74
4 43
2 47
88 97
7 44
41 45
2 4
2 21
9 79
2 64
5 29
47 54
18 97
4 32
3 36
10 16
2 38
1 57
1 76
7 77
6 60
3 6
57 68
1 71
7 50
4 7
12 39
1 9
4 34
4 68
57 87
2 8
1 7
62 93
6 13
7 27
46 60
5 8
1 36
9 9
12 97
2 2
8 26
9 64
1 8
2 8
1 40
43 80
27 96
6 8
3 76
5 5
55 97
3 5
69 81
3 5
5 37
3 44
51 93
3 4
19 72
12 31
4 53
16 79
7 21
7 76
3 36
2 11
4 9
2 38
3 87
5 7
8 76
6 7
33 75
56 59
4 8
1 41
5 65
8 14
7 24
5 86
25 34
6 9
6 32
5 8
30 34
6 45
3 89
8 9
51 77
60 71
5 5
1 78
15 81
1 50
8 93
41 73
22 47
8 85
8 89
5 91
4 55
5 6
2 68
4 19
1 60
30 91
5 6
6 47
2 34
7 9
72 75
39 84
17 80
13 55
1 28
45 82
37 42
27 69
7 11
1 6
2 83
3 5
4 4
7 61
8 27
4 44
2 3
4 93
2 4
2 6
9 38
3 56
7 57
21 38
8 11
3 86
43 52
12 98
2 18
8 95
53 55
6 14
1 73
1 5
23 33
2 60
8 8
27 40
48 72
41 58
3 43
9 33
2 38
1 57
1 40
7 18
6 25
4 48
25 57
9 40
4 5
2 15
2 7
3 6
5 45
2 2
23 58
6 8
5 92
2 86
9 15
1 67
31 43
6 76
4 58
35 37
7 57
1 78
5 9
67 99
4 78
7 55
7 23
5 6
4 72
22 95
1 2
3 85
5 57
32 90
30 80
61 67
54 59
2 9
3 28
1 14
54 93
7 22
4 7
67 87
6 14
89 98
33 40
90 91
5 64
4 98
7 72
2 11
35 51
90 92
34 38
2 9
9 16
1 8
8 88
7 57
6 71
12 81
3 4
36 82
4 99
4 25
1 7
1 43
2 81
64 83
1 7
1 8
37 93
3 63
1 5
3 53
8 48
2 74
14 31
1 62
57 77
14 98
2 80
3 88
54 57
6 34
4 4
1 20
6 7
32 75
21 76
16 66
9 9
45 48
6 45
5 8
9 15
9 56
73 91
3 9
7 74
40 44
2 4
2 9
3 7
3 94
8 16
2 14
9 36
5 80
9 79
1 7
2 9
6 23
5 67
6 8
7 52
7 9
7 10
24 60
50 89
44 77
31 63
7 9
2 59
12 79
6 7
5 35
26 44
46 76
7 8
7 85
7 8
2 7
3 5
8 71
5 5
8 44
6 37
3 24
9 54
2 86
8 23
1 21
33 96
2 5
3 98
6 30
1 8
1 2
1 20
1 89
5 72
58 85
1 23
1 32
25 29
9 12
9 42
2 4
2 8
2 84
5 81
2 4
3 15
9 59
9 39
17 24
3 15
2 89
4 6
44 66
7 7
7 23
7 63
3 5
64 95
8 35
65 93
19 66
6 60
7 86
6 9
1 28
9 13
6 6
3 8
6 7
5 14
4 8
56 86
51 99
7 83
30 66
2 3
53 96
7 57
2 8
3 8
75 79
83 91
4 9
8 58
1 21
3 7
8 10
14 95
4 5
5 28
5 92
9 17
37 77
9 95
2 81
1 74
4 8
6 79
1 5
3 32
5 6
8 32
60 95
33 43
2 7
3 72
2 64
2 8
1 4
4 41
41 68
5 84
7 24
7 20
3 46
29 60
5 71
5 94
2 8
6 22
6 9
4 66
1 7
3 5
1 22
1 6
32 88
33 72
6 98
2 48
31 43
1 6
7 40
5 22
2 7
9 89
3 73
1 7
10 77
6 23
4 83
1 3
6 54
3 14
9 52
29 96
6 9
2 20
2 35
3 21
21 57
1 20
2 85
10 34
7 78
8 38
7 51
6 85
4 4
2 6
4 86
34 81
15 63
4 87
4 7
6 17
7 80
4 6
6 17
8 73
1 90
4 12
9 83
5 56
5 59
4 69
3 5
1 60
82 82
3 49
7 93
13 42
37 95
1 37
2 17
24 90
5 8
1 9
1 4
2 87
4 8
7 8
4 8
9 83
68 95
4 50
18 42
21 62
44 55
2 7
2 9
17 46
42 59
1 13
5 61
8 27
46 89
5 8
3 9
18 90
1 9
1 2
3 7
6 66
1 2
4 26
22 37
66 75
13 81
2 3
1 4
7 19
2 6
5 75
1 86
4 95
7 86
7 15
9 72
6 22
2 15
34 64
33 93
