1000
6 43
90 97
4 14
9 94
40 51
1 9
8 86
2 5
3 87
2 18
6 99
3 30
1 20
23 69
3 8
6 98
3 6
8 96
6 27
2 61
23 24
3 8
47 67
24 97
2 2
63 68
1 4
24 79
1 90
1 1
38 46
7 8
2 28
9 73
7 37
10 74
2 90
6 6
2 9
4 62
31 66
6 82
3 4
5 34
32 87
66 79
7 9
5 42
5 9
5 6
1 1
7 9
9 52
8 29
47 81
8 69
9 92
72 85
49 61
3 6
6 57
7 56
5 48
57 99
4 67
19 69
1 9
8 39
79 93
5 6
1 81
7 7
75 85
6 91
82 95
18 57
6 11
17 72
2 3
3 5
48 50
8 9
1 6
6 60
6 9
8 21
6 20
6 51
1 40
7 45
8 51
1 96
2 3
6 8
46 52
27 67
1 37
4 14
8 74
8 88
71 73
5 64
1 4
1 4
31 55
7 90
6 96
3 8
4 45
4 58
3 19
79 87
8 29
3 12
9 15
5 96
8 9
21 72
27 93
3 9
1 16
50 82
2 25
12 93
1 53
4 6
28 34
28 81
8 9
6 65
1 69
19 62
3 9
4 59
7 35
1 7
9 54
2 57
3 9
23 90
3 9
2 8
4 89
1 97
8 51
52 89
8 9
41 70
3 87
2 9
4 21
1 3
2 26
2 75
2 89
6 8
7 52
40 44
2 66
6 90
2 30
9 67
8 70
1 74
8 54
2 53
8 91
2 8
1 1
5 82
6 7
3 6
4 4
8 51
3 9
17 38
5 5
6 61
6 44
6 96
2 52
4 78
15 37
8 39
35 62
3 17
6 70
5 6
2 38
8 15
4 73
7 79
6 84
5 49
4 21
7 94
3 81
10 36
6 9
5 17
1 37
6 8
4 61
3 8
8 74
6 9
1 94
6 15
73 83
9 19
5 82
14 89
6 64
1 76
5 36
3 5
3 8
18 66
8 10
42 77
3 50
1 7
4 84
7 85
3 3
44 61
45 94
8 9
29 31
27 79
2 3
3 79
2 74
5 6
24 37
27 48
1 4
2 7
3 9
7 24
4 54
7 51
16 95
29 91
23 32
3 23
2 72
8 9
19 41
6 52
5 7
43 55
38 48
3 5
74 75
16 23
18 83
3 4
16 70
14 69
1 67
2 79
5 69
2 90
1 18
4 84
6 9
6 63
5 86
7 8
6 80
4 31
2 24
3 78
3 82
9 73
8 38
8 81
3 6
2 7
3 3
7 66
3 88
4 15
5 89
49 80
5 6
4 55
5 6
2 63
94 97
7 68
6 32
8 9
2 9
3 6
1 58
3 40
39 91
24 33
3 56
3 51
61 93
3 3
4 89
5 7
3 84
6 19
4 84
4 5
13 34
43 61
77 86
6 9
36 92
2 28
1 7
9 43
65 88
3 81
1 2
6 18
23 33
6 84
4 9
5 71
3 11
3 5
3 62
2 5
68 88
5 74
5 62
7 24
3 17
5 7
3 5
8 88
2 86
3 47
8 80
3 4
7 60
3 98
8 85
2 96
33 69
29 58
2 66
7 67
4 44
2 4
3 49
4 42
6 6
3 8
5 6
7 84
91 97
4 11
1 61
28 54
5 8
4 57
7 8
9 49
3 77
23 95
3 6
3 87
8 93
1 87
5 60
6 22
2 60
4 7
3 9
2 57
3 8
6 27
3 17
3 38
1 7
6 49
25 69
3 35
6 14
5 90
1 11
2 8
2 54
4 27
5 51
16 98
5 68
15 54
3 96
33 57
1 7
22 75
45 79
3 5
60 66
5 9
1 93
5 72
28 69
1 6
69 80
6 20
1 98
7 68
3 49
16 58
28 73
5 15
64 86
3 26
3 37
10 86
5 11
3 4
2 4
8 33
2 7
5 7
5 28
2 48
43 75
4 47
7 20
9 64
8 88
79 82
3 6
1 64
8 9
4 48
7 24
1 7
7 85
8 31
4 67
5 23
1 38
41 81
38 76
5 9
11 95
29 33
3 51
6 53
1 2
51 81
8 57
6 8
8 24
46 84
3 51
3 29
3 85
13 69
6 12
1 22
7 32
7 20
63 77
2 59
33 87
27 50
9 77
9 55
88 98
1 4
1 29
1 3
2 7
5 7
47 88
8 80
9 18
47 55
3 44
5 6
2 82
1 96
9 95
6 8
5 28
3 36
63 70
8 60
2 23
1 4
6 56
3 6
51 53
5 26
69 80
8 79
3 9
1 82
2 4
1 3
4 5
2 61
3 42
5 14
3 5
30 78
46 54
8 11
2 96
31 79
7 12
2 41
15 51
4 82
4 39
1 5
91 99
1 3
31 46
4 95
7 82
2 88
8 17
44 66
4 9
9 26
4 7
80 91
55 76
7 9
3 94
17 49
11 72
3 4
1 3
30 61
57 57
4 6
1 97
6 19
75 76
21 61
2 8
2 5
94 94
6 59
7 9
4 45
1 7
1 24
4 8
8 79
8 99
7 62
5 32
1 82
9 78
8 53
7 8
26 99
2 18
5 6
1 71
44 80
32 75
2 3
4 7
8 22
2 76
9 33
1 7
7 83
2 82
34 76
49 56
5 8
6 9
1 59
1 71
4 40
1 60
2 9
9 34
1 5
8 98
5 51
2 3
5 97
1 3
3 74
5 6
2 19
23 27
1 39
6 9
1 7
1 4
1 18
1 35
2 71
21 75
1 90
5 6
4 81
5 34
4 9
1 39
71 76
8 17
3 50
5 46
9 74
3 6
7 19
4 60
4 76
12 72
7 44
40 65
5 9
12 44
22 69
8 72
27 28
4 50
3 20
33 82
5 90
1 48
3 75
2 83
72 97
38 40
37 75
2 8
3 9
4 5
4 87
1 1
23 61
2 62
9 54
1 73
3 43
5 9
7 8
2 3
14 56
2 59
3 7
9 88
32 62
9 12
2 40
8 9
5 5
68 72
4 75
7 69
1 9
68 93
48 71
79 90
3 8
8 28
11 22
1 49
16 83
41 67
6 7
1 69
2 84
9 9
1 99
2 60
24 65
1 25
5 77
86 91
5 67
4 69
1 2
6 50
7 8
6 63
1 2
3 4
3 5
6 92
44 71
24 85
7 21
9 99
1 4
34 91
9 58
5 63
5 32
2 8
2 4
8 76
3 8
73 90
3 15
1 9
9 44
54 61
2 5
5 71
7 40
2 61
5 38
5 47
3 6
7 62
64 86
5 72
3 4
2 63
4 4
4 73
29 38
33 90
4 18
7 7
19 96
32 87
10 50
5 60
55 69
86 98
5 52
2 41
6 19
8 43
6 72
7 70
20 65
7 14
13 67
5 9
4 7
1 8
24 49
5 5
8 33
1 41
7 8
5 6
6 28
32 92
39 49
5 99
4 7
54 96
8 76
7 8
4 5
4 97
8 94
57 60
2 47
59 76
4 21
12 19
7 9
6 83
1 40
1 61
11 63
6 7
3 4
25 64
2 10
9 79
5 17
1 69
1 3
35 46
8 84
58 74
5 7
4 22
2 8
1 6
4 61
5 95
8 19
8 44
4 6
8 78
36 77
1 6
1 45
3 61
3 56
4 69
1 29
3 64
13 55
17 85
1 85
32 63
36 92
9 54
3 29
2 5
50 69
25 83
43 72
6 25
4 23
6 35
8 24
8 60
4 4
9 19
2 66
2 34
5 39
42 60
5 46
2 98
5 6
6 60
8 9
7 21
8 60
2 4
3 58
7 46
20 44
93 95
4 58
2 99
7 97
8 37
31 51
9 44
4 57
1 1
5 8
7 27
48 61
6 9
21 72
2 31
5 58
6 7
30 73
50 91
1 92
3 10
2 51
4 75
21 66
2 3
7 51
21 39
4 46
6 64
3 6
6 9
6 67
1 9
4 87
15 60
7 8
56 69
56 86
4 78
2 7
4 87
5 9
8 61
5 7
70 71
5 8
7 20
43 50
26 73
14 87
5 43
4 77
1 93
1 88
1 96
9 11
5 16
1 29
8 22
1 82
2 4
2 76
36 49
20 90
2 7
9 20
7 8
6 29
4 7
8 9
10 21
2 93
8 16
4 8
3 24
6 59
9 81
1 5
7 22
7 8
2 7
3 5
5 9
7 21
6 76
3 66
2 24
5 18
9 25
5 30
1 65
20 68
5 22
33 52
1 56
8 31
4 27
9 49
30 69
8 78
5 8
5 6
8 68
6 93
86 94
1 92
13 15
4 8
7 18
9 78
3 50
9 11
42 71
1 80
5 6
7 8
5 5
27 44
24 68
3 47
65 81
5 59
9 65
8 92
18 61
3 51
3 6
5 52
28 63
44 50
8 47
1 54
86 88
3 38
3 4
2 2
3 3
3 81
1 82
8 25
7 84
4 77
7 8
7 97
8 93
1 4
36 79
1 69
3 83
6 99
3 4
3 7
4 5
8 9
90 95
5 38
8 89
1 8
7 9
18 34
4 50
7 96
2 81
3 43
