1000
95923 75446656
1843 567766
81089965 405062205
1343 14312957923
77570 85042554343
68 4149262
52722082 304828075431
436087765069809 766376716136051
67797452 3365463036796
47 69156243119
296 663
365 26635
42470006 40017662175083815
2 1345
8 721542323
92 1408520323
6633 26362
64 91
643 8535858207
8041 2612649900646907
244 181290
536509963 9314975941
7812 9864676701239
60624 6176225
41980 13113273
375 2753763405136544
920 850293188238995
518953529 81319179364
5599 6006446411130344
9915379690 73924308263188
6648793789 93552003548750402
8094 6875242027
949249883017747 3752636618186067
7154815635 33481893481
22 63412899904307
44197759468965 48298597838262703
988 747556484878592
7733 55672451120169
702 562450528490
7 7318336429
665 776
2199675795 57472136241529
32 7308
182895 18007971
307578 91795827226480
81995002 956214488962
47045321838 893868643975
8342 78301380677653041
66431 972357308150289
9 2780946365008
875389494 38388876062
50230219619359 787957555324406
696 3946198171208127
118 92351680041944666
5934845 4176028671
342 61425669448597838
7 46
9 2333058840480977
97222 36474480444
13019695560 6186500602309
6692676731767 7329113354960
1229 1371966352
10590815 593410752865
88484 581156678406324
54678455724 816285803149818
497112 24368958513337398
63 4149
8934511874340 92769071734356
31 3735
6371641113874 87801179653550
9 7307060175149
88 7241
916132 57472675958130
6218 348647332
87 27108081
668 2364218204057469
7400701527 489416839859274
618405 84719917
36 184265763476227
13 67818025253870368
3261 657474
12689 3945027479938853
965203460 475351260768204
79156 506654208254
687149444 770878572730
34 572754484489
28720307669 73007707994
4 829201
369 1597674266516505
95 575258193391256
61 99159128
84963688 78277392193
3985 6523114
5975769586 35636288722056
8642713 222600444
7 37877749174
8 329916
1553292 242608021738
283822 8099635725934440
385 151364794
3517681 278342816529
66 559511598
22465 8922895865951649
6686022 967919231
11217804 89057663
3 38
737854 29872319443831
90300311912996 35961712587495969
2924354 93568937544
517688176008 9277837293286
100789173 835428306145866
851 9520603
402 9285096086995
48462 87967563030
419827 73000457616309432
3 83
2364 3348660826589429
235628883 41279539492230
25 794617
352607011727 33155655079889446
6 9
981690082 2519186258
577953 5455483
82075471125171 5340657768632315
351 8869744175685892
512020798299655 3179530260233052
3673 46286448692
530429348 8512302702459105
53683910125 4759720173455810
162 1779469790426
372176106223 9194583275992
953067642037 68574407388463
9 794081
225677604 21082467354
59207553441601 7647655027325791
46553899169 35122846601170566
1450039886 860085951752
46204455 280275660865525
3666314 965010018
8701 82277
49259409 8413278449006
2050444160357796 14766632394743789
7532 7208804540249149
2 22469165740748995
295435405310 601520195305841
2 390
909885 552629894
6946 183934146173
515 637
94061227 7325995200927
6507008 1193121436
9274326 376939841
329212 5994900670988398
635625705 17172937241561980
7457 2602339
6 127917087
7 37
103778305552400 86378818862333153
74797802 487187732
221076 22711719028
30413506638523 91117134138920347
25398903727774687 60101766638196647
9012211179 77478408266667754
52926469 5677243139131
4986732 3520366264033478
93 5795014091
21144863177419 20693587127474350
30058 62929
56512 69355765608596623
1405033822 1991307992211905
95287320499532 21948780403708964
92 4322728643
3154528402910 112900043533330
12 334
1658770974 508143693696152
555962 680630666
165464 64072671570
40 329208
23484 12037061428884
22 873392693736
147937 319719
17841 6990858
990420332519 1384965532173882
247967 4783101857064
4 2145
31488274116 6753467860617
501538 61751628184
3203 636542815766
447817510279 41873309043078
5653044141543451 61316627257057515
57246 19555622
4726210900 6665706282824
3905 21159
56026722491 23693932075584
24008 72504945130690085
2408 130831824
1486126 346811964
549891934778 65648864249847964
6 80810005402500
8819 26240630010979
5 3401403073
219293 779610842
92682480 770613773
4032865907246 24202955901747564
6763790 47963566280089529
76 787155952428
26 56239423306
111265129 6428079796978
202 6909547719435
25 2721594781
35 239021
43746661 68043796204147652
2362027282 316905148046
16445535806877 19941779972822097
886896 4340718977662351
565 706995859
32730 7528626614004696
680343 4304080852503690
754 7047341651
7948345 562318237
5822736604149 2771167883517779
7919 360897
2270 457057001737
432722741136 9524454274154
85618455 91306652
61890 372494257394
1727 19444641578530
651768 970847346032601
16893114 97955095
863279767812 31035651021134
59923970731752 57113452448139512
360340292266 954980434117
60882 457522345
9 672231338609
7878903985855381 8427641020749765
751 4828069900
6 972960478126303
423113232 458661300917
1201 709731286448
5002976 3647460581878989
3515878 45905606406307330
1 1925872
180 927298444520515
309679 90129511416073470
4439952380 8762788906793
2575550 442141108337
540075217241 4148881816666441
9900760037 1035133416185
97600 621436088
6 98182
767358188 76421468148330566
535076 5893637
290 361920419
25796059749 5128746030271369
8633329491 2287505441402
1764 359853616060101
8332956270 262623347965142
62 97601229
2272334939 51045947533747043
767 467052
1321 16443108
1140 9592011
7738 898991
83371 183604994167218
33413849 57359087470973331
6391 8038
58260135 96402815854
170450290 6693026954866
6198654135439 85523491115710824
2 5434579029376019
1283877879456 20498310523285692
7221991 68468194
893 3747562
5203644573 5936020310
25504 30834990537
52877682 338125640
8 2202611866
4 563081442
471 575
82206674 539969624593422
99720 952212858554196
106693 510483495149
46 4904678966117
4 61636682666250872
237161068 71297067245863
211425764 3030357841
326063146208732 42917459096052615
886179 2384866054
4839470451440810 24043640033595179
18 994065
23 49740330781
1120925024 9415482591
67412843 842961905448106
989058912 6508262172930
935937770 411776657582575
22 31954751320902697
8170 231080
763724236 6466103637938
5687 222489
28686843 844435739504
389336 8438874657
57982 705240179102758
72918358 161607302773
898 7791
6 7016299238273
5970 25121513
7383114257 76390949661
270 635707288593827
45654 6280545317036
86 27689
740 81279731652916449
294 30466608398616
654120066467051 1301281031894729
10412 5687850
4878 26648
559 44823033
6021547 2328999600648
41 5023
240239 9416881583
850 1079
367811191927 200004510071731
573941284 74484086213743916
540204 902976849224438
47270 1101017887087683
246978344445 1446446137418
47464249 1735483571
716556 832165828851588
1 5259418051
66106641 54362818750244346
8555 617636752316042
32 62479033741039597
74049295958 87010604720879
6504944 385170103817
34944 4758056
80106959 6091128018
7 6037121167
908368260 1170300110
81804 157977
1568860 35843893265765
5102199197960 3532010510200382
53036 47048640
4 5362
3766449 2020078452
149 4554970794614
998472 4317384
2 69
815840706 29158753904761
9172651202441 46037150745915
633 1819326977242
21 2798923438283
217 91188823261
7 75334279617890653
6396321 822475939728018
133963891 95961988596839433
8 34602720672
390316039 35429708049799
5 143229668568620
10 9935159421710528
819120 78953851076271707
39 3822
56354571310510 16710118710238317
79 346
9024285 9696995027
41 633316
63927577164 129889055283
486 53702900
223 8144236124342
84737470 427210934
2 7110464436
70930865 3197934929241707
213 34180519030
8015 807449368714015
66866768080216 98602738501032715
6 9329921
36667318659 7045805290273
7041929714 81727921434153
5 790627896212
13133752779 151091354286290
4 23559870
73950660 75327522873
9 783
5638 41458
47 57620859
809929001588984 53368551834654911
3 349259
4686 15756
76303 8217601829
612227 805164641519348
33 73013028302245
26036127 81202885186408
28 65532356068915
837 55545
5780696 915063044179
7 2712
911291 20007177
164167 495723
83 788925037966
6796384 29936164050
333 76265
13398 63856
3134964370625417 65595072925100633
1967886 4020087793
659 82128762158946559
8159 5823694717137
701 4217
463 68270069563042443
2529783040877608 73833162041511572
415811962231 5691880186483153
67 502486594810
25067506367 29841147550
5977677 27199886
589 673781452280
472520 513292
690893247 575256933386
9268472181 216874543069
5830824460 3420485603662890
3951371778593 6546760790647207
5876 5023092439105167
6236628801 58627026194889581
482677607 3927646892
74422356 505155956346
435491826472040 48235154085590107
575515383506 9533174286045
1040916 530385642506
255 8389925178086
3451009 797902746
975412 3067634803040
14673 753704723272924
68 81384911483955
34918358935388 104618821204351
4 176244102480
72203085435 9226103067731
67 955
5037803384 166382449170
539679 28513510569
6723 891193131976
76168 91530647662571
1679401040 4222631327388
72 962086440594
5225193 856506451077495
92 83768
132993538765 254989265063634
2930330276 44337919341496785
700 60872249
2566241 957956149
1486804729 8179874400
36 903566294432032
3757301 1091170730719955
95261 917426410791
2992 26169038339994166
8 8758461070
52961545 98823915441269
57271790592183 479868242103868
68619421 43218068944088208
6317 746494106529
931397385 65301251863636613
3 36369532319
9 55
161765 61584412
67 93
3007 328459136
80508 87479
70662681553 885043813314
33778 6181257243
691015 9883127355772
9 95922605198125
6 6749495964
843078 2609191673
678452748 1146752603376536
19466 1505639425697944
609905723 89100635225481271
7 49231321016
5393736744 60358832286090029
79 2543375674684613
37 96
4080547 935070075
7 96419
5 842507
12 675620821095010
3085 2156124099
2 527739
8377545 6206483709828
6839 626777607634501
77940844 913181961646
99888529 565053368
22043926774 127690180540420
940521183723684 39993957085972134
7 6569
1126270 1649050007235092
672872 8153127265656074
28227624890139 35153147726924
8 362301936948087
362684163 3671079438672
27765691 9653158217344208
65150 6408164718210
6 53290
83 27648
45689 57068682135675667
211 356997512124323
471 73311188
924385 273426040156
27816604529363 986689228268614
5149018 632310476
78730 6654098451
448870 815493010013
303 961183
4031431 169065197
9 3110262
91 17024250
966 7364629952745077
319891787 403855738
939 3674
852156248024 35148115153296207
554 2983
897151126109 5769763231316331
2 3454569
875808295 593340159891
62 3023512921267
87131054 137154664686354
71 363093377134
7018660475703 86549102337029386
3 1767334037284855
7 2920742
133 10093
8413 696648362357636
92232553018 7155034737361859
23477840598 38032479920236
601455325 237277422821063
4 83199
58870 243819201566291
909385966 7608919012
35 37163
356848 4848788816324
18268845 1693243393150
42787001 550012637
934818497173 936584859297179
357 53019848
339 7425
95784053 9856052820596327
68 9411906892147608
22 66951116396939
31 277295603
6 9846131290700
58658358 231497922
168 101013123144632
705 937796498887017
126 813092227918
19758 9149856898795846
101513680 485457965636533
6059524211 532701738884
168493206 385836620610
18662972852 156932910756676
39829 2158633890650
213080669419 834816514952070
880018532 30603895474003
3218 97977579
68 886506628601981
265 80547597907995296
798 25916019890
871384205 585877598104
2701221136178 34310505300399
62997292 584715606637
801164075396 5841319782365
901 8002703887154
94764655302 768277171636786
4775 3351135
42 40034891658950
168171605 71945255292
2305302412 63139115346790
44 7743927943365516
8088 80383
563 221518110
16 20
98093054031785 1562767314819596
3563 184181797
21405212509357 2110983044159335
800522043511181 48668975300434268
314886302653 6266726982328
44331727 35547178451
4 30680056462
468446553112 18884450831737
33 143287708235510
67 284361824940073
9468201 36626862
7066 9228
3806068344150 493931768542136
505 529612
199 392591
4 713085098971352
64886 4004909845953674
37 8149591531721493
9 9
5930710 99206475540
16787 7428457
46995 965214
259458854 6267619476
688855242397 9502174040967
77 546534675
661505 7781629
422381835 521413801963
34869920264575 6223640878808530
8628 7981021
65289309 5880246225
32434 92027
85 70984537055107248
54772839 311953972098340
63549764 17207908093592
336 9754
4 1438418
303 68038892
98015652 7568964729
309 67259537554054
70379 90468322143
4978375798 75000615056
79901184910781 77812733040870369
949692835825 3679792820511
8106 65868693628956763
5309822 6457622482
689760 85835783656430
199 85767
872161 78193360
10059 999725812
4179211031 31604154478738017
4 56963126
871 1324
7 8296399664
1290 19395007
71947 4119484672
771 293461390101
9892696870 47379915074
5 784215
49 46565265
3582544 76000727
9 2838556091
4485682 745257793719
3278 29070218
31752262976156 3608165314238267
95 88154718153979898
529 5638442270843
28176085813475865 88784202218596516
26827 7616367976
180721893 6428709904765514
8339521580468 83116114452588
7 828
253 1816629874928
66564316521 25662946500609
81043799143 7713069710197
78121938 8448661717628971
2805 89103
825646 849322111
2179 84846941231488049
64556152781 62698286324705249
9511616479 47191588145
361532 653489
51655107934 76345736842625
1 92349995488362
2631 8853420727653
912 804841321397917
90565790669 1740046897560980
3723 13714881591512
787877845 7168493064664
2588610 17184140003880
62578215576459 1010082502731530
22 5675801399750
184324 423893
4 30258384291997512
64515 2523307744
692 42197
57319 719244478
968458327657833 96244557501890252
40859550 928160121509027
4179 86631
26 93
1 96397824
15831151 1132717002493640
379142 241244368
966 840175670015325
87240685 294305274096
87541068254 393217083376872
35 6033
49 18301
1847 8038175700
6757905271 2392149971089209
738 330381716803
707894584211 8103696302436389
634 5300
946 990246110
30 94919735489034
4211 463984220
34077 177301331930
281 83488596
865321 2412066116884
6 96524303989852262
75436595536201 946064962188533
3 64543207
490 2940587563625926
390553952 833294162657449
2713 72568055
3406711 2980394687236695
9025604 71538207
1 82
4860630045339 4520421561635657
97531978 86152958735990926
1 10545
47955 56787266835736
8 532606424121
31530796 7743546304783045
2 171957611159
26842383756 185134529402518
808 1611205655
86082436577 708184308574
667752 830595452359331
483 846793110
482 16604
971602 366672002810
1 1212479154381474
54266530843 3643845226572
9 172
4916371 36485447225823280
727218146 573939914508
5943432578 46210017835065211
438645788 48140451529191
23913591 835040351471
5398 21766467702617320
427554176749629 915554667935692
5743301027886055 83184841459778463
5 859276074220
469722301 41534442361
862 396038823984
54 92029
2 72383
1999 199874697749956
88 38466977867928125
8746522424 973734881709819
77 58906655903812023
6457233 438760106
3523875208590 28510638284776
663 57571078590360543
21995863990682762 93045588996465864
879 8295314251
1753167 138538644219095
5743 5072765923453
743 5284561
5374369 7465707
90 669282227960
8962 64522112807140
43787076898 440416259391
632 3067163653
8875250518033 12316389907058489
56431 3343591902471325
5202 78606050595930
601960 227081214710973
92 6042193255561
994649194820 738979550869117
1105754860 5980797844023054
82554 52762581652
661442 93124611297488
46269735049185 963057064725190
9362 6667730356464173
9637 6860948822879
806563 78865350612
3556 4549423822
61837 4297864
12 588594922142917
5788407 468578558
806 42487
958950674463 28516390594754
39 29047655178964
1411 3787350
80 51781556824909
660673 32643486
98208562033661 47044960871623799
4508228167 46516010197947
563822642 82121848354
1498 721519813077476
30874621 7089820267575
8 174811692779133
6657827216 5635837604470
334113950 12479845296784828
45463403 194811801
7024 55070
98159287 43377124151075740
277885054 4396743655072390
8633220007 92727894343
837499 87222654972156
165 4398843145649
5 17416459
10851955 19943828693780
429 3329930250769413
91790605969 537922824477688
501350574 7881760680
754552729989 3174243868889441
471535 659558
5010 82905453
50941 200993638823791
1 680172
78347 80389744
84 90700723548
3652461139 741985348440
25936 740880378
2200469 253872848444860
2279 400758913
36094 16849815743
572188 5174097500326889
86 897652813
553 81754935
50 562788956484
4414 76053
155 117903182279839
91013285 23917731897516
86851 508437
6 980896527663848
4976374905608662 96368828981890128
7729 72763584705
923523083142598 8531598540514485
9107382654 45120657564981
773 56163666332
277393968 8053370876
2180825 74872606867841792
572 63527
6486 849416279163
33066796275581 75269150818456308
958266362145 845953338819296
5 9816
138464790 199400621288
848149705990 165503622906765
9 40308550275395433
76897 977364596
90089 53591120893403
26 42
2 936597
4082 2836016116472507
692 4735557370463
169 676511884896075
800138 4669430619
83243 3176915997
538614 670680091952
87340950 430235551029407
843 93117463486
341 8781
889770 91493758895
30615186273496 45999103084437840
459 6216889
8679697024103 7496695958930664
498 7708487
4555291 8996212348137187
855935082712 71029252590849236
302 12057777
76606 757749
98 13226713795117872
61646352779 896194801901505
74 14525
2493 8077908765129018
7094 24619054
36 156134868781670
72269861 477043111
3632412892 5825423254921
8120 8538884419121913
8699 733000509345
865685 369772277690
1 2794295760
2067335925473 51734448965646
19 65581315
20 3908415951
25464355 9969134918
999 30409115947333
57301236 6995453088613675
9279898962 945009686189
1220236 80335113
980 781693572380313
2622062 4990906863588
819585315 97895245345363
4812 74089
18 5591080006541
37860825 7371186770772827
155 728659618
860664 1005625870555
881919934 59824988732
4681908 6075020726628
1 6261155753
343 771619268
5 126388665518550
543676 6336372121
462827537 98531014737277
1595732689876 7280022752947328
206846 890013
8 60
919 9683844951872904
18 571520110
54 8813864856773
85966 9373193
5694275758 7468442201
99 91399455
5604827023985 9352325834201
91 49287
846380306738 899109992466
216154 31218019338222
1485380 842382313743
268074148694757 11643248551415803
922462258128809 6490265638119691
956 4151
802 8262947841617
212649 1967302585624487
57 494188562414
931 5872
280962056 333218955013
16710055 7482254683671
7462685 71365011869772859
8960226062 8953219442224116
879 15409306710
859964 7885023182020890
21 92795983505163
31261799 83484606607801193
31559572 843329023
357 8940850096
2865313 705465644234
4538033 60125145900
49 5751195237663
87 989409372
79 854786640916
4522 58267666930239838
98411527 700013990716493
212 32916536547858021
181427986 2083435165
578 87058951171
320691 7989460702422225
353523564368 67403626097637221
4 6509263744901325
7 831507802
719 203941600635106
88 8956838083424627
842036 283322801
43 184748606
561 9454048382
7067 85689017483545100
271331579 790509902669
80913 709005
5994045218138 37496488658660
223049 2542375
660758 67217897900216
5110657 6692049794
18137 2587297428266
3362 71564673363132
753462295 10556025572895
8 7367836590113
8684433 1126740598789428
6003947066842 9498569698630
55651 97453351962484
3383 616074826011
4058677413262 6926508222331816
768547480 76235362982116667
87 557
9534475 1479572307
9529 1433121085
9439 46838
4 162018149346163
945 1233282026
724254 6396102769922
96452089501 865114702834
512319 336380646196
90 8735881
968 7743769122202
292527564 6706460141584988
470793400 544893366034680
940312225826 40146300313609833
424964496813 38274784017917
3989726314718509 56647581662019819
433440378887 161238274096104
20 61745385653
2647241 93855801
6 58383
8 56949097799
5925034944074353 86803624735248570
3174 71360
4070297421 87562835538
6475 2951311453377461
33097354 990666958
8 620
36 384866
444 1358555
60014 7486527383
654195441498 9022180948592420
42 39390456980
566268 6982137422373328
2940 881366752
99 704653287751
37482750 5058617353
9306 47598840327690245
290309 317584814130
7986239554 6419322577500
3303092 45696590
3208316 85319686
19790366810 62795520551597
481278303083184 588980695116989
7289378001 2995078478871
849690711668 807928978662360
737396 400428527
432603930529 58847523369091093
537 6774648905024
81 81
