1000
868600170007 570911028964475
87107336647 34014927245131709
49801096 8199261433196424
764 12757767803
4350200 111277567897
970021788 91608556536
465 24784014113325
2634 51267
802 69035359
2589 9668
526 77069638
70931401297 881926035695
403518658 3624297328508057
280 497413
73003 623833802954226
8923 51044492940
91735915957 492915719973488
80532 9730555275
6335219286 255648547105939
205 45766432
18215872193 355206319973086
5864518 121910338134155
584 720733451018
35 380915322018
58 12484
5160179717661 6887426097016
371589 4102275337
6 3517324411244
617 70662997162621986
68793385 87601598862605784
75933702 82744635804812392
2 43491006599923219
46 1462957840253452
9339206278 9119630510056
841065776631 8492179802855692
8610 25563
244103420303800 297463582439083
979 4942286
61 8976142997
893662 33084471891555
68925595 34622555709985356
530 253099568650
2751 5521981
2978635934011198 4369580682566927
451 73264
89363 70497777
910489633 1175223482
49345 2158570179734236
22616643 60335459
35880154 9062050514
73491971288664 18207663299425642
34482713875 19540089106426204
3743562 9277539299
9969 436560479835775
401 2347630753641834
6740378 8916283142197952
8482520 9684008237144
7851119 41305135591633
7625973809467640 88111687365576496
18 62627583440
22 119
430 1049925
93539642468971 2292172416646810
73 6079
7881812 65784338996
6 7
617411742960 5453166464855
418313 607653385
1 704324
15746858994 5366229914563282
49396816 96184716
81401799 2574244745800
621282388 141425342026
94234126999 5490892642954779
417030645256 99029823565432
24 6108280706370934
52789533 18999039011949
67 743699162043
84417057684770 6558671574761886
2914 6561
20067701794 35484818446615220
16116 28344106758
26 49716
3 15132843
8 4961538
47 882598
2 353171
872151988265630 6423543095032411
36457970311435 12951755411938370
4 31
6933 8789717
48587 399846
20097 68861782718686
95755 941050098878
54043 4740133904832442
9738393287420 6350217946468709
93952912 2699806863
1497 755403246465
157102255387904 34869637334943458
4025970 614161670874531
678128 7984812530
7077177779 659111356229796
22202 93118690889
282761859 70884087072101703
7 15344164872270033
327966890711 930750040341068
71160941032349 53383054016569647
727964150 8921683760568
7777675856 16622711634237
27 519
521754388837 4574379347054407
66933409 37789258685739
1 8979
35449948 5713858638223187
532 4879364805
1478181 9370077571704
9812051009 212089433862191
461953 671323533
240041447667760 3593046635742258
9827 66153825
919 615539324819246
84667317 11727458893814
1795165 8011328486270647
38094364 6018614896634311
81 521449468914591
208 86232068409884
7 2927065378752083
28 37885927327406
64399 163441
23 36
399 4290052643624
58280 689645247369
85414 7936829
5904 87681
27404192451 926017893152745
6636155 5852045335267
6995342 7855351804
41241887 13614788135112
7 4495046299
70943648684893 871229686660931
2 8163952714977
46431583329 403931517578529
52 276391423
520 33100515
874540870021 1056265026468785
30586046128 508593263639236
4 51122
98074 9298828266
92 7090
356 39678671499346175
902238 970633565613962
28042813 21805763755598255
760694611 94231940217396
12512 78383510891
450020 97273414
34336 1770124552
1285 297413670
389814784 10692184847406408
70 95513526916
1902 5243662170065590
28 847763873
2230799 1612460582
3482 68665182334133
8 11427025966524
61945888 316844188902
947321951741923 9847107615031519
9206970673046192 75974501120450090
628832079008 2996848220245805
9892695 482073455657038
46998291472 55025954794420
34744728653691 2147097466106360
13900 979366745961
148126 5287484
2341 1062487517471406
5921 4157025
1 57
6841 68074137063775462
663 9515119524521934
581 712207781087
8354078520676 87779667097959
4321 4165807
12431049750 93233202890087038
3084336557 67279751975407025
229 81741294840717556
273 740420696003
71 19850826
172 269928
3143961 70184011
6 28385
741 49242092
374283697 716571534330915
7370147350149 1814355114487012
297 7576611
339361834 615339923
52777633 3100056459877
5 8244287
959 2973323945160
8890 145434623619
64 594813
63 22131334871407
39020 2206828
53315190 93496755761742
98182381620 66094188637988
149934042892 99517527876940
867545 1250202
970729 7301890079222444
32596056 851759062
8 4263689225350232
327756 6717762880369481
5 9826478
7455303 16401310074
877451 7942718741144006
12126 725241160825
875879517750553 3587813215912376
964 9394638449
17064688 43360312
695 747121
9686555 439095149569497
8741814663 609196810781461
1835962096608 16506467593168739
672768 8313892398676
2 466752670646
44982 600785765131
52 88297
7374982 99478425097
67829 2452707447480976
90332328596 5685124311785
400787821332 97676309624000
67119219 989775638647
58216607799 1693728044031
57767 1319327
297487 780808609
22 4707084
1116978038 2300274070
63063 382464
137107 506513319260
33028 2482815070373203
32576196167 38075004625133457
47 6435616281881533
1117350709 4793348966167
30706 276903106127021
265863180121415 71368657600626173
124055 536424620903665
96373622 480136657615
90165067 326866327802
760736 1163969
1058 3379417
5655454934 305867872576666
23 2956593
59495 55543260
7673 98578063094
500679 53762789652332
6 1019538
945148 4703782
6 51914143971
57018352781612 3037753803526421
576140 6579334436457402
12753167 8954021945301
80 17532770
21922 4083295860880
93 6799460070
887987 7911511318187046
5 1521
265462 112194327138062
619 992
273337431 10304230036524
7421 276984859209842
451265438861837 46071823561253311
68734 3778000403915589
7 47746
77493830 1351766891682963
17015614074261 51229815064399
4122825 879018154110
31604 17096433
25556652764179 1864921278495635
7 1028690566
17522663143 803851875665
9 9064651078
1047 71168661644
37680427057454 6180166018018739
4 190
4 90
168009925 8984093876313570
81284 9212602223
2219 417555457559068
35427 548391
54840 47623572783457
8104823857651 56565018946630609
38391 70156654861
3727490 6110571347884
766604424 88315306108223136
14784 395286481
3 60048818371775
559 81339
373807020618991 90395975766107394
25194 9679976
82342 675794261093
5671 231993
716 6006141071
236 1096227442919843
426468697451 7789092359088
5751373 660289001127
620019692219439 1976345412760386
96894 57011527246172625
8134199170 69300645830
307 81039
669 223434135330
9 62293316
258 63529985417964981
32 8671349
46 42177466230512373
7472256 17385641567
5019165 511048378
43 62
2 313691
2 7987487548831486
689594 6687066150
3853 54382841222739
970178803 4888178709105327
12636 18316
625112 169557928847
231990962475901 2160428956522409
3360368 6037250
30550 623824679
36 74447684935
92 397
7145192353136691 9106671988510423
260197 5219144
7617937469 76735023975147
53114883 84595546133617500
300597 86433764344
8638 3966181867
81614437 268694054289
4 7370656568164
35 86
138 67773300915614309
8265 5901619243132
23976 389263
631 2051
6472 708731630
99 1066895546
44 64595
4153756821 840023297275
299084 6180332515
5205133603 7719569027
7475321636 2324597225055
61584 47973847097742802
57 64
556 1177064578377
945547101001 76252349333101
2 81467921
61 866116751288
825 918101578
80761872 97620810542423
414 51493299963064
37790651643 9483903829445866
8404344574 74593412120
21701357724420 78339190355311453
21484 253154421755400
4566 427781115169
4776 333243726123
398689810787 2866935362920786
781 325151576
1 741883641644834
3435 709924208
582814803 93810228886123729
264 7022603848
42874 9763666706044098
90 140511
79 14162
859145283036530 30631137391152278
82321567 34812137901993166
845131964291 8431949898021197
2754 66962175482
88004 334015119459
14175469972 5290407248641
25105514083 44724043013059
51 823407
68 54439681696804
86635 3371615609243200
9573024206181 458503667168795
232 721
9996977426122468 66967751011439441
681 59161741427516360
48 717533947
155983122 886594930
85036 497593247118
215923028374 50837930075494245
6661478 6760473771220
914 59588254212
75 817239195731
1696 3266
2751828 2950753
55 165170558
7302 7869586112909
1391104315 2997963854354
39094926161 5675063071146912
3 6651
35418556 293403544705527
7 7366742840
1 87322728
6908179142 703833338621840
907055 348757748651
4 6768144
31650329 6556046942
6368263939 8175055122583
4578 88040733613167302
7 602225206825151
14178192761 818932479677
1092636 82965272540664327
32 4410024
49 6404670025937241
386322 734459070
4440609843 72906643560793756
2163 786448040013875
93539 197082760868
3847925998473 708476469296514
18 7449008227
53 51842
297020492 92276902419953885
6 94
413182517 22702945833331931
193178 390717
712191 21527928251097369
271 9709546476847
652 564477299402309
7 923381052647214
562 4510760930450
500 5581203875506
9413916 9830897093932
59137633 636426347
1 5467718082495764
2555 39953719
25613893839796 51706239134708
2 323658642
5 902374
1 65052230476
94986682 940379781587731
748 21943839851
307152 53162946623386760
830 532540
56 4680
1350992927167782 68938386107467524
938487845 99648798095
64781306 81081867531607477
86 9861796978519629
868328 77049863
46634 52141
2018 341950
3 9543489033866929
8211 35142359945
121041 8139274
5428982625 177927068252425
638 8105758768920764
460835562403562 7984936891426270
714 626259713993
5872265774016 64312246610331
83 564898032893857
90828051 964334394454
260052096773 276132792002304
14704979 8593047729348288
643 4354480
524130177 484368373308966
1039764 17637171413603901
4970 4663782
5599273802726 13894106451412399
2554 4402700283896
156 66323794354
4477 353992646804
52 9766621161
583519920185 6755380178931367
47 10486
4097 9474776145
363 792441222922139
1699566621 7729221882205
49 51
4 67
2017 810405813666
99326153 618769062075490
90541 531810133694120
7 2479
33 68040180
1926 41157327918
681 27527760
7 14110234581821931
515558118 24309578380
50515705 79231929202733201
249 8236729214
4 9416
20 7689710127640522
152 319648588274263
546632604 43607739397087
522 6454
37977685 7783277167942708
3807598147 49518689375348739
99878 8083823602100468
8305662705735 43204420035224
14 8611260238789
41877 6854280205
9108 532968
4395197 65435326
4800118138338 66301629953004998
4 41462
1617 27356819045
9 63
83109771634 636460080883343
3999528 49792430651
41078706347 8560111792453548
610 48750658611399967
37184 942598178
178 420151069068185
2122945 9945733119
8834 25328499969540
63 553269913
674 452449859054
6 57052512447
14562 36707499
5 1355346073317888
2 504603
722480 9484317
7741187168 34267390872
44117633584763 86842148135245
5767874 7686207601055
75328 89406379
665283878735701 3022651807531582
598713 47295194441
8 973134
99 365837773300
18633228821958 579657684679999
106530938157636 15372978548759779
255383 80308024398
47027986678115 633316714748357
460830818592860 2483074450506480
2412672 503896768
7064761 75545350466326
2 317395694850
191395343 5681236750545
83110444037 632460010033620
55 386180843118
83424 7053276409863
553837161 882514379
9912988 8208956540159133
908 40241
865769769 748474619906940
9321247815 518454424085
576 38343
752455155451 87348110386416759
1 8658221975406682
18 1624201353933354
95 419
78 233679
61034 9414980232114866
806829 3525397428655441
4266910548 2066946308839
3 26695866747110
418854447 6375733802581952
6522 48487
8689117 3110406151253
75643 6574805203554710
66569858526950 5930004030609926
9613829 3340300827987
6 897
115897885 1744286586513412
360309961 88683947261
800063 47876873850
42685845018 35974977727029
960154021 77507998772295
20 510922309699598
75107 12374458572763
771 69521926210761
310 73126093191360798
92653 3886853111423
93236750 31161948264742650
98227635 217783747597
5174 5301176180122086
69717236019020 24785236013820449
199380103 6116477799
88319 640183724165431
561516978909922 4981191684087035
531167 19001575348174042
12006231369 6230545221802
823739 809630210694019
540821226 159595782216
1 65467331335
46331198043309 49415032189121
4653996176729 76810533761676
9060 425252880
8153 84775645
924584578 3347465070381
80 5952523059654154
145164122320 1492799676291
373 4891458513
177 7120097636029033
8595 5130615455344
2159793648 54363504547329645
2 46069665
9098675845 437743313738
2871072030536 917302845719373
8 132664979642
2669 512115361090
9633 79280996
41 390481604
65154416951 82596417626478104
2946832108563 16336489246325047
775987 736369689172368
52613 257412228349
75 3576266121
747352 4533048430208
6 2046289893538
38846726 49695833296714092
52914718 59305264950599180
10221 61807494666574853
39 96447487622757
6126523 4928705743205
824164 77815884605005
370 430995
584 639625443
70 5714
651 355193681
4549987 6972963
264051772513158 541932785831742
611450509 785636477906
230777798125 40948343170569765
297 14873998820788024
2815 9687755437
31496049990 380088287389542
179 8115065
5012621 23768130
118120843 3105244946468
99842228500 2846427470041605
64475059 1232206644
5 4516677495909541
447007056 96453048099
1145131779 2641278279137
41 76974
55850 3116547920439
12138140384308239 47108853483131639
8638 5910771333674
3410862 45889649238338073
194 693676108160848
481927 9622825714012193
7 9
686 65035357244876994
2800978882402 474511022592846
251123 5748678254654
5014139 53741103
6717002324 9698287433
478 314245
20 8324289
380052402 7065499897
8448 25662
4892000 889809336358
7086075090554 64159615855767
246935113 97598084365
80321177 8491211867
69 89950203666
929962 9208624556867562
78836946266 91659646129
53 197
2488 572731415086
6 76617987859
61285892 801062196855482
4805014 525410954724864
31570 17203322081422382
62502 1478847952752146
23490925565 89562484221105
3 6511275851102420
8503 9605454536249
54268 8459561
318467 44482556201764
11 556655
795161 1138992
5 28065105663338323
9 166071890
820 284832666969
238986 173855563666580
1586667075550037 73264245644626676
8810 3204970582
8510 14729
206318 287141381108
2543 712125125
8674 3771279590405
819752 8316774744731151
48714971 7224494836
86811761 7026079122
335161641 771472862264212
1057116463641 2041165921284025
8251 25598
5410463540763 270140127006751
145 65597170720
8788 30712309717269996
33981 703217
3 30790
316097 942766
109127233 2547837124406409
51361 8096800471111041
318 246271544792873
126882 7362475439883
7183556934 25570651444927312
4744897844324 72759477204843
685 84781408172130573
878 22557073
446 85289548834802
22210 37210161530166
16 117510
20743 177798415938795
57 744549146936542
4784398757 40478000945272
12073 449709068888075
39267 6656044334
178146402 64226191313262955
2847514215871 86292418602135
873 526876319392525
184025 45107575
2 444561
36 59319
31754911842 935252389156327
2693342472096 92305021289196940
41791 95038117
92196819 94995439898108771
6237399353862 25954984635793
18 210349748214
933172 5838723754990
469273 837160332562
2129 6379
1 57190763
51756102688 47822719501211
760 59971066696
695314 3074217917808
8596 630021094
31641184 1776889658
48081213268 572202600688487
85 369291345125
4751242402 80385858660706
896 370894238472875
532075812 2662425221500133
6 5109
11338340873168 33027254286719
7 672421696174003
5 6144762493
2 9871
892 832880
62039674 77684677986371424
44 9316
48 6446175759428537
881439966 64378242528774481
8 663508312957
3019327231 52331326127659507
9159206856 5498581755360885
7536926409 15637633064566526
5196494 413541477096473
408454757231390 2006748957718215
799587 42351693
79730809 60025436684506763
322233995 275175542908
5535432061 550228702144
759259214 6822963520573318
3491842 84450019258
281291944 552119643
8080119 1960583609
4961 8653005199729809
90941762 2353635750635
2 52365390
10794 364962125
9 172757024535693
1 5
92549031 129526789
93190 1693588080515
7730479512 71168148063122253
74267316489 30028845641175
59071963 628694863
427395906 11009805788
99240 86018969459
74757156 8716025274078971
4792961 7154313795
96 145383
673 7505060
32577 395844655
85 531792410452200
261646 619261
4539660579133 65119423947142595
740904528233784 17967829300653649
3 80213542684
543527677 852192042276
5394908884 681150005346543
558 105228360368114
48931398747 4406334371304773
82252795675151713 86095356743390537
702358 66564091392659
25 2351514204972374
279 82951274
2255878285 63397028215334033
9 5707597002937455
84226 35680146199
171329 650252110
529068 64506138830
21319493122 837803518921
368311 3021389659704083
40082200441932 81317310838661
17171982 280384786
5600290 597216814424
63 55842052
8 7469123526
63769347 267496747387
7777414 8815189913
95894 4372649805708
97 6739365378027535
17 3278903717
140063 44897640633820177
93520 9490375430912
11 722848
9052986 374014120254
3918542667 9761189582
3990672 39423339366
3349 53029467249
6035746836520 6442388004110671
252 3193039987608082
1 24587767805191242
228922369766 16224104725061293
472714275 636918350
9 89
9 59352
5647 8227612976587313
454569435 734989750
64559026 214573662190
31684141 668253824
34961252 770536350271849
9847153 364099999628
1 74992217623
77 87
27 879404744
7367 749898335894
7 3303908
8400888 2242145623
51108332 94608902912786786
4 473033953366
211516823 7653520551636165
5 5479206621169521
2452714 48978104
16092224849 822175901541419
1456055 7090403148235346
39519 438155925
9855 391036
8449490327821 20071358986006382
775 982250467687313
681453142 42652848764030
400630 56315714366
653887 20939459009798
259 430540278
76375 29681699691941356
763144204 8064976531480
142315 907363905
97 5673638994208811
9953617045723 21970824024239029
76387 7297621
21866868 423615218
864376 94780104931371225
711897 813698345
1 329943677
425 481319499424
3040265 7048697552320
713 173952920730
9193608 525221735853580
30703204 8219734561882
90 572742754286
617844264498 9913187574212
6627750747 94002173737371
559 7981
51030406 5312501329708
875127250 5691860983234632
9213 54482591
475571154875 34690819580052776
11581 201123651633721
1818934 5247826335795
2 8301
29 45881766
708978089426 9209385083479
29303074 831422421
9725 46771974345389743
7929994 60071947394895539
869085934048 80503472967852501
34414004739063 1037088328033358
124 364944
19957011474411 43660654598202
4070 1986656
4769527 144672289746938
6761798852427 3887672589268986
8572 5003468370
1 74152191181992
65362266 749742218
3150280309 69268781893
1601 17398
286876 52098006
3078158416622 7750412521450
182852498212905 20878592619125630
843 2348720
924 146620792103417
2844062626 6040467581635932
7 83657832458
88804 295850553709534
33035695183 49669364321914
4740 42379220
1023 219797624388671
56366 2255968281220910
35 69220
41 223
32 3567763
921 4911405621379
464 9872748298
19 5455785
170406 198660338528857
217386145 3325020859
68232049019 85667637540588
3 753878392294250
12665 6869257
9634625 174336855343
891675333 896158679612172
167873 47374387973
9 13015629
788 3711754534
5631975 805395533275
28877649 217972780
6502 94061517084
8 22167946642339999
476 42976001156779468
344833 615935
4 881660706829
457018 9512115
66 9217145944922119
8265 9768200417199
7591202342627967 9924468385215903
13896 5003928343
8943 5750212060
365 2400212
96503635 182679800008221
83148 69306208411333672
361742 425851
9 87429405
856879016 6922531072548755
321338035169 28710471665216
496638 41913359174900
60174075 99986392505619
51 764512833
4463 1702705775
76 53329943978910
274989904692 378679028918331
303427 9226726839418654
785636820 27597802118654
37895325 1969372667647
387 143992987335
823322067 96259188954
491896141 7533811867510
369085 845702901090
43 934312196
309710011 4399386629253
282013 723146096
68342300 5522236540179979
8 8036364808301
45845968 248603234
46 462563671939
97413 32198134991151
3226459180 61220434320849
9 86103838242887
876110 26174392012518532
8755 30740407040368
8594202 5471665638554780
614763632 85463054622
8 826718429
98481889 178535279643
5952426133 79399720838210121
954675 4157476316
74 811330685346
5816 628759573241111
973205627959 8123979550678
3 48172581446423405
771055951 89377449130796331
468 8291908210168804
4911095402973 95964957270871120
87315 8482338
74958516193 166481101498520
41409047 707215938402
1038849101461 983483124717559
80072443 97185927248702190
7032423 4277615347639
6 9
5716147763997934 88252127155283654
399454 8252614630854789
111383821 378022313
73077648 38598236221499
282 4499268083
3596 632459
621 4313516410
259342 997334203
3324489 542266773019432
2395047344663764 97833023559130145
64 7206356
838869 14528916
148265927982779 896784821022316
770 3961145
43 5484
