1000
75 1695
9134189 7698015005
7094 59450345792
964056452548780 22327168702729233
29498312 51276205730576
94871096 827418447037361
199855905484 2642418792899
95575 665803348
115803 14338297172
6 96444171856739219
7 92219584680
9664961 55678545165
59 946327572356
7597 70975553098
142339894 57030508241
662 864559436106521
8 9089
30612479 4425723477275
9317 974992
4112059 160381708
810283378 7040963772951
776 3489907
7669 59113839
114 711170
5818441 4285508064934246
418886869 1598337097
95408 95951231010908270
78 6393483
7 110822
7460221531376 7526646818042276
21897487569 71074112356701
329252 1849279343330032
19 6728938225362
90935380 4285727669843351
474347 95024562246203
90 90227719644869423
1 494848757999
32 562323757339
424611 345305783
3299546904035913 65710057743237694
99271 2389224473
3745184612541 487488803424736
6975555 1890585328065379
73 31622503378823803
36 748539620564
15 77
39605 59224
31488 820052694
5 1615747
4590714031 116519918776855
5013292 7686920159768
685766 70614063
492384587 3660558025668
204 82158690545
825 254859641010799
4 93099005020
985928958 878893972514527
3719147 31658535
6347 39044
4 558
24959547605674 71261707484837263
5001077127 593498003177
79818 7242571283
52 761722
29 2487779914161381
6 823148699508
690221 192481497750251
78 6504
23331792 7979602492834764
39546719970 41632386713
498940698307 54030491787917
389529045 528611474375771
15 8085159065
937890137587 26444150357427682
89545 85067082051
2220996264 2596755958911
646 404574206495
3377 43310079851989
895 477593
6593460319606 4015042129217437
9 36628041266530839
929 82663409261068304
5315057831 99154372327497773
40 740579924673
530 638862144612
92366180304 83908617056791340
85 24864
69067473058713 11222388390749567
37495447521679 622511185353378
6 831688101993
10386748 4770884857
65163 64178307252739817
442342 14068897
356 445
6149404 68714353752
38930884498 6656031580988713
1703595820 106397813628708
92 8810
734587 17058039521413
3750524 89271873
71834 9759708
23564 304990
626545034346557 9805572132541757
2 5268512051538838
32 3427792
6 376611664
9990 34244559396848
59 3719
538 52637
2248 3872
72 23922137367
302 3752254042421837
52775404251474 7977429066476762
691642089 367738523745300
29803 57589568
8 5667244491
640 37098
8532012018810557 45378287190796841
82 834
692 25232
240517252 249670941745863
785703419328 85416369509039483
7263299505915 8184446075206710
265 325064237738
302921662355352 3257604332730313
527 653438980
733 531595246581
1691754231244805 24955791070888831
871904350176 52482482463991380
90 5053592730
8065 7876403540
953818 88352876
1455 8279424859
28950754115618 4323328376673253
222963369934 17315297144379907
699 52388834748
1661487 95947656006981375
580 26490
38015962730 86917484880402
114094039 73044070108604
65089460 12285316640269
4954 20942846666508
3393235494 23434454084642
2 715
1469 9388584138512
48 1138892
178 9992086
30417567 86259060414537
65922 751891350816298
88985 942793144596
9 4518
2 5
7979 55843309926959504
208309 2469024014595
622580659 62552675054
90206793005274 916038793388354
239538661 469537769921686
261 8673220
134567736 6102262154671957
1066965420 58288383745819
49451 75940778348
755631816238 7890908514501
6560 5706889
3920 5246727040811264
7429400 6386166048294
4 79313329
65971940336 109849025934240
79585 4853816787
77497 5711961951458146
5 9648536275
15928 72994
682613555427 267333305063591
15503651 3379234566082564
39 35792041264641
353030734305 9064481609093
61695603704 2233687649473908
19951641 17272531427484776
516975 788013487244
42679147 54125834456
28308043676 8889423981929741
193 63926108556
98587768 846297306725
8572002322 968711495900
3690401016128190 7074686253453806
46120 2640546765861
230 54586514346
40783059 23183832819
10 49
9 966599675
6428393202 756348141192992
896463 7800433465509
932948350 313778988213567
3247137036449 8432806310157
38 12971
7467959254 26277950396201
2350606 350556630
710720247023 508985054209084
7985 34599230350
800 146216439
7174 9887902158
617906029209 73459308536167978
738 4270432407024
69051956 569313237
6 716530113
907526308267 5204274550953
381581465295013 841195031650392
838971087 45196552747
608 7404099197869
696126 37286428530
94155263 4476339711985
43617 8135666922008
93882191 209656444467
171 17813843695807
9219765 28084529918517889
425 538081
365190208 464742930928849
64 477524193514014
25338 7447187129079
909880872 963367919
3338181 5487574
46 2086607717
15876995 44803570
2486 8439607797951919
6304 35557188905
32865974040 629625731480798
419312450651721 8661047657251375
5171 44561318681957618
6 8
68438814945023 80893949032152
8230638999569 511111407433648
64 26114005575388
7 46070309981144
4875063 750670437
53 219330341686
216 65425385
19689764341 7206360316476
11 9457
247978537 1010129992
514 895872785879778
1 17048950570
87006055225707 674379340038709
2651366 5654555842149
9235810 163412611476
8606 87631816459260
428 7930185216
25520822467 938607110164
77 1316312
7932808858 378690542996
643292 4703594397577
4120 623367255094
7385036 970067803225507
21613965 7755578094
816 54299019101497
379 86036174302
2929 68197107420
53005387242361 95348633834246102
1 142
39315462 8607138470
3307901 6625556
546364355 11571301024450
65 1417001846
93110 431665021141
661 1646456731393
825 4476258461
2072423 629308934082353
441 19453683479
47 928
6594 9003546663959816
25338 6425960891016
3 6169938
103 8690396597
28028529 75048098
681 77155
835 1094026898
764942 6420357882996134
2207 12558
4 55
67255 4507407699432
697074 6277447198179042
672949 788175
7847 193530561
829 981
5588482 7439724103788
9964 3217352224955225
9009 30085269083156870
80309636436 69714067167363562
22613 199676
107560885 416158261477053
718531695 870917912476441
267357 922111
577981874 2188723345677
261 850327
940 7380399725191
14703 34045
961608982887035 18452403632616147
137 8018
95812360422 1164147413436
9 9732423972
46 1253
494130 796331768276
79145307 12938101640558889
80811036047 333803813782940
872 7012269318
65348665798564 13263564034548595
4235 463418589
689 407745510
458814138340403 31085865421706798
48475 379156247
962 83828444481587
80259 886452636
618004669694577 926888665291753
323 947185772749
13380254161 4876704384778
23081 66238
97592892913639 99430819490140
3 7860168553676
89836682 86828830066817457
1742577673 243799710862048
9369024 4394372676673
754648112 56105700154964
9887143973565 8318979235875117
815 2793836
61564 84706515630130
5702 9459
39568580016 1496047503836893
5 781497655
1 60601
6569246906 48503624991
4 54087716519163
7664 67142
7300 80716758538
36 631873
8661 399379388
92 92952748573
989218247253836 58652413198861099
90065782287 6784420651542
5236476633 77714791736132
39362217 7443906275
29488709 845330143
5 66
877544380 53059395455226
469 20229993273218298
65 5325848689591
75 2918257647440690
141 5788481407
75 604641003693690
347119000 87194918571774
296 2717
41447 298209866972080
74126315 841742528
929 3645382439
77162 975838368153055
6985 93407858606760
2272 9019162439352
928209 5064346459393618
4905 9707720248
89537 6752213158056706
16 487886
717514 47660170838
4850109799060 5857585265061
39 7092
707 479242953
976286 469051012751
7 8
6489756844032 6994624062781
92 58695455827147
88 8274913943561470
79955 141043
8 75717001
107999535 9915904473285
461751321769267 2678803300511256
3445347 77962583
57660099914507 569939459196456
65397 875932905866
82 464777963440794
8768158 5756932630
75 869
972418 76477334993211539
83152771034864 513469352784545
79044404978 185022932272
56897063587486 444297594719663
4540 52982951
65 107409
554232794998 72367860660289
128097878 46143787968678
40849537 20489668256008
596196856 77454357956
80015660 94992023134763668
81 8723184314565005
6376111 8506531
6 16732490
174 87864360114
16278861 100517817
43254391797 5528305626853242
468513145 6612796626310
174126 15216822566
16330 30886634945052
66142858 41465931563843
792555320 47950948306
310 270118611800
3085077 6427434345
2487499 81037312
45 512656309
30899 795426799944
38814 45061673584
8354531 72304882145
951328896 2688234328
38 39269776
8906314927 93231315693
840132873285 2649887830283791
6149 19718828650946657
7760267 76547385
370039 7334751
4956 54899
3160376229620 123539361678904
1902610967 799164090387
5166381 7236757995
34856568 17338991935
10036519 8874344425763
30750201080436 58577122127070172
27 277979405686
59488 83507846847
3345 579748365
175 4287101269
2997937294488 18124968931143
85574469310779 5269720321632361
4887276 1657547007729061
2021728 95177485
15995182 12203286951026740
164769 74987696
2694295 6256853
167338 190186224673
127154257312 960140871357
984 69982480316808
7 9038503940
750261 25298457450946176
90542497 5584458562
59970331019 775434308104572
954 237662784895551
1719813586741 57625444402368097
48161 6110545
811392834951 916872213471472
276 83841824
8824309 61224336630686
15711561915 6310809302726284
42 7535540769
5497524 551271543787
10218740 8218645256798
1552 47026800123199
8556665512 60152432058821281
57 600166361366
440368216 566373059
8225041 170028367928801
71 580117776
37 515248772145
277529 5754097965764
9 64455901597118
8 74502080765
659 62286
839359118 906324440
49 44244830627855
165 4198693
67584 6716207
91 1198094
2 203
1318 4196507443640
5874509341780076 45139001527903492
137979651 39555716717436
6 80962827524601797
12689046 23402579044564
3822 45234
531 4985940704128907
856535 9944921
119 221721528
411007573 17970008497328141
82655857 14053742772612
2657283022 3225942927
3 9
589859074 2668134806
615533 6805584789148
9908692 513782758
736 451427051984768
8 98747724
10 996231396091
16 90634538
34993 4805867989008866
262700 120275297
66122 9064245
16 8605368454
2 6932199356612934
885131944 126702269834147
607638818 325200946623774
93287 65763972523
4012470837 90559208133387832
93 653644471
53722 204769759095
1730 5466488117560784
50578815375 354245118481611
724058148 71126640371
8 2685334
2957 89292516031
586724 779559
654 694
8667361668 2508195362458
2526951818309967 2589805367838323
15223 56427215
4437 9027865401116439
1422 77686894488754776
738194 8097078914
336 34482824577689
200100 9104327
1933774019717 578090091031465
89 130380020
47 5858060165
528 930425553568
7845413205492972 46046556377023373
274917458 8911300543817
18023673 691185715
72 281
1446211 871672503382632
2705 6352
4433 48336
86 4814
703 859331859
14 245203986325287
478379 747762292
71 110721383
77 7541225
506443075 153842695860928
717 50408956804606
813428 9170934333895265
8897434942 41713316608535
3 3758
846489093 986322921786
95183829439444 839931661727978
79009423917 7987214023312207
6527 894809150592
3732 3033227477761525
6605142 13603398620952439
40937466729827 9786335654627053
1372226053328 8274662302241580
604392824068 3647374518325857
16782 2017298
5606 56929
8 3407371060
13 4808
30287745 4566643634174003
54 3755331089350013
95779546015 65240906004239451
98 3754336492145
2665789111584374 51524880901479365
948 63966
60025 5260334912114374
8610375777944358 81462041477620043
2571240964311 717054949965512
14031158366707 32515284696341
432147 942127753693136
7 993785683906502
76193652 459580158836248
4 4808469290555084
176 67435373732732
307844264 68353172741009566
5 431406770432
321 111071598333709
3958150 670049003
8818310545776 785105250947752
76933385243 778673998348121
6 86494334239
9014060 46591856
341401 6458747171577
9755794865 2947077647400901
4 35176746514109110
125 96993741288
6562613904208 6807315228991370
950731243765 67556891232423995
2033 9509
833646122821 64321897800342988
2245004128 6583895777823212
12469 7826516
39871815 5523843815275785
486 2233894
49984771 51133610993540210
16031655 5927438784
32 81361276
50323078 407257064
3 373854023905821
572 6497997
24 4364834265214542
6 7677
621167 6930003651044
110 917476394103525
72664 4651585
9327389544 917336822072
78956 5994623779
284 88520949
3 7036637
5124255077333 45933826821781
208711225 700781104368918
33141 4028350162361
83 52358937235268
1755478011824967 16930202881836913
10481 85161
82 36821842
25 3622751475
20074 689691495880015
4561 518386
785586 176371173
920 358811344
68121565859070 89018347777732818
93038805 5007388292409
3101881 7977077261
9117 982896732844634
508 4297405236249157
2 7470851129
61213688299 679663322327732
68889 1588307
494673 85184937262431
1328351 2273114608
658655 41549591429
18990256126560 20943278986351
38 1765327
4 9272
704751089 29328091464476494
751957 7803789913732171
91449 6850918
1125116 695093184770907
5533948 938481448
5044245718 19724138914410
143223031 258193357
1 1288394715142973
2905429725 454757624997317
31643540 7201712459
1611729356 374621032152545
2868112267702505 5379853925851632
8593 885912448226258
362796492 8974435226460
6054 25032
6210 824365
637 82938852023
71 5448095
15625900568 969153284256381
256035 91485643147
27 52
795 2364
159618108 98786845531045764
24742441418149 749901570180490
17 91482
94 802
845 10374190223893209
3005567922378 2375676911904205
96711382728608 18327118208640496
6934772950268 82115418594118370
72396473 3565505019698
65 48660348899510681
177663 998047
37 93348949836933978
32071895769315 70205911438252
147959 5433374421046310
44 5483
305 29713079391
225363326 468319333
56 563814
7871212746120 8748920486161185
1250738809 8323756592834891
147764937 2650176922636672
39849 8289094459038276
75 4450380349381005
335 7945194560456950
554 5406656
4200 57894509527076636
8 21301
5903572 16095514510448169
30762054322551180 92313579408567843
30792149257 4368616312397185
38 272786603649919
32930 570595698466769
946 951425441397
815071028 8415177619
2116424 8203618713774
29 43363856804
94513257291 73369493949346936
9 9284454
524681293 857000807036441
99 952734953
23439040074877 7214194923263914
9196 38225092385526
858295 6629338143188617
5561 10908115942337
3 9027137064922
1403 86314652
86535884849 3364782099661467
22161250396 52597077816225252
76 5942832532
39 5832126476984453
2344 8708316207
5091 514890771515264
4 117
2 952636017205458
693696642 1455384993839403
71 113797460411
3669534150486 56117522110852
6 5661534755853
5 9523087891654
85206 12710763148090
412026672 297387906005856
4810109488 4846487889
6 43359002
66740 78457558326449
9 4824536557
13 3306249
2965485 399428905568
6897235432911 6931524574372010
329473 80499610698708935
48501335202 5893899918005
21635 1665473976
84 825837647369
7 890696
69098 606753018753790
540503216967 85937745865653
982133 4115983736
1 5623031998076301
38427 939910
37472723643 722530392202162
17156398706 32329013766529471
8443855 3286805479518
961 389209864630814
740 3964162
4368170 98236637977
110 6863949
428581 4925621524002571
30743987805748 8249698835020157
90939 642152145639
67 5581599
478004310 95964957021000
7944614144379132 84093772582134333
64 1910614048394425
378 77870783
80 358653
1432432 7909083202292087
70365195 7531955157354
6099 21173639
9486 762337623250197
1 7277935445909237
7582036548 9224192830696
7447 61468692034
8155781 232780915
375098 3517243
60661 18855353511
59915 63460631355631
3 7
29 79292876456
6631915038 809179010599
47068751 6497601164478973
143062348 6694950826860
861 3417204184
111617 22937597
23985 55849023126319
3099 2771246234764
300752 1731158063
95994 8245456
7 90
819 229661
644941 153598115
16050916 23454601562757029
9 70
93639363279 759542378833395
9480195 68217750626
37 726772221
5 98460403380563
67465 115605
2 2638252488493147
101647 528771945520162
726852 1978671
359121620528 983584423524281
25630314 79375779806
29 6327509
9 48164814309290007
56151346538 4316176230432335
361888 627977420781455
8931588215 35538929905102227
333870 37612780
21980661 1054044577
19164961952 390226703955
7540 42626685827699
9160021 35159905
9 31022243783
36 27870822543591427
7 61975
74 697374379733184
491964932318150 4984631714243667
5733 25195258917775
92454 63882776254884
29 9232005131691949
7780218147 18650390156461996
623532 1653203514
30494030922 85595718622327
5827 37729
970964 43458620635
7 720960650842076
2823502223 863162988418
410988 59814859
2588476 49962257155866997
64432 56528540262
432 95523191937677119
74458182 578993528639788
8679529 97927369068
3560210 387864928
8 9785970763
195 4236448
71499559500220 66822050721580235
6 26253487688248
3 108435
87 9288842
66 52254861
85059 33971019
562 8892
900018574 10716013528480879
28916809822 686286566712
1193 9063691585541400
61231153 858429899
636066 69753976
270311 38206121
280360 5911907
464 663577605813236
65214523 9980260920
47 93148869
16 11026
7 2791391729
3557560 641257527339814
9989862403950 870490738713461
782030845426399 51552614219189899
9 63677106288279429
929 13222348715427365
15 84258323
5 48041558825200
651 272215933
89892437 154074271
176808950408628 820146686549476
20 951552257333
7695 43229025
200 371030
5522738052 1472253708029702
35575570442669 62659876379090757
2493 2617737487682
642 79841503162419543
6736231 826094037
566161 76035578194396
567 401585188857867
5398377177 58195966596253095
52123 129598
966174749 235442138470909
44038 6439757687051938
8439746 54343347401506386
9828662908465 1681439139780446
314 6793358576
7 6455504
94953400555030 32356850495975315
7 50382538033337562
1839195 71603578748173
3210469 81134702643738
9932049681 3530861297991756
804 35444984382199174
12 31005771486
68230349633815 168563266645617
539293 76796258
24628227358 711466032681776
3414 18410958968633
106728753 6015690453649
452108 881929893535783
5914 5312965941
498365096402 4206487950628
86332 781572078389
12124095 57952179673
72672 30671469
5139021 5696334557917
817470 83326785
97739 55086009
543 5276080049053
1526346 96131849761666115
378757 584809514628
44419792 227665872228427
438 4826734176167505
83126804 357397725433700
468080 537011198506421
2110 141078
99 80328826579675475
62091669 591752923953373
466073 7400507636
401520257 8396518625419
57 853327650
867111 133896806012
4484354001126425 5592616093305971
247778882 8496765138
9739 60920160058
2 105767653
2001 85698519713041047
236 208231
667674704126 741164354190504
13760109 44343247944180977
617593 663062405324217
97800865480 442774999084
51570 9744491
3073 22293
22717895 887608972
4485401748929 83168551876074
33 699226
128060 222096
3737127028 84740342554
298 367424
6528747 53173718462833804
2 447829795638
968958155 975285679622436
5090746894 436051725874
283973641437247 69426259741251631
7611 3534608
97 22716459097536
953 5199097
1878765 47721922
19750650376 86593025254
110 9641737
140 4864
862387 729852050
39039089720367 79239183178373
90 954
656771 79061355486381246
2083 4261857414
2761 798391639
42 5131000614975706
358789 25310328
1088 39515400218503028
2 478
575 494997107830850
180994863 414023260
160 9355059284309
70 5093061611
12685772 73556028
4 60342170303
48019 176436
6620563799 2836961271685
64100 385541
7 45588197
665941 978191
4631525 864494726
61 947
496859121 154073057471
7 918132865537
3 89660838
145205458346 9268999923301
18880 59356534643
6075633199 54407944978
556135323 437991180900
98402300856 535465412406
9 38600
46348523166 72577723900086
372297186 428937475911
454221 3651837842
126510 38914432060549
5893 775620
9 71574386031257
855304109 64145408154659
1628 944909507754533
460610308 2007141155617405
55346 3330731447
2724891869 387153237287285
844 2312421697
278821 8888964016530071
9880420 91862630531191
290 1799599543
43214384230 45023398561770048
62395734379 54536885641731957
5472840 7645578
504151457 95229515561
882893417880 91306096541083
68019 576233763593
75908680129 9788020908044
759048827879097 23218338929248115
129 882372344906209
30 2438676618734
48 7396295494187183
445650057256 69358455993795
37085901 69959529174
8 8942318877048567
1668676570449 949231200227112
48435284448 84748350385756891
1 12076
9436 3626372264
558992752097 6452957979668909
210 752993482
3277445530292 7123864929865877
1936394024 7886921805726711
516024183541 801096645040685
4546 987827
2869 1857893178741520
69 3430497090051
50 53092428624
4811 8388659
183712572 7131354855197170
1865490545 416624706264
637 780
3306 65577
