1000
68277 286215231
729609240 6128570782
362 85191930635
461067 725006592
255132 58162147935570
3954622 79242401270352
9333597777 2162381537908
5378755090 68577980525640
23370 9913078775446
191 1323924246665652
98 37504
307494719754 5297762102107957
929523840719352 80616576873536756
44788652 50656641178
336532101188372 8811924665473259
583 762529105039
70 8329408
839 820204
2180 902964157543
519041702209 727742799240772
363 622811748035295
6 42504
257510392 8697297571
74 3607
98016 56141739821
165 4993275151252829
2709 9572861391688
53761 145267907
53 992015
80126433585 4373660106018
4279142 487920741646
606 8284
3916850 40359757175
763836296 83461723883
96465068698 75224619374056991
2382 25997479528
9 68673641431696
263 4903148980
56975 2186834478
69 80
5 154
12861733 5468548083
3 2244317863438
88 515443493200634
116 90548
652809553406 34244741078968608
2 237
9103185 231139743908971
154252005118304 77636840965141296
70392258529815 311318748065604
553 8628905
8499 5294462203228
75361451 76377552
9224848 803714543218
3131 765644
9002811 6010574984
958853621 6361481512213463
13520011 67100238379650892
407462 831161
1248186496 44056341338038
2054 1008754009002992
62740148278 38130126536457968
546 425995235424
303358 1303096
73 205751916
74734062894 4951796021278900
56713 958737379440
173885885 5855580736739
807 7843564
15 26221779064
495828 67708861327287115
6 7033531
2112 51829
10566677033115 86037719703685
630 78599294999150636
6392 8546978
58484 50362686776
7 27
279 7061
866044 545983589510993
44 16424383559463
2638003151645 64454516827355
51776788 17243881169534
962773671452787 45470910866466773
89 89367926619467637
352273653 64461639666506733
6 526289
6081662 47992546475129
3942 4158149901651565
5 306928
6751093576 76102637382
4 88006193805733704
59 7880
615222122 71532007599
570 86618843
5624592 37420573027335826
70 23399615557820391
1372819 106658189
6805 71026
50 22680863739797
61263258209 239031833658
5861 924028223798
42284 28906241
158 9793043447
889085 85727362
3427683342 270227947501291
6769 80842492195
7730 149536488509751
2182742 81392058
270669198792979 42116697989138697
6429390212790 35007996303421
639352764676 69732001966020459
280204 2640843161983
1942700467 941404768641
42014 397134330031695
21069 339371718
58300223362553 97654984138825
354 185058658801
35 697535700259995
4225 3098201273
68 728
5056709639 7097002106576397
615855 870001702134992
3233 64621139
2 2573822
895262 2661977900343668
9804666 734472368755446
62768720 973055990
72 549436000684423
29025 529945
64 3046207669
6056 46818848
9828175731 3399935192399
81636 8081071
3004 22032127071943
163 85792528105315
500275525908 96555748793468372
3279391776213 3410295086444
8753122545 6489090207383
191206 41747101901804
152693504703 19103840272931042
32 18128412545887945
7885829 644771694
59 6213791781432
681 720667
9 4348571465
68228187 7616286538
897446285461 66640017685467
522113 7226882015773
79 377074637
8 33220
9052836767 4664887117814
3370285681277 622844000609310
97940954920 8559603805514
5543 402264554
5713 777026
8 36491
77 5955722049
9330658 716705038212133
526677521111 265589635440076
70 3876620761
26 64411239704
7361459 255243628299
6251295456382649 61336762066162608
5 192958452002
42181507 15688473424129
41320324050 1109906020957
33 324
35 314933415
5044361 43067991355
20 595938672637
207537306431091 5258953730003915
82276552 3279482961
659 4904120
9137810794 9853036655808208
374 3769886025130433
51823643 3246056674436907
4 815648
6257999661120886 65447784543483600
504 359050
267 64712366806286
64 104582304825
381624 3554753373842094
3622684875 521078463990
579263969 151558120530416
76 4336254541472987
1606852 1089739145313
5875 63987085777765
981071878 59649457147
437 8628028357635
105344 53070016
1 9996271977423148
2434731832 785974713820574
280764066323921 5082127500805169
32131994 7513285465091
37896 4830194949801
242657756 31032957717903
52865009287974 9701232722891821
6 42342366
494284 498710823676
609042608 5903100801685887
16002095531715727 88448628136063965
26 61
657 345321737110
64 83
19250500815 57866478027421156
23446851 1519375177542
1184 36486750
69 57035754519197603
1 96946286812816
5664796 55688666810513194
770831 6483070669245
1872 197651340876
41919 562994995753
54503 8928618895363
696990 6339446
80 819835190574
43049503 69819983966697675
7240538118997 552787947460381
5 444123590
3323037649 654205445206316
80171615660 1230766491623
198 904
5708396528 7063823917
620023 3131543
38 69228800323068202
15260262683 7386566789921805
74608201 7980723500189
4495305240842 8140946972591
22315714293120051 52642466460986117
112307 7969090
4 713389
993089 9720108230
102478 4151118
8015838004 66167161760971
32 632068028244500
230120 809336137
8469286788084 82332716181387008
186 890463281332232
40648440495607 504729061683690
403380 861531278
9593855 88240931
5 5
9639303 5127632647
998630 28317824
949 567941193
8 34436
44 79409250064
6 154864232675
12 74
49947553 194073496883
87351 4521417
427 98367627207877
77093 9583257518246433
484561 3495730781507
1 8179
380 1061016843382
519283219 8321048149
2 145695475
86106 86869
6933046893689 8632761887245115
264753099324820 74637295151143828
8 97894245
438925322843 9617023811065431
9165 37046
3 19997067418
80 7311038881967
680852747825529 74908068049028316
8 6984901550
5472559 6726542558471502
802217609 1670386211455
743794 87810590747549
8 4525960652002
149 362458
1862933 640087238866
6626 323305
930061 499112228079
5521 87855994838270377
114 659158258
5078 4408502330800
6906377 5814154914169
69699 29378633
88 498473
176472181299 6588132682314151
51 153183
217 233438
562767170 570384437158
46827 365706766489
985 968907
5869868 3492627212175
669436286 32870824239868090
15231 55815696
1 67782170953086639
9084091708 2399391684569
8 49646942954
43517403628086475 52695698726681278
88 1422998900718464
360 804379
869907505 6687775698
814 272896198934
95438227312 664594778657194
60 3765
4943 51957742630297503
652 1397052863216126
15 46109404
15931183 411731584
66 70767086602723816
6804 611544649159
8741402583632 54858169965642
807412248 369201371705
50868307 947161855
578401311 8161129446750
535143 5906672960572
4 21201727
4 7979139621
96187149830 8646288961181
6998227 766863709
37425797898 272959018078
202 16145704911123
17972183228 29486383193010
205146852 6836137374373781
778336965235 7615713889634804
873 8005987733737094
6773347 6246620628
333089 9555848777183976
657 518268
93220248 254187487583
66 383377802
647192 93730807
664259824 3652152789681814
1537 775932
881219364 2069143646307645
692622743809 33402678214711578
62415 37270446928
234235 7251318
424180 19203618510
16313 7920767101002
8635265078 4485971813773
54 2841498
3 868541789278
65 14585561
93839730 60905512149
148823 245264421562
7240710474 43411809323
5945 6969320623765144
64 7781
1157 95252
15996 285232885442597
74 6028
19759 77839189154
714176569 8770756664809
1733 88964033512212029
99 17647651455990786
931045286985 231047596415579
9 6734030559149924
33189795296 33344841553
44309747352903 3433699220037282
9 1280522
21983249 88407881907776096
90 97
47102056109007 99186706522768414
70 2465146336
2 380467694
1 8350915153
65508 8283447898834805
431291 883099452857205
13109301685 4637832572001
163551888601 867222734876235
150923570 181255492853
511891977089 3477420147131
1 58940059180
3288 9781150773820
6898 84399400
8192261755773173 48969599119005734
5 30
431081 2247521191272764
2008498 34379722199712025
238 1004548818862
39 9215499671
32606781779608 3135713111733473
511 2624819358
55 78746015
5135 867690705
4688 6215366045
86765738492 88810966746493
64 242
401 483238
917353454174 8954712198254
11 3044
7995722 744562816
994697 25231436081204
494 2141636
17 45419823
52681 343561
328708504858 1969846112439
91759936577 39022521527567
631 2384585920155
87555 4831702
42975 517212154
3 6
4 453556659
869176 95750024548613
93308 6883670684
1384230148900 79132627530216659
730424 8833999
552238670838 20856018449272
212766 34816866
9786 49523470619756528
2985 31760
6377584 373428965028
3 74144
8964527313 688493461235908
2166404729431 229591146531661
17 4263521
42 150087859522677
6876 236658832678976
419141031110 73736193192961276
6 2290
79 133
59020 59682776408
61070 683707130
7 16106
1002 93087
3606814113480 7626337531855034
7013849 633634226079924
79625031 5601699957
5202470416527 51661571824030
8221005678 226721562901062
2 25
2808856 9295969035
57 130377116997
42 36153
5155027 73258906771928
2 366391
2120 18939958
3 2939268
7655 4048460
901318392523 7123869534250296
704 450164
17519959 4600850048550156
8 1256020135231
7491617 235203182839753
959260673668956 3740050591663433
2114 780688824470709
534694760658 4862238937054666
46 4457
79341 17917857470
57670556093 37629506266463
481407 28719778743544036
4555 169878568421
31234025 2741562478666
3 32709930
37223100 5722257492434
631 500219
238 48520767418851
327997505 98896628130883848
6915717689 24692999760069137
9307477543539 86725715537158
215514183 86606284221156
52184148551 8303365432505634
40990238 6445403966187941
581 8560
9 39673149
73578 489309
46723718920 1555351493362
880622379622 65517303048078
5 45943166
188 1440795213
26726279752 6859050429952712
914 9294084590
96060046757 17564439276171
4605227614400002 68299967322442079
7353 93798243665659131
57617750 500626102
796927 1243950
7989061 986307108024
7282690 18285590869
751961400789962 9794806867327624
3 894853
4593 134280553
82 4886873848
735 26543
25300367 900523225006994
579438 58092329547
92557079 783564013
5 83785227864428
376515883206 941548785772
38836 401881
79227 30748511259967939
6612779 4638917827224
9392755380 3874026796557564
30119 31990
58210582 677726398981
47662771 3454686718
657595 701845115
6 1575453730892021
839 245373068
340716281 92794832217
556937439 97948097694
92028286855 142886950549
7253 188166773929
97 53157
52492956324 82949441336863
1516860 2358103242
94042313992285 49372820886679452
926948844 4320583297
6993035 4922728524007530
3 822163204673687
212867373 6993343638
5 25083543351474
28592 2697219
847934366 57412058539905
4437 80821048091
9362801868344 40519217649030161
370435368 6880090874335542
6 8389191390
836 12599203
166190681904 88456337728019521
411729 14142481309
18345503 3780950041
5580 4374355237287240
5 994369498
466352807 565449942856218
5804365438 2680386232444
3194359223726 26644481296270695
52 723394613340
388317 5835292214587
8806890870307007 8823428841426175
746 837773
914396 572842141
58 2236
856 86820
20504 7861509140853
32938099 1580118319937492
67 901768053083927
1725710659 711087902232
55495 87194
457848779 36800333288
77 9535564
173440 603433768
3883 491052929
35178 62174
15211 46553566
32638986507 15479806289996
95 1969
669475173 633982873771
6294601 74237608
185 81878
778512 924624066626865
932 61352238
6325 1810482809
593253 9301752
18 619557
385339 35672567877
47 490682462
705 125814352097994
48093633505 4585367952702380
432845471196760 74924570267638988
9694 944768565
291 173206163862
3955348 58887364400
50234 84414
4480054476 68791103025385
70293398645 515798379343022
203 806299103653
75897743729370 762288690893656
434431 283732794
992556 86443343
72323 568688723319
253102029 798352665
8245190400 55697011901
866244 7143852924952443
7 266798470812
26 72626031497
818 9436216192810
52696 304593
1 22908210
43494 9060152378
5236 325014315336461
842357 456508079053
3529 91957
14354473 41659074860923814
690 951795
205862992 8858288351
71 6676851
7985548 26348252541045
65895 70183787
487432 828442978853503
236824567943683 23111357854297042
35203 68588035648775
1057 81392298453186
140415 98104611367192
4 9975655057
3278219 65320211
4237579271 74585432112684750
426394049 906401173335600
1591964291 1524036666272419
315489 237715007428
841 887798
8 87056183
6300234806487 88027665981016
738461864422396 8563810478389618
6815699324 1998038098179951
809382962 7078189349357526
974211883021 3448767786812
39 676590279
572 193936
557398848499 9684474956707
52912 8096443
71369103154 526159345719963
8983677036145 25418997302477
46042322215 811214397186
20924 2357076
678139572133 717650420199
785832 7684386
9 796523
6851168703 62813726704240520
6194 678537
3853884 69104425130
42 15408105
53949393 1851382352
7778003797603762 27115830754299468
3886 230128376
108959 2501658405301386
81338261261 799222070577
8 387070321
3297 465997294263064
9056140384 62030174245464
56877120 81463039679386
101405 1245157121
39973 500009121462
2966474 76455674
5 28249561045274
483893053 19794069817
628 168812552061
3057 9197872685
679745173294 3880750676557
440490 8409144000991
7697682355 5761722223587610
66699 817096776104
7176554 254877707696
15 47810479453749
3331 5022628957767
39814 630509934
901253752 57389928075065426
4 99
35 9084936500966480
5361 70777
5176162753 9437414470193
773971353028773 45414150545881514
22 696501
3 6734412911166
95 9068640065265129
40980620887 237848415020
843169697 879922341371199
533812 7749936242
282 5513138062
7336972 13763891964
573 172054
47977900257 1600786376691512
2 6507
5 474134242269
688734 281106349049748
51864 96437
4 522763
73881874 63058934142768
44373339 624007731844611
313314858 488116554865131
543722 65115624302430
2427250558 9713781006
4422415148841 8214667697314
68680847635 78755327760486361
90227 374365124761
369 977371
433 86470223
4957750 8222699368660926
8 5322144505
445105 24953620342
6477801284951 1356590645276510
568440888475 46882684249537
58604667154 1714318948742508
14 687818776729249
27556223 4702470307762307
26094758 370292106
25 3410162625
83081916 793715684
6 232496242693284
754 3716
3079 22328
85028017001 907396616301842
70 79931
31 22588922
67 3847055564
14982415 7224466123
6 42092547
95908325979313 1413217202941251
83345761 80535784597838090
192523178 655626936952188
448255 255666791
92 7157221521577
9842244 53634046431
2 48174381271
483548351 3705660701763029
2948210999 6934566969564203
169755698888904 60508588242567353
2816 50909790582096268
630 5582791
789 2736
98 31894610
27 459831542553
450 95674512834183
12 85709452951396
21712998336 3263358007530725
987778 3092383909337
70340295 2701228472280
953 4691283625694912
1 9014448591844
920643 27510355
2551156066 88131104330
7 8
37 178345856
46387 3006458595849
2479827334184 3390367906202781
18292180 8705264260664
658288681589 732568425109020
4538 679151148073063
646706 600039071348
419659802861 1158331770146736
822 65741231471284199
977591 34180018664
6162 36267160304
36 95043675342
613288 18539135490806244
57063759 4123799642787246
618 9500891
481768905444 1939830949991002
20 697189845
893 81292602532555577
469768 52436329
7 9215468
97 5112999
30 553
2244 59849883496
7790463698061 73600220819663723
731694 844756
63 17735123772211
186011703936 42059483071722275
33421224307 88759133204148
1049046540 1225563096629846
46868044444009 5330371337897081
60 829812279269
798970 1490412366
3869 1135607616406
22854466 334031909236145
49 7439074
98511883 52106667234
47 36535441292592
71 3391186557
582135891940 11603040554740497
5549093 5506087098424533
12455460883 4536322020307308
735602169447 6259614856069154
2090974 6908511
20811857559 74419231690059
206380 31253875847957
70849318 69579891929
801843 4601270860
2770690 60896076305603
927803388080 71573599788183
58389 895714637135
92 33271387286869242
698426776 5779952962
2420014 46234141
1439056 10070056
658915561881 764232877401668
34295122883764 343215734408536
97790 1165422987164
8 6641119862147581
964826995676265 38754302014189163
3153248845 3923346954993433
24775 42913169728397
1 5279
6 66018141220161
1948 538230140402583
4754915396 5049277628770173
16 24
639 3804
188675 431944
7265581 7411511905082744
56389 88852945502
507 44296253151
9304 6317087540190
59237680853289 5114686777952092
701 7588
83478980570 4916438683632
43709554 8506396567
2816532830598 7232015669352254
22972 8096540714
627001286567 9250993592156
89812 123373
9967104193 62807642535087411
9 741471803172452
41220 1951421206339975
33099733140583 1527827592605028
408593038186641 38115628445695377
36 795673424515
1 58094553210965
52720 949292976
607 460208062364
495471 625193
4602 6947249882
32258062 3958373431
8047590314 4883700149009
5 4504
594806955451 912522839417556
66158873 5233100007945
2742 3777148484734
937643378007 665265266838007
417069934592 1398012096345367
2240420 24868781664
674626653 3408966523
33128186750 69139416828447
1944997208 15883998931743
3 66033019027979814
1406514714292174 4572599670405921
767644 6633667881956601
4637941816 822724800403251
35 4313207500139
268 6021175
14 1928152358479977
926 16926349019862355
640759437116 128129037565205
7456685 3962137190003843
4478 6036
634226 80013379855617232
74592405029 468893362140
663667755 972015262
950 5321
6024426944 74022890563
6 51911
72060703 61835016770622
1187249411334435 2929235173545814
4 5197
511546199 815858913
894361 783223453
8 90289369040108982
580802 9858880695487
59 70
2128839 4120908
73 70815292
236 6004512827
5638803944334725 19839812551894175
15551089132 71667477861
1761913370000 84455271046734668
73557478 6493828748749
8930134 3539109953883280
8564356859218552 81381437740932580
517 568554879027
53261 55360
891529947473581 4376341928822852
83829576024321283 89490341465419569
74 77683327395480975
28180 91565245879728467
5 461505253366777
30797 5915804
2828645191 10605296355516
755923 53518712684302
881658 4429231
23 38000
4370 28491
19386578015295 85148775726595
8085942842 26169212999669
4400520 41930579
6024557 8823738
28190602534203 96221717409895852
360391 22822296618
7605314750 205215283711632
6109207 52828831
83 30415874391
8 33
51366152 1184024856259
83776041262 743621071824
21523407989 33435009897
78797958493 994818221677
510 117375757976665
947352 235048233306073
74731309166 7083344746272264
6286 196387
89 821804160
19503372 516677806
521164 959222
971726 2029047
806163842 8962884298422268
291 6408197305926
396211330349466 4066048996329689
87 8378
47582 81890889944
73200608678 47653282010903193
37752373596897 986370572490268
2 33173622323
8 5582874
3566 5015457183
8 668684
35 1182868458
952 525273
236285822 92740468861880666
71040522592825 4662039087864062
734 432723565199329
5614218256 8977629554011120
858979444565 51488842934417
559567484 5857905900
6189318813 93348916516575
68181 994634
9778771 82609168
931 664254
7 7530910958
793 4692902076
2089729631 59706691277118438
637 6805791
7195383 3627937398801544
92255 78492236310
76552576850162 5606586512959692
7253921 84172843241
448350515656 96356857692844762
34582 6125431809
87 616243426283
2 859211
99002978573888 99508750596860
5870079594 32381392511328
4955 382567
580405420315 6440465308425
70323063458 984942442079
53828887 7983687640266
3296465974 62800422002
30628423 4240892751
683 2128542744086635
69 983295
82112 70548995635604979
3424118543225 73659811529441596
905 35168385678548
6 7705
37902488 913918062415021
69 3453
6 78
2201 4584464
4907 9048
8217 655077150836210
5966791977590 303221240844112
9 76
455022250291885 9719713326583542
54649976771 83879583708840
6168642462 9042419820707521
27 54385909219
8495396973417 81504355468783
7039202 918970826
66514 229404876
7295833 48109940
5358151 660135275
43874 351984
878 208253548523
6591 76587491983700
583 45137659355624767
80746322562 159708711784
88741538 91414582
19285817284622608 53835176555945883
616561528512110 76315999161968241
354476087 12221037610149871
289 51539
775597820 4650919702
398828478500 74435623511489
42 422186
104243101 61465460464
6 368734375
345648 19306788172
6185430304 61778358763920
52800 84434243008050683
63 360892818
9886686 989261888
8 84
166 4877330240
3478276 2457996406389
5311819 7619766363811
89535 656209
90460179 87101112041686713
4560 562874
464787 7196276047
7323398845461 27606727601664230
84026716994 94525301877272
1 43811086397289
6257 632021988
7688353 7587699662734
73 5554
51180970 9240996795048275
2745 634413821831886
350110585 107612634567563
4 6887380696
817 25822489
105600 14915131911401119
83 94
613 6002745839
