1000
478 72915
73688 8801548
677982 7736296903259236
38563105925 88494274275
8 1859990314788
79 96254
9250 349813436295187
14 658924
568916828 1092228580653731
3657920 58682776114
8771807 9793674061773
2858216 340319532721813
2223891641079814 4492446298529261
7 284
27699 126540543
9428601 4405820718
56189401106 249416931362
696 6592
752383 37186575976
8 6648433
64083713422 9972302888527
2 463591
410728545031 878404744707
87068 901183480
9818 2994937503904
43 3139427343
7 19328852958806107
364899431 10834939336
9957 58949661
8357259383 1556181077153
123 4303198681423
966276 1062874775407152
7611068 96266653295110499
34168944 1215262692
88 22758862
73 115900
137 34672618109
8121 8583378
942832 4330429956184917
94029153894 38051215322050
512146409 833540581936732
4115788355503 7748290802068
913 583116896
50197992218 89758160068
85948452 7835458262363353
3 855887573
410 182266
9 70643477143
633172987229401 49425206582306164
239493 283248083254
5220640 211914354
418649555 37021146385629041
672 897
71 46667
545087373966 754077032219744
895 7712
16078 126484561
6 2921619066
6 840749741927984
3 610891
206 1250750389579427
683213216238 3108493443320462
3180 312853386
172638498618850 7206450805000855
2662852474 611229682423406
21 4172
77012249535852 88485145467676410
7035599386242371 9326677325197719
7638924 68639693879
8845203 3292591420697
634 65392034483547
1229 586275627965
810601488 4017353308788964
436906001 36845625381923725
54280052 63708699221
5008212 23815187620
4849349394 27824913853276450
26 24060914
9724286 460588145123752
53570326361547 1503506969418159
508067 867101
2429 97136546807
6462 3110036951472
20678125 32978596507
8 145785931909
435 5966035
774626064 49910031074543721
9834693 236234125
8 53810477686392851
496 1994348855138
5432 27358917
1379 80680525
35 600273972044109
13848360752372391 99915558609361745
73758106 3770881238736
10469016 1553781229947789
438 18656172982
127 538853262
8 6553
556709 8955356080
3 691560226769685
570241687346 712487935948
6990767571 83700332912
3995498614 5717355509
7011732173 97594288385
5 6253936608
3605 714847689
3 60444
835895647544 77611491587019
99453 35779480964
4 90365458563212206
6787 88374638034690
7665 15929161143634
8234142 9199125035
14 160
50866 450195332
54 3774253314
9037457 28216826529492
90533 496649164188
884 82896145512624
5154922107 8995878423
119960934 990545642
932719 6382022184
6997012469012144 25658401842785094
51 86064177304984
7 79508669
835 39901653548588546
44545304023034 5956827871417867
945877 4279739734318
180 5845935629966954
66 93848491322160017
538 3159314990749
32406897 83301323117909417
5329255 10703875
49365089 809409721008
5 1839416944890591
901721251237 3109488029254181
18398702234 671370059090266
20920418 806664855425
2858798 46618177947867476
7473082990 17934994382200909
303738 92651959141
34 16626
328557054 585223934548
1353 96652049426949
3308052 39596167
73959898 946455514140
232434 683179170
434686122 6152737263
9700 40830967083
67727127 78950399372
1975 34471660385599416
515086868 64067256344
9158519 8686758518916
6749 263243927
9310 45336495110
559390588853 7721098061381114
3848 5397
26 63193147357518892
22244 40258
461 10277786890
1586 763986672
8963722962660 1486690587367465
1079 5420
8 26241757341
625 60926
47144246014 672367783302
56544 64419437583942
6275 2024818228877
70 425145010571498
6401102 550735933929
901490150282 8142333737300165
10 64319067477734944
8631154271391 67239925892334
770503 971404446
496897 50201461584024016
34700936757 12950882196777
781 6597786
675045 5953947714
7 215627316
123957421574423 5990148531603065
50 7479
7588 27112472
7 998538201440
2849 93434
741267152636 6029603237775
31249 81415027
51 584323136364
128201798 52429723246375
3802 218822163666564
44139986460560 42650215870952153
14796348 365741222
4 93656518662
417339730 7905582320
95284020 807033106138
750 93604
6731161308 366389422604
379075874402 557273321632567
695 3391411990550
69798746045995 1447675110787336
699187 97105433
3 638438898
14 6531404377542903
43883801360 64887929578333743
58568 382855871
700276 909995
846913615901695 54560476226976984
7 3552744
536 2695520
1543 9457127801
25024 25140990507228
18 4920
5600941963680 4052675233155776
7432 6346834929192787
2272311503 5237006846290794
7 7279171755
75 64122
5720811 9410762133
5927 462384980008
41286379 904493889
671085 52038139
3624673 187512658716
75063 12271581
89 2817523782412
1668149 77520859849014
64270 693752011558
980598 582549178151
6852084544 65916827864
815481067 7528870970
644951 304723809386
40 41297
374545 678936384
344327 76797132205406
3704926677 23159794990
75 199721660
27 766676
5790 89888752
47354450069 4193366232029
27 4668781834596048
1608464171219 2098669628486
4969822 360081947821
14578471650 982075495173
21765553 4152223968925820
245296006 782574950425022
772878 6477225403090032
402400876558803 4395640509788869
950 57612515
861481 705083509798778
28305 97682988
984 59399
270512316 611399789549
7432 884044400315430
4600202 44682737606
84190950103488 20290206753691438
94185439 5964032768
607339 68082038814
2247670943467657 49005183532012194
499664875206930 78068914391261092
48457 57891020
2921249032352 9713079101713735
271695728956406 7145334447253118
6 2085479
923820738796 65851839770057427
91333 772080
459 198895
16859620110191 92555440675136
20955611 4141429918606019
313 723493410
101 3462883993721
2704 4727932
68508 17796914237084
99 46820716022093
96288529658 1853917387159619
81 26751042773618
457155886 868255788337366
4337 2595065051
470 912871974
8744 56675012165
369852 271863121
3386580411354 69101486314051
9580667 75656890675935
5805697 22785442
6170460536622 42328995791497315
286193 2584470293881
32616746779 613341183728
35 7599
438918 40781510097144
25 94
838 91031913753
413638 823224324582
289737 824978833842294
979933327877 6436265187604
25116259598 629953227871869
1 34053615885793586
61969918163142 2983154655423063
9124693347 903284490583
243 82936200
8777 6789743678
4484431 5359783772629
4467665155 402630516686229
161155 3746160790
11 17695102
7246 85503683683
313006 457950817
631398094297 8121401834290983
3 763987913
440195438746952 596911772862193
36553 73049
4256 7576
5782086008 79321616072
2 812677462699869
345425909 17987186906843
3242698262 10582281168454
334 7373
7 975804771
860257251 670460825568219
125713 29267732
9663901946973088 65682176753298664
1218 87273
182456384 7369151347293511
472417 499144065316743
67141740301976 80043007381718
73857 54549069909092
2992114028977121 7425435312789399
8784 36105497618739
72 41254499287
607625 4174141217496915
4192 5611
4537 3646239932900
807 4213540559745374
2 16546860
1728157 13937912008
46171379137 4078714506189
4 5011431
1847 9769
90053877163466 19662732309095939
77 243228704245100
808 4237157
455719 798543914
26941 8666484331804929
54533697857486 92902555648250
95 72516107
6 670
4214 5147
77769297 876923379398220
399665 523665424306
5601 514444386558
18463348044 95912476006673
15143 640515447
77967642 72146960933587
310963900 476497410070
6112 92103191403731
576919139310535 774425642879115
8928 3142375
21046 2333532655206
785333 888150465202439
19 113333919993
81372264728777130 82538842849374256
514974353124 255294599945748
353624369 777921187078645
82 42258648869148147
8 1940
840109 6941486272078
14344968120 41679961131337648
891957037167 10049130383821681
503234826986 2258739102906407
8 9340413345535
108350 9817916
597659 75869428050
11602388 26077105
50 76950975
571 168057164
51277455 8520950149
20388850574746 930781902191768
4798 997395920868
782887 689692281
566 54098580506426
86407 7159308172032949
5602 740082734596425
2182424816266 28414110757453
55639 3070014
269020 637294
1025217243728470 5691907456761423
459675279037 3811903668555
1692721970 89191609561254
88224970010 9532354467276
3915792337873 253348361780781
26943 97176169836163
695675 8851765269
48614 67633974122098895
8159 217491892
673 6888217099595666
47587 46164022502523
192 3542
7652441 341743115679924
470782570314 89080055160739
657 16555855204
38708753 65077175
504 82579703270022803
425 2636558257270440
455 4680237481
584860885151187 741211488650101
93281 5008246032144
841487010491 31053874664364101
3020480102 436784443098951
27026 735050930
99653289 911202708
1 7141210
3207368791813761 42504008736447211
74 11000384959
927693 4614401
7520725597089 3170534559896681
8 98805372263
7 98454123
9261321223751 3751397527991135
2780021477 8862733343880
63 620393
585552972 8005560340244
7781386911 23001542399048067
964186230 61595514232136
2494579 72653221839485
5423759 942696914
18276 95592483009858
1 63444589983944219
7 298386
10838172842 90056778834465
961 12902207
19702058 887044607
5849619 90954877374345367
6754637581 5095629275121960
511 862711292863719
11 13214842855
2 33
4 856
9 30
3156 2738158916748
1 447567
47 41569
324 9301177008393
8100 603079215466
1 9672372458500
87615 870712404771
14 8918023422
49495752468044 73859160082547
23822 185665800135
56246823 94375559008982
9553 671738486
7840 600526
784802 138348652718
93091296 509649785313861
9 7446598611
783792 9924469
23 81
655 4468735795
5 515
3991 41325864957617373
7 375128761111
9 503576505829
40 871648787
78261 72564031684
7025 108046045696
588 3448294
60553 935916785722
55072989786601 732726400567092
998663572 54468000256985
501811 4617847394
698194464869024 810338991785168
8136 245646883857433
91 9226836076
573 87403352715
26901449791386 716087469347772
186585 745944
31011 935425681
18476427182 68001675356
94845928097 41540864877036
21337913535 541902644631
207 24390
9901636263573949 94776743517616426
3033868 694354722418789
4365 7248
126378 9359198746210674
7513162217358 820660434107746
8 633766501684
8 32919270
599463810687 637577650699
9783 827875960610718
72407487685 96725343443730
7153952 992735352
49302 5727163890
4952 385034681
5 78316449653875
718 46560148455955382
306508 815066
6361 651966
168363733592 2042871392171329
203061537088 1054442773990
413679 92196158784256
7 3170681
317 9474338893216
6612192137417690 76039958796779049
369966 4969955
24362 29468693535314305
803 219305102049
4267785261723136 7256771885045779
173112386 61466944635733978
372 182727806022801
4384 308191489475228
66395 348083806366107
3 1392135105
180355938 50696547026
12 71778893
699427537 43872811422112905
29408709 49368201986
3325 25716932
13676043611 7484661582102
1212848 34721763701230112
7998 42031612789
5 826968281
9 498
9555 793026738430637
3698 537366
9422478267 4871532262011518
4657 5540644
513 537809
3 7650725
627243 238979728909433
8 92099
203 9479
45457 1140480729
28812 878026
9656 923359
3 31
1 321
578658275 6402448533070
510 27161295607266
6430 10989539
78490 227085086077397
8713 22345
44792 320320140
27616005 1971594164
6342 42954923669820
23839129 123387192346260
69339378 81973356315635
6234155 86422085144
775 824270129091
598810 61915137918552
25772 92036502
60 40523334
6281 25457670
58 78
499 11507921666
33 5887
907343812 32132164155792764
2726494 8105520
8398 38414826215333
5584166789 258121772326724
84731166 3404252505498
9786787441483 2898386122053311
5975958 81498562986737
37758168 70933279684569408
136 6869
4637672288462 829336324703292
877993376 631707449235
71276 7576888331
6065846709 799269960217
3932 692788
33 5352861
212082999016910 7339587985072356
6653742970 60925432501363
2058781 4804312049680301
347782 9211331947942
1991420002442 65382173414901936
33196528540282 252481932342437
324 490781635279627
841226 408872912195
659378412 520300791033762
65403315 9737602731772970
6 99578046
14 7439324
1973597952 49024659603518219
1669526 80303771367502687
4221 67159254
5920301090 81499007458834336
5472395 53845095106
23276 71369605292720
772247 7230053921735353
498466 49129980
697 842749286
61377 35059828119520344
41781597 6228421736942389
4692 74382099824
3019 182066
8424732 1716398309325344
885597 485196617
135 8071340865062559
76210516013 59178961787256
5044 47647
2423 11777109616
5124 18828675031
2 216
20908795746 375869655790
61132 7543194975763
8304010956 8265389456110543
357209 8361853
53275098 1952767230556084
7058 68458363560405
585522021835692 680862497179857
86489519 9239453737
5523992762 36023760255431448
223148062 84583726586753395
564721 639972022205941
19233 30346296755620864
29444525 3149108875
9594 65020
223660818522654 2228379756551561
293306 916481145348238
3 82835
1 1858241889193647
7257482 482427824668779
3027514 191093671
9745 6674030949
6559 60574185371974032
74775637167 20249893228981
429739179 62102395351226
74 431672502
438571616 49274655117740513
5 1089871687349
78636542 9310842718892125
86515327 459422732
6427200056 229961366736
29951 67254777
452 91345623459088
419583 700282707
923 95650
6066477 403313518
202 2718961017742
887657001626525 29180513884649567
358 47330436
33032 598135
47550188279506 728400466609329
23 70862128788833
9056879066 19747886759
2549 1542428329
44242391380 5953692309743148
88692547 522848279
3119695 92471137385817112
80 63739
621 6101689418732994
2580597 3469508015
361070691107 430259376013
8632147007230834 58236210492303410
36220343487 605669827036
9632390393008 662205660893229
37919642 365707464445
6 857675344036773
7 19828812796134
26931571 60684884282
44293893233784 20793051977790849
6527 590169373488829
5953 48851222
898724 8121200405704248
26751048 76412046169
5110 627583
33 714772928
9328381 8176039161
148753008036137 8558752817177265
10 4745226953
5195 4818623436
1200 27184321476588
375225030 30679823497668601
1244 2293562445904
83 8285907520795281
5023692838 913805579878
5968301 85074270
1101 7335362852822
4 245305269182415
859 210974283
552 989743
2 12266974
68355887766413 7766186623440076
5933709153 845201237725
2155481674 16802298642884351
9 256
2026 94584982864084
3039770 1605273661940368
714073884309 670858454451616
3532260205307 39889637113765391
67691072507 554017940336085
74987 5623183
99392477 871219190307757
8875398 42121699930069091
14136679 27178499119249139
35 90833248
7607952 24843795628762997
926149523 446786558466
8178555 44433158584945
3 22326902
29 777626
28 33982
91 737
31 40678780560206
72020 64664325299992
8822 48846
326258899998 2472887889272
879573129128 79042424521503895
34 4254465657968
247399 1215198
8095741 7919877281133190
84405 358256558
5441369 52813086560
66739 95441
4684499439779 36468945451325
1668672419562 520215826368259
86260 98813698198376
99897 13896842
38593389153 208644232542
34 821942586048500
201557 98094255479341
47 776993596
585 6372481
1 3279
9952112 2073682133
2541 3439115133019283
34475858846257 6601123566095101
897528 47051528
2 14369120
3792696058 83737454827631
495 505780355012594
4 96975155
7524 59099336372288722
93 66811565119038163
50731009 82220213594
36182132065 204354717731171
86726163755648 859157250684870
666850687 1473150268013
1465386155 578243001546
120 34685104
81 2362319611
6 9442047274
7653 86036384668177801
41 8496880748995
99 5936003
580195688200 4832229201060157
2664088110 66363058051
2145275523 2800022838
1 26721965787909940
11 931696
177434 55414284375
111047903 33285348234
9781 1114846
1 6948
3 6479546
50191 32763354497657
21 18504226
6 3731081834371467
77070537875 762678910192877
504693 7881720429742
4605072030 82495375944945867
75 3158523687
54 620
63508 2071913437
47380718003 806305229853164
32074825 394548634901293
159 43207929
24028 163102237
1930 6928830
19 638830
3772 6290
24974174 40239281010963969
371602891109347 7783024967833655
334 2027
58945005 6767690793365
24905 49552
217152920 563422181
35546707 5264716926226
171463665412082 58152860017235873
46326 5159923045074975
78 197
51 6035158572
6667 794610
3665770600859 46678673218066
783 90820263289
49617487289050608 74499435776869942
1844 40520725795
1172819727 60219979789205
5501452663735 6413957241261008
422981143 93797315964511
27 24634307196623
65431048 691015916269
8 969677918
623602 69743599779243447
813395612348 35949595180815639
8126284527 698915964483686
4 164402
5521404125761 87634756857365
32068 970877505108
2344 2925337
2 54
7577124 389559164464
10 1475954
2857 459962
6305421 23820579335
6985715 7497960730015281
660418578 76560583011182267
5288 1419999357037
42 930164938986787
66417784024 96590728211
1189052 9632617633399081
2 294236
48268396 34288771053
5 578
69618 176532743514
1340975 8838409392
5 942224032052
780424788730588 66832778232242743
6817553233 5233156502776
205808 2577310643921423
99653 1587131988621907
6193 55163461
6487 62301732906
74960321542497 738501723527007
81761304857446 11034326808821703
29 79626563201307751
5166 435235
8924211043 3934816699255102
203 5763987
9757267 763707535
607733152 224755648751538
84 70656431299163
131675 61493476
6 576
676277824 309848636945616
678427 86570846034050802
9498096208 22308117987
8179 99303
408179 46607528348110
33943 716407
42190807 96016127
8119306786 80030944458871
89243 756642
28175596 2713501318332868
75 378709738488380
991376 25709199899557
37548 6557490251
727675187548 18619630747239814
6870055039972 4557677572859310
6050015266 903168048717
54346 8656869587102153
1701334 7644353
42961 3057293889425
586556 9122242878
51814047201289 143238039666564
6531011 5708564797
5 1296
1671669 692134154
9034 87925054213472
964 5040
80105788 7240782948
1068 13780
83567375965 302160168082
8933 28136
80718 7433636709498765
64412 571764231
9 421706568587
6 466
46365 3734700
548825693 48330756412
4188993 1413251031
9090263496 31071849453
37139176 3662603187747861
4 4
31 675343241868
59796366093270 938905468710578
92 5956794316753
4 4191262442
211888943 207814060514446
44890063 70994107107070493
280872 48085212
9088852 7591809400717
11746971 16586590609990410
167818554 653138295323
335069 224195238006384
915149501 748482204943558
273031464178 4069622439301
434236 6509138669389
62970587 916032819
1446055019948 4867735885967474
929896 58157626477041718
689708 35955633703529
6804215306 7162243846543208
376 141279415999565
368 30932
8429618233 947307396182023
718 16412051
71810118504608 81298802866457
2 455678640
41116 3546574151627583
97053547 220384636769
10738523675 1629906701773200
4150910 2322105744
337147 825452387515
419 22113372730287852
5027 469931
572 807335859
38 154946571784
5827172138 9071506375005
717408 795152579621588
2858363165 3952002613249
443477 5550338202
5392842 938786061138
24868106 56293175
3129 6646272310743
3723362999499 6852094080620
4817770576 71088424363287170
9331642 5852382010307
88998 37097795790228661
8664103 9237210602699
76 665756
893 626156850649308
8276041 70602417214298
639 18154294
83083887 364508500983546
79 3031552042786
825 8530595
1135 73063486841047446
22048 58450285063605379
5886384874504 308655118168006
949607 397765376384
31421 373340230003776
97864 677663
771916539 4916904613499
4597332303430 210023933504966
7754719962 154247270583
2571 65523339
35026 40131873378
890095565 53836348528916
609653444 919975905
762593 598261160
49 52300
41 555281838
828451060 4303922809520623
37043 4166106867
725905 1914469677
780 2730544872
63204997533 334564770502266
504668 197053314
72 4913
158 924480068
5755006 149178517
959005787775 6392508294122
348 83981
9 80603334594
2325649598 7646517448273
592 5759125513619
1721967937 6374678370
167 24887
63 6750453
3787366638398 1525439189732017
6586 946684267206
3926915 16825781385
3415346 143957568215
21 59608736521158407
795942465 47803836639
6424198 6219270536
2 649993578
5455764 46590298879309
416 6431576174792341
8 82379
5 5719457089587
8 96402761910880
6273957 236006013
21442389875575178 54815145946569821
3 289
859480781445 6580259977956
18 76392809
359 92512880
917035855036177 68226615927028047
73 9824
154 166
9 928185
142406318 615281243625309
1966399 40156448071180
118 865808
759180 5179901087
98 6329499
35514 845322269170270
1517 8953
1262897551 7881785617
191692307214139 62334043537355540
8563838793 30466374429491563
1 62622109061
559831254150 7724008629131696
7814236 70114295894
2 417678495
7976917386 48212934957598
9 14
78 220161423198101
9 54044968548071
37139220 33462560985581438
4 44
