1000
65 6735208
6014 43671936772
3609312068488 893907487770670
2128 446351
3799535 7808769934901937
437 55025853053644084
129026393 8591346319254460
456168282 614979804499581
1 3
36980570083 76128700631265
10 5111592992
32313174989901 751664387279491
3231 733684326335
8005 897837144
1024362 776719061268257
539693203468289 16267338516896061
3247 1497679255
727635015 9570422825766643
1356391257922603 3823270007012117
256658381814 181044977748184
8 8833
584 6594075
7 288048153360054
38518290745 9735202242114
8509 7638151595620
6096 578045590802188
14705 43345037262270120
564 77215237763
7824959163 85235977690387936
1745 26609536898349
7386 96321210598462
960503 817628472
69 2442280600
2247422458 50113967381
27147470 406128277425149
509333439 37936573634
2161011364558 1221190047512479
22 7398853313117
6623 38538925371061687
66 2087
1 2854129041857842
1473340 68031769
825742 325341426
558994918296430 1331779001775925
3 9669699805
6604073 64163887352231820
87 2647687537
40438204 262565740
6125 612988965
6308 72728397
94 98797874106654304
446 96383309028737
4192779112644 63168203494673241
5177869107 116055875416896
48479343433696 8256085863984868
335 124063801
128198 347970588422
4520505 781302690846
865845 194259409162
65091 315068638
5170715687 138935128469
95020 902101578554
8453 58916832556560704
297044605060 9085680836402775
664769539 5725761386549499
58 66133814313
90 344
46285716735 733983249377
83536 4489640360
725 135574
965936283 93229316949549384
8517 9915557401
8682 40979666594980969
25 533087700797873
825 551310847880825
2611732990138483 8522397044109252
789985695531 96698330242670
852 239495660990967
304850 773550726
2 63189010
80 8375078
33013762915 86538668691
3894797 67776597
2613509978 60127614212335
39871 76635356732896030
91 611169914290
96879148072 920382889800713
5253 54706954435325398
24 446675022
7431101327 40645307039824378
41946470 197163613429521
43 7173044
6 5574446656
907 87681
647 532333592956
34 19402
397045789320 50420867612968
858706 12343985754486546
948 171280925374
367523499 69171885814169
2357137002 58453466375423
9502963 6616741413
28295 52905494883497
466981146894 418637914874608
6736094733721 86253446502308682
1548505035263 23437814850066182
4398669913 47895046748329349
703039 78847929306
98103195998 313591202540228
33987 88111482
5109300 9329339407
383110460230 52473637078537137
87850609689 872903563795
6756 243634990482
201 7318376
893659 2384903164508515
363 51480767986
30 564722727874557
76 3009
16 1673508484
86 207983206
7604762 720824441687
431 6776728082344
51 635772213022
90518759251 71131074623275
2 20
3756618081 90992750192862
115 8469506339457
143 7186954034042888
96449 5638667454
877 40810314997532480
9182037 7531563503119
93836502027 575511613144347
3101251 17386057130757
8298697388 467591307247
40525698 664094710617127
89245 54222322069
94247330242 16350702110207
21856 34701327370516
85280 6927229211670
361 46396
188 70054182
929549 424010618702
5373513639819 98108861682604
867 669599
8550 7919536929665516
1636134 300017596
255607452004 30134494516734222
847791 37717664087
5828706 15914848290
84 225
16536247644 55729569475
21943685250 25069438900
162 1925111682127
27936 5180302094
54797933 67141440922833
2216185 6338273731
98 669
49 19094012307690828
5346135 161227448849
1 443
75 185866
17 85698137775
1 91274611652
90267340 2741488499865497
510 59529
37 71102583094
5250996206 825797403899
27186 6603313916727159
13696 20834
4453606735 653988068361773
6 629
23092939044354361 87306632126175696
81034 1101664337
657079358 4264500897
416057 4330816318215
136406974655 224829357511
3012 731745201
6932392 9656369184588
38 97481
274 418
4091 607842
26590892 12136821836664831
6 1998
9371491 8290574130713
2764309 8942048656
739 545006359
1876733939301735 6456211028914213
6310 296398399732
93508650 4447333853
775985421 9589713023227
306 87682
6185 861485829716695
74266678 400061743
3530 16047787435092
23205675 2036297062797
692113348574873 56745961368255114
7206 388726301196
441429 4590144922497628
419317 4248457428
333555162702 25546390738305934
655 7914686
46990 4971477756
117 4490756
69782 715524
6911834 542927565658
7178288 9290520865
54 67
6873593578 8185018116596
62052 47542745625908084
5198190075 7216054072058223
341579523 85038139130
18076 1973608512
44522892945180 27468193890340220
5884832767 926637009418802
1 81636440274
8416 4143990001630
79555703218 82211333550
6713093918 1641082884005559
3322 419703302695452
50902788890 7893318903575691
581483671 607617760841006
729852766795 313509678596108
5591696 14776439
4485365871989 9726535629495
5 34691576324065
862428 50049634216585
6774534332 263672896771403
435954610175 36572366364256651
617 2414180402251336
5 55861658713
550354725 832361629402050
3 74
2 8963780
6328137341 44195072628728355
1 53735550205663282
57406 4055338075826243
6076192 464914128
26552 6777425809352
509 184278
579 7678205327689
2 276286
351899592 8704585702894577
92 928
6579 270764531796
3 3526179099
181 6732001676367
8282753 54575658
664731 1725747525882
47666321395 809594944082
794 5620586
906456778494459 913129335552633
4130 9074920438061190
202 684
78828848 77914204938865
4204014938 5938076154
316969360975 7218214750989957
1022 7574085096
5453 28195
432444 8574515367445
761 5734221545086963
1606402 94025004549754136
79 470433
103960 338178
1779623884 65490311037369179
26752363 34251164
66 892391
515252 518950
183794 791784965314
696889305719 499885448003830
6610259484315 4891499541033247
354 73569672997722533
4437880 6525938409392
4132385896453 362515238398227
27509117 53659117
171 588
16 4044876183208087
111 74775758693
872 777458203593
94234503 5903600746479448
937 4255716
8357 517428843
5 540092751
9 96879126489
2 53
920125196 3509570618
97 275508
3 81
362 9790869832
384981119729077 737599310224451
94515057 8194389328339
41065920913 6793982988424
78 85286
3 74
7 62074239
519697 5138470
73278036 24989837165
17188349 984074302668
5089724040637434 98597684312610982
52 85583893637
656290452 1163503730488799
5212 20052
46917552501 159150076590273
151820115643954 95286574086469937
61 3271822
63968945807761 808721845246380
46056191990 211741482438796
14237503772 29165331424
3 259068237524
24778266426 70105728671060483
414 891508410114
4048043166407177 45002016693155089
9768653 38999239910
6322041 19658554083
1 1778961148
35839684 626249638233
7454588526 8920570923929
2514 60566120877
35740652 713901157
80 999264329776
59961 146427558560
9095648537149533 70707320949758479
35639836675690 33008913188690760
3 733543322599563
263299196706 462917542777
47 95537191412721
5699 842921811
2419545 820987957549
938379200 3680247052340
379030 3451355
8583105 43443688
377 37917611
628238 163707485
6870 363886577840
292061461 6797498692002
916 699952
172 956991715076
48869 762115
74 937806385394
808 9429
6490 13408464
76888919 754211764
8139774335573 76325974355354469
1373 443618
20 353
293 9685143889
65692 86492
84192800143 12873339998387
983837 9202238553
6928 12395486444
6571536972494 280202445510806
997866 9431633270783
66250 397599906490
66487444 7818529507111
7 635
91753825777 7886960836491358
3 50449979247134444
8330051301 617936920312
66519813 344277499726
77257681 557053172
9198151 1772611603
255048714 1902829137391303
1 47493533279020360
2114628941 7176591244715
5 22501816456
27980 4778044
406 7155165442908
69 1747729178896167
58 82111413301
864603993889977 45510623057458156
196 190583392461489
1482 982927
3 2238589
190725 79700916645859577
8561935 371299856628425
748 857
65191824636725 1367984708709299
92453 691885526885099
34 90719920
470481468985 50982992633775
995977558929 3491619001286773
687 8020918
47538609609 89747072212320901
835976 8878266474693182
90 42717
58 67064
84 86231749
2091 20572965746444
6 8
14 800
227854953589602 228847626181521
1278930 48921286574
37919269838451 16961779718135021
496485494521574 1493319514579906
8293127 83739694132
29 7475147065940
58207273313 367207227739473
6503177171 298557883705
83942 22906339034132
5 60688170634
5 8083516756
3504939 325347145
19443 376371888534
459330 67610326556
6087 166239508428
842125184437 977345027514518
1638850480 43740723375
5 70611547
205 55631652191698042
7 5286757933449083
71201640 97364385
74218 7287531253
5594561825400 736501846276819
686 4148594606
79157853779338 81912308147821
755352641 4618851052632842
526 2487140147
666 5911337002558068
2655392854 7779069387887476
9316164 283328927125075
8050979027 2660337861779347
346756257 922589732640919
48443585274 68860990856443299
52869614 58072320059764560
73056853205 3240185913753
8219089346 49709059838560845
605 2780590895523176
90 37946
55916985 8975862889888
57 5463445
671046 678167167155677
356123502716 1237376364272100
93824 687363048880
9293671700938 50525057985684
4227742911 477713052530
45486575 70923963300
78673857039 636619911488
77352521 3647342577035244
336883150065 5836893155996
999360728 92531515644
77629604185 7141651177602878
328431128348 731014974305039
922043 341402107226
91 1446094168564
3452154273 49142329889
529754966 305353964436
76 8180999031788
1 799587056
20671721446321 32943962067146076
3679 56834240056873447
56 599
3347809211899753 89716717584692229
9915225422956 33452827663518929
6 60
30323 927414063519091
1800 45220
398521 7453627456469
7039 9622112145
639875 78915445
32233193394 7871102774890
281241 754391041040
6421964077 92935061037710
74778 2901714641732962
318382577 2954053464
433 38308388028
90800758 44321341644331517
32332 25121205848211918
51044192796 2899494239768
6518638724 6829688419555860
3 965748702784263
8 662374049801558
490 21421273125944699
8262 1440484799
6089945 36585734918
12200075 84499258344744868
518685093 8858792806
751972043744 4837139016993872
73493338 890883484
1253810943244 79283228182343642
3689861321 17391795528
20375740315 72199503161
18470530 69403587815399522
78385 4780568
5667152 63640882468365
3974 29714311869269285
56227524 104231602
69 10681269153015
11618 8129083
5 1427886962
14688928 33394132599767829
4134192182361 67760206195795181
89899027 242444646120
598 158209227
37950 2682702843653892
528320176 7878354649929
94339369753 8493461144881402
78 8286556321595
31054705739978 43704651403574216
683624171595 7381350850852610
4964229 3620256574
70834071748165 68872165852313155
6457035858999 65265715624036
3601 392559784534
930618284938 97640113638428
696 6479704552171744
8 9784643120646
722877 713289771677213
6328233437 9668873072
8562305 4918933408281
658759304388118 818359090758189
4204267261349730 59198290149248025
952 9406765
3862313 9252226
84 70188959101524368
21934734 1982535867
4544388 265675838515487
82 456083648
7682160763 66285232651
9129 872243479466
38122365 296871035706140
477067 2742356415
6838355 436486719296273
9 9369156194771
3 42
191250 756104140979
4 888110
526 645469189137462
602 725307430944
455340 70145993
596129906466 33990491057161471
49 223
2043304 98717541743380228
7652 3806656280259
6516 96180967
16 52024
34742 18649456
3 77539197537
567340 4294948427
43188 2777147978584
992 116356401780
132324 6949018108
6149157555 478456159061
4871 436132
132 7024830768633
9462622131917 61242687220581
51285821906 4114348086239
971804968 208635775467
553 706449
59708 762239
110 50052696740383692
3734 990112361589758
212468718 6369396417380998
328 657500395279642
8883443371079 29980428384571958
84633 4651004
2935706010 5294832149910
6450 9560
3337728048053 14137224906110610
735 659679949
167402892616 298166255149139
751976 3137177379752331
20446386 2382331206649792
47662 322173119
857 74475891452444896
91043600498 36365927081578
4 846353638778
29489 840043289
88086967 45030313300177343
39785505 88048563896146485
270620 411249
111679112 120336659773
237299 6970559764046071
58864280119215192 76854136730826743
9550 88337
40348068773 4485371772001528
5946 606113485
4 971128924093310
3 81737500216035044
4 6908992324925852
68101808 2816727931265380
1218 146283215506
8080 5406706852
32934 4634377188260874
88369307485 93011757889146121
90 847917
4605427 1272166140212236
49842466 5441340946563468
89 51878834968175943
204 46435146134190279
8451700 1299458003361407
2708 93227249301217
63 3904265882692780
2749042 7137051227121925
762 8188570
84939 25789611
1140044 93575313
25 836092780672
2 9400654169375
8 61172451640396
38 3386423
520110 6494417589950
45 2490842903545325
6 8353395605221
998550092 29523626493731164
312933780 7124098381122795
20268383581 441888936970005
7647 96708
675 1105014595226273
2 433307
86241778 9898762012157032
41826798 1318666776496719
45808 119987955543
25 7499672443285
2010 70145809273
91 45669431
468687890556 5120222225803
51821964 4675285776
223 6378865073414
998 4923777525400336
8621 85617130
8 27293226789
520033 59285520277670977
11230 5123695
8469168061901 464107626940409
833 374372662
77628 479863
8364 3521556
76377 31121909
4956 9069580
339 61872
84140015831791 86985548584863071
9670948368498 9983421125988
36665473 59777407802
3703 1305376074
7 1955013667
9 298
6369018637 765080583862
42630 74503344825066693
2828445 52945505865423
2 59
6 11941616
586752002678813 84789803074883333
69 6159939096
7970 25644676344
9143394253441 977534599953840
85962 4208530175419720
115 6920640
256 7385469421229447
27 72
3 340622063
913 619732974
644 83522514112355
3 21582427653058802
7411 23227360
423811364042297 8310438953681877
954500905156003 4605690980069771
1453454423417 6743878024020648
5637408 44764512347
436298739 5305057819
67 6840331367
87208705 5521493990
97 262
75693 34927047
866 633113761
8 3323136592
6313 27898650
8191101774977 81099542698300
918571 46168353
415690149889 25006100094983
8470 90485
3772840500100791 3908750977887956
8168978070 4050947726994141
1327691774 11761463852
9326 5748836285762916
6216 9515
568 1050246240860
1656098188 942493186312474
90471 174070230
4842837 19567432195007327
1884179179496 7363381822127614
928 2206500
30598098830 65750948475595456
7339931517 12367920827
4701 644577783
15374118688591 745859338268205
672252680041 786052703081189
3 74
329509 8204196
32383884777 9688671770775
50106465 4452181035678408
1 16236637623
8540 2497954826673
6 672956495100820
89067469328 7941961625699
9 22
262 7313269193174
38466 847659825977781
64838357 22585947936392979
554386062921 47472561217355622
798706 3959740
47 1391926299965
2876497 947887469569137
95 1700648637396
9 87104763647
4039355 88415413
728 93457312
67010571 731126871227
7149172 7014396103004
1066 5020163867071
766 99297
1050261111 414162120731
7848613610 6699726732914066
880485 788318297386
74 4332591
4823772 6953928408
68 573098103
61413476 905152998
22910 46171360495606
72027 8937921636233
21475716 52954359645537890
4743508 9687713662033354
3594 79548
390506466 41336389835972509
86355 946981
346426376481567 496987992566035
2381 697798457807
5530485 27511569
572144712847 927496444124885
3187391994198 653537611075433
8 41698975205052
72617 5671060
23622 39016098307
8 131810917121
85 76880481
598695772554 91237580963975
42 65698847429
87108 2865502344810
9138757070479 6808673398662574
91940589 95892574371080
24843 27717188967
250 64180495645873547
502462125767763 903083457387806
715936 669855341383
2161 979009
56 49537845721457715
89367305765 6051430864532
478188 355750689549
94112777116 117436221834
2563472828 4420213824004
50 562317558942362
176142641066 255289117419112
26541 62169
808152128 5202538229076
7783217 2159966865137
46967 532169075664
2239745663241 970430482569941
50199 80306823948
42508194611 9114305634211834
5966220659 20156369207536449
784112958090754 40500688909570660
82519528 731954676285106
2944302932 265688623810225
69 52230
251355 990369732074390
652452 2208583074122025
24014 22151345891614
5295445692823 27027933076648
60393 46427971631945
37321861 96616492392155842
2 3053141206141362
699531365492 73461784765888
836214 2307955
2 6275192607
87169 60143432184513
48 220880608
927 18135485156767
5 392
56 3897949113
632449235 9511331642337
30754423 59361615577622
911930 662391651537950
4509422338 60847200917001
1265391587800 509304026327249
33860353 40963293
20 237483701
455189610 490539063549
3727168 875291587248
6123770364 6956325051058
7505 48473366750
848943 11776046559238201
2088923 99971185171
532619701033 750487491913
3202473 723817343319241
7927 25770073423726
281 11060627116
77 35778170
2690938 5641659690
790869751 641642361332
25 69399682343
897 2632849916155
8579460 471774017
162 71217383
108 107371
852144160390 43361630805733
322 81099433941
28891385606 4783157359033327
4163 7671920253502431
717829947 1273045651834
11391961 177820362014
64 98517686223907
97 9638
471532 4458411870842408
184422 71367517168709
8 1350430246681762
99 8906914714863
77110601080 23067433262187
1867932 24541057712
942302420 69354471344
20 39584698020284
854 50603
29 77738
253175998 73873813328
10 5609649557155466
30197 195424934060661
4812493 1473372372526968
151254993240 7995374159432
8 91473727640982
51576430 71636607391920852
6082910 8846268
7 552353841
49209473 210440833192949
7932138248 588702733475
20237522 80479703
969 718490194
98287495817101 465929162329311
64422163 60834842284115
446879191 558870613997
73175 635515237349
82 6777941450145652
27398740095 298711668558
998 17316059
86083753867 97297745035
36 9031550945024496
277862 50021074825992
81 3652248123
7 441365484987
38165 191144937673909
935291 70868728726882
110554409800959 29942864436594432
6847383591 64150816300965
82215 87175230
390 64073558
41 95181650727977
6335 986510
9 457085141
7503 698785903
4959544014897520 50449646625655260
6 8
669546318912 72399019129570
7533802448759 9869010113226
4 41092614916058
985 67123118208608889
9 720991325822710
4748 349427564
737793 8392847881
721 813954691177
859031 34745000350
8 16929793514631556
71 7370
2 551170
92 53599
199546847438 23654734910531
8439555915 89986933472942
1967 21336008153272
436683 9932528332
5738930 9431694
74709 540869185578
6285141420 6759610995585412
111 7129533053928
868983715 2180367131
17499826584 409952893804
893069160233036 30898589527201913
594 4461986701800
5 509226559464814
73783463 5306125353824
18 5931
716542192 5253429177512
4732 2567248977431743
61 115
246011258 180059410319960
1 262444415855
86327453056 32267753199751
187672 6609465859489953
4 43070396915502651
91610488139181 2505632235816079
68404 6889960
6832930436 57224778326
7 24656834250
3902570832551 88266894115431990
7409 1669655080412
58547 811011538
84133 365592
28999122870069 961322855643335
43254386376 6786591830598941
3283705537 3394548146422
1665858 1500651145995031
7776 8330
5069914 4299868920557233
2093669059 49060537872
853147 3155444661775601
1575423496 3332619375957
399353184450 92654521287411
1611 7937102755095
72075 428044337067544
5474255327 251925951386303
39795 415568866530
3086 255071834186875
8 73841414479
2270247 370413302
552005 625897780423927
31 145
8667882 7713893699828209
759 307776
235007688 87851683727096788
674812 917296986614
81841 7189458831245319
69 602566933
297101 5224489020412
515 98377018
408157064 71334578158
84 238237942
8 4997167
37087949359 99439271419
8211890 57899626
14955036184 42414484009
6395 6499
8441071124 1922585325277
12244450972 43059243792456
3094 94979313751
177 14785
24 308
5182 85120991
7781885668402926 21193583108307565
639061 83879640543
189296 377984396107
4814674 6966058933210
856 367058044545904
9018 56527
3614116 93024369426454
5213251697 910278890227499
84 320774282
303751 71084472492719
8236 869350366
580139387 1842136240
472836 8501217
3398627 923356338487796
14 105279
77 3443939028
6 66620671053225943
503 47798475257214642
766002292117 14025410987324
6 66496530
35793532 747260862333343
5503 5867122516
28 34569475
77057730155 49679074013469
77330245938266 30869986308876859
5 1270
833813913703768 2771722624345976
32 16588615645553
9121048603 2667832481146
75886 7851092861693077
953514320 56905958743
638 590648
1842641201856 2390573479876
551 67712032449017
46 870904614687758
90 8445377229131
57639 89465432935
5 54123
770 8227071301873041
181 5639774742914126
835 30461910
59259 9874112721074346
50382686988774674 87372479023790941
11 9982989836798
79800387275103 3759895797658080
5877 683890787568
9513273043712516 40118945678188138
530734028589173 6739307505843990
51492246264 733200289838
54335779498072 26819634257205188
8686948710 14776631119005
9585 6142280
26267752315 9288667443674
47 49299285249526193
9053451600 4261786036538
61633297704927 5924227488375523
728645 868133
4981525329667 26592126216455659
