1000
84365757 2168018289216
99975 19114961462598619
63752689 4957224015092
16302518 368484519521
863001095 7050791817867238
322305102 934160680
91169 2230297428
41927325838 4740764361484628
52543 828160045326
955917809 2663395090934325
91178225 54715390707707
256555618906 46637683256995
43 7003781007818306
946 936599519154
73815003188 593970185298935
80 4109780210
96 85648410401
970 61181051082289
5832 67286
17155273 6381175767505891
492318226 33203506672
1135816907 6025271214437
410 24828
589343268 231169401754
11650 258179984
63 29530083
60329895 42135815883810
60090527952653 227159169688795
177 1606860576041
6 5563172979839710
87490 47527962952
49 994365326393
9209724 60831064950013
193522 1534526936131438
976528333976 5504764557079
6 59343
9233735 78816534897965
64759848564 2783161336896997
369 22991489097737307
87705 744665701792669
24 9271
7 3235149728
183 95586762014757
579831976 89726898518936327
15315141939 37695115212
1840 51184457
293060949763 56637670503809357
971694593842 16734738804346929
254945831324 88852783809166
25 276
743 854610
3651628 585320183427
3 415189912022754
22721009161160 24233376793333185
3777880 21303667900869712
5379091279150 763020997907608
452174 55085747570041052
8150138851 34676443020740
82976203237 72594153717219
2651488570 93440639479713437
98334 2494855404876789
2462448249 2084874760818
699169 39246933926082446
1735893806 760097802116914
81093728 53552188209189321
826529 2363138
35903743 64836959
7464 946118673
332482 24551040
987454 68652611204
35 9984
9464640369481 894368830685695
254435265 89713366745346
826 691965
1390744424 99124511593373413
295 96497683045714826
93 200844197
69972321 599639603
3378097984298 77739807704212
417 2729518
8364526 79087760
23272289 9477626615398231
171750579 26582216131
8469 33324
5251325 28329270759855458
5166478375 33947992046
114 356413475
37592987858529426 89857709565368039
6625490 11394389220
757650 88893289743925
7446 28529328969835128
4644233894073139 94463164901750504
52511 10247483
384 9902611945
98232436068 413947787145640
93 3686173
408955943 656332415
4974218 5852438724
98961 538838489810
5736 16345431850315428
2329 81240071535001320
5932 981515915
9229221863 9821881321202
47844997 2153146247465590
14 23052343012905110
9724 61039700882109534
7884004 960035664
750236839 2647459726597498
68 213
966418296 50389864949822707
32000842 632704293078
59933762 45605769353
17723792 6526669468578
6412442116 495642946575154
36 632696113762477
547529 1238472815405
60636 2578291050233
7344602133563 41298971103626285
933844937 10820233502
51407937699961 9010838473475609
42757 540746447630
1084451 78397986
258422088 6200584475566
86623 2743297476468465
9238 86973708666390476
37 609368020260
881 62770
15 909924604
8654027929 394382019486661
22169 79083956998
46 91386080
3 100304472461465
32964214 462426722
28554 340221699455
3814567764401 56400684020884007
2550 84575351478888144
931947957 838878929799046
9753085684 50392720828749451
657806 890630590041
7061 4682200
25835 28778760510100343
8522176334801960 86956927914913964
371145563 9181028131
38808917 512854255787
2920678 29981095715
2017119 7578823703882088
9682115 4563143441851879
872 8334457525304
28697095 382745799
820249 81918454058888
520 1983784438639695
15319215 50485431
54 851123
69674 6628876
3736884549 507450114901855
3147160570 444681162107893
64141877946134 98672230263886874
689590281744 215547700717883
569684707716178 886131531830928
4 66310141991842728
178 21679616559
9312 3367597934
116 843
7495 152721207092261
224542807414138 83739375638155560
691 801316072248
7593 32837267
4643 646727661146226
9928 3018184536192811
63 5106994932143426
897713847992 93534474519567
7888343 932863321412
63660 8984264320891139
4410034338 1862966152673586
178 693149
57907728402 986734340023318
882651 89235254
97985623335 2269813947279
5942706524773158 21650508954201017
5804 33926
34035096012 560355507392
67113 5108663659788221
41681925998226 6762508098870388
56326795 370455127848938
30230767213 50789755589
435 432682323
168604 98559757656321
58 70
35 9517585
2631173700417 3289421789506336
13 69
4283 69427843357304
684064 35537930940599553
4134 9042674644406
14336 56471393739
3904553805108 873435012376660
889232 451127989000167
19030 158668787
7193082284 70071560447442
6596 37228060804
583289 74932758222
97707989 239201848
1209161 6264035473321212
458 423007
49565188317742 53978310724746
91 6219924
70 7064
869627634 71939447209094303
66861689 2845958094934156
554145980 7136720435086895
930626040 40087113033499697
4268774057 9419496709865256
427 236582551976633
5770535981 54614960087961
144 48792761
851927068981780 2459343325051774
7580578 3135196847
83620971667272 808565723011079
9421 607967239301
2007239550466 584804590214464
7470195 10308930778
5612 6843
1468 32994010392623553
8224097 9164887
87489 263337949
3 53592465
42426 2077262379964291
601 305783
76601 52966199644
151 80061065
636649861 94732193354687
953 207077
668528402 83479839260
2 454627173810
5 49460067
696916251399 9229926300028
67 243
9259143 3412745083802615
767 774509444629
31088541054509968 55448594159023323
64 974059758846734
34368 889671
9221 381920766
901 12184218576751
5437831029 258328666087037
7426 6026538756124553
47 11599548684
41527412 645710241752
42107 349264650771936
396951120225 3611917268490135
831846 8264485303365408
91727 111836
2015 9075
411463 574658463573062
9107705992 60301762238816
688565795863 69080837054751843
4555470166 830395112196405
21 928
3032745 5357471357503
943719 4794577954223
21140982 877901766204
40 84
9 19208427302
6 18758633
53369684 482954986111
82800 7969954
5 78940896
32 4301675764610
2487426398 7530043830596
48250213 664013952806657
20 5376
31 124
26137165 961918436606011
64144 13919135429
44 47
30756235 6678152465207967
239816213392143 70090118890448828
31814177090621 6349138473475241
222550070 883931526
418788922474 12904811345128
1143516 4597908
31739739651046 43882887994275
60060870 49244317294520391
199360524063257 48399191272254673
4528900354 3987327961550433
49640634903 40235890343155482
86072 5565522824
53654272 622078513
421483931 361618858391244
70774934438626 95601684312362674
325 385769094556
82511858 247378125927062
53710190 962710347477
8782357 45654637403
7446 79876987
886 706792
7 285355
537 6766346565469110
49 5870237093720
25 52176967266753798
7101080 88082217321
45532 9219927902
553872 4966074
979790929 29961280073716
46 12774221392384380
77467815 17714217107374796
1264 82574645810587469
1383 29191
5539 27372320998
4915499628 61178542084
2 6097139244755
55 8988
4225 78133342671938
253819907994 114207532979910
5836 57029011444616
468041 3313584
1 376879144707687
1562437 5061623
15305641 9896519871
56931758 81426672305987
48587717427 88757829632820656
3 93108102075558
255265 42727716890264
72249 5276668532
9146983158 23918177302
595155458344387 789765970038911
586557267649 81879144792066545
46361117 44100319224825
329231687422 11106679228631360
2161 940626
92294297312402 9465125944355194
36207487 9846055687280
12795659 256421210490049
2 860
49804456 71044185236453320
4775875 597967164702
8708534756145844 58537110959995378
95088 1183964
350763060 19718552857914
897 434552
229 992202
965307 7564257623798752
35142 8678808776193886
27397905641100446 83466531319199166
9 41
7 4591390
39051715 5738492520
160721872006 210258395689727
6959 73220
231383608667 2732221619523048
16 32638
62235730 724353977127439
9160695105 498457091650
6226 67702931835626
9570254820257 3010627752891794
44694 87875
170949616 82660339564
9386965436 440680146125119
646826 60872379
170365 67859115231572795
8151066825072 138509299981255
6749807842 2515016526429974
380457 468019742394
14744714165 75666308794044399
256091 8519271
9757956819 324728488318
51738 720020
789320474778759 4099571165006057
505 18298271779351793
5784 41770746128
4224 9557
63359973 8616316994
84 382424600
9461935 504375238883374
80375833946 35746258423175675
6727381986 3908605227814658
26841289003673 541145175283016
4304215 58724431070303227
720 83309108562
154417 20522204628
4606703 10606246196398010
425068876590267 37533949923407592
219 90986251195032
731898 9069072
503 5414486999
6 633423
29 778523787
296415475 390732197251
717 3939628379
54903 39600357
1218 3150
85 9043961353873
74 9074700733942
755102 81004794889791426
81 50766
113724 9183562633797645
213704908492 96281975808525
66 22086
476 987379
35114 974457539265
23786 8059628575
3861 50432209182223350
4 5966
212955 113247669
48166054476543 218679151916444
24548218 7709411122207
646 3282452
23836186863427 2005754276392010
442 888298994468
6619 918845
543146127261854 48050036507136062
761088371 8625443646
88141047207117 408362180833671
4362464497191 4045340372083797
818563792912593 937784348549653
8 44
641 751
16 53647086727373157
160327 669894545241187
3902345433 4277346964943
6334218 3572379783235159
952 2364608783552881
59 84800783430366926
54 862515596248732
58188444572298 790288646391045
438 9447911329
21 500381949530776
118 6501415679758
5 3308815892700671
4 369969908033031
45 3902835426462086
884758 767760083403
246577 158266942161
532872 672709556293996
4206982276384 9720983518996135
21192 6053969196168
67071955996 807541794755
1 613217
7333805 92849048890764
590 188368455
5 4866833239
89713 283831549
274350 4385454635548
9822681 86841195080925620
84485852 96311090411
10064322615478 58839917576153
910 79586030292
664289 78039177945208780
44724112630 11931330391768605
43 9891217136712
1518 422314
801034 15965755076709573
3 43736523
8193 9071
629973 466689736473
1979517 14478311479257
855 79290254210
6241 8232157347330
92 3633
46040 102906536871
46 1247400996
852825 25644448727
227893 3508525
18423 9849197551
22968 23988337
993 4156321853469
90 30790755
9 285229
72117650 42531350711951
50 224808551801734
27940 69122072545147
720 14900
78178339 7374628344253485
72748375 96245526
858532 808862018
27 929
10610343 35744540520161
422243340 4472446573
69 430395
683828188492119 4453474477437043
240845 62473357291589
34 63127111
3 8742778565026881
67421550 41517881050016
3 31156
18568 7085757
6801909 8150283066100
26817395848550 9117439907248239
2 2710205274
558350312270455 3494340252076001
3149 764942164189914
260125 67496652169530
97287904116657 79580716986592466
45789677248 565612890794
91693 42789517498087425
24076 58978049910718
685646 831983
394 8259
64388949290 93093407259134
21265256 4916056080272785
7 66647
584704944412 8537309868478
84245 94275611961216
46254 9126878520884532
96350 4158584642
595951375922185 5043565349901052
107 3374497469118825
7 977087701702
62671330 3144615164054
2413138462253 354479832660075
533 5701345
46956179 280945436288061
66184293 12577885801
4 6
39 50372161
8 6797053761302836
768674515336 65122411871257044
78 7215152528880262
3875 44390462
4 9
866969121731762 931780738234863
11205 29018
221924 5782290019501841
4210262 32654855915
58945320923673 42469908368189335
81 830608
604 5901
99492 45100234
9 97427398411901
84779043057 81185380465776
61 910966658621890
66067544440471 702270093883384
362 13170
87817940 665921975
85958125 118426600220
16 3283179172
9 2465815842812
253918 7619129268
968 54676980898201613
20574 44162209696406685
21380 58791
7998 50566
32263869 53849826123036
54173319 79648528025107711
1552293549 5886574971381
222441621 480882385810535
4217140414778 379379707388533
308 813396790830739
65 70786218453740552
9083 9253373
736518923 8207950554000
865548613297289 46064916482682610
230928 961486
28959234 12088301174773
267715025 4552177377
4075742 894361623
1370790 9476117
6908577 150993899750
7813 300890783342
782875 190483493155
88040490 882388232164
460210987 88282390795173
47528 16892750973081
87226 951079983835729
40890501 4071043840592
5 799
985 360298815738
1500 76362496
46882345 20418030148
911 5225416
2940442 86816830401344998
61 82709513560945648
3170632 3382921815354
67645068 935739112
682243961 39355726603368
64903 67400270
514791 97362622910332
92 582317
819 315622925
501463 9552505
736 22423
71 7063
7153009 10904779
3 245738
68091790 786491664
84987 24572031
801379 7203598562
28 221304337671
626 8658
59628 2828161305
18484666492624 63509794708980
7 656
2739711 25720588453391666
46896 7441168
4386 55540053639575
2 9745546103
6 6176842
3 83
216009788 99989774420
6379036 8899222634
998 50948722
6305553891 8125680278
5452703172 91819753886933
64 1668
4944423238 97070975067232220
3 7494
857757226720858 66167984156024181
8 4532247851
1163959883775973 17331700751254860
97267554343 7656963963695335
56782965750185 669215060696278
849 73284083
11037333316 77645657512474
43685561 16090347936
3607702 41094347017387033
8777120 317561762306127
60 40819
3889712 758147597101
928 388402470
311204 473267378558540
302269 822051908976
7273 576339331693
255826747 6536732459082127
8609050 8889654403142987
112566 7448396177
500 17072944
7444730 570803391670673
33938441 995797751110613
36189 129075362160033
6426 7040369436
30084811873 590812145827
13999710 3123891082404
3258222685586 8741084897182
8993089399 161516430619
89 599071
336845 80676757806912103
372 588089
622983284 9946925169104
609922027211 65872251297145404
2784 467819423515189
74120566 69081834126
867968571647 2972311262052082
2 2039
382 11903623479938017
8321 48693832
164455603 90290639618
6 22225867
5307901731 1489370272414
31 893025817
978 7021461300
177 74907087599193084
3542221 63911301315
9624 8085046
8 387331
764 8354596931
848305266790 27119724442275
2175230 94331462286840237
536290 792120
5 8
6425990 19856094619830
7 798987635513322
4444 888976593
19036 866229993247429
58139595 81983004
7929310502990 72289432051904
1736241 186975274
845 3066377786734985
83063782343721 39578456049437994
483243872 63891038500694773
55162546578 4959238551304
41 16956841766
443431813359 59058206060848680
5611 3907489510
389170 502760739560
1 1278
9 636027947849
7337567 4156002273643512
9849240780 3627589837050225
971834704909 1482753559594
706051731 74742652912151169
784696413 4721395563974192
81320 56839752050713789
49543 527078730
88413405 42715415536856
972 5290700727802279
592 7562285677
871242486 134658262487
711 68448372
5561564 6669762329
9777641 818526423068262
21397 74742
3360430 15188951795013069
63 47712
841013 96154202564994293
5414 97030616939
5 694745
7765362 587402105488272
4456836 36438853434628
2593 689627
48 10123
2301649020 8927627346
659164 3683152921232073
86 634932863584
18478 2633829044281
27 5790304312
824 6006
23764943 82439118491161
59 320392731040
639460599 4809999453
9 54977294479865
17284116553 877259169236
9974613 402285864034323
44101479621579 6188601652421756
184517 67141030245050
19336588178 19702558785839
13 3925
986 24267376429287
746 24978
872739471277 2142441658526640
19118403447119 55889976729403
126666 99729030605486
22301906571 29097160085045786
138 917603
90420271051514326 98908892694657024
866970 7787495657677992
764738804382 857086494201
266 512148740
262 58937
1094511399 93373590831
749817001538 890934474512827
48887 1998092722878
781289369 33018358827427446
9060471 4963284339111975
92932211 558082125
901 23037297661535687
229 92017560834
6193209422 516482940972
11 614648
97903 997569452765
27963802 2515782586024773
43293441365954 72195695225461
47729464 808523130
8741 39885
29526767082 21077615302611502
2 96101789
2852029837 91174998947358257
252619189 76182586790646765
5653481841530 2736309073892071
1501 191661
889 2554751052552817
108330 436640342472396
7540667602266 10840171988181410
1352 57443
19267860799 406157396060591
344034961 5530476454
3362178009 9484148894258585
882739948970 4746351132689637
9441372 324323927
1599 478251
29541 5063412866
175066193130349 64947805117678637
65944469 734860027825
35821616 447523816
4975 72622642
6 60188
54 76387093757500
6302895596399 329340845615852
189139 47912707213704
75 367
614 2777
998980388 6976143847625
22 92528
407236175262 1727609177574756
608323 8358991265125055
8 70910
33318 8875381659640026
96116 6396406036789798
992224 20876272
980432 9818990748379
5204986 7180299
6616598 6799271401464962
580184 13190431687296706
464 7303185296038989
44363 15699114
94 8961
74 2504
8 883
482798 282775930
527807292 95313231112
63 35725917
876290457 802235372602
78275 112225296
32144885412 75667804197901
61047 344968257278
634440585 1243723484738032
7533457921 606635899814
982 30795051
40062988 8584566994
8839 499360095172
757145337637027 781966454640679
70924 6851626280269
619899 77983255621039111
7 4116
67 3927769810
850 73916095117
70666671890336 95885024783505
39077771240 323993572143
4 61207304303
164291 30492841
4637979910540984 85130412076183479
37740903 36377333522
11931 88327074937
3172 8906002
152 768720647230
6 3550360263
4302152415678 7793571343507553
5452525240 1511195638268711
66622669042 70925258105719
652061579 78761975503
657 92983047
336 7666369197305
7002406108 6985549362435
6696586250 622393893056
618 485531123374656
34 4466
905161 65715269573
50373423 35315972046693509
595150565667726 8103293243505123
2 67244824750
6487104516981 534264700081895
7 87453156237222
764394765 1671998853471
447 818392809
762621831 46285388971802
4429507244652 50474449239147383
3378 873070236980
8 2275586279
278668097 6721099023971733
64 557734513612
51938865678 155967106915
9296 4540617833940
981444147 7245054731574882
2 515173427
987657 4407742258
13899559323741 24347054319036
920 471118195704
9867618 54807584996937407
13320 1978289829
65844729 7593611548268273
9 3773
29024881 22835476834
9 46722814053309
58448518243 1772991138919749
97 74634757761655
24564261 2762449752187868
7707 9042721
752770 597565177
27 718554324099066
31128 80716168
1 82
4304685 431340469
559071019461 6550176969511
30 5942
35 24616963496457044
8626 3787614769397
5497 82940527861229
15805 70585227922110
82246405273 5641756828097528
7024 28392856030
88601 94312604599
91 727396540196718
9304424 26850971354531952
81 1445792956946
481718 414779890
95672793 32846327256627
84995015 7294340069624016
42 43134194261902
81066201 865526460489
1777989 34221495312102
757079320 39218564785493715
472 990547616158287
3169574489 98773656574312
17017574423885 22201617797155
134336 658549303794881
92284 15283036362810088
904835015 66954339858453
88571 27374852026358
2993 63287980499
5380 909687614578369
25389 80152
74 6418404759655459
243122259614 466762909418262
759083427 8510776362754825
3319388 649394415767
20 163029966
8187308285 4211361157989117
3567 6855163961095909
2 30708200
49 67168
4 90182252
46235340540443 2053326628800077
32 9990450
567762 46779779
56753843396 38166932365054
510 382610243
86599871 905121737285981
636754565366 43857179701006945
130388032 59038438331358
473 65465851
146802 41156037576749516
28770 6404531210
12187638 829276972043
43042 9828715951
434 724
1838232 2314109220147
21404 41194310643897
2428922261772 760444045946298
49355321 30239153524
8934585423175 865303712314565
4915438152 3714298324932575
64 3244151709
63525401 40397046762
594 454790325701
3500603972902 21635505192715819
64944 285767276778251
8 706627769976834
9 8724
520956 97952644516285
79371 957348886521614
8078065 52809993666367132
20 2090
9312 94016129018375629
6 19597222955375
821544391086925 74926123850651416
8 5225501446
626790 58654481560694111
187325 1427092469580
89881 948632763
112 86531
616414 67463421376
6 381
266500474221664 768522688147178
9670061075 669665529835698
6284 9550
943644028 141186796974684
93 75656734640526300
16 8177
5 46
3777362929 8175397460
28045888 75901852244
4318384107089467 79631849393737468
2882 82949744
42 10354293768472
7377 3104826
1967212 6311017965675379
73 4521214493815651
2293 30351286791
7 565
4 9546074269241623
917148 20381939
6316 37674845307122
436 331182287365
28332424 32619963108
91 593340
645655 18562375791
40690449686 21384377739485
819098145025 2568073036015329
32 92545573509930
969 9343
36141 2144987402870735
8 559326234389388
5171 6816184575281263
2145034163 60396064255
538 10111847183686314
5093891106021 378112689190409
198602 7658880
34360 538321114330
167 1096
9712946235123 313173496730063
31114848 7553816585606
6884927900124 9411164902787
93 62653825848289
3 43
96091086512 97144110260306946
6071262268782 2404858170975056
359 3617687759
4899196965 2543455288887
240 614250
978077155 173661749305
1142312231249 66713461208691966
75 9263
472 19982221541302
21966107 284686219387572
8817298 4489910217999993
236430 911689380209024
1 8488786895
8051 606028
1703 1789189868
615530 33655477
2280268399 67185672110868
