1000
44889451 162115427887276
335332 23524650171
9595 2922520
206794 71086439977
6094 71536714
7 111103401046264
569189 45803958277
328 86740
3991708928414 7540555623992
868 77324039787948
4 6706
82348 93553840841
7 20
1229 97455637650
9254 5868289308
2922626421 33706663689100882
94053230088899 7094633079255471
186844374 733656677766
67563 12535494
46080028472534 7396965943396358
9608 378139985829
194514196643119 95983213110939501
9268334 15999040872223
6384 35940952699434032
92 2698235197260
21615 6958262
767 7817468332
92868 56543589796577
20716751997 651019753262
2 1499298576
5718 35406
4 110
174323 95212043
63189 65101231
364 59013551074588
64070 258622
8213 140597598574639
31949 2178718528
189020760322 37422628366971
8 648283
453275114 533992913215235
5634667287690 617354569809512
72926661 51846705102
780669 392203935
3884928 9096709735
18321 1139213229230185
3567506 969976219
836855 2638339107
21921403 85483692435
4697 18311523
1356792355 46709209710266682
4 2810308443
231762362 155467454779535
7 359913669253
862 11828421690
971017 561521950
61962 640064864802
212929338032 22868642457698
62 6300695196514
70292000118842 743408865524692
8500703 969489464280892
14709181 877613233213
49546 340049
6374415714253103 9056943724240871
7 6431167607
74507183459388 63467075709174399
2913 548543343
532218 4131124168774
33775 733295110
768255653 2655428740471507
3 155994711
32 134881320080763
90528 3907864279
51 23856773507351
494773 356762093852
422226 9787239
64328 810697351
3 72921295647230566
21969 120134926869
36428454 85824275033485
2 58755675
92378 8045208705391
160 37882670847146861
452975 3823909887067351
57863019 99487989492392329
9449430454 36172860381
47632178232 68511701264204
5 27844697978
7 903109522414
24673816823 6882928515705
3103830 3861812
765023771032375 43374559854904462
301873 364638
17464953614 58522588146238535
858412387 417924160143717
1357452 86644456755
7873 199561619
6469626 12849511698032127
8 769617691
527 90414588857972186
6 28516127567194
989 7314247
23916852 98565848
79 63563771731789
130065171145 953401238177
8459842868578 9241694295456
5528934898 93340830571176
6982 14630083604
98 43794054254
22205261303 936396932626701
170512866 5963396128
1 605875
980 838080
702 31074877177676296
86790 4108332862
57890893312059 1240519118506295
6 3444
4619 943026078156
1340480854 52876194372428894
8 1327819863898764
32528019887 98362700706805749
75213 546945962601244
348848813687924 20047109811255229
850093873717 5925746649784
896213 420223032252529
775 734365908372
75937369086 273840506963082
661430 25527382485327
706 16909093
8 9906688438888333
83 5393863799817
1 13
236 8969642
904887 97308157065239
45 15149817317
55532 645597801907
6737718 513207758758861
822075 82671987690
698 1548509
830 6130
4 4
531 33976907995
3 5235745975304922
7 35
3713029642136825 6507044359060599
12038 5006052
99001 2716798288010168
67756 60813551841185858
8976554 75310849452220708
22 855
71877 74385126790010710
366409 6249966
699 76120
59 3113113977084200
51059692 30793785899200531
5833086057 8473082131989891
19 93235258
95915 47577409
9 9140945099572357
395762190 14934549674307807
455495 52349014184378184
484488969065 78368395955450887
13 549110784494
68463424636 625681661453
62 573191974555011
9958247912 697142310775906
16 6574162216
960644970718231 13419880363952088
567 90871156210298
112041423 63561274836
78 37626979385
529 20936482
1 4186
9792940683442193 84134949906307662
9216332650432 712827895352593
903866 158191505833
1666 6329691186
67 10600792409452
8 30696975668
56183029 739516225735
93728 98604999
845600 8045650745
259660 740270
6390 96732726435
492064 27624701290010
750650778 60300611018934
72557 4768941
43 320674222207277
4044832 779543700424
545844 38890259707977612
15059 16310849
518 7006893875
6157875131 6196116106
640 28218
227724 7492165690329
95067153350 7008282384825253
12814 7231271543095467
7 48894314632770
6300 53270
288 77926730244
8314978879209 77292885012691
82 83010110060
3369 300212298200
427 12155169185417
26499 110625966
50333307 737123618
3 4
2 5234008051
6776591913 913509221802652
23782 5880913432976778
37576733133 3649298975752
4 5347097960475
686 98670
570601546 38187902962
44 5845922958
1637 214536
5 367963928
7 52090609746222017
39322 923464
24944030965166 6043975114568119
355 9031063948236216
7562055213699 4763376465160489
36 612168796
272826 8482440745267538
72 93607311752497
64 96436264556170583
2848032 2517233332
5 80851554840837929
8 916
9 9665
583 81729303
965 9349849685993559
84 3998
55060066 2708496084854011
894415888386 8756484760640
675183 45371020626306246
934619 9260280
36432680 283688873
9422160390303 5733750255043818
5330490 5122439382052210
7538446 173992104479
275149 1902542909888197
9894789776016897 32463571552427626
2666102609 56295919798481949
22 3612
336233274668 56669929037434
5908280614 331634291105228
53 399182100
416397390 350066339462517
471861946839954 913560072835340
455 789501230803
9804 53894455074519
131487 39229792243
7665950352 96611710956568
22 1386484044767586
297 22460240
25843552387 762314774541
156260 571171665199
96 9007550847
7207607 744929138496
5468838191455694 44110365433629675
133 8030065711770
5912541947612627 93316403625951862
28 86132996378164617
41579 50367445669502913
10770735973 5912527746884
692296 855590485214339
211762700223 7921725434753
87961 3283728294
9 88370202645
31302 24326430288462
5 5037275621377
6 6538595757900
1259 783750682971
954042852 965460221
65916358865411 1545844601203633
92167668332 2642320768973
319176 4957061149817
18387858768 58626516050938119
3 1051428808309881
8818 801509
9916554 62764765783496
395740 4749758
9667 8407312900117
3440 89536574
8823 4377904
2674 281350806672
685676949047 57997152456952
8278988 85853768931919
4 20202980308198180
1560693624 279490203406688
768410970538 3748924185560132
230 612613875622
66664313 345208295249280
8 1808092
6 23187
5075611206585 8738015868996499
333 64730541402
501055704 333301735790
72669 298658086
84 9814566882
68 14657
8603 430419530
4544 427673671928
10965380052 33512340059
2660 78800473275908
87 84279671
7404404708 80400691156
32878740 22852225080023
1712 84649255632728
3440 137761927311880
734 57606197312
4156341 1314706649847081
67728 8141889113839798
1 555771
74511 9776780820237
3 7996253946
5144971 5334526540576157
445 6515071526
9 32450903545489332
310 380828192116637
25229 6266317
117082 513625454968
915863 64360797963412290
7 9310525
1309621747 1891557726
20920 23243091591716286
6 97
835 765119438500
719048 3803995980
871384693191312 4154224214577807
9671112789 62358391338
978236 3130752231144291
68 35210250610385
292 2227
850 4776922085
1 10
6210215420447123 68492348372743002
80 3954447192196278
67081 2490579323914057
60 96923613420
53414 7124819251511
8791493 830014666
7049 34210356008
5 39179880295855479
21515295498629 18658708203060113
94913553537 84571441493710
11569 6253808197253
296037420442 4962797090021877
242745 677422123060130
7958 504781412030
42046 9083415016538
8855593855 6861002972872828
4960945630 4347401635807691
5 18591095202770
774 33597150300169388
5 904
39141 15494122483
872171303803 783934478211324
3102 17719882208
3 146
22983308 72707946214534678
5 88727118824756301
875269 65604457
38 53985450203381
31125270203095 9464240192713545
33 774898804349
692493375719 6217734755056759
760347604 6681663064423771
7825 5434606065861
43 60864398061335891
8 62136
11159794 5550007819974
3866 4176481552042714
72093777731446 127436472768324
16941710642 601337709480914
6047072352568480 57109536644265262
98217 7141666542369843
394342752813791 44525368419846607
226416825 61429622192418
52844695390 73493666287020322
496 1964891655656859
80541393323287290 96614465555165341
901427882 41025563282
79824266159 94839033533
3558403092 7612781087816
1555 1980280048663657
1862545372 939359935583385
79 91287249816109654
817 141946421164
6 491509246552
769942 8565118
91452536 956447966402976
27250 27903899651048
3407 8895312
2504 9994604
6047 2659287
8323204 4240327390458
4748211125800 16013282246490633
122140 56145100527467
5 4072
448483 8649075
2523 829529566
7 664030234
5465 499681643591
517374504050 9412053922208
96 37819194830090795
961 6446888867535746
8208174663 89087163816
5432397 9226099191
461 52563649763
147 10715050929082
4814635845974448 67410251136741455
1137273116583232 10938389234630243
21891 427053847271
453494 516573
93538487352 644948665942023
96802 4718598
50464221725 803507380632552
802938 8299246
356423644083234 69411441425890006
8386 4503665147379
7300 41778
972 5877244715
805448456372 2879702570543
96 555
306 257127491966
51 1024991
7 593853
6 9935529
334966864 619452711829
9 53148981936327601
8273084547 95854433280405
4327002977 62012630562394130
311730 639506828
5800840 342829050586
826219914 4399558967
124130 536838899834
685568153504 334075179598058
5725143952 630481849318333
8 953982
2058472777 87202685912998
40 96
4179027 8586988585628818
588457987 698985764862818
538335392 48397387855732
54184 4371231016700116
73775 507758905
165187854 9950073743
8 84398
86137 11456653949
57475 6891881497174925
409942 4430382782
82111920514 7738672228722
9159 213444949
526843 411749511
981903 4868173817
6505 143082608663411
9221330569 5239511587940
2483964 41766201
9980491 780185802485699
49 8699789848
6808103 58613224484
32851 9935193304556
72 64188532391030749
542268716750 91465977109950332
48644416313 7665547238527240
84770137490 47714460303257191
42555 4981614001126695
3957348718746 4800228846790
7717 6501392366277
994204861785 7944596845204
23842016054 44640154633410
5 80652
55907565403037 451392318375763
107284050392 7033162614641
1858993275011 4051258454414
892042155652 73115627323969
1453 844463006165
147 9946621
174 857
336 36045875440555
7196 19740709088791545
31 983446
2269579558 44038957563812
4 43
8 47
979 9682622799354
39235889577444336 87501770825363408
21 78948802537179
7326571 183030594194105
7 905156
656386801770472 79017178011065618
8081859 11571793
524936 73561701079
4842 807897
3508397 46869711077369776
692 65849500227
31186544 110209016
956 30454649162215
54795091636 283821313957
69094936259 745502349421439
129720 1853308344058262
1495900195 1757119613
9 9820
736851 12369907600797952
30 75505
157231592709300 592619486455951
7 86345517569791
599 2908467
814 102489756
33393 2338167213112591
19690923303 77436199832
61023386 3984974423011
98657399612 92666613553988840
75194977422 7051574172655
4 894166227104521
7902843671 789060409241063
887 381577056181171
17790 220683454967654
85768 231862791761865
4 221278071179
8 84472123192
860107632 5744366556529818
842 21451316
3869679 752879431503
4235236868463539 7458227649647716
23 224089
6663 18611317
9161647 2583075310
3 21154405
5460418725 119360235431867
257200 7648914
32323 8100218661548768
665 79631
233794 290259323409
378370 531159012130
74 90214238769848872
439 7729041469
2188 230269940
8989817 6973333036054
30 9153104095824
331 46390
75552 27061187172
975628 459050427956027
4844 376563102
6762488657129 95392838713577
363924 4678524302
525880111376 55151944491372
3 9
9 31327029313
480 1399
4402533093 463895285466
775255117582 8174261654641
28 2129
28005 97252
47220496 67351306315
4 702213218185408
408242080 93368410241757
136 32675479
41410187007579 42595331591068150
41401132981 962559881692
220 84459772
1 33
45316 90845
33837837 4699144595487
1 677700470
9 30427
22 43
626453716448 1211641611671
6319732806968 656178715286823
948 84935897
9319 689306603458372
20296 77316
1153690812019 5897611879923606
5513131 27855984
641100 3269579347818757
836874 4891117171
91957649534 3721052071329
1514 984576864650
26733 103642450820
76181 5389749524937165
71360086227 5033873792005
853769 106767710804708
29 936208266
768 15465523703976845
15 234015470
9747 1053957620
5270917 38470635760
2022902 940457455
1253715 1778460
99957199766124 486769320220601
826819019690 43329008540780
9332621 8102705858
210743215 2911976164145588
1072284373901 96386138465897046
254830225 6616256880836415
992 27143185638
9564932748 267025824180
6 8673978635
6145 40809854621575423
23970 2445356303944
9760397940 399846752473962
7 6681
33080228 560328153222727
274176229051 9981246051383758
974403 97142397471
178 519114974810162
9488998389 46014407567227628
1 2400491377369529
1 6643021205966107
240 994603665164
588 7402
919345 9435098574182
44 588968840776483
50 68694707
434 3440524714362
63787 16950740412168
994218 82430511353
95063 495965489919
9834550 91134965
41982858647 547782371816840
120 3134434810676
7508961 50947220904
9 1312194365
29 914
2 58897980545176408
24402331 3020930109905356
7 50541985930549464
217809357103 775772902464058
45 14585032
823070734 97846334526985
4056494278822476 25066226925490518
8789 50706771841
454 43884158285569237
951 529549
4177 6963422
2 88788517056122
3853531 84249000399196296
1229 4949397824430
9 96315964
573159494451 12791111135798592
431262 268739598
4 88720436372
3 4522018002053052
16 3994824105682
3 522
8217 450877281811935
7892 66069
29 62
12784911 4305393572
2000 73129943
86 40895068
5347036 157494906813271
575 76553
72814 1624350
7850964 37980706461746
5218 9204555952844560
9 169180
2 898
66 946
4239276974908 538572683264364
956260049 823982140476822
4119103493620 4777124972353
69 544076186727
90978194286549 46503122994817027
4212 8504646
740468 8809243
69718 87614761326
2 5916371787581
5915742142892 6273307174267
90 54159342084886
879743 1689026268675530
1492318 403489689775095
48 28951956180
2 4668147731052450
6 3325156
182676 779885
633485788162 16408198266049817
469941512120 401507287369285
4804852 9061221161
8 383
179374 81525631
9573161 54554035730
64601 793199684847312
245 46024976871
84 108
740 2378261702660
6925 673640048744
4 439890
877996 704754419630989
5894423 8872153813504439
6314487462 2554036471511535
61930102287974 40235579463283768
4450765877 176545130533
959 9334191764299643
248 1096946628079
4033625444 67056795871272
7 2796
1 94
841288 56489026663
9231007 71672204001675488
3420 421021
972 1627
17314975762 92196210522245909
6438 174762903
285040 129669383838
50851 72879708751
507 452131636978001
6 267296594
7 8
290600 308508429312
379821796627047 4714376749450633
633410 26834183252005991
546121 4987884211
318762888771 90479223558894
4766874792 61517533327
6 6621
8409 8649
3 2020994428116
24766006 9987886578909
1 9334452906693
7 340
51 2085085
1125077 578907283
8 8895765736648046
640 93733
4530 6591548117573175
90463 5903624
831455219 5450127655212
127641028 19928492711
82820339631 67932704898667839
799621 85487410695
13621891580 651460030642527
736809 797203628
292 8407020031523678
4 938751602436408
246603 270713572
1858678 95027565186217483
85 3790039515803030
83612320 19378769962116
4812119545881 232281088174588
34522531980 80972301879850985
563 189184487
4434 506521033852
434489 542608
620370 8234862
5 657957640000954
323 1008
60483910 456918929095
253451 419359
3365631 9068167
44240959 89530125981298
8472 6913353423704264
35548022 725630849188
1598909995 67351617499
44315126215 50730977340078142
692 71816123
6113561994 8635703313686838
11632789 1933689939984233
1360 21765555146
80 22413924976309737
5689132 7983398
3221 43048743778559
409430362 527215866
7160830302216 49645527733358978
2307130 9498914238518106
800410 485694753574
2 40059
6404 39789460836313
773 7465
166756993 1875125665257732
87 3033811688593693
1196 3556725479
39807 1219876569
1777444307725 657540573671527
4033 6712019268
704536746916742 95387071942681221
15830229 7951045423547
28167682008424 17541433938170062
19859089022 3148573004416136
3405831 877552672
48311 42487083970417443
272 551882782093
153040111857316 8484368484241798
39062102 159353059
58912 65376
3695489847376 277891011881356
688499510 809356874938048
13751156150911330 41275883293905826
8686340049274 30369862664251
54 7862824
4085362141 2175295775167149
52665614587 8548756018279
6513290024 8985162750210514
628838 55712945016649
5 75675600324
276134 45375414066243
439 448464793146811
4 440403961
594 126966007468
260 8670702
610455545 946317277243
8 4292196
433953347656 582301247642968
97191694951 356035488333893
39066359 1312486267521426
149105021889 860906998566
1045 29831655
5382 842721839490314
46911076 511554117040871
3279879 428897660736
12081 7707337
19147328394123 66279934758189276
4 544996528088
677 9198228145786910
5690 41173971953755
435 13134396403
6307742 42017504303915091
588570 1284237489651
1632 9144962739
402046541 59166749941287
8 299
95373089998189 10136992229135931
10431542463596 83034458474967393
2946550291084 854417763929201
721 500965489
1 1417
25 510751952
338328820183 7362115101308528
2764284004389984 7680993212052210
84617870989 362155268570725
6704187 8498507
655355249326 323677252181533
65 884232114
53693 5192419154699
249833 170883571230
1 892
7685 55545994028275
9 13929633530718
1141084736444 69850892294162
30 29729841812635
58005 2917964428898
827501951 64824950321
19070 37491327
93826 1071374561891303
20 326378227
86378171 747195572700
50639959687175 360627923797619
253077568220343 3966873941651407
71 953689193396641
10398730 45407602162292631
6534617811 9779174251663337
2 5427398662
80899299873718 8080374629003904
88575139251 311103004213208
486363236741 98470573598723034
72 61636221376415
87387442 83924927540
9542 68682314
54 83148569333237650
2 27815368
778296548 8723482847
7830 5008757982
2062 5907882464959
784 5299194804226
1718 7440491374587647
39 30972
284759 115031898
743501518018 55984475693624632
388481222230577 7102683157530901
6146563438559 188200643692357
49621847495510 260218991529078
2 783
714 508928542
4375925115 5524129265
10 2313497690295112
473 8552305468
67 3760823968367362
9 27294
42350039667 78993589300897
361033605 4441371360
4 1965965152315
1 46492043616979
87114266501 9245647882419680
8090 84481104
98946535 2166746266
40516 376045951504239
9790 963525310015371
7 175879020638003
37240988181 8675166025959226
7898713 570066122170321
1165 4667685228
75 49875
1025 6468932298314
1964149203215 432901099770416
9132053254 84650272833
8 37
48 54085
80 82060792633960355
567 652553
11401120 46507302875435282
979742465 3596148878377831
1978 2192863738113
92 463266946274083
8775813123146099 88243985931770340
61 658
36 15714684027224365
8643991680730 68938130674257
904 81797206566659
350076 6289548183086
931 67753
582059089487 558155903424913
29 711021025818
6 984153
5419778683095407 5508886221862846
27174 7684269
681 121700332
870 203865
22 767088790342
723060286 9606038857575376
528 537199577
8 49420407974
8 387941214
103076455 774945719568
7535501476 1984129679978
846 36966595568
945 5461
26 55741
9216450947 893140920686
5916351 73267549473882
31636 951447335
75185335242 23430896529217
112 6919
5 1209649095593451
74945 263568
1 3027537492
4 683832208871
1193 708775611092883
6096 58518515
7475 8963668479
13576338 1731376469320799
43 22319
63 4654989966569766
3108765554 23736450551305280
8 4517
395466983 54267364120983534
889605283177 237902865264029
87344 8337519
98589 374792424
4393245160817 48518490437573
340 69758
30039577 35707357
5004991 6034057196864971
72069357141 791461963363757
4303417 768826112103
456193 31457191534047677
1 132
457 734308
127 617394
99697324831 80747279323975
63716700759 8439191307493851
83110209528 7706099124128079
47249663780661114 53434858853035405
425971126 3488102270
29845958 79870782978416
628732 59766924818623605
388291073 725390509
589093 74034424763998
6109 76779
1 337
857247548 97145264682474
299283 727804483
2434 647374954294692
3696853886 13129276492
24909 90331137625
8061273250174 2633085537964501
22 56578199
32416946511 7708816054429322
3 96734
4183 70423
33167 9137771
9442656 443102236466
9585 736161429005
7 931696
1352800 2231133887384454
13378959687 58796679197428
70924 749347163932142
72441231475 5006655108725
35680634266570554 96652162036590081
4 666822
677 691
909 9438440453019
808823 346997800499
5912282375 79633385675332
1583063 8581700
23 969311
8 6622203925
52534 71271702
1 85361703735
