1000
31805 761354
5552 50084
86751 419247
739 3637
8 3719
126073 595481
6 8137
5572 59004
4017 187504
92 10259
99791 705904
247 1598
352302 709491
691 9368
60 57285
6 678815
8 375
3 321734
4 307
60470 187255
44 49292
83 147438
63 95
782 9576
712 887032
9 36026
63920 76880
7393 32154
337 510533
215 766644
56 907528
1 418184
61327 84191
9 196605
18 69110
5 44536
185 214418
9 302
1 5
20 37
8 98314
336 6313
4 330974
5338 277373
42 47
7276 589314
910 444471
4022 89999
123 374411
55 943253
171 575116
6 253696
5456 829672
5 166786
94 9666
53 944
1 114
1355 6804
932 64332
853 96835
18480 524663
685 5900
468 30253
6447 8177
63293 244892
89 894575
84 48919
23 4609
2 74232
1905 965237
472 558
45 54
9 9997
3539 478438
33315 81196
82 96645
90 59504
80 325
4274 60634
4 466
268011 702172
24658 55685
44 523366
128 505
5188 81109
9 74
5 98894
6 72894
9 899
63 1969
25357 69401
6 2697
670001 805269
9399 61508
38525 729041
4 481
4 237
9 710009
187133 765605
68 4042
328747 369316
2 46112
2979 24251
19 89
2 81
113 51389
1 8
8 70
411 22673
25540 92438
1 338
44267 448333
368663 385321
5 10683
5081 88226
6 394
55 499355
689 449829
9 682
6114 18217
5 39630
43 2243
7 50784
7 4158
5 302567
738308 985330
6 7
80 434302
1 2637
20 530360
68 791583
7 73
933 2851
922 725018
51711 62499
74 76
66 985632
3 90483
68 2907
8 611292
577 2671
8 72272
41 998
2 31
4163 5000
3 855
290 976
7 75
8 73
5564 939092
49 267868
111 55008
2 80254
3916 97495
42 4574
434 4361
2938 64843
19 44674
34 88
633 3721
5 352
25448 75586
7 9
170 375
2 9413
78 90
354 25762
5 11
9 4466
510 911729
572 8972
503 63985
324 434228
84447 84836
4 69
54 8530
69 96540
2 977517
9 571
1 434958
2665 86243
62 75
853 78161
482 869
4 809345
41 585
9 46323
1 68
7 114437
7 99646
809 949081
4001 15833
180 18989
206 678
2529 642838
22 75
7 54
22039 838179
6 94307
69417 628082
83279 96299
7 19
970 8059
5024 437971
451 962
4 8
15573 148710
9 348
75 666603
3 421
72 784032
41950 427864
5645 39991
146 412
7 65622
92 77282
314 231869
22 770895
9 50254
119 760270
60 85
4 609874
70 7377
146 17015
3 74
7846 20276
1984 78310
582 6378
223 92598
628151 952599
3 22600
15028 839284
379397 975326
4 486121
9963 53730
2 74111
3 8901
4 40439
1 39852
7948 96650
8 7127
9 31035
2 649735
301 419489
706 984
3890 64317
405 822682
300516 553643
6 6
50 96
622 57619
24 10428
9 270
476 218234
7 92840
5503 64658
47434 49257
3601 385723
73832 378883
3 20
5 52293
9562 209982
72 37200
9 122876
79 87
7 2915
9 30503
8986 639273
14 7501
1500 9013
7857 454073
5833 67662
97372 726486
3002 80407
6342 15303
4341 48484
208259 312224
7 98
96265 844459
1 6174
842 470580
8 49458
7270 519015
3926 98081
445 387242
4 483
80 80485
5740 9097
2027 2417
47 4837
8 1422
8 44653
602 64983
116 621827
8 169
4454 938708
947 955783
8 488
6 572
60 7647
5 491468
583 1463
8 215
573 35821
297 369564
76 680859
7636 904643
28547 818984
89970 668951
7 179189
1 233530
84 720324
7 8
9 42035
5 782413
2534 686220
1364 965360
3 594
35 995670
8938 44543
1 843
921 4800
3495 7958
77 359
19 120367
12 793
6 5734
670 83018
69 5986
1313 627866
3 8
3163 10228
629 12693
90 888
4243 172425
55 741
499 8226
4 246
7 8
9 680180
5 200
186 35362
83 412050
33 958291
2 55145
74 17043
30 26889
2266 744096
4137 8796
265 553
82 649692
98 313
260 264
24 67131
797 7729
5045 66833
53 881
274 61592
6 68794
41 85321
1 94
725 887
5 95
3 23
414 9738
9133 904540
65541 134013
5383 92296
485037 649987
13 963
1310 6239
4830 50093
22 49
1029 60104
616 958450
46 578
8 7713
317 729233
8607 740049
5 6
499 107920
4 74
7 8
503074 659802
69 14083
489386 930657
490 30780
78 580611
48351 59242
98 3836
7 9599
155150 301372
5 2550
2 98446
205 1033
8268 48396
3 50
96 3852
7 9267
4 843216
7 828
1656 4759
9 34658
176 649
774 682376
4251 936586
4541 511890
3 2745
2020 968567
7097 73058
1 407714
26 46761
5666 993593
7 735
1 2127
9 45066
8 1348
3970 84021
5 69
58 9576
15 116
9 464
5 66
4 97
642 69303
493 109323
857 289110
2 3
29 104
8 59
242 716
20 543
1 128
217846 874582
2 260964
7 8
537 25063
18930 21928
20 174430
509 759
2 656905
6 7
7 1125
74 9627
363 3647
2035 6320
18 1971
73 33700
8002 68605
3 240
59 930253
2 2943
286 36331
333 233848
759 74807
9 15575
96 33376
7 20704
3179 76416
61 8533
6 988
23 41
4 9186
4870 37450
876 5763
430748 792924
894 2245
4890 5382
1071 522913
439 20288
17029 87274
14 8076
4 208006
8 54937
1721 128412
26374 101781
8 46
15 16
89 81512
48705 98028
75 144961
649 48498
24 1554
21 230807
50 94
68327 184392
65 585284
981 1645
2 6
53 69404
208 406
3 670
496 84791
2 2852
4 6
6218 8929
26 32595
2 2867
8513 344098
1801 50812
459 748
3 24876
7 22
4 8553
6 50481
1067 65349
42 229
268 964961
4683 62300
21 8154
8 797174
7 741
4 6671
30 72265
9 43230
3 200609
96 8774
52 6471
7 3433
4933 14771
314 913
9 81
853 372488
1 94463
8883 33930
6 977
2 653537
921 709289
103 487
18 916
14 33235
58 85
461 83744
45934 390464
40 708
2220 651316
13 65
4 712643
17 65295
25680 45296
5 15
6 57022
311 479779
7 376
7571 8913
61285 544274
760 9508
71683 145480
469 124405
30 44502
1 155610
18 301025
81747 89710
621 207365
4 7
807 883
9866 28359
32 250
5 11
52 279376
8 9
3692 19164
58750 621612
5945 899302
237 535
4649 60847
8040 396690
5 7135
5 596136
9 7545
86 1277
52 463
3909 8293
1 5
6 9
62 7978
6 748678
715 934925
673 92767
49655 161854
68 169300
6 58
7 854960
98 606160
8596 98609
7 793
62 65378
34 59
17 42
4 8
6 943068
1 9908
79686 255037
755261 886537
134 50774
104 493
9 1434
308666 628693
67 94537
137 15130
2 3
7 16362
52883 769432
2 992
37 118574
3243 7885
331 7947
693 842
688 62815
65437 72558
21 908361
5 7947
71 35822
9 25
967 27243
46550 59835
3132 297367
32984 269926
738 233019
311 24472
26 2943
9 217
757 953782
4 83592
493 643790
70 60666
3367 71445
799401 819321
9335 91027
93 386
412335 547580
107 673
778 4703
454 168880
178357 272777
8003 83973
1137 38027
547 4919
8 323254
5 61
7 88
6 68497
25 623
1 21
678 27435
7 764
141 13085
4292 899479
1 629193
230 4833
1 14358
12 63653
120 14257
73020 354423
30 29050
63 80103
7 8
1 34906
534 8310
2912 6696
3 221085
335 90743
41362 264745
186 7351
573 31521
6057 88156
5 179
79 50244
6 8
36294 98333
57 431
7 798258
509 546
2 7
2 26149
341 982
2856 4505
6470 889586
409 702
792 992370
31 55002
49 50
560 686
130667 353986
111 2996
87 232
8 862330
5 70
8 1534
7 759451
7543 94250
3 843
8 1480
1571 398413
242102 428008
30 230
8 39
4 6352
988 35989
9 71
56 1868
375 7790
6 16
767 80461
2 33265
109788 641100
9 280
31 274812
5 48
638 86650
1854 7597
4 51913
84154 140507
19 4221
22 48939
517 63458
3 78
70 564
321 853667
395 24058
65838 447541
9 143
342969 739697
3130 9294
18 4096
1085 94290
77 14593
59739 952941
27 8345
11052 69279
65 543568
92 271229
3 88
347 389391
2441 85796
4 2010
1 8
1586 399813
3 921
1743 47326
433 139039
53 89143
9 7899
495 85726
49 8698
21 147677
6 607
36 45
7 630161
16 455243
5 1854
82 212849
384 49344
2 70
93 372
7 875
68319 755962
139 925726
11 7862
4 47553
26 79
35156 830531
75 537
39 820457
5237 58483
3 24883
70491 809635
75 96
5 49
29 6799
8 73533
95622 659400
60 14893
9 23
733 174179
4277 9471
7231 7556
1 504
32 538
19 244
1 764436
4 48765
707 870
2 1813
691 866224
49 505095
306 455638
3 9
78074 94796
55 444400
622 123865
89481 918124
8434 58961
16940 892337
4 8
46 7792
2 5
2128 8108
4 1741
3875 55787
8 4939
7 128
25 90451
8 44931
9023 72991
1419 3699
3618 9243
3 72
97 236
407 168714
91 628
12 544
982 81241
4128 45027
225 2989
83 595
7 392170
7 547899
23 607714
575 9896
36728 678867
2831 73261
3 618
669 42317
91 771
46 599
5 60012
2194 226093
4 245476
759 1311
19 966333
87 242
653 44658
931 292245
1 9835
647 604370
61 640077
82426 694357
3 518
9 68
6 650
66 160716
310 514351
908 23108
1 937303
4 757
86839 96886
8 205
219014 594684
43 63
2 4
820 98429
88 80241
8360 96920
10 545307
66 104766
4 5125
8 471389
22 9771
19997 328795
340 9508
1 5475
5 80879
750 20720
45 350955
812 426322
66 651
6 772399
47 614
2 7
340 959326
651 4458
7879 319737
5 8
11476 330910
7 593
247 60450
6 83
851 436917
776 81926
615 4542
18 81799
2 87576
7330 767375
112678 808325
266 7278
94 57936
18 10728
632 14463
323 39805
82 648
79 836
43 49
328 546
9 498
6801 892293
59507 737503
6 12
69 9432
1 41092
8024 222201
647 413945
8 33965
2 9931
17 82
72 8982
7 63253
6684 866335
7 374
8137 19789
9 4837
969 26760
779 782843
777 201817
168586 710824
5 353646
5786 477374
9 275977
6 48
3 929496
221 5946
53664 591541
8833 722538
6903 851330
625 636179
269613 543946
95 3267
4806 40988
1990 58599
2 2
6 3124
1 36
12780 17552
137 2247
6544 71242
39 850
6 79
2 730825
642 718
8646 31326
640 476208
943 40043
6 42177
95 9132
961 89226
708 994646
13316 243062
809 58927
7 156
6014 367818
5745 896546
2 393
766 493293
1881 752207
18 977318
59591 132186
50 310037
41320 45830
4 288891
32 35320
41311 633653
37 675596
4 888830
79 95
9 362098
67862 760058
4 18809
18 9821
266 363
21 43
889 87674
4785 161920
158 8670
2063 715982
6 596680
7 12
82 990875
2 3
2 8484
7 2612
88025 485438
4 48935
579 800055
340 927
5 397
8 8414
7 5688
2290 7859
46 73
153514 708981
210758 526212
5 399240
29 808
633108 662795
5 37
19257 188078
8294 252384
2 15180
2 3
30167 50587
