1000
916 65506
353598 585816
31 5901
8973 46383
31 44
14 35598
6 9662
1 6
278 941772
7 77624
8 83
216020 959313
479 574743
50 1732
1 73
5 356795
52 85
8 281004
22984 187653
10307 209736
32 998
19574 40951
5 576075
1357 4858
4058 704323
6 1632
104332 923290
49 577341
92 47911
74803 408646
72 239764
3 178
27 356
2830 771155
9 577796
30 498
6 7
35 111890
8792 29928
943 90530
8850 9748
59 95
64 55749
471 281412
76010 81264
8 485044
254 896813
371 27420
17 518593
266 24366
40 478
5 33
9461 31954
73 89653
16 390003
801 1391
542 515768
235 921
339 20356
7 833464
10 84
7562 7684
28 6200
5 7
9622 30632
14 867
2 707
8768 629582
46 35607
1 81402
272 1290
8 78548
2 83
977 53923
6 51043
6456 88787
35 2652
2 1263
61591 785813
3362 323376
919 6532
9 76084
559 74266
34456 442733
427 5486
15 693272
82 841
68 166246
9 361
8712 75401
42193 419666
220 638
6102 582869
2 280532
168678 908238
27 45
35 890
8 958586
1 7546
4716 7260
56 8471
464 506
62232 407667
3 983664
11 228
2 5074
1 108
48 22958
16273 432335
5 766
4 34173
15785 50451
63 711
9421 744464
1 24636
230185 462338
2767 65911
9 4108
5199 78465
5 39270
26504 37347
941 688289
603 28755
39307 876461
8436 304134
578 94230
4 598579
30 92847
10563 79006
2 136884
9 86102
3 7362
7 220203
6 754960
350 701
2649 3281
94654 511738
85 54873
93 286194
600 8594
48 759
800 83810
6 60378
4485 7310
7 2063
60 693
4 6
551676 821062
23749 89760
3 5222
7 4886
5629 152782
484 5943
17 8867
742 51314
5 96
12 475
86445 248502
4 398
43 269771
596 2033
73 6848
5 378
87954 95717
9 7416
8 3063
95 15912
1 284341
7573 54435
95806 758088
181 447
9164 497220
9 477257
8 547258
842 4985
9 35602
26 95
7 6369
347 42867
936 21209
73 755780
532 613850
3 23523
58 73136
116 3856
3 247979
550 189932
6993 78694
417 39542
84 64480
516 937
5 2991
7 22
31916 718782
7 2130
7 323
390 571056
17 73241
986 8132
4 6
7 900167
31 81602
392 21465
86 734
6341 541186
92 261061
829 45141
580 2482
7 9
2813 59689
1 735
286 472309
267073 569793
68 7655
15 778177
2 7642
44997 75774
9478 42596
430 5437
43 683684
66362 784792
7 7577
5 69943
162 77417
53606 619536
298 5294
208 583542
80 572554
7829 815783
4076 20165
238 287354
54659 443166
957 25124
35 72702
51 7671
7 30051
83 40175
3 4728
51 800
85062 686304
18 69
77 717721
66 392
422532 634952
219 291208
2 4
337 371230
5 52
947 59750
6875 25998
26356 601340
22 898
2 886
360388 566458
954 3504
409 6862
6 460
781 594646
8 385721
2 77
395 9049
24 3173
6 2772
55 522461
1 822335
7948 22341
69 505
7389 23868
87052 782544
55430 435752
2 362
4 58
6 187433
8 884528
350955 740199
44 400
71 547
59 897
5 7
48 35961
7 9521
2 25539
3 902788
10 266
37 51410
339 30989
79006 312777
82 289
8 2597
3 900620
11 63
83 547085
2957 982080
1 989235
4 90
4354 23403
62019 805880
3 6079
3 51
5167 649475
95 396775
5 9487
39 908658
67 46341
28 969
55 763830
47 636582
818284 968964
528 9979
1451 2831
33 3269
6 215810
8132 17480
357 954
5 8
44 4404
1056 4167
260 407554
8507 53613
21664 701761
9 63
1484 5118
7903 79454
5 8
5 51
554 831
991 9904
97 342981
735 713858
3 7365
57 477
89 420555
39 761
733 80439
664195 678043
1 9850
831 25960
2 37
764 86194
43 157983
1439 48558
13 762208
4 10
294001 622709
5 87949
40227 635221
7 17
430419 866406
32 57332
2401 7046
3 5
49 974535
9187 15465
4 49
45 5685
3178 989860
63 811
51778 761115
6696 162769
91 34185
5506 964348
2 6376
81 64835
6757 42920
304840 895260
77 3934
877 3355
896 791486
871 889
2 7774
4 6
72586 795074
23640 637090
4 686
84687 446784
71 904
30622 761901
8 8426
396 4498
4 572383
32 44
2 6
38214 82138
8 848224
5 4893
2 42364
1639 72305
1012 53941
371 16025
10 561650
3331 869587
1892 11992
701 905990
5586 57698
2 501
13 6406
11114 631216
47045 55216
994 29426
1018 290987
7 721539
1812 48986
9527 9921
9 877
7372 834294
576 48172
289 93061
9 65
49 6248
6 54656
341 5286
65 69941
3 8337
606 122900
56 229
8 92
46 208
33 52213
302 812
3 3525
52 42181
3322 74827
656 216022
2779 27249
3 32841
95 2965
3 34891
11 157481
9 310181
67 69
6 49
91485 127483
8896 39618
77354 415875
59 9926
92 27199
9074 54849
924 8153
29 68
12 121
96 6514
2 803
552 80819
8 718
8631 51630
7707 32758
4 582193
55 848552
66 91879
16465 89052
8 1565
3058 272379
97 955724
643 698
25796 329823
81929 83677
45288 68341
5 237139
564 964285
2373 58971
121775 634605
8 23
2 9932
49346 52193
1962 81412
659 30894
7 45577
5762 62516
38 1670
471 1032
936 74164
71 7712
1 5333
25 5911
98 2139
6335 36700
473425 491568
7872 408119
4 321
2193 814996
5 4367
186 558
2800 840325
190 677251
27 5751
4 375588
28 57422
80 6883
3 971818
892 156589
27 94297
3 47
26527 685470
595 3172
87 57014
67 5357
5 54816
679 55518
60 81
5 75663
666 318821
103 389460
4164 5523
62 932728
9 721935
6 82416
52 6194
95 6617
1 78
5 82706
6999 237952
4 7132
9 43
173 181
627 101676
3 8161
8 2426
8011 43478
9 3360
713 81274
8 478
2 607437
3 5958
307 294602
583 81856
531468 823085
6 505707
72752 89834
3920 7434
260 703
92 626891
1 48898
9 3601
7 595
1321 168551
99 112
65 79
170 86820
72 740
28 966509
8091 80298
616 6845
1 9885
312 84894
958 1643
71 332
1637 41721
2 7
3 351
3801 80960
9 83697
7 829
2 59
2491 98582
4293 65846
15 390
5 5
5 56241
691 8201
5 41
49009 472355
468899 844958
44 56887
42 46622
48 4622
4 503
6 4583
97 4893
313 3893
6 67
4 2900
7 56278
6 724529
2158 9889
39 67985
630 868
478589 779970
5 23
10 71377
929 192061
75 607822
79 181
7 715427
1 9952
62570 476749
4 4
6889 866329
6 152411
9 238947
3905 52065
26 34
170 2611
5 393
8347 28899
9267 886907
45 99
24 4186
54 7496
479 77138
7 56
7 906076
1958 255982
8862 289233
158 769
573 175299
977 54706
858 71679
76 95306
5509 15844
968 498566
106 245
7 314
17783 496255
33840 995174
185389 396208
7937 43643
3 228439
16265 97092
9 433468
24268 63242
2 5610
54982 870803
8 3633
30 866
7866 388733
8441 783291
93 5913
5 5120
4459 235143
5 505263
436 7600
9 821116
50 3061
3 12918
39 8824
6 693928
80 222
2 2183
39 285747
7241 70483
76 898
73 9824
96 928
96 283615
46 94
19 830
5 7
3 59306
4581 709215
7 85239
866 8653
87291 96974
56044 430775
875 325506
184 5512
30 316
407967 446240
56110 702484
69 2695
45 55853
83 366137
93 97
6100 8096
4050 554030
299 112029
28 889291
81783 605279
60 1238
7 69
4 937
1 8
98306 852551
51590 98835
3 7
9 33889
776 3658
6 15945
8449 562766
527195 843688
8 33763
30 8389
2 31858
128 68863
60 574
23 451165
10672 94263
19814 83017
217 436
495 2305
25075 451652
1 445
34 597
17 352
5 97
2 7
73 895
5648 722001
57463 676671
1 930
81 659
95582 179349
89179 99658
1 571
6793 60356
3 33
32633 71681
8202 87987
74 62321
45 3172
6703 17664
615558 926185
1 790
5 45
59 95
611 59794
4168 293754
6 2052
1 44473
2 848308
8 974769
230639 666408
853 92765
364 631412
435 455023
84 51506
67 8951
1 94
86313 500241
6 995334
59 65783
6521 92205
8 26853
3 129086
305 99591
145 545
5839 247265
163 341095
579 4384
800 894
3 812
8684 236512
55 789
39 99
103 273214
64 84204
33 69265
197 61998
6376 28490
35 70128
181305 963247
2 76360
576 2313
69005 808640
2 3800
476242 954615
3 50
846 967924
30 716
19797 25354
427 2993
7 4925
543 907914
30 263
5641 479204
1666 424769
643 894377
181 456
2 2289
280 4547
54 1167
58325 714734
66 886159
1 59608
8 29386
70 859
3 71311
553 747625
48 44953
75 488492
58 62131
6743 23051
6478 783600
1 55
83 785690
1 8093
82 7527
6 778581
6 295807
18 8044
6 53793
7 25
196 2442
37603 112571
9 188
3918 9001
67 257
1 66
7 64
9991 361193
807 94811
326 736127
38 92193
93347 759982
75 79357
95 7563
268 881299
1 65
526 71578
3 8
433 36738
1 245142
6982 9708
53 4147
43 181097
3 363853
93 31754
542 925470
6450 398927
277 747
43 901
6911 69046
981 325263
5905 9553
94 46300
12636 87861
7 49
147 9208
93 7119
12 893
8 50
7 72999
34 789
7032 509461
74 570
7 7898
24445 25353
5481 957955
57396 74190
53519 200346
3 28760
9 575930
9788 23278
18967 49908
8 914
37797 86518
295513 335821
9 7167
79 3390
8 3824
98 95127
5 24
653 2824
5 13300
5596 40786
6 985
4361 87242
488694 520337
88 1619
96 2961
7 6868
97 596875
18577 78865
2 5
769 665046
54 227
563 232258
371141 732722
6 421
8 790
130 7894
4 21
700 208931
2226 707071
1665 388590
8 210
2486 75388
8811 34522
5 467303
242 50008
1476 58600
7 96
699 82682
4 27
33913 655784
11 6393
81 4734
8 889
24 95808
7 258
8904 91604
246 421140
1 201082
492 1307
4249 12324
5 288
203917 609392
49478 946540
60022 853845
18469 963469
17 85
74 29321
4 4
6 562
6 742
577 6739
30 944
2 7
78 86480
60 572231
81519 861021
4 75601
1 74352
8966 9707
394386 597577
40215 526904
167308 372931
11959 108430
4 25234
25 259223
1881 78002
46 437784
39 3370
1063 69638
79372 99825
24 486
58 318746
3 74
3 46767
720 57973
7 68383
2 286665
435 5283
490 926
513 792301
90 765
4308 67383
1690 3083
2 67319
219 5701
3190 5916
1 575870
166 267997
80625 816219
231 177436
1 9
7477 99930
3494 3703
102 566
4206 5040
2734 365826
1216 522158
3299 787506
23 361
4 7360
1 907605
518 7901
7418 282106
4 153771
1 801946
727 1966
220 495
426 61701
66395 232820
21336 47576
2303 44793
6 83125
524 87123
824 224428
1399 6700
68 712756
43 80902
6 5153
9 469096
347632 747835
73 9960
451 11320
39 43507
5 19
5 27040
5 263034
7 3359
1 7188
65 2684
3 638
334 39392
4 89721
19 74685
56 4480
5573 21060
1 50068
2 49669
2 68
60760 68162
7880 314311
6 692598
24 83
59096 124745
578 65742
6639 7231
5 6208
