1000
68 199617
6919 25477
51 718
115 3931
74 72896
1068 712422
3 836218
283 39653
573 4583
7 9
7 71568
38 5885
659 34610
56 389221
4 197898
1 9411
313 5475
22 933241
1 390
8 225
616 829
8 3487
43 211372
3 94
9 8268
4 5318
19 46
6 118
4105 9939
20 93763
2 978432
386 2863
7 9
47 98463
389295 809982
3 429
234 1779
16607 145076
67 785016
274 8704
7 87011
1 9
8 1659
6710 7761
62 6249
588409 669625
481598 893360
9 297272
81 478957
85 44862
77 683886
976 16536
637 353229
1884 735917
624 51967
4071 95573
90 2921
1 4
3 69571
875 177062
2 85677
1284 97743
5382 7135
806 304701
5 553
236 49136
7 21947
8 831
165 584111
791 823
3 748784
6 709
873 89713
65 5092
3 63765
76743 814620
99 301436
9704 69945
767 11032
303 5656
322 716
76 42472
58 585262
79 97518
24229 312092
98 8985
60 169879
7366 476685
2 6403
78772 467170
3 7947
1 421
24890 792790
37 87034
9 8850
2 264
546 967
8 3907
61 238015
87 247227
34 418
3 5594
4512 8974
3843 343428
4 708
3 882343
63 243
97 56349
4 4902
280 87625
76845 407109
427 446
147 85269
19 724
1 2476
25 39925
28493 51883
1701 656897
354 5106
818 947348
4962 78999
6 8
12 636577
90 300
74 417
631 467780
60342 509826
250 5472
723 6300
581 6281
1 97
743 54030
53 789081
299 37508
2 7607
718 6693
9 6377
1 217
13607 29314
48 932
5 7
3 914298
7 275
2 79799
9 331
2091 824207
54 732
78096 941333
55266 615061
3 3
51 14641
714 965743
24 7202
509 51287
42838 56560
165 493647
2104 641161
3 71526
20 363
3834 87722
36 770
3 415
576 8169
12 39
3 62
49 87663
17 73
4 56886
9 81326
25 743491
175 552079
6 76
4 483
625 55079
2866 828029
7 2812
4766 655370
905 7259
9059 28693
3 21476
5 341756
404 79966
372 846209
2 100
20 606806
81 727874
2 83
17 35
4 4481
7 1941
352 6510
6 248
2 531
6481 7294
503 330304
2 60
9 18
3 525
8316 46868
86068 187684
2 4290
56 964425
7 28994
4134 721886
2895 7189
871 31826
78151 79557
60 90049
2 79
691 54903
2388 525212
9 7831
3175 991104
5827 573784
2 5688
923 869099
3 823013
164812 860216
27 499056
27 896469
2 9987
8 87681
30 818183
41 488
3 18
7 46
20969 989330
32 542533
8 80114
846 9744
2 421575
9 97
300 619
37 848737
3 695566
14 996650
57 96
7492 14356
78 827
69306 84045
26614 29762
466 66220
4 88287
9 47
288 497570
3 5383
495 812
42 936
24 93753
97 203
70 696
405 562468
51 4761
7 995
1 80
754 6193
36 315929
389 3436
32091 994049
7 372
3860 463442
54 291750
135161 952344
7499 860277
1 889582
59 52550
349 5113
2837 866418
2751 267050
89 4363
3 3466
4 808089
8819 932997
9095 660636
93 75853
421 2629
68 484347
53 9028
379 9345
1 35381
2 146
438 118040
4945 5027
66 1386
1 409901
1514 2808
6 829
9838 466878
8789 58256
8 1050
364 62050
84 1392
150 9920
8735 9828
163 47072
436 7025
8882 921369
8799 255774
96 713263
3836 76627
9 43
2 32494
3 9950
51 1770
886 973
3810 98719
1 73
33602 166098
48 51
51 54317
29 143
96126 884047
702 637698
79 640861
94467 530376
1 2
1 45
27 3847
3 50
9 34
50058 353328
8 587381
3 7
4 50
947 9224
8 8909
469 492
7 17
74 179
58 4707
2763 7528
78 672
615 1855
7 314
42831 303003
8 7404
81849 82133
2718 4081
4061 6210
577 9464
6009 95969
68971 748640
50 673173
51 837
82 639795
41 3686
40 110125
7 20
4 294
9374 32369
90 50927
73 107
78 85
851 4659
173 716782
1544 8750
3 731530
450 21111
128 4824
3920 8777
273 2220
2459 5473
4 7
4 4092
1 889660
4 337245
3 247
4731 408207
700613 923876
59321 79848
91 667213
219 674490
415 169974
5 213668
309773 576169
70 78018
49420 439732
4 40
5137 6941
2 21
6 976762
45 7191
41 66550
5 35
356 5577
953 22756
134 775855
253 972
477 71295
95 135
2234 54624
87 4863
113 79938
53538 78570
3987 235218
3 74
52 448021
21 1102
1099 590046
2 6
764308 893552
18 5754
99235 742326
2943 431845
36690 96728
65309 345372
1 70
74 461649
972 29131
3 589561
531 970
4 70
72 6320
5844 927476
467 8142
71403 974944
538335 889043
7 701
1 562
25 124
8 930431
56826 67856
24 30
51 529909
2 860
8 5983
671 749143
18978 351202
791 97335
613 18259
5 85568
444 28672
33 131029
1357 55079
7 54740
4 29214
6 965310
2 316231
810 863
597 2791
33 77720
95 5242
44192 93215
5 42609
4 7
6 524
6 81
882 50934
6 24584
1596 20000
4286 986271
7 55795
256269 703841
41864 108134
362 4759
8 88312
470 700774
360 762
8 7513
7052 93640
76 7165
5 2001
9411 878076
1 119
51 97
385 373374
4 4828
9 305098
178 97366
67 116
28 14300
6 477968
12 25
4 85
446 9644
54001 62361
159788 232896
93990 906696
84 678158
7 27
4 262593
2502 945761
779 331927
35334 619575
1 13677
5 758035
3004 6945
875 28314
9 955660
95 657758
7935 85310
7 32118
7 7258
853 457467
686 6236
29 76
5 72
58 394533
7464 873388
2 467
69 891
6 22071
7 2840
8 32
68 4583
74 417
941 993
837 941
39 574
815 189925
12214 53649
629 764
2 2
2 87
2 823293
4 39547
89 8285
33168 44892
6 314210
6 27
70471 698682
461 290563
60270 65560
19 63469
11144 616391
711 755
4079 339509
3 530026
333 8487
1490 4120
49 654574
46 24173
3 19760
62 7529
45416 131880
63450 802724
59 18381
1 5471
861635 953818
80 97
173 1711
11 890020
25 354609
1 4
904 378680
41 440
397 365257
6 9643
893 865095
91 520574
70923 80598
1535 436508
1 9502
946 97148
83 5003
67792 175779
6 43
74829 211171
8 87118
1 2
51 82
1 332
54 14106
1 91039
9 6912
6 8
4544 94009
4 3873
533 912847
16 46019
26080 78672
845 811748
2 18489
381 36648
788 8504
5960 362622
201 481
49 578248
5 6
1 9
41 348766
8 62
170907 675783
904 21791
50648 594784
25414 749987
140 423964
9 259145
2546 153945
1 77
4 880
86924 105954
79 1560
77 81
307 610
6195 68345
2 6209
6 650
2 12278
98508 421075
37 38832
1565 4289
5587 86252
45108 55560
778 7944
59466 182562
85 426758
2 297
3031 73468
2 50737
1474 66270
47870 207395
751902 902640
298 793
193 23390
1495 61170
99960 687173
886 6808
2755 94865
2 98
41239 251953
8882 43584
4861 5362
109063 728585
688 23721
63 259031
3685 9916
13 71925
7796 89100
8 8
279 74008
7 22643
5937 981085
87 47416
59 8127
3 7126
542 408105
7 74
4 198
97 19701
81454 885768
37 38
7 997267
971 39223
702 571374
83 135
61 731662
43 62060
3846 76743
9 377015
81 70413
70369 804991
9 22973
787960 835059
1 963
62684 84950
9828 386081
5207 762720
9 73
332 3402
95 9073
39 25959
9 431365
8 64
33332 57219
867 12833
6 464465
57 768
5493 7525
2396 3265
189 3334
6631 33025
4 365
39 901
549 868769
87 909
5 4003
58 79480
24 7170
2725 667162
4478 204398
8 8178
74 25417
68052 436591
55340 77295
20 6453
4 8076
748 75112
4 160
7 809
4 8611
813 5839
5675 115975
6 32743
5 249
413 1824
14251 576374
88 93279
6 319
2 92292
4 61
5 99
5 7
98 2091
733 4537
7072 9614
12 1082
44 920275
337 144322
3012 10691
5488 270985
3 561
7 4150
11 83511
2129 405321
426 691895
7 9
316 674
5 736
4 828
615 692909
68 5336
3 91
3245 55079
1159 76902
8 7694
7 940
56 53422
61 2371
870 265720
6 609004
1 710
3 82855
20 67
9681 70387
9 936
589798 790462
3 96030
83529 457447
190 4130
119 925885
810 2515
1 896
96 1751
83 441104
6 377802
4191 376704
9654 387601
7899 74569
751 5801
38 41
7908 38823
26799 702628
7 32
85 732251
4927 686076
93 21531
5 431358
30 355152
62 4907
6 1549
6 9059
942 24369
334 513785
9 99
357 692
89 83071
464 4273
2222 73215
3 49332
4 7543
142 856689
6484 8413
6 9100
29564 51659
7748 24726
51 3133
9 31607
741 764
268 665600
801 1234
635073 993155
3 187
8 36101
5 229232
954 61234
723 19510
687 3395
2 221284
58 90
11 845
9 8983
434 580564
788 9588
9 524
28 8593
22 114
73 22740
436 1427
6 49210
4047 33745
6 6139
84 177191
3 553
1 315
327 479
6 7
6 39
1 111
18 672822
5 46100
5886 10228
94958 807415
29 526627
87 385
709 53619
20 137091
2 11188
5 808719
5 103275
529 9982
7 7
8 608837
294 49986
17 356745
5 565777
708 66246
13 196
39034 81890
6 62
886 25258
177 387
981 8154
84 8267
620 9258
46 565659
53082 119382
13919 997191
964 66136
53419 77656
399 683314
6 1833
4 303144
77844 881356
2 44246
4 9167
37 958397
6935 9884
6 4974
6325 557833
9 615470
8689 60564
16 706789
221 4942
60816 155963
97 756040
6 410
605 5720
7 43863
2335 4403
67 8170
148 4991
776 29554
3 69295
51 576
4 46849
33 593
27078 36475
72 314
55 2135
14159 969507
395 1549
451 2962
333326 769052
82444 512933
322 4846
43 348
7262 8658
473 586502
9 825766
1 79
564 54002
4 743526
33325 804960
297 6757
2 746362
8 84
503 57720
309 3548
4 21164
81 829
738 178298
4 50958
3 445
795709 862881
27 777854
793 845311
526 1615
6004 314733
982 2928
5 996
28 60
3 698762
62 257350
319 931007
22471 138926
71 672286
48 78
12 633
63 447534
2 83
1 34272
1459 31315
65 2136
5 6168
9 24
3 4422
48089 850310
347 18440
6285 13901
1 2264
37424 893570
699 568226
4 72242
281369 770792
53 81
4 8
56616 801937
237 26903
58 439696
5 1914
3 972887
290 1979
4 34656
1 424
4 40700
6 8
8 555
6 8370
2 88
65832 802129
8 47161
9 82
733 103842
1 95
45 64145
1735 9234
11 56
7 379255
3778 100974
4 329
830 7759
2629 31407
96 96
72 1448
4 198
9036 78853
43591 843007
6 91
997 173950
67 965
33374 968881
77 1152
74 96
9434 58723
97 849476
1 2
774027 829479
459 11899
8916 96390
899 75774
40 91318
519 2100
85 305377
5 43
9 51472
6427 56811
444 8347
48 324
3 9
849 96453
77429 289790
93 150
3117 98089
5951 24958
5152 97422
64 816216
5 75
84 274258
54 870798
12977 89091
26533 31139
88497 302836
712 882196
5 72656
1 387
71767 847347
489 7231
2430 3701
2913 6097
