1000
3527 368479
6 136
3 4674
41122 231509
97 864
99377 391280
329087 994943
823 625307
18365 390777
4 598651
13 69416
2904 84689
68516 99925
5 281444
838 31491
16 346
5 66
70 41147
3 98431
598 2502
4 90
2 3431
3 54151
7 2727
4 975725
8 1268
73 17810
14 6142
5 41
37 191359
4 78011
1824 35378
31 286
4 497451
4470 5569
1164 60555
3 66126
48 50096
175 900
36 90
63601 64186
5 9605
6 68
75 895390
573 3107
47 227
4 7
8302 278891
1 896
8 96273
6 686
8666 667478
326957 867913
3 4639
52450 881797
14 60
83 15978
79 9422
257 234624
111 50240
1 7171
69 52625
98 2597
11 65761
5 24199
40 7703
1575 8281
727209 958261
5 484
6013 61816
1 8612
3633 249309
7 139672
28 239253
5 118
8 670983
9132 965482
79 4707
8 3869
303 8962
294 29842
937 926445
99 301
8559 639028
437 65950
20646 77852
12 3810
41518 800455
351 2936
7549 78630
23416 816966
804 63188
24939 67635
47 5356
54 62649
3 4
75 18563
11 274
9858 36942
129074 141384
6980 8082
6 8
44 848787
2 478
768 9545
3585 76503
38171 42067
5 87405
5388 351683
17 501040
6 701
4 260
882 588339
31 703639
895 29193
52 15039
39 780
2 95995
28 9401
4 68
32 96274
9216 10625
5295 688267
696 876
812 99963
8994 49322
439 3362
4 7586
68 5784
60 193456
69 4303
990 195964
900 8879
9 8837
140 11297
2 5
479 36286
24 23015
324444 547357
7 123
258 4271
3888 98062
179784 420545
698 68029
48 92020
3 23959
591 5249
2 34
91 2984
20 5124
8 4678
570 1617
9 11
81 314439
275 50509
92195 603801
3 62
16 9508
8 340
6 8659
23 67
2341 3578
94 238
30 178
45 48
76894 198842
618 2594
21 456
54 334
311 9590
4 43618
25 6013
6 90428
620 1640
2 1308
5 307624
36086 429405
203 827
62 27158
99 273
335159 435331
257 415
9 46771
5 9789
2 86377
1159 78804
75 856478
49 880
479 565
6499 596535
8 124947
363603 795201
22 7467
3 7
797 1958
4742 78576
10441 81702
8745 96484
8 8148
403 3677
84 439997
3 616
66 9495
203 338327
4 294568
56 213
149842 578221
66 344938
23 3605
67 85
906 63087
88 5166
641 59954
109 830
73621 675825
108 198
5013 470779
55 71161
10 7883
255789 440649
96 6783
3 479
5 1248
46 33681
602 113309
71 83521
6647 204531
74 950275
44 2609
9 2348
93360 94596
19 723
8 102
51 522969
3 9
3 6
32 157
270 2903
7533 31866
1 3
685 99946
5783 86759
28524 93089
95 2820
22414 134966
632 943
1887 44770
474 942930
8209 881856
3451 822410
95 886
88 8515
4 64
19 97
330 313433
1977 86560
48 955943
3422 68379
817735 860135
727 9902
936 968120
55 627
85 384
84 210298
900 678795
8 1700
9708 99741
671 4796
499 9725
145843 442189
2383 922414
961 60918
3594 4281
12 23369
21720 517949
6 7169
37 392058
6 564677
446 583
37 60
66 2049
254 8018
76 27094
9111 43417
214281 458290
2 136579
808 70036
801 929
909 9161
36 363512
24 63
83927 700968
9 946431
45880 950301
7 76
7 2781
874 375817
8 64
155 468
1267 961045
34 680
24180 53531
5 591601
2 6
80133 392991
191 684078
11 99
2 9714
650 73902
23115 91344
94 5561
79 1695
336 590133
969 160455
91 966459
158661 243524
3595 60185
575 61032
8614 19580
53 528
64 2745
1196 2379
7 8
35 43
6 35
926 381953
71 6960
53962 95132
326 291538
7 114202
6 838092
484 6761
48701 83187
4 116
356515 824911
17 953069
3727 5875
613 51446
8428 18285
65 94999
29958 75099
29 51571
543 14825
4 18
2 188047
6 2743
299 3795
180 794
9 550
93560 461258
7 500
43 3043
1033 927233
92 90591
365 628593
2 53736
892 95657
26 746478
22 432769
6 82487
4 51
3941 512156
68 861086
383 6873
3386 73271
21 248
97 486
7356 161901
61 71143
493 6006
54 84251
3 7326
30 908
10 20
98 8069
7 8478
2 14504
68 3637
6 95865
987 2769
6 8
52002 68561
186 407394
50224 96421
5 133863
1 23135
69 995
83 7528
711 23292
1 6733
2 2992
473 746
1 5
65 629375
5 7781
96 21469
84727 777829
64 4886
876 949639
855 58998
4 5
81030 683322
40 74
53394 572491
113 452999
3 891780
4967 312431
6 99541
34 545776
77 462
3 437
33 806
3038 6324
806 13233
63 5881
896 60962
3 88051
93634 326659
5 40
25 533
52 7592
97719 576180
45 91
5 984739
7 49880
465 38357
983 6179
57 995793
8 8139
49 1770
18 57597
40 765
9 2158
34515 658389
58 16303
4 918989
238 272529
83 5770
6 110241
204 890
16 570227
5422 634147
525 698
67 4787
4 710244
9218 481575
1 50
218 481623
678 994767
486 5709
7 43652
44 81
4 78865
1 853
5 98886
1 84
9737 53219
6 151625
453 85911
7 966
9365 977662
887 80475
301950 480256
292 661527
14 277
4795 38791
6163 272183
17652 893350
4 434007
3777 60034
195 62321
35 711945
1278 851403
21 8392
172 799
840 615363
601 2673
473 27446
166415 541732
409 52609
8 381938
4 3960
5 978022
7 22763
28 891740
21 64799
9487 146676
458 486
8 71358
938 860420
1 27125
9 47
22926 49485
9 7802
98 4290
11 3473
1134 293285
6 505378
741 2618
62 972639
370 499162
600 272486
93 823
85186 270882
6 3596
50 387
24 25
3279 572931
27134 51749
231 571
4093 87939
729 8302
28 11404
345 94445
3601 69159
9 773635
3 81428
41 250
9 1382
7704 687969
7 23
79 336
2 543
985 81218
15553 54727
221 74229
8 43349
1690 6024
994 985147
3 69
14 29
2045 25604
392 235691
904 559517
70 85620
2 91036
475 713982
9199 425923
8 7284
3607 26171
5 593
17 88781
194 5841
5 2557
23 6308
8 439
360 2829
117 561125
58 11443
17 416682
4 261
305 94589
21 412
6771 853613
3 17892
54761 909133
172 6511
76188 288172
8 8
23 3706
3 47
10 82
824 82866
9 842
508 941
527 868
184 916957
24 8074
81 850880
14 138
7 302
14 52
854 618917
34613 79169
15529 53117
412 794
6 80892
8 866785
411 95899
36386 61805
13954 79225
52 7468
8 56
1021 7877
23 483898
331 46046
341 9105
489467 686716
208 4397
5 6223
59 725316
1 9
6 8742
1364 4071
39 3078
3 50226
2630 777702
27 4634
4 402
8351 30945
49982 613135
668372 851609
47 84
479 62312
2345 5796
3365 243248
66 9807
33 246
8 45518
4 25200
56 474004
10529 546764
83375 611822
5 8285
1635 373060
180 424
499 4362
18 32
94 7050
4047 63182
62 3688
118 328853
298 47844
411 36477
58 71339
7 450717
667439 956568
106 695
94 3693
22 77
101 554448
192 916
1 2964
75 35539
301 940
62 9359
13 47
1 2
5861 64095
7004 29616
355 4060
91 285471
6 77701
8 593
443110 817292
1409 83603
4 1339
5 7233
41 274704
179 3873
1 68650
2 525
475 904
1195 12308
7 344648
18 2724
780 321125
767 88747
110 440
22675 87721
8 270
398 636586
7 139
2 2921
40998 869224
9 391591
3 250
6 51
544 7733
636 392161
76 96
282 357700
8 441
7 9542
157884 448775
875 49615
5 196307
65 3209
7904 7931
55184 758398
20 443482
2 471
95 8956
635932 920883
95 67876
2 56056
76 216
207 629
11 696803
28 5974
2880 104118
3 767312
61514 84814
942 440676
311 966397
53 77988
69 7671
26 82211
51 81100
22 88359
6 61
54 796307
39420 428940
2074 831242
329 60400
9 74046
99315 354800
68 58482
3065 9938
3454 72704
869 49163
8989 152029
708 244156
4358 320694
94 85809
9 191108
552 661
5 39928
2467 712403
86 934318
4458 837191
6 208
818 837
520457 814763
24 38756
8737 653887
98498 839051
6 84930
9 51379
1488 8598
84 3278
59297 65444
8 8
80800 310108
865 57111
341 74905
1 14023
156 59287
721 106262
152 71223
99 34924
44066 80976
29293 702002
580 88027
657 6427
47969 497696
47225 89588
82602 834052
5185 310490
5939 381353
8 880
2906 196547
4634 7723
7 341
5 5142
7 751
55 57124
6 8085
5 84
8760 243124
96 2096
488 66842
1172 4621
4 854
9263 68302
8 94
633 813653
23 39361
72118 920187
7 874
18 1997
932 9853
21 270
8 174
19990 67058
4 5427
1 87
3 3264
5 6
140 465
25509 524075
1 76
37 14846
65 638369
75 1125
9 287
1 165444
5 3045
38 559720
4 1258
7471 44549
6182 49308
295 43421
3 1452
6303 21214
16 532
3 295540
984 3784
9880 70735
5 66957
69 8473
192502 271081
98 5387
2 92
65 98
6814 259206
32 778
55 438756
519 9489
787 163120
4 353
1 21
60 860894
3141 305288
9930 836522
3 64117
642 95779
643 19919
87 212588
247 827
70 194704
28 4306
365 555385
435 113463
838 1169
6604 81348
71843 500685
7 784
27 3371
65597 95377
9 759
5 593285
61 95709
7 6726
74 6401
7264 82791
7 412941
7032 590104
30 643
544431 732921
115 335945
469 5408
5 41073
340995 610828
1 138558
81 518
70 8149
1217 693608
3 954465
12 277638
5 509
886 1361
345 6471
38611 64694
8 786
36 61
30 37
83 12673
731 8653
1618 33549
451 568
7 661713
80 969561
3432 871719
7 712651
91 69716
8 99
3343 437090
5 99192
14 244624
73075 80134
15 1494
666 991573
41 56047
23 38
254 35912
15 96062
31640 64974
8994 770370
7935 71629
999 26309
34 81820
551 492956
693 967
6440 61103
48 4784
8635 89067
9 96
60853 963041
608 858
427 84477
373 585
17 273
54 320
8 544
13 130
4094 79874
184 34600
53 865702
185 85057
2 399902
11 56
1068 771548
380 513227
714 967818
2 731
87 9533
97 8039
5 7983
937 968
2 35
626 73233
84 391569
34 93
2 394
109 96562
6 81462
4030 86597
3 72
98 167066
381 206548
416304 586143
8 67080
20 16557
9 53903
1605 491771
965 246511
29 3447
7 33
8 761
6 22
2950 56944
8 655
5 253779
582646 630222
5 31
99 8480
7 41083
64 4120
44 8985
22 240
6 4394
3 4296
2410 28405
5245 873523
7538 23817
16923 637579
6 52
91659 499247
2 2522
4 48144
4057 4531
7 790
237 230462
75 88
42 27962
160 996
9 9493
2 5
2 4
83176 301050
6 969214
9 2494
8 5101
647 945240
9 22598
29 138
21 61
28192 99701
5 653
12411 37244
35 5592
7631 71991
88 847982
655 40454
66 4922
7190 657453
21 605
593 87332
61 30134
60 679521
276 70693
4425 9494
6 94
156052 794118
54 557444
84 8242
92 18671
632 28253
6959 99846
842 9813
65 603
71220 605416
1358 63586
53694 905790
57 59
592 2998
58 3248
7 471
8 693858
