1000
43 695
8 397362
528 90733
6 417
8996 39370
6 8
8560 88062
4 299318
766 886764
231 541124
700 454763
25161 76941
4876 7262
4180 516835
145 776
7 598582
508 8696
222 49664
580 817121
9 82
4 22
100 4250
3 513428
19 723971
22 344
947 64628
5 903862
33 25125
1 3
650 418474
509782 774846
24 46130
235 1183
7 35
4 9
25 198
77 113
10 55383
7 46236
4 893584
96 56052
7269 16442
55 65171
82 143448
97 6935
27 39
9 621
9 99
43 62
12 127
6 7
12 989224
418322 754683
813 352277
289 8233
100 83464
3 105099
7 646
6406 9650
640141 782900
4479 629209
88928 752779
655 78631
37484 237757
6 225838
749 757204
1 95294
13 99
134801 167773
58 59
730 292387
834 4376
9 815
49 822138
2 71938
44708 81644
19 40
47 659664
64521 383919
9 23022
71 46724
7 711425
852 95513
6 86
9 910
226 29227
2 557125
36140 38098
89 121390
166 8958
4 2269
5 7
487 3606
33 9987
396 4105
57 83858
36239 76348
9 6011
7 475523
318 403566
731 902413
938 818238
470 55027
5174 78553
5 104627
6 268144
4 6756
39577 468591
375 43326
5 7
83 41288
19 2560
75366 426319
25595 656751
272443 640771
59893 65120
595 63462
231 958
555 41241
5 6879
92 94881
4120 42753
84 880287
1 88
7 318
39 2472
366 703
702 72920
596 909577
545 25884
2 47757
9153 520471
638114 980437
375 3154
38 19906
8 79078
95 8144
2 3576
8 176552
1 64885
114650 836334
6 51798
48460 56781
17 451
262 522
1 21
684 1299
54 405746
6972 291155
4278 70949
233 965888
3 803
9 26899
10 71930
6 685630
3 78
6 944351
7 83
5 445820
3720 5059
632 637
59 3282
4 220515
366 652
119 27292
45 5043
33300 94361
44 898100
3 492752
57297 744375
58 83664
915 89406
6 27486
21707 85655
454 956174
2 4490
437283 969886
9 536
577105 735078
35237 54813
28 8965
1 8716
220 5703
9 7046
479886 764646
31 4610
1 31
84 806034
29372 734418
720 98845
859 573984
678 524185
384 24244
5 87
7224 62918
486 626
6 6918
351 632040
54 235703
12159 70206
12 2516
4007 526870
28332 770273
1 4
3 8
46 811720
38302 692988
61287 78532
287 70640
692 790
6 7
1 287
54 9495
335 774229
8710 89699
78069 343047
2 781
29 7143
47044 54268
95 8965
29 37108
62174 967483
13 2274
52 826
8342 8804
7 197462
14 25
4 362
10540 363994
61 93065
4353 6765
9206 68989
691 984
53 2500
58 5046
6 908
572 886
35 2958
7 96753
1 349400
5131 44942
4 52931
733 94184
94 132
5567 19854
136 45429
880 3906
14 836124
17 82038
6 74095
560 98323
27 55503
48321 526022
346 14644
7 2355
220 616838
4 4
350 98126
4 43
4447 67740
46 63
443 91121
1878 146824
2 6
1 57188
2659 91578
110 621839
268 93471
2 13532
269 36307
8682 113001
4 91969
8758 659643
8335 488729
6 29950
55 768
51721 627952
65 629
82466 593233
5 64
2279 856690
2 242
19121 786911
6842 983394
27422 671194
602 170435
88067 336770
8 72
4348 414857
6 1609
2 54820
2216 192975
54 875
8 682366
126 89316
7 16
5 5
743 432841
4 19
6096 84791
53 83455
994 31950
31 76034
59154 921777
5 9871
662 861
7 63957
69 381
9 89758
14 73
788 137174
2 778864
9291 682618
61 6888
77 957
9993 256644
1 558
205 269671
38 727023
22 741959
7 64571
69 11525
64512 836780
6025 156367
28 1971
280320 930620
2 5
553 724
611 54220
8 10042
4 82
2 511767
184 2883
8 2441
4 991993
2 683193
47 3225
22 590221
8822 207323
4369 7718
7 494115
187912 772227
617 759
91 769
36 501597
24 9985
3 334
32 254536
5 6
611 639390
773 886423
8156 282732
171 94785
51 470
41 84506
26782 32123
974 25977
16 116200
2026 198200
30 47075
6891 803861
75 567883
56903 482891
95185 932318
4783 15616
6 731823
982 479259
2 49529
85 842
6 585
54 850270
74184 640412
9 14
6 91
4705 845942
86 7098
42017 90588
966 32384
38936 74607
911 966764
276 205235
89 821
8 243229
64972 70150
3 563252
53435 720083
1485 47121
3101 6467
3 1264
413 9259
7 191
18 9430
1656 437352
6 196
570 619010
39 342585
88077 527972
96 386
8725 301756
769 79519
234 763
61 2592
18858 577362
37 475032
170540 421158
4154 8724
67066 252287
144 248
7165 540707
23496 62681
555 1615
75327 652259
8 525012
1802 49684
26 58723
4 185
7195 852749
6 767186
6 6180
2082 139311
722 986944
655 178178
98 568
9 51380
786 6956
8 48195
5333 53571
63 3515
409 750389
8 53460
12225 870095
268 3814
64040 80377
48 87569
982 119194
73 495552
1 74516
3540 5884
9 8774
89 53447
4613 24183
367 992
1 936
11 179370
272 38327
2134 5712
5 4898
4 5
2956 5992
44 899923
67386 606101
97 369
86720 510430
89 78171
7 463043
3 712132
484 8537
866952 950705
6 553127
4 691
278 892705
19 345
3 449461
3 8
1 294
688 443896
6014 19259
592151 912106
437 866160
88 97699
61 387
1 727155
48 81248
1 17238
60 788
4 62365
2517 3707
2138 7864
4677 6953
2141 6484
80843 795692
91 322
3354 653395
7 8049
64436 272836
5 11759
75 570
8401 194868
9 1879
6 882
4718 7183
249 91976
320538 662458
4727 7785
72338 78915
5 34
30755 775412
47 90228
75 313858
37 60894
121 8621
115 8108
17 29
9 990
3 1184
670 578400
91 342581
99 6877
92622 508324
273 535
1016 6179
167292 664316
4 4600
9362 927908
1071 80451
2991 673465
5 43461
97 239911
20 5492
6 395
52795 765328
4 438
8 574770
20 6004
36985 268048
24910 28225
34894 321502
80319 872443
7 442
44 5459
8 440
4399 12927
15010 421307
819 9209
519 901142
137342 946252
4077 481816
8048 634106
2200 65244
171 9099
89 8505
45900 870291
57 684
69 5522
206 968
73 9297
2 22575
443 975
60 397785
437 6086
13 17
1 949
27 291
63 5999
36 832587
213 9670
1 13565
4 2692
30516 765976
1 76611
38 54
738 65062
3658 459997
39917 747197
2735 6640
9 61
2 693
87493 93826
73 392154
389 65076
438 30642
408 601657
63591 500985
141 600842
31 47711
10 5179
9507 27340
18 8100
37 705
60702 922449
8333 211221
2084 54974
1726 83667
9 58251
288 380
18 185109
8 175
6 28
4876 367178
23238 60950
91 9046
8 192762
11 320506
698 995219
2 523837
57 6445
5 61
67240 336088
7 7979
445458 682853
29 118150
1 36
966 5414
340 71866
8196 804120
74 59948
2 76
7 96619
59 83846
751 6931
87 41491
14 732
468941 943837
90 526149
942 54532
384091 941795
3279 370496
1 28
3614 37378
290 1721
61337 718087
2458 9190
19 81720
329 706404
3914 405500
9 2678
3 160
988 4945
8428 8563
7 57
25 51
2 3999
462 8962
7 67237
301 45590
4 19
7 32
4763 26368
1344 8768
29 503258
17513 96285
57236 59486
56 8859
4 15
7323 759756
75 114429
4 3499
8017 729462
90093 197446
802 1489
3751 50680
6 8
32 435561
60 143351
2954 84957
2120 55311
738 5168
160 578
1805 99873
98251 473058
57 5515
7 75685
83 99
58 845
441 60471
5370 46444
42192 76762
3948 61178
34 57075
52 2719
7 834
101918 213471
2 468
59837 782862
83 662
8 793
76 4408
542 2202
2673 26926
2 81771
338 671
41 103
65 262196
892 2510
9 687
1481 1647
3 62
4 8
29768 296825
280 88630
1 93
4 6150
74294 197386
76 1500
4 25217
564658 595714
4820 719836
63 4477
39127 806816
4 357046
3 96233
32 7219
3906 79319
6747 394532
91 438
291 296527
77 9445
46181 682564
650 66884
9 47
2 633217
4 494
52 555563
2 4524
9 757443
59662 81458
4116 124916
63398 80848
377 18563
335 267829
2437 377509
7 4571
636 584288
19 6676
126 7324
5 52266
2 4
2 7
6366 13451
2 81
266 1055
74 843360
6 1807
6 9
6 884
69 92743
5 6
5 532111
60 4849
3794 87158
1 5
7143 9787
16 268739
54 4914
13 525
3 760416
957 9260
3 505347
29 31
8043 979707
4933 99749
2 719
378 28339
4211 78018
5148 57599
9 325
4 71
522 4451
3 279
1 2
6480 18741
720 63706
510 66372
36 52
7097 309664
311 716
8413 90428
356 23740
2 61996
8 6853
10295 405579
31 499380
38 68985
2 887684
9 63
1 4556
4 982
70417 424621
64 80797
12922 24738
80 9353
226 453
60542 64300
51 98
8 464
20 68
36 313899
5 303
80 415
48 736
3 8
60 1377
13 65
48 809003
43 16682
79464 80572
658 3599
6 550535
59138 355111
9488 56016
7 55
7 868273
1 81
111 578
18237 64840
19314 958083
3 7
41 11163
3 21349
45 70
161960 808992
28 85507
2 438123
818 85063
371 179436
4 915044
16 204150
56 14150
20 62
2 900
6 76903
77250 726363
8 9
663 88137
96255 394749
8 50417
5510 125651
95 882621
9849 145541
396 11186
46 68109
2 877250
11 92540
7 748
23 50
2 45
3735 6696
1 94045
6 9459
481 944988
137901 688408
2 7380
5 66
12318 488295
19 63844
53533 99644
3339 8459
4 322187
73 19838
2 9469
6 97
216 580791
6 7
216 505
3 2714
7 9906
78 46634
701 7584
728 625670
21 37755
95 452
10 62672
72 102279
9631 68088
996 77334
821 90003
1 693702
32866 973216
92 973299
4622 97249
7 6588
39136 775207
3411 3489
68 380555
862 18454
312262 372398
41 182361
5702 30044
514 9448
9 153
8 316
4 75585
6653 29496
8150 9151
46828 224289
964 2462
3 49
4981 7175
7169 797535
936 97757
61 75508
6229 42445
41 799776
27057 75918
2 619272
2 8870
81 470
783 700227
4 308
28 851
4 79
8 809
47 877
87 282287
3667 49350
27 5669
134 2331
78889 791370
7 36663
962 97062
138 925
28 716512
7711 689307
3 405
58 927
2 57988
8 22
8 73542
2 7
1934 30479
78 901
8 794
166 171666
53549 69538
30 8596
18 63
52 171424
24 696
7 8
47 166
51935 52457
21 76
8249 154911
4 150
98273 336407
91 960211
801 1811
63 4398
80 871
5554 58981
68 549
630 719519
4 927852
688 42909
6637 182411
7990 853081
123 640
266 736
68 39948
629 6909
2 41900
503 906415
5 92886
393 164297
313 3504
3684 6658
395 958
74 94
8 40761
23 87
9 44403
600 545329
43 756
1 587
38 243758
378 414
41 98
25 460
32592 864712
627 72241
1681 440966
25 40112
738 2460
7 983
9 425
8815 9935
90 563653
2913 3222
46 9333
162 928043
7 7
475 3932
147 70915
4 91102
2 8
8 699775
259 540808
7923 833337
39 54
8 13
80 923481
334 6934
8 108
706 864
5 31
4 981
6 4757
9 938393
835 3531
84753 331653
