1000
3 60
39 933328
4 9676
3079 11447
57 713456
7 6606
3 28
56 86
8 95099
4505 79755
7 750
9 59
2844 93541
54558 161779
6666 53189
459 96122
781 552065
716 518035
91484 560399
15 49
8 402366
85 5240
659 7832
5 5274
27 7375
6259 995806
6 9
28 325799
739 30049
40 112533
382484 393117
7 172312
63 56723
1349 98564
964 318041
1 396
5 61169
936 808195
4 127
8950 28795
70943 99451
993 85214
467 1652
11 635
86 835
318 508
1 3447
777 278778
9 40
50234 404861
65 13274
7 954313
55 502
23 962
177 787825
740 44359
5906 63261
364 9990
46 8196
96901 838628
412 951
80 222428
1 167
219758 818754
7 8773
5 1711
9 8796
763 6184
51192 879068
10 496685
4 485
8 2964
52751 60681
48343 923927
7238 648722
34 76666
798631 808953
8 641416
26487 59385
48 918081
9885 63776
46443 51094
21 653
9 43279
2 3746
6056 737669
8 12
209 9966
349 1764
56 185
50 4764
1 877578
2 71
67 298943
7 236255
4 730
715 799659
577 33639
5428 19569
99 183
2933 382675
539 7324
1377 1648
100 287
27 77321
7 1008
5376 70127
475 754782
88881 490457
219 8418
830 474412
822 807117
58 872
59 11055
2219 19056
747 6882
511 777066
3476 694288
69508 344530
4803 851722
643 327784
18 66185
9 3807
7 7
13 430365
1 272
117 6517
5 6
75156 518764
942 6003
6471 505275
16 69560
3 901
6 44
7 815762
7850 125473
9 957
83 6568
32 7780
3500 61182
88944 355302
72 6274
7 65057
59 464586
5821 9521
93429 356536
3222 6050
5842 7355
18780 55431
321 531662
74 669
4750 860050
19 25247
586 190772
8 21
4367 606627
59 466
1379 3772
11 792267
74 550907
1 21
3920 94008
527 69180
7100 276460
51 60691
74 44534
4 9581
58 98500
4 3392
463 732587
1328 97114
88 6952
98 2519
14 47028
5548 81038
9 5752
44 633663
912 68506
3 815
2338 6212
160 805
1199 566110
23 358552
5022 70254
736 3442
14 797
697 996168
2 927682
2856 500094
9 760
2052 9926
5601 8048
11673 733212
66 84953
74 6214
418 678
819 8359
20 5264
2 4
3183 20590
82 683434
22694 701204
119 351
412 554615
1 96
4 924519
93 1600
1882 520688
760 9582
271 965
80652 421112
9 3434
9 966
85 32141
2 817
394 754127
831 820854
575 952038
6388 9068
2 1268
74 922384
23 64062
655 86225
4 827
330 580256
6 75
9 1288
43 576078
28 99397
82 271355
81 87697
4 7
18252 912063
1 8
3 51465
11 119643
799 97637
580 874509
42 235598
5 8704
3918 29257
678 4544
41546 73146
7 209360
7 78
289 836
36787 85797
438 1965
43 959
2 935394
857 8588
41 186
53058 958616
19 88324
6 83
3610 318465
1 637
7 94860
7 8279
45 7997
6094 552384
3 4
1815 73177
55817 483193
9319 879185
8796 909893
538 7479
5 616
973 25284
3 87910
901 3091
8463 180334
343020 936637
694 1975
70 4574
904 96189
446 983
8332 146493
1077 7629
93 126
27630 267241
619 15395
6055 40302
61 8199
86 124755
1 71
438 13136
913 8773
909 873258
391 6400
8 61834
6 769543
4700 6441
33 8325
57 78121
827 8473
502 75452
8 676
9 50
97469 220094
49 856
1603 6830
9 92666
7 1350
5 575689
5 746
589 6779
73561 574634
11 78
399 38516
4 9
1 243
2 7656
39 77690
8 3400
509 2888
116 498374
22566 76866
2884 95035
11 63
878 9503
18036 20906
279 9494
6 1754
6529 116014
223 307078
31 97198
4 245105
279 426
74824 126265
512 977
197 669325
53544 902352
75 86
59 323
5866 615185
985 37590
3 56
500 507
1446 54024
86437 342729
9243 21161
37349 305835
7 39
6 455
471 765750
797 452027
8141 226365
590 594
34 507
442 6878
7 4679
4 682
565 5239
83 6667
2466 40306
293 8820
316100 504252
384 66181
946 914231
3 133
53929 96034
341 50844
27 213
6466 126075
2683 858014
240 924159
2 8944
641 21366
2530 912969
9 428463
3 7
17 68
874 53673
59 677
46 92203
55 348756
1631 31128
391 730
3943 393429
11 27
8 250
14 41
935 2258
3 80742
3472 7034
8 840825
3 7
55 379
774 18593
2677 886560
28 259483
158 46099
74 1723
5 339
4 231339
8 54
3 116
9 70346
7469 665769
25 72
755 73343
76 60298
6007 83504
134 159
49 7183
447 831
33 51
5 7
449 78890
13 57
5 8333
3 6
807 13518
6 4752
298 93998
4 793169
4278 246909
68 9797
57 368
74 386
3463 360854
1 498342
5 379
370 985
42 401747
5 387
8 65699
59149 429215
9 74
440 2347
719 66914
32459 33267
35 948
683 6659
2 4
38 18954
66719 476171
1 979
46 64
369627 440086
31 30522
30 312217
388 5070
16 870
1 851
7 1729
4 87424
323 556911
753 1985
2 92820
129 88721
87 1306
63521 739119
2652 813727
1538 7166
69 129153
5641 88093
3 34
43115 199786
78 416357
21182 31247
9 384991
7 62013
21 9482
477 341170
2 567
61544 206291
9483 737727
78 752098
7534 9541
39 582455
989 5709
7 76
198249 506209
8684 225625
82 2530
467 803302
848 10028
7 3235
979 587980
2 7567
433 905
670 581315
4879 19941
56 658
496 31254
49 647
596 6557
7 711285
35 579036
6 51449
71359 740501
9 372
3 304
4 957
25782 41043
92 628280
5 894
6 322
3 8
1751 693854
83 192
71 5916
694 830
7 833267
55 285122
87840 914953
10 972
7 14
489762 565410
11934 184186
8023 873824
505 63509
1 156987
8639 110944
99 1254
9 73
779 5177
28 150
35 336
4524 22684
60892 976586
1 526978
674 2875
2 36
68843 907441
21 781840
6 564462
1 60999
23 46793
3215 4206
3 128
19 510479
7 358
6 16768
86668 425597
2365 9661
5 4331
73 95
56089 951501
63 24687
237 684053
9 99888
9 322
485 365516
5 31
253 88687
58 5419
85853 457509
9 873169
7 61
15 95
11 540
112 59458
3486 767340
62 103439
352 768
75 42570
6 80
33 82397
4 38826
4 1463
404 9416
33 604791
164 24449
394 983948
8 238075
25 72
4 1299
3 8
3283 9935
39 5097
50 89
38395 38549
641 9772
56 4384
57 6558
427 77172
5544 520778
478 208476
3 90407
1 849281
9 666153
2323 580233
71 93
996 2539
620 44678
907 63647
28 4334
581 979
114 96232
3 5996
50498 462502
990 88085
225 96981
4 8
7 261
400 703
52 6692
6 8937
46 7717
17 77645
1950 89751
7 73
36293 724618
7 937
82368 341624
74 224
66 56873
2 89141
73 5193
524 40554
6 149
4236 9334
1 2
60 862216
38534 388442
249 56422
23368 88773
79 488606
4258 41613
74 714
99211 614713
6 439421
504 78374
93 761224
5468 56968
5 3816
7 36778
129 6148
9 408
396059 850917
9369 49320
13540 81011
24 253363
2752 68951
1 44
732 5654
474 79816
2 46
122 54902
699 8588
89 733
14 166
121 849
1950 585485
174842 240246
1 17916
163232 193363
4 6
66 48990
1814 68065
3 23
7 581
8053 19592
1064 97538
4 64724
5424 360464
14 88
1853 934362
6 5899
1185 40804
10 739
30 2357
77971 417278
334956 377298
8623 324211
9 653
6 473882
630 2268
7 875615
6 565
25485 78879
546610 625269
17 5692
4 83
1 972
9 9335
453 6898
6 69021
52 26036
978 28831
4046 282638
1 8518
5962 358789
74 811
9 335
36 101817
58 89
3 53462
386 406087
302 8558
7725 87182
673173 946656
33 43520
73612 222300
95558 941673
7 937085
240 456
4 9461
4013 78258
5 19
19 2443
7516 45426
2 168
42 210
4 646257
18 564344
95 9109
230 841
3 18
33 8238
1 5
502 225221
9 72901
3 109444
1 269962
329 1797
323 241338
9885 84282
51 64754
472 5506
97601 136423
6824 415330
2 217656
270 500
5449 71548
92059 384614
23 196086
6 51
3 31
9750 20387
71629 790891
20 900
40 390695
6860 979929
32207 591823
1 4300
481 973945
47167 861985
2 541361
73 683
620 970387
9 1192
5 424539
195837 227978
36 2979
148505 674022
81789 723502
9128 465601
12 54
9096 96438
2 57
37 945
1 563002
26 5420
5 35856
4 617557
705 902
3873 6597
91 673081
188 9145
7 67
8 565
3 312
34 528284
3 3317
561 19111
3 368
207 96566
75 709449
9 69
56 9909
6 254
3 637523
2 8976
6591 18849
6477 189722
46 678
30834 273217
42 68
55 899074
759 7293
988 363636
41 6977
8 366
3 99
5 522
7 67563
28 807
63 95
20 5315
40 28706
64 4024
8 693
8224 483098
49 83475
189462 962473
1025 125247
836 998
95 364
36 221
209 4959
58 3645
41740 723489
9 757965
2 56162
899 9880
183 119187
122 12880
3 55
450051 938640
316 65467
7 400487
4 89
9 521325
6 246
8629 685255
7954 72577
82134 142649
759 490721
539 55811
36924 898407
19 302407
277393 315697
2 9341
6368 12571
9 81563
182749 205592
82 7639
7 481
3 98485
7791 271946
488 1091
1 2073
145 104498
1 446846
95 79049
555400 854090
9986 49035
12 3553
873 5402
7 16
37434 710600
713838 843699
46 14632
3 275439
9 669
5724 20501
5 611
3 540460
9 18
201 2089
427 702411
9143 18338
115 8048
14254 60897
415743 482382
75 347928
5235 7415
7 631
358 690406
9 20114
9 19855
491 369831
85026 836059
8273 16639
554 158391
2739 23390
641 2792
304 9669
6 56
266 297731
14 371575
2 376680
1 42
3 4319
6 312
2849 618412
6 98
6485 9403
9 654
64372 68168
632 404710
10216 459665
3 8315
449621 881281
2 413
51 925
8564 966215
7 8
96194 311594
63141 789337
182 503871
480 547
48 536921
229 692
676 875713
91 220
1 9
5880 624029
8 339576
4 811
356738 524953
6772 42562
406 5298
2 83810
91 38806
25 531
2553 901312
91 629
7 20403
49 603
95 363
4 114092
61 382
933 176218
8 6992
4 3908
2 13
555 9687
328027 772684
3 987033
70 88726
4 9
4 8817
14 27699
34007 48446
82 312083
6 38
73 77
473 298072
85 965
586 72807
492 5626
3533 684525
77509 473841
5 394525
97 9643
450 1264
578 979476
2 23
18 23
796 977
938 2781
4 8934
25 117
1506 447097
511 24098
363261 739483
721 35704
7745 491122
33 167
602 1744
9 55656
43 79
7 635
2801 3952
8581 51254
1 7364
7914 68598
2554 31071
534 8277
41 43914
6 89031
99 522119
94 600136
824 988590
3 7506
28 13967
2 638
494 55145
2 6414
32756 68526
50 71694
5 63
60077 946300
7 2850
382 139033
972 62951
1 6
4 529
29 25921
8 50
9 54231
31 65
18 678
42255 660264
7 76
756 771
28 47
4 83
79 21207
434 83700
77 83861
96 26269
673 692
29077 59040
286 857
