93
623499 624950 6
78734 542822 2
566178 264512 5
667229 814896 5
337251 584632 4
872873 327219 8
418988 1989 3
80119 699355 4
145845 56391 2
635755 526460 6
547990 324001 1
219948 507462 3
97625 457114 4
127384 808666 3
11591 967921 6
946749 490662 5
125201 939654 4
45614 678895 7
849604 221948 6
498684 446915 6
254781 748118 8
696005 104091 3
345828 915012 2
682716 422631 6
679081 935867 3
487074 762494 8
416054 86274 6
472198 489222 8
668098 671308 7
900361 185976 8
169380 833148 6
53915 160514 7
387003 863885 6
946852 219861 8
798844 605241 5
57999 221210 8
423783 207955 4
720094 91350 8
605302 927821 5
604577 352499 2
277577 714362 2
369321 490625 1
383096 310800 1
597226 434707 2
398813 20585 8
320529 541587 6
516815 421560 5
867388 655401 7
83757 81599 1
125569 406640 3
618536 341488 8
647407 525096 2
223048 554239 5
856281 243542 1
67661 322232 5
428288 146439 2
440827 473766 7
952705 534466 8
486957 529211 5
14189 872190 7
76450 212979 5
647481 898212 5
786817 528420 2
445171 285174 7
813278 520725 6
685549 751725 4
242891 437003 4
237230 347125 5
75856 656853 7
745149 351720 4
838332 55963 2
633909 199953 6
933092 858829 2
116165 406339 7
161534 925173 3
461554 19685 8
868039 367638 2
107986 872627 4
719180 752168 6
762443 372800 4
669601 64701 6
545390 827930 5
976651 540578 4
823420 122157 4
816648 823442 3
999119 595556 8
982900 607691 7
476666 910162 1
779650 433112 7
830433 925056 6
828783 725250 5
231097 503255 4
118510 46275 8
