62
651718 238103 2
631327 281217 2
178158 329296 7
475471 762095 1
306084 179904 8
796270 987715 8
742369 320083 3
151921 638954 6
13160 825719 7
193058 894361 3
702962 392558 8
75001 902965 5
448769 690041 1
220956 827712 7
78813 165060 8
941068 250666 2
359499 573761 5
504467 941302 4
932720 371493 4
585879 571262 7
945914 952639 8
430972 10381 6
744139 626544 3
500845 133452 7
947528 467779 8
241317 269728 6
639309 846069 5
813619 194733 5
107566 753707 2
378126 496595 6
819178 466277 4
514777 89521 8
331265 637481 2
457753 858700 6
608334 238943 7
202066 625948 1
647392 401863 4
253673 870943 6
67464 625866 3
493526 694137 1
506322 249248 3
584818 780345 2
459785 999871 2
57276 753857 2
565294 168560 2
582835 635672 6
123489 419255 4
838815 689777 7
433613 645058 7
508507 147880 6
250005 539508 4
583668 793869 5
73702 271076 1
316245 296348 4
748657 276427 8
790195 162310 8
868659 727062 6
871144 133921 3
152348 185836 7
572972 209662 6
721174 603926 3
482997 595948 8
