64
804440 964058 7
868355 794887 6
180201 933072 8
624592 699620 3
827006 355418 4
142074 176589 3
959631 313359 2
746867 598174 8
648835 158521 8
988105 912924 3
959284 795803 6
322135 504098 6
509758 789239 5
444301 585273 1
316692 665918 6
780805 388183 5
264598 257408 2
636350 669680 3
354822 975600 8
95794 442199 8
773440 661358 2
335873 340343 2
499125 637792 3
998159 527439 4
30185 425255 2
245238 404923 5
289412 76480 8
290557 536745 1
682451 198832 7
756715 665244 5
588936 843606 3
479599 288939 5
315893 244513 3
378959 828824 7
936280 681936 6
260083 81784 3
840839 6731 1
830194 921543 6
221522 94767 8
161726 470413 5
167713 435697 2
304710 942177 4
34533 410785 8
172775 161949 5
50618 770353 8
344388 913444 2
375675 121038 8
252963 326622 8
307888 298937 5
569179 24025 4
793596 976183 2
251434 793871 3
451015 970649 4
736852 145046 1
40652 857574 2
625450 850476 3
415423 824844 8
224422 208069 4
615389 676350 6
976921 574032 3
473584 19582 2
159276 183877 5
299874 813929 2
43279 972504 4
