40
764603 94819 7
730218 523351 5
480861 682686 7
401360 499541 7
138061 961966 5
740148 346260 2
488153 789267 2
929741 590439 7
350609 413654 3
13253 567421 4
475418 784237 5
828184 286277 4
556952 187792 1
858968 893202 7
213910 390269 7
833943 236384 4
530578 612032 8
373857 324106 7
536772 125658 4
572846 730282 8
302023 47774 2
372724 192352 2
173168 975287 1
868778 864887 5
447927 463625 1
745166 10427 2
786319 59254 2
757322 34380 2
615487 348553 4
621734 797112 6
227873 4909 8
438422 174142 4
192900 235028 6
91122 420106 2
875271 875729 1
674115 948892 2
54680 826444 2
721592 755410 5
593205 125273 8
40990 988534 7
