71
300927 700705 1
133008 638472 6
793629 654721 1
74976 507494 7
600515 449087 1
950907 146051 3
929696 7001 5
938911 562736 4
512573 132615 7
242263 300698 4
362194 520757 2
340583 150804 4
735466 35778 3
176026 751282 5
921654 421820 5
768039 341932 6
233318 120699 3
483852 772448 8
351186 224900 4
420094 29265 7
684404 769856 8
462675 300532 5
291401 155285 5
288369 532444 2
329169 120605 3
216302 121640 8
428543 116401 2
299014 261804 7
169847 267687 1
855734 382748 5
325390 168194 8
745324 464859 4
43760 248860 3
624902 88183 2
232460 703053 1
672996 582459 5
849180 643756 8
454108 631990 1
66275 426414 7
367414 134784 8
537968 954497 5
849169 56696 4
298413 136021 8
422887 533115 8
820013 186771 2
365306 281238 2
502552 399138 3
205065 66949 2
658547 247209 6
151306 953322 2
654155 192090 4
84596 948171 2
888104 373547 3
659893 971877 1
755458 581155 7
327678 723799 8
885802 742593 7
89130 250116 3
403716 466628 6
974132 328530 8
732412 748257 8
768370 747288 2
222146 421035 6
270345 418056 1
994039 878322 4
193356 594458 6
651463 594563 3
38804 441394 1
910794 860571 1
808036 792841 6
241992 705320 1
