100
13 2 78
9 1 93
3 4 19
6 7 91
5 5 5
9 6 100
5 7 78
3 3 48
13 2 9
11 4 18
1 7 95
2 2 82
11 1 1
11 2 60
4 2 44
10 5 75
1 4 74
4 1 8
9 1 20
1 13 35
11 1 43
9 6 79
6 8 27
4 11 68
14 1 64
13 1 95
4 2 15
13 2 31
4 4 91
1 7 29
4 2 45
12 1 64
5 5 36
11 4 26
7 1 77
8 2 93
10 2 77
14 1 54
8 2 23
6 6 93
2 2 85
6 6 42
12 1 96
7 2 99
6 7 12
6 7 29
4 11 77
14 1 25
7 7 88
5 7 82
10 3 45
2 12 68
3 5 32
4 8 13
7 6 30
14 1 46
4 5 8
8 6 81
12 1 95
3 1 41
7 4 99
11 4 64
14 1 48
6 6 38
6 4 63
10 2 95
7 4 82
4 11 48
14 1 50
5 4 10
7 4 26
5 1 77
6 4 8
3 5 15
6 3 96
14 1 62
4 9 97
9 4 73
10 1 70
1 3 24
11 2 19
8 3 49
6 9 37
7 8 61
2 9 87
5 1 44
5 3 82
1 1 55
14 1 47
13 1 50
12 1 59
5 10 20
13 1 49
11 4 93
2 10 40
4 5 52
12 2 24
1 12 89
3 9 93
3 9 85
