100
10 2 9
6 2 29
9 4 87
4 5 81
10 2 71
2 13 2
9 6 63
5 4 97
6 3 17
3 2 97
11 3 18
5 7 32
7 5 43
4 3 85
10 2 93
4 9 61
14 1 29
14 1 12
6 4 94
13 2 55
3 2 10
8 1 8
12 2 4
4 2 93
11 2 21
9 5 1
14 1 37
4 1 79
1 7 57
12 3 50
4 2 32
1 11 10
6 2 60
13 1 22
7 7 27
14 1 93
4 9 27
1 12 90
5 4 30
9 1 65
13 2 89
12 1 21
11 2 96
12 2 5
5 7 83
13 2 76
12 1 92
10 3 63
11 4 48
2 11 40
8 2 98
1 6 30
5 8 47
1 9 1
3 10 88
11 2 27
3 11 72
2 6 59
13 2 71
4 6 11
14 1 33
5 3 16
2 12 25
10 1 67
3 6 68
8 7 2
10 2 64
14 1 78
14 1 35
2 3 14
2 6 83
6 1 25
1 1 66
9 3 53
10 5 86
9 2 100
2 9 21
14 1 94
11 4 29
13 1 74
13 1 71
11 2 67
7 7 45
7 3 1
7 2 87
11 1 90
12 1 41
12 2 58
14 1 57
12 3 4
9 4 12
6 5 65
2 8 27
12 1 26
3 7 27
1 1 51
13 2 99
7 7 85
6 6 88
11 2 41
