100
6 6 58
7 5 25
5 4 14
2 7 44
1 10 18
13 2 22
4 2 55
2 2 41
6 9 23
7 2 32
7 5 37
14 1 14
10 2 27
14 1 74
3 4 55
8 3 57
13 2 68
13 1 82
1 8 7
9 5 100
12 2 64
11 1 14
4 9 10
8 6 84
8 6 11
12 2 71
10 3 14
10 5 90
3 11 36
7 3 38
4 3 88
9 1 44
2 1 82
13 1 10
2 3 29
11 4 50
3 7 100
1 12 79
14 1 33
9 2 84
2 12 62
14 1 4
1 12 27
2 1 57
14 1 69
10 3 20
9 5 66
12 1 28
13 2 85
13 1 97
4 9 61
9 5 98
14 1 15
2 8 27
13 2 65
9 3 94
12 1 34
3 9 50
6 9 32
7 6 66
11 3 89
5 10 94
10 4 75
1 9 61
13 1 19
7 3 71
5 2 20
10 5 65
4 7 87
3 6 68
12 3 43
2 5 24
3 12 62
9 4 36
12 1 54
4 2 84
6 7 45
4 10 55
4 1 44
4 9 93
6 5 98
6 4 75
13 2 70
14 1 97
8 5 35
5 9 99
1 4 35
3 7 24
13 2 21
8 5 3
6 5 41
1 4 18
12 1 83
3 1 7
2 12 6
6 1 94
6 2 46
6 6 28
11 4 10
13 1 77
