100
10 5 49
12 1 68
7 6 61
5 9 89
6 5 89
3 9 17
11 4 5
6 6 97
7 5 52
12 2 61
14 1 15
12 1 15
1 8 33
1 10 93
14 1 40
14 1 60
8 5 3
6 7 3
14 1 87
12 2 72
10 5 16
10 5 7
14 1 14
4 8 72
8 3 34
1 7 11
14 1 96
8 3 86
6 1 61
13 1 81
2 11 22
12 2 81
6 1 81
6 8 29
1 6 14
8 6 80
5 10 39
12 1 47
6 3 4
6 7 59
10 1 26
13 1 69
14 1 53
12 2 62
4 10 37
7 3 21
12 2 72
2 3 92
6 8 84
9 3 38
7 2 26
9 4 62
5 7 10
9 6 31
10 2 100
1 7 47
9 6 85
6 7 59
11 4 58
1 3 90
2 13 91
1 1 79
7 7 85
10 3 95
13 1 83
14 1 64
8 4 19
9 4 36
1 10 63
5 2 1
8 3 64
7 8 24
11 2 55
3 10 7
7 8 95
14 1 7
11 1 63
9 5 86
12 2 16
5 1 87
1 13 90
4 10 50
8 6 27
14 1 32
14 1 99
7 1 76
13 1 60
4 6 88
7 7 18
4 3 9
13 1 53
14 1 41
9 4 99
6 7 15
9 4 36
4 8 92
3 9 50
14 1 29
11 4 15
12 2 19
