100
6 2 97
10 1 9
4 6 30
8 6 62
11 3 16
2 13 85
12 1 77
1 9 6
11 1 58
7 3 47
7 4 60
10 5 42
6 5 39
14 1 81
1 3 52
12 2 97
5 9 49
9 4 65
11 4 34
14 1 72
6 1 87
3 10 88
12 1 11
1 5 5
1 3 41
8 1 50
9 3 29
5 3 26
9 3 21
2 1 29
9 1 68
6 2 85
1 3 90
11 3 64
13 1 69
3 11 71
11 1 55
3 11 49
6 2 8
2 4 91
13 1 42
14 1 22
14 1 74
4 2 88
9 4 45
3 12 95
9 2 39
3 8 25
8 5 17
1 7 1
9 1 96
10 4 91
2 3 23
11 2 54
5 5 87
13 1 62
1 4 82
5 6 21
13 1 10
3 11 20
8 6 28
3 5 1
7 8 75
8 2 93
1 13 17
9 5 19
10 4 70
11 3 76
12 3 36
3 3 59
14 1 86
13 2 6
11 3 94
9 4 74
7 2 34
11 2 22
12 1 32
1 8 2
8 5 60
14 1 18
14 1 34
5 6 1
8 3 11
11 4 90
6 4 91
1 3 100
2 3 79
11 1 60
6 6 16
7 7 4
3 12 99
12 1 24
6 5 83
9 4 98
6 3 14
1 8 99
12 1 18
6 7 42
9 2 50
14 1 24
