100
9 6 80
7 7 45
2 12 82
6 8 80
10 5 63
5 4 68
3 2 65
11 3 37
2 3 84
13 1 69
11 2 59
8 2 89
6 8 13
14 1 37
9 4 59
13 1 64
10 1 53
1 1 56
7 3 35
10 4 1
8 2 10
6 9 64
13 2 33
5 7 51
4 6 17
14 1 47
5 2 87
2 4 60
11 2 6
11 1 74
13 1 41
11 2 36
10 4 57
8 4 33
12 1 95
14 1 9
6 4 91
1 14 56
8 3 42
3 2 82
10 5 98
10 1 48
10 5 71
14 1 33
7 8 22
7 2 44
2 12 15
12 1 86
5 2 66
6 8 39
4 11 55
7 5 75
4 2 14
9 4 56
9 4 100
9 2 17
2 6 49
10 1 36
4 11 39
5 8 13
11 3 30
4 10 34
10 3 62
6 8 69
11 4 88
10 3 17
14 1 14
13 1 19
4 3 41
10 5 69
4 2 87
7 3 94
3 3 37
12 1 37
4 8 80
1 6 39
9 1 58
12 3 50
7 2 53
9 2 84
13 1 81
2 3 100
11 4 18
13 1 45
6 8 92
7 6 59
14 1 62
9 6 100
4 8 58
2 12 77
1 3 69
11 4 16
8 5 99
13 1 31
1 14 32
11 2 37
11 1 19
12 2 38
12 1 65
3 11 44
