100
3 3 44
1 6 99
5 1 59
13 2 7
6 7 80
1 6 61
12 2 38
4 5 70
1 7 8
7 5 6
2 10 45
14 1 12
12 3 54
8 3 89
12 1 13
13 2 20
6 8 70
1 14 24
2 13 84
1 4 57
11 1 21
1 2 94
10 3 95
1 7 23
14 1 55
8 1 28
7 8 30
3 2 27
10 3 56
5 10 85
9 4 58
6 7 17
9 5 66
10 4 11
6 2 57
2 6 87
10 2 11
11 4 16
12 3 73
9 2 93
6 8 80
7 7 80
7 6 6
7 7 9
9 6 29
13 1 30
3 8 84
9 1 59
5 8 32
1 8 33
1 13 74
9 1 73
12 3 74
3 2 76
10 1 49
14 1 99
14 1 55
9 5 49
5 1 8
8 3 35
8 2 68
14 1 14
14 1 43
1 7 20
14 1 7
14 1 8
14 1 14
8 5 82
6 4 84
5 5 88
12 3 43
3 9 76
8 4 18
7 8 27
2 11 58
3 2 45
6 8 65
13 1 53
4 4 20
9 5 96
3 6 61
11 2 94
13 2 65
2 8 49
12 2 67
6 3 25
12 1 16
13 1 46
3 9 68
14 1 37
11 1 86
14 1 36
7 6 51
3 7 74
1 11 28
14 1 69
12 3 7
5 5 99
4 7 35
12 1 46
