100
4 2 70
5 3 51
14 1 68
12 3 35
1 10 33
11 1 16
1 4 84
3 6 99
13 1 20
6 9 62
5 5 73
10 5 17
3 5 87
6 8 100
12 3 51
12 2 11
11 1 4
7 7 45
9 2 79
6 2 27
9 3 23
6 4 2
2 6 3
7 4 27
8 6 43
4 9 88
4 10 24
7 7 63
13 1 2
13 2 80
3 5 90
14 1 1
3 7 21
13 1 64
11 2 16
10 5 58
5 8 9
8 1 51
10 3 84
5 1 77
14 1 93
9 6 56
4 5 35
6 5 15
9 4 97
10 3 81
6 2 31
2 3 96
6 3 26
9 4 98
2 8 90
6 3 26
12 3 10
6 3 44
4 2 7
4 2 41
3 1 33
5 4 11
12 1 84
11 4 57
12 1 10
2 3 32
11 1 74
8 1 10
9 2 49
6 2 12
10 4 56
9 5 89
11 1 14
8 2 13
4 11 67
14 1 16
13 2 21
4 2 66
7 3 19
14 1 24
5 4 12
13 2 67
11 4 35
14 1 41
4 1 31
10 1 46
8 1 63
10 2 91
5 5 26
12 1 25
3 5 78
8 4 21
14 1 64
4 11 90
3 12 60
5 8 30
11 3 37
3 4 5
14 1 91
9 5 97
7 7 85
3 11 15
13 2 75
9 4 79
