100
9598
9274
11080
15154
39703
24666
18382
22396
8430
29205
17080
16725
42187
40357
43886
21800
1612
2756
43414
17619
16354
26980
35243
31276
11068
19516
17195
33692
7102
2586
23432
16697
11857
34509
25489
6347
7602
43868
28740
9671
21501
39458
26393
18474
34602
18706
33912
36211
21459
25753
2257
31451
7519
31138
11154
18584
5440
21988
704
6180
24571
24133
16515
36425
7069
42002
36410
14669
34297
19936
24337
10584
7822
44368
22697
42421
17860
11395
27059
32957
37146
22954
12835
44662
8878
23987
11674
14315
761
12375
14133
25329
36505
30645
10181
43571
21074
1378
6667
10158
