100
34 8 43
25 12 80
19 13 10
41 3 5
32 6 78
45 3 1
45 5 47
41 9 29
3 16 13
26 15 36
29 11 87
8 27 48
40 7 18
34 9 6
25 8 7
22 11 46
38 8 95
28 20 89
11 39 95
4 46 29
34 3 80
43 7 8
14 1 94
49 1 26
27 3 60
10 23 35
15 9 98
19 13 85
9 9 11
8 32 50
38 9 33
29 7 1
12 34 85
3 30 47
49 1 91
27 11 93
42 8 59
35 11 82
13 23 95
16 30 6
32 18 6
39 9 29
45 1 74
6 11 11
1 15 97
9 39 37
7 17 76
28 15 14
11 11 85
15 13 37
48 2 100
45 5 3
4 16 53
37 5 96
5 23 56
29 8 46
30 16 52
18 29 18
10 38 33
19 29 7
9 35 91
12 2 15
11 38 37
19 2 88
47 3 15
35 3 60
26 9 15
11 17 43
20 30 21
31 9 46
5 41 75
28 15 10
40 1 83
35 6 66
29 12 71
12 14 46
2 29 78
10 5 91
16 20 2
34 15 43
30 2 3
2 8 33
1 17 84
29 21 11
29 7 7
2 4 30
39 2 78
18 22 2
10 35 23
19 2 69
24 4 50
30 15 57
46 1 4
45 5 31
45 3 21
47 3 92
37 7 3
40 5 69
27 16 83
17 31 19
