100
45 2 20
17 4 14
11 22 62
25 1 46
2 28 84
7 10 49
19 7 84
32 17 68
13 15 93
36 1 10
30 4 63
29 17 6
41 8 24
20 18 51
1 16 98
6 8 71
41 1 51
3 6 67
7 27 72
12 24 88
36 2 83
16 10 58
18 21 23
6 5 32
24 11 64
23 22 95
49 1 66
35 14 78
35 1 51
26 10 69
24 24 48
29 21 61
14 5 21
32 14 38
20 12 60
28 8 24
13 33 25
4 39 98
22 10 64
46 3 65
2 18 64
27 17 23
48 1 100
20 30 69
3 33 32
12 33 87
46 4 56
4 15 40
40 8 57
4 10 79
15 20 45
4 22 36
47 1 58
8 18 37
6 8 4
10 19 70
5 15 85
28 11 63
26 18 81
38 9 40
47 3 62
21 4 93
48 1 46
43 1 41
37 4 68
49 1 38
13 15 74
39 6 48
39 2 62
38 2 26
22 21 57
8 18 70
12 26 89
47 2 63
30 12 62
16 10 68
18 1 68
40 3 69
43 1 10
16 7 95
7 1 56
40 3 87
15 6 25
38 7 25
13 21 29
47 2 86
13 21 19
3 20 63
10 20 29
5 21 1
30 19 66
39 7 38
3 24 61
17 8 79
35 3 37
40 5 50
36 11 61
34 6 42
29 4 93
15 8 75
