100
24 5 13
38 5 15
7 29 2
5 20 15
25 17 12
47 2 58
42 8 20
28 16 17
44 4 17
49 1 81
48 2 52
3 24 88
7 33 76
26 7 92
47 2 60
40 9 9
49 1 76
34 6 79
5 8 28
27 22 7
48 1 12
11 28 61
47 3 42
21 24 69
42 6 18
3 13 79
45 2 100
4 8 93
19 15 52
27 23 69
40 3 69
44 5 12
16 27 69
26 9 37
30 17 87
3 11 77
44 1 18
43 5 81
32 16 83
12 31 39
35 8 31
46 3 14
8 6 22
27 4 34
33 12 42
25 9 53
3 5 28
4 30 93
29 20 76
32 1 60
34 14 48
40 3 2
20 27 36
11 28 42
48 2 40
22 19 49
36 7 49
43 2 89
41 5 60
8 31 18
21 16 79
30 10 11
19 29 77
19 6 99
6 22 12
10 6 2
42 6 99
42 6 23
9 11 3
28 11 73
12 4 23
49 1 33
37 5 18
38 12 1
23 1 14
30 11 51
39 2 12
48 1 29
16 31 94
30 19 83
18 11 6
14 36 12
17 25 53
46 4 16
14 6 43
27 6 25
3 32 10
32 4 99
18 28 27
47 2 5
37 8 3
3 44 47
34 3 98
1 12 85
26 20 54
10 38 68
28 13 80
16 6 89
17 27 69
44 5 73
