100
42 1 56
13 9 50
45 2 74
29 14 34
42 8 19
26 9 84
29 10 61
11 25 89
8 39 67
18 32 24
45 3 9
34 5 4
5 22 5
31 8 2
29 17 98
24 6 2
17 9 29
37 11 59
40 9 67
7 21 95
11 18 27
19 7 51
23 27 52
28 22 19
33 17 76
36 2 100
29 12 37
11 30 31
42 5 61
12 9 41
2 17 16
5 15 36
43 4 3
5 13 94
30 13 38
9 7 57
25 8 35
47 2 32
4 18 89
43 4 19
46 4 3
12 31 45
19 8 99
32 11 73
32 3 18
3 34 29
17 23 13
43 6 98
27 7 93
10 37 65
47 2 8
5 23 100
7 25 43
26 18 38
46 3 54
5 25 71
26 23 84
7 15 33
45 4 2
1 20 50
23 3 70
24 26 77
8 21 58
17 31 15
12 33 41
27 20 25
21 11 27
23 12 31
31 9 71
3 16 35
31 15 95
28 20 4
44 1 2
9 10 44
3 7 98
13 27 85
36 4 82
39 5 52
26 6 98
18 2 6
35 8 46
19 18 75
24 13 42
12 16 92
15 2 10
22 28 54
5 45 42
27 9 60
6 14 41
36 7 38
24 5 100
40 5 100
9 22 62
42 7 95
3 25 13
12 38 56
40 6 100
21 20 23
21 9 56
26 7 21
