100
38 8 51
43 5 98
19 31 59
4 28 41
21 4 87
23 22 95
17 22 52
48 1 41
3 42 60
9 8 62
46 2 50
45 3 71
28 6 53
23 21 37
48 1 65
22 19 47
12 15 88
22 11 30
43 6 32
22 26 85
48 2 26
47 2 55
14 21 23
49 1 42
9 13 6
38 7 32
10 15 75
9 3 33
15 34 81
45 2 74
31 8 33
11 3 60
31 17 4
13 4 72
14 25 55
11 37 41
25 23 76
25 1 14
19 7 93
9 12 26
9 11 24
9 21 88
16 9 87
1 34 27
47 2 44
49 1 53
37 6 52
14 33 78
21 23 63
40 6 38
43 2 40
40 3 94
22 17 7
12 36 48
6 31 58
21 1 96
46 1 96
41 4 80
25 9 33
7 12 91
37 12 22
2 46 64
7 27 28
32 11 66
46 2 100
18 30 37
47 2 17
20 23 16
11 29 51
42 8 14
30 8 83
22 8 28
40 7 94
47 2 62
3 46 63
48 1 92
34 4 53
2 1 45
21 6 50
11 7 78
13 32 17
19 24 56
24 15 44
1 27 87
15 27 80
22 18 33
47 3 92
37 6 100
43 7 90
39 7 45
28 9 7
7 29 95
25 15 79
41 5 83
35 11 24
10 4 53
31 18 58
3 35 3
48 2 9
25 5 77
