100
39 2 69
17 16 71
33 8 62
29 14 84
12 16 2
23 20 77
21 18 52
34 14 32
24 19 61
7 33 93
3 2 52
24 15 55
34 10 61
23 11 63
29 9 50
29 1 50
44 6 47
23 9 32
11 16 52
42 6 53
16 8 27
10 1 31
35 8 61
12 12 97
36 4 19
38 8 52
37 12 2
14 30 72
20 13 18
10 4 48
7 21 41
7 30 61
36 9 35
17 14 72
42 4 56
25 25 39
37 7 97
48 2 83
3 17 27
15 24 90
45 1 68
13 32 60
25 3 68
38 2 8
18 24 91
39 7 66
46 1 85
34 10 46
29 12 77
37 8 37
11 24 23
15 17 16
19 23 43
8 40 20
47 3 39
21 24 75
20 24 75
42 3 96
46 2 58
9 37 25
36 11 2
42 6 75
33 8 58
49 1 85
8 28 80
11 32 1
32 11 34
16 5 29
13 1 70
22 8 33
13 20 57
34 11 15
43 4 60
27 7 65
26 15 88
49 1 68
2 27 70
29 10 82
20 29 49
47 3 1
10 20 21
7 42 83
22 23 55
14 35 79
6 27 25
44 3 32
45 4 78
38 7 87
15 30 5
22 19 41
27 19 73
17 24 100
38 9 98
26 2 76
23 1 19
47 3 57
15 35 42
7 3 5
44 2 24
45 3 74
