100
32 10 35
16 7 62
35 15 75
40 3 32
1 45 49
4 1 14
48 2 94
42 4 61
18 7 96
49 1 1
36 12 22
41 6 85
26 10 19
13 17 31
15 11 51
4 23 51
12 14 66
46 3 73
40 2 59
19 26 28
47 3 23
13 26 66
32 4 59
4 6 96
42 4 8
31 1 62
22 24 18
24 19 64
10 31 58
17 30 74
3 17 34
43 6 24
14 10 57
49 1 8
45 1 8
7 37 8
33 4 71
37 3 94
1 7 84
7 31 41
49 1 13
20 5 73
19 9 10
18 29 38
33 12 90
36 1 64
25 18 63
20 24 4
19 23 58
7 29 37
12 37 16
36 10 20
38 7 68
4 23 64
37 5 9
36 13 9
37 9 26
1 25 81
17 29 37
35 9 100
31 12 99
9 2 62
11 22 16
49 1 67
29 14 21
6 2 37
25 22 28
30 17 63
8 42 83
9 8 28
43 5 86
13 17 16
46 1 47
9 31 36
21 13 73
17 8 95
37 3 16
13 37 4
13 32 58
12 13 38
15 20 34
1 24 9
44 6 33
34 2 75
34 12 1
25 12 67
5 36 82
49 1 27
29 17 77
46 4 73
2 25 62
24 26 47
29 5 41
32 9 54
21 16 58
45 2 19
1 22 79
23 21 65
41 4 90
19 23 37
