100
9 29 85
9 20 20
33 5 61
27 7 49
48 2 28
24 9 14
25 18 58
32 1 75
20 28 69
1 20 96
30 10 98
39 11 8
22 18 83
24 7 59
34 1 10
36 13 36
11 20 56
11 7 50
37 8 50
28 11 26
25 16 8
29 15 52
29 1 9
1 2 71
23 14 91
34 6 75
17 5 45
38 3 80
11 31 95
44 3 79
47 1 21
34 14 57
13 4 7
21 29 30
35 13 78
5 23 27
12 38 94
33 6 37
5 4 81
2 13 48
19 6 79
4 29 29
37 5 52
48 2 83
16 25 80
19 26 10
3 37 51
24 9 14
3 28 50
20 19 58
20 17 13
12 25 74
43 4 43
34 12 80
39 6 56
36 6 61
10 16 26
31 8 90
39 5 90
48 1 70
3 8 58
1 17 26
30 6 83
5 26 34
44 4 8
46 3 36
3 28 91
41 3 71
45 4 12
18 23 46
10 14 21
46 1 67
29 4 12
7 3 59
22 28 38
2 41 33
8 39 100
43 7 93
42 1 27
2 6 1
45 3 26
40 5 62
6 14 86
41 1 88
24 16 4
49 1 84
13 19 46
14 14 63
43 4 23
46 3 21
11 9 73
3 22 89
14 1 42
32 11 71
14 28 5
2 2 2
46 4 51
8 11 40
25 24 93
48 2 19
