100
7 7 17
48 1 7
30 2 60
36 3 34
22 7 89
21 29 66
29 14 93
8 28 73
49 1 99
8 5 96
33 8 17
20 2 87
15 2 21
22 2 51
37 2 21
41 6 30
31 1 65
21 19 25
32 17 18
5 26 20
44 2 3
7 28 34
49 1 5
40 2 11
17 1 21
42 1 39
28 19 20
20 17 16
26 13 16
31 19 12
27 5 25
32 9 69
44 1 2
44 5 35
22 21 50
49 1 86
8 38 62
21 7 18
46 1 31
37 1 98
8 32 62
40 1 44
9 37 78
34 16 36
31 4 68
43 1 98
17 3 51
31 18 48
9 18 60
30 10 57
16 13 10
49 1 22
39 11 26
42 4 29
45 1 95
23 2 90
19 10 58
14 33 66
24 19 32
35 9 73
18 10 100
10 23 88
2 31 55
34 16 6
2 37 72
39 3 57
36 12 95
12 36 99
35 4 40
3 29 98
3 5 72
2 25 74
34 10 100
16 33 27
33 12 44
19 25 69
16 5 100
1 13 39
44 4 82
10 37 92
36 8 72
35 15 84
6 29 49
36 11 45
30 19 4
31 18 16
18 28 75
14 36 89
32 1 21
9 6 57
22 25 70
45 4 59
43 2 63
22 21 86
12 28 84
17 21 80
33 13 79
45 3 79
20 1 25
47 3 10
