38
2 575
2 2
2 1
1 1
1 1
1 1
1 2
2 2
2 2
2 1
1 2
1 2
2 1
1 1
2 2
1 1
2 1
2 2
2 1
1 1
1 1
1 1
1 2
2 1
2 2
1 2
2 1
2 1
1 2
1 1
1 1
2 2
1 1
2 1
2 1
2 2
2 2
1 1
2 1
1 2
1 1
1 2
1 2
2 1
1 2
2 2
2 2
1 2
1 2
1 1
1 1
1 1
2 1
1 2
1 1
1 1
1 2
1 2
2 1
1 1
1 2
1 2
2 2
2 1
2 2
2 1
2 1
1 1
1 2
1 2
1 1
1 2
1 2
1 1
1 2
2 1
1 2
2 1
1 2
2 1
2 2
1 2
1 1
2 2
2 1
2 2
1 2
1 1
2 1
1 1
1 1
1 1
2 1
2 2
2 2
1 1
1 2
2 1
1 2
1 1
2 2
2 1
2 2
1 2
1 2
2 1
1 2
1 2
2 2
2 2
1 2
1 2
2 1
2 1
2 1
2 1
2 2
1 2
2 2
2 2
1 2
2 2
2 2
2 1
2 2
1 2
1 1
2 2
2 2
1 2
2 2
2 2
1 1
1 1
2 2
2 2
1 2
2 2
1 2
1 2
1 2
1 1
1 1
1 2
1 1
1 1
2 1
2 1
1 2
2 2
2 2
1 2
2 2
2 2
2 2
2 1
2 2
1 1
1 1
2 1
1 1
2 2
1 2
1 2
1 1
1 2
2 2
1 2
2 2
1 2
1 1
2 2
1 1
2 1
2 1
2 2
1 2
1 1
2 1
2 1
2 1
2 1
1 2
2 2
2 1
2 1
1 2
2 2
2 2
1 2
2 2
1 2
2 2
1 1
2 1
1 2
1 1
2 2
1 1
1 2
1 1
1 2
2 2
2 1
1 1
2 1
2 1
2 1
2 2
1 1
1 1
2 2
1 1
2 2
1 1
1 2
1 2
1 1
2 2
2 2
2 2
1 2
1 1
1 1
2 2
2 1
1 1
2 1
2 1
2 2
1 2
2 1
2 1
2 2
1 2
1 1
2 1
1 2
1 1
2 1
2 1
2 1
2 2
2 1
2 2
2 1
2 1
2 2
2 2
1 2
2 1
1 2
2 2
2 1
1 1
1 1
1 2
2 2
1 2
2 2
2 2
2 1
2 2
1 1
2 2
1 1
1 2
2 1
1 2
2 2
1 1
2 2
1 1
1 1
2 2
1 1
2 1
2 1
2 2
1 2
2 2
2 2
2 1
2 1
1 2
1 1
2 1
1 1
2 2
1 1
2 2
1 1
1 2
2 1
2 1
1 2
2 2
2 1
1 1
1 2
1 2
1 1
2 2
1 1
1 1
2 1
2 1
1 1
1 2
1 1
1 1
1 2
1 2
1 2
2 1
2 2
1 1
2 2
1 1
2 1
2 2
2 1
1 1
1 1
2 2
2 1
2 2
1 1
1 2
2 1
2 2
1 2
1 2
2 1
1 2
1 1
2 2
1 1
2 2
1 1
1 1
2 1
2 2
1 1
2 1
2 1
1 1
2 1
1 1
1 1
2 2
2 2
1 2
2 2
1 2
1 1
2 2
1 1
1 2
2 1
1 1
1 1
2 2
1 2
2 2
1 2
1 2
2 2
2 1
2 2
2 2
2 2
2 1
2 1
2 1
1 1
2 1
2 2
1 1
2 1
2 1
1 1
2 1
2 2
2 1
1 2
2 1
1 1
2 1
1 2
2 1
1 1
1 2
2 2
2 2
2 2
1 1
1 1
2 2
1 1
2 1
1 1
2 1
2 1
1 2
2 2
2 2
2 1
1 1
2 1
2 1
1 1
2 2
1 1
1 2
1 2
1 2
1 2
2 1
2 2
1 2
2 1
1 2
1 2
2 1
2 2
1 1
1 2
1 1
1 2
1 1
1 2
1 2
2 2
2 2
2 1
1 1
2 2
1 1
1 1
2 1
2 1
2 2
2 2
1 1
2 1
2 2
2 2
1 1
2 1
2 1
2 1
2 2
2 1
2 1
2 2
1 2
2 2
2 2
1 1
2 1
1 1
2 1
1 1
1 1
2 2
1 2
1 2
2 1
1 2
2 1
1 1
1 1
2 2
1 2
2 2
2 2
2 1
2 2
1 1
2 1
2 1
1 1
1 1
1 1
2 1
1 1
1 2
1 2
1 1
2 2
2 1
1 2
2 1
2 1
1 2
2 1
2 1
2 1
2 2
2 2
2 1
1 2
1 2
1 1
2 2
1 2
2 2
2 1
2 2
1 2
2 2
1 2
1 2
2 2
1 2
2 1
1 1
2 2
2 1
1 1
1 1
2 2
2 1
2 2
2 2
1 2
1 2
1 1
1 1
1 2
1 2
2 2
1 2
2 2
1 1
2 2
2 2
2 1
2 1
1 2
2 1
1 1
2 2
1 2
1 1
1 2
2 1
2 1
2 1
1 2
2 1
2 1
1 2
2 2
2 2
1 1
2 1
2 2
1 1
2 2
1 1
1 1
1 1
1 2
2 2
2 2
1 1
1 2
2 1
1 1
2 1
2 1
1 2
1 2
1 2
66 896
14 13
45 28
22 23
39 44
40 24
62 3
56 58
64 52
11 63
48 4
26 4
2 27
17 35
39 40
31 8
41 37
61 16
3 33
28 29
31 39
56 8
54 4
29 51
59 16
41 3
2 66
36 48
17 10
13 32
63 57
44 6
8 52
10 4
3 17
5 19
27 9
46 5
64 22
10 37
32 38
38 48
38 34
64 30
17 40
59 17
23 56
43 17
1 53
25 31
34 21
8 22
64 16
55 6
30 42
35 17
44 29
25 63
24 50
16 25
43 42
27 44
46 40
17 64
60 29
45 65
36 12
47 31
41 1
30 64
24 1
27 34
50 7
25 1
25 56
48 24
6 22
38 56
39 5
48 14
2 57
32 22
13 48
61 38
22 21
64 31
62 48
6 39
8 27
49 30
61 5
21 45
60 49
21 14
14 10
41 47
16 32
18 27
57 8
66 51
34 63
58 16
31 18
63 62
62 45
10 35
28 53
64 26
26 56
65 3
6 16
23 56
60 18
44 66
62 8
63 29
43 7
14 56
23 50
56 58
33 3
10 25
22 19
2 9
13 22
12 29
18 28
34 21
16 14
49 56
66 13
14 26
43 48
52 11
62 13
60 52
36 46
47 23
63 56
3 43
25 53
2 55
12 9
32 27
61 60
4 5
23 10
30 60
17 10
57 29
7 16
64 23
48 35
36 53
5 31
66 1
54 47
7 28
54 59
52 64
31 28
6 64
42 31
43 47
57 45
17 27
17 64
17 43
64 19
7 12
48 11
55 20
11 13
54 21
56 49
22 62
41 46
32 57
4 7
24 16
38 7
19 19
13 9
58 46
29 18
26 46
24 2
25 64
49 62
10 4
34 63
53 13
65 53
59 33
23 7
8 34
20 51
35 60
43 32
54 31
20 33
35 48
7 58
3 52
21 12
26 49
51 11
61 43
16 29
32 27
18 49
2 55
5 16
54 13
11 39
55 3
44 42
50 18
66 14
19 29
47 42
42 23
25 20
42 41
43 39
64 12
41 19
48 16
40 60
2 45
58 7
29 56
25 60
22 54
20 34
55 27
51 9
15 18
61 19
44 38
2 23
57 11
59 60
17 5
62 64
18 57
18 18
21 25
13 33
53 31
26 59
41 56
21 51
14 28
24 33
9 10
44 49
45 1
1 1
6 53
35 56
27 57
58 51
20 6
24 43
41 5
11 36
30 16
12 50
13 35
17 55
18 59
26 16
13 19
45 5
38 37
39 47
20 42
13 36
33 29
49 32
52 22
45 62
22 13
51 62
51 32
10 15
42 39
23 5
37 55
49 21
57 6
20 21
43 32
53 23
8 19
14 36
21 61
49 2
66 65
60 56
55 24
21 43
65 52
12 55
15 26
52 60
10 25
7 7
11 64
5 30
4 59
57 11
45 35
58 26
63 7
40 33
34 65
22 63
9 36
46 13
53 62
39 20
3 39
50 60
46 32
22 46
16 59
4 19
61 31
27 25
7 9
49 31
41 53
14 9
23 13
7 60
66 11
9 66
9 48
29 20
12 2
60 2
16 21
44 22
18 20
40 52
4 63
31 44
60 26
46 22
45 48
23 49
11 47
23 27
58 11
21 22
32 7
39 34
40 56
3 37
38 10
66 18
1 54
31 1
64 26
21 6
16 41
65 25
48 60
3 33
55 42
54 66
12 57
21 42
47 6
11 8
32 7
33 28
59 51
49 36
24 44
14 21
49 16
30 16
15 30
9 38
50 44
34 14
25 31
12 18
23 23
47 40
59 1
40 34
23 41
37 59
43 35
6 10
26 33
17 12
52 65
35 66
35 3
33 15
51 31
37 14
61 9
27 35
19 9
30 64
8 15
27 65
19 64
27 54
16 38
19 13
47 7
37 30
30 49
29 33
60 24
2 51
16 55
5 41
43 48
7 30
14 4
10 35
65 37
12 21
36 37
1 9
13 1
42 27
32 61
23 30
6 46
50 48
50 56
33 13
47 46
42 37
61 58
5 56
64 47
32 39
55 8
13 26
39 42
1 18
40 34
6 23
48 62
49 6
31 21
61 15
52 12
8 40
60 33
59 23
33 35
31 26
17 15
49 6
59 8
6 30
38 60
26 60
10 12
32 61
57 27
15 16
35 45
20 30
17 35
17 15
25 22
13 19
40 13
15 13
35 39
7 6
44 50
37 61
21 37
21 36
13 51
23 28
29 58
51 44
18 49
11 7
61 16
63 39
1 58
26 50
11 6
8 40
40 64
30 46
51 40
29 53
44 25
26 58
39 19
30 30
53 24
47 37
19 61
20 26
8 66
30 3
5 14
32 5
61 22
42 22
8 27
55 8
21 10
57 18
41 38
61 57
20 52
65 52
37 62
35 20
27 59
24 64
40 35
16 10
19 35
29 56
41 17
23 28
38 11
14 31
66 10
35 21
61 39
37 55
9 31
30 57
25 27
32 22
20 17
21 18
8 64
22 56
58 62
63 48
54 28
26 49
53 15
42 43
29 64
21 1
12 4
61 56
62 24
10 61
43 53
62 4
9 44
43 41
39 17
5 11
4 66
5 60
48 50
58 22
54 31
27 27
23 14
40 28
43 61
36 32
46 29
26 47
33 33
63 16
38 7
36 65
9 43
14 7
8 25
37 47
7 5
64 24
52 6
26 52
19 59
38 62
43 22
26 10
22 51
35 24
16 40
46 36
15 66
24 11
7 5
13 50
31 55
19 24
18 20
58 62
62 23
15 15
20 43
65 12
1 5
22 13
48 5
65 23
66 66
27 62
62 46
8 8
2 34
4 24
54 24
30 9
61 19
60 38
59 34
40 55
43 25
34 4
22 50
48 50
39 11
63 11
48 23
5 19
61 8
51 53
56 11
32 19
47 21
1 49
19 23
65 43
17 35
24 25
58 41
52 54
9 63
49 32
50 61
30 17
37 23
64 2
28 6
56 25
12 11
53 55
57 58
36 23
48 34
65 9
4 57
38 13
8 65
23 55
44 7
31 39
5 41
17 5
44 54
65 47
10 38
48 34
19 42
60 38
52 64
41 13
29 2
25 61
27 58
26 20
31 61
25 12
58 19
23 1
46 31
8 41
39 14
10 17
15 30
39 57
20 6
15 19
21 46
49 8
15 51
60 4
42 40
14 46
16 24
20 4
63 28
6 31
2 66
66 14
57 50
36 5
4 7
56 34
17 11
49 66
27 31
58 57
44 20
53 42
12 63
26 44
57 64
30 8
51 16
46 64
48 63
48 2
22 45
40 20
31 15
12 41
42 9
30 37
2 2
52 36
32 52
12 57
8 12
50 39
55 26
58 11
14 39
50 7
31 30
16 59
39 9
28 49
34 10
15 18
46 41
65 37
47 3
43 25
34 56
47 47
50 25
48 60
22 62
46 65
22 65
26 34
50 62
39 3
46 4
61 65
50 4
2 19
23 42
3 37
58 28
6 17
64 38
51 43
10 51
21 3
46 48
31 10
7 59
3 51
14 15
44 26
60 50
19 61
42 45
50 39
46 5
2 28
11 56
59 45
63 52
2 45
26 7
41 36
13 30
54 12
40 33
48 25
16 42
4 51
1 56
66 20
14 24
57 14
62 26
55 52
10 65
15 19
4 37
61 12
58 9
45 31
48 11
24 65
27 5
49 46
54 18
31 46
21 24
63 66
40 54
40 32
17 3
47 23
65 34
43 29
52 28
48 16
57 24
58 39
43 47
29 54
2 65
3 58
3 43
43 23
19 3
50 30
18 53
9 30
42 3
40 19
29 17
65 37
60 61
64 50
12 35
45 20
43 24
6 62
1 45
24 65
8 10
10 40
30 6
19 66
55 23
52 36
58 25
36 57
29 34
54 29
24 59
39 41
65 55
12 51
40 15
21 48
60 61
25 1
13 38
61 1
7 5
65 63
61 7
34 1
58 23
58 15
10 57
32 65
16 45
62 26
11 15
51 43
1 26
32 9
11 30
59 66
21 6
6 25
4 45
34 28
60 65
15 19
62 47
24 57
31 58
31 15
36 37
59 51
42 45
10 56
67 890
63 59
63 54
28 17
7 20
12 38
13 3
11 26
36 41
3 44
35 44
65 22
13 43
8 26
51 41
16 14
32 27
42 16
25 52
58 2
48 21
23 62
8 4
65 34
38 38
48 10
32 59
3 24
51 32
37 36
18 21
45 10
20 51
67 1
12 54
30 60
11 51
10 32
15 52
15 31
42 43
6 63
30 55
12 3
11 11
56 28
30 31
37 37
64 54
40 31
22 20
25 10
60 24
36 27
54 46
46 62
11 54
34 1
33 26
18 11
1 41
43 19
63 53
16 62
53 26
48 43
23 44
40 26
63 58
33 53
13 52
2 22
11 16
4 65
38 29
47 4
47 32
63 53
26 55
32 13
54 5
11 66
51 31
10 27
63 8
15 23
31 55
10 23
56 21
13 5
25 59
61 32
39 44
38 53
23 53
35 58
32 18
19 57
18 53
60 62
64 5
2 61
56 51
59 19
59 38
60 19
56 39
55 57
42 52
32 59
66 66
1 53
48 36
7 17
25 65
16 45
30 59
15 31
18 4
38 34
56 16
48 61
9 17
65 15
52 63
19 21
42 3
28 43
50 14
32 54
47 67
9 22
67 8
1 35
34 14
36 50
13 17
56 5
8 18
43 45
58 9
53 33
35 4
56 33
21 62
35 13
3 36
63 32
55 36
30 33
57 2
4 62
51 53
21 7
29 56
16 53
9 11
51 66
3 38
24 24
3 41
28 59
64 2
20 16
7 18
6 67
35 22
11 40
43 19
29 60
17 34
12 27
64 19
15 57
21 49
64 25
17 9
56 36
41 7
52 9
44 3
9 8
1 50
59 63
6 30
10 60
39 31
42 18
10 64
62 63
14 2
59 21
63 47
18 66
4 46
3 47
28 14
35 27
27 6
3 20
24 22
38 19
44 57
23 9
57 44
13 52
67 1
17 3
5 57
9 20
44 37
38 56
66 47
43 46
30 11
39 30
34 40
8 8
56 63
37 5
58 47
38 56
15 43
52 46
36 7
50 11
5 57
19 61
5 20
15 49
8 52
50 43
24 43
21 61
32 65
65 8
60 49
30 28
53 57
42 48
34 11
29 36
54 1
29 14
46 52
33 10
66 62
10 16
63 8
37 52
35 43
45 9
28 28
50 36
27 2
38 58
17 8
62 1
55 52
12 6
2 21
45 27
44 66
30 45
2 32
6 19
67 39
65 16
66 54
26 65
36 14
8 34
18 19
9 20
46 61
17 47
44 20
37 12
52 35
34 1
46 15
28 61
36 10
53 7
8 7
50 37
27 6
35 13
27 9
4 47
55 40
53 59
22 32
24 37
60 7
34 4
46 26
61 1
51 50
10 65
61 24
10 56
60 13
24 38
6 51
37 40
12 40
46 11
24 44
53 4
36 22
22 8
22 1
50 24
49 42
19 33
19 29
26 3
23 18
63 18
30 8
49 52
59 40
41 42
2 42
32 46
39 8
21 36
15 49
28 16
67 61
21 34
20 36
44 38
20 26
47 43
34 31
59 41
17 49
28 34
5 32
16 41
11 46
28 33
63 51
49 24
28 13
43 39
27 40
33 64
51 60
44 7
36 56
32 39
43 56
47 37
47 46
13 13
35 35
35 44
59 56
53 30
45 64
29 1
38 13
50 20
31 5
30 3
51 28
5 48
27 61
14 50
3 18
55 12
60 30
12 44
59 46
26 16
40 10
13 56
45 29
10 10
44 16
13 1
27 46
46 38
49 57
2 67
9 4
34 18
17 58
3 48
52 12
29 9
26 49
24 51
55 63
34 28
13 12
36 31
39 16
14 2
59 2
6 42
2 41
7 57
64 17
23 58
47 54
1 4
27 59
1 26
25 30
61 14
20 42
38 40
57 23
67 65
43 23
16 33
48 51
23 49
27 9
27 11
44 32
2 23
3 40
26 61
57 27
10 9
62 66
65 61
2 42
20 19
55 7
12 17
37 62
29 18
61 20
18 16
12 43
39 34
21 15
28 50
41 35
45 12
44 28
45 33
46 58
33 11
46 33
34 49
47 47
4 25
42 2
4 50
30 31
25 50
23 7
29 46
57 28
37 3
28 5
16 31
32 19
67 4
5 21
54 56
16 40
6 56
6 23
12 47
13 44
4 16
46 53
50 42
20 23
31 16
11 40
23 9
42 61
17 4
19 23
45 48
35 49
15 1
8 59
3 54
61 2
58 36
38 18
1 27
42 45
28 24
59 22
3 2
59 31
22 14
51 42
34 13
25 1
15 53
4 28
16 13
46 65
29 44
1 17
27 39
34 54
30 5
52 48
22 35
33 21
41 31
57 62
58 24
44 2
17 2
29 51
43 43
44 22
1 29
46 43
65 55
66 23
7 43
67 23
59 35
64 42
13 48
41 55
1 49
31 37
65 33
4 49
53 6
39 35
67 12
47 32
33 47
37 38
39 57
49 39
52 13
56 50
20 13
43 46
57 26
65 28
55 29
54 17
27 65
55 15
39 24
4 37
59 49
13 44
12 28
23 2
33 32
25 20
28 34
35 7
47 33
5 13
59 35
54 18
22 43
37 53
20 56
50 38
57 8
55 40
60 33
15 41
63 67
3 3
64 50
23 58
60 53
19 2
23 38
67 65
7 30
10 41
52 17
41 33
60 34
47 42
37 52
28 7
59 50
40 30
41 55
64 44
61 25
63 36
21 56
37 48
10 65
60 9
51 59
1 16
10 52
7 27
22 15
33 56
44 50
66 60
47 1
34 65
28 55
9 33
18 5
46 50
44 64
10 7
37 22
22 25
3 50
12 45
66 16
16 18
65 9
56 10
66 12
5 15
65 34
18 45
34 17
56 40
66 66
33 40
40 9
33 4
8 7
51 22
37 13
2 15
38 44
32 39
55 30
27 50
48 19
65 30
29 23
61 19
16 14
9 15
40 6
63 10
6 9
20 45
46 13
38 65
37 20
14 45
51 14
65 17
39 48
63 64
42 58
59 29
35 54
59 15
66 29
53 26
35 52
42 33
65 11
51 6
29 26
57 46
23 52
29 61
54 26
66 10
38 18
56 57
53 38
42 29
15 33
2 21
27 67
62 19
1 27
5 26
58 26
63 61
31 3
66 1
31 52
48 63
4 12
38 50
51 39
43 44
45 3
12 57
66 52
2 49
11 18
3 4
60 58
56 67
35 34
37 36
5 41
67 42
35 41
40 35
3 54
19 4
1 48
18 6
55 15
14 51
6 15
13 46
60 3
43 26
9 7
56 67
13 24
38 38
13 62
37 67
28 36
35 5
39 19
44 35
1 56
67 25
31 43
50 45
47 10
35 42
44 62
11 51
51 50
22 42
51 36
49 57
31 59
14 61
39 1
55 12
5 35
59 21
27 42
26 48
9 29
63 37
6 58
62 41
39 8
64 20
8 4
29 54
18 52
1 18
48 13
39 40
55 62
48 38
36 32
66 33
43 1
9 13
28 16
15 55
57 1
17 9
34 62
67 12
39 3
67 33
53 2
36 62
11 44
16 19
25 22
26 67
22 66
51 22
22 22
31 11
10 33
14 35
35 5
25 28
30 25
58 28
16 6
33 6
57 37
49 4
56 32
57 51
55 19
63 58
54 26
44 58
10 37
15 17
14 25
59 48
33 10
2 66
16 14
4 57
60 39
3 23
49 28
15 56
1 50
12 20
19 5
36 38
1 23
64 21
4 58
58 40
54 23
4 55
42 4
8 8
65 44
55 64
34 29
49 20
47 66
62 46
53 30
35 58
63 30
46 62
51 37
26 60
59 46
42 34
51 2
55 13
50 55
43 25
43 65
31 46
24 51
18 38
23 5
50 17
12 1
34 8
3 44
58 62
42 18
64 33
49 45
54 21
13 37
59 39
21 23
20 58
58 67
64 33
11 5
48 12
23 34
41 11
38 14
58 61
37 12
54 31
5 27
28 53
45 20
49 62
37 21
21 67
29 20
6 66
39 14
2 43
45 14
38 36
25 25
3 58
56 30
8 52
67 31
59 59
47 270
15 3
4 9
2 43
17 15
37 43
19 35
7 33
14 33
26 5
43 2
26 22
25 20
26 8
24 8
6 37
34 8
5 40
43 22
12 41
36 38
26 22
21 46
6 23
27 30
16 46
29 47
31 47
29 43
23 24
42 16
28 15
20 12
1 6
36 17
7 46
45 25
6 27
24 16
23 29
19 25
47 2
6 5
12 43
30 20
37 42
21 11
14 34
23 39
39 38
26 47
23 2
25 26
14 21
5 6
6 41
18 8
27 32
42 44
24 22
9 31
37 12
20 15
43 46
31 20
37 7
36 30
20 34
39 19
5 33
15 29
9 39
11 43
37 14
13 41
26 43
33 1
4 20
38 1
44 5
40 34
4 28
47 41
45 35
42 17
33 11
30 24
4 3
30 45
8 26
40 3
24 7
26 34
7 16
14 31
40 19
40 3
18 20
41 23
44 3
45 43
23 4
34 27
15 3
42 47
27 25
15 35
45 43
16 18
6 17
41 6
32 9
42 24
43 34
27 18
34 11
24 38
15 41
38 4
22 20
3 3
47 37
5 7
22 28
11 5
21 25
16 47
42 4
45 46
8 3
3 31
16 16
5 38
43 41
17 29
15 28
40 47
11 13
33 13
28 4
13 30
19 16
43 20
15 8
33 12
30 3
18 6
10 16
43 42
33 27
25 25
39 24
7 41
33 44
33 8
20 5
45 45
30 9
5 6
28 25
43 22
31 10
18 18
21 7
22 15
45 23
22 19
1 21
4 43
26 43
38 17
19 9
41 29
10 46
44 21
42 41
42 40
29 15
25 26
27 13
3 47
37 21
24 31
22 45
32 37
4 18
39 27
7 43
37 15
11 9
11 5
24 23
2 7
21 36
20 17
7 2
46 45
33 35
23 8
47 15
40 33
1 30
1 13
18 42
26 9
41 27
30 35
28 1
5 3
19 36
1 36
14 36
23 19
39 41
22 17
28 39
33 12
42 46
10 16
27 26
44 43
12 23
36 43
38 44
21 14
26 18
30 38
46 28
32 10
11 26
46 13
47 15
18 21
17 39
15 8
25 4
44 6
45 46
39 37
25 4
36 39
19 15
6 28
8 47
44 44
9 24
37 5
10 44
28 35
17 6
38 23
19 24
14 5
40 11
41 29
34 45
29 9
20 37
1 17
46 39
2 46
24 13
22 1
35 19
15 45
39 45
20 40
36 21
20 37
47 17
16 41
15 330
11 2
2 8
14 6
4 5
6 11
13 1
15 3
13 14
5 15
4 5
2 7
10 7
1 1
14 3
5 6
14 5
10 14
4 14
15 1
9 8
11 1
10 3
2 7
11 8
15 2
9 15
8 13
10 5
12 10
15 3
5 11
3 7
6 13
8 9
11 11
7 7
4 5
4 7
4 9
14 5
12 3
7 13
10 15
10 14
7 3
5 6
10 5
11 7
4 5
13 3
8 10
2 14
4 5
4 14
3 11
14 4
5 4
7 8
10 2
3 3
15 6
14 6
10 7
13 5
2 3
9 5
14 12
8 11
1 3
13 12
15 3
13 1
2 2
15 1
3 11
7 15
6 6
3 3
4 8
3 5
3 11
6 8
5 15
12 2
12 2
8 15
10 2
15 5
6 5
13 11
7 15
1 1
4 2
6 8
13 4
13 8
4 4
1 14
9 2
6 1
12 5
8 8
15 8
11 14
5 9
12 3
7 1
12 14
15 1
14 11
12 14
11 5
6 14
14 5
15 9
1 4
15 14
6 14
8 2
7 3
11 14
4 10
9 5
14 6
8 2
10 9
14 9
7 2
15 10
8 6
2 3
6 13
7 3
12 13
1 10
4 9
14 15
11 12
7 6
10 15
3 13
15 2
12 5
1 2
9 11
7 9
15 10
11 14
5 2
2 1
4 7
11 2
5 12
13 3
15 4
1 3
12 12
15 5
13 5
5 8
4 11
10 9
5 12
3 10
11 9
12 6
11 12
8 2
10 1
14 5
5 7
8 1
14 12
9 4
4 11
2 6
11 8
8 1
2 1
13 11
14 14
9 7
4 11
9 12
9 15
8 14
15 9
2 1
15 11
14 7
11 15
8 2
7 13
3 10
2 15
2 13
3 15
10 2
12 5
8 13
13 3
15 14
8 8
6 2
13 2
4 9
1 2
13 6
14 11
9 2
5 11
13 6
9 12
7 7
6 15
4 14
8 8
2 6
12 1
5 7
12 3
4 6
5 2
2 10
1 7
1 15
15 12
15 5
8 12
2 12
1 5
12 9
2 10
10 10
15 15
1 3
2 14
5 15
13 11
12 11
3 9
2 10
8 11
10 8
9 13
5 4
5 6
1 6
4 3
1 15
11 6
10 3
6 11
3 10
2 7
3 6
12 6
1 10
7 10
13 12
14 5
5 3
13 7
4 4
10 3
8 8
12 8
11 10
6 3
9 2
6 15
2 4
8 15
6 12
9 8
2 5
2 14
2 5
3 10
5 13
1 10
10 8
2 1
11 8
11 2
5 10
7 2
14 7
11 1
10 4
1 9
15 8
14 4
11 4
11 10
2 6
9 6
10 4
4 6
15 9
8 14
6 1
2 14
15 8
14 12
10 15
11 2
9 11
13 11
4 14
1 8
3 4
5 7
5 14
6 15
4 3
12 5
14 2
12 14
11 5
10 4
8 4
2 4
7 6
5 7
13 10
13 1
3 13
6 1
5 6
17 857
11 13
17 9
6 6
6 8
14 2
14 1
13 8
6 14
2 2
10 1
2 2
2 2
5 4
10 12
7 17
7 12
7 11
3 1
1 13
12 11
4 8
12 8
8 12
13 8
6 9
17 17
15 12
2 14
1 15
12 17
13 13
9 7
14 6
5 8
8 6
1 2
7 16
5 2
6 14
2 9
16 16
12 11
16 17
7 13
2 15
1 8
8 8
15 5
14 5
12 6
6 7
13 6
1 12
6 11
13 5
10 13
15 6
11 16
16 2
5 15
10 8
3 4
8 2
5 16
8 6
3 5
9 15
5 11
4 4
15 15
12 15
15 6
14 9
2 14
10 1
17 13
2 10
7 17
13 12
3 15
6 9
10 10
3 12
7 13
13 9
10 3
2 11
9 1
8 16
10 11
12 12
12 12
5 13
11 14
7 9
11 13
15 4
9 9
5 11
10 7
3 11
2 2
9 10
13 3
3 10
1 9
15 12
2 2
15 5
17 13
7 3
12 9
1 5
11 2
17 15
4 17
16 13
13 12
14 10
4 17
6 2
1 7
15 1
17 3
12 3
4 15
4 9
4 13
3 17
7 15
17 8
16 6
6 14
10 11
12 14
8 2
13 10
2 5
17 13
14 8
2 8
13 17
10 8
11 15
10 17
16 5
16 14
11 5
17 15
10 17
16 12
12 2
14 10
2 14
7 10
14 10
16 6
3 8
17 7
3 13
7 2
8 16
7 16
5 1
15 6
1 14
5 2
16 2
4 8
17 17
10 8
17 14
1 16
16 13
1 5
10 12
5 15
13 8
3 5
12 3
3 17
1 7
16 9
2 14
4 17
17 1
3 11
7 5
9 5
14 8
16 2
1 4
5 5
6 2
11 6
14 13
7 15
8 2
10 16
2 15
3 7
9 17
5 1
4 11
17 15
7 1
13 5
10 3
16 8
14 6
11 10
4 4
17 12
15 8
4 2
11 15
15 15
12 16
14 6
12 15
17 13
12 3
8 15
9 11
13 7
2 7
4 4
15 13
4 13
13 12
16 11
11 3
4 14
2 7
10 17
1 7
1 2
2 15
15 7
7 13
6 4
3 1
9 13
13 12
17 16
9 13
7 4
7 9
17 17
4 13
11 16
6 6
14 17
6 3
12 15
15 3
12 5
7 3
16 7
17 12
1 5
3 3
4 3
14 15
2 11
17 9
3 12
1 2
1 9
6 15
1 15
11 12
12 10
15 9
1 3
5 17
5 4
7 2
2 9
1 17
15 16
16 10
6 1
13 9
9 1
17 6
1 3
15 14
5 2
6 9
8 15
5 12
14 16
8 5
9 16
9 1
5 15
10 14
9 5
14 7
15 15
13 1
9 4
5 3
12 1
14 1
16 8
13 11
13 3
13 11
12 5
14 3
12 5
11 9
7 15
17 16
14 2
16 9
6 6
13 4
17 2
14 1
8 1
1 8
15 1
14 4
17 13
1 9
10 13
9 7
12 8
9 4
13 16
5 7
10 1
6 1
9 7
16 12
3 1
4 5
3 11
3 10
15 17
14 2
5 13
8 6
12 17
1 15
3 5
6 6
14 8
5 12
13 11
2 3
2 7
5 2
13 4
7 4
14 4
4 7
12 14
13 17
16 11
14 4
8 14
15 9
9 16
9 10
4 16
16 8
9 9
15 15
1 5
3 8
10 6
4 16
14 17
13 9
10 15
15 8
1 8
2 14
1 4
16 8
4 1
5 1
12 15
12 6
5 13
9 2
9 17
10 7
7 5
12 15
7 1
2 16
9 1
4 1
4 17
14 10
11 4
12 11
14 14
7 13
5 8
2 12
16 10
4 10
2 10
1 16
3 15
11 8
9 6
13 8
16 17
10 8
11 3
8 16
13 7
14 16
17 5
11 14
1 13
4 1
1 5
17 2
13 10
2 11
17 1
7 3
8 15
10 4
1 7
10 13
11 1
4 16
1 13
13 6
2 9
4 16
16 12
17 4
6 5
9 15
10 14
13 2
3 10
15 15
17 12
14 8
2 14
15 7
4 10
2 14
3 8
17 14
14 2
3 3
17 11
7 15
7 6
4 1
14 6
14 6
11 13
4 9
13 16
15 6
11 5
5 15
15 16
7 1
3 3
4 9
8 12
14 13
10 8
5 10
14 7
10 2
6 16
13 2
14 3
8 14
11 10
9 3
10 7
2 11
2 16
14 5
15 7
10 5
16 17
15 17
9 6
17 1
6 16
17 10
6 15
5 9
5 17
15 13
8 13
1 10
3 6
6 8
17 9
15 10
3 14
14 11
13 13
5 15
16 5
4 3
2 1
8 3
15 6
10 8
10 6
2 15
6 16
6 10
16 15
14 9
1 16
5 11
8 13
17 12
1 11
2 14
3 13
2 2
9 7
12 5
8 13
15 1
3 7
14 1
16 10
10 15
13 2
17 15
1 14
8 11
3 8
11 16
2 14
17 9
11 13
4 7
3 17
13 7
15 2
11 10
11 3
15 6
11 6
16 4
17 15
5 13
13 12
13 11
10 2
1 17
5 16
9 10
5 17
8 6
16 4
1 2
12 8
1 9
4 6
5 17
9 15
7 2
1 13
12 15
13 7
4 2
15 10
12 1
4 13
1 5
11 8
11 8
17 9
14 17
9 8
1 1
10 15
17 12
14 11
2 1
1 4
9 2
3 2
7 12
6 9
8 6
5 2
6 8
15 7
14 7
17 8
5 1
14 4
7 7
11 14
1 2
4 16
11 8
4 3
14 10
10 7
9 11
13 13
3 9
12 14
3 13
8 15
15 15
17 11
2 14
4 6
17 1
17 13
16 8
6 15
6 11
3 15
7 10
2 7
6 5
8 8
7 6
12 1
2 2
4 2
7 3
8 12
8 11
6 13
12 11
3 16
13 8
9 15
1 3
6 9
13 5
9 1
12 12
12 12
13 14
9 9
14 7
1 11
2 10
6 13
12 14
11 16
16 16
2 13
10 5
15 6
12 1
4 11
8 7
4 6
17 6
8 3
17 13
17 2
3 4
14 11
13 1
3 5
5 12
10 17
7 13
1 6
2 6
15 9
1 8
14 11
17 1
5 7
13 3
9 14
12 14
1 9
15 10
7 11
14 14
1 11
5 12
17 11
14 13
7 9
5 2
7 7
9 7
9 13
9 13
2 9
17 7
10 10
11 17
9 6
11 12
11 7
13 10
16 14
16 10
3 2
2 8
17 2
7 10
9 10
3 17
14 3
15 9
9 17
16 8
12 7
15 8
6 15
17 15
17 3
14 7
16 8
7 1
4 15
17 4
14 13
5 12
16 3
14 1
8 2
1 5
12 8
7 7
17 2
14 6
16 10
15 5
3 17
13 2
4 16
7 16
13 5
15 2
5 16
17 2
11 13
9 1
5 4
12 7
14 9
1 6
3 16
9 2
17 2
1 1
2 17
10 16
4 17
5 5
16 17
12 15
16 7
9 3
8 14
4 3
15 13
17 6
9 14
13 16
14 8
5 11
11 3
7 6
7 12
10 7
3 12
14 14
10 5
10 12
17 13
9 10
9 5
11 11
9 4
13 3
10 13
12 12
4 16
16 5
7 1
9 15
15 11
3 3
11 12
2 5
13 13
16 9
16 17
3 5
4 13
6 6
6 17
4 16
2 8
10 7
9 5
7 10
4 10
13 12
17 8
17 14
16 6
16 12
7 10
17 10
13 2
8 8
14 8
13 7
8 5
14 4
14 15
6 3
17 1
4 5
1 16
11 15
6 7
7 15
17 9
9 4
1 15
7 1
10 5
13 8
16 1
11 15
4 4
12 9
5 13
6 5
11 12
15 8
5 13
15 6
11 5
3 11
9 3
40 222
12 24
17 27
12 22
24 24
3 3
5 19
38 18
40 8
16 34
12 21
26 13
15 35
35 36
5 4
31 17
18 24
3 3
25 35
33 33
10 31
17 30
26 32
11 35
37 13
25 35
13 36
26 9
27 32
12 11
7 24
7 1
15 10
25 37
11 18
37 8
5 23
5 7
3 26
5 16
1 4
40 9
16 15
28 5
13 37
36 20
24 2
25 11
21 37
29 38
23 36
27 34
14 9
2 5
5 38
23 37
33 34
22 37
13 2
36 10
6 7
29 27
39 39
14 4
9 27
35 33
21 4
12 11
4 3
15 7
31 18
29 30
20 2
16 10
19 36
10 12
39 33
1 14
6 35
26 39
20 26
37 10
17 34
11 19
34 8
21 6
30 24
6 34
6 18
14 24
3 25
17 15
18 3
18 2
20 30
12 29
9 20
30 17
10 8
6 38
20 1
23 17
2 1
40 16
22 11
17 36
16 38
29 9
27 35
37 10
32 12
37 24
24 27
17 15
37 5
19 5
25 7
27 23
32 37
35 13
21 17
26 30
12 16
33 38
15 15
34 13
6 32
1 10
39 18
5 26
1 29
30 33
24 17
6 19
4 36
27 39
29 26
13 26
14 7
21 10
34 39
10 29
18 5
27 31
36 23
18 38
23 8
5 39
6 23
14 17
40 12
22 23
34 11
35 10
34 33
35 8
22 6
36 34
33 33
6 26
1 32
28 35
34 32
9 30
27 36
24 20
21 8
30 7
8 5
28 37
11 17
13 23
30 38
35 34
1 7
15 39
28 6
11 14
6 40
19 4
37 16
34 36
13 10
25 13
16 13
9 8
37 14
29 3
2 10
37 24
24 2
7 37
17 9
4 12
6 24
1 23
37 9
12 11
15 38
29 34
16 11
39 8
33 25
2 32
13 19
2 15
6 1
40 4
22 39
31 27
17 13
29 38
6 16
16 3
32 11
18 1
39 16
37 39
36 8
6 9
34 34
5 28
26 4
14 333
13 7
14 12
9 12
5 2
13 11
13 13
11 14
8 1
4 5
1 5
6 4
12 6
1 5
14 3
2 5
6 11
11 4
11 1
13 6
6 9
6 11
13 2
5 8
11 12
10 8
4 3
11 11
1 7
4 8
10 12
14 10
11 9
8 11
12 11
12 6
7 4
1 1
3 9
13 9
13 11
4 4
11 3
6 11
4 13
14 13
8 9
12 2
5 8
11 9
1 4
12 14
11 6
4 12
6 12
1 14
8 8
12 5
4 13
7 13
1 8
8 13
7 2
11 12
2 13
1 12
12 8
10 11
14 8
8 9
5 9
3 11
5 5
1 14
10 7
1 12
12 1
7 2
10 14
13 4
8 7
9 2
9 4
2 14
6 10
10 13
5 6
12 14
2 7
7 11
11 1
3 6
12 12
5 12
1 14
2 13
7 13
7 2
7 7
1 14
9 12
12 1
14 4
5 2
7 7
10 4
14 9
3 11
13 7
10 3
13 7
3 9
4 3
11 7
9 11
13 8
1 8
12 14
13 4
11 14
1 13
1 1
7 1
14 1
5 13
2 4
4 4
5 7
1 11
11 9
14 8
1 9
9 1
6 13
2 11
7 2
7 10
11 12
14 14
6 10
1 4
1 12
5 14
13 7
1 13
1 7
11 8
12 8
11 7
7 7
8 1
8 4
14 6
13 3
3 13
7 3
1 12
10 9
4 8
10 2
1 10
6 2
10 13
9 6
1 12
7 3
9 10
10 12
5 7
5 9
4 2
2 3
12 14
5 8
12 7
4 11
13 12
1 2
14 11
9 7
11 1
12 14
2 8
7 8
3 14
12 14
7 6
10 3
14 11
6 7
4 3
9 10
2 5
11 13
5 13
12 3
12 8
9 5
8 13
10 10
10 3
2 4
11 6
4 1
13 9
2 13
14 12
6 2
14 1
8 14
14 11
3 8
9 10
3 7
3 7
8 6
8 10
1 13
7 11
2 2
7 6
7 13
5 4
13 6
9 10
14 12
9 2
2 10
10 8
8 5
7 12
14 4
1 13
2 2
7 2
12 10
7 14
13 12
9 3
13 1
12 4
14 10
14 13
13 7
6 1
6 10
4 1
9 2
5 8
4 11
10 7
10 12
8 11
10 13
5 7
13 8
8 10
9 7
1 6
9 6
8 8
3 6
10 11
13 13
13 1
12 7
3 10
3 9
11 2
8 11
9 8
6 13
6 6
2 10
9 7
8 14
6 5
13 10
12 4
14 13
4 7
11 3
8 2
5 5
2 8
13 14
10 1
7 14
4 8
6 8
12 7
4 2
11 1
5 8
1 14
6 14
5 5
5 11
1 13
2 3
2 13
11 11
10 5
2 10
11 12
14 5
10 14
13 2
9 8
3 3
7 5
7 14
14 1
10 12
8 12
9 7
3 1
14 1
8 10
4 13
4 8
5 8
12 11
10 12
10 3
2 10
14 13
12 13
12 1
11 14
9 14
7 14
10 2
2 3
64 35
10 27
5 43
48 46
5 6
58 47
40 34
57 4
43 21
14 15
31 38
22 1
2 51
61 14
25 14
8 24
38 33
11 40
54 43
23 49
21 3
31 62
32 1
6 54
7 2
34 62
53 59
31 7
48 4
39 41
43 11
30 38
62 59
13 15
23 52
48 19
29 115
22 12
8 2
17 10
20 15
19 12
5 15
17 28
8 28
5 8
21 19
8 19
18 24
28 3
26 13
20 7
24 6
21 1
27 13
15 21
15 24
18 16
9 19
28 27
21 7
11 20
15 8
6 26
29 12
9 14
9 25
16 15
18 17
23 28
17 4
10 14
29 12
7 20
28 24
24 6
26 22
14 12
23 1
13 29
3 7
10 21
24 8
28 3
6 24
9 21
22 19
16 5
23 14
29 12
1 15
27 1
22 2
26 21
2 28
2 5
1 23
13 8
24 16
17 29
27 17
11 7
12 2
15 7
9 22
20 8
13 22
9 15
7 9
15 11
9 27
20 27
25 12
5 2
19 7
19 27
4 15
24 13
18 24
28 24
11 4
13 26
9 6
11 9
2 6
19 16
4 27
20 15
21 29
28 23
8 27
28 26
29 5
2 3
15 6
1 19
21 21
2 15
8 7
6 12
8 27
23 8
1 5
25 14
12 7
5 28
10 26
14 1
28 29
14 19
17 24
3 22
77 714
16 73
60 54
65 59
74 53
34 50
64 40
3 10
29 27
5 12
54 74
69 43
17 69
75 25
8 70
40 15
30 65
1 11
46 74
66 21
39 50
50 8
49 77
66 43
75 22
74 18
73 28
63 35
16 42
65 28
44 63
13 39
20 8
18 31
6 46
55 55
61 1
7 38
11 9
27 64
26 2
13 65
31 10
26 33
29 64
40 60
21 14
59 12
48 22
59 15
52 37
19 47
64 7
29 65
31 24
65 56
65 40
44 21
18 57
37 57
37 15
42 50
27 11
71 67
17 62
28 29
10 38
63 21
24 28
45 7
29 71
45 7
45 50
64 13
44 33
36 8
48 49
68 3
54 72
49 18
6 54
62 24
59 75
15 27
77 10
46 66
64 76
43 19
8 12
53 12
44 70
76 52
22 72
33 53
74 75
50 63
72 61
22 16
30 6
76 7
56 27
5 11
61 68
23 25
13 10
66 11
42 59
53 29
57 9
4 66
44 57
72 68
75 30
45 20
24 67
19 38
71 9
22 62
16 40
36 44
19 58
38 77
59 24
69 19
50 35
29 15
45 67
51 45
15 38
32 4
5 73
11 23
57 56
55 24
70 69
52 12
55 15
31 34
23 73
66 13
26 4
27 22
57 46
17 49
28 18
38 9
53 64
45 73
8 72
33 50
5 22
3 36
38 46
22 67
76 16
41 12
40 2
52 74
36 67
52 42
59 31
2 77
46 69
31 14
8 41
69 27
50 21
68 77
65 11
44 26
30 18
47 27
39 32
29 39
69 70
11 12
68 36
57 53
45 33
7 35
6 3
22 25
30 42
75 19
31 53
25 44
25 56
63 1
63 2
29 44
40 27
12 20
9 3
9 40
9 55
5 44
22 42
50 75
32 67
28 41
4 1
58 37
55 3
49 54
31 6
34 73
11 47
72 52
7 23
72 39
31 43
77 49
28 33
53 61
7 70
2 47
73 61
59 42
59 35
24 61
9 62
51 71
39 37
31 11
73 67
13 67
40 57
70 53
20 14
77 21
3 34
22 65
66 47
41 20
23 60
31 37
16 50
17 75
8 75
57 60
7 63
13 59
76 6
69 38
58 48
42 73
12 34
58 64
66 60
46 36
12 62
44 14
49 6
12 24
29 75
35 32
11 13
22 60
10 46
67 38
48 38
38 62
50 71
12 67
74 47
74 36
77 16
45 47
53 19
77 16
1 69
58 20
76 38
31 55
4 49
60 62
22 6
25 35
10 34
19 58
6 15
51 25
69 16
32 52
59 77
39 74
26 47
67 12
42 73
67 59
3 12
11 65
49 13
35 35
20 24
16 30
10 73
77 42
71 6
72 67
5 37
36 39
4 39
48 6
32 20
11 69
26 22
3 70
74 47
68 37
14 55
22 33
2 3
48 35
71 77
40 26
28 37
33 42
67 58
23 75
32 55
22 70
35 54
62 77
50 47
26 4
22 36
41 64
3 22
37 62
56 44
14 37
28 54
54 53
60 55
36 19
20 66
1 48
42 35
22 55
46 10
71 13
50 25
17 63
34 74
42 53
36 35
42 32
69 10
36 13
53 5
65 36
43 3
74 71
46 66
41 55
53 74
71 3
77 8
31 66
10 55
7 45
45 4
53 60
71 19
2 75
39 23
19 17
45 51
8 14
61 77
59 55
35 73
72 50
77 5
41 22
72 49
36 39
29 63
34 38
5 72
32 49
14 42
38 32
32 7
61 57
18 26
70 23
17 58
15 67
51 72
12 69
5 49
26 42
2 69
44 23
15 45
38 55
18 38
59 38
47 61
20 28
8 34
59 43
63 42
33 43
9 6
67 38
43 70
45 2
48 41
75 60
72 63
18 67
50 26
22 19
73 68
70 3
40 13
2 48
67 34
26 44
41 71
32 71
1 77
50 49
75 68
34 1
34 11
53 9
70 61
6 3
6 39
40 22
58 74
63 42
25 32
61 22
25 21
13 34
43 59
60 12
17 50
32 38
50 15
57 39
61 16
32 70
37 66
28 24
25 48
4 25
6 34
3 31
51 41
56 18
64 74
27 31
59 61
45 58
60 36
39 31
68 16
52 70
4 60
7 49
66 19
34 35
52 34
22 5
41 66
73 7
7 29
71 1
1 62
1 72
25 71
29 67
72 22
30 7
39 74
55 69
41 15
45 26
76 72
74 39
35 2
75 67
1 36
30 11
48 62
23 15
74 16
54 27
2 55
75 33
64 11
38 11
57 1
52 44
58 7
30 43
72 40
1 17
19 10
37 75
63 36
46 11
44 33
76 4
15 73
77 35
30 27
32 14
27 67
73 76
29 59
32 77
12 66
50 17
66 61
62 13
25 20
46 42
17 53
66 63
36 17
43 8
37 53
50 14
40 50
52 4
75 60
49 55
1 71
7 26
11 47
23 20
40 61
56 60
57 42
17 74
21 22
31 68
37 34
41 54
48 20
47 59
49 7
5 15
64 68
50 36
1 5
8 7
35 32
59 28
57 54
30 35
51 23
11 23
67 68
56 39
53 40
14 31
50 17
22 25
16 25
28 7
39 54
67 45
18 11
45 76
3 69
35 76
76 26
4 42
73 4
4 32
53 60
7 65
48 72
70 10
27 60
22 54
8 38
52 42
20 55
18 26
5 31
44 69
35 2
62 76
75 64
63 8
8 23
37 15
12 43
36 48
32 58
12 67
15 59
45 52
20 37
37 11
70 19
38 27
1 21
67 64
5 19
17 66
75 17
75 73
14 12
73 56
7 3
24 70
11 65
12 41
19 35
73 13
8 27
6 66
71 49
20 14
7 18
73 3
31 6
44 12
77 9
28 77
37 39
53 23
66 1
7 36
22 36
51 75
19 60
32 61
46 50
10 63
49 19
7 65
3 16
74 3
5 43
19 14
9 15
77 76
34 61
14 21
37 77
66 40
52 28
44 29
53 19
49 13
41 19
38 16
54 48
70 30
34 20
34 63
43 50
70 67
53 66
33 18
74 38
51 1
54 61
39 27
8 24
60 17
58 29
56 35
68 56
3 43
42 51
45 5
31 54
39 64
35 30
73 31
3 30
63 50
49 47
37 37
50 34
66 21
62 44
58 5
35 5
68 62
9 16
66 35
4 76
13 17
29 58
57 60
50 66
46 19
60 17
65 22
7 58
41 70
52 38
16 37
32 77
9 28
61 65
24 4
49 66
66 61
10 42
48 63
22 7
68 330
51 12
36 15
41 46
10 42
40 13
35 12
35 56
63 31
22 43
66 28
30 64
25 57
35 28
3 16
52 23
35 12
51 6
16 65
47 15
48 20
61 29
56 4
20 58
38 41
37 44
16 33
60 4
22 4
68 19
37 46
65 29
42 64
67 6
33 31
46 58
4 48
1 49
37 10
14 12
1 52
66 17
13 23
62 21
11 55
57 28
65 27
40 37
66 58
35 13
33 47
60 7
27 31
2 18
63 49
1 23
4 15
10 18
34 50
8 31
38 54
65 6
62 43
5 59
45 55
62 35
57 15
1 27
46 50
30 39
62 44
20 31
65 1
42 25
27 37
59 17
30 2
2 54
20 57
57 13
31 60
7 66
13 49
24 57
6 54
7 62
27 10
36 6
55 54
23 1
12 39
51 18
6 23
57 36
67 18
27 68
50 34
29 28
65 44
28 3
49 68
60 65
38 38
10 33
39 13
23 36
7 9
32 38
65 32
32 31
59 15
54 55
49 39
9 68
61 65
27 39
37 7
26 26
34 67
1 6
9 26
3 42
17 25
57 61
53 49
23 68
43 53
20 34
21 2
62 58
55 6
22 16
62 63
6 8
35 65
43 43
68 44
48 45
58 17
22 61
55 24
27 42
47 2
62 36
20 65
27 11
4 9
27 30
43 37
66 29
31 16
67 30
53 51
55 26
50 32
38 23
57 2
38 55
23 54
68 19
35 43
31 32
63 22
62 56
14 24
7 42
55 36
39 52
10 67
23 22
39 50
51 35
10 40
22 67
49 16
19 47
11 53
31 49
35 23
62 26
45 43
53 20
54 50
35 55
15 52
18 58
50 65
53 27
39 48
43 43
60 36
13 37
27 6
2 30
25 42
27 30
47 32
39 28
29 46
29 55
4 16
60 13
56 36
8 24
39 21
48 38
1 27
4 25
49 34
9 67
60 34
51 67
15 68
51 64
59 13
34 51
64 63
20 29
13 17
5 2
52 16
54 47
12 48
54 37
59 11
50 48
34 29
21 36
51 19
47 42
10 1
17 7
15 22
49 65
46 5
7 5
57 32
60 14
54 8
11 31
44 17
65 4
10 60
40 49
48 27
14 39
37 23
38 39
3 31
10 65
57 49
21 31
51 65
64 32
63 53
19 2
28 36
44 9
17 14
52 13
24 44
14 24
30 6
49 34
22 29
47 52
60 42
55 58
4 40
20 67
17 3
34 63
28 43
4 25
5 11
63 6
62 46
44 16
42 43
59 39
8 61
58 27
48 59
40 66
39 65
6 53
2 50
12 55
22 23
12 39
44 58
17 8
61 38
27 22
30 48
16 39
54 20
66 64
37 56
43 22
57 5
55 61
16 22
61 11
1 2
63 2
35 32
17 12
1 58
17 30
35 6
33 18
55 62
31 44
17 12
60 34
21 2
63 47
5 55
5 43
37 12
67 24
64 45
25 7
52 8
48 11
12 52
56 14
37 60
60 12
59 41
83 986
5 83
19 63
53 52
57 46
78 74
23 18
66 71
79 58
36 2
21 30
12 6
75 80
49 83
52 81
41 36
77 22
5 19
28 82
22 12
32 30
21 39
50 48
27 69
31 35
4 8
37 1
57 46
69 34
20 50
59 79
65 55
35 40
48 76
22 74
72 25
17 56
11 55
4 48
7 32
12 83
12 73
32 64
48 68
83 65
69 38
49 25
15 52
11 30
50 43
79 69
53 69
29 80
16 2
80 31
73 29
61 62
21 7
3 72
68 5
44 36
28 4
21 74
9 10
3 48
47 83
50 60
26 58
25 63
60 26
50 44
4 79
5 8
53 18
75 59
22 42
11 53
13 77
76 68
12 5
82 5
26 17
49 53
60 59
17 50
29 44
13 53
18 70
60 26
60 68
74 15
74 38
77 49
7 78
25 40
7 32
20 64
29 24
22 4
21 21
18 35
25 46
59 11
10 23
27 61
17 73
5 24
71 37
83 69
25 10
19 66
40 78
52 54
30 15
37 71
59 57
66 10
17 36
37 38
29 55
69 68
46 6
45 3
22 16
21 54
46 16
47 13
70 15
73 27
11 32
74 8
48 56
19 36
63 64
55 50
38 80
66 8
21 66
20 58
30 23
71 74
27 24
57 11
34 11
29 53
58 32
44 21
23 39
33 44
53 42
33 15
8 74
65 50
41 67
32 68
66 58
45 43
55 57
68 12
5 30
45 29
65 41
82 74
29 41
71 22
26 52
27 49
71 29
74 25
66 1
72 54
37 73
74 72
7 49
66 43
80 76
55 1
81 57
56 48
22 37
9 79
76 44
48 41
23 17
78 44
16 1
50 33
77 82
34 12
48 28
27 67
76 2
20 52
46 24
66 82
34 41
53 1
56 81
83 83
63 16
54 74
69 82
35 27
12 41
20 18
39 70
24 34
40 37
18 40
5 39
2 16
83 44
57 38
45 79
46 6
57 23
74 43
55 61
81 83
43 81
31 82
29 20
12 67
75 17
56 50
61 21
43 25
69 50
70 61
32 50
79 19
76 68
55 71
74 28
76 34
32 23
21 59
74 44
11 67
59 26
70 31
28 9
18 82
72 76
70 64
26 47
31 3
32 16
3 47
11 31
39 54
68 28
76 75
57 47
80 23
52 57
83 60
60 25
25 16
66 39
6 14
55 26
23 45
8 42
40 11
23 12
47 68
78 79
7 10
59 54
28 45
3 30
64 53
75 60
47 51
23 31
75 36
32 4
73 39
66 16
34 75
41 4
27 37
58 78
2 35
61 83
56 23
7 7
23 41
9 69
47 55
18 18
36 76
9 65
8 1
57 23
19 16
12 29
66 3
61 36
81 32
18 48
12 61
79 40
11 75
28 53
4 32
36 46
29 2
63 14
13 78
67 23
25 11
52 45
77 65
42 1
56 59
61 15
46 55
82 42
72 64
68 80
81 42
23 44
79 33
44 39
25 24
34 67
56 62
22 9
35 14
9 9
15 54
6 17
52 30
38 51
10 9
72 52
76 64
28 53
58 2
27 38
69 57
76 79
51 41
24 7
47 12
68 29
71 14
2 21
24 44
77 82
77 60
49 54
54 11
5 30
51 31
81 64
22 72
37 52
54 75
16 79
22 4
34 15
7 82
44 31
60 56
77 64
71 25
31 31
76 72
41 13
78 34
65 28
60 63
21 53
77 80
10 64
78 73
30 21
76 49
73 51
77 69
40 33
10 51
36 83
15 50
25 60
50 24
53 65
47 1
29 65
62 19
57 5
3 73
24 80
59 47
11 68
49 55
41 59
78 14
62 21
51 54
53 58
81 73
31 1
2 40
60 15
12 57
70 83
82 12
17 40
1 67
7 28
22 74
6 9
36 76
22 4
50 81
38 49
4 47
34 23
25 78
52 48
4 39
76 30
45 46
47 24
37 42
69 32
75 34
81 34
38 42
28 34
66 62
57 41
17 34
75 56
74 23
75 74
36 4
44 20
40 7
48 67
55 55
35 18
35 12
23 28
32 36
70 49
2 31
38 42
37 56
76 27
47 71
76 43
42 3
21 69
26 52
16 17
73 10
79 12
14 21
46 20
63 13
76 77
11 13
83 77
14 67
9 25
62 83
24 75
35 53
19 14
77 56
12 15
23 79
48 44
29 73
61 50
62 28
76 26
55 67
51 33
22 33
67 65
18 46
76 71
3 50
28 10
48 12
79 70
34 69
43 21
19 64
5 2
80 31
78 44
68 73
3 40
47 31
47 81
82 74
7 66
10 28
30 3
14 23
42 48
72 75
71 8
68 27
28 14
47 74
18 43
66 4
68 67
22 12
8 68
45 9
62 78
80 71
9 26
53 33
72 8
6 23
1 34
60 80
59 17
60 15
51 12
38 53
47 22
66 53
27 54
60 53
14 65
59 39
41 12
62 6
24 48
43 83
18 48
69 58
47 41
70 2
5 24
54 68
28 50
35 36
1 75
7 12
45 10
47 5
74 82
32 52
71 78
3 12
66 51
7 55
23 40
13 28
32 42
50 81
17 35
40 29
46 22
74 35
21 4
46 39
79 82
20 54
16 68
28 2
51 2
82 83
7 10
7 35
6 43
73 65
54 65
18 67
66 6
29 45
59 70
57 34
28 43
60 23
1 68
39 69
11 65
74 80
5 71
12 23
13 43
14 82
41 10
32 34
10 41
81 5
41 59
18 18
28 21
13 81
33 49
67 55
55 36
32 61
73 22
22 19
64 29
65 79
52 67
69 74
65 30
15 76
21 78
4 36
7 44
76 76
60 81
59 7
22 46
78 53
65 26
19 25
39 55
38 13
77 36
23 62
4 79
51 7
43 31
39 13
28 48
20 80
82 26
60 66
53 69
28 19
70 15
69 70
79 44
28 39
82 17
35 8
13 76
83 25
73 4
10 75
81 47
55 15
7 37
8 26
40 45
56 67
10 71
25 77
49 27
73 47
7 75
20 71
77 31
47 50
24 40
47 16
82 15
67 35
44 23
37 64
8 38
50 38
45 83
59 43
76 52
80 50
14 12
1 60
34 50
65 54
3 49
39 38
1 34
56 72
1 3
69 48
37 5
65 40
62 31
74 67
34 53
65 49
10 54
25 66
15 76
9 78
61 2
38 12
28 23
16 32
54 50
65 67
7 38
71 10
62 68
11 39
64 67
50 2
64 54
49 77
56 77
11 4
6 47
82 10
38 62
21 58
22 41
56 39
59 67
46 72
6 53
22 7
56 33
10 67
46 39
74 47
51 15
64 28
55 61
70 17
44 17
41 36
20 64
7 59
52 50
40 58
27 77
52 71
64 39
69 19
16 55
51 82
11 2
30 59
55 73
22 11
19 42
3 1
61 28
26 23
2 2
1 12
78 51
69 48
27 64
53 27
21 69
31 62
63 78
67 49
35 34
47 9
80 52
11 3
3 36
3 22
38 83
60 55
58 64
36 72
76 32
37 61
37 43
68 67
26 5
51 80
17 68
70 2
72 58
55 12
50 55
14 20
9 68
70 49
68 47
62 53
4 27
82 28
16 62
8 82
44 19
61 18
39 69
23 7
16 29
24 71
42 70
28 26
12 26
32 55
9 54
71 49
34 76
29 42
58 35
42 81
48 30
17 9
57 35
51 78
73 44
11 70
31 12
69 75
28 31
1 73
63 9
54 33
23 14
82 83
18 36
40 49
55 66
18 80
21 44
71 60
42 8
52 53
68 6
32 65
12 15
44 38
20 69
6 73
37 78
25 5
63 13
29 71
33 66
29 60
9 59
68 32
38 46
73 63
19 77
2 30
38 30
64 17
79 45
31 52
56 55
45 51
61 59
75 43
47 35
82 16
34 54
31 56
31 3
14 61
20 65
72 5
63 61
24 17
64 66
42 27
82 38
24 80
60 71
19 69
3 54
76 51
71 43
5 80
83 54
83 19
41 30
17 62
26 23
71 23
67 26
48 37
17 18
57 16
76 33
68 14
24 27
36 69
54 76
61 21
35 18
24 8
30 25
67 44
16 53
55 15
34 40
76 63
70 56
60 69
29 70
24 53
82 62
82 61
25 62
36 10
18 43
28 20
63 4
31 21
77 75
30 64
35 30
27 14
52 45
62 3
29 3
64 23
36 27
77 61
82 31
48 81
15 1
43 59
36 5
73 13
36 49
8 75
7 35
22 77
28 48
68 68
18 32
73 63
4 35
54 79
37 67
4 4
54 34
80 78
38 80
80 55
4 14
1 8
70 68
83 64
6 63
55 76
63 2
21 15
63 24
39 71
22 79
66 69
41 83
42 72
80 55
13 14
56 58
26 26
27 36
52 83
5 52
22 32
8 75
14 19
61 79
32 44
60 42
25 61
7 2
30 62
65 3
33 82
29 37
16 35
47 44
2 13
22 11
27 26
18 46
21 5
37 12
70 19
41 68
53 71
24 18
62 79
84 567
35 30
78 61
76 61
44 36
54 4
28 56
10 43
22 12
2 7
6 50
41 43
73 14
44 44
21 10
28 4
19 16
76 7
58 61
11 79
56 29
51 81
65 44
65 16
26 33
24 71
45 25
80 35
50 9
46 44
39 72
62 52
75 66
3 26
13 74
56 7
84 11
84 66
38 2
81 46
36 39
77 1
10 21
83 16
29 41
14 8
45 7
78 65
5 43
37 42
57 8
71 42
27 30
23 45
68 42
72 47
41 74
11 26
66 65
23 53
49 63
77 14
9 78
74 11
61 11
9 15
36 75
28 31
19 44
34 55
20 50
80 3
2 46
44 53
35 78
38 34
23 74
42 82
36 20
72 49
6 36
75 7
40 2
20 81
40 19
14 62
19 34
83 37
25 55
60 77
64 34
10 12
67 57
66 25
39 7
45 19
46 81
68 13
16 65
37 69
37 76
10 73
66 51
60 8
9 16
53 22
31 43
31 19
70 61
3 1
67 57
52 75
31 69
41 43
56 67
14 38
79 10
82 53
47 1
54 39
25 10
59 30
27 53
29 55
15 58
49 73
84 13
16 78
83 39
65 38
54 29
79 39
55 46
47 68
72 60
35 19
61 18
59 21
67 63
15 66
76 10
44 26
46 52
28 28
75 44
84 18
84 24
68 50
72 23
77 23
13 74
31 63
52 75
1 20
62 61
78 69
44 7
19 28
31 82
36 43
50 9
62 79
60 14
33 43
60 76
15 55
49 10
65 42
67 67
56 6
56 34
20 36
61 66
48 55
24 71
47 70
66 44
62 42
27 22
50 52
18 54
13 22
69 76
47 58
76 9
70 83
50 9
76 64
1 47
50 60
70 62
53 41
73 47
18 18
15 48
51 52
21 17
14 31
27 1
34 61
37 45
3 30
63 84
3 44
20 17
39 54
20 28
24 74
34 13
18 84
81 11
50 14
1 43
17 37
57 13
6 17
10 78
1 24
66 27
25 65
58 25
9 45
14 5
76 38
46 75
72 36
50 13
58 21
53 81
39 52
10 56
17 14
73 31
44 3
55 50
46 68
56 44
72 55
42 7
22 70
28 41
36 1
8 57
41 33
75 17
31 39
51 61
28 75
59 61
79 58
21 38
80 42
31 19
50 1
32 55
14 41
4 14
64 50
12 11
43 81
6 38
49 68
71 12
23 14
4 10
63 77
57 54
8 84
18 56
76 71
73 48
69 75
6 80
33 62
11 1
76 36
63 1
63 53
45 39
18 12
10 20
63 53
42 1
13 51
59 23
4 82
7 30
33 54
75 77
18 7
54 62
55 23
4 81
41 66
6 3
6 41
16 75
43 65
26 79
18 19
23 45
18 53
65 52
9 73
23 12
52 21
79 82
49 11
24 22
1 11
14 7
7 23
28 10
51 6
32 43
84 40
78 62
47 75
14 53
35 78
2 74
55 37
2 80
21 71
14 41
43 61
31 73
41 23
81 57
26 75
7 79
16 34
47 83
49 47
60 13
54 32
64 21
55 31
52 22
3 21
67 25
9 36
16 67
35 61
11 9
84 69
14 47
66 19
42 47
54 49
8 2
78 52
50 34
54 40
75 30
15 1
70 56
38 78
9 70
36 4
60 74
45 37
34 32
42 27
65 9
7 64
66 52
7 70
81 7
12 26
79 21
64 59
15 14
72 77
36 62
33 65
62 56
78 63
25 52
61 5
78 26
26 76
14 54
22 22
48 49
58 64
21 29
70 27
45 55
6 57
41 37
18 37
25 63
4 17
48 49
16 37
10 18
42 62
65 63
36 26
65 74
63 59
58 12
28 39
55 34
48 30
26 66
5 27
16 62
27 7
76 33
54 39
50 38
48 9
72 60
10 55
27 46
76 53
65 36
56 9
3 55
68 40
7 19
5 13
60 20
52 63
57 81
66 59
84 24
66 14
3 30
30 64
69 2
6 17
77 17
11 7
77 3
52 76
17 70
64 35
84 75
17 44
53 26
31 73
2 35
44 3
11 31
44 54
74 55
81 23
9 12
50 13
48 72
76 6
66 44
40 50
22 6
9 62
28 69
5 12
8 69
45 52
53 29
26 14
52 3
75 60
58 44
67 46
73 41
8 70
58 31
59 27
78 64
34 24
76 30
41 63
25 41
17 68
31 79
15 37
16 29
58 7
73 45
81 47
63 74
19 17
1 22
75 72
42 72
1 4
55 70
54 21
50 40
19 66
64 8
12 34
65 54
66 28
34 66
3 80
20 50
38 39
63 39
70 36
62 5
24 1
24 41
41 51
64 27
27 41
83 61
9 31
81 41
17 20
60 11
65 6
39 26
75 65
73 76
26 43
47 55
62 17
47 45
62 52
83 71
78 44
74 69
11 73
2 72
23 21
77 77
28 30
36 79
65 3
54 54
44 45
77 41
16 33
45 60
73 41
70 40
18 29
34 75
20 27
68 70
84 51
50 48
28 76
51 81
6 35
27 42
28 8
13 21
49 21
12 70
69 2
80 13
8 79
30 72
22 9
74 7
11 78
56 81
64 49
16 77
50 32
67 8
7 50
96 92
79 54
39 54
34 1
83 76
93 7
7 62
55 58
38 37
64 52
89 37
1 14
63 80
66 44
45 13
11 94
90 68
84 61
30 83
40 71
21 62
78 58
30 60
2 50
72 3
1 6
39 88
13 67
12 30
89 64
87 52
32 19
59 87
14 32
29 66
39 89
17 49
42 6
1 2
53 19
53 17
81 38
62 52
16 24
47 50
27 39
56 9
52 1
74 54
79 59
23 20
50 77
61 8
77 77
60 36
95 55
57 8
50 82
60 36
26 63
67 28
38 36
48 22
28 48
65 81
3 67
93 66
4 67
60 8
65 53
27 3
62 14
76 40
24 77
78 28
38 82
83 67
31 74
75 22
72 79
1 81
2 96
27 44
15 59
64 4
48 4
70 52
52 9
8 28
56 88
10 30
79 40
25 44
22 979
3 7
6 7
4 16
20 19
11 7
20 21
14 2
7 9
11 3
19 22
20 12
15 10
16 21
9 20
10 3
8 17
20 1
10 20
14 13
10 17
15 20
14 8
16 16
19 19
6 14
14 17
14 7
2 16
9 21
20 2
1 20
11 14
5 17
21 9
14 20
5 11
22 5
13 8
2 11
17 21
8 14
13 10
12 19
14 4
14 21
20 21
7 1
15 4
20 9
11 14
12 18
1 10
6 9
3 17
9 3
15 3
14 10
16 2
4 7
11 8
18 12
17 4
1 20
21 10
3 19
20 10
21 8
9 2
20 4
15 9
18 9
11 20
5 1
16 16
11 19
9 9
10 11
18 11
1 22
15 17
8 16
13 17
9 22
7 4
9 9
18 16
1 1
21 6
3 12
4 22
14 16
1 10
8 2
10 14
22 6
8 7
18 12
11 2
1 11
10 10
7 18
3 1
12 21
22 20
12 3
2 16
20 12
18 7
15 1
18 13
4 13
7 9
22 1
14 19
5 15
5 14
20 4
13 18
18 15
5 6
8 7
6 10
18 5
9 16
22 16
21 9
4 13
10 11
10 10
11 5
20 9
9 16
8 16
14 2
4 3
21 13
13 7
19 1
6 16
12 18
22 2
12 13
15 6
18 10
13 7
13 2
4 22
6 14
7 9
10 11
18 17
12 2
19 9
14 12
22 5
20 7
5 16
20 9
17 12
3 14
9 21
2 17
5 14
17 14
9 18
1 2
19 4
19 18
2 10
21 15
1 1
11 16
21 18
10 10
11 7
10 15
20 13
11 3
12 2
2 14
15 4
13 9
18 11
8 22
3 3
19 16
8 15
4 5
21 11
5 22
16 3
6 6
9 12
16 3
15 14
6 12
2 15
20 12
1 4
7 6
5 15
11 19
14 19
5 20
22 19
15 19
5 5
13 10
13 21
3 6
3 3
16 16
13 13
18 13
11 5
19 13
16 18
12 20
9 21
21 1
2 20
11 3
8 13
8 14
22 13
17 21
10 3
17 5
7 5
18 10
3 8
16 16
6 7
5 12
10 9
14 15
3 1
18 20
20 10
11 10
11 3
21 19
22 18
11 12
5 14
10 6
3 11
19 5
8 1
7 4
3 13
1 7
14 20
20 8
17 4
14 20
5 6
5 10
5 11
5 12
7 3
13 12
14 10
7 15
19 1
13 3
7 10
5 20
21 3
18 18
3 12
18 13
17 7
17 21
4 4
14 17
6 15
10 10
8 5
2 6
2 12
5 6
18 21
21 22
15 7
7 22
19 5
18 20
4 20
7 6
6 7
10 7
20 10
8 19
22 10
10 7
6 12
4 18
19 7
4 22
9 18
15 19
10 11
5 9
4 12
3 16
12 11
10 1
1 20
18 19
7 6
14 5
12 10
6 20
21 7
6 19
9 18
4 9
18 17
7 15
14 15
2 20
13 8
3 11
5 21
9 22
2 14
7 16
6 20
21 13
8 15
7 10
10 1
2 14
22 7
2 3
4 1
18 16
5 9
14 15
10 20
22 19
16 8
22 21
12 4
22 14
6 2
14 11
13 22
10 11
8 6
13 6
15 14
21 11
6 9
21 13
10 1
11 22
18 3
7 22
18 18
21 13
6 3
16 5
5 20
18 19
1 4
15 7
5 8
15 14
7 1
13 15
3 15
2 8
11 2
18 14
22 17
7 14
16 22
8 11
19 4
5 16
21 16
17 4
10 22
8 18
20 12
22 8
6 18
20 3
3 2
15 18
3 11
14 13
12 13
7 21
5 7
2 5
19 2
2 10
20 1
6 8
18 21
9 22
4 20
17 7
22 20
22 7
22 1
4 8
5 9
14 19
8 21
16 18
7 4
8 8
1 7
10 7
9 1
22 11
19 17
13 5
10 8
14 4
20 8
16 6
3 3
12 14
19 10
20 22
4 18
10 12
4 2
20 5
18 1
11 17
15 8
12 6
1 14
11 16
21 10
11 11
4 22
11 14
7 21
14 4
2 6
14 3
14 4
7 6
6 4
14 4
4 2
21 7
21 4
11 9
16 15
16 1
7 1
10 4
12 10
1 9
7 22
20 14
4 13
7 20
13 7
15 8
10 5
18 4
15 6
20 5
2 15
13 20
5 19
18 6
5 3
22 18
14 2
11 8
3 6
11 15
16 20
16 3
4 5
19 6
9 18
21 8
10 17
22 17
22 14
20 6
20 15
16 13
8 3
4 3
8 5
16 9
2 13
1 7
15 4
3 3
20 5
15 7
21 14
1 18
16 2
22 8
7 1
18 13
6 19
14 22
3 1
7 18
16 19
19 9
2 4
8 20
3 13
4 2
22 7
8 6
6 18
14 20
5 8
22 7
8 3
5 21
4 16
15 13
11 22
14 12
8 20
9 12
9 11
15 16
16 8
22 15
20 21
8 9
12 20
3 3
15 11
8 19
3 1
17 13
16 11
1 5
6 11
10 3
14 14
18 14
11 12
2 6
8 20
22 5
5 9
13 3
10 14
8 11
12 13
4 1
14 11
5 9
9 4
8 2
10 2
3 7
20 17
20 8
12 4
2 11
6 5
7 7
4 22
20 11
21 21
2 3
10 22
11 21
2 8
3 6
16 1
14 1
14 1
11 15
1 4
14 10
8 20
22 22
1 20
15 12
20 12
4 18
9 14
13 4
11 12
7 12
4 3
3 11
12 6
16 16
8 6
9 10
20 4
19 11
3 22
13 13
12 4
6 16
5 19
16 14
13 1
7 6
8 1
19 19
16 8
16 1
5 19
5 4
8 20
8 4
1 16
18 4
10 4
10 4
20 18
18 19
8 4
8 3
9 12
19 12
9 3
10 4
12 16
12 4
7 10
3 13
7 12
17 19
19 21
3 13
7 18
12 13
17 12
3 8
7 20
5 19
4 19
1 3
9 1
10 10
2 18
3 2
19 17
1 16
7 3
22 16
8 3
5 9
11 8
22 21
13 13
13 8
8 11
21 20
18 11
19 4
15 21
5 13
4 3
16 3
9 16
13 7
13 10
17 13
11 17
5 17
3 10
13 9
11 6
8 16
12 19
3 22
6 7
12 8
8 12
10 4
13 17
17 16
9 13
1 5
16 3
10 6
11 11
13 2
6 7
8 12
13 11
22 4
8 9
21 21
21 18
9 7
7 15
12 1
16 20
20 21
9 2
18 17
9 17
6 16
2 16
14 10
18 10
12 17
9 13
22 14
17 17
14 18
17 21
10 7
18 4
3 16
12 22
10 2
4 16
3 14
4 9
15 4
14 14
18 13
9 14
16 17
9 3
20 4
3 13
17 20
17 21
4 16
18 3
14 13
6 4
22 4
7 18
5 6
10 5
5 14
22 5
3 6
15 7
11 5
15 20
18 15
18 21
8 22
21 15
20 4
2 21
8 10
4 15
15 8
17 13
21 13
3 21
21 19
5 19
8 3
16 5
4 11
3 16
15 1
7 20
17 22
4 22
2 16
6 4
5 4
4 19
22 14
18 5
16 7
19 2
11 12
13 11
3 13
8 14
21 22
3 12
6 21
15 7
15 11
19 5
5 5
2 5
2 8
16 12
13 14
11 2
16 18
5 16
16 11
21 11
1 8
3 2
16 22
13 1
22 6
2 15
9 21
22 9
5 14
8 22
14 17
14 16
1 18
5 1
22 22
16 16
17 16
17 8
3 21
19 18
15 4
11 22
21 10
6 4
9 22
3 5
22 20
16 14
5 15
14 15
16 7
7 13
15 12
9 3
20 10
20 20
4 7
2 15
6 9
13 3
18 6
5 12
6 8
7 8
21 6
19 22
22 9
10 14
22 9
7 19
12 17
12 1
11 20
6 16
12 12
18 5
4 17
15 12
10 22
15 19
11 20
22 16
2 17
13 18
21 2
8 13
8 19
20 6
21 5
17 7
6 20
16 9
2 20
20 5
8 8
16 17
16 5
1 16
17 11
2 6
13 12
18 1
18 6
20 2
2 7
12 8
2 7
18 1
15 14
2 16
16 9
12 19
21 9
5 8
9 6
19 12
12 2
9 10
17 17
19 2
3 22
8 20
8 16
14 8
9 18
4 4
15 13
22 8
6 4
3 21
6 6
6 2
20 8
3 13
16 14
8 5
14 22
2 15
13 10
19 21
2 15
18 2
2 22
17 21
5 17
19 9
9 4
22 19
4 16
22 13
12 5
1 21
17 10
10 5
12 19
17 21
1 16
1 22
19 11
3 21
10 16
15 4
19 17
7 13
18 10
2 12
4 17
13 18
9 17
3 13
4 13
18 16
14 16
4 20
18 18
13 19
17 2
22 2
12 8
6 10
19 8
3 11
17 15
18 9
20 2
9 7
9 12
15 5
5 2
15 10
2 13
20 2
21 5
9 13
19 9
4 18
47 357
8 22
22 30
46 18
22 31
47 39
37 5
10 38
4 21
33 46
29 18
45 33
4 18
40 29
38 30
25 6
16 26
26 2
8 31
26 9
7 36
19 43
32 11
38 17
3 13
25 25
10 16
7 44
39 13
1 29
32 17
12 1
29 6
29 41
36 12
37 11
13 10
29 46
8 38
37 25
33 43
42 44
28 5
25 39
42 9
40 12
35 39
1 4
1 1
31 37
3 14
19 47
39 2
23 33
43 27
38 6
35 38
22 39
32 26
10 15
10 19
33 30
9 28
33 43
4 32
45 30
22 16
7 37
44 2
31 43
37 34
25 3
15 38
47 40
6 5
19 39
29 36
41 29
32 19
41 34
24 20
26 39
14 9
26 1
1 31
33 31
11 38
32 4
1 31
24 39
43 16
25 17
33 34
6 13
15 2
5 31
7 41
22 25
46 13
3 8
13 25
18 46
4 34
24 9
5 33
45 25
6 12
3 12
24 21
6 13
6 29
2 39
31 31
12 37
6 14
29 12
24 20
15 44
5 10
22 39
4 14
42 37
6 15
34 44
23 6
46 14
35 29
7 40
12 9
39 46
23 10
39 17
29 37
17 3
25 46
11 6
39 24
40 12
44 4
33 16
10 24
26 16
6 33
4 24
6 39
29 6
34 24
8 30
30 16
7 40
27 3
5 13
44 7
34 40
29 21
12 12
4 5
43 8
35 12
27 18
25 31
20 15
18 8
4 7
44 31
26 25
32 24
37 39
7 37
30 21
37 47
2 13
6 28
35 21
20 30
13 45
28 40
29 14
25 16
16 27
3 36
46 29
44 40
45 5
3 25
1 32
46 26
45 32
37 4
44 10
1 10
14 41
45 18
23 30
13 6
38 4
6 47
37 7
29 13
30 27
22 29
22 43
24 28
6 25
3 1
7 30
3 44
12 17
20 26
31 39
43 18
1 15
25 40
3 42
19 26
24 34
8 9
45 4
40 38
7 45
8 40
33 9
22 34
38 3
44 19
17 43
37 42
7 20
9 5
21 27
39 11
1 31
35 9
43 41
4 38
6 46
24 45
34 39
6 9
31 2
27 32
19 16
21 41
47 33
19 35
2 47
4 22
17 27
42 21
5 26
3 1
35 30
45 19
45 17
25 14
14 19
20 30
15 46
15 41
44 19
17 25
33 7
13 10
14 20
45 46
10 28
11 47
6 26
15 46
8 16
9 15
18 41
11 19
37 22
12 42
15 41
39 43
19 23
18 38
28 14
21 22
16 11
10 9
47 3
11 32
4 23
35 14
10 3
19 32
31 30
10 28
35 37
23 35
38 13
34 26
24 6
42 19
23 30
44 40
34 24
13 25
23 21
21 38
31 44
31 1
21 36
9 5
37 43
29 38
30 26
12 11
37 11
39 4
46 9
8 7
27 2
41 21
21 28
32 42
33 33
12 19
4 9
15 9
36 33
8 3
24 42
4 33
26 23
29 19
20 44
11 28
31 46
41 34
30 40
27 10
38 3
45 47
30 31
41 18
30 6
34 25
28 40
7 18
5 34
1 2
15 20
11 9
3 28
15 16
16 5
18 35
39 41
7 28
9 23
36 12
32 38
13 26
18 16
49 667
15 3
8 8
22 26
3 19
34 23
10 6
13 19
39 2
14 19
48 4
49 4
45 21
47 48
32 15
45 21
19 4
20 12
27 21
49 38
32 18
13 42
10 38
9 49
40 17
25 32
12 17
30 28
34 3
30 36
26 33
48 43
41 39
42 14
30 18
18 41
45 37
12 39
16 14
42 24
13 28
47 7
9 22
4 28
4 10
8 18
45 41
32 26
6 47
27 43
15 2
5 15
9 25
13 29
4 23
47 45
15 49
34 39
27 37
23 33
26 18
42 28
39 26
41 21
2 33
45 2
22 44
11 9
12 18
8 32
16 46
9 35
6 18
8 30
22 12
22 13
45 21
24 2
33 31
38 3
30 10
28 36
14 8
14 5
8 49
5 6
12 48
38 30
40 13
7 25
13 29
34 43
30 27
19 36
45 36
37 19
38 11
43 24
35 25
16 10
39 2
44 27
16 36
12 10
30 46
23 22
3 12
11 37
30 15
4 23
15 42
44 7
1 4
48 34
39 16
4 6
1 16
32 15
20 48
13 10
25 11
44 40
33 24
28 4
36 12
1 37
31 28
37 21
49 20
21 44
35 3
28 10
7 12
37 23
14 30
47 33
10 25
44 10
49 32
37 21
35 33
12 29
4 12
20 35
19 36
35 36
5 15
5 16
36 24
5 2
39 11
19 39
6 46
35 16
20 20
14 40
49 38
22 4
25 16
20 3
7 26
41 8
5 19
47 16
41 22
30 3
28 8
3 12
28 18
46 5
32 32
4 44
27 3
4 12
32 31
42 9
39 19
45 7
26 1
41 30
38 29
1 2
28 37
42 5
1 10
25 21
49 9
12 3
45 19
35 36
7 49
48 8
48 27
21 12
15 13
27 35
47 16
34 16
42 28
33 14
10 22
35 21
30 36
15 38
33 23
49 6
12 32
43 39
9 1
32 47
38 43
17 13
40 37
33 3
8 2
37 16
22 32
19 45
44 8
15 40
29 28
6 45
38 44
32 17
3 9
8 4
33 26
27 36
32 9
19 12
48 15
44 44
23 32
12 38
48 27
10 5
3 39
15 42
37 8
42 17
46 25
23 13
40 41
11 13
45 36
4 17
13 44
47 25
49 25
3 3
5 47
37 12
13 37
17 17
16 8
14 19
30 27
20 29
9 10
29 42
2 22
36 33
4 8
33 44
39 49
30 48
10 44
25 39
27 39
31 36
39 46
38 30
31 29
33 15
41 41
6 36
5 39
38 45
39 2
42 11
2 23
9 49
29 1
45 35
46 26
40 28
48 36
6 46
32 36
36 4
13 19
15 42
32 6
46 40
2 24
19 20
2 40
36 49
3 34
30 16
20 25
20 46
20 1
28 44
14 9
44 34
7 5
32 31
28 36
5 2
46 33
17 40
7 26
43 7
8 5
9 29
36 14
42 43
5 30
6 38
17 8
27 34
29 2
23 18
38 26
46 17
36 41
14 18
33 14
45 20
24 7
27 35
35 15
42 35
43 21
25 3
22 12
43 15
18 43
31 49
3 27
30 1
4 5
45 11
40 25
13 15
9 12
21 22
14 43
6 14
13 16
11 3
41 28
48 38
24 39
16 34
8 49
32 15
48 6
14 3
23 34
49 48
14 19
24 20
17 37
42 40
18 39
28 37
46 25
11 26
4 28
36 19
49 20
19 40
12 22
12 40
3 6
7 33
40 32
25 40
17 48
3 28
8 16
27 1
21 11
43 48
19 46
21 24
24 5
15 20
16 29
18 9
21 29
23 37
33 12
22 39
30 29
11 27
21 25
33 32
44 2
48 19
46 12
27 27
27 41
48 35
3 44
48 2
3 33
26 44
25 11
5 13
49 25
39 39
20 13
25 9
7 13
27 8
22 31
36 40
31 31
16 32
10 1
14 29
35 6
34 20
39 6
44 8
34 17
6 11
38 42
40 18
1 30
34 40
33 49
47 1
12 3
45 41
26 34
45 33
27 46
11 49
12 10
19 6
26 33
30 35
25 4
45 21
41 23
41 28
15 31
47 48
4 16
31 45
16 5
12 47
6 30
7 39
47 32
6 39
46 28
49 28
25 18
45 28
14 23
16 8
39 47
33 12
2 24
9 14
28 48
12 33
47 15
25 45
41 12
20 12
35 35
38 14
40 44
11 2
48 23
5 23
14 5
15 13
31 11
19 39
32 39
36 18
35 5
44 35
42 28
43 7
28 38
5 32
28 37
46 13
21 34
37 23
12 29
25 39
12 5
21 19
42 35
25 16
24 49
7 9
11 45
28 45
19 41
27 37
21 28
22 13
39 21
17 44
32 26
14 17
11 29
19 3
4 26
44 35
7 13
25 7
37 8
2 27
19 39
41 8
30 14
40 38
47 5
30 36
19 2
49 38
19 3
14 28
38 47
49 6
43 22
47 28
6 24
1 22
27 31
42 11
33 47
38 29
32 41
9 34
22 12
15 27
1 34
44 44
9 20
18 20
15 18
40 35
47 36
40 31
6 31
36 27
35 33
43 16
3 45
20 41
22 38
42 26
37 10
21 29
18 33
8 33
17 26
23 16
45 36
23 26
24 2
29 27
9 20
37 31
13 18
28 10
43 12
24 3
1 19
8 3
36 27
10 42
28 2
15 2
14 25
36 39
47 11
2 29
42 6
30 28
17 17
40 25
31 17
17 29
24 8
7 29
23 18
25 49
3 6
49 22
4 44
1 23
45 46
49 23
39 38
12 2
29 20
16 10
49 39
27 46
19 31
41 24
16 13
31 16
43 32
7 19
15 22
3 22
5 30
17 16
16 15
9 23
39 25
7 40
42 31
46 23
2 48
39 17
19 37
18 11
31 47
7 5
14 34
35 17
9 16
15 19
44 27
13 45
24 45
47 27
5 38
41 42
39 37
6 15
15 7
17 19
24 36
35 39
19 29
1 29
20 2
3 23
42 48
47 39
25 25
4 32
4 49
31 39
49 18
7 23
47 12
14 33
21 34
22 38
8 20
35 41
72 699
34 31
56 67
55 9
28 44
17 46
39 59
15 68
51 29
21 38
42 13
24 39
45 29
15 13
41 15
9 39
53 49
66 8
72 36
6 9
59 15
9 67
36 20
47 60
7 31
52 61
6 50
14 25
24 30
19 57
5 28
47 44
2 52
30 57
64 1
65 10
22 35
20 48
22 67
62 59
61 16
22 70
68 62
25 66
10 58
47 64
22 20
18 66
11 59
66 35
1 12
1 20
29 62
31 48
3 13
27 12
55 6
60 47
69 28
57 9
15 18
48 13
32 24
33 17
13 39
13 50
42 15
3 63
44 34
58 14
33 50
19 57
34 40
25 47
30 11
61 64
63 62
55 35
67 56
9 23
69 9
22 1
61 3
55 1
2 57
67 43
36 46
27 39
17 43
18 35
47 6
72 37
6 56
58 33
26 40
68 64
40 65
44 2
69 33
70 70
18 35
1 66
18 38
50 54
52 72
61 14
47 33
57 5
6 13
28 35
71 58
15 6
20 53
63 10
56 30
3 62
43 48
20 2
69 29
65 39
53 50
14 54
23 22
66 24
57 41
12 42
19 11
30 5
3 51
38 10
46 24
51 71
28 70
7 71
64 50
33 72
32 5
27 43
40 44
56 71
38 47
24 50
60 19
21 52
23 3
5 65
53 30
23 40
39 64
28 6
38 69
23 45
8 43
48 28
42 32
16 56
22 28
61 30
15 4
21 39
40 62
14 31
67 28
70 46
71 30
36 28
29 69
30 27
13 58
54 51
68 20
66 61
48 31
16 25
22 5
40 44
17 37
34 37
41 35
16 70
38 4
36 19
35 23
50 57
9 19
43 57
4 28
15 52
39 26
21 3
21 19
34 23
71 37
59 41
33 45
21 15
14 34
49 18
25 53
20 43
41 7
12 4
35 71
53 6
52 16
27 39
23 20
5 35
48 24
3 14
21 69
60 9
49 9
34 16
20 38
47 66
7 28
24 20
58 72
58 32
40 28
46 15
24 6
48 11
40 33
18 42
38 61
16 70
45 65
18 69
68 8
30 9
19 54
2 53
19 60
13 29
42 48
18 37
53 57
28 65
21 50
6 8
23 56
60 4
23 68
26 53
14 63
8 37
39 35
16 71
6 38
40 72
38 7
3 71
55 6
52 32
18 17
70 6
13 62
38 59
40 43
35 51
29 48
9 38
16 10
58 11
26 69
51 62
39 41
16 70
71 57
7 30
56 17
57 41
70 13
9 8
31 60
46 72
16 12
28 6
48 13
15 32
14 62
43 71
26 12
11 27
36 10
10 42
47 61
31 61
45 43
68 63
65 39
44 55
69 51
58 2
6 23
67 4
20 67
8 50
36 68
1 55
42 34
71 12
57 2
17 18
47 24
48 36
55 46
23 14
12 44
49 64
70 18
40 46
59 9
43 14
65 64
52 32
46 67
61 67
36 30
28 49
55 56
6 40
12 1
44 59
17 13
58 60
35 48
29 9
72 71
6 27
64 60
2 59
30 32
34 62
45 63
45 47
19 6
69 23
48 68
9 50
51 35
19 13
7 37
36 60
2 66
29 13
68 47
31 19
63 20
36 53
41 16
56 8
58 34
33 45
59 15
8 48
35 7
12 23
59 45
42 6
1 45
50 71
40 11
28 13
55 42
23 2
62 70
14 61
45 51
40 38
22 68
16 48
15 25
41 21
48 16
9 70
36 20
15 67
6 1
38 70
3 48
35 16
5 42
47 34
71 38
31 1
24 32
41 63
62 60
35 16
19 64
43 41
54 64
4 5
52 39
56 51
5 39
61 44
25 58
31 64
68 52
18 68
10 10
12 70
63 5
51 39
13 10
19 14
45 51
40 20
34 17
39 28
30 42
72 26
31 51
63 57
5 66
1 64
22 29
47 61
28 71
29 10
55 59
8 20
26 60
27 9
41 2
58 38
27 24
23 5
68 43
4 42
29 9
54 20
47 4
29 7
13 30
5 65
35 6
45 52
55 12
8 47
32 40
30 27
44 5
57 17
29 4
70 43
19 13
19 44
46 43
57 64
1 30
32 45
61 42
38 10
17 13
25 15
29 60
6 50
32 59
32 55
71 69
68 34
38 25
40 23
69 40
55 24
63 30
34 8
39 51
62 64
52 27
44 45
4 37
13 71
63 32
30 42
61 53
6 55
24 38
49 70
10 23
8 59
36 52
55 26
16 16
22 20
63 51
66 66
21 25
27 38
72 27
30 25
23 66
14 9
50 18
54 69
1 47
51 7
48 46
48 32
27 45
43 64
13 24
47 47
70 26
4 33
26 16
28 71
53 33
9 56
52 54
36 60
67 62
55 18
33 9
68 23
60 12
18 9
41 67
4 50
24 66
66 19
72 43
65 57
66 56
13 53
16 15
24 30
15 72
27 55
43 32
23 33
45 46
32 1
21 8
64 56
7 29
32 49
39 26
28 19
59 24
22 21
28 37
12 29
11 71
20 46
33 42
43 35
53 33
23 55
25 53
62 40
33 21
29 14
28 60
16 22
5 65
27 52
10 9
65 46
62 44
11 61
68 32
57 6
70 21
29 31
12 36
72 5
41 44
36 49
50 40
30 6
36 55
24 37
15 6
43 39
3 2
59 7
61 64
67 16
37 32
9 45
43 48
25 65
14 68
15 53
65 58
39 58
6 20
7 48
70 17
27 51
65 12
63 16
7 72
32 14
28 66
10 36
13 60
16 54
28 23
33 61
35 55
1 8
54 49
42 52
66 67
14 12
10 45
72 35
38 34
59 35
17 22
43 12
40 14
39 60
52 13
72 66
58 2
43 41
58 23
14 60
23 3
59 62
62 28
1 19
53 70
42 39
15 23
2 9
22 49
11 62
16 12
70 3
6 34
46 5
36 20
11 48
12 40
2 39
58 19
49 10
37 65
63 45
10 3
58 57
14 63
38 53
38 38
13 57
20 49
25 59
69 26
19 26
57 42
33 51
47 44
7 26
19 23
45 6
52 23
48 38
2 45
39 17
70 52
31 38
26 33
48 20
37 52
2 72
58 56
65 42
18 11
38 62
34 6
40 38
36 32
4 3
5 63
43 38
65 23
50 50
24 68
26 42
37 11
13 33
71 59
22 8
19 12
46 22
56 10
1 48
45 3
4 51
8 2
68 33
67 266
4 59
18 61
30 64
1 2
38 53
40 12
3 57
47 26
61 25
6 26
38 12
61 48
32 27
41 41
35 22
43 29
4 67
56 51
42 7
51 48
40 34
15 19
48 42
53 41
36 17
28 65
58 18
1 6
53 37
67 20
15 13
57 57
49 38
44 55
26 39
31 61
39 67
56 9
21 9
34 8
51 57
48 21
2 32
24 46
4 30
60 10
47 29
49 57
59 65
49 44
33 40
23 17
58 12
49 9
28 48
48 44
4 54
33 34
24 4
50 24
22 18
56 15
50 10
34 13
39 43
63 52
14 35
46 43
36 66
18 56
65 11
60 58
63 4
14 35
17 19
6 39
34 50
30 46
63 47
17 40
28 19
40 48
38 51
6 22
2 23
50 28
55 58
42 41
39 12
2 23
55 4
13 6
43 64
17 20
46 32
13 41
28 34
58 67
42 39
18 19
50 59
3 24
12 3
9 59
10 44
18 29
39 62
12 33
54 45
27 67
30 33
52 49
42 52
5 17
21 10
56 17
17 9
44 58
14 58
23 62
44 7
18 47
18 10
59 65
3 1
36 45
16 13
58 3
11 14
34 50
28 8
34 30
37 63
4 67
59 7
23 61
30 38
41 2
28 58
31 39
48 7
54 43
34 17
45 6
4 48
29 58
47 47
5 1
10 8
14 51
34 12
59 42
54 52
57 32
41 64
30 2
30 18
6 64
44 17
18 46
16 17
30 47
13 37
27 37
54 42
35 24
10 6
23 48
10 53
55 26
5 64
12 25
50 42
47 57
3 31
2 61
45 16
55 58
2 15
10 56
51 64
50 14
11 2
19 64
28 50
7 9
11 34
27 28
2 42
1 15
28 14
18 37
54 50
18 22
9 56
64 26
16 46
54 22
24 27
45 45
27 37
28 12
30 52
23 40
16 22
13 9
11 67
59 56
47 40
28 7
22 48
34 47
34 19
22 1
9 53
5 27
35 13
39 30
8 61
46 60
58 17
40 65
64 12
49 57
6 39
45 62
32 62
23 28
49 14
56 10
8 26
52 52
51 40
53 1
41 67
54 12
67 21
37 12
35 43
1 20
25 45
41 65
67 31
35 10
7 5
49 12
20 17
66 27
53 6
31 12
65 34
31 65
22 4
7 33
25 37
32 7
50 29
25 3
14 36
41 55
16 30
10 32
60 34
10 1
52 6
27 65
66 366
2 49
7 39
15 46
41 13
62 13
54 25
9 53
55 28
58 49
15 3
50 23
33 56
28 1
66 10
65 7
18 62
21 56
40 25
11 30
63 33
2 9
27 20
62 12
29 18
22 48
35 1
53 57
14 27
51 26
39 2
32 63
19 54
2 49
42 29
52 33
20 60
44 49
6 4
36 45
49 35
14 39
62 11
19 6
56 37
52 41
34 46
44 15
45 38
45 50
14 15
57 22
21 48
15 27
50 52
2 45
32 44
61 44
56 19
24 60
65 30
32 14
7 52
7 37
7 37
57 64
57 18
29 30
52 17
54 37
21 19
37 43
7 9
35 22
29 27
51 33
42 46
64 58
26 32
53 40
45 15
56 8
10 47
3 8
10 40
66 59
27 25
18 50
36 46
3 50
2 31
18 38
53 24
66 24
16 13
50 57
45 46
9 29
54 63
45 26
22 25
27 16
62 22
2 10
10 15
39 65
51 46
22 22
40 37
59 8
11 39
4 46
45 7
27 26
57 52
32 23
38 43
28 13
12 66
41 30
43 46
22 59
19 41
37 28
41 47
48 31
4 6
9 47
28 9
8 39
27 42
23 14
36 24
34 35
41 16
47 15
13 5
43 24
6 16
46 2
13 46
16 42
60 60
64 62
18 12
47 1
50 16
46 7
12 38
17 22
34 47
3 23
45 36
4 46
42 50
25 14
18 45
15 36
3 39
19 49
36 40
16 24
56 60
41 17
35 55
38 22
12 30
14 60
16 33
52 21
45 37
59 29
12 24
20 35
57 27
8 52
40 43
23 18
13 7
61 52
43 38
30 57
8 58
52 47
31 56
35 37
19 38
46 35
49 15
52 58
60 5
7 58
60 16
59 46
39 31
56 19
42 9
37 55
7 45
36 22
58 41
10 48
16 33
63 57
32 15
9 45
34 48
38 3
17 9
47 29
15 41
2 30
61 17
43 30
11 41
26 49
6 52
31 6
2 24
31 58
60 64
23 46
46 5
52 61
57 4
57 29
65 2
12 41
48 65
33 11
58 44
18 29
26 58
20 62
62 9
24 31
8 58
54 54
28 15
28 47
49 63
3 12
4 17
17 7
48 41
25 47
38 31
35 45
2 8
35 22
4 62
57 28
29 57
16 60
53 22
27 30
53 54
36 64
27 53
15 46
6 19
65 54
28 54
40 15
29 58
20 19
2 65
5 38
46 42
15 58
3 47
26 38
54 25
57 30
50 50
31 27
43 5
53 33
30 65
8 52
19 47
2 30
45 54
60 27
42 60
49 27
21 22
56 12
32 50
29 25
61 46
65 20
22 9
8 1
7 14
7 40
20 63
30 35
30 20
10 34
33 24
47 32
28 57
43 50
62 51
35 26
26 24
37 52
62 29
44 3
60 9
12 22
5 1
63 51
32 65
29 13
36 37
35 10
9 41
38 29
25 24
14 42
55 29
16 32
49 3
34 36
12 16
47 48
54 61
59 13
30 55
44 10
36 32
65 55
45 5
30 50
24 38
41 12
1 3
51 15
41 39
37 2
15 26
3 56
20 25
11 43
62 46
19 65
60 47
37 18
31 51
63 57
52 57
24 63
45 40
66 7
51 53
45 4
13 8
62 47
20 4
41 15
35 5
49 32
35 62
26 10
37 56
54 817
8 41
54 42
47 21
22 29
44 37
21 31
45 9
51 14
25 18
30 44
38 51
38 16
3 22
41 40
7 47
11 50
32 19
28 32
39 12
1 3
47 21
50 54
47 24
34 6
44 15
41 48
27 46
11 16
47 2
54 1
18 7
21 18
52 9
7 54
2 32
42 23
12 34
5 35
40 23
48 21
6 25
25 41
9 14
44 25
34 27
6 42
26 38
5 22
45 9
52 51
23 11
53 5
52 45
53 4
35 54
39 50
8 21
40 18
28 30
45 5
15 9
2 31
20 48
39 15
49 4
14 54
2 50
53 4
40 10
40 25
13 20
5 19
24 41
19 8
37 7
33 15
13 34
1 44
40 30
5 33
1 13
44 25
26 54
7 11
24 35
38 30
49 45
43 54
36 43
24 39
10 14
24 9
31 36
30 14
52 40
16 37
23 19
18 19
52 41
54 21
16 8
11 29
29 23
47 11
19 20
51 8
2 7
41 15
23 20
27 26
51 46
42 8
19 54
10 33
33 18
35 48
39 16
49 47
5 31
2 43
11 4
5 14
16 19
3 26
17 6
15 16
31 12
2 5
36 8
10 46
11 6
4 20
36 15
18 48
48 21
44 19
15 54
34 1
23 6
42 22
38 4
49 43
34 44
37 37
46 30
20 14
18 21
40 51
3 46
3 26
31 19
41 27
22 41
48 23
8 52
5 11
5 13
25 6
3 23
29 28
4 43
32 46
49 13
11 10
33 4
6 31
51 46
46 7
37 19
42 16
53 54
20 5
17 5
28 52
45 34
18 25
18 39
28 54
49 45
18 4
43 36
20 6
42 12
32 33
5 31
15 3
30 39
6 3
22 40
51 21
43 27
20 45
39 4
3 15
34 54
34 28
43 39
15 12
42 23
20 4
48 36
41 44
48 4
6 54
37 4
39 30
23 9
29 50
20 16
23 20
16 4
6 17
49 4
14 30
8 26
5 26
43 8
48 40
18 38
47 37
48 38
51 37
46 43
47 43
43 25
45 4
39 49
32 18
5 2
28 53
19 49
42 21
29 13
28 17
47 50
18 13
40 48
31 3
11 19
52 8
8 7
30 4
17 5
17 41
13 12
43 2
15 38
35 20
3 23
32 51
37 31
49 2
49 21
44 40
24 12
17 34
20 25
43 31
54 3
31 40
37 37
49 23
8 11
2 39
29 5
13 10
29 47
4 41
49 12
41 50
17 34
48 49
43 30
46 31
50 48
20 15
30 50
37 49
30 53
47 44
4 31
28 13
36 42
11 26
16 15
10 27
37 14
40 42
50 51
15 4
27 54
42 23
40 50
3 30
1 27
22 19
8 20
47 51
23 50
34 6
14 29
39 40
4 1
6 5
44 16
43 28
18 28
40 29
19 18
30 4
52 21
52 27
5 50
14 29
49 24
45 8
25 2
8 8
13 31
49 36
51 43
41 14
17 32
2 45
33 13
28 41
37 42
24 19
43 32
31 16
10 46
27 21
40 24
22 4
13 2
1 4
44 5
31 42
53 1
9 41
7 12
45 20
19 23
43 3
12 35
34 35
8 9
32 49
23 18
44 52
27 3
35 36
40 29
45 15
39 26
43 48
41 46
1 7
17 53
7 42
4 4
11 6
22 24
44 24
24 11
2 49
23 45
19 28
47 23
28 24
2 28
23 54
1 24
46 9
36 54
20 39
22 28
5 47
8 49
27 42
46 12
54 39
13 27
30 12
2 33
3 11
54 13
50 50
22 21
30 30
17 9
24 29
34 52
33 24
27 28
43 27
9 11
53 47
40 30
9 24
11 18
34 28
13 22
13 1
42 42
23 53
43 17
52 48
30 6
15 28
31 30
50 29
27 7
1 22
36 28
54 18
47 42
29 33
11 44
46 49
51 39
53 39
51 6
32 20
20 45
39 49
40 11
30 23
14 25
43 18
47 5
10 1
41 22
18 18
1 11
2 4
22 9
6 49
37 35
37 31
20 25
28 49
39 8
40 10
44 32
7 47
27 17
3 29
50 50
28 48
29 3
42 1
23 25
39 5
13 44
39 54
11 3
51 49
11 8
27 42
23 52
15 49
20 19
54 16
29 47
11 8
38 7
8 26
54 40
51 3
11 42
39 54
21 49
22 18
32 23
30 43
37 48
12 37
16 50
29 10
2 45
29 9
37 6
13 16
42 45
35 43
34 23
8 51
19 24
5 54
2 3
35 21
15 36
10 6
27 30
21 48
41 41
12 11
23 35
28 9
47 6
9 12
53 50
16 1
27 32
30 12
3 16
52 38
9 53
25 16
8 27
43 36
3 28
54 7
39 10
6 5
22 28
53 26
28 40
6 1
7 18
51 33
46 39
16 18
54 29
33 48
18 10
13 36
53 39
33 14
10 7
36 20
52 53
34 26
38 5
7 18
23 49
26 45
32 17
3 14
51 13
42 35
30 5
2 31
51 9
34 26
13 52
10 19
26 51
32 16
50 5
37 22
19 52
44 2
34 35
22 38
24 41
26 51
17 16
34 14
31 1
47 31
24 33
31 47
12 49
9 52
13 42
20 43
12 31
47 37
32 15
47 3
37 25
52 4
14 44
34 28
3 45
48 22
28 1
29 10
53 32
8 21
30 1
45 37
29 39
49 39
2 34
51 26
48 8
1 6
45 6
15 23
45 45
29 54
31 47
51 5
15 32
15 8
22 34
1 33
5 53
4 44
53 8
50 37
16 47
8 27
29 18
35 18
19 11
4 31
30 11
3 30
18 41
54 2
39 50
50 46
47 4
5 1
43 14
34 41
17 27
35 21
3 35
36 8
45 12
23 43
34 26
43 5
33 11
30 54
44 8
14 34
32 2
46 8
4 29
1 5
6 33
35 42
9 14
34 37
46 8
20 1
37 47
54 33
33 19
52 50
47 52
9 14
35 16
53 16
32 51
27 4
11 51
16 45
31 32
12 31
12 48
9 42
38 10
32 11
12 20
28 13
2 36
16 8
47 8
54 43
28 14
11 22
26 43
7 24
9 25
25 51
19 9
54 15
16 54
46 49
4 42
40 44
6 4
39 11
14 19
21 9
46 7
14 20
53 7
14 47
54 2
51 48
31 6
9 37
39 47
3 10
15 18
43 34
33 49
50 20
8 23
25 42
32 5
44 49
11 21
17 4
22 35
6 51
21 16
2 43
51 37
32 22
50 52
32 52
25 6
45 35
5 41
53 51
30 30
35 51
10 28
50 28
2 23
26 38
53 2
28 37
26 32
52 2
54 11
35 34
37 20
17 13
37 22
53 34
51 6
7 3
50 21
47 52
1 54
53 41
45 21
43 11
54 1
12 20
20 6
18 29
18 36
5 15
26 15
25 39
3 9
39 27
39 12
20 52
20 6
21 46
34 18
31 30
44 41
23 31
54 17
52 15
53 24
37 17
29 25
37 50
50 16
5 25
54 29
30 11
31 36
35 5
5 26
46 39
32 54
39 29
53 15
38 45
37 41
39 45
43 50
34 1
12 33
20 45
39 33
37 44
39 28
9 31
7 12
15 23
25 36
36 13
7 10
3 41
3 3
5 32
18 8
14 5
42 7
42 46
12 2
4 47
17 22
1 26
49 3
37 8
5 12
2 50
52 7
53 29
19 18
49 10
3 13
12 13
32 8
28 14
32 54
15 10
2 28
7 42
54 19
82 195
11 26
72 71
3 79
6 59
34 64
15 45
18 39
58 10
8 3
12 6
51 6
37 71
47 50
7 73
41 76
62 52
76 72
9 6
76 69
44 71
29 9
62 64
77 6
78 75
29 22
13 45
11 40
29 82
36 73
9 75
62 7
70 61
28 61
20 17
46 40
28 5
65 28
35 57
49 66
39 16
30 71
48 9
9 75
70 44
46 59
44 66
39 19
82 43
43 3
12 5
77 66
21 58
20 12
38 26
24 31
81 4
71 57
73 51
76 79
43 73
12 36
79 64
31 53
37 82
31 6
64 15
74 45
35 4
65 62
19 54
2 63
16 74
26 32
50 82
79 58
33 62
9 67
19 40
59 50
45 29
18 69
68 25
82 39
80 65
34 60
75 52
75 68
30 50
56 16
44 79
8 68
45 56
59 46
77 76
47 1
1 79
25 58
60 22
68 39
13 56
16 58
72 54
79 23
7 25
9 20
78 62
12 28
68 66
72 45
78 37
68 62
65 50
69 40
36 67
45 70
30 28
33 2
69 32
53 49
20 81
16 17
50 78
48 79
16 25
63 5
79 32
79 40
64 4
39 35
78 59
7 39
13 50
26 69
49 53
73 16
30 4
12 38
36 81
42 27
62 79
47 40
4 22
4 62
41 79
43 57
61 48
7 17
19 64
48 48
35 8
13 71
5 39
24 7
19 8
16 55
9 21
72 36
8 19
23 28
64 75
7 76
61 13
72 16
78 44
72 43
52 48
51 16
23 81
12 77
49 5
5 27
59 78
60 12
81 52
35 54
37 12
28 40
59 7
40 46
52 81
20 14
52 7
24 36
73 38
61 23
76 66
22 26
37 35
46 7
22 10
63 32
54 31
9 61
52 82
25 41
83 739
48 46
51 14
25 52
26 63
38 79
35 18
29 6
15 76
68 56
42 50
41 53
15 35
67 56
19 18
22 55
73 62
4 23
81 17
19 33
14 34
71 30
12 9
18 13
64 36
16 14
33 48
20 82
33 82
74 54
53 39
83 36
81 11
19 81
60 25
17 42
23 54
27 54
27 18
3 7
83 70
57 48
13 21
12 15
34 32
73 2
31 80
2 66
45 67
64 38
20 34
72 57
19 17
63 34
37 22
6 76
44 10
51 42
56 60
28 20
11 76
45 54
64 4
39 25
74 64
63 17
6 46
19 16
27 79
15 41
11 76
49 49
23 26
11 83
30 34
44 5
15 70
36 28
18 25
23 2
62 28
40 51
74 2
22 42
23 21
66 80
48 9
13 46
64 55
64 66
1 29
54 29
47 31
25 28
2 68
69 78
60 31
43 46
44 70
49 36
42 64
34 69
21 64
10 3
34 32
34 34
83 53
11 70
34 28
23 56
21 29
30 81
76 83
83 61
3 52
58 69
42 52
22 50
5 76
65 27
76 7
44 72
52 51
4 43
60 38
51 53
15 34
22 1
37 59
56 31
81 25
5 49
23 11
54 26
48 33
45 17
14 27
82 57
42 16
58 37
6 24
70 83
76 56
77 9
24 51
26 62
15 26
22 4
39 34
8 49
25 33
83 14
30 57
29 54
74 55
71 24
76 82
17 13
16 5
7 28
55 28
14 32
26 46
38 10
46 16
22 54
82 80
31 60
32 49
78 58
62 7
59 75
13 46
17 24
51 49
39 4
61 19
1 15
15 42
32 21
56 55
76 15
31 45
77 4
25 64
19 43
36 74
7 49
20 37
5 68
44 78
43 42
19 77
3 81
83 72
35 35
13 77
58 23
19 64
5 81
46 48
16 4
55 83
16 58
9 66
11 47
74 12
28 20
64 52
67 53
59 70
78 55
58 62
50 69
70 59
25 51
2 60
60 16
30 46
71 14
64 23
40 23
73 44
12 79
38 39
61 41
74 67
5 60
61 16
12 76
21 45
64 13
4 75
51 42
67 5
18 61
59 9
44 3
46 7
53 74
30 24
37 76
81 21
7 82
3 82
6 73
8 79
78 31
18 74
73 13
81 13
40 52
4 9
3 47
37 37
70 48
77 67
3 67
79 21
51 77
45 68
23 65
13 21
26 81
38 43
46 78
82 52
52 28
21 68
34 54
17 39
38 46
37 26
40 22
32 73
23 18
48 38
11 2
22 32
57 39
67 8
37 53
68 26
21 83
75 17
54 40
64 58
6 66
68 33
81 33
32 76
41 70
29 16
79 23
45 10
11 16
79 67
80 13
31 4
57 74
41 31
28 58
6 71
26 4
3 30
2 14
35 17
17 29
78 21
28 13
40 16
33 65
18 47
22 49
54 8
75 44
42 25
77 28
24 80
2 62
37 63
27 80
76 3
9 37
82 21
17 42
43 58
15 12
52 75
78 7
70 23
45 39
78 66
77 19
33 61
2 59
52 65
61 81
24 35
67 26
59 22
82 72
65 82
22 8
65 42
34 54
42 79
45 56
64 5
58 65
19 32
31 71
15 45
50 30
66 54
30 72
49 45
42 78
28 78
9 4
18 41
5 54
76 58
76 7
51 10
45 66
74 57
23 57
36 42
66 21
81 35
76 69
26 69
3 59
45 63
43 1
70 79
73 19
62 80
9 36
74 74
16 66
9 49
16 1
30 41
32 7
78 5
52 22
8 65
50 55
64 29
79 81
15 8
16 59
57 14
45 32
69 56
8 83
33 54
16 39
4 50
47 80
25 19
76 80
34 41
29 66
72 45
60 23
62 32
37 18
4 40
77 8
14 66
72 62
18 58
26 41
18 28
30 73
12 2
63 67
22 80
11 60
13 23
42 16
82 10
56 4
19 58
48 41
8 30
26 73
75 8
41 81
35 69
56 79
4 35
2 28
75 16
34 2
63 2
6 65
81 83
28 20
48 24
83 58
40 10
59 82
2 65
17 25
80 15
83 27
67 59
55 23
27 35
64 58
15 22
57 63
14 29
3 66
26 78
62 44
14 55
12 25
9 64
26 80
33 46
69 62
30 63
42 50
33 3
1 11
56 57
38 9
74 79
42 45
45 66
43 70
41 15
43 40
46 46
47 76
10 31
81 43
53 65
60 47
9 45
77 41
56 65
60 37
68 74
63 55
13 41
8 62
37 29
40 26
28 67
14 43
81 6
14 16
30 12
14 30
71 80
67 71
57 35
38 37
62 60
76 80
64 60
72 36
13 5
21 75
45 75
45 65
12 15
7 82
17 31
4 15
23 71
16 74
82 61
35 30
4 11
64 29
55 54
32 62
25 23
39 59
9 19
16 49
11 66
23 39
68 17
4 48
40 59
20 9
73 1
6 58
19 19
16 18
55 67
45 44
61 20
27 75
56 3
65 14
11 73
22 35
75 43
37 52
45 39
27 27
29 44
54 38
52 22
53 47
71 21
72 48
4 48
8 8
60 66
53 61
2 31
46 80
33 80
59 63
4 6
3 36
4 64
70 80
37 31
32 77
67 10
44 58
31 61
14 15
49 24
34 80
27 20
50 32
48 10
48 81
7 74
64 4
49 2
52 6
54 10
13 48
25 32
26 40
11 74
16 10
83 52
64 14
68 77
16 34
62 35
20 38
62 67
34 17
83 49
37 23
45 9
36 3
66 59
28 64
59 60
10 28
8 32
3 56
56 65
56 40
3 28
46 24
20 35
61 48
10 10
57 12
82 43
71 46
76 52
69 62
38 64
82 33
40 40
8 1
81 83
75 73
17 56
57 76
51 61
33 74
9 60
73 8
30 44
3 12
37 35
14 77
1 38
56 76
74 48
50 81
64 51
57 52
35 78
82 71
83 53
23 30
47 16
77 39
52 56
75 50
81 51
1 59
8 49
33 13
21 15
53 67
3 1
36 75
55 71
18 18
31 60
39 81
50 30
50 26
27 78
1 13
16 68
75 66
44 20
50 36
48 3
65 79
1 31
83 22
60 57
40 53
60 62
23 10
26 5
59 1
79 68
20 76
8 53
82 7
14 71
36 43
79 62
71 64
41 62
27 40
1 48
76 26
14 26
34 72
77 57
59 57
6 29
11 66
36 57
42 2
7 71
38 15
46 5
29 49
39 18
26 27
11 49
60 44
17 24
65 76
5 8
36 65
38 49
22 48
43 59
80 12
64 52
62 83
63 32
72 78
65 78
53 12
29 83
26 14
15 14
49 61
57 13
45 38
20 64
57 41
14 24
58 61
53 28
1 45
54 45
5 25
77 74
43 44
80 62
64 18
50 206
27 44
34 29
39 9
12 19
38 23
38 22
31 28
13 2
28 46
40 12
9 43
15 11
40 6
8 4
18 50
33 20
13 45
12 38
28 40
14 1
14 34
22 14
38 12
28 6
10 3
19 10
23 7
37 31
32 48
28 34
31 17
42 18
10 47
36 35
4 8
40 14
6 15
6 37
17 25
41 33
18 5
11 26
26 27
38 46
39 12
42 12
18 39
34 49
39 3
12 40
50 9
8 22
19 31
33 29
44 25
49 44
6 29
25 43
2 40
14 27
23 4
37 47
16 43
41 16
29 26
22 26
48 21
33 11
8 21
22 47
4 34
46 34
14 4
13 39
40 30
27 7
25 17
32 27
10 36
43 33
5 33
12 36
15 19
47 41
8 18
33 43
2 40
18 6
2 8
4 30
45 14
20 7
17 40
50 29
30 35
2 26
19 31
50 1
38 21
6 39
2 17
25 41
19 34
34 22
6 26
6 39
47 27
19 42
34 12
48 37
9 3
1 7
20 38
34 39
32 16
33 40
25 15
25 27
26 8
3 38
5 26
31 27
15 19
17 36
5 40
14 9
18 25
4 47
29 30
45 38
27 24
25 32
49 41
48 34
23 44
45 2
45 12
31 27
27 31
37 41
44 23
14 27
35 17
47 45
43 20
50 28
8 3
22 17
12 34
38 15
45 1
34 16
40 30
46 31
8 48
33 42
20 14
50 19
29 20
14 13
3 44
3 10
14 31
2 29
37 18
9 2
18 10
36 45
50 49
10 18
20 23
50 10
18 21
1 28
15 28
13 6
33 41
32 11
50 29
27 37
19 13
35 32
28 50
20 21
25 21
22 4
1 18
5 11
47 29
4 29
14 11
7 12
1 24
11 49
29 46
28 5
36 19
48 27
5 20
12 29
9 29
16 26
29 44
14 1
13 32
33 23
89 75
12 38
37 50
46 24
76 2
13 38
38 4
83 34
14 12
86 33
3 58
12 78
84 10
24 86
54 62
70 43
60 9
75 15
56 85
6 28
81 16
3 89
40 27
49 12
21 70
38 70
15 13
88 27
14 36
13 67
6 45
63 8
20 58
38 23
2 32
88 10
40 32
5 7
73 17
8 89
47 39
76 73
89 47
44 55
60 32
72 70
2 35
84 52
66 62
12 71
69 15
87 81
60 80
75 25
27 63
15 26
32 47
22 43
40 46
52 30
58 51
64 63
86 87
36 84
37 89
57 57
43 41
57 18
21 69
34 17
30 61
46 9
49 88
33 25
61 16
87 27
97 604
29 49
61 36
39 28
50 90
87 23
5 61
72 24
33 33
20 9
1 77
49 1
79 80
74 87
58 87
59 49
97 88
21 86
15 6
41 52
58 85
65 21
67 9
38 7
54 46
25 13
95 17
84 80
47 12
7 18
96 33
88 53
23 72
5 4
6 6
30 54
67 81
69 29
22 10
84 43
61 57
92 87
50 39
59 78
51 31
89 2
2 7
79 30
69 61
10 48
12 24
21 22
21 40
47 85
90 45
92 15
52 82
37 53
51 30
43 74
65 53
62 97
52 15
12 39
10 59
30 46
32 37
95 17
53 53
31 69
21 60
72 64
95 91
58 70
11 53
33 71
60 17
25 10
96 12
15 1
31 93
94 52
82 73
74 94
95 41
49 43
91 68
75 5
7 63
96 35
89 94
2 86
87 91
32 81
49 18
47 11
70 44
62 75
63 21
77 41
20 17
48 11
15 59
4 48
20 96
39 74
92 95
13 86
92 60
62 38
26 44
61 83
43 79
42 90
80 33
77 16
56 35
51 59
50 90
28 66
31 55
90 32
41 25
85 88
83 37
55 53
66 94
83 46
21 64
8 49
15 52
86 12
59 40
21 74
72 29
33 81
95 26
87 68
44 23
92 59
52 13
87 29
60 40
87 97
28 53
16 94
70 64
10 43
69 42
42 59
76 44
16 5
84 44
95 34
35 24
77 69
31 69
82 21
81 77
55 55
19 51
9 12
54 50
79 66
42 32
57 92
4 97
71 20
85 38
28 75
59 80
57 27
4 71
36 71
73 83
67 76
31 84
81 56
67 96
2 23
41 8
96 52
42 60
88 60
54 94
61 31
20 91
89 26
86 90
75 91
38 35
24 6
75 61
9 68
63 31
11 75
21 71
3 94
96 17
29 48
35 57
34 27
68 88
94 21
74 76
15 70
69 8
81 81
49 77
5 64
1 81
88 36
65 7
30 96
28 42
5 49
67 81
22 36
82 27
62 91
66 95
28 73
32 27
56 84
52 74
1 3
38 65
57 42
54 64
96 25
3 24
91 65
78 35
62 30
50 78
6 33
53 44
18 22
30 52
83 50
70 54
71 19
26 56
14 34
67 28
62 70
65 42
94 91
89 35
17 82
13 5
5 38
87 80
76 77
1 83
10 79
63 63
54 86
10 95
61 34
66 65
64 32
88 96
25 15
65 96
58 22
78 18
82 58
26 32
77 9
86 97
15 84
50 35
43 57
43 97
47 17
67 34
48 59
67 57
63 52
84 66
40 12
34 22
22 88
75 35
92 39
26 46
68 58
3 29
64 50
22 59
87 93
51 24
8 97
3 93
19 1
70 17
10 97
86 6
62 60
74 29
85 12
42 8
43 26
69 95
20 17
66 21
95 21
44 93
80 49
55 41
83 45
27 34
12 40
96 68
46 4
37 78
23 40
54 46
16 52
25 90
82 35
76 63
28 13
63 44
65 47
76 53
66 67
36 29
38 56
82 36
85 95
13 45
96 50
75 50
58 26
44 89
44 72
62 74
22 87
59 44
80 89
31 21
68 16
57 60
93 63
57 57
57 78
1 31
18 51
79 6
83 2
87 95
57 78
22 16
80 63
80 25
18 45
30 83
20 40
26 83
10 29
29 65
27 95
78 44
66 59
29 16
85 50
8 75
36 64
49 34
53 5
84 14
72 50
73 40
28 7
35 95
67 61
64 7
81 26
61 90
71 89
71 63
52 24
55 91
86 55
5 54
36 81
10 79
80 97
19 85
11 8
26 60
55 10
5 55
27 44
54 54
21 18
47 43
43 23
64 54
42 13
37 91
58 11
65 30
60 35
72 62
14 71
61 90
6 64
63 42
17 69
21 50
29 85
85 73
6 79
49 37
97 22
64 81
53 36
77 27
77 95
36 67
54 6
12 33
58 85
72 5
69 96
36 64
20 68
57 66
58 78
87 33
83 52
65 89
69 27
95 96
84 95
11 3
60 75
8 51
32 13
59 51
17 8
89 79
74 86
29 56
19 71
32 35
71 54
8 46
43 86
97 29
15 10
83 70
29 43
39 55
94 71
38 64
3 36
28 78
24 23
9 3
82 14
51 30
4 97
39 39
27 9
18 91
23 9
25 75
4 26
25 52
79 45
72 75
42 56
80 58
72 64
4 88
52 44
94 88
45 64
90 9
86 96
55 20
60 84
85 61
51 29
82 50
39 20
28 17
52 33
42 17
76 75
96 47
69 8
82 27
26 35
14 20
46 64
73 20
29 72
22 34
40 52
33 44
89 6
33 15
10 63
68 42
5 49
30 38
86 39
73 58
1 85
71 96
36 5
57 24
3 78
38 91
83 56
62 60
2 73
17 76
60 34
89 44
65 60
8 58
44 16
3 4
48 3
78 60
20 92
85 28
48 11
76 81
92 22
93 46
3 74
75 52
1 9
11 64
76 45
26 18
72 90
41 53
9 3
11 57
28 4
48 80
10 33
83 84
63 31
87 53
22 4
79 33
38 22
94 10
34 32
51 78
55 32
97 67
29 48
23 80
89 30
49 66
10 55
12 32
76 60
95 73
9 41
13 87
78 64
96 33
77 61
13 90
43 80
18 57
74 37
43 68
64 28
29 76
82 12
92 90
41 45
46 56
86 59
16 41
38 29
80 73
14 88
91 82
34 91
22 16
60 29
29 54
39 44
82 24
28 40
11 5
25 13
75 10
34 38
58 9
62 2
30 71
90 359
83 37
39 19
46 68
12 23
80 35
13 67
9 39
48 23
70 36
48 55
39 7
59 64
19 70
31 37
34 89
15 7
28 72
30 73
71 68
51 33
3 82
62 67
11 39
63 5
37 82
85 56
53 52
72 31
28 49
36 46
80 27
25 59
75 72
47 24
11 76
1 82
50 66
58 11
41 6
35 18
35 37
10 1
6 79
21 6
41 68
29 72
48 24
74 65
70 70
86 23
52 87
61 88
72 27
32 20
76 24
20 7
53 71
7 67
81 10
20 35
10 77
38 38
33 38
14 69
19 3
31 58
21 78
64 1
52 18
22 71
23 13
4 85
59 89
25 40
82 10
18 44
28 79
9 42
78 67
89 19
39 85
87 47
48 69
27 49
90 84
31 7
39 44
52 84
22 5
64 36
46 3
62 75
34 54
23 49
56 10
7 69
31 25
35 71
11 36
73 47
75 66
67 72
16 79
37 49
21 79
54 50
82 72
18 17
31 23
45 72
41 12
51 15
65 86
68 18
13 48
23 33
50 1
10 48
84 50
13 39
33 32
15 87
21 22
46 10
1 82
48 29
44 52
47 64
90 66
39 31
6 31
44 82
13 25
10 41
10 77
57 8
44 29
54 14
63 28
28 18
27 41
69 42
37 20
5 61
35 25
72 71
31 65
73 48
37 53
6 81
38 4
28 39
5 77
42 90
44 36
57 40
29 39
48 31
49 31
21 82
71 43
15 51
80 81
14 75
41 59
89 70
32 66
58 71
80 46
24 36
16 73
27 49
17 35
59 65
59 54
4 67
54 86
64 32
76 11
37 32
17 21
87 20
21 71
6 12
33 41
3 14
49 51
20 59
86 68
74 10
48 34
52 44
2 3
20 26
48 15
36 7
12 81
77 47
66 26
60 25
22 82
66 34
51 10
9 74
70 27
53 76
41 9
15 47
68 63
76 66
82 87
78 24
19 73
66 47
45 36
16 29
75 41
72 24
32 34
45 85
14 88
57 70
53 30
10 15
53 30
6 28
39 25
18 13
13 37
48 55
24 82
38 37
82 32
9 24
60 42
14 74
4 24
23 5
52 9
60 53
38 80
76 37
68 78
70 53
3 12
46 21
78 30
29 60
5 74
24 13
31 24
61 39
24 59
37 6
47 1
27 80
69 32
65 72
12 90
45 81
72 1
42 52
51 18
1 28
45 55
48 16
74 41
45 11
49 82
6 11
10 47
78 71
70 3
26 8
59 8
77 34
82 40
75 88
21 21
82 53
50 9
80 86
60 42
76 52
70 10
85 60
36 6
66 59
62 26
11 22
14 25
49 33
72 7
39 82
5 76
46 67
30 29
31 41
63 78
29 85
72 33
26 32
76 70
15 75
45 24
48 58
85 45
53 16
38 80
76 6
27 62
38 36
23 77
20 6
76 50
25 25
41 56
68 46
28 32
10 6
87 56
27 82
15 79
71 21
45 26
10 64
24 82
56 57
65 12
23 7
77 89
35 75
5 57
21 64
65 82
31 64
15 18
19 6
65 8
42 8
66 39
77 37
43 58
39 77
15 77
19 16
6 15
69 67
10 42
18 36
79 44
90 62
88 84
70 29
70 18
59 11
72 48
10 35
35 50
3 29
3 1
2 3
3 1
2 2
1 3
3 2
1 3
1 3
1 2
2 1
2 3
3 3
1 1
1 2
1 2
3 3
2 2
2 3
1 2
2 1
1 2
1 2
3 2
3 3
3 2
3 1
1 1
2 2
2 3
56 245
28 22
13 6
48 32
52 2
40 39
47 9
4 34
32 46
56 34
16 45
27 22
26 12
15 21
4 55
4 56
17 53
24 36
13 33
39 34
25 51
54 1
50 20
24 13
56 37
14 26
54 44
9 7
33 38
19 19
51 31
52 28
34 24
28 6
18 21
33 38
38 34
4 4
49 6
8 52
36 6
52 24
43 11
4 12
51 45
19 25
10 13
29 54
52 11
38 17
45 30
48 16
16 29
23 42
10 35
4 16
37 37
6 29
49 40
9 4
42 52
11 28
30 24
18 17
22 28
23 54
39 2
5 48
51 19
3 22
34 45
14 24
14 17
4 12
44 33
29 11
47 43
5 44
13 35
18 24
18 52
16 41
40 20
55 49
9 51
47 5
45 30
21 15
36 16
46 52
18 32
27 50
8 50
29 24
13 37
52 23
11 23
36 10
11 50
34 5
55 28
36 2
40 3
20 50
42 6
25 45
48 33
38 30
6 25
42 12
5 25
13 21
33 18
51 53
29 12
22 13
21 26
52 38
37 31
38 5
34 42
36 36
6 16
15 14
11 21
24 43
22 28
16 21
25 25
17 37
12 9
23 53
18 32
47 44
25 4
9 26
31 29
50 2
43 1
18 39
54 44
50 38
53 19
52 10
51 50
12 18
19 4
51 38
10 40
41 17
4 34
30 38
7 13
44 30
42 18
36 19
53 8
20 3
7 15
13 14
29 17
11 27
48 14
13 22
47 31
56 46
20 39
20 9
39 44
10 19
2 28
27 7
55 48
6 48
40 49
51 54
5 56
48 7
47 14
22 2
49 53
26 22
5 44
43 33
16 47
54 37
10 1
40 3
44 16
35 27
38 31
37 20
45 56
11 51
47 54
20 5
12 16
35 42
30 42
34 51
16 5
53 50
9 41
49 5
44 34
16 3
54 11
12 25
49 48
17 56
40 56
32 42
16 31
19 8
32 16
55 56
5 13
19 15
2 1
45 7
3 52
10 6
49 56
10 54
44 32
9 38
30 41
42 20
6 3
38 24
52 20
28 41
12 17
26 4
12 38
26 24
14 8
6 17
9 33
22 32
26 16
9 23
21 16
3 47
22 47
37 52
82 459
17 80
54 42
82 14
28 75
72 33
72 68
66 37
12 43
71 10
81 43
22 68
20 61
58 72
71 52
15 20
36 20
30 43
20 19
79 63
51 31
44 31
18 12
56 4
57 47
6 18
32 62
75 12
81 9
33 81
64 33
69 81
77 32
49 63
27 33
61 80
11 27
33 56
50 54
45 60
48 36
14 69
46 48
50 4
56 47
6 53
66 21
82 16
1 6
38 40
72 76
74 27
76 63
16 63
74 34
61 12
68 52
35 51
72 19
38 24
36 5
12 10
50 49
69 35
34 64
65 42
71 21
46 72
61 9
82 11
79 8
66 60
52 12
61 1
27 49
44 31
54 58
60 75
59 39
25 7
24 24
56 80
78 76
13 37
11 31
65 11
30 42
67 65
71 27
30 6
72 81
31 6
68 45
49 12
17 67
80 62
26 46
32 2
42 10
35 77
20 47
26 34
43 55
13 13
65 68
52 62
63 55
13 32
56 7
47 54
13 51
59 51
37 69
69 35
15 42
9 42
68 25
2 44
52 6
76 68
32 75
34 47
2 30
67 82
69 41
6 78
44 24
18 71
15 33
68 51
77 80
74 56
52 17
63 15
56 10
8 52
79 55
19 7
50 40
37 12
1 18
2 51
14 58
82 68
58 50
71 72
8 77
17 36
74 78
25 22
28 24
63 45
50 56
66 18
32 54
34 71
13 82
20 64
64 11
52 57
42 67
73 31
48 29
81 31
80 16
66 32
79 59
31 25
19 46
6 5
55 14
29 16
62 54
75 15
26 54
77 39
75 20
47 16
48 16
33 53
16 60
25 59
79 9
60 3
44 54
74 51
52 71
47 7
81 14
16 79
15 82
41 37
4 10
12 77
50 61
59 30
60 76
57 2
71 46
27 44
63 72
43 56
78 33
4 72
65 21
58 48
60 24
64 45
20 25
59 58
59 8
63 31
37 48
80 43
45 15
26 2
51 77
37 8
64 33
73 31
37 81
56 42
25 46
61 4
61 81
53 23
71 74
82 41
34 20
1 23
6 2
19 40
67 10
51 43
79 8
11 41
10 66
1 68
72 71
28 11
29 51
6 54
39 74
8 73
25 49
54 22
16 39
8 20
23 5
7 61
82 34
30 40
53 78
56 22
17 78
72 48
63 18
81 47
55 71
78 48
81 21
1 16
67 4
17 77
78 7
61 21
30 19
50 34
9 40
76 26
27 79
30 26
33 32
64 4
73 76
59 39
24 74
28 68
60 52
6 8
20 49
14 55
35 32
60 49
48 46
61 53
29 60
11 36
3 14
48 15
78 31
28 67
29 16
63 25
12 27
64 27
14 77
27 44
75 33
74 58
68 14
5 40
81 17
45 58
18 1
58 13
21 25
58 62
42 17
45 57
65 3
58 15
43 75
45 56
60 63
65 21
65 16
82 9
55 5
75 75
34 49
24 71
21 12
14 21
70 43
42 34
9 50
50 48
26 59
55 13
25 37
63 44
21 41
20 68
8 57
11 3
8 32
58 1
24 60
45 35
61 45
43 57
34 75
75 29
46 44
16 67
60 62
63 77
16 42
24 63
73 81
26 24
35 70
2 46
24 62
36 39
78 16
75 68
74 68
56 23
33 20
82 42
43 74
23 64
37 12
60 15
38 71
20 24
44 46
72 48
64 5
41 62
2 82
27 5
66 2
19 69
34 66
24 44
27 15
46 38
13 76
63 81
13 67
1 66
9 17
18 64
53 74
41 58
73 69
55 62
22 76
11 3
20 56
51 26
2 27
42 18
33 79
11 57
33 10
48 38
28 15
39 43
22 38
65 65
32 12
9 11
8 70
47 65
65 76
75 59
16 30
15 20
82 32
68 76
21 63
10 76
38 10
73 56
6 20
40 61
4 49
46 59
40 2
24 63
81 5
20 71
11 53
66 36
60 51
4 56
58 39
2 47
22 4
55 37
53 47
33 4
33 50
7 50
63 30
29 43
50 13
64 48
65 38
25 51
29 77
79 74
35 30
3 76
17 59
30 14
8 77
21 6
81 13
47 37
82 10
82 26
62 19
49 21
36 44
76 28
5 139
3 3
2 3
1 2
1 4
2 1
5 3
1 2
2 3
1 1
3 4
3 1
5 1
1 3
1 2
1 4
5 1
3 5
3 4
5 4
3 3
4 2
1 4
5 4
1 2
1 4
1 1
5 3
4 1
4 4
1 4
1 3
1 3
2 4
4 4
2 2
4 2
5 2
5 3
5 5
2 5
3 1
5 1
5 4
4 2
4 1
3 4
1 2
2 2
3 3
3 3
2 1
1 4
1 4
2 4
2 1
5 4
4 3
1 4
3 5
4 5
2 3
3 3
1 1
1 5
1 3
2 1
5 5
5 2
3 4
1 5
3 4
2 4
4 3
3 5
2 4
3 4
4 5
5 2
2 5
2 2
2 3
5 2
4 5
1 4
4 4
5 4
4 5
3 3
2 5
5 3
4 3
3 2
5 5
3 1
2 2
2 5
4 3
5 3
1 5
4 2
2 3
4 4
5 1
1 1
4 4
2 3
2 1
4 1
3 1
4 3
5 4
5 3
2 1
1 4
5 2
5 2
5 3
1 4
2 2
1 1
1 2
5 5
2 3
4 3
1 2
2 3
5 5
2 4
3 4
4 3
1 2
2 1
5 2
3 2
1 5
3 1
1 4
4 2
2 2
68 461
31 35
20 1
28 22
56 30
30 38
52 5
30 54
20 41
13 31
41 10
2 9
3 14
41 2
34 9
58 4
45 45
55 45
28 47
20 32
52 37
9 7
41 8
4 38
39 17
12 15
53 56
16 30
21 26
28 5
60 11
44 27
13 14
60 23
53 3
45 7
5 52
11 9
42 2
7 39
50 63
3 48
35 40
2 43
1 42
11 49
26 40
55 31
45 52
56 20
11 16
6 52
63 15
57 54
23 45
38 6
55 54
65 57
7 45
55 52
48 14
28 40
58 16
66 43
16 38
64 59
19 2
59 36
55 15
8 53
30 60
41 21
4 22
13 65
41 53
62 65
62 1
54 9
57 11
1 20
51 25
21 14
21 40
1 51
25 60
10 14
1 36
61 64
26 30
30 42
53 16
49 15
39 65
5 37
42 37
57 49
17 13
40 59
45 9
67 22
6 53
18 38
19 14
9 19
40 58
31 34
21 26
9 66
4 55
38 15
64 60
3 5
8 21
11 28
12 6
51 10
51 64
28 12
28 30
57 56
22 9
10 55
48 9
51 58
16 40
56 66
25 14
30 30
3 59
49 54
62 14
40 6
39 50
60 50
40 7
52 61
48 6
41 28
5 68
50 41
12 28
14 37
29 47
21 7
10 2
15 3
58 30
37 49
56 67
21 59
18 66
16 39
4 58
13 48
3 59
26 50
5 18
68 18
5 8
15 40
37 56
55 51
21 14
39 24
46 19
56 31
25 38
54 41
37 37
67 28
10 30
68 14
10 21
19 2
16 65
12 12
18 40
32 30
54 15
11 37
62 54
13 49
54 45
63 4
67 33
24 61
50 55
59 51
56 22
54 59
4 55
32 36
50 14
11 22
4 5
20 31
33 51
54 66
31 11
30 25
7 8
22 10
10 53
16 52
35 63
53 36
18 30
43 51
58 22
7 17
61 10
35 17
8 49
61 32
25 32
50 53
37 59
68 66
8 16
46 36
42 56
31 3
51 57
41 13
19 46
33 6
14 11
28 46
34 10
14 16
53 10
17 50
22 33
1 63
3 54
48 47
23 5
15 45
57 14
49 60
64 68
20 2
59 13
46 27
47 9
28 15
36 6
58 24
37 30
41 20
45 6
44 27
57 21
21 17
8 59
56 24
12 16
44 43
17 43
18 16
58 10
15 53
1 6
25 54
27 7
23 1
41 11
64 23
12 13
59 65
8 10
46 34
64 32
33 11
21 58
1 41
21 65
1 29
2 13
8 23
11 31
4 35
43 46
43 60
25 58
24 38
34 59
55 44
13 30
30 61
31 68
67 55
24 62
63 5
56 41
37 10
25 1
39 48
9 43
39 4
15 5
15 1
34 2
17 12
28 63
33 30
65 45
55 4
49 60
52 26
55 61
63 26
43 6
24 2
12 32
33 10
27 41
16 66
3 18
35 14
65 66
31 39
52 29
38 38
24 17
6 14
40 54
45 16
22 7
53 33
24 63
34 28
16 67
26 3
65 14
5 38
38 33
51 55
48 44
27 36
13 41
67 16
19 63
35 22
21 11
2 68
48 17
32 23
15 9
63 57
39 58
27 23
59 4
62 33
47 3
28 20
39 18
49 47
11 2
15 12
57 63
66 20
34 13
5 36
56 58
61 48
36 24
42 29
32 44
60 43
36 14
47 34
16 34
19 44
67 43
56 10
49 35
16 68
64 55
49 40
19 22
11 42
26 4
19 21
12 22
38 16
28 57
60 60
17 5
43 54
9 47
65 25
61 29
21 37
14 28
41 29
15 31
62 30
40 37
23 33
30 12
5 16
9 22
36 44
64 6
6 21
68 48
35 5
1 2
22 47
35 47
4 56
37 32
8 23
56 2
51 54
19 2
5 67
56 43
6 2
57 45
5 4
64 3
21 42
42 44
12 62
57 29
17 42
40 18
30 34
63 19
58 2
55 12
22 64
12 60
12 59
46 6
36 14
12 57
66 10
40 31
51 30
53 60
59 30
9 29
4 11
64 23
46 7
6 49
52 33
60 26
4 7
4 57
26 1
38 68
54 15
16 9
66 7
13 7
57 44
67 2
31 13
18 737
5 10
18 1
7 12
9 15
16 14
4 10
4 4
5 1
10 14
2 8
15 4
8 15
15 15
10 9
7 9
16 15
15 8
7 9
4 7
6 8
11 2
8 4
10 2
6 3
1 6
16 10
6 5
15 3
6 8
12 9
6 13
3 10
12 7
7 4
12 9
13 18
9 14
10 15
1 4
1 2
16 17
4 4
13 18
9 12
11 5
17 12
5 13
14 9
6 16
15 8
17 2
10 4
3 11
1 5
1 15
17 10
16 4
12 13
14 6
17 6
11 3
4 15
15 18
15 2
7 10
17 14
5 13
15 5
9 8
14 12
15 9
3 11
7 13
8 1
16 18
17 10
15 15
17 6
16 13
11 6
14 18
11 9
15 7
14 18
3 9
1 18
5 14
2 18
16 13
11 1
15 15
10 8
11 2
7 14
13 6
11 11
4 7
14 12
1 3
18 3
1 2
3 14
10 6
4 13
12 17
16 8
8 18
9 10
7 18
3 6
8 9
1 18
2 13
1 3
18 2
18 16
16 9
8 4
9 13
1 14
1 10
9 16
10 4
16 1
7 4
16 15
18 15
18 9
10 16
1 14
8 2
7 18
15 16
14 9
12 3
5 14
11 5
12 6
10 11
1 4
17 4
13 6
1 6
4 2
5 10
10 11
10 10
13 16
7 1
2 15
12 7
4 10
1 3
17 5
5 2
8 18
8 9
6 9
16 10
8 3
11 7
8 7
4 3
17 18
12 17
1 18
12 14
7 17
14 2
5 18
4 12
17 13
8 7
6 12
13 10
11 18
2 18
6 12
4 4
9 17
17 17
13 10
3 6
5 5
1 14
4 10
1 3
13 5
6 12
12 8
6 12
16 13
16 18
3 9
15 1
4 9
6 3
2 5
13 7
2 2
8 11
6 2
16 12
7 1
14 16
12 18
13 10
1 9
5 7
8 2
4 6
7 17
18 2
4 8
14 11
14 7
7 16
4 11
17 15
8 13
2 13
6 2
15 8
5 12
7 3
15 5
4 5
1 2
3 7
12 15
10 2
13 6
5 8
17 14
10 14
17 7
1 1
2 1
7 1
1 18
12 2
18 14
16 18
4 8
4 3
16 1
8 10
10 16
14 9
13 10
4 4
5 16
5 3
2 14
11 6
16 11
4 11
4 7
6 15
8 10
14 16
14 4
11 15
12 12
15 17
14 12
17 10
9 15
3 15
8 1
2 1
16 16
9 5
6 16
8 3
11 11
5 17
13 17
15 17
16 16
6 11
1 16
5 12
16 10
16 9
6 13
9 18
14 7
12 5
3 4
2 10
7 14
10 11
18 10
5 11
17 11
9 7
11 4
8 17
2 8
1 18
4 2
15 8
3 6
12 6
14 5
18 15
11 1
5 10
4 17
9 1
17 8
14 11
16 3
8 18
10 14
15 8
5 8
12 7
6 16
18 2
4 9
8 2
3 5
13 18
13 10
12 11
4 13
14 4
16 7
13 6
9 16
12 10
14 10
5 1
12 7
2 1
14 12
17 4
6 1
1 16
8 6
1 16
3 10
14 5
4 10
5 11
6 18
8 16
10 13
17 16
18 5
17 10
18 7
18 15
15 4
8 5
11 5
2 8
5 2
13 12
1 16
6 10
15 17
4 10
2 10
6 7
4 5
11 2
17 1
14 8
15 7
7 5
13 5
18 7
2 7
10 7
9 4
1 5
4 17
18 14
11 18
7 1
1 10
12 13
13 15
5 10
4 7
10 3
10 9
18 11
2 14
6 4
16 2
6 16
2 4
9 10
12 7
13 11
18 1
12 17
17 2
9 6
9 10
12 11
11 15
7 2
9 16
18 1
6 11
18 8
13 15
3 3
11 14
11 13
8 15
13 1
8 2
12 10
7 4
11 1
16 12
10 15
5 11
3 5
6 2
1 9
10 14
11 5
6 4
15 18
4 7
15 9
15 5
6 13
18 8
7 8
9 14
1 17
4 1
12 4
10 10
3 8
9 13
11 15
8 7
12 13
14 16
17 2
1 11
3 18
15 15
9 12
7 11
13 4
10 11
11 10
7 15
10 9
2 4
16 14
13 8
9 11
3 3
8 1
7 15
14 16
4 7
8 6
16 15
4 4
11 1
2 12
2 18
10 3
14 1
11 18
9 2
9 18
3 15
11 18
14 9
18 15
18 6
7 7
7 1
17 7
12 15
11 11
5 18
1 15
16 16
10 12
5 9
3 4
4 7
16 2
1 11
11 2
7 6
3 14
10 10
14 11
12 9
15 13
17 9
11 11
1 5
14 15
1 9
17 6
15 1
18 16
13 6
17 11
5 18
4 2
13 16
8 5
7 9
10 10
5 4
1 18
12 17
14 18
18 4
2 10
11 13
6 3
14 8
4 15
2 12
2 12
4 18
17 11
7 7
6 3
4 12
18 3
10 9
5 15
14 13
4 2
7 10
10 5
11 9
7 10
9 16
4 7
3 9
15 9
2 17
14 18
10 13
8 5
18 8
18 9
14 16
8 4
3 2
2 13
1 14
1 15
16 11
7 11
13 13
8 17
16 8
13 7
1 15
16 4
9 14
7 10
13 18
14 2
18 3
2 11
15 6
16 17
14 17
3 7
10 10
5 16
18 9
10 17
5 7
2 2
18 8
13 2
3 15
6 8
15 15
8 1
9 15
2 7
5 16
11 14
7 2
8 18
9 8
13 7
9 18
8 5
6 4
17 9
17 17
12 1
4 6
8 10
17 13
18 16
3 3
4 12
16 11
8 4
7 11
3 17
18 4
18 13
4 5
17 17
12 1
17 10
5 8
1 13
8 17
6 5
7 14
9 17
5 1
11 4
17 12
2 2
1 2
9 10
17 4
10 14
6 15
5 15
16 15
10 4
6 14
11 7
12 13
9 13
6 4
17 2
3 14
11 16
14 16
7 12
12 2
10 17
4 9
5 3
11 12
16 16
17 4
5 15
9 13
5 1
4 9
13 6
5 4
8 7
1 12
10 7
14 12
3 18
5 15
10 1
1 9
11 18
14 2
14 15
15 7
5 15
5 3
9 3
4 10
8 18
11 3
17 13
7 3
15 10
1 16
2 2
17 8
11 6
12 5
16 6
5 12
9 10
1 11
6 15
8 9
18 5
11 3
9 11
1 8
8 16
12 10
3 18
17 17
17 15
10 8
3 15
11 10
17 12
8 8
18 4
6 18
11 13
4 18
18 7
8 1
4 12
12 6
17 9
2 10
18 1
9 6
4 4
16 7
1 2
9 9
2 4
8 8
17 13
16 6
13 6
8 10
11 9
7 7
15 15
10 4
3 4
72 817
29 35
21 64
11 72
6 68
21 26
17 9
67 7
24 8
60 23
19 20
53 6
30 1
9 8
72 9
32 29
32 13
60 11
1 40
56 24
17 25
41 52
1 33
52 40
33 7
3 38
8 24
32 42
40 48
32 68
33 43
8 70
35 43
5 13
21 6
17 60
37 21
68 20
69 26
44 38
17 25
14 1
20 35
22 53
70 10
40 28
69 6
3 22
25 2
14 17
18 50
34 29
17 68
38 13
37 39
55 51
53 60
43 66
44 5
9 7
29 27
50 36
37 47
3 49
36 57
56 47
69 43
34 28
12 20
46 43
20 47
6 70
56 58
66 36
26 14
48 18
33 56
66 13
33 1
47 29
64 18
31 51
16 61
48 51
5 67
32 40
11 21
30 27
60 10
46 25
8 71
23 43
29 47
48 8
12 43
26 70
12 39
55 46
50 13
12 46
35 7
32 5
68 31
47 11
59 65
72 50
40 68
26 21
4 20
63 47
53 44
16 40
10 36
70 44
27 19
47 32
4 4
33 55
28 48
1 21
71 70
60 20
65 33
6 32
61 24
27 23
12 12
19 18
18 34
10 71
28 35
16 60
65 9
48 43
18 7
33 41
2 58
11 45
61 22
20 31
44 37
65 34
6 50
13 61
54 45
50 31
66 40
59 5
69 61
32 20
31 45
2 3
9 10
15 24
24 31
35 48
59 55
43 50
15 29
56 49
51 20
47 44
68 21
23 66
28 34
48 8
51 53
23 2
65 35
26 20
52 42
34 12
29 37
52 57
45 49
64 55
1 29
47 34
61 49
35 15
6 18
58 52
29 45
20 39
52 60
67 37
17 21
47 30
42 56
60 62
44 27
34 9
38 29
71 1
3 68
5 31
11 54
57 13
53 33
44 8
55 59
16 5
35 18
54 18
4 53
31 10
60 39
45 43
66 51
6 31
67 9
32 42
70 63
35 47
25 22
21 34
1 62
4 68
44 48
25 57
62 7
48 48
53 36
45 42
39 9
13 60
20 33
56 61
67 63
15 10
44 50
56 44
49 41
63 56
2 54
48 67
44 49
15 68
5 40
38 66
60 8
16 10
41 71
68 40
67 50
20 23
23 16
68 12
26 41
19 2
29 54
36 64
4 41
25 52
39 6
30 31
53 17
22 63
45 61
7 65
66 34
32 27
54 50
17 59
52 13
57 22
65 35
14 66
42 17
15 51
58 44
12 11
48 53
51 1
72 2
3 69
57 66
26 28
65 46
2 3
15 50
72 30
11 54
63 65
63 50
44 61
12 25
13 47
20 50
7 14
9 20
43 64
70 67
69 56
13 65
59 67
53 25
66 44
32 57
26 48
8 60
33 12
59 11
61 7
7 69
40 39
36 8
27 25
7 53
36 21
56 72
65 27
27 48
53 51
25 15
61 55
10 11
29 33
25 36
18 72
66 16
66 48
5 34
70 22
60 9
68 19
72 10
47 57
33 20
62 2
12 62
24 21
17 61
2 8
27 20
61 36
65 57
49 38
22 1
28 66
41 52
33 37
64 17
45 48
36 35
7 53
23 33
8 62
72 49
14 4
63 10
57 72
65 65
38 22
44 59
38 47
65 49
35 71
33 63
12 15
69 36
22 42
23 13
52 14
26 3
9 66
17 50
62 6
23 55
5 32
65 23
47 39
29 23
51 58
58 45
14 45
36 20
68 69
63 38
42 56
44 37
53 33
27 49
70 43
48 65
17 38
43 27
24 11
18 18
37 44
4 37
1 32
53 25
57 50
60 53
30 25
12 34
21 47
7 6
45 72
25 16
55 20
20 67
15 54
47 16
40 45
7 71
66 35
27 52
11 45
47 30
14 37
42 22
32 64
44 71
24 12
18 9
23 53
13 1
4 27
43 12
33 36
20 8
22 51
68 48
52 24
69 58
52 43
10 12
33 1
36 66
12 69
22 53
59 64
20 38
25 16
4 7
25 41
64 21
35 25
1 71
32 34
42 5
17 28
26 32
18 3
48 20
22 21
59 14
8 70
21 59
61 38
25 16
23 37
6 4
53 65
23 29
33 40
53 68
19 12
14 21
8 27
42 66
65 46
24 72
64 11
14 52
60 65
7 34
25 44
40 3
69 71
69 30
11 52
30 70
3 68
23 2
59 14
14 5
58 37
70 2
51 47
21 1
29 9
24 53
42 28
27 65
28 40
72 71
9 15
68 59
28 24
10 72
23 59
62 66
15 11
36 51
19 47
30 40
16 67
61 43
39 15
21 49
68 50
6 69
27 61
52 67
35 48
52 58
66 34
66 62
39 29
22 29
12 45
41 27
3 49
51 9
52 53
14 68
39 11
20 67
57 45
22 30
23 54
8 29
39 26
50 23
44 58
19 2
41 17
66 48
56 19
25 63
6 38
10 4
72 62
68 9
39 20
18 3
70 54
57 24
50 25
27 21
52 2
56 18
55 3
50 17
20 65
54 43
29 21
33 14
70 47
61 56
13 22
18 46
51 60
2 8
23 20
52 39
21 8
19 71
1 16
20 8
70 2
63 25
34 48
5 54
1 45
6 32
15 56
34 58
6 62
32 12
21 55
37 48
15 48
53 49
34 15
69 69
26 19
4 41
17 27
32 45
4 14
30 36
47 13
19 70
25 65
24 57
43 24
61 56
43 2
26 3
44 23
60 22
33 29
9 34
10 4
9 7
49 19
58 62
69 36
8 38
27 50
26 16
51 28
31 53
64 10
64 24
12 23
48 49
71 48
72 69
28 17
18 68
43 1
58 19
45 5
24 24
35 1
67 37
13 53
17 8
14 50
40 71
53 51
1 9
32 63
28 71
37 71
58 31
37 46
62 43
62 7
68 47
59 42
40 52
49 44
58 60
3 68
43 72
25 47
8 41
15 31
46 39
38 22
28 35
56 64
34 58
13 56
60 63
16 64
61 23
55 25
32 1
10 9
10 20
56 43
35 64
60 44
16 15
61 65
27 42
50 15
33 14
71 64
12 45
41 44
18 37
11 3
70 53
11 70
9 17
40 35
21 41
25 47
23 2
62 57
28 46
18 33
1 22
18 11
45 47
27 6
21 14
30 34
1 50
37 48
15 23
43 50
57 60
25 60
9 11
53 41
32 57
72 3
41 57
24 35
56 46
8 22
33 27
1 9
37 41
7 55
43 5
2 12
64 68
44 28
70 62
24 69
54 72
25 26
24 40
67 40
21 46
64 53
12 53
61 57
1 20
37 14
68 67
46 37
50 29
26 49
25 12
11 5
35 16
32 31
59 10
66 38
11 53
69 35
69 38
9 25
13 58
62 30
42 61
36 27
58 9
26 26
4 49
30 7
64 3
32 46
33 28
16 26
58 71
6 44
10 53
22 35
5 3
34 8
46 37
28 29
22 14
46 2
42 35
61 51
16 20
62 14
60 45
25 41
53 68
62 55
22 40
48 57
71 3
18 40
57 29
23 39
52 13
53 19
45 69
33 24
6 30
35 65
61 37
11 7
22 43
58 25
54 3
8 23
22 33
25 11
27 9
5 52
66 49
5 60
37 43
36 12
25 34
38 18
51 27
48 8
26 21
69 66
3 16
40 2
25 46
14 32
24 16
60 7
70 16
68 66
48 17
68 51
37 22
15 28
53 66
7 55
69 7
1 66
64 18
57 38
13 25
11 51
7 63
58 47
76 385
62 19
32 26
53 54
28 32
19 49
18 53
36 58
29 8
11 1
27 47
36 69
41 23
44 54
40 63
17 70
24 72
76 29
12 27
56 36
20 44
7 24
22 11
11 15
2 60
14 69
64 75
58 16
14 56
28 9
16 8
51 51
40 40
15 52
76 54
19 59
27 67
8 46
52 33
71 38
37 12
1 44
74 62
39 62
22 40
37 51
74 23
26 47
19 18
74 19
5 58
41 62
53 35
58 62
69 15
9 44
60 66
31 49
15 26
12 14
29 35
12 73
5 53
75 20
31 26
58 37
58 41
17 17
57 60
49 43
8 29
65 14
29 27
13 39
3 39
36 16
38 6
11 75
57 46
72 13
22 16
61 6
17 56
7 31
40 12
74 18
57 27
59 32
1 55
38 67
10 12
58 60
46 72
22 57
63 20
58 58
17 23
2 17
22 38
69 17
37 66
62 6
55 14
64 63
15 19
41 27
76 4
11 19
21 35
52 56
2 26
59 72
28 11
8 23
35 21
2 25
61 39
67 44
27 7
74 43
25 7
67 20
38 52
7 52
2 69
15 45
22 38
11 74
17 29
57 69
65 23
73 30
19 7
6 46
76 39
64 62
1 41
68 61
11 12
39 5
39 5
12 9
13 71
59 50
45 21
58 39
68 38
27 16
27 41
56 31
14 64
72 19
55 27
5 58
13 22
37 13
50 7
40 66
10 44
53 20
19 67
20 47
27 63
60 6
50 63
19 31
72 61
1 44
74 65
23 21
71 28
5 34
5 26
36 69
61 21
36 34
38 31
21 37
16 71
19 13
56 39
58 73
53 33
75 38
1 34
43 9
22 68
55 17
43 64
47 25
5 25
73 41
46 2
68 52
61 40
13 31
16 65
33 49
21 47
23 60
67 18
30 24
1 21
52 3
74 21
25 49
65 57
13 54
25 7
59 41
67 37
49 38
24 33
70 11
69 75
22 55
48 24
48 7
70 76
51 53
51 62
72 72
36 44
24 63
59 53
71 12
36 21
71 11
20 41
63 29
10 41
76 22
25 62
1 59
48 36
46 54
66 75
51 68
1 1
34 14
61 72
70 55
56 3
30 8
76 6
8 12
20 27
71 30
2 54
14 34
15 59
11 13
44 54
47 28
48 1
18 45
61 29
18 58
34 37
24 45
37 45
6 30
39 29
76 23
35 6
65 50
27 63
23 47
27 43
57 6
76 7
5 76
15 14
29 20
67 19
41 5
75 39
65 15
25 49
35 44
76 25
47 25
57 65
8 40
39 71
13 45
25 3
75 44
59 69
65 22
45 20
63 59
7 40
47 58
38 10
5 1
56 32
36 64
17 45
74 23
40 44
33 36
59 2
2 43
67 28
4 61
3 11
68 38
51 7
53 29
26 46
49 5
18 9
10 34
30 64
61 49
12 49
51 54
33 11
62 31
9 64
8 22
24 70
15 16
50 8
27 72
14 36
53 68
57 47
30 52
30 63
71 35
57 20
64 60
10 51
67 38
4 4
73 45
70 43
28 75
65 73
61 17
41 55
62 33
74 73
7 54
39 26
42 43
64 2
33 21
19 12
51 2
14 20
44 3
9 5
37 23
74 66
4 64
28 64
71 71
36 10
4 36
27 45
34 71
44 4
40 68
18 36
25 18
45 32
46 47
2 23
28 64
74 63
4 39
49 64
8 17
55 12
50 34
64 74
4 26
60 19
31 45
48 5
74 29
55 14
33 55
83 18
38 5
79 12
58 77
39 48
35 56
33 65
18 41
11 45
51 46
69 7
68 50
11 22
49 73
10 70
9 22
69 62
79 70
53 73
57 859
36 53
35 33
55 32
40 54
9 52
34 31
16 50
46 43
49 16
49 13
39 40
13 44
6 21
35 5
51 31
13 4
9 38
56 42
9 45
34 49
14 15
28 23
35 50
28 17
36 11
3 37
40 57
53 21
57 19
52 8
54 30
36 18
29 22
52 18
53 46
49 41
31 35
44 28
56 1
53 15
32 18
24 48
52 40
47 57
33 50
37 41
4 17
42 30
17 13
49 6
49 39
22 39
43 44
55 3
8 51
6 1
8 10
20 49
38 29
47 39
43 28
29 12
6 47
3 21
33 36
47 6
15 46
17 6
18 39
19 14
9 32
19 41
29 5
8 15
10 24
8 54
7 43
10 49
7 25
14 26
13 43
38 37
48 57
3 57
10 39
12 50
14 43
40 33
20 48
41 1
51 12
10 13
5 38
49 10
24 34
16 27
33 27
2 13
21 42
21 50
29 10
57 37
25 13
45 55
28 12
42 13
47 33
52 20
12 20
2 22
56 47
14 28
49 53
18 50
41 27
53 55
16 29
4 8
35 12
23 41
36 56
48 21
5 27
15 10
13 53
46 44
39 17
32 45
37 7
29 29
12 39
55 48
9 7
6 7
16 28
3 20
45 15
21 19
31 24
4 22
24 43
12 53
50 24
11 35
50 55
55 27
39 28
51 32
45 45
21 55
45 1
8 34
4 47
28 32
35 35
23 41
20 12
3 46
30 53
44 18
29 1
13 36
46 13
21 33
14 27
11 28
45 5
47 30
47 34
37 39
34 20
24 26
28 22
23 30
46 11
41 31
45 18
16 11
3 44
47 48
12 33
37 9
12 4
35 51
40 14
21 35
26 4
18 5
10 53
47 6
29 20
41 54
50 31
3 17
48 40
45 57
52 24
44 18
23 19
50 26
12 50
6 40
43 46
49 7
4 29
55 49
30 50
2 21
2 17
49 7
55 50
21 56
5 55
28 47
22 29
24 1
17 43
51 52
18 51
50 23
38 23
11 21
28 52
34 26
1 16
44 27
39 56
18 20
32 38
20 33
57 52
38 51
24 16
10 49
3 42
48 16
6 44
17 21
55 19
17 19
23 5
31 22
41 35
25 37
24 56
33 49
48 5
16 56
46 26
29 48
48 45
45 36
54 10
43 50
29 43
13 52
50 17
31 56
1 39
4 44
56 33
25 18
3 24
37 26
24 20
20 40
51 19
20 26
30 46
18 10
15 20
55 13
29 19
3 52
24 32
10 43
27 45
1 14
1 46
39 44
3 35
49 21
20 49
15 50
52 45
39 36
26 44
33 13
16 51
5 10
37 38
18 36
47 28
13 46
13 51
20 54
35 38
10 47
18 53
10 36
27 27
40 1
34 2
51 51
11 47
49 37
56 43
49 53
33 40
4 43
6 45
53 19
30 19
36 34
47 23
41 9
47 47
44 55
17 11
50 28
2 22
11 35
33 9
30 49
56 23
9 35
49 22
41 18
32 52
5 24
49 22
56 33
45 7
41 39
40 9
20 28
27 33
37 23
30 1
2 41
20 34
24 56
21 15
52 21
8 33
29 32
54 9
23 19
5 7
52 56
6 40
39 13
35 37
36 34
4 45
7 26
4 28
23 4
55 1
41 15
32 32
28 47
51 32
5 45
38 5
1 49
44 26
36 26
2 43
3 2
6 4
21 57
11 16
39 23
40 9
54 23
14 29
41 30
43 6
44 34
4 12
3 29
42 39
34 23
56 3
52 8
5 3
2 36
9 31
38 16
8 6
35 54
40 49
3 34
49 1
4 6
5 52
11 4
4 39
27 47
13 19
43 4
55 18
17 18
14 2
16 44
30 1
42 34
18 26
11 20
28 36
17 26
5 26
54 10
22 23
16 27
31 31
47 2
49 6
19 56
9 26
57 7
13 16
54 25
3 14
44 57
37 33
32 26
31 21
31 29
25 35
25 8
11 31
51 33
4 22
56 6
55 54
15 6
7 24
17 49
56 27
29 49
40 48
21 10
44 36
44 56
13 31
25 15
6 54
44 51
11 9
8 40
25 14
9 25
11 36
56 49
10 7
49 23
47 44
13 43
18 14
57 34
32 11
44 25
11 9
25 8
48 9
51 13
50 22
9 9
46 51
36 1
34 24
33 45
46 2
43 43
25 3
19 10
52 9
1 52
4 36
52 44
57 36
48 21
9 19
45 39
53 27
3 3
22 18
25 17
44 35
35 37
10 43
21 28
7 14
44 11
47 39
5 46
55 37
3 15
8 30
45 41
43 33
42 50
2 13
4 35
15 35
31 32
23 55
10 22
47 8
27 41
10 5
22 33
25 12
21 27
34 29
22 36
12 40
24 3
1 1
57 24
7 26
27 21
57 34
42 15
2 24
56 52
27 50
41 31
23 13
12 26
57 29
12 53
43 21
49 26
42 23
3 36
24 45
20 47
51 27
37 29
52 9
49 57
13 9
47 8
6 5
27 51
4 27
49 32
40 31
50 33
53 50
39 12
29 22
35 49
50 30
16 22
9 9
37 42
21 35
1 14
7 38
28 32
24 13
35 52
10 1
6 14
13 7
43 18
21 1
26 14
36 55
38 35
32 38
30 19
24 42
41 6
3 40
36 19
31 37
44 9
16 54
14 44
47 8
40 42
6 43
6 11
27 24
28 5
46 19
14 34
26 18
38 17
25 8
8 16
18 55
25 33
31 3
39 34
31 36
1 28
43 39
8 51
3 32
50 12
19 40
11 19
35 5
48 38
27 9
13 32
45 31
26 25
5 41
12 14
40 40
37 43
12 54
48 4
56 39
54 28
33 18
21 22
51 44
10 33
20 37
14 52
1 44
23 23
37 6
52 43
30 21
33 3
57 44
47 23
23 14
52 42
21 29
14 29
30 46
55 37
44 50
48 33
49 28
36 54
40 3
15 31
56 3
38 2
18 7
23 31
22 31
10 50
35 22
40 3
43 19
33 1
1 48
12 6
46 19
12 20
49 25
40 21
57 9
17 7
21 40
38 50
42 20
45 1
27 49
24 41
33 35
46 19
6 19
22 29
40 13
31 18
46 5
32 6
16 23
10 11
22 35
6 9
8 8
43 7
45 27
56 46
42 15
27 53
22 37
31 2
4 4
37 10
39 51
3 2
5 34
3 1
17 37
55 10
23 2
37 49
5 26
45 9
20 4
2 25
31 12
5 11
29 21
53 22
49 11
41 17
39 15
49 26
52 20
27 57
20 36
50 49
37 44
40 49
20 50
21 34
31 15
53 8
13 25
14 10
40 42
37 51
16 39
22 8
39 32
24 51
13 15
6 44
19 46
41 43
50 48
47 39
27 11
26 6
16 53
36 36
26 6
28 41
29 32
10 42
52 17
36 2
45 28
44 9
47 29
44 16
49 28
53 7
31 19
21 22
22 22
18 27
52 33
18 11
52 33
20 19
45 28
53 34
34 39
13 5
22 46
15 55
47 36
4 49
56 43
53 3
37 13
12 42
10 18
54 53
27 17
48 35
41 3
27 34
15 38
45 36
51 30
42 15
50 8
3 18
39 4
26 21
15 34
37 42
18 16
47 49
8 39
30 52
50 48
27 19
20 43
29 6
29 1
11 16
45 22
17 17
17 33
16 51
38 4
15 6
27 14
22 25
22 52
50 12
30 20
15 25
20 8
56 49
18 39
45 57
18 36
18 29
15 37
24 21
9 8
41 42
49 51
10 33
16 55
24 31
11 40
46 34
45 43
18 52
46 57
37 40
54 40
18 16
5 30
6 45
38 52
47 15
13 10
11 2
13 31
28 38
26 27
15 51
11 38
55 15
22 51
53 21
16 10
54 27
39 3
21 14
31 38
11 50
56 32
49 44
52 23
27 12
27 2
