500
97 4
74 5
84 2
14 5
1 7
37 5
84 1
64 2
47 9
22 4
7 9
6 1
83 7
66 6
37 1
91 4
98 2
14 4
13 1
68 2
39 1
14 7
25 1
4 6
1 9
16 6
26 5
21 4
95 4
100 9
42 2
93 2
52 7
75 9
75 3
82 5
11 5
21 4
55 9
99 5
61 1
52 3
51 8
20 7
6 6
52 9
14 4
50 3
11 5
90 9
28 7
56 6
55 1
48 9
36 5
60 6
61 7
33 1
9 9
92 3
52 7
93 4
42 2
81 2
67 6
93 9
43 9
35 4
73 1
13 1
49 2
79 2
46 8
84 5
53 1
68 8
4 5
56 2
2 4
50 7
12 2
11 7
79 9
38 8
6 1
31 3
66 2
60 8
28 3
67 4
20 1
24 2
72 7
100 7
90 2
66 5
77 8
33 1
49 2
98 7
30 9
75 2
39 6
84 8
87 1
33 4
63 9
17 2
34 1
81 1
54 8
16 4
95 4
73 3
21 2
26 4
93 8
16 3
79 9
10 1
43 5
62 5
61 7
46 3
71 6
16 1
29 2
64 1
70 1
13 5
10 5
10 5
10 4
50 3
80 1
10 5
83 8
31 1
41 1
55 7
67 6
15 2
36 1
55 5
42 2
89 3
94 9
18 6
2 9
69 8
56 3
33 4
64 1
43 1
18 7
100 9
46 8
21 5
84 7
75 3
19 5
71 8
27 3
95 3
57 7
30 7
76 4
38 9
82 9
63 5
29 7
82 3
95 8
67 1
66 7
27 6
12 7
53 5
90 7
96 2
35 9
12 6
60 8
97 9
1 3
49 1
62 5
48 1
43 1
15 4
97 7
52 2
75 4
27 6
47 8
25 1
64 4
92 4
83 8
63 9
21 4
59 7
25 5
87 8
54 9
56 6
12 9
40 1
22 7
11 8
50 3
27 4
44 5
76 6
71 1
27 9
77 3
72 5
46 7
1 2
28 1
10 2
30 8
26 1
9 9
51 2
2 2
92 3
42 6
30 4
6 7
97 3
47 1
69 2
72 5
37 2
37 5
90 3
92 7
54 6
62 7
91 7
97 8
23 2
63 1
82 5
53 8
26 1
69 3
21 8
5 3
20 7
85 6
71 4
90 7
49 1
44 6
65 3
9 9
1 1
83 7
86 6
100 3
73 9
60 6
60 6
99 6
52 3
15 9
89 9
72 2
78 2
50 1
71 9
71 4
52 5
46 3
96 1
87 6
14 9
67 3
51 4
27 8
48 4
40 3
45 3
38 2
21 6
81 3
4 1
99 3
11 7
31 3
56 6
37 1
33 6
44 4
49 4
16 9
100 8
44 7
62 1
39 9
3 7
77 3
49 4
96 1
27 3
60 8
4 1
100 2
63 1
45 6
38 6
80 7
81 2
79 9
28 5
48 1
27 5
78 7
89 2
88 6
27 5
83 2
78 6
6 4
11 2
100 7
66 3
53 2
70 9
65 4
27 4
57 4
5 4
59 2
100 7
81 8
47 9
25 1
41 4
8 8
30 9
98 3
6 6
52 2
27 2
29 2
36 3
14 1
98 3
70 8
22 2
8 9
71 7
46 2
50 4
77 7
51 4
42 2
29 7
53 5
60 3
32 4
95 6
15 2
9 7
25 8
88 6
49 7
60 8
41 9
92 7
7 6
50 4
31 5
64 9
12 5
50 5
74 8
66 2
11 8
54 8
77 2
25 4
8 9
53 6
80 5
79 6
8 2
47 1
72 1
37 5
45 4
93 1
87 1
83 5
75 6
58 2
18 4
57 8
40 8
98 6
97 7
23 1
46 7
11 7
71 3
34 9
47 5
27 4
11 5
65 4
100 2
27 7
71 7
69 4
86 7
60 4
97 4
93 4
3 5
17 1
74 6
7 3
39 3
70 8
85 1
32 4
59 5
44 3
2 6
4 1
10 4
78 8
92 2
88 9
51 2
53 7
25 1
26 1
93 6
85 8
55 8
97 6
87 9
34 8
41 1
38 6
60 8
68 4
58 2
1 7
48 6
20 4
78 6
69 5
65 7
77 7
99 6
67 4
35 9
7 2
57 7
40 2
36 2
95 8
78 7
54 2
4 3
29 6
52 7
32 3
35 1
100 1
2 7
43 8
2 6
78 5
22 2
73 4
94 1
66 8
6 4
29 8
85 3
4 5
70 9
41 8
34 1
16 4
51 5
23 8
49 9
75 7
44 8
93 7
73 4
65 4
