100
5
1 3
2 5
4 5
5 3
2 1
4 2
5
1 3
2 5
4 5
5 3
2 1
3 3
6
4 1
7 1
7 3
4 11
1 7
1 4
2 3
6
4 1
7 1
7 3
4 11
1 7
1 4
2 9
6
4 1
7 1
7 3
4 11
1 7
1 4
6 7
6
4 1
7 1
7 3
4 11
1 7
1 4
0 0
6
4 1
7 1
7 3
4 11
1 7
1 4
4 9
6
4 1
7 1
7 3
4 11
1 7
1 4
3 5
6
4 1
7 1
7 3
4 11
1 7
1 4
4 2
6
4 1
7 1
7 3
4 11
1 7
1 4
6 2
14
73 3
85 3
97 11
100 22
100 89
99 94
88 98
66 100
27 97
0 94
2 31
6 24
20 4
73 3
33 2
13
14 5
54 1
89 16
91 18
99 41
99 71
96 79
82 89
64 99
1 100
0 87
2 14
14 5
5 84
14
7 10
20 0
52 3
82 12
87 21
91 30
99 86
57 97
33 100
15 96
6 93
1 83
2 26
7 10
55 60
13
9 2
22 0
87 2
96 10
99 60
94 95
58 96
6 93
2 90
0 79
1 53
8 4
9 2
58 4
11
5 5
43 1
77 3
98 42
98 49
84 95
38 97
28 91
13 80
1 33
5 5
91 28
13
0 43
13 1
51 2
79 9
90 13
94 26
100 47
98 59
92 89
55 97
4 99
2 83
0 43
9 59
10
0 100
2 3
79 5
97 24
95 48
84 92
79 93
39 99
5 100
0 100
99 47
10
47 0
86 0
99 23
99 46
93 98
63 99
1 89
0 58
0 7
47 0
5 60
12
14 3
43 2
84 12
93 15
99 72
92 85
88 91
69 99
6 95
1 64
2 15
14 3
14 0
5
30 89
38 13
82 19
99 42
30 89
69 29
14
26 1
98 0
100 1
100 42
99 65
98 86
96 99
45 100
21 97
2 83
0 41
0 25
20 3
26 1
95 0
13
7 1
49 1
80 6
98 13
100 36
99 67
95 77
87 96
83 100
7 100
0 54
0 20
7 1
33 42
13
2 6
69 1
97 17
99 48
100 71
95 96
45 97
31 96
14 86
9 78
4 69
1 7
2 6
89 84
11
5 2
90 0
98 19
99 64
99 85
93 91
72 99
8 95
0 57
1 5
5 2
59 58
14
19 6
39 0
74 12
82 15
96 69
94 87
68 97
50 99
17 93
12 82
5 44
5 35
7 16
19 6
21 15
16
15 8
40 0
50 1
92 8
98 37
100 91
87 96
49 100
33 100
9 99
3 95
0 85
0 75
1 25
5 13
15 8
8 43
6
5 79
7 10
82 20
81 77
59 78
5 79
54 1
13
27 2
35 1
84 5
91 19
93 24
98 49
97 64
92 83
78 97
5 96
6 29
10 5
27 2
27 96
8
12 58
12 9
90 12
92 29
93 44
81 58
55 72
12 58
89 87
14
49 1
72 1
90 3
96 5
100 41
100 44
98 89
86 98
43 99
15 98
7 97
3 85
14 9
49 1
87 28
7
34 6
85 4
97 98
15 100
2 74
11 8
34 6
39 33
11
16 2
90 0
96 1
98 19
99 46
94 90
57 100
4 91
0 89
1 11
16 2
39 44
15
34 0
82 0
98 4
99 60
99 76
96 89
88 95
58 98
47 99
8 94
3 79
4 51
6 37
12 22
34 0
94 26
10
0 12
4 2
68 4
86 6
100 65
87 85
64 96
13 90
3 58
0 12
34 84
11
31 3
54 1
93 9
97 13
100 17
97 96
52 100
16 99
0 17
18 6
31 3
60 23
11
42 1
89 1
96 2
98 62
96 92
7 87
0 57
5 29
14 12
18 5
42 1
27 8
8
10 4
56 2
92 6
94 19
98 88
92 99
2 96
10 4
64 40
14
16 1
97 1
98 13
99 50
99 96
97 99
92 100
80 100
18 97
2 90
1 66
7 12
9 5
16 1
42 0
11
6 5
37 0
98 2
99 39
97 76
94 91
21 99
12 99
1 98
1 18
6 5
11 32
8
8 12
18 3
100 4
93 78
69 96
6 88
1 58
8 12
41 72
13
9 1
17 0
77 1
88 12
94 33
99 63
94 92
68 97
48 98
12 98
0 97
0 79
9 1
77 57
12
44 1
56 1
79 10
85 13
92 37
99 74
89 100
33 95
8 81
0 75
0 20
44 1
41 87
6
20 57
33 7
99 19
75 86
40 91
20 57
83 36
14
23 2
51 0
97 10
100 29
95 78
90 84
77 95
46 100
2 97
0 93
1 28
4 15
8 12
23 2
33 79
6
6 45
41 8
67 16
55 77
30 78
6 45
93 62
14
16 5
88 0
98 11
100 18
100 19
96 62
93 90
86 96
72 99
49 100
3 97
1 40
2 12
16 5
31 13
12
6 12
58 0
79 5
100 14
100 39
98 69
91 85
74 97
21 100
9 91
2 72
6 12
76 88
9
0 23
23 2
84 6
94 46
100 95
70 95
46 88
0 63
0 23
18 41
9
15 5
83 2
96 36
97 47
65 98
7 48
3 33
5 25
15 5
97 65
12
10 10
58 4
82 6
93 9
99 85
89 91
76 98
31 96
17 94
8 83
0 17
10 10
45 9
9
0 48
14 9
74 14
78 17
99 61
100 90
34 83
20 74
0 48
90 2
13
59 1
71 1
87 23
94 34
96 78
79 91
74 93
56 96
21 92
13 80
6 49
0 12
59 1
73 10
9
17 14
36 5
85 13
100 71
99 79
97 84
7 99
9 71
17 14
36 24
8
9 15
27 8
93 66
94 83
51 93
14 91
0 51
9 15
27 37
10
1 11
49 8
75 15
86 30
96 69
90 79
59 100
27 100
9 83
1 11
60 26
13
12 5
49 1
71 4
87 15
93 22
100 97
66 100
25 99
11 97
1 76
0 73
0 19
12 5
40 69
11
28 4
62 1
94 19
99 50
83 89
68 92
13 100
4 84
0 44
20 11
28 4
32 80
12
1 58
0 2
87 4
98 16
100 86
100 94
89 100
82 100
29 96
12 94
7 86
1 58
53 48
11
6 3
88 0
99 17
99 56
97 92
79 99
14 99
7 69
1 19
2 8
6 3
8 42
10
2 10
3 0
44 1
92 17
96 93
91 95
22 97
3 97
1 85
2 10
34 87
9
8 8
61 5
87 19
96 38
90 83
87 89
8 94
0 67
8 8
70 87
9
6 10
75 4
98 19
92 78
63 98
19 78
10 72
0 36
6 10
24 15
14
19 0
80 0
89 2
94 7
97 13
95 85
92 89
77 99
11 99
7 89
1 67
0 45
9 11
19 0
85 33
9
42 16
56 3
93 11
94 12
99 20
74 85
24 97
4 99
42 16
70 95
14
3 0
25 0
89 4
97 18
98 37
98 72
96 93
81 99
76 100
38 99
7 85
1 63
0 19
3 0
89 17
12
17 2
35 0
61 6
74 10
96 73
89 85
46 97
20 100
11 89
0 72
6 44
17 2
9 90
12
56 8
67 6
88 7
100 27
100 94
91 99
30 100
10 94
3 87
3 23
9 21
56 8
42 6
12
11 2
35 1
65 2
85 14
98 54
99 100
64 98
12 95
4 58
1 40
6 14
11 2
91 28
10
28 2
98 2
100 87
98 97
28 98
12 92
2 47
9 16
12 10
28 2
33 25
10
94 1
95 1
95 75
88 93
70 100
5 96
2 87
1 11
3 4
94 1
9 58
12
39 0
52 0
94 4
100 14
95 85
77 94
52 100
2 96
0 85
0 10
12 3
39 0
25 33
13
2 16
8 0
77 10
100 25
100 26
99 57
97 97
86 99
41 99
17 94
1 78
0 41
2 16
16 92
7
16 27
90 19
96 83
85 94
63 99
19 100
16 27
49 95
10
8 4
61 0
63 2
93 43
93 77
79 100
10 96
0 67
2 20
8 4
14 70
4
83 35
43 100
31 36
83 35
46 64
9
29 4
39 4
62 10
87 19
96 46
70 92
46 84
0 47
29 4
85 86
11
34 5
59 0
98 8
100 47
98 97
77 100
2 100
1 89
6 20
19 9
34 5
27 2
4
75 7
13 69
88 50
75 7
86 47
12
2 2
65 0
77 2
95 7
100 61
98 76
91 96
46 97
23 95
3 89
0 6
2 2
65 35
13
11 0
15 0
78 2
82 3
95 53
87 76
73 94
72 95
43 98
10 88
2 77
2 12
11 0
39 41
11
5 0
64 0
98 10
98 86
42 93
28 91
27 90
11 59
1 29
3 2
5 0
33 80
13
63 1
89 0
99 11
100 43
100 53
96 82
92 95
78 100
7 95
3 32
2 11
37 3
63 1
94 72
11
20 2
80 0
96 14
99 45
99 92
91 97
40 95
30 92
0 38
0 6
20 2
4 4
14
8 3
81 0
84 4
100 28
100 49
98 60
89 91
74 92
44 93
28 89
0 77
0 55
2 25
8 3
43 82
9
21 7
50 5
76 39
99 82
49 93
14 86
3 70
2 52
21 7
66 11
10
3 54
34 1
83 2
94 22
100 97
79 99
65 98
18 93
3 61
3 54
20 58
15
77 1
94 1
96 5
98 25
98 57
97 73
88 92
82 100
52 100
19 79
2 50
1 28
3 5
38 3
77 1
76 15
10
4 21
27 2
88 10
99 33
99 74
95 90
33 97
1 91
1 78
4 21
90 13
9
17 54
10 4
39 6
63 18
88 69
47 93
35 98
23 95
17 54
33 61
10
40 9
92 9
97 18
91 94
90 97
81 100
0 89
3 70
18 17
40 9
1 27
11
48 3
85 2
92 29
97 83
90 95
81 98
13 99
6 89
1 74
8 18
48 3
20 10
15
3 1
4 0
64 9
73 14
81 23
98 75
100 99
85 100
73 97
62 94
36 85
12 74
6 63
0 25
3 1
0 10
12
25 0
89 0
99 49
100 55
100 88
75 93
19 98
2 90
0 37
4 24
14 8
25 0
91 88
11
32 8
62 1
85 2
99 29
100 56
84 100
26 99
0 89
2 55
3 42
32 8
91 82
10
0 46
16 1
75 4
94 28
97 57
99 82
63 100
5 99
4 94
0 46
13 23
13
14 3
25 3
93 5
99 49
98 55
90 94
78 100
43 100
26 91
2 77
1 63
4 27
14 3
29 48
10
4 8
56 6
89 20
93 50
93 98
16 99
0 74
0 73
1 20
4 8
66 81
8
29 6
70 6
78 42
87 96
77 100
21 93
3 22
29 6
5 18
10
0 37
15 0
67 11
94 53
90 66
81 84
61 100
15 94
1 59
0 37
23 31
8
10 5
68 2
100 3
98 44
95 94
9 98
2 58
10 5
10 83
