7808 8467
10382 4439
13003 3734
8182 11758
3255 2398
3866 5804
12833 13276
4755 2574
2740 3475
10300 14665
8830 13157
5720 6880
6685 5884
11599 11614
1686 10070
13845 13363
8899 1131
16168 6315
5223 14328
6708 14602
9952 3437
15445 4036
15736 755
4857 15577
8024 11670
16225 6989
7963 2706
2755 11461
16379 6074
1293 1341
6827 11523
8265 229
9153 12591
15000 11804
5582 9110
10461 13701
8461 5390
13304 10822
8884 2555
6828 3167
1514 8049
2590 10023
4182 11654
7931 5602
15440 180
8502 6270
8887 9324
3179 621
5727 6326
5859 11677
32767 32767
0 0