100
5 3
1 0 1
1 1 1
0 19 2
11 0 2
3 0 7
4 7
1 1 1 1 1 1 1
1 1 1 1 1 1 1
1 1 1 1 1 1 1
1 1 1 1 1 1 1
22 2
77 0
1 2
0 36
72 1
0 0
0 0
0 1
18 0
47 12
0 0
1 0
0 56
0 0
0 67
39 25
6 0
47 92
32 1
93 0
19 0
67 31
0 0
51 7
30 97 68 15 0 0 0
0 0 1 0 0 10 74
7 0 67 1 82 0 0
61 56 51 55 0 0 0
0 21 85 40 92 71 1
12 17 59 3 1 1 0
0 49 0 1 20 69 72
0 0 0 0 0 99 0
67 36 0 0 0 0 19
0 0 6 39 2 0 0
0 0 1 1 0 1 0
0 0 45 1 0 12 2
0 15 0 31 0 2 0
0 1 52 67 0 1 0
0 0 8 80 1 29 0
23 0 1 0 0 0 0
0 0 0 35 0 0 96
0 0 0 51 1 0 68
0 0 68 61 90 0 2
50 0 2 1 86 37 85
0 32 94 0 0 0 1
60 0 0 93 22 71 67
0 0 44 2 71 0 1
0 99 1 40 0 88 0
0 53 16 1 77 0 36
0 67 0 13 67 0 13
75 0 75 47 0 81 66
0 0 0 75 0 82 66
0 0 16 0 0 0 0
4 2 0 52 4 3 97
0 1 50 12 0 0 0
70 0 0 1 0 0 1
38 0 0 0 18 0 36
0 0 47 60 95 0 0
0 21 46 53 20 0 96
44 0 44 0 1 0 0
2 14 73 0 86 0 58
10 0 80 0 0 0 0
0 96 0 59 51 58 0
50 7 13 0 0 0 0
84 0 46 0 28 0 0
21 8 0 8 0 0 79
37 85 0 1 0 39 0
0 1 0 47 40 19 0
74 97 0 0 28 0 0
92 97 1 0 71 0 0
0 0 0 86 75 22 0
0 12 1 39 31 95 0
1 0 39 7 0 94 0
23 1 0 1 63 55 22
0 77 1 19 1 1 2
76 11
45 1 0 0 27 1 0 0 92 0 0
39 57 0 3 1 0 0 39 27 1 63
1 0 0 0 37 85 79 0 1 1 17
49 98 21 0 1 0 8 0 94 2 9
0 0 60 54 30 38 99 85 68 0 0
1 0 0 1 0 0 0 0 93 1 78
57 0 0 0 1 59 64 18 2 1 73
18 1 1 66 85 69 93 0 0 1 20
88 86 1 38 0 0 0 0 0 67 0
26 1 0 0 0 17 67 1 0 31 0
23 1 0 2 51 46 0 2 0 99 59
29 72 0 0 29 40 84 0 1 1 42
0 0 0 0 57 61 16 1 41 0 84
18 9 0 86 0 0 0 14 0 43 56
0 94 0 14 0 0 26 28 68 1 0
0 45 32 1 92 38 0 0 1 24 84
67 25 0 0 2 63 92 1 0 3 34
0 0 1 0 0 90 0 1 58 50 0
0 90 0 7 10 0 53 0 1 0 0
0 45 0 0 0 0 19 58 2 66 0
0 0 6 0 1 0 0 25 0 30 93
59 22 39 18 93 0 0 1 0 93 13
0 70 1 59 0 20 17 0 30 0 0
0 74 54 1 0 77 1 71 98 0 0
66 0 0 46 0 1 79 0 1 48 0
81 0 0 33 80 0 0 61 0 0 0
0 3 71 1 1 0 0 61 0 0 94
44 0 1 0 1 86 75 17 85 28 0
32 0 0 0 0 0 41 0 84 0 67
0 1 22 0 0 1 0 64 1 0 0
15 78 68 29 0 26 54 0 11 38 0
0 0 53 0 83 0 0 0 2 0 45
1 2 99 0 22 74 0 96 0 0 6
24 86 33 64 0 0 7 1 31 5 18
89 0 0 51 0 55 0 61 52 0 0
0 18 1 0 27 0 48 93 8 43 0
88 9 64 0 0 68 1 0 1 20 0
80 0 0 0 16 24 39 0 0 0 77
18 31 33 0 0 0 2 18 90 97 0
61 0 0 83 0 85 83 83 20 2 0
22 54 23 38 24 0 0 0 0 76 36
38 34 0 77 7 6 19 0 0 23 0
10 0 86 0 0 0 24 1 0 3 1
95 0 0 1 0 0 27 1 77 0 0
0 0 42 0 0 75 1 11 0 19 0
41 0 77 0 56 0 90 0 26 0 45
0 94 0 62 1 66 0 33 0 75 19
98 0 0 2 1 65 0 0 11 39 0
1 1 0 0 69 65 0 0 55 62 0
20 1 19 0 0 7 0 0 0 35 1
84 0 33 70 0 44 0 0 19 0 0
1 94 21 0 96 0 79 2 0 39 72
0 0 13 71 84 0 0 1 92 90 22
0 34 0 3 49 42 0 84 0 0 5
58 76 89 0 49 0 0 0 0 0 51
37 76 0 0 0 1 81 0 12 0 55
63 2 0 65 84 48 31 69 93 48 66
0 0 1 0 0 45 7 1 0 1 44
57 1 45 0 41 65 0 52 0 17 0
84 36 65 97 34 95 1 0 0 0 84
1 0 64 1 96 1 0 1 0 1 90
0 46 1 17 0 99 2 0 80 32 0
9 61 94 90 0 1 0 12 20 0 0
70 2 59 38 4 1 87 1 72 0 19
0 0 0 0 0 3 0 88 0 0 0
0 84 1 90 38 61 39 1 84 99 1
69 5 1 0 0 0 0 60 0 0 0
0 0 0 0 13 1 1 0 58 0 68
0 98 0 0 0 0 12 0 0 0 18
16 0 1 0 27 0 0 84 86 0 0
22 0 0 71 0 93 0 0 2 57 28
0 95 0 45 94 1 1 1 47 98 0
28 9 35 0 0 89 87 0 9 73 37
26 1 77 18 62 1 66 0 61 0 1
44 1 69 61 16 0 77 0 70 12 0
0 96 1 0 18 37 64 88 1 0 0
79 10
94 1 0 13 0 0 11 0 0 0
0 77 0 2 0 0 0 0 0 0
10 95 1 40 73 23 94 0 48 1
11 21 0 7 1 0 7 0 0 1
14 0 77 0 0 99 64 36 60 0
47 2 44 0 1 0 0 31 47 72
0 0 0 0 56 89 0 2 0 0
0 0 0 0 42 21 0 0 0 0
1 22 1 67 39 2 0 1 0 1
28 0 5 0 76 2 56 68 0 0
0 68 83 89 0 0 38 0 81 87
2 94 2 0 0 20 0 1 23 57
0 60 20 1 0 0 0 30 1 0
0 1 27 0 0 5 0 0 3 77
2 0 39 55 75 32 29 0 9 2
5 84 0 0 8 80 28 0 84 0
1 0 0 0 24 1 79 1 0 57
0 14 79 0 49 0 37 58 40 46
0 0 0 80 1 0 98 1 68 76
1 0 1 63 0 0 0 0 53 24
0 70 0 92 1 1 27 1 0 0
99 79 18 1 95 92 18 0 61 0
60 0 74 82 0 0 48 83 1 0
0 2 60 31 0 0 1 1 0 31
74 92 0 0 0 0 0 21 75 1
1 16 30 1 39 1 0 19 1 95
92 0 79 62 0 0 56 0 0 0
1 0 64 0 99 80 0 0 24 80
77 0 0 95 0 4 1 5 41 83
1 0 70 0 0 0 1 1 0 44
47 11 39 81 55 0 0 0 88 24
0 1 0 0 1 2 0 0 0 32
1 1 0 0 83 86 0 48 97 0
0 34 0 0 50 42 0 12 0 34
1 0 87 33 3 7 86 42 58 49
0 0 79 69 96 0 97 0 1 0
0 1 79 0 2 0 0 0 0 65
2 48 1 72 1 0 2 0 0 2
0 0 0 0 52 49 89 27 0 0
63 51 0 0 51 0 96 7 48 1
91 57 28 22 1 0 0 51 0 84
87 0 7 13 0 0 0 0 0 22
53 42 41 62 3 11 0 36 0 13
2 1 10 0 0 85 0 0 0 0
2 30 0 2 0 0 0 0 80 26
0 22 1 29 0 15 54 64 0 0
0 0 9 0 72 0 56 93 0 56
4 0 0 3 33 86 0 35 85 1
93 0 46 25 44 1 0 72 58 0
70 75 83 89 0 2 0 17 0 55
75 30 0 0 4 31 9 66 72 0
43 0 0 1 0 43 1 0 95 4
20 0 0 2 0 50 0 22 0 1
0 72 0 3 50 0 0 4 0 93
0 0 2 34 0 0 1 2 54 0
2 0 85 1 0 27 78 0 71 1
0 0 45 0 0 0 1 0 80 71
80 0 47 65 0 0 82 91 1 0
1 0 47 82 1 1 51 0 81 51
0 0 2 0 0 0 0 51 0 1
45 49 40 1 0 0 96 58 8 2
59 13 38 0 81 1 0 40 0 78
88 1 55 0 44 22 34 36 3 1
0 1 30 0 0 90 1 54 0 24
0 0 0 0 87 68 0 1 76 69
1 1 1 47 0 0 19 0 1 0
41 93 1 0 80 0 1 26 0 0
0 0 0 57 0 0 86 92 75 1
0 61 0 0 0 2 89 31 0 1
0 0 92 0 49 67 87 1 0 1
0 23 0 0 15 75 0 0 52 0
0 79 2 0 1 41 0 1 88 0
6 0 0 97 22 0 76 45 90 83
57 0 76 0 0 9 21 0 50 0
1 11 62 0 0 0 0 0 61 63
74 1 0 70 32 1 99 60 0 4
0 75 0 70 64 60 0 0 81 1
0 67 1 0 69 0 0 1 4 81
3 0 1 0 0 0 4 0 0 1
86 6
22 50 0 0 0 0
0 96 1 0 41 34
0 71 0 0 1 11
0 0 0 0 0 65
0 0 73 0 94 66
0 10 62 99 0 1
12 0 28 0 1 67
0 0 99 0 65 59
24 0 13 0 0 14
1 67 70 17 0 0
0 0 0 0 35 0
0 13 0 0 0 1
56 0 0 84 0 68
1 0 0 0 1 70
0 4 0 1 0 0
97 22 0 0 20 0
0 55 0 58 0 50
31 0 0 0 15 1
92 2 85 1 0 0
1 0 93 0 15 99
0 0 2 16 49 0
1 0 0 74 99 1
12 0 0 0 1 99
0 0 0 9 95 0
20 0 55 86 69 97
0 1 90 58 27 1
50 0 0 28 0 0
2 66 0 0 99 69
11 3 0 4 26 54
0 76 45 75 54 48
0 46 95 1 93 0
31 0 19 27 0 0
0 0 12 1 1 1
61 0 0 1 0 13
0 46 1 36 0 0
0 0 1 0 17 0
0 63 67 0 1 22
15 0 0 0 0 0
1 1 0 0 51 0
68 1 1 0 0 0
0 1 1 66 0 0
0 0 76 39 69 3
54 1 9 0 75 1
0 81 29 63 0 0
52 0 2 2 0 1
63 0 0 23 54 41
2 1 1 47 31 65
0 0 0 0 86 26
80 18 36 0 0 0
0 0 37 14 0 21
0 0 0 0 0 47
94 0 0 96 4 72
0 5 0 0 87 0
49 41 0 50 85 6
12 0 0 50 0 0
1 0 1 18 1 65
0 62 1 82 0 0
0 56 38 71 0 53
18 0 5 94 22 0
0 52 0 17 0 2
56 54 0 31 0 0
0 0 2 2 0 0
44 29 0 3 0 0
76 3 0 1 0 0
0 0 0 0 94 0
98 2 26 0 0 66
39 0 19 0 0 0
0 0 0 0 0 9
88 39 92 12 0 0
65 0 11 0 99 0
1 27 74 64 61 0
52 79 0 0 0 16
49 53 0 0 0 0
79 39 0 0 81 1
0 85 0 0 0 10
0 0 0 0 0 0
6 0 10 0 48 0
81 82 97 42 20 12
0 0 79 0 2 0
38 67 0 85 0 0
0 0 0 1 1 4
0 30 35 0 16 28
68 0 1 0 0 0
84 0 1 1 0 11
0 1 0 0 0 84
17 12 0 91 0 0
85 5
2 67 0 73 2
0 41 0 39 0
0 21 25 1 18
0 0 0 1 0
2 92 21 68 0
0 61 64 90 4
0 0 0 39 42
78 98 13 1 0
93 66 0 1 0
99 1 2 0 1
1 0 0 20 78
0 86 0 17 0
22 0 56 0 30
0 51 0 14 0
0 98 0 91 54
0 3 0 0 3
1 28 0 0 58
23 51 1 60 79
0 0 1 0 9
45 0 63 92 0
93 0 0 0 1
0 0 73 0 0
2 64 0 0 17
0 28 68 0 1
0 0 0 49 0
0 0 0 0 1
0 85 28 50 0
92 82 90 0 1
65 0 0 17 0
24 39 33 0 1
0 0 14 90 8
32 0 80 91 3
95 0 84 0 0
0 63 1 7 6
0 0 1 1 33
64 0 0 6 0
0 56 0 0 1
41 19 45 0 94
0 0 78 87 53
65 96 49 41 46
0 2 0 1 73
0 0 0 0 68
0 92 92 0 0
0 0 13 1 0
1 89 39 1 0
73 0 1 40 0
81 75 21 0 0
5 57 0 0 0
1 0 0 57 0
0 83 1 0 0
40 59 0 26 1
0 7 0 74 10
0 0 0 0 1
0 62 29 65 0
0 70 0 0 2
0 88 0 27 47
0 0 0 0 1
0 60 10 73 0
10 0 0 0 0
0 92 74 78 1
0 0 0 0 39
0 10 0 0 0
23 0 72 9 85
84 1 88 89 1
51 0 2 1 38
66 0 7 0 1
9 0 79 0 19
98 1 90 0 0
0 23 0 60 0
0 0 0 31 61
65 0 0 0 41
59 0 0 0 0
0 0 0 0 0
0 0 0 0 87
71 0 0 0 1
0 38 1 64 95
1 17 0 44 0
87 72 0 52 1
48 0 1 42 48
0 0 0 0 2
1 66 0 1 44
0 55 0 95 0
0 0 36 0 0
1 17 30 1 54
9 83 94 0 0
5 3
8 22 79
30 1 43
8 49 35
73 0 0
2 23 80
1 10
0 0 0 76 0 31 8 70 5 0
81 7
3 40 0 0 0 0 0
0 82 6 0 87 0 98
33 46 0 55 0 0 0
76 23 92 0 27 83 61
0 0 0 0 0 0 0
21 0 0 43 0 0 0
0 0 0 30 49 0 20
0 0 17 54 0 0 27
0 2 6 0 0 0 0
0 2 0 0 69 0 24
6 83 28 0 94 0 0
0 0 20 0 8 1 0
41 0 0 0 2 0 55
0 0 0 0 0 0 0
80 0 46 0 0 1 3
0 58 54 0 0 90 0
0 56 0 0 1 0 0
0 10 0 0 43 1 62
0 0 0 0 11 20 0
0 0 80 1 63 0 0
60 0 67 1 0 11 32
0 0 0 1 0 70 17
1 0 70 0 76 0 88
2 0 82 90 0 0 29
86 72 0 0 0 0 15
9 78 52 43 2 41 94
0 80 0 47 2 45 0
0 1 0 72 0 16 0
2 1 33 3 66 63 2
1 0 0 37 1 0 1
81 22 68 1 0 20 70
0 0 0 78 31 0 0
97 0 40 0 0 0 0
91 0 0 46 0 0 99
0 13 81 0 26 0 0
0 93 0 74 16 1 3
1 0 14 92 14 0 0
27 79 26 0 0 2 0
24 21 80 0 62 0 0
0 75 87 21 0 2 5
97 0 0 19 0 0 44
57 0 0 12 0 0 59
1 48 32 0 1 77 1
44 29 29 0 1 1 24
6 1 97 92 93 0 44
98 14 65 0 0 0 0
63 0 82 1 2 0 45
0 0 56 84 0 0 0
0 29 16 0 67 0 95
4 22 54 0 1 17 0
0 76 0 38 0 0 83
1 0 79 0 0 0 85
0 66 0 47 26 1 0
1 42 64 98 0 0 1
0 76 0 13 62 73 2
1 1 1 0 1 56 0
0 94 1 75 0 0 0
1 4 0 0 4 0 0
76 86 90 0 0 35 92
0 0 0 58 0 46 0
8 0 15 56 0 0 90
56 80 79 0 0 0 73
0 1 0 1 1 31 0
84 0 36 16 0 24 75
0 1 45 0 0 0 11
0 92 0 4 0 1 0
0 0 0 0 98 0 73
88 80 0 1 88 0 32
37 99 0 63 8 0 0
1 1 0 0 81 0 43
0 0 0 0 0 0 50
52 0 0 0 0 21 81
1 63 0 0 0 49 6
0 0 0 8 0 0 0
0 0 9 0 31 0 92
0 27 39 26 61 1 0
28 26 1 0 0 41 0
0 44 0 0 0 22 0
0 0 0 0 0 0 47
1 0 0 11 0 0 76
68 45 20 0 71 41 1
65 2
0 0
0 72
23 39
0 0
0 92
83 2
0 0
85 0
38 1
0 0
0 79
0 46
99 47
1 0
66 0
75 0
0 0
68 1
0 0
47 0
0 25
0 54
84 17
0 88
0 1
0 17
0 0
1 66
17 0
84 86
85 0
40 0
1 0
14 26
1 4
0 0
0 0
4 1
0 5
72 0
69 90
0 75
36 0
98 0
15 0
12 86
53 1
0 76
0 0
94 98
30 41
0 1
1 53
1 0
2 0
0 0
1 55
0 0
7 0
61 81
15 67
0 50
0 0
0 0
2 0
100 4
0 31 0 1
93 0 31 45
1 0 1 0
0 1 56 1
2 2 0 0
0 79 79 2
0 91 5 0
0 87 0 69
0 8 0 0
0 1 79 0
0 27 1 67
0 1 58 32
1 0 0 0
65 0 78 28
66 19 0 20
70 0 0 86
25 84 8 0
63 37 0 0
1 0 1 1
0 0 79 1
78 0 0 0
1 2 22 0
1 13 84 0
1 25 0 0
26 1 42 1
0 10 0 85
19 0 0 54
78 99 0 67
47 1 47 36
0 0 88 92
13 1 0 0
0 45 1 77
16 17 0 0
1 96 0 0
96 91 0 0
0 0 52 0
1 19 72 0
0 0 11 0
0 45 0 1
97 39 77 0
78 0 76 46
26 0 0 0
1 1 46 1
1 55 0 0
0 3 0 0
0 40 0 0
0 0 1 64
0 14 0 0
0 0 0 1
0 64 73 0
0 98 82 0
1 98 28 22
30 0 0 0
0 0 0 36
0 1 0 0
0 23 71 8
5 0 0 26
0 0 60 0
73 0 2 0
81 20 50 34
0 1 38 56
1 1 0 60
0 65 58 67
21 1 0 0
35 1 0 0
0 0 26 16
0 0 0 29
0 0 0 0
1 89 98 0
0 0 0 0
65 0 48 0
0 0 1 0
0 0 0 51
96 1 0 42
0 2 0 39
0 0 0 74
54 0 2 97
0 0 0 0
76 0 1 0
0 43 52 0
1 0 0 30
25 0 1 1
0 99 43 29
42 73 0 0
30 89 36 7
0 2 0 6
0 0 30 0
93 50 0 88
0 0 79 41
0 0 84 0
0 0 0 0
1 1 30 0
1 97 4 47
12 1 7 15
0 20 0 64
0 93 0 18
0 85 0 39
0 43 2 4
0 0 86 1
28 1 35 45
81 10
20 1 14 0 65 24 0 11 0 0
0 91 77 0 48 15 0 0 0 58
0 67 0 0 0 0 0 0 20 0
99 7 35 0 0 0 0 10 0 23
97 0 42 0 93 0 56 2 1 0
0 0 56 44 0 61 1 0 0 0
0 74 0 1 55 0 94 73 0 55
96 0 0 0 73 0 65 0 0 0
85 0 0 29 0 0 0 0 0 0
46 0 0 0 0 16 0 46 0 1
65 76 1 0 0 0 42 1 0 56
0 33 0 68 99 1 68 19 0 34
51 89 95 85 77 2 0 0 53 0
0 2 48 30 0 17 98 0 1 41
0 99 18 0 0 1 0 64 3 80
66 3 2 54 92 0 1 92 94 10
0 6 33 67 0 0 0 0 0 0
0 1 90 7 0 68 0 65 70 0
2 29 84 0 0 0 54 22 41 86
3 0 1 0 2 61 0 65 0 0
53 79 71 48 1 37 0 95 0 32
0 5 83 1 0 27 0 22 22 34
0 18 0 50 89 2 50 87 40 1
0 0 0 70 0 1 67 62 1 0
83 0 70 69 73 0 33 0 0 48
0 0 0 8 50 68 0 61 76 61
0 0 0 1 16 0 0 37 89 54
1 98 48 0 59 22 0 37 81 93
1 33 0 0 34 0 0 36 2 0
0 7 0 0 0 1 1 1 0 0
0 0 91 0 0 96 1 1 1 0
89 58 0 19 0 0 0 0 0 1
0 31 0 99 0 36 31 0 67 50
0 0 0 0 21 1 0 33 1 94
18 0 0 42 8 0 16 15 0 0
75 51 17 1 0 0 0 1 0 0
0 1 96 0 48 0 1 0 11 0
66 0 0 0 93 0 0 83 1 38
1 0 0 69 0 23 0 33 0 1
0 60 0 18 0 1 0 0 0 2
0 27 48 0 85 79 0 52 83 87
0 0 97 65 0 0 42 50 0 2
71 1 69 0 1 0 90 0 0 48
4 90 0 40 14 74 1 0 0 0
59 70 0 0 0 0 0 0 0 0
77 10 86 0 0 0 0 0 0 71
0 0 88 52 18 17 0 43 93 0
94 0 0 0 95 0 12 0 0 0
24 12 1 25 0 0 0 0 86 90
0 23 0 18 0 29 12 2 0 0
1 0 9 28 93 1 88 0 41 0
6 0 47 0 0 1 0 0 26 0
0 1 0 1 0 1 0 0 73 3
62 0 35 0 0 82 0 2 34 0
49 80 0 0 72 0 0 0 0 55
95 16 1 91 0 25 0 0 63 22
0 1 0 74 52 0 0 1 55 0
88 46 0 62 73 0 1 53 0 60
0 54 0 63 66 14 0 7 56 0
1 0 67 0 0 17 19 0 0 0
85 5 0 7 0 0 1 0 1 0
52 54 1 7 28 1 0 0 0 19
95 12 0 12 0 2 0 0 0 40
0 0 0 32 51 1 2 0 0 78
51 0 0 40 45 0 19 22 0 0
30 0 0 0 31 34 0 0 91 1
1 0 63 12 1 1 5 0 2 84
1 0 90 1 0 42 1 1 1 0
1 41 0 0 16 1 91 26 0 97
0 33 0 10 73 0 96 73 0 22
46 12 0 0 98 1 0 0 0 79
16 0 96 23 89 17 0 1 0 10
1 0 0 0 0 0 34 0 0 49
1 37 1 1 0 0 91 82 0 0
0 36 0 19 78 94 32 1 17 86
0 79 0 31 74 1 0 88 61 77
1 80 16 90 39 0 10 0 2 0
2 0 0 0 12 33 83 84 46 0
2 0 8 0 0 53 56 19 2 95
0 0 43 0 29 55 0 1 0 71
1 1 0 0 20 27 0 99 39 1
62 6
0 37 35 99 51 0
0 2 0 1 95 0
2 0 0 0 0 60
22 1 0 0 0 31
0 36 0 72 1 86
0 0 91 96 96 0
13 15 24 19 0 1
0 53 85 0 1 14
78 0 4 1 0 57
0 0 0 81 67 0
36 0 45 0 0 1
4 0 11 65 76 0
63 0 62 3 38 82
1 0 1 0 0 23
3 20 0 0 0 0
0 30 56 0 0 0
0 0 1 1 43 0
35 0 56 78 0 53
3 38 65 44 11 70
0 0 1 1 0 20
78 48 62 0 0 95
22 0 0 57 36 78
0 65 0 34 0 0
93 0 83 61 0 0
0 0 2 1 91 99
0 22 0 0 54 0
0 0 17 0 29 0
0 0 57 0 1 0
0 1 51 15 1 1
0 0 1 0 0 0
2 69 0 25 26 70
30 1 0 0 0 86
0 94 61 0 1 58
0 0 82 89 1 31
89 0 0 1 0 0
0 44 0 0 32 0
5 22 42 0 6 53
0 0 82 64 1 1
35 0 1 0 81 0
70 97 0 91 1 0
16 5 0 0 60 0
18 75 48 0 1 0
70 0 0 0 93 0
0 44 0 68 1 0
42 0 0 0 0 4
0 1 0 5 70 0
0 0 25 1 17 76
0 0 83 0 6 55
42 1 0 1 0 22
0 81 84 31 13 0
0 0 1 0 1 0
67 0 1 0 32 0
0 1 0 9 1 0
42 85 0 90 24 4
0 0 0 34 0 0
82 0 1 87 88 37
0 0 1 0 1 61
9 1 25 48 1 96
77 13 18 1 0 72
0 53 15 0 1 0
28 4 0 7 29 19
0 1 39 0 76 1
24 3
0 63 0
1 62 0
0 0 1
0 36 0
0 0 0
0 1 79
0 0 61
0 31 0
9 78 0
0 22 0
0 0 0
26 15 0
0 58 0
57 47 0
9 76 0
71 0 0
0 0 1
36 80 0
1 60 1
0 19 12
0 0 2
30 0 62
2 55 95
15 1 0
63 6
42 7 24 0 54 38
0 0 0 0 0 52
1 0 36 51 0 0
70 71 3 0 0 77
74 0 0 0 76 0
56 0 1 2 0 1
0 0 65 0 1 0
1 1 0 0 0 68
78 0 45 85 75 85
0 0 1 47 0 93
0 0 0 1 1 11
0 0 1 0 0 65
2 0 41 97 0 89
0 0 96 68 1 30
26 0 96 0 5 0
0 0 83 0 0 79
0 0 1 1 0 81
1 0 0 0 0 0
94 22 0 24 38 90
1 8 0 0 46 68
83 2 89 66 0 23
35 88 2 96 0 1
1 23 0 0 1 96
0 0 45 2 0 88
0 0 34 96 0 25
92 0 55 0 6 98
0 1 0 0 0 0
0 0 0 0 0 16
67 49 43 89 0 5
80 12 0 0 34 0
0 0 17 38 0 0
0 2 19 1 6 0
0 0 0 1 1 0
57 0 65 66 1 18
58 0 29 0 38 0
0 59 0 0 1 74
2 0 31 68 10 0
0 19 0 55 43 14
0 0 41 15 25 0
1 0 38 1 0 1
57 0 73 0 1 22
0 1 77 1 0 1
1 12 58 78 2 72
0 74 64 68 1 41
65 86 0 0 97 0
0 0 0 34 62 0
39 11 0 97 0 0
90 48 0 0 44 0
0 0 0 23 0 92
0 16 37 88 1 0
1 1 2 30 0 0
14 0 1 0 89 0
0 0 0 0 15 0
0 1 51 1 82 81
0 22 0 0 0 0
0 79 0 28 0 36
0 0 0 30 35 1
0 54 1 0 1 1
0 0 47 0 1 41
17 76 45 58 72 0
0 0 90 1 0 70
0 21 43 1 47 0
0 79 62 14 28 14
21 6
0 39 31 1 0 58
1 98 0 74 71 73
37 60 0 3 17 0
0 0 0 92 1 0
77 0 0 2 0 0
5 0 0 0 0 0
6 0 1 0 0 58
0 0 45 1 0 2
7 0 82 1 0 4
0 80 72 0 0 0
82 0 0 0 1 23
0 85 0 58 9 0
0 55 74 16 48 0
0 77 85 0 0 0
1 1 0 65 57 0
62 35 0 71 58 1
0 53 96 0 0 0
1 0 14 0 2 62
0 0 0 0 79 99
81 24 0 38 0 88
79 40 0 0 0 0
53 7
90 0 11 93 95 0 0
17 84 32 83 56 43 0
87 0 28 0 0 0 24
1 0 16 99 0 23 28
0 0 47 35 0 68 30
29 35 0 62 26 0 1
0 1 1 32 19 0 1
80 5 0 0 0 66 0
42 0 0 0 0 0 0
0 19 1 0 61 77 1
69 99 95 0 2 45 0
0 0 92 1 0 36 1
64 96 62 3 0 0 18
16 1 49 99 2 0 0
1 0 0 8 1 27 0
0 0 1 1 0 59 0
1 1 1 1 13 20 23
0 0 0 48 61 0 87
1 0 65 1 93 87 0
1 19 24 26 0 0 1
0 40 31 0 1 0 0
0 68 66 0 0 0 62
0 95 0 0 31 0 38
0 0 25 37 0 0 61
0 0 1 34 0 81 0
15 0 0 37 0 0 0
57 0 42 0 34 0 0
0 0 0 88 70 97 0
77 38 0 28 0 0 0
0 0 0 1 0 0 0
1 70 0 0 0 43 1
0 0 0 0 32 0 61
56 0 0 61 0 0 0
0 0 57 0 1 0 1
60 0 75 73 66 0 17
0 0 1 18 0 0 0
83 6 0 60 0 2 57
0 1 9 85 0 0 2
33 0 1 0 1 0 0
0 71 65 0 0 43 0
0 37 73 0 82 1 94
0 0 58 0 1 11 94
82 0 2 50 0 0 0
67 55 0 0 79 1 0
53 0 0 0 0 0 71
0 67 11 36 0 0 33
0 0 31 0 1 2 0
76 0 0 92 10 1 1
0 2 1 0 1 0 1
52 91 0 0 4 1 0
2 42 40 92 0 15 0
88 0 3 1 13 1 0
34 0 0 0 1 1 4
76 8
0 62 6 82 94 42 0 0
11 49 34 0 0 0 0 0
0 0 0 9 0 0 78 11
87 0 0 0 0 61 28 0
0 0 79 0 0 0 0 1
0 0 0 0 0 69 0 0
8 1 0 0 48 1 1 0
0 50 0 0 1 0 1 55
80 41 23 0 42 93 0 0
0 0 2 1 90 0 0 0
15 0 94 0 0 0 96 74
0 0 0 37 0 0 0 0
1 1 1 33 0 0 87 49
1 86 2 38 1 0 0 0
21 0 0 0 38 8 12 0
1 97 0 0 0 0 0 0
0 0 0 62 0 0 91 98
49 45 0 62 72 31 0 0
0 0 0 0 83 0 75 0
0 5 1 0 0 0 0 0
93 1 36 0 58 0 0 0
1 1 0 99 48 71 1 98
0 47 28 0 5 0 0 86
1 1 0 0 18 0 45 0
99 0 34 27 43 5 0 55
84 0 0 58 0 0 1 2
78 90 0 0 0 48 93 21
0 25 0 1 36 1 0 24
0 0 1 0 0 0 1 0
0 1 0 76 0 0 9 0
86 0 88 0 98 92 36 0
7 85 63 0 5 0 0 1
5 78 1 0 71 0 0 1
37 0 0 0 84 1 77 40
1 0 0 26 0 1 0 58
0 3 38 10 1 2 39 0
50 0 12 67 88 0 97 0
85 0 0 42 44 5 65 32
0 0 41 1 0 1 0 0
64 1 50 95 0 50 0 0
16 1 0 0 0 33 0 84
23 0 0 1 61 48 0 0
0 1 1 0 79 0 47 0
0 34 0 72 0 1 0 0
0 1 0 0 0 2 0 89
1 0 0 0 0 1 0 43
1 90 0 72 0 1 24 40
0 0 0 4 0 52 48 87
0 0 0 0 55 2 24 0
0 20 91 89 77 19 0 71
75 52 63 0 0 19 0 0
45 0 0 0 78 86 42 52
1 34 1 89 0 56 17 0
0 0 44 0 0 1 71 23
35 0 74 90 0 0 51 1
26 0 0 0 88 1 0 1
87 0 0 76 0 98 6 0
0 53 59 0 16 0 0 0
33 44 98 0 12 0 0 0
72 1 1 0 0 57 49 1
0 71 1 0 0 42 52 2
26 0 0 54 32 1 1 0
32 0 79 0 12 0 0 73
0 0 37 2 0 0 88 75
68 54 39 37 1 0 0 28
0 0 90 1 66 0 0 0
99 0 0 1 1 33 0 0
91 0 0 98 88 1 0 0
0 75 14 0 36 96 0 0
87 0 27 1 0 0 56 6
67 75 23 0 0 0 0 30
66 0 0 1 0 1 0 0
0 73 10 86 0 1 1 89
0 17 16 0 39 0 0 0
1 1 0 0 17 0 64 1
39 0 0 0 1 70 0 96
43 4
0 0 0 27
13 64 0 0
0 29 97 0
84 80 0 1
1 1 99 21
12 50 27 0
11 85 81 0
1 75 0 0
6 0 80 1
0 21 22 0
79 0 0 45
5 0 84 1
91 0 0 0
91 0 0 0
0 27 4 0
12 0 0 0
0 0 8 41
1 49 86 75
0 35 21 30
0 1 26 2
91 72 35 1
1 32 0 77
0 15 0 11
1 1 0 0
0 17 9 0
0 0 44 0
70 0 2 0
96 19 0 1
0 51 50 66
0 1 68 0
65 0 0 44
39 71 0 0
1 0 2 0
82 40 0 0
2 0 19 0
0 1 43 0
31 0 0 6
0 0 76 0
16 0 90 47
1 83 10 44
0 25 0 75
0 25 88 17
87 0 0 0
3 4
0 70 76 74
68 13 0 0
88 33 0 0
37 4
88 1 0 39
0 2 0 7
0 83 44 1
0 0 0 98
0 0 0 1
67 80 77 45
82 0 0 0
0 1 0 0
0 0 0 1
0 1 0 1
56 0 62 0
0 63 0 0
23 0 23 0
0 0 0 45
1 23 27 0
77 0 0 86
0 0 43 49
0 0 0 63
1 81 0 0
0 0 0 88
0 95 86 0
0 3 0 49
67 0 0 17
43 1 0 0
0 98 80 89
6 0 87 1
0 2 0 0
18 1 84 18
0 0 42 1
53 87 1 1
0 82 0 92
63 0 0 0
2 95 1 0
7 0 26 0
0 0 3 53
65 0 3 35
20 41 0 99
64 10
0 76 66 50 1 93 0 0 29 0
84 5 0 4 34 0 0 0 0 0
41 53 15 42 73 0 0 1 32 26
19 0 0 2 0 28 0 0 0 0
0 71 90 0 0 94 0 79 97 75
41 58 94 0 0 0 0 31 1 0
0 7 5 5 38 0 44 14 0 0
4 0 0 60 60 0 82 0 3 7
77 28 0 1 0 5 3 1 32 74
76 0 0 0 75 0 0 0 0 0
0 1 1 0 88 0 0 50 0 1
0 0 14 0 1 59 0 74 2 98
1 19 0 28 89 0 3 27 2 0
0 0 0 0 1 1 0 60 0 1
0 0 0 96 65 0 0 1 0 0
0 55 49 22 0 22 65 0 17 1
0 0 70 0 1 0 74 3 0 19
0 0 73 0 0 91 0 86 0 0
0 17 99 0 0 43 0 1 28 0
45 66 1 23 1 1 1 22 0 84
42 1 19 0 63 67 0 0 33 35
1 0 3 0 34 85 0 44 0 0
17 0 5 99 50 1 1 0 0 42
73 92 0 41 32 23 74 35 0 0
0 0 95 0 40 1 0 13 26 0
0 13 33 0 73 1 80 89 89 0
0 0 0 0 29 0 1 76 46 0
74 0 6 6 0 0 44 1 96 0
0 1 0 0 0 46 65 0 0 96
81 0 80 30 2 0 0 0 0 98
61 51 44 36 0 0 0 0 0 80
45 53 0 0 0 0 0 0 1 94
25 0 0 69 0 0 0 0 0 53
0 89 0 82 0 29 90 0 0 0
0 0 1 75 0 27 0 0 49 43
77 2 0 21 0 1 0 0 91 0
0 91 1 2 0 0 0 0 0 0
2 76 0 0 60 58 13 0 0 70
0 1 57 96 76 0 0 0 1 0
0 0 0 0 53 92 0 74 43 73
0 1 33 0 93 31 98 7 0 33
97 0 8 0 1 0 0 0 92 1
0 0 0 35 62 0 62 8 0 2
7 0 98 0 1 0 0 97 4 50
1 2 1 0 1 0 17 0 0 33
12 0 1 50 87 51 0 0 0 59
1 0 0 0 55 38 6 0 92 0
7 1 0 23 0 0 93 92 0 0
0 0 51 0 0 89 77 87 1 1
1 52 17 1 0 0 1 89 0 0
0 0 0 92 0 1 0 0 0 3
75 49 0 0 2 51 0 77 14 0
1 0 0 0 0 0 0 1 49 0
0 0 72 52 0 1 13 1 68 0
0 94 0 28 0 0 37 0 74 0
1 10 54 74 58 1 56 94 82 36
0 1 0 77 0 28 0 55 1 0
0 45 2 18 77 0 77 1 58 0
0 50 64 90 10 48 0 67 99 29
0 48 2 60 67 0 0 0 0 0
0 0 0 0 0 42 61 1 0 0
0 1 89 44 0 86 0 67 1 1
29 0 56 1 0 0 0 0 20 58
1 0 1 0 91 6 0 1 62 80
13 7
0 0 2 1 0 40 2
2 88 81 0 53 57 2
83 0 36 96 1 0 0
0 0 0 0 22 19 0
50 95 0 0 0 33 75
85 6 1 1 17 1 7
72 33 47 95 0 0 16
0 8 94 56 0 0 0
85 1 50 40 44 0 0
0 31 0 1 74 38 0
0 0 14 0 63 0 0
12 72 24 1 0 1 1
76 35 1 29 0 52 0
25 10
77 0 0 1 0 0 0 0 2 0
29 90 0 98 0 0 0 1 92 0
84 36 2 36 10 47 77 61 0 0
0 21 57 77 62 1 65 0 70 0
26 68 52 51 48 38 61 1 0 87
1 12 0 80 0 0 78 1 0 0
0 30 0 0 55 0 0 1 1 13
59 51 59 64 1 0 0 0 65 1
0 37 0 1 1 39 0 0 33 0
0 95 0 0 0 54 1 14 94 99
83 0 9 0 0 28 38 18 0 0
81 0 10 76 0 1 0 0 68 0
0 66 0 0 0 0 0 0 0 0
74 0 39 0 1 0 50 2 0 35
8 0 0 26 0 0 67 0 39 1
0 0 1 1 0 0 0 25 54 0
28 1 33 28 29 87 1 0 91 15
1 0 0 36 0 1 0 66 0 93
64 59 1 80 89 69 77 48 1 72
0 43 70 77 80 32 0 1 0 0
0 86 0 0 94 82 0 0 93 1
0 1 0 0 2 52 0 47 49 1
2 0 68 0 63 55 0 0 1 0
68 8 0 0 0 1 0 0 17 0
0 1 16 44 91 1 2 25 0 0
22 5
37 77 2 99 96
62 0 1 37 0
0 67 1 2 0
70 0 0 0 1
1 47 0 72 0
1 0 0 0 59
0 1 94 81 28
1 0 97 50 80
29 37 8 11 8
0 0 0 0 68
11 5 71 72 76
1 1 51 0 26
0 1 99 2 76
2 1 60 0 86
74 32 54 65 83
2 89 1 56 67
42 1 0 0 0
0 1 36 2 1
13 0 1 0 0
0 45 0 96 0
2 41 90 82 0
0 17 22 0 0
88 2
94 2
22 0
0 85
0 89
0 0
1 72
20 0
0 0
0 0
13 1
10 0
0 0
0 1
0 0
91 75
0 85
1 97
9 1
13 52
0 34
0 81
1 0
0 16
0 1
78 0
68 51
78 64
0 0
1 8
0 32
89 2
24 76
76 2
39 0
75 51
26 1
96 0
0 24
0 0
0 48
1 0
1 0
0 0
15 0
0 42
0 0
0 0
0 0
0 0
0 51
0 24
69 7
29 0
0 0
66 0
0 1
48 0
0 96
32 27
68 1
0 0
1 25
29 0
0 1
71 0
81 46
0 81
0 19
0 0
0 0
0 88
0 83
63 18
3 0
0 0
0 33
30 70
47 81
60 56
66 1
0 0
1 94
84 92
0 0
5 0
43 0
0 88
96 15
65 4
51 30 12 1
49 2 0 0
69 1 27 0
17 0 0 23
53 0 84 30
0 1 0 5
0 0 22 0
55 0 0 67
54 29 0 0
0 39 45 0
1 1 77 1
0 0 79 9
13 0 52 80
0 11 0 1
27 91 0 0
73 1 0 48
7 20 42 0
1 0 0 66
0 0 45 1
46 1 0 0
0 41 47 76
0 99 0 0
64 49 0 33
49 75 0 0
1 0 0 0
32 45 1 0
29 2 0 45
0 73 1 0
0 99 0 0
0 18 0 94
85 0 0 1
97 0 61 0
35 92 16 34
72 31 0 0
68 0 0 76
60 1 39 0
89 1 0 93
1 0 0 90
35 45 1 1
0 1 99 88
35 0 49 34
1 20 0 0
0 33 0 69
22 90 0 0
0 0 45 32
57 0 0 0
0 0 1 8
37 66 42 25
90 63 0 19
0 96 0 0
58 0 17 0
25 0 1 0
33 36 3 93
0 56 0 44
29 1 0 0
73 15 77 64
84 0 75 0
0 1 18 0
0 1 93 71
1 0 42 1
30 0 23 0
0 10 1 67
93 0 0 24
0 25 9 16
44 0 73 0
86 9
0 11 0 94 53 0 0 19 46
1 76 0 0 0 0 18 1 98
0 67 0 69 18 0 0 1 1
0 0 0 1 85 26 96 21 48
1 0 1 1 0 84 10 3 4
0 77 10 62 0 82 62 53 0
9 64 0 0 0 26 1 0 61
20 48 2 0 0 0 0 1 12
0 0 0 0 0 1 0 39 0
54 0 46 31 6 0 98 0 0
68 0 1 0 57 59 43 1 7
0 0 10 72 48 0 51 0 0
0 45 0 94 0 0 12 76 0
2 28 0 0 0 3 36 47 0
37 21 87 0 37 63 77 0 74
72 59 0 48 49 23 0 85 11
40 61 0 0 34 0 33 4 0
1 28 13 81 25 82 91 32 0
83 0 76 0 0 0 0 1 23
27 0 1 0 81 15 0 65 83
85 0 9 65 0 76 0 0 17
0 0 0 80 0 36 2 0 0
17 0 31 74 0 32 0 0 0
66 1 91 0 0 0 0 69 20
1 78 42 0 0 34 0 87 0
60 52 27 1 0 1 0 37 4
0 0 0 0 35 0 1 87 93
0 32 91 46 0 94 16 37 84
0 0 1 65 0 7 54 50 0
0 62 0 1 10 72 0 0 0
0 0 57 0 0 0 50 0 77
0 0 0 0 91 1 0 1 0
1 28 42 58 0 1 35 73 0
1 0 0 31 0 59 0 0 9
72 0 1 55 0 48 0 1 91
59 0 0 0 83 0 0 5 95
1 0 3 0 1 0 78 0 62
86 71 0 0 15 0 29 91 0
0 1 0 13 45 0 27 0 4
0 0 39 0 88 81 1 0 64
1 47 0 77 1 71 70 0 1
0 66 0 10 71 0 47 1 0
2 27 0 1 0 29 0 0 0
64 0 1 0 0 0 0 1 1
48 3 0 75 61 0 0 31 93
0 19 0 52 91 65 75 0 39
1 96 1 38 48 0 0 1 64
48 41 78 1 19 12 0 2 0
69 15 0 0 0 0 0 1 40
0 0 12 48 21 1 0 6 22
75 59 20 22 0 0 60 43 0
33 0 87 69 28 23 0 0 28
0 1 0 0 0 1 24 9 0
99 0 91 74 70 29 7 0 0
10 88 6 35 0 0 0 0 25
0 57 0 85 58 5 0 78 0
50 0 66 0 1 48 0 4 0
43 1 36 0 0 1 0 45 34
2 16 1 1 2 63 51 25 95
0 26 0 2 0 0 74 1 1
0 0 0 0 28 26 0 0 0
0 92 77 0 91 0 0 1 39
0 0 0 59 41 0 1 53 87
0 0 0 0 58 1 15 0 0
2 41 0 75 0 0 0 0 87
0 0 0 0 0 5 0 73 0
74 0 0 53 93 0 0 24 0
1 55 0 0 16 1 0 0 1
60 0 0 35 20 0 0 24 60
12 25 41 0 0 0 0 1 20
0 0 56 1 17 0 36 0 92
0 10 67 0 0 1 1 26 22
0 0 0 56 0 7 0 38 0
49 10 40 9 45 0 27 93 0
0 1 1 17 0 1 38 0 0
38 0 0 0 1 3 22 0 40
1 52 57 0 1 6 40 0 0
0 0 59 77 0 0 30 0 0
53 0 67 55 0 0 0 0 80
0 11 79 0 0 0 0 3 1
1 4 72 91 29 94 8 1 63
0 78 83 86 0 0 1 1 0
85 53 20 0 21 0 99 0 15
0 1 0 0 0 66 4 0 0
0 56 2 99 29 0 1 0 0
0 0 0 0 2 44 1 2 0
78 9
54 0 83 0 0 1 1 31 29
0 0 91 0 8 63 0 0 0
3 0 77 0 33 60 99 74 0
43 22 1 64 0 0 0 1 0
25 0 61 58 1 1 1 27 66
62 13 20 0 6 30 1 1 51
0 0 16 0 57 0 0 0 4
48 46 66 0 0 0 88 92 88
0 0 1 0 0 0 0 96 0
0 0 0 0 69 2 0 0 2
0 6 0 0 0 29 0 1 65
15 85 0 72 0 0 0 0 3
0 9 0 86 0 0 48 0 64
0 0 0 0 0 69 0 94 0
0 0 56 61 0 0 50 0 0
82 46 1 0 0 1 0 9 20
0 0 40 11 38 55 19 0 0
29 67 1 98 98 0 1 0 66
38 6 0 0 0 0 51 1 90
71 0 0 0 36 60 0 0 68
0 0 0 0 0 92 22 0 0
74 44 0 36 0 48 0 0 0
0 1 0 1 23 38 1 38 0
1 1 62 9 76 45 0 87 1
51 0 23 60 0 0 0 1 0
0 1 86 0 0 0 11 91 94
0 71 0 0 0 37 90 0 0
0 20 0 29 83 27 0 65 1
0 78 95 0 0 48 0 79 1
0 30 70 0 0 65 20 1 7
1 0 0 90 82 87 16 74 0
87 0 54 56 0 0 75 99 0
0 43 50 0 2 80 0 7 0
0 4 40 40 12 18 64 59 0
0 42 0 2 0 0 0 1 15
0 0 80 11 93 45 66 48 7
1 0 99 89 0 85 0 0 0
96 0 62 8 0 1 30 16 0
0 3 78 0 36 1 0 0 0
0 0 0 16 14 0 94 0 81
7 1 0 0 81 63 91 0 48
0 0 1 1 82 0 0 0 21
0 5 32 64 1 67 17 0 0
26 34 0 1 1 0 0 0 0
0 86 0 0 0 0 76 74 70
1 1 0 4 90 44 30 0 46
1 57 0 1 67 0 70 0 0
22 1 81 0 2 56 0 0 48
91 75 24 0 0 85 0 3 0
62 0 1 1 0 0 0 0 99
0 70 0 0 0 0 89 41 0
33 0 64 0 68 66 1 0 52
1 46 1 0 28 1 57 0 82
1 0 0 73 0 0 0 17 79
0 46 37 0 0 30 78 52 5
0 56 81 67 0 0 20 25 65
0 49 0 0 2 1 4 1 1
0 55 0 81 0 32 0 0 0
0 0 36 0 0 77 33 73 90
83 63 40 0 0 0 66 41 6
0 0 46 39 0 0 1 67 36
55 0 0 0 86 73 95 1 43
0 1 1 37 65 0 2 9 0
42 0 0 24 0 1 47 0 0
30 0 0 81 0 0 92 1 1
99 25 11 7 1 0 2 0 0
0 0 25 2 8 0 1 0 1
92 10 90 0 44 1 0 16 0
34 85 0 0 0 27 82 67 0
0 72 0 5 53 26 0 0 0
5 0 0 77 0 4 0 2 41
0 90 0 1 22 43 15 0 0
0 0 52 0 65 29 0 0 1
62 8 85 77 88 0 0 26 0
0 0 0 99 0 46 0 0 0
0 98 48 0 4 38 39 0 76
10 0 2 11 0 15 2 1 0
32 45 0 0 46 39 1 3 13
55 9
81 0 0 85 62 0 0 97 0
49 7 0 29 0 10 50 48 80
58 2 0 15 20 1 0 0 0
0 1 85 0 1 0 0 22 1
3 72 0 0 92 96 93 0 0
0 2 0 18 0 1 56 56 28
61 0 2 1 1 1 85 10 63
69 71 7 0 0 18 16 56 0
35 0 0 1 87 59 0 1 81
32 81 0 0 94 62 0 26 0
22 0 0 0 0 0 1 79 88
32 0 0 7 6 1 1 0 80
0 0 92 77 0 0 0 93 0
0 68 0 94 0 85 8 0 0
0 77 95 0 79 0 71 0 11
86 0 77 47 64 0 24 0 0
0 21 0 13 49 1 2 0 1
0 84 5 1 7 83 6 0 28
0 1 79 0 0 89 90 37 0
0 0 79 52 60 73 0 60 0
0 83 0 0 85 0 8 0 0
0 0 83 1 1 0 40 97 7
0 6 19 0 57 18 0 35 0
3 0 1 3 1 65 0 0 19
1 1 97 0 56 96 0 0 66
0 91 2 0 0 0 13 73 1
0 0 0 0 41 0 34 0 0
0 91 0 0 0 93 0 76 60
80 0 1 1 20 0 62 0 1
0 75 0 5 1 97 1 0 0
21 1 17 0 42 0 0 0 1
55 0 0 0 0 16 0 74 79
0 94 0 0 0 33 0 0 1
0 30 0 0 27 0 12 1 0
0 52 60 2 1 1 85 46 20
0 0 49 17 11 0 0 0 6
0 1 38 1 0 1 95 37 0
5 0 46 2 0 0 0 0 34
35 97 79 1 0 5 61 36 44
0 0 35 0 1 83 0 0 0
79 92 77 75 0 0 0 0 0
9 81 54 54 0 90 0 65 0
0 0 0 32 0 1 0 0 1
0 1 10 0 11 0 0 86 0
6 92 7 62 18 58 91 0 0
0 0 92 0 1 0 0 62 0
0 88 9 0 0 28 94 37 6
0 89 64 53 0 0 6 0 0
85 0 17 0 0 0 0 31 35
72 0 99 0 0 0 98 1 42
1 68 1 0 0 31 0 1 84
0 0 1 0 0 8 0 0 80
64 0 0 0 0 0 45 41 0
0 0 0 1 0 0 0 76 0
0 0 13 81 0 18 0 0 36
28 11
96 57 1 37 69 2 17 1 1 82 40
1 0 0 5 37 27 1 0 77 0 0
77 63 91 0 0 49 0 0 0 0 0
26 0 1 83 94 7 91 93 1 0 0
54 1 60 0 0 42 10 1 63 2 0
72 0 0 61 84 1 0 0 7 0 1
0 61 3 0 1 13 0 9 1 0 0
69 0 0 35 0 0 0 67 63 39 67
0 0 1 96 67 0 0 81 80 1 1
16 1 0 0 72 42 7 19 0 81 70
0 0 68 77 97 0 0 27 11 91 0
0 85 0 95 0 0 22 36 2 48 0
0 1 0 0 60 37 1 72 25 33 87
10 88 1 97 0 1 0 0 0 38 78
98 1 56 0 37 1 0 0 0 93 0
0 0 0 0 0 0 0 12 0 1 2
1 0 0 0 72 0 0 94 1 73 2
1 0 97 64 1 3 0 0 0 0 0
0 0 21 40 0 0 41 0 45 0 53
1 0 90 75 0 80 0 1 0 0 8
77 90 55 0 29 0 78 0 67 46 0
0 0 82 42 0 80 10 43 96 61 83
2 0 3 33 53 0 55 65 14 84 0
0 0 33 0 0 32 0 30 19 0 0
0 11 75 0 0 0 15 0 9 0 0
1 79 82 3 0 65 0 17 72 0 11
84 0 0 93 0 0 0 9 51 39 0
49 1 0 0 0 49 20 0 7 52 63
7 9
0 27 0 0 90 37 0 92 1
0 36 0 0 93 0 1 84 24
0 0 97 0 55 80 90 0 87
0 0 0 25 93 5 73 0 64
0 0 22 41 56 0 0 51 53
22 0 79 0 12 0 55 43 0
1 93 0 0 0 0 8 1 0
93 10
0 0 0 0 45 91 95 87 28 90
11 57 1 61 0 88 0 85 90 0
50 81 81 1 0 0 49 41 94 0
60 63 0 1 91 0 0 35 1 38
18 1 87 83 18 5 0 29 0 0
29 0 0 0 88 0 0 92 75 0
47 50 32 1 6 0 1 88 0 0
57 0 0 1 11 95 0 10 0 0
22 1 0 71 0 48 0 12 52 0
0 89 0 0 0 0 72 1 1 0
43 0 1 74 17 1 18 69 1 55
15 66 6 23 0 0 54 0 26 61
66 0 81 4 0 33 79 19 54 0
91 91 0 0 0 0 1 19 76 1
0 0 61 55 30 74 1 28 24 0
68 2 0 55 0 0 91 0 73 2
55 0 1 0 6 44 0 7 99 0
62 0 0 1 70 66 0 29 2 0
82 54 98 0 0 13 1 1 0 10
0 0 0 27 0 60 0 1 1 69
32 89 69 86 77 1 72 59 72 0
1 0 0 0 47 0 47 28 0 37
1 0 47 8 57 0 78 93 0 0
0 0 45 0 1 0 1 35 49 0
0 0 53 0 1 81 76 0 1 0
18 41 0 26 1 84 22 2 0 26
9 7 0 0 1 38 0 29 0 92
57 0 0 1 1 98 88 7 0 1
0 59 1 17 30 61 0 22 0 52
0 2 0 33 23 0 0 11 1 5
97 43 0 1 53 0 0 35 0 1
84 49 32 0 0 1 1 0 71 0
0 0 65 0 75 39 13 0 1 75
88 0 2 0 1 35 1 11 0 94
85 0 0 96 0 83 0 0 0 1
20 6 37 0 0 52 0 0 1 0
1 87 0 0 0 2 1 35 0 37
0 16 0 14 0 0 0 0 0 0
0 32 1 95 0 0 12 41 0 39
0 1 0 1 1 0 1 87 96 0
0 1 39 95 0 0 16 0 53 71
0 91 56 1 0 1 0 0 54 0
0 0 12 43 63 0 0 0 1 1
0 0 80 0 0 1 41 0 1 62
31 83 0 0 1 32 34 0 1 0
79 0 0 0 0 13 0 1 10 0
20 0 0 10 54 0 0 1 0 85
1 28 2 29 46 48 1 81 96 52
0 11 0 0 0 1 0 92 0 0
16 0 1 92 0 77 41 1 78 46
51 72 2 1 18 33 64 18 0 29
0 0 56 0 0 40 18 0 1 0
0 53 0 0 1 0 78 0 79 37
13 0 0 27 0 0 43 0 84 0
31 71 0 65 2 0 0 0 0 39
10 4 0 25 0 55 1 0 0 0
61 1 51 31 0 74 0 1 4 35
0 53 69 99 0 58 19 0 0 0
68 0 69 0 0 0 1 0 52 68
42 92 0 0 67 1 0 0 75 0
0 0 0 0 64 2 0 14 14 0
65 56 0 87 78 93 0 0 96 61
1 98 62 44 0 0 1 53 31 0
20 63 60 50 85 0 0 26 0 1
0 38 76 64 0 66 36 16 78 28
97 81 77 0 1 1 0 0 87 31
0 76 0 61 0 0 58 0 30 68
0 5 0 65 26 60 15 42 0 31
45 54 39 47 0 0 52 0 16 1
72 91 92 87 0 0 42 66 0 76
70 0 61 0 2 22 0 18 73 0
1 2 38 48 33 1 0 1 0 0
0 60 16 67 55 45 0 47 77 0
0 0 0 0 0 45 1 85 9 0
32 46 0 0 71 0 0 45 0 0
0 0 16 99 67 2 23 1 1 63
18 42 0 43 10 61 0 99 99 55
43 0 0 0 0 82 0 0 97 44
57 27 77 0 1 33 0 69 0 0
0 0 97 0 0 0 0 0 36 0
0 46 67 96 0 80 0 0 36 0
5 2 0 0 0 58 0 1 0 81
2 2 0 0 0 1 0 0 0 41
22 0 6 10 8 74 53 0 66 92
39 0 0 0 0 1 0 98 0 0
0 0 0 71 6 0 0 0 0 0
5 87 59 0 0 0 54 52 0 1
0 2 79 70 39 10 61 0 0 21
0 82 49 21 0 37 1 1 25 0
71 41 0 0 9 80 0 32 55 0
0 1 0 22 1 1 0 27 43 0
0 0 0 0 1 62 83 0 0 5
23 0 34 1 57 93 45 1 27 0
57 6
0 86 0 91 89 0
0 0 82 0 0 51
1 51 2 61 3 1
0 0 0 75 89 47
36 69 2 0 0 43
44 28 1 1 1 21
23 0 18 0 0 0
5 0 0 0 0 85
1 0 0 0 0 31
0 51 49 0 99 0
0 9 0 50 20 0
2 48 0 0 85 0
49 56 70 2 17 0
45 1 0 53 87 0
53 0 13 0 0 0
1 19 67 58 71 0
99 85 19 0 0 0
20 1 1 0 0 0
0 4 96 21 0 5
0 0 26 0 48 0
0 0 84 0 54 0
57 15 93 59 0 0
0 0 71 1 66 1
28 0 0 98 0 9
5 47 43 0 0 0
16 0 2 0 48 0
28 20 20 0 0 0
1 5 87 0 95 97
0 1 0 0 0 0
72 1 0 0 0 38
1 96 23 1 2 34
74 0 93 1 0 22
0 83 87 34 0 0
5 0 52 1 63 0
0 1 0 58 0 1
0 0 10 55 61 0
94 0 0 0 0 0
0 0 0 0 10 0
0 23 22 0 0 1
0 75 10 0 10 0
1 1 56 0 0 0
72 0 0 0 0 57
0 0 55 14 4 56
94 95 0 0 87 0
1 31 0 71 0 80
0 0 0 0 70 0
23 0 78 0 41 0
0 25 3 0 32 97
0 1 0 0 0 1
53 0 0 0 0 0
58 1 1 1 1 42
0 29 42 0 1 0
1 1 0 0 1 84
82 0 82 23 49 68
33 99 0 12 24 0
7 71 0 31 59 59
62 94 51 0 0 0
85 8
19 0 1 0 0 1 7 0
0 0 1 71 0 86 1 0
0 0 0 0 10 0 75 92
0 0 80 67 1 90 0 0
2 19 80 28 0 1 2 0
60 0 0 0 39 33 14 14
0 30 0 0 41 60 0 0
0 0 1 0 1 0 1 0
0 0 89 1 10 0 37 0
71 0 59 0 0 3 0 33
35 10 0 1 61 40 99 8
1 66 42 1 1 0 70 95
1 8 74 1 0 66 0 1
0 0 0 2 66 1 0 1
1 53 23 95 49 52 50 29
0 0 88 1 59 0 0 2
28 0 0 0 0 1 0 71
2 0 32 61 0 0 33 0
2 64 0 0 61 0 54 0
15 58 0 1 0 0 0 0
2 0 0 0 0 0 0 1
1 39 54 0 0 72 18 0
67 37 0 3 0 0 0 12
0 0 61 0 1 0 24 0
33 0 23 52 0 0 0 1
0 24 0 34 17 1 57 45
0 1 67 0 0 50 12 0
0 47 35 15 0 0 48 86
84 11 63 60 1 88 1 77
0 0 0 36 42 8 0 0
1 38 87 0 16 89 7 0
94 76 73 0 0 0 1 0
82 0 0 72 0 0 0 29
1 0 0 62 10 49 0 53
0 0 0 2 0 1 0 0
0 0 0 0 48 0 75 20
0 0 1 0 20 76 4 1
1 0 0 89 0 69 0 0
0 0 0 0 0 62 0 17
0 0 17 0 0 1 13 46
1 1 0 2 70 35 0 16
1 33 1 1 0 22 0 2
86 4 0 31 0 0 19 15
6 0 0 1 0 89 31 52
50 58 1 26 10 51 0 30
40 2 52 0 63 83 0 67
88 1 76 1 14 9 0 0
91 32 0 0 0 51 31 53
1 44 0 0 1 0 0 19
0 84 53 47 0 66 16 0
89 54 50 0 0 0 1 0
30 0 0 0 84 0 0 0
0 30 0 40 44 94 90 0
1 0 87 0 80 49 0 0
24 0 0 38 0 0 74 0
38 29 1 0 57 0 0 90
25 98 1 0 99 67 1 0
1 84 0 0 0 15 0 38
97 0 0 73 1 0 0 0
3 0 54 1 0 0 71 0
61 0 0 75 42 0 2 0
1 0 1 42 0 0 0 47
91 31 0 69 0 0 0 23
80 28 0 0 0 0 2 0
48 0 80 2 2 0 70 0
23 96 0 1 34 0 2 31
0 1 61 58 0 0 17 89
43 0 35 27 10 1 12 1
74 0 94 0 23 0 0 0
97 61 0 2 0 50 0 82
0 16 14 0 15 0 4 0
0 46 61 71 91 68 0 59
1 24 89 19 2 0 0 9
0 99 0 39 15 28 0 78
77 74 0 0 1 0 0 1
0 94 0 0 0 0 0 0
48 14 1 6 0 0 0 9
0 0 0 94 1 92 1 17
0 41 46 1 65 53 93 0
0 3 0 4 0 82 0 85
0 29 0 76 0 0 34 13
0 22 0 1 0 1 60 68
2 0 61 0 86 72 0 1
77 0 0 51 85 86 29 21
53 2 96 0 92 0 0 1
18 2
17 64
0 21
42 90
0 0
97 0
60 0
95 94
20 0
88 78
37 0
0 0
86 0
10 31
0 75
75 0
0 39
2 1
5 0
23 10
48 93 1 42 1 0 0 0 20 6
0 50 2 1 1 0 97 22 0 2
0 0 63 32 1 91 0 75 0 1
0 98 0 0 89 52 49 0 82 1
0 0 0 0 0 0 0 57 0 0
0 0 0 73 0 0 0 52 0 1
45 79 0 23 8 2 78 1 14 66
0 46 0 62 0 0 1 54 0 0
1 14 84 36 10 1 32 0 1 0
1 32 0 1 0 54 0 40 0 0
18 0 98 0 1 2 0 0 0 92
6 0 54 1 0 1 1 0 1 0
81 11 1 0 96 0 44 0 0 0
1 39 91 94 2 0 0 98 17 83
65 71 4 0 0 84 39 1 1 33
23 0 0 17 90 83 1 0 45 0
0 41 0 0 0 0 0 0 0 0
1 83 76 18 0 0 1 0 19 72
0 59 0 67 55 1 55 0 0 0
1 0 6 10 0 0 0 0 0 91
4 0 0 62 9 0 82 92 0 19
60 71 5 0 98 0 82 0 10 14
0 0 0 0 0 0 3 0 0 7
98 4
40 1 0 72
0 0 2 0
71 0 0 63
0 0 59 0
1 0 0 92
1 0 0 0
0 79 0 1
40 0 1 1
0 0 0 87
82 0 16 0
32 0 68 1
96 0 0 55
0 0 31 94
0 59 87 29
1 61 93 92
0 21 1 0
48 57 0 67
0 98 0 1
0 0 0 0
56 0 43 1
0 31 86 1
0 46 1 0
96 0 7 80
50 56 0 0
2 0 0 1
15 24 0 1
0 0 40 1
0 0 28 61
0 1 58 0
0 0 78 1
42 0 0 48
25 44 46 0
7 26 40 0
67 0 92 0
0 2 0 1
0 71 0 86
46 0 2 0
21 58 1 67
0 22 11 0
0 0 0 1
80 16 86 9
54 0 34 80
29 40 2 91
0 30 0 0
96 0 1 19
52 0 0 0
0 2 0 1
19 0 0 66
0 77 0 0
0 0 21 0
0 0 46 29
81 0 92 86
48 14 0 72
0 2 1 6
76 0 51 32
39 0 0 0
0 0 15 0
1 45 0 1
40 0 76 7
51 2 19 0
0 30 1 6
0 51 40 30
31 66 0 1
22 67 64 1
42 0 0 71
47 1 0 58
0 0 0 68
88 0 2 31
44 31 65 0
80 72 1 0
0 26 1 76
78 40 0 0
20 0 27 0
0 1 55 0
10 19 0 93
0 54 64 0
76 0 20 0
44 0 37 49
1 1 0 61
1 0 0 10
71 0 91 1
0 71 1 0
68 0 0 85
2 0 0 0
1 1 30 0
93 56 74 76
31 39 15 38
0 0 0 8
0 0 51 0
1 0 13 78
17 0 25 0
0 0 2 2
33 91 0 0
0 0 19 1
46 35 64 73
0 87 0 2
21 39 0 6
0 79 0 73
36 9
0 0 32 0 68 22 1 14 1
67 79 0 0 38 0 67 16 41
1 1 0 0 79 45 97 27 14
67 0 8 19 0 1 0 67 56
2 43 0 25 0 95 0 92 42
53 0 0 0 78 97 83 83 0
2 74 0 19 0 36 1 0 1
80 0 0 0 0 48 0 6 0
58 9 43 36 0 0 50 33 0
39 0 1 49 78 1 63 1 45
67 0 2 79 0 59 66 0 40
82 5 28 65 0 0 5 0 0
0 88 12 0 1 15 18 67 60
0 1 36 0 1 0 0 66 82
81 31 1 0 0 0 0 40 75
0 0 0 1 0 96 0 73 1
17 0 22 0 0 1 0 0 0
0 1 99 25 0 44 0 0 1
11 98 0 0 7 1 1 0 28
31 0 0 61 0 12 11 97 29
1 49 0 0 35 2 92 0 0
11 0 0 0 0 0 86 2 0
1 0 0 0 7 0 62 48 68
0 99 93 55 80 1 0 59 0
1 0 1 48 0 0 0 84 78
1 0 24 95 34 0 0 13 19
61 58 0 0 0 0 0 0 92
0 0 6 0 0 1 0 1 1
1 0 0 85 77 0 94 0 24
0 86 93 66 0 0 0 36 0
47 38 0 22 28 21 96 0 0
0 0 36 85 3 1 0 2 74
1 40 1 0 11 38 0 91 5
18 70 0 15 66 1 10 1 16
14 0 70 20 0 0 0 0 1
1 1 0 26 0 0 31 0 0
63 11
0 0 0 13 0 1 64 0 0 49 77
0 0 0 0 48 80 0 56 0 1 0
0 0 0 39 2 0 0 10 0 1 9
24 0 1 0 75 42 0 45 0 0 46
0 0 0 0 0 0 73 30 48 97 12
1 1 0 0 0 65 0 0 39 1 1
15 0 0 0 0 14 0 0 41 0 0
92 1 0 0 0 19 0 66 34 0 0
1 0 0 1 0 52 0 1 0 0 64
0 97 0 37 69 80 11 1 13 1 55
54 40 0 1 67 0 1 0 0 34 0
0 0 5 0 58 0 59 98 0 0 0
53 87 5 0 97 0 0 0 54 0 84
1 9 34 83 46 78 1 1 0 0 56
14 1 22 65 0 0 0 0 0 1 92
76 0 1 0 99 36 7 40 0 28 93
5 0 0 0 0 0 1 0 0 1 52
86 90 98 59 0 0 0 0 52 0 32
0 45 58 1 0 0 0 0 73 0 0
0 23 26 0 92 1 4 1 90 0 51
38 66 77 0 0 5 0 0 44 90 17
64 41 0 0 51 0 71 69 49 1 0
0 0 1 79 69 6 0 37 25 1 0
0 46 59 23 0 81 35 85 0 1 0
33 94 7 0 52 73 61 0 51 37 0
2 0 0 70 67 41 85 55 82 0 4
0 40 9 0 1 24 0 0 32 68 1
0 35 0 39 0 0 29 26 0 91 95
0 2 1 0 0 0 41 1 0 0 68
0 84 1 0 89 0 25 98 1 0 95
50 34 0 2 9 61 0 0 0 0 0
0 43 92 52 48 0 29 0 2 74 0
1 0 0 37 19 44 1 9 1 67 1
0 97 0 29 47 0 60 78 22 46 41
0 83 0 0 0 91 2 96 2 0 0
0 0 0 81 30 1 1 57 41 0 0
77 29 1 82 0 0 0 61 86 0 11
77 69 0 2 0 1 2 93 0 0 81
73 0 1 1 0 1 47 1 1 49 0
0 0 65 70 0 50 56 0 0 0 0
0 0 93 10 0 0 0 45 89 1 19
1 77 43 0 0 0 0 0 58 0 43
0 0 0 0 0 0 0 71 2 0 92
0 0 1 0 3 0 95 9 0 0 46
90 0 27 31 58 54 44 0 1 0 0
29 72 85 64 39 2 91 0 25 0 9
1 0 0 0 91 65 1 0 0 0 72
0 33 0 1 1 0 61 24 87 0 74
8 0 16 0 0 0 16 0 81 0 30
0 2 0 51 46 23 40 3 1 50 0
0 10 1 0 73 0 0 6 17 49 0
96 0 64 0 1 93 0 99 0 55 0
0 0 1 0 0 0 0 92 0 0 27
0 1 0 88 1 0 92 25 96 0 14
65 2 20 1 0 0 0 0 0 1 86
0 52 83 99 0 46 0 0 0 0 0
57 0 8 0 33 0 39 0 0 1 0
99 0 1 1 14 0 2 53 66 0 0
48 1 73 0 0 0 43 75 0 0 0
0 0 94 0 0 0 27 1 0 92 0
1 0 0 0 1 1 0 27 2 0 1
8 45 54 0 0 36 59 37 0 1 0
23 8 0 72 0 0 0 55 0 0 80
74 8
0 0 0 0 1 1 97 0
1 5 0 1 0 31 0 0
40 0 42 0 0 0 88 0
24 8 11 15 38 98 0 1
0 70 43 0 3 17 0 3
0 54 37 1 0 41 0 8
50 64 0 80 0 0 2 19
1 0 0 18 1 0 34 10
0 0 0 27 0 55 1 0
0 43 75 42 0 0 0 65
13 0 0 0 0 43 0 0
1 90 82 28 0 45 0 87
15 90 0 81 89 0 10 0
71 0 0 88 0 1 32 0
50 5 0 1 0 32 0 0
0 0 0 0 46 0 0 0
0 0 0 0 0 0 38 0
0 0 0 45 0 44 49 37
1 0 0 0 0 0 62 0
0 8 0 64 31 0 2 0
0 79 0 90 1 2 88 0
1 27 83 55 62 0 0 0
0 0 33 0 48 2 0 3
85 1 82 48 0 0 73 2
0 0 0 0 0 0 0 0
0 91 0 61 28 0 62 10
65 45 0 0 0 59 92 11
1 26 4 0 2 0 90 73
0 66 0 0 73 0 0 97
14 0 0 4 0 0 0 74
50 0 35 13 45 0 42 0
32 58 0 0 0 0 0 91
12 28 0 76 0 0 1 0
0 13 63 1 0 85 37 0
1 0 59 0 0 0 92 66
1 48 0 1 0 53 75 32
0 37 0 20 0 0 1 95
0 0 82 25 2 0 97 95
0 0 0 24 39 0 95 1
27 1 0 24 0 0 35 30
1 1 59 76 0 19 0 29
0 1 0 6 0 48 40 72
59 83 0 0 20 10 1 1
0 2 40 0 0 0 60 28
0 0 1 38 0 0 0 16
86 0 85 0 0 48 2 48
35 1 1 0 84 0 0 1
0 97 0 28 22 0 0 0
0 2 1 96 24 0 1 0
0 57 0 94 54 0 0 1
0 0 56 7 0 45 1 92
52 53 0 45 0 28 0 53
0 0 0 0 0 91 14 0
0 0 0 80 0 0 0 0
34 0 58 62 84 70 34 41
0 57 0 0 1 0 0 1
27 0 50 0 1 30 1 1
0 0 1 59 1 0 0 0
0 1 0 81 93 1 0 0
0 13 0 1 0 0 91 20
96 98 15 69 1 0 0 0
1 0 0 75 0 58 0 53
0 26 0 0 0 36 22 40
90 89 1 5 0 26 0 58
0 47 0 0 65 0 0 32
1 0 46 15 97 20 0 0
3 0 64 0 0 0 1 0
60 81 0 80 61 0 0 0
0 0 67 43 48 0 0 99
67 46 35 78 0 28 0 44
0 32 73 1 0 84 0 12
64 0 70 92 0 0 56 0
0 0 0 43 0 96 48 86
77 58 2 1 0 0 0 70
50 4
0 0 73 0
89 24 26 0
0 1 0 94
0 0 0 0
89 0 51 53
96 0 0 1
0 0 0 42
52 0 27 0
0 0 0 45
87 0 0 34
0 21 42 0
46 1 0 2
0 27 1 0
1 1 31 0
39 62 0 82
0 0 1 12
78 7 24 23
0 0 84 98
0 0 0 33
63 81 21 0
0 24 0 0
0 87 0 0
0 0 1 92
0 45 0 0
46 0 54 0
32 0 1 4
89 33 0 36
59 0 76 0
82 44 0 3
0 94 58 2
0 41 0 1
3 80 90 50
0 82 2 0
0 0 0 17
0 0 37 0
1 65 0 0
66 0 55 27
0 0 0 0
81 0 25 96
0 94 1 0
92 31 10 0
0 75 0 0
0 0 0 11
0 89 79 21
0 0 73 0
1 0 20 76
42 0 0 0
0 0 25 0
0 0 0 0
1 10 57 0
69 10
1 37 0 99 0 0 80 0 0 1
0 2 2 0 0 71 17 0 93 0
27 0 84 48 1 0 93 54 1 1
0 0 0 58 0 0 59 94 66 0
91 0 0 1 71 5 0 0 26 77
20 0 0 54 0 0 41 49 0 0
0 52 30 0 0 0 0 0 0 0
89 94 74 79 1 0 48 18 0 1
0 0 0 0 0 31 42 1 1 0
35 1 29 43 37 62 0 0 0 0
63 73 43 28 0 81 26 82 76 1
1 93 18 37 0 18 0 0 0 0
0 37 0 1 73 2 1 0 0 1
73 0 0 11 68 25 0 39 13 0
1 4 89 0 58 32 26 62 0 0
0 53 62 0 0 16 1 94 1 0
50 0 0 0 13 0 1 0 0 0
47 0 63 17 85 13 2 83 43 0
0 0 0 0 77 0 1 0 16 10
0 0 73 30 0 0 0 0 0 0
20 68 0 0 0 31 0 26 0 30
1 68 51 2 77 99 55 0 0 8
0 0 0 0 41 0 65 82 11 0
0 0 91 0 0 1 0 0 55 0
0 23 79 59 77 44 0 0 0 6
1 72 2 0 1 0 0 23 0 43
0 1 52 0 66 5 71 0 1 1
0 0 6 2 0 1 59 45 11 1
0 0 0 0 48 74 14 46 21 11
0 0 0 1 0 62 42 53 24 2
0 1 87 20 0 1 52 48 77 12
0 87 87 8 85 56 71 66 88 97
14 0 4 0 46 0 0 0 0 0
35 0 76 1 6 0 0 0 1 2
52 99 62 14 0 12 0 0 98 10
0 0 2 5 0 0 42 80 3 0
0 1 89 77 0 47 0 0 79 57
16 0 46 0 0 0 27 41 1 11
0 0 62 0 1 0 0 0 0 0
0 28 0 1 11 0 42 1 2 0
15 0 89 0 1 1 36 0 0 93
0 41 58 18 1 0 0 94 1 0
0 0 0 1 73 97 0 47 93 4
0 0 0 29 0 26 0 0 52 4
41 0 31 52 0 0 57 1 0 97
0 0 0 44 41 67 41 90 58 0
1 0 98 0 93 0 25 1 76 0
62 15 0 0 35 1 0 16 0 8
0 0 0 0 0 1 0 46 65 32
1 36 0 0 0 67 29 44 91 0
0 0 1 0 0 0 0 0 95 0
75 93 0 58 1 23 34 0 1 0
37 0 26 1 0 98 28 0 87 0
0 34 1 97 0 1 47 94 71 0
0 63 72 77 0 76 0 79 37 37
0 0 61 0 74 60 2 0 11 41
0 0 0 0 48 0 16 64 0 0
34 88 0 0 87 33 0 1 0 29
17 0 0 61 0 42 64 0 21 0
0 0 95 55 69 0 0 0 21 0
60 1 1 0 91 0 33 0 29 0
66 1 96 75 43 91 36 0 16 0
13 1 52 99 96 0 76 98 27 37
0 2 57 0 0 77 0 62 2 0
2 24 0 34 1 0 58 67 1 59
2 1 1 1 1 3 60 0 0 52
72 0 39 1 16 5 0 57 0 9
0 0 0 2 9 0 78 0 0 0
79 81 88 89 54 17 23 1 0 1
69 9
1 0 76 0 3 61 99 66 0
29 46 40 42 19 0 0 58 0
37 1 0 0 0 0 0 0 30
0 22 36 0 80 0 0 0 25
0 23 44 0 0 0 1 0 2
0 28 47 14 38 0 0 1 2
0 0 0 0 81 57 55 0 1
63 59 0 0 0 0 75 1 0
30 0 70 0 0 43 2 0 67
46 0 10 0 1 3 0 56 79
28 0 0 0 14 0 7 0 0
0 1 0 0 2 60 84 0 0
0 0 59 0 0 34 47 0 1
0 0 1 0 11 0 1 0 82
0 17 0 16 0 0 78 6 1
0 16 0 0 97 65 0 0 60
0 54 91 0 39 92 12 0 43
27 0 35 0 3 32 49 53 29
5 19 64 0 0 49 14 1 15
50 9 25 0 2 53 1 0 16
33 8 11 3 0 0 1 65 0
0 75 67 42 0 93 0 0 0
0 0 0 7 99 0 1 0 0
62 50 0 0 2 33 42 6 0
0 0 0 0 0 0 0 0 26
0 0 19 0 57 1 0 0 91
0 1 39 92 0 0 0 0 67
0 0 46 23 0 0 0 12 0
0 0 37 0 1 94 0 24 0
0 1 68 49 76 0 0 0 58
3 0 0 0 0 0 0 29 0
1 79 65 88 68 0 0 0 1
2 0 14 61 0 0 1 24 0
20 27 0 0 0 1 1 0 90
0 0 84 84 1 0 0 0 0
4 87 63 2 0 10 0 0 27
2 5 1 0 1 0 89 64 98
0 17 97 0 68 2 0 0 55
1 0 74 0 0 0 63 0 1
0 72 29 25 0 0 0 0 28
0 0 0 0 61 96 0 1 13
0 1 34 0 0 0 0 0 0
6 0 0 18 0 81 0 0 10
15 0 0 0 87 44 36 1 0
0 0 1 0 63 29 70 97 31
21 50 0 0 75 6 0 10 71
0 0 65 1 0 1 0 0 0
96 1 1 0 66 3 0 0 0
0 24 38 0 87 1 0 1 15
81 98 2 79 95 39 0 31 72
1 98 31 0 80 30 39 0 0
71 90 0 91 0 90 0 89 15
0 17 81 90 30 0 0 0 38
0 72 1 79 1 0 0 1 0
0 0 14 22 56 1 41 0 90
38 28 48 0 1 1 1 84 57
0 0 11 73 1 97 43 1 0
43 1 46 12 5 0 0 0 40
89 50 27 0 79 0 0 2 0
30 0 0 0 8 0 1 42 0
56 0 0 30 1 57 28 0 0
78 1 65 0 40 0 0 31 56
0 1 0 0 0 0 1 0 0
0 70 1 0 45 77 0 19 49
0 0 32 57 24 1 51 22 0
92 23 0 15 83 0 83 0 0
0 0 16 1 20 1 53 70 1
98 0 0 20 0 45 13 0 66
38 0 2 0 63 0 0 0 57
67 6
0 0 0 0 0 0
0 0 0 78 67 0
53 0 0 0 22 7
25 0 1 66 47 0
0 0 0 44 57 0
0 0 12 44 82 28
0 36 0 63 86 48
0 0 1 0 0 41
56 0 34 0 70 1
49 20 53 48 96 0
0 0 92 0 0 26
39 14 1 33 72 54
0 45 1 33 0 52
0 68 49 0 0 0
11 10 1 0 0 0
8 0 0 0 30 12
0 38 0 0 0 0
36 23 77 0 69 50
1 0 0 0 0 0
1 26 8 52 0 0
0 7 1 94 0 0
0 0 19 0 64 1
0 72 3 0 1 59
0 0 49 0 0 2
68 48 59 0 97 7
0 0 0 76 0 1
50 15 0 0 72 0
90 0 0 51 0 0
28 0 45 83 0 12
55 17 71 84 94 0
8 1 0 64 24 0
0 0 27 20 1 71
0 14 0 20 0 53
0 0 1 0 0 1
65 2 24 0 1 0
0 0 0 83 62 0
1 20 0 88 0 65
1 0 1 0 0 75
0 0 0 0 55 1
0 0 1 2 95 0
2 28 0 60 48 35
42 0 0 6 0 0
0 29 49 0 36 16
74 0 97 0 0 74
0 49 36 0 91 60
38 27 32 39 0 0
0 2 12 51 1 0
0 2 1 0 27 0
0 0 0 0 0 1
0 0 0 49 0 0
34 46 0 1 15 0
49 29 0 21 0 0
25 0 0 0 45 72
0 54 1 0 0 49
68 0 0 0 65 0
88 0 48 19 1 0
0 67 0 89 16 76
0 0 24 32 1 60
0 27 84 0 95 0
64 16 1 0 0 0
0 1 0 91 0 0
0 0 63 28 2 76
0 0 59 51 0 2
0 58 0 0 0 0
0 1 0 0 43 61
91 9 0 1 53 53
0 94 1 0 1 16
32 5
0 0 0 8 54
69 0 1 1 98
0 13 0 7 0
81 70 0 92 0
0 0 41 0 0
0 52 0 14 0
0 0 21 1 1
24 0 28 27 14
78 50 48 0 0
9 0 6 0 0
51 0 0 54 0
78 0 0 86 0
17 1 0 16 86
0 74 0 0 0
0 15 98 0 44
1 58 1 0 67
0 1 1 34 0
1 0 39 0 0
42 0 0 68 69
17 61 86 43 0
0 1 61 0 0
59 0 0 2 41
0 5 0 49 0
90 44 0 0 52
0 43 0 0 0
0 28 2 36 70
0 0 68 51 1
30 0 0 19 1
0 0 69 0 0
31 7 72 0 56
0 78 1 0 2
92 92 13 0 0
29 1
1
0
0
71
0
0
0
0
2
0
17
33
1
98
0
0
0
0
86
1
1
4
43
0
0
98
34
0
22
26 4
54 0 97 53
0 29 1 72
66 0 0 96
1 0 1 2
2 0 0 0
73 0 0 16
1 2 50 96
1 1 28 0
49 0 0 0
0 74 18 24
0 0 0 32
0 1 0 0
0 16 0 0
0 0 95 0
0 0 0 0
1 98 30 0
97 0 0 82
75 79 0 0
14 0 0 16
2 0 34 80
64 81 70 0
97 1 61 40
0 1 0 0
12 1 46 1
80 0 0 93
2 39 92 88
92 4
0 34 3 34
0 63 44 0
0 8 11 31
0 34 96 91
42 61 1 1
10 2 1 66
0 0 24 1
0 1 84 96
0 90 88 0
0 75 71 2
17 1 2 0
1 0 97 0
45 0 86 0
0 0 19 77
27 69 0 55
28 63 88 0
92 41 58 0
1 0 56 0
29 0 1 0
96 0 0 1
16 0 83 0
1 92 0 0
29 34 0 51
0 33 0 8
93 0 32 53
0 51 0 88
0 44 0 11
10 0 0 38
74 0 0 98
0 0 1 58
0 72 0 28
0 0 0 81
0 54 29 52
0 95 72 17
10 84 4 0
0 63 0 38
59 0 1 69
0 21 74 0
89 5 9 1
57 55 0 74
0 96 56 0
2 0 29 1
0 64 1 0
91 0 35 1
46 0 0 1
43 59 0 83
81 0 36 0
0 8 0 1
50 6 0 0
71 52 18 0
0 7 79 70
0 32 0 8
0 0 0 0
0 57 0 1
0 0 0 35
0 51 0 79
97 0 0 68
7 0 0 2
2 18 1 78
0 0 53 0
24 70 0 1
33 85 0 0
75 77 67 61
0 77 0 0
16 2 0 38
1 0 0 0
31 67 0 0
0 0 94 0
0 42 16 0
26 40 0 0
0 0 35 0
1 0 56 94
1 0 0 0
71 7 99 0
9 1 24 0
1 85 65 27
54 52 0 0
0 0 0 1
0 0 20 79
87 0 60 0
71 80 75 75
97 0 1 49
0 86 0 1
0 6 44 0
86 0 29 0
0 0 0 0
26 14 1 81
99 0 22 28
0 0 0 0
0 23 1 73
8 0 10 64
0 12 94 0
37 10
15 0 86 1 0 18 38 45 64 0
0 0 1 0 50 0 0 55 0 82
74 1 0 47 52 46 18 52 78 85
0 0 0 40 97 0 1 0 0 63
0 31 0 30 9 42 80 27 0 20
57 9 77 0 0 0 1 38 0 0
1 86 26 0 1 0 50 0 0 56
86 25 0 0 26 0 56 0 0 92
34 82 0 0 0 0 1 0 0 0
90 99 1 33 62 0 10 11 1 2
0 59 1 36 0 67 0 0 43 0
1 14 0 59 0 0 0 6 0 1
1 0 0 1 0 1 21 0 18 1
62 37 46 0 0 0 0 0 0 5
71 0 84 0 47 0 98 1 1 0
0 0 0 60 0 16 0 29 0 0
0 0 2 0 0 23 57 0 16 11
35 73 0 32 67 5 46 69 1 0
83 0 53 0 55 0 34 43 0 0
0 0 94 0 62 0 32 58 0 0
42 73 31 42 0 50 0 0 12 2
25 0 61 0 78 0 0 0 0 74
95 39 0 53 0 0 49 24 13 77
0 0 8 38 28 0 0 0 1 20
1 66 1 42 99 34 0 95 0 0
48 34 0 6 0 1 0 48 79 0
47 3 0 0 1 97 0 0 0 0
1 0 0 0 91 29 0 0 0 22
0 73 0 41 0 0 0 14 71 23
0 0 85 0 48 97 20 0 0 0
0 0 95 0 90 80 1 51 0 0
0 8 1 0 0 0 0 61 39 0
0 0 0 5 36 0 0 69 84 1
0 0 18 23 19 22 0 1 0 71
72 0 0 0 0 49 52 88 1 10
0 0 0 8 2 0 8 0 10 97
19 0 33 21 43 56 0 29 0 2
51 6
74 74 0 15 1 0
2 0 0 0 10 0
2 0 81 30 96 0
47 0 0 1 0 0
76 0 68 0 96 10
20 0 0 0 0 40
36 7 63 84 0 0
0 1 1 0 40 1
95 1 1 0 0 1
1 76 96 0 96 0
27 75 55 83 1 30
0 0 28 0 94 43
37 0 1 0 1 83
70 23 0 0 88 0
2 0 0 0 64 0
5 38 0 65 0 8
34 80 2 29 0 0
2 0 0 76 96 20
45 0 34 0 0 72
76 0 0 0 44 0
1 1 4 0 0 1
0 72 47 0 27 79
46 0 0 14 50 0
0 1 6 0 92 0
0 0 91 39 75 0
0 1 0 0 8 60
0 0 0 0 0 59
0 35 0 53 0 13
25 0 57 7 0 96
89 0 0 1 1 0
40 0 7 0 1 0
80 36 0 0 0 74
0 0 92 0 0 0
68 44 1 1 0 0
13 0 21 0 0 99
0 39 29 85 19 0
71 1 89 0 59 8
0 99 0 0 0 0
0 31 30 4 91 79
65 0 40 1 0 0
46 0 2 46 0 39
0 32 67 28 70 0
26 3 1 0 86 1
0 73 0 0 12 85
97 0 0 42 0 0
88 37 77 76 0 45
0 0 34 84 1 61
0 0 0 1 0 0
1 0 0 0 0 0
0 1 89 0 0 69
10 83 0 81 64 1
39 8
32 0 0 87 0 0 30 78
38 1 1 0 1 0 96 23
73 1 85 1 66 35 77 0
0 85 0 97 0 1 0 94
0 31 71 52 21 0 21 0
0 0 22 24 53 55 0 0
47 22 44 0 0 0 0 93
0 0 70 0 36 0 1 0
47 31 0 0 0 66 0 0
1 0 0 0 0 11 0 24
0 28 0 1 0 2 99 31
0 86 69 0 1 0 79 0
1 1 44 2 8 0 2 0
77 0 0 39 0 66 1 14
0 24 0 74 17 0 96 95
0 0 0 1 52 52 0 1
9 1 13 0 65 95 46 98
1 10 1 86 80 11 0 92
0 87 0 1 39 25 0 1
87 0 1 63 88 1 52 34
76 49 0 0 45 64 13 92
0 51 22 13 18 74 9 90
77 0 0 0 0 1 1 66
1 1 0 0 0 0 0 1
2 1 12 0 0 0 43 0
78 0 0 77 0 0 22 0
95 61 0 0 1 0 0 94
93 0 0 1 76 0 59 88
0 0 1 32 0 0 2 1
0 40 52 36 77 19 0 86
0 4 0 14 1 2 0 0
0 79 14 26 43 6 1 0
2 26 1 0 1 1 1 64
0 93 0 0 81 1 24 0
1 15 78 73 9 0 0 0
0 86 0 0 33 16 0 0
43 0 1 0 41 1 0 0
1 0 12 0 1 51 2 0
64 0 73 1 0 0 0 66
23 8
0 1 59 64 1 0 0 1
1 0 48 1 86 13 59 69
0 0 0 95 0 0 15 0
82 1 52 0 0 37 94 77
0 0 50 0 2 82 0 1
1 54 56 50 72 1 73 66
0 49 14 72 0 6 45 0
1 7 85 1 0 1 87 15
54 0 40 49 0 97 0 63
44 11 0 0 0 70 1 1
44 18 94 83 0 1 48 2
2 77 72 0 0 79 6 0
0 0 24 0 0 0 80 62
57 51 0 0 0 97 0 75
0 45 98 0 0 73 10 0
0 0 0 0 0 0 0 35
53 60 1 0 1 16 0 66
0 0 76 0 82 1 92 1
82 1 39 1 49 0 51 68
0 0 99 0 0 0 0 19
81 0 45 0 1 0 0 0
22 84 91 1 95 2 1 0
0 57 0 88 0 10 93 0
55 10
78 42 33 1 34 1 0 0 0 14
58 0 1 4 63 51 0 39 95 0
75 95 6 1 38 0 1 0 2 0
72 0 0 0 0 1 0 1 1 1
0 1 0 0 88 96 28 45 64 0
62 1 0 1 0 0 25 1 93 0
18 0 19 0 1 61 54 84 39 0
0 0 0 0 0 0 14 52 79 21
80 5 0 64 0 0 0 90 92 0
72 0 2 86 71 1 2 0 1 0
0 65 20 0 0 27 1 72 37 0
0 58 0 21 1 0 52 0 45 0
0 11 0 54 0 51 0 0 0 1
92 35 5 29 56 49 1 30 80 0
1 57 0 0 0 93 49 0 85 12
4 2 35 0 1 1 0 0 98 40
0 90 0 28 1 0 0 9 0 60
3 0 0 0 86 79 0 64 2 0
0 53 24 0 0 26 0 0 0 23
0 0 0 62 67 90 95 0 0 0
0 0 53 0 0 0 42 0 1 0
28 1 1 73 62 0 75 0 14 53
0 16 0 20 0 49 0 0 0 1
47 95 51 61 72 0 0 0 24 0
34 0 2 0 31 0 0 79 20 0
8 94 0 1 0 0 46 0 0 0
55 0 71 99 0 1 0 0 91 2
40 21 0 0 61 22 93 0 0 68
0 27 1 49 87 0 0 0 47 0
50 0 3 0 89 0 13 0 40 0
0 23 1 21 18 83 91 99 0 1
0 25 87 3 0 0 0 0 0 84
0 27 0 57 56 0 58 3 1 5
0 39 0 0 0 0 5 70 0 1
0 0 0 11 47 57 43 0 64 0
1 76 72 49 43 39 0 32 0 0
31 0 21 23 68 0 77 58 92 22
87 0 82 35 28 1 23 97 65 0
63 0 87 63 0 0 21 0 0 61
0 95 54 0 0 0 0 47 0 1
0 38 0 90 1 0 0 75 1 68
74 4 0 0 0 0 56 28 1 97
0 90 0 1 0 2 1 0 0 5
62 67 0 19 0 0 1 0 1 33
0 63 0 0 0 0 16 0 0 0
1 0 1 49 0 0 0 0 1 0
0 1 0 0 53 1 0 0 0 85
0 90 1 82 0 11 0 1 1 0
0 0 13 0 50 37 0 65 0 32
0 0 0 85 42 0 0 0 55 2
0 0 25 0 0 19 0 0 12 0
83 0 44 0 63 0 0 61 0 55
1 37 35 20 0 1 84 0 0 93
0 11 1 0 73 80 0 0 0 0
0 0 0 0 84 0 0 70 0 63
12 4
0 64 0 65
0 0 12 0
0 0 33 81
10 1 40 1
0 0 0 0
1 49 0 24
0 0 0 25
0 1 1 95
14 0 0 0
0 84 32 0
16 0 0 0
0 0 69 0
31 3
0 87 64
0 1 0
0 0 66
2 0 1
65 55 38
84 0 0
0 0 90
0 65 32
2 25 73
62 26 1
1 0 50
1 1 0
0 0 0
71 0 1
1 0 0
0 86 0
16 56 0
0 2 1
60 0 74
2 0 4
0 5 0
69 92 1
0 1 0
26 71 75
25 8 77
0 0 0
0 41 86
0 53 0
16 48 22
0 68 99
69 12 9
33 11
62 0 0 0 0 0 61 55 0 0 54
0 0 50 0 0 0 19 98 77 0 0
50 58 1 14 1 0 0 1 0 0 0
0 56 0 0 97 0 80 0 65 0 66
0 1 56 1 0 80 89 0 0 0 34
0 0 0 0 94 0 1 83 0 0 0
90 76 0 0 55 0 2 26 59 33 0
4 1 0 82 0 1 0 78 71 58 1
73 3 0 0 69 0 0 36 0 0 16
62 1 0 15 10 60 0 0 25 79 46
1 0 0 0 0 32 2 0 86 64 0
71 0 1 15 0 37 2 0 1 0 0
0 90 50 50 30 65 22 0 0 25 75
49 0 0 0 0 34 0 1 39 0 0
0 71 1 42 1 11 0 3 44 0 71
0 0 0 21 0 0 59 46 0 1 58
83 0 0 1 0 46 0 0 0 1 22
0 16 0 7 0 83 0 0 85 76 0
44 80 0 0 1 0 32 14 0 86 62
0 0 23 0 1 0 0 1 1 0 53
34 1 1 35 1 9 0 2 0 1 0
98 0 0 99 1 0 0 77 0 0 1
0 1 48 12 0 53 36 25 1 7 1
44 0 39 0 0 82 81 0 49 93 0
71 76 13 1 1 3 0 0 88 0 0
84 85 65 21 0 0 58 0 0 70 1
1 16 5 76 62 70 0 0 2 46 40
0 23 28 0 0 82 0 0 62 0 88
42 1 0 87 63 5 1 1 1 0 80
44 1 0 38 0 0 0 9 22 4 32
0 9 0 1 0 0 1 0 0 91 0
0 51 0 0 27 0 1 64 41 17 23
0 0 81 1 0 2 0 46 84 97 0
10 2
0 0
2 0
0 0
0 92
0 0
1 70
1 0
0 0
68 25
1 0
65 8
80 1 0 0 22 1 35 85
0 89 83 2 0 0 1 0
32 0 1 41 0 77 18 90
48 0 18 46 1 85 1 33
71 0 97 0 0 0 58 0
0 0 12 0 0 0 0 0
0 0 0 23 0 0 0 73
2 19 22 1 10 0 0 1
0 0 0 32 0 0 70 86
0 94 0 2 7 72 0 38
0 1 58 0 34 0 16 8
58 0 65 0 69 0 0 0
1 85 0 0 0 0 0 86
2 49 0 81 10 1 0 89
0 0 0 54 81 0 0 63
0 1 25 20 0 14 0 0
0 0 0 0 0 17 96 0
80 0 0 78 0 56 37 0
32 1 0 1 0 1 1 71
0 72 0 0 0 1 71 0
85 48 0 17 0 1 20 59
0 0 69 0 0 0 90 0
5 31 36 93 0 6 0 0
0 34 42 0 0 1 6 0
58 1 1 0 61 49 27 0
36 0 0 0 1 98 1 71
1 0 1 0 63 44 81 55
86 73 1 0 32 0 0 0
45 0 0 1 50 1 53 94
9 69 87 0 1 87 0 10
64 0 64 0 0 1 23 0
51 0 0 0 0 79 12 2
1 0 23 20 93 0 1 2
0 2 77 66 1 73 0 72
34 1 0 0 92 1 0 63
1 97 0 0 0 21 59 56
16 62 42 0 30 0 51 31
0 87 23 39 71 0 0 1
1 35 22 20 87 0 0 38
0 0 0 0 94 0 2 2
1 0 0 86 0 78 1 44
37 51 0 0 38 1 0 0
60 0 84 63 59 83 0 39
0 1 0 0 0 0 52 0
0 64 0 37 0 38 35 51
0 1 0 0 30 0 13 0
0 0 0 0 40 1 0 0
0 73 0 98 0 7 0 75
0 25 2 0 25 0 36 72
72 58 55 0 0 19 13 0
54 0 11 8 94 0 60 0
96 45 92 95 18 0 47 0
0 0 83 0 30 86 0 0
69 56 56 0 1 0 2 0
0 69 42 0 2 0 0 93
58 0 1 1 57 0 0 30
82 0 50 0 0 0 82 0
0 79 49 0 16 60 0 0
0 6 1 41 0 37 1 0
0 0 1 84 1 45 27 83
0 0 32 0 36 0 24 6
63 1 0 91 1 1 0 0
0 46 0 2 0 0 1 11
0 4 0 0 0 85 19 0
8 0 0 1 41 0 0 1
61 6
63 0 18 0 7 0
46 1 47 0 52 0
1 83 82 1 17 0
0 0 32 2 60 0
25 84 17 0 0 0
14 0 0 0 4 0
0 0 0 1 0 0
0 15 1 1 0 0
0 0 91 0 0 1
0 34 0 0 1 53
1 0 99 25 0 0
1 1 0 47 1 50
0 78 0 0 0 0
0 79 0 58 0 3
0 61 1 0 0 0
0 0 51 0 71 0
0 0 1 73 98 0
0 62 1 0 0 1
19 0 82 0 0 60
0 1 0 0 0 0
0 82 34 8 49 93
0 51 8 92 78 2
90 0 0 44 0 1
59 0 93 0 0 80
11 0 0 80 1 1
0 89 0 29 87 68
41 20 0 2 31 9
27 0 41 0 0 85
79 86 68 0 80 86
0 8 0 0 53 84
0 32 0 0 14 1
18 67 0 0 28 0
34 5 13 0 31 0
49 1 75 21 0 0
51 0 76 1 59 21
0 0 0 56 0 2
95 72 0 34 15 0
67 41 0 0 41 0
1 23 89 0 1 0
34 96 0 0 69 54
76 29 0 0 0 58
92 0 0 30 0 0
3 21 1 0 0 15
84 0 1 34 91 82
0 0 25 74 66 97
81 0 1 0 36 29
0 0 40 24 0 0
25 0 0 94 1 19
20 3 0 94 0 0
0 0 0 0 94 66
0 0 94 0 0 0
1 0 28 0 40 0
46 0 70 81 0 49
0 0 0 0 53 74
0 0 78 59 0 0
16 1 91 35 60 0
0 0 0 1 41 1
1 11 0 11 29 1
56 93 1 2 0 61
0 0 49 0 1 0
17 0 0 0 14 0
69 5
42 21 34 1 0
97 21 0 0 71
1 0 0 0 0
21 31 89 0 1
60 86 18 0 86
77 0 10 0 2
0 55 0 0 1
90 0 13 0 0
5 0 55 63 0
1 0 31 62 81
33 55 0 51 78
23 0 0 93 49
0 0 0 46 38
1 1 1 1 0
54 0 31 33 0
10 54 31 16 10
0 86 1 7 0
64 90 5 0 53
86 40 0 0 1
0 15 99 57 1
24 0 58 0 0
8 0 5 0 1
0 19 0 0 88
0 57 69 39 0
0 44 0 0 0
1 0 7 0 0
96 1 0 0 0
85 12 0 99 39
39 43 1 16 0
0 1 21 1 62
0 0 1 45 65
1 23 1 1 90
83 49 0 1 16
0 24 95 1 0
3 0 1 90 1
0 0 77 1 0
91 47 1 1 0
0 1 43 58 38
69 0 0 13 71
0 0 80 16 0
1 41 1 75 25
0 12 92 0 91
0 50 0 78 0
57 26 38 49 0
16 0 0 44 80
57 0 1 0 1
0 1 0 0 0
0 83 0 0 28
1 0 0 50 0
0 89 62 4 0
90 99 0 0 0
40 0 0 0 96
0 60 24 0 0
0 0 1 0 0
0 50 19 0 0
81 17 0 0 0
0 1 0 73 0
95 0 0 69 0
40 0 0 3 0
0 6 0 0 0
90 0 52 1 62
90 0 83 0 35
1 0 97 1 69
41 71 86 0 0
80 0 0 0 1
0 0 76 8 17
0 94 1 1 72
45 0 82 89 43
0 1 0 0 0
26 7
0 1 1 0 0 23 85
32 43 8 0 1 0 0
0 0 0 1 0 32 16
1 0 0 37 9 73 0
0 44 41 29 68 0 0
38 0 37 0 79 0 31
0 1 7 0 86 1 88
59 86 0 0 0 0 0
0 12 0 0 0 0 0
2 19 0 0 0 68 89
2 0 17 0 0 97 0
56 0 80 0 64 38 0
0 67 41 71 0 0 0
0 0 0 0 1 22 0
77 0 80 0 0 0 1
0 56 61 1 45 0 2
0 1 45 0 0 0 0
0 0 64 88 70 0 0
0 1 3 13 32 32 1
1 0 58 48 0 0 60
0 0 0 0 98 0 0
18 0 0 0 2 0 0
0 0 0 1 0 0 73
83 0 0 97 0 1 55
0 22 0 0 56 45 8
23 88 51 28 0 84 0
64 5
0 54 57 1 81
62 1 50 82 0
55 0 7 71 24
27 0 67 0 6
0 89 0 44 0
0 0 20 0 69
0 19 67 0 17
0 0 10 0 0
98 0 1 68 0
9 0 0 89 23
1 62 64 1 0
13 62 59 1 41
85 0 0 47 0
99 48 98 0 27
2 0 1 0 85
0 0 89 1 0
80 1 1 0 0
1 2 40 2 0
1 0 0 1 1
18 0 0 53 90
86 0 34 0 1
0 0 0 0 76
56 67 95 46 45
0 0 1 5 44
0 17 81 67 48
3 1 0 43 46
97 25 89 1 0
99 2 0 76 0
2 1 24 71 72
0 0 68 89 69
0 50 58 0 0
39 96 60 0 0
21 0 1 0 83
0 40 0 1 0
1 25 87 39 0
0 1 28 93 33
1 0 0 1 0
92 46 0 0 59
49 0 51 56 1
0 0 3 56 0
1 0 0 0 0
0 0 67 70 15
95 39 40 0 0
0 15 53 15 6
0 0 0 29 0
0 28 2 12 2
0 74 0 0 0
26 1 1 1 0
0 0 0 0 9
0 0 0 1 54
0 56 1 0 74
0 55 0 1 53
0 0 13 1 6
69 54 79 35 29
70 0 64 0 98
0 1 0 35 0
0 0 1 55 20
31 0 0 52 0
8 0 0 0 0
64 0 57 0 1
0 17 0 45 16
0 6 0 1 0
0 45 0 0 0
0 86 1 5 0
24 9
1 1 18 21 39 88 0 0 0
80 0 0 73 33 0 1 40 0
82 81 89 0 0 0 10 0 1
0 58 29 95 41 2 0 0 0
0 0 67 58 0 1 90 27 12
0 0 1 0 1 0 0 0 23
0 0 0 66 0 0 0 27 0
24 72 0 36 83 63 0 1 97
1 53 1 0 10 1 1 48 0
12 0 1 0 99 1 0 0 0
1 0 1 0 97 1 0 6 0
0 0 0 1 67 2 0 44 0
1 82 1 1 0 0 0 97 0
6 55 0 12 1 0 67 32 1
1 0 98 1 0 56 0 18 82
0 53 0 0 98 0 28 18 45
84 0 57 60 1 0 16 99 94
17 43 27 68 65 0 37 0 2
0 15 0 1 34 61 1 13 71
1 0 37 38 70 40 0 38 1
11 0 0 30 1 45 1 0 80
64 0 94 0 0 0 24 0 62
0 66 0 81 15 1 0 0 50
16 0 77 67 0 0 0 0 60
11 1
0
0
0
0
73
46
61
0
0
0
81
14 5
81 77 0 0 92
1 95 99 0 0
90 0 0 0 2
0 0 0 0 1
1 70 94 20 0
62 0 0 91 0
1 0 0 92 1
0 0 0 40 0
0 0 0 8 1
50 0 36 2 0
79 1 40 1 87
66 0 0 92 16
58 1 1 1 0
2 0 0 0 0
34 6
0 0 0 0 0 0
59 23 0 0 1 1
76 54 0 0 2 96
38 0 0 61 0 0
28 0 76 32 0 97
0 0 1 0 97 30
2 0 42 78 0 0
84 13 81 88 73 96
4 0 15 0 91 1
1 2 0 1 43 0
25 2 50 93 1 60
37 0 22 49 0 73
7 0 12 0 57 1
0 9 1 0 0 0
7 0 0 45 0 75
0 33 0 45 89 0
0 44 1 93 80 62
1 1 1 34 0 29
1 0 1 25 0 3
0 60 0 0 0 0
40 0 0 0 64 0
46 40 59 0 0 48
0 0 21 0 11 0
25 11 0 1 83 0
32 0 0 20 1 49
0 41 69 29 0 64
42 0 0 98 0 99
46 0 77 0 66 1
2 54 6 0 10 1
0 0 0 20 0 2
1 0 0 1 0 66
0 0 30 83 60 0
1 42 0 47 18 0
0 61 0 22 99 1
97 5
0 20 2 82 97
97 56 0 1 0
0 0 0 0 0
0 0 46 29 0
30 23 12 71 0
0 1 29 0 1
99 0 24 0 0
0 0 99 0 1
1 0 0 2 0
8 0 89 1 30
22 5 0 20 0
0 0 98 0 0
70 84 47 0 0
92 9 0 0 1
0 0 1 1 57
6 0 1 75 53
55 38 0 0 53
1 0 25 61 1
0 0 0 0 1
46 86 53 0 0
1 67 0 49 0
0 0 61 0 1
0 35 9 0 97
58 99 7 0 81
0 1 63 0 0
0 24 0 0 0
0 76 1 0 0
83 80 15 58 0
71 1 1 0 0
5 0 64 0 2
0 0 77 0 33
0 0 0 55 0
11 87 1 59 0
0 0 35 75 72
99 16 73 0 20
0 1 0 12 0
0 1 32 14 87
94 1 53 1 0
93 17 0 1 1
27 77 69 52 0
85 0 0 54 91
87 5 77 1 0
1 0 0 57 0
56 0 1 0 0
96 0 0 44 0
0 0 94 0 0
1 0 76 0 0
23 27 72 35 0
77 0 65 0 1
1 0 66 98 67
0 1 0 2 0
0 40 93 22 0
60 0 68 52 0
1 61 31 0 0
36 0 0 21 31
78 75 70 9 0
0 0 0 0 78
82 0 24 17 2
0 22 0 64 46
0 1 0 0 0
45 1 0 20 20
53 18 95 38 0
0 1 0 1 0
2 7 0 0 0
0 0 87 1 31
43 76 35 0 59
60 0 2 1 78
0 0 0 70 0
0 1 39 1 66
1 34 0 0 0
0 91 48 0 35
1 0 1 0 68
1 0 0 9 9
23 0 0 44 0
60 0 0 0 0
30 0 61 0 96
34 0 0 54 73
0 59 1 47 0
58 28 0 0 0
0 56 46 0 0
81 0 56 64 0
0 1 0 59 0
0 1 83 0 28
85 1 49 91 1
40 23 0 0 74
39 14 0 0 0
85 14 1 15 65
46 1 16 0 0
1 0 0 0 0
0 0 0 61 0
1 15 71 0 0
89 75 0 43 0
0 0 0 0 2
0 0 0 99 0
0 0 0 0 0
0 0 0 38 0
23 0 69 0 0
81 5
0 55 79 1 9
0 34 0 0 62
0 0 0 0 0
93 51 5 48 1
74 0 0 1 1
0 28 50 0 0
49 74 38 65 19
0 0 1 88 0
0 76 11 0 62
93 83 0 46 0
0 2 0 9 0
0 2 0 72 46
84 33 0 0 9
91 0 26 1 63
13 51 94 0 0
81 31 0 91 0
0 0 46 0 0
0 1 8 83 8
31 0 37 1 0
0 0 0 0 0
55 61 0 7 0
59 0 1 0 0
0 0 15 99 1
1 98 0 0 1
68 17 2 66 0
0 24 0 0 27
0 22 1 12 0
98 10 0 83 0
40 0 0 0 54
0 0 34 13 0
39 0 0 0 37
0 0 82 1 1
62 78 0 1 82
0 1 1 92 0
72 1 80 78 0
0 35 0 0 0
0 0 0 1 0
1 79 1 0 0
0 0 26 8 0
71 84 0 1 85
0 0 62 0 50
92 0 0 1 1
0 19 98 0 25
40 0 0 0 0
47 60 34 1 0
94 64 40 14 0
0 0 0 0 87
0 0 0 28 1
1 0 2 42 63
0 39 1 33 0
22 0 1 1 0
0 4 0 1 55
0 93 0 0 11
93 57 0 0 5
0 56 0 43 60
74 0 0 0 1
0 81 0 0 0
2 2 66 10 49
0 0 0 50 0
0 45 89 0 46
2 7 34 0 0
74 2 69 2 0
0 74 0 0 0
18 0 0 0 1
0 6 17 1 84
18 0 23 0 1
0 74 0 93 21
47 0 1 1 0
1 79 1 91 0
0 0 10 76 0
0 31 15 0 1
58 54 92 47 0
0 73 15 52 70
0 1 13 0 0
0 0 0 0 31
0 0 25 31 40
1 17 0 24 0
95 0 9 72 0
0 1 0 0 67
0 96 1 0 55
27 0 98 0 0
1 7
0 0 70 0 0 59 76
59 1
72
47
0
0
0
0
0
73
5
0
0
59
0
0
0
0
0
0
99
0
9
39
1
0
3
0
68
37
78
2
1
0
40
56
0
0
0
0
0
35
0
1
0
0
65
0
38
1
48
49
41
0
1
35
95
36
63
2
1
89 6
1 1 61 0 0 45
0 0 38 81 0 69
0 1 93 2 15 16
56 34 2 0 86 62
0 0 29 0 57 12
65 0 0 1 0 1
0 0 68 0 95 0
47 98 0 0 94 14
0 62 0 0 1 1
97 0 0 33 1 17
0 32 0 0 1 0
1 0 0 47 38 0
0 1 0 32 1 43
79 0 0 63 77 0
0 13 28 1 1 1
62 0 0 97 0 0
88 0 0 19 93 0
0 21 0 0 25 0
1 0 83 53 20 0
0 0 0 0 0 93
0 54 98 0 64 0
0 0 0 0 42 0
63 1 63 0 24 83
0 0 0 1 1 2
2 0 0 45 77 0
92 0 74 86 72 10
1 0 0 64 33 1
71 0 60 64 0 0
0 1 0 0 49 50
52 28 76 1 85 0
0 68 45 2 8 44
0 93 1 0 0 0
1 48 45 0 90 0
23 0 0 32 49 56
29 0 0 0 57 0
47 0 0 61 2 86
1 0 15 0 35 0
20 0 69 0 0 0
2 60 0 0 0 1
0 55 1 11 9 1
0 29 60 53 40 48
2 0 16 0 0 0
52 0 0 1 0 49
0 0 0 10 0 1
0 77 0 0 0 0
0 82 1 70 0 17
10 0 22 0 37 0
17 0 95 33 14 1
34 0 1 1 0 1
0 0 86 69 0 0
0 0 29 0 84 0
0 1 0 0 0 5
22 0 1 94 0 0
0 1 0 1 1 2
1 7 57 29 91 1
33 0 40 0 66 38
28 21 0 65 0 10
0 0 78 0 60 0
48 29 55 1 0 0
0 45 0 96 1 0
28 78 88 3 0 12
74 49 0 25 75 99
36 68 0 70 87 0
47 0 0 49 0 35
89 1 52 1 43 0
95 0 0 1 62 0
63 53 1 21 0 75
0 92 68 84 45 42
1 60 98 0 0 0
43 0 46 0 0 0
0 0 1 0 0 35
0 65 0 65 17 8
0 0 0 1 29 1
80 35 0 0 0 0
30 58 33 90 57 96
0 77 1 0 0 36
41 1 65 27 0 1
56 0 0 0 4 0
0 6 28 52 80 56
0 0 99 41 0 0
0 0 60 7 66 0
0 73 10 0 64 0
85 0 0 0 0 0
0 73 96 0 1 0
40 0 1 39 92 1
14 93 0 0 99 68
1 45 1 0 25 0
0 25 0 1 7 0
0 10 48 29 2 49
93 4
1 1 34 12
0 0 0 0
83 1 0 1
9 1 0 79
0 0 1 64
76 32 0 0
0 0 0 0
0 0 0 0
41 0 16 20
1 76 46 40
0 66 1 77
0 78 2 58
59 25 0 98
69 0 52 0
0 25 32 7
0 0 0 85
86 0 2 4
17 85 81 0
1 0 0 28
87 0 52 94
0 2 2 0
0 0 0 0
1 99 87 0
0 0 0 0
0 0 0 29
0 59 0 0
0 91 0 0
17 39 0 1
0 7 64 0
78 44 0 0
0 0 1 1
67 0 0 0
86 1 1 0
0 63 1 0
0 97 0 60
0 70 1 0
0 0 82 98
21 0 15 0
35 20 0 1
68 2 0 28
1 0 0 0
0 0 0 99
16 36 94 0
0 10 66 25
88 49 4 0
28 77 99 66
0 88 0 67
23 1 1 0
62 48 34 3
0 0 1 0
79 92 0 61
0 76 0 71
79 0 0 62
0 94 69 1
19 81 49 73
28 0 91 1
0 0 86 27
0 0 82 0
0 1 50 0
1 44 59 70
18 1 0 1
46 0 1 99
0 0 0 0
0 0 30 23
0 0 0 0
0 28 0 0
0 37 1 1
1 1 31 34
0 85 74 0
0 1 43 17
17 1 0 27
64 0 0 0
0 0 0 0
0 22 1 1
0 44 75 1
86 59 55 1
0 0 1 0
8 0 1 0
0 0 1 0
0 1 0 2
14 0 1 0
1 25 64 0
0 83 0 41
9 17 0 78
86 0 37 0
87 54 0 9
0 57 0 10
78 37 0 26
0 26 73 0
7 5 0 0
1 0 0 1
60 76 0 89
0 0 0 57
4 7
98 0 98 79 17 84 0
0 0 0 0 1 34 0
0 0 1 0 56 0 39
1 0 0 0 28 0 1
91 5
70 0 35 33 50
26 17 8 1 0
47 0 36 0 1
52 0 53 0 11
1 61 1 0 48
87 77 0 0 1
13 53 0 0 0
0 0 1 27 0
1 0 1 6 33
91 0 0 20 4
2 94 0 0 16
0 99 0 28 60
69 68 0 1 0
1 1 23 49 0
78 92 1 67 0
0 0 0 10 0
0 1 0 52 0
6 0 0 78 93
0 71 0 0 0
60 12 43 0 1
1 0 75 0 1
24 0 80 2 40
1 52 4 0 0
0 0 42 45 57
0 25 0 43 14
34 80 38 6 0
78 18 1 0 0
86 0 77 34 0
2 93 0 78 0
0 0 0 0 80
99 0 1 0 0
69 88 0 0 70
7 1 0 55 0
88 92 53 0 0
0 42 1 93 32
6 0 0 7 0
0 1 1 0 18
0 0 77 0 0
0 6 0 0 0
58 75 0 0 8
1 12 47 0 30
12 1 0 60 0
0 2 40 0 2
0 0 55 0 68
69 0 2 0 55
0 0 1 43 1
0 1 0 0 0
33 58 65 0 1
1 0 2 0 0
0 0 0 73 0
0 12 57 31 53
0 42 77 0 5
0 90 0 0 0
1 66 0 1 65
0 85 1 0 42
0 0 0 1 0
45 91 0 0 0
0 82 0 0 0
97 0 1 40 0
0 0 0 0 63
0 86 83 0 9
0 1 88 67 59
0 13 0 0 45
2 1 11 71 59
25 0 34 60 0
92 0 0 0 89
0 1 0 11 0
3 0 20 0 0
61 0 0 0 1
0 0 0 69 0
0 55 43 0 0
43 0 0 70 19
43 0 61 1 0
0 1 0 21 55
65 0 65 0 2
0 4 0 48 86
0 1 6 77 0
0 37 54 92 2
0 92 0 2 0
0 49 81 28 2
30 0 56 58 73
0 57 0 0 60
77 0 2 86 1
0 0 72 0 0
0 0 0 0 1
87 1 53 0 1
0 0 96 0 78
0 0 0 1 0
1 0 86 0 0
61 0 0 0 0
72 68 0 1 0
18 2
0 0
0 3
38 23
1 0
0 0
15 69
86 7
1 1
1 1
21 0
63 81
0 0
0 0
2 74
0 62
10 67
1 0
48 59
52 3
81 60 0
0 25 0
1 51 0
2 92 1
0 0 0
0 99 0
76 1 0
22 11 38
0 48 66
39 0 66
21 0 88
0 0 29
0 0 0
1 0 0
28 37 62
0 26 95
1 0 97
1 0 0
27 0 34
43 0 5
0 0 47
87 1 0
1 0 0
0 16 1
15 1 53
84 52 0
49 0 39
11 19 0
0 0 75
0 1 0
68 63 0
1 29 13
0 29 85
7 0 44
0 0 44
80 64 76
0 0 0
0 38 0
0 41 0
0 87 1
49 92 53
37 38 0
62 0 0
89 0 0
56 22 12
0 17 1
35 1 0
0 0 0
0 0 82
0 20 0
0 31 0
61 93 0
6 9
3 0 37 91 4 81 0 0 58
0 46 96 0 30 9 0 0 0
2 1 1 0 17 0 1 55 5
35 0 0 0 0 0 73 1 0
66 0 0 11 0 40 7 86 0
10 28 6 61 89 0 85 0 59
37 5
78 0 0 0 1
0 63 0 0 0
24 89 0 75 53
1 1 1 67 89
0 0 0 0 36
1 35 0 64 0
74 67 0 0 0
0 2 56 0 0
28 0 0 0 31
45 76 0 0 43
3 97 0 0 0
25 86 77 76 0
47 89 2 0 0
2 11 9 52 14
0 1 0 1 0
0 45 1 72 0
1 1 0 58 0
29 0 1 91 87
0 0 0 0 45
11 29 0 0 0
0 0 0 3 0
0 0 1 18 0
62 0 0 36 77
1 0 0 31 0
0 0 0 0 78
0 13 47 0 0
12 1 0 34 0
0 1 32 62 0
85 77 2 52 0
0 0 76 0 0
0 1 77 0 1
0 0 28 0 0
13 27 0 0 0
41 0 1 13 43
34 0 1 0 44
0 14 0 92 92
0 1 2 0 0
99 8
0 0 45 0 50 0 62 0
0 95 0 21 2 0 1 88
0 0 6 1 78 38 74 0
0 64 0 14 0 15 0 0
0 36 97 1 0 0 0 39
1 0 0 0 92 0 0 34
0 52 47 0 0 1 0 0
9 1 17 0 15 1 6 0
29 0 0 0 0 0 84 4
0 1 1 41 57 72 97 2
40 0 1 0 22 87 0 0
27 9 36 7 96 44 64 0
1 0 0 1 78 81 0 87
58 0 0 77 0 0 0 76
17 0 50 0 39 69 0 0
40 75 0 59 67 96 31 37
1 31 0 0 0 1 80 0
0 56 0 0 0 1 1 45
57 68 0 79 85 0 72 1
0 4 1 0 0 0 97 83
0 79 88 44 0 0 43 84
65 82 0 75 1 85 29 56
45 1 0 91 0 17 0 87
89 0 0 0 3 0 0 0
0 0 45 0 0 58 0 1
0 0 42 0 0 48 0 1
61 0 25 0 30 70 96 90
34 1 0 0 0 0 16 22
0 0 22 0 1 50 85 0
0 68 78 5 80 38 0 54
66 0 0 0 0 96 96 32
0 0 1 1 73 50 1 0
33 0 6 8 0 0 0 0
3 15 0 17 0 1 37 0
0 1 1 0 0 0 1 46
0 0 1 0 51 85 1 94
44 0 0 44 25 89 71 1
0 6 0 0 0 9 84 0
0 5 49 0 0 28 81 0
60 75 95 0 1 5 0 75
1 1 1 55 1 34 41 2
23 0 6 0 96 0 1 59
0 1 13 0 26 7 0 0
0 1 31 2 0 0 37 73
33 0 0 88 72 0 1 0
0 2 47 38 54 22 2 0
1 0 0 0 0 0 2 0
77 0 0 0 32 38 1 5
0 56 80 46 1 0 38 91
1 2 72 86 1 0 9 1
0 3 0 2 0 59 93 0
37 0 1 0 0 57 35 12
6 99 46 0 34 0 0 56
0 0 28 0 0 0 27 0
0 48 0 40 0 0 50 0
0 0 65 0 1 0 41 16
0 85 1 0 0 92 67 19
0 1 0 23 0 9 32 0
25 29 0 0 94 0 90 3
37 0 0 0 0 0 0 1
25 1 1 98 1 0 1 99
0 0 0 0 60 2 0 0
0 1 0 0 0 59 0 0
98 0 0 0 0 0 2 0
75 0 0 45 1 0 32 70
0 0 6 40 44 0 82 34
23 0 83 92 35 2 93 31
88 0 95 98 77 84 82 0
0 0 30 81 0 0 62 6
41 0 96 0 0 0 0 1
89 0 56 0 76 0 68 66
7 24 0 12 82 75 0 0
1 4 0 0 0 0 26 72
28 0 22 53 0 43 8 0
82 0 98 30 0 70 92 0
0 62 0 88 0 0 0 46
58 13 0 9 0 1 0 0
13 2 27 0 24 61 67 90
8 99 1 1 0 0 0 75
0 69 0 35 90 1 26 0
0 89 87 0 0 0 89 93
6 25 0 81 41 2 0 54
0 0 59 83 0 0 0 0
14 0 67 55 24 27 1 70
49 0 0 0 0 0 0 0
72 36 0 0 35 0 0 49
0 0 73 17 0 80 0 0
47 2 1 0 92 0 23 0
0 1 0 41 55 4 0 1
87 0 0 2 0 2 0 6
0 0 37 59 0 0 1 1
0 66 84 0 0 0 97 48
0 1 1 0 40 1 94 0
1 94 0 0 0 2 34 0
87 0 0 0 39 0 61 63
9 0 40 56 0 12 0 0
0 0 53 47 1 0 0 0
1 0 96 0 2 1 1 78
0 1 0 24 0 0 0 0
16 6
1 0 0 14 0 95
0 0 0 24 0 91
67 0 0 0 0 0
0 0 19 22 0 92
0 21 0 53 0 37
1 93 0 0 88 60
0 0 8 0 50 0
0 71 8 0 1 62
0 0 1 54 69 0
0 0 6 0 0 0
0 68 1 35 8 0
1 72 0 23 0 76
0 0 0 0 73 0
40 55 61 22 0 67
45 27 0 0 96 1
78 0 0 36 93 61
16 9
60 0 0 0 0 0 75 6 0
19 0 7 0 6 1 0 0 1
67 35 0 59 55 98 0 85 0
29 0 0 0 0 0 0 0 0
0 84 0 45 77 0 13 0 0
0 0 0 16 1 29 63 91 0
8 0 0 0 68 1 1 82 0
55 0 0 71 40 0 77 0 1
75 31 6 11 0 26 0 0 0
0 0 17 0 3 0 0 1 0
53 0 78 0 2 53 0 0 0
0 0 62 2 83 1 69 0 0
0 27 0 80 82 0 65 0 1
58 1 1 0 0 0 7 1 0
0 0 0 0 72 0 0 74 22
0 0 0 97 1 1 43 0 17
100 4
38 0 0 0
14 22 46 53
0 1 1 1
4 5 0 0
0 14 0 0
0 0 10 65
0 0 22 38
0 6 21 18
0 0 14 0
73 1 19 2
1 94 0 64
1 0 0 0
70 33 0 27
14 0 0 42
1 0 0 0
0 63 89 86
48 0 0 98
38 0 0 1
0 0 0 82
0 0 62 18
0 72 0 0
0 2 1 19
91 37 0 0
67 0 61 2
0 25 52 91
65 51 98 19
0 1 0 24
0 0 0 0
49 0 0 28
13 0 0 82
0 0 0 0
96 0 0 20
1 0 0 0
99 0 0 49
0 0 0 0
78 0 44 26
28 0 0 23
0 1 61 0
85 0 23 91
27 1 52 1
18 64 21 8
0 88 12 0
0 0 0 0
1 0 1 14
0 5 0 28
0 0 0 0
0 35 1 82
0 2 28 0
0 0 0 0
1 0 0 31
0 0 35 0
92 0 2 0
53 34 1 1
0 86 37 20
35 68 73 26
31 88 41 0
67 1 1 0
80 0 0 0
0 0 54 49
94 0 35 0
73 0 30 18
0 1 0 8
0 75 84 0
1 0 0 35
26 0 93 6
0 1 0 35
35 0 77 2
1 0 0 1
60 0 71 0
0 31 70 83
1 12 15 1
0 8 4 87
95 0 62 0
68 0 2 60
12 0 0 98
0 0 0 0
1 0 0 64
0 72 61 0
1 0 0 1
91 0 0 0
0 0 0 0
30 0 8 2
51 99 0 0
0 0 0 54
85 89 1 0
10 73 39 0
68 0 0 27
39 0 42 0
1 0 60 0
68 88 65 1
0 0 0 0
1 0 0 12
0 17 0 0
0 47 0 55
1 0 0 1
0 35 1 0
1 4 78 65
99 0 0 46
20 96 1 0
81 98 68 0
82 10
2 96 1 0 0 0 1 0 9 73
38 71 38 68 90 1 0 0 1 2
37 72 0 1 0 0 54 2 2 0
83 0 0 0 1 0 1 0 60 59
0 36 1 0 16 87 0 0 2 7
91 0 0 41 1 0 21 74 0 79
38 0 0 2 36 0 1 0 0 80
1 0 41 2 49 0 0 1 0 0
1 84 88 0 72 28 7 0 0 42
0 0 1 0 0 5 0 13 85 2
0 87 22 0 0 1 0 67 86 41
0 0 1 45 0 1 75 49 38 19
0 35 0 0 0 43 0 0 0 22
2 0 0 46 0 96 0 1 13 13
0 0 13 26 0 0 0 0 0 68
0 91 0 44 11 78 0 0 24 48
45 0 0 1 13 0 3 0 67 0
0 0 0 97 97 0 11 0 1 0
1 0 1 0 62 2 85 0 23 66
0 0 0 0 1 15 90 44 0 0
73 48 20 43 0 0 76 40 54 0
0 16 0 97 66 47 60 0 76 80
0 0 40 1 85 0 1 0 36 0
0 62 70 19 89 71 25 0 0 2
30 95 0 1 0 2 0 0 1 1
91 0 97 0 0 0 93 0 0 36
0 1 0 2 0 64 1 0 42 93
0 0 2 0 1 0 56 0 87 57
0 0 47 0 1 0 0 28 83 0
5 91 0 0 0 65 41 0 1 0
0 73 0 0 0 0 0 1 0 0
52 29 59 0 13 0 0 0 0 99
0 0 29 1 24 80 2 55 0 95
3 53 0 35 0 0 1 8 1 0
0 1 0 73 0 0 82 1 58 0
75 0 31 0 91 13 12 1 1 73
0 0 1 0 5 0 68 18 0 0
6 41 1 1 35 0 0 32 0 0
0 54 34 0 0 0 0 1 0 0
69 13 0 62 52 69 0 87 92 5
0 46 60 46 0 0 0 6 0 0
19 0 46 0 35 0 1 1 17 0
0 42 0 0 0 19 2 0 0 0
90 1 0 0 0 15 54 69 0 99
0 53 65 37 0 0 50 50 0 82
23 0 0 0 0 76 28 0 98 58
0 6 0 0 93 57 30 1 1 72
0 0 52 0 2 0 34 12 57 0
1 0 0 0 0 7 78 1 75 61
13 38 63 0 1 1 93 2 1 0
54 96 2 57 0 0 66 0 56 1
51 0 52 55 0 28 62 0 0 1
1 3 0 77 0 68 0 1 29 35
0 0 26 83 91 1 0 50 0 0
95 0 50 0 42 87 34 64 46 1
87 0 45 77 0 0 0 0 1 29
76 2 57 77 0 0 0 64 0 53
66 0 1 29 31 18 67 0 3 0
44 1 0 1 0 75 0 59 1 94
0 66 29 2 0 0 0 0 1 0
49 10 0 0 46 0 0 31 0 80
0 20 0 12 1 21 0 3 93 1
45 53 0 0 76 11 0 0 0 0
97 87 89 0 76 98 72 1 0 0
0 33 0 0 18 91 74 74 56 64
0 0 28 0 63 15 94 0 0 1
69 2 0 0 0 14 0 0 13 68
78 29 62 38 41 0 0 80 1 18
0 47 27 1 0 0 0 48 0 0
12 1 0 0 0 26 65 97 0 34
64 61 0 71 0 6 1 23 0 0
0 64 0 12 1 0 35 0 0 29
0 1 31 0 92 91 1 0 0 91
10 0 0 0 2 1 0 0 1 38
42 0 0 1 1 1 0 0 68 72
1 0 68 1 64 77 0 37 1 40
0 0 0 14 15 0 0 76 0 82
0 30 53 82 3 1 0 0 8 0
0 0 0 97 0 0 0 0 50 0
43 35 1 40 61 89 0 0 0 16
1 89 0 14 0 69 99 42 7 80
64 53 27 0 45 41 0 0 61 47
13 8
0 5 0 0 99 0 1 1
43 1 0 0 40 36 12 1
1 4 0 36 25 92 0 35
0 3 86 0 0 1 11 0
0 0 0 0 0 84 0 34
29 1 0 1 70 2 10 0
55 0 0 15 0 0 0 0
39 90 59 0 0 0 0 0
92 82 1 68 0 0 0 39
28 0 1 0 1 10 0 0
32 38 23 87 76 0 0 0
0 0 0 53 43 0 28 0
0 1 53 0 94 0 2 73
1 4
32 3 47 0
6 9
0 0 0 0 48 0 0 0 0
1 0 7 0 42 73 0 16 35
27 0 0 0 26 0 1 70 33
41 90 0 52 0 0 60 0 1
0 1 48 79 92 84 24 1 32
23 0 1 0 68 43 4 0 60
21 10
0 94 1 34 0 91 0 1 72 1
0 0 0 0 53 0 0 39 67 0
2 30 0 1 19 0 67 35 71 45
20 1 59 38 0 0 94 16 29 0
1 97 85 92 86 73 30 0 0 0
0 0 13 0 50 43 1 24 0 0
0 0 54 83 0 0 75 0 0 0
1 16 73 9 63 27 70 51 23 4
0 0 84 30 0 1 0 1 0 0
4 0 22 0 0 0 47 0 0 0
0 90 0 94 61 22 0 0 53 0
1 0 0 0 1 0 0 0 26 70
17 0 24 0 26 0 0 50 36 1
0 93 27 0 80 0 1 7 1 73
74 68 0 0 49 0 0 0 0 0
41 0 99 0 30 0 55 51 0 0
1 88 0 92 0 0 0 20 0 0
0 60 27 0 0 92 0 34 1 1
24 97 0 0 0 0 0 1 0 0
0 93 2 1 54 2 0 1 0 0
34 0 27 96 0 1 24 0 0 0
40 1
4
1
9
79
0
0
0
1
13
38
0
18
0
0
47
0
0
0
23
1
0
0
1
0
58
88
1
12
0
0
0
12
0
91
26
72
84
0
47
83
70 9
10 83 61 0 21 1 91 29 1
16 0 18 51 0 0 0 23 0
0 1 0 83 0 0 0 0 44
79 54 2 0 0 71 25 0 56
0 76 85 0 0 1 1 0 0
43 1 0 82 0 0 73 0 69
95 57 18 44 0 9 1 25 32
0 0 0 30 62 0 2 0 1
51 54 0 0 86 0 1 45 1
61 17 55 56 1 0 36 75 0
85 67 20 0 0 0 14 0 36
45 0 56 0 0 24 57 0 0
17 49 0 43 91 0 0 1 47
78 0 0 23 0 1 44 0 21
13 0 0 1 14 50 0 0 82
30 0 0 5 0 1 22 1 0
66 0 0 0 22 0 0 0 51
59 65 92 0 0 1 0 17 20
0 1 0 20 25 26 1 0 76
18 0 23 0 0 0 0 1 0
0 79 59 65 0 0 0 0 77
0 61 1 82 1 80 0 0 1
0 1 35 0 1 55 0 54 1
0 37 0 0 1 92 0 1 0
1 1 0 0 77 0 67 0 69
0 0 58 0 91 1 0 0 0
0 2 15 0 36 0 0 42 83
0 24 1 0 1 0 1 64 1
85 0 46 0 11 0 0 0 0
2 0 1 1 24 63 0 33 0
7 0 1 0 48 0 0 0 42
0 0 21 97 1 0 0 70 0
38 87 0 0 1 0 17 29 12
0 0 88 97 0 0 0 0 0
0 29 0 0 0 86 0 42 1
0 1 88 0 1 16 1 99 8
0 0 24 0 0 66 48 0 0
1 0 34 0 1 1 0 0 1
0 26 70 0 0 0 0 68 34
0 0 1 0 92 34 21 21 42
0 66 6 0 0 0 47 0 1
0 76 14 0 1 1 0 1 87
0 1 0 71 92 58 0 81 88
0 1 56 0 94 0 0 1 42
1 0 0 1 0 0 78 1 0
37 0 3 61 2 31 0 0 0
0 15 86 5 0 70 81 2 43
35 89 93 0 0 2 91 26 0
22 1 59 0 33 0 1 82 17
0 0 75 0 1 77 0 0 56
0 1 0 0 41 0 50 0 18
99 53 0 1 66 1 0 0 1
0 0 16 0 0 0 78 0 0
0 0 0 0 1 55 0 0 10
30 0 0 58 7 11 0 0 5
0 0 87 38 72 0 0 27 46
0 8 52 1 0 0 2 1 0
40 61 0 0 39 90 56 0 0
0 0 0 0 0 1 36 1 0
73 0 0 0 0 0 0 0 0
50 0 0 55 0 0 0 0 0
59 63 0 93 39 1 0 0 98
0 0 0 29 1 1 0 0 64
51 0 0 0 63 79 41 98 59
0 16 8 1 0 0 0 0 0
28 19 2 22 1 0 1 81 0
0 0 12 0 2 0 0 0 0
49 84 44 19 57 57 0 15 89
49 83 0 88 0 13 0 98 0
44 5 0 0 35 0 0 0 58
92 10
0 0 84 0 2 46 89 14 52 0
47 1 0 0 0 0 16 64 0 0
44 0 64 30 95 84 0 0 36 56
0 0 1 34 0 0 4 65 0 66
7 1 0 12 9 0 1 0 0 78
1 27 1 0 92 82 0 2 1 2
0 85 0 0 3 0 1 0 1 89
91 0 1 1 0 87 0 0 0 23
0 0 0 25 0 1 12 0 0 19
0 8 93 0 35 0 2 1 0 57
0 2 36 36 0 0 0 2 0 1
0 2 0 0 32 82 1 0 76 0
54 36 52 1 52 0 46 91 20 6
1 85 89 43 47 0 74 0 86 19
30 0 0 0 0 82 1 37 0 2
1 71 0 1 0 0 0 0 0 76
0 0 0 1 0 37 54 0 0 1
0 83 0 0 0 0 83 0 0 0
63 37 88 0 0 0 0 1 0 0
53 93 0 0 0 76 60 65 62 93
0 2 64 0 61 0 88 0 0 0
0 0 0 56 0 0 1 0 0 4
0 0 0 0 0 50 31 0 41 13
57 1 51 85 0 0 0 0 1 1
82 0 0 0 0 25 73 1 1 0
93 87 0 0 59 38 0 0 0 66
0 74 0 42 81 1 1 76 10 0
56 1 9 10 0 0 0 0 0 55
0 0 73 76 33 0 48 90 77 49
2 1 42 1 0 0 0 70 35 51
94 1 1 55 0 0 61 1 52 0
35 0 43 0 74 1 0 77 75 20
53 0 0 41 0 0 1 0 1 10
0 82 15 65 0 82 0 0 93 0
28 0 43 1 0 0 0 1 0 73
97 0 78 31 2 0 1 81 0 49
82 0 61 54 0 97 32 93 0 0
70 31 2 0 70 1 0 84 0 2
46 0 47 4 0 0 37 44 76 51
0 0 90 4 0 94 15 14 0 0
0 0 0 0 1 0 1 0 50 0
27 1 44 1 0 54 0 0 1 0
1 0 39 97 50 0 14 0 1 75
0 0 47 10 10 46 0 43 86 0
1 1 1 67 86 43 64 0 0 98
0 39 16 0 42 0 0 23 0 39
0 1 22 0 0 94 74 0 41 32
59 0 80 63 0 0 0 11 39 0
5 0 60 83 0 2 0 0 25 1
53 0 48 0 0 62 34 89 32 93
0 7 0 1 0 0 0 0 0 0
0 0 0 18 0 16 0 0 26 43
91 33 61 6 39 0 0 0 0 70
0 78 28 0 29 46 0 37 55 98
0 3 1 1 28 36 0 0 0 0
0 1 0 75 1 85 0 1 0 0
77 0 98 0 0 0 1 11 27 0
1 66 14 33 0 0 71 0 1 93
81 0 79 0 0 0 18 71 14 0
0 0 0 42 39 0 57 94 0 0
0 50 54 15 80 95 7 1 0 0
88 0 0 1 43 0 26 20 1 0
79 31 0 1 82 0 44 0 67 0
35 26 43 0 0 0 1 2 0 0
2 99 73 63 87 0 52 83 77 0
0 1 0 17 0 0 0 1 91 0
0 99 2 42 37 92 0 2 33 83
0 63 0 99 99 1 43 0 25 97
1 0 0 14 0 87 97 0 0 0
0 1 0 68 36 0 1 0 0 0
21 16 33 16 0 0 58 8 0 20
22 54 91 0 12 81 16 86 1 62
0 0 32 1 76 0 0 31 0 0
0 67 77 80 0 0 65 61 0 23
0 0 0 0 52 0 22 0 1 5
89 27 0 0 0 0 6 0 0 17
0 80 1 39 0 47 88 0 0 1
1 68 72 0 0 0 86 0 65 1
0 64 0 92 0 0 95 2 1 0
79 0 1 99 2 0 68 21 0 1
0 0 0 82 0 0 51 7 0 0
99 0 71 0 57 9 0 0 1 0
0 0 99 10 52 3 0 0 9 0
4 0 94 94 0 2 0 72 0 1
0 49 33 0 71 84 0 0 18 1
96 0 0 0 0 30 14 1 96 0
0 97 7 70 0 0 49 1 1 71
46 87 1 0 0 27 1 68 6 0
0 0 0 1 7 73 0 0 29 37
0 0 73 0 38 57 35 0 0 95
74 0 0 98 7 30 15 30 0 85
0 0 29 92 0 1 71 1 1 0
77 6
53 0 0 10 1 0
66 1 0 1 26 54
0 4 59 84 0 28
70 0 1 80 70 1
0 0 1 2 3 1
10 13 12 0 83 0
0 0 0 12 0 75
46 0 24 42 0 91
58 1 49 3 0 0
0 62 12 0 35 0
24 0 0 44 0 0
0 76 0 70 13 0
0 18 0 2 11 0
0 45 0 1 0 19
0 45 56 29 48 0
81 72 98 30 0 0
42 0 17 0 0 0
0 30 0 66 0 6
0 96 99 0 12 0
1 0 91 0 0 16
0 92 0 91 11 0
85 33 0 76 90 1
0 0 0 1 0 0
0 19 0 1 29 0
19 1 1 99 89 0
53 1 6 0 0 78
0 19 0 0 38 8
28 93 77 32 0 11
48 25 0 38 81 0
0 39 0 17 0 5
1 0 0 0 8 0
0 0 18 40 0 0
14 44 67 0 0 67
1 0 0 45 26 0
0 22 48 0 0 64
1 34 1 0 53 1
0 0 1 0 65 0
0 46 0 91 8 0
0 0 36 1 0 1
1 0 25 0 0 75
0 30 86 0 0 0
0 3 74 1 80 13
0 52 29 70 7 84
0 0 0 83 90 0
0 56 0 13 0 67
87 84 58 0 93 0
27 90 29 59 2 64
86 0 1 0 0 23
0 0 73 67 72 0
0 0 78 88 0 4
0 1 0 0 0 18
0 16 1 93 1 4
14 64 67 57 0 1
71 0 1 93 1 2
0 33 0 44 27 49
75 0 0 0 0 28
64 1 99 58 18 57
7 61 1 0 0 31
46 0 86 3 0 91
0 1 1 48 0 28
20 0 2 0 0 69
0 10 0 20 0 14
0 22 1 49 0 0
86 0 0 0 1 2
0 0 0 0 0 1
50 57 37 0 0 1
0 0 46 0 0 0
6 2 0 0 1 1
0 1 84 0 0 93
13 33 0 62 0 0
0 43 68 91 0 4
0 20 2 1 1 44
69 0 17 0 13 88
97 57 0 55 0 0
0 0 2 0 0 0
0 0 76 1 0 9
0 6 92 1 0 4
89 10
64 0 62 0 92 33 0 42 0 1
16 57 44 32 1 0 0 0 81 0
89 97 1 0 1 0 0 1 23 0
1 0 26 87 62 71 95 36 0 36
96 0 42 0 0 15 23 6 71 86
24 1 1 39 0 0 0 0 0 90
0 0 0 53 0 51 80 32 82 34
12 79 0 1 0 0 68 70 0 81
41 0 0 55 58 39 87 1 0 11
0 1 90 0 45 0 43 1 0 0
1 30 1 0 1 0 1 1 0 2
0 0 31 0 26 1 1 0 81 0
0 0 2 0 15 68 1 0 0 0
27 1 0 0 1 0 87 25 0 1
0 42 0 0 12 0 82 87 0 93
83 48 0 0 0 0 9 0 17 1
1 23 20 0 0 0 64 41 42 80
77 1 0 0 0 34 0 0 1 0
0 30 1 55 2 1 0 4 32 0
0 1 0 39 37 0 10 1 0 0
0 41 88 0 7 6 17 15 0 71
96 12 95 0 0 0 0 0 51 0
0 34 0 0 35 1 2 98 94 52
0 23 94 0 0 90 0 0 1 0
0 31 0 70 0 67 0 0 0 1
0 0 0 0 0 16 0 0 0 31
0 1 0 93 0 0 0 74 0 88
1 0 53 0 73 0 1 38 19 0
71 66 0 84 1 96 0 47 1 0
19 74 0 0 25 0 0 0 0 43
0 0 93 0 9 52 2 1 0 49
0 1 0 1 0 0 0 2 0 2
76 1 85 0 14 0 44 31 0 0
0 62 0 15 0 0 16 0 3 0
0 1 0 77 48 2 88 31 59 0
0 0 3 0 0 0 81 8 0 1
1 1 20 0 21 0 0 0 0 7
29 34 0 99 18 0 2 0 83 0
0 0 1 0 95 1 0 0 0 89
0 91 0 25 1 0 0 65 34 1
0 0 0 0 1 0 0 38 2 1
0 30 0 44 40 0 85 0 98 23
0 42 1 0 0 1 67 1 1 53
2 78 0 0 61 45 0 74 0 16
21 0 40 89 70 1 1 0 0 0
11 0 0 0 19 4 56 2 0 0
0 0 1 0 1 1 69 1 0 0
0 48 0 88 0 37 0 0 0 30
1 0 10 0 0 46 0 56 0 61
32 0 0 92 36 49 0 16 1 1
77 0 60 0 0 0 0 0 62 1
56 34 0 19 40 0 0 4 0 1
0 0 0 44 55 1 76 0 1 11
48 1 0 0 1 0 30 0 95 53
2 23 0 0 1 2 0 29 0 0
0 67 0 82 69 0 79 93 50 90
1 22 0 67 91 15 63 12 0 0
92 0 0 16 0 0 0 0 1 0
0 0 62 4 0 1 99 2 0 1
4 23 1 0 11 2 81 6 0 59
0 0 0 0 0 0 16 54 0 42
0 0 67 0 76 0 23 0 0 0
0 33 0 2 71 89 1 0 0 0
0 0 1 59 0 19 0 0 0 58
48 10 0 97 0 0 0 0 41 20
39 92 72 0 8 0 0 0 83 0
34 45 19 5 68 0 50 0 72 0
0 24 0 95 14 0 48 71 28 0
0 1 0 59 71 0 0 91 1 1
20 33 91 0 0 79 74 0 88 93
0 1 0 1 82 26 1 0 0 0
79 1 0 78 0 0 56 0 1 1
2 5 47 43 0 88 0 22 1 1
49 0 2 46 0 0 79 1 0 18
78 0 0 9 23 0 0 8 25 4
86 65 46 0 63 0 0 0 92 76
0 0 2 74 0 0 58 0 1 0
1 0 0 0 0 0 73 1 0 0
14 0 63 19 0 0 1 2 0 0
0 12 0 42 1 69 69 7 81 0
0 0 0 83 5 72 8 91 0 0
49 9 88 0 4 21 90 0 0 74
0 0 44 1 98 34 55 1 99 89
1 13 68 12 1 66 65 98 0 0
0 0 6 33 52 98 65 1 0 1
0 0 0 0 35 0 1 0 0 56
0 18 0 0 2 0 27 0 0 66
0 3 0 93 0 0 0 1 0 0
20 0 0 0 0 0 56 0 0 83
61 9
0 69 4 2 62 0 95 0 0
0 36 0 0 86 0 63 0 1
0 0 0 61 46 21 0 0 1
0 0 0 85 1 0 7 0 87
1 0 78 12 93 0 0 0 0
2 0 0 83 40 0 0 60 0
0 7 0 66 37 0 0 43 1
0 45 1 87 0 44 87 7 32
45 0 1 0 0 0 0 1 1
99 27 62 1 0 1 0 0 0
66 0 64 24 28 84 0 0 0
0 0 0 34 0 0 0 0 0
0 82 0 0 5 0 46 35 0
0 0 0 0 0 0 0 1 0
0 46 0 1 86 0 0 0 2
0 0 76 41 53 0 59 1 0
0 25 0 0 0 1 2 0 0
0 0 77 22 40 2 0 27 84
93 0 0 1 59 0 0 0 60
0 1 21 50 33 0 0 0 0
25 0 75 50 1 0 42 52 0
0 0 0 1 0 1 0 80 63
0 0 1 0 0 1 0 24 0
89 47 79 23 0 1 0 69 1
0 0 0 66 1 2 1 0 0
0 0 0 69 76 39 0 72 0
53 0 0 45 51 0 58 0 89
1 53 4 0 0 0 0 1 1
0 0 0 57 5 0 0 11 86
65 23 0 41 59 6 0 86 60
28 0 0 0 11 0 0 0 1
83 2 5 91 28 0 16 0 98
0 0 49 11 0 0 0 72 0
83 8 0 90 24 0 12 81 0
0 1 32 48 0 0 67 2 1
1 35 0 0 0 0 0 42 0
98 75 0 0 0 0 58 1 97
0 0 0 1 1 9 17 0 0
98 25 1 0 1 0 0 0 0
0 1 43 86 31 11 0 25 0
87 2 0 0 0 0 1 0 0
96 53 71 0 0 0 56 35 0
62 26 0 0 49 0 1 0 0
0 0 1 99 1 0 18 25 31
1 40 0 0 70 0 0 28 0
0 36 47 0 94 71 32 75 0
0 1 0 55 0 0 0 0 0
1 0 16 10 11 19 1 99 20
75 4 69 4 0 0 0 83 92
10 0 0 26 0 1 0 36 0
0 1 1 0 0 32 0 62 1
48 1 90 0 59 0 0 82 0
1 81 47 1 0 0 2 1 72
71 1 0 1 1 0 27 86 0
0 0 92 62 0 16 0 0 98
41 36 32 6 0 91 58 5 0
0 1 1 0 1 0 15 1 85
96 1 46 0 0 0 89 1 24
0 20 60 17 7 8 94 0 98
1 30 7 38 0 45 0 74 0
25 1 0 0 0 24 0 43 86
61 6
0 55 72 0 1 56
0 15 1 41 0 0
83 0 7 13 0 1
1 1 88 0 86 0
1 1 0 0 0 2
18 0 0 0 1 0
78 72 0 3 0 84
86 87 0 49 63 0
0 84 0 63 60 0
97 0 55 67 0 55
47 52 46 0 22 0
77 2 0 0 1 39
73 0 0 86 81 0
51 92 11 0 23 0
36 0 1 0 0 64
21 1 74 0 0 0
28 15 0 68 98 20
89 18 0 87 0 1
0 0 0 8 0 0
61 0 2 0 89 93
0 1 77 1 37 1
0 1 98 0 0 0
0 65 0 0 0 0
0 0 0 86 0 0
0 24 84 70 0 0
12 66 38 1 0 0
77 60 0 20 1 2
0 15 98 0 0 1
54 0 38 1 99 24
12 0 0 0 0 15
0 21 2 28 65 0
1 0 46 22 0 79
0 0 0 35 93 83
63 0 0 0 56 60
0 45 1 0 51 53
14 55 58 0 26 32
70 80 1 0 69 94
1 0 14 0 0 63
21 0 0 0 85 0
0 0 22 2 97 18
1 0 0 0 0 0
0 3 0 7 0 0
51 26 1 29 0 19
1 22 79 63 1 14
33 0 0 0 95 0
0 1 1 22 0 60
1 0 0 0 1 66
93 23 0 41 42 0
0 0 1 0 45 38
0 0 91 0 2 31
0 88 0 0 0 0
0 1 42 24 0 0
88 1 0 0 2 49
97 53 0 2 1 0
25 47 4 47 0 0
98 58 0 0 0 0
0 0 11 1 80 0
0 24 93 61 0 1
0 0 23 0 1 27
76 0 19 81 0 1
0 3 1 0 50 0
46 7
39 85 59 15 0 0 0
0 1 0 3 89 0 1
0 29 82 0 53 1 36
0 0 1 1 97 61 0
32 91 62 0 72 0 1
0 0 0 16 87 0 1
0 0 73 45 0 0 15
0 0 0 55 0 0 55
0 0 1 0 0 0 1
0 0 43 0 89 0 0
0 0 0 0 13 71 25
22 2 62 1 0 49 26
86 0 0 14 2 0 0
16 0 13 0 39 52 0
87 26 0 33 0 0 96
0 58 7 43 0 38 1
83 21 1 0 77 51 0
0 0 1 1 1 0 0
70 0 29 0 41 60 63
0 66 0 0 86 0 0
0 0 0 76 0 70 0
0 74 0 1 60 0 91
0 0 0 28 21 1 48
0 1 0 75 35 0 19
0 1 67 0 0 1 0
0 1 79 22 0 35 0
5 0 14 0 49 54 55
93 40 0 0 0 0 0
0 0 0 0 0 0 61
70 0 82 86 0 10 65
0 69 0 0 52 0 0
1 0 35 1 5 1 0
92 13 1 0 2 1 16
0 70 15 1 59 42 0
75 30 3 85 5 0 0
89 0 71 0 0 34 80
73 98 0 15 0 82 50
0 0 1 0 0 0 0
41 0 7 0 57 1 0
0 1 40 0 46 17 0
0 0 0 0 75 58 23
0 11 1 0 86 16 0
33 66 0 12 0 78 13
0 30 0 0 1 0 2
82 1 0 60 0 0 0
0 0 46 0 0 0 0
65 10
2 0 40 0 18 2 20 31 56 66
0 36 7 0 20 20 0 1 1 29
0 36 74 0 0 0 54 0 19 1
0 67 29 0 0 94 0 1 80 1
0 9 32 40 0 70 0 8 60 1
78 1 0 27 41 52 0 27 6 0
66 0 63 0 0 47 21 0 28 50
0 46 79 59 0 4 1 54 87 0
73 0 1 0 12 75 2 1 0 0
1 0 94 1 72 0 1 17 0 1
30 0 41 89 0 97 0 1 0 1
0 0 0 57 0 30 0 37 82 85
0 14 0 6 40 56 96 2 0 0
96 0 1 37 1 1 9 36 25 1
0 0 0 0 35 1 0 31 66 0
0 87 42 27 89 64 0 1 0 23
0 39 0 69 40 0 11 1 73 0
2 0 3 0 0 53 80 34 31 0
36 0 0 27 35 88 34 52 0 88
76 10 66 77 0 0 0 67 11 0
0 0 0 0 11 29 23 25 77 85
12 47 28 1 63 50 0 0 0 0
84 61 0 42 73 0 1 51 91 44
72 1 2 0 1 0 51 0 0 49
12 0 0 49 3 10 54 28 4 2
0 0 0 0 0 76 0 0 74 64
27 2 0 0 0 1 86 67 26 49
33 40 98 63 41 62 0 0 27 0
6 83 57 95 96 0 50 0 0 0
1 18 18 0 0 0 5 25 0 0
0 0 0 13 63 70 21 45 96 0
0 0 48 83 0 76 0 0 90 0
5 20 59 78 19 23 0 0 1 0
1 0 68 0 0 2 0 0 0 0
49 45 0 0 78 0 0 2 0 1
0 1 58 0 0 0 7 0 0 0
1 0 0 73 69 0 1 84 78 19
90 0 1 0 0 0 96 0 42 0
95 1 8 93 2 1 54 45 45 99
21 89 0 0 0 11 0 12 0 61
0 0 62 94 1 0 1 19 0 80
0 41 0 76 0 94 35 0 55 2
0 0 58 0 56 87 14 0 0 2
73 0 16 0 19 85 1 0 41 0
0 0 99 62 44 10 39 0 73 0
1 68 0 47 0 0 0 30 0 0
1 11 38 15 86 9 99 48 0 0
0 0 0 18 0 53 72 0 23 22
89 0 35 57 47 39 25 28 0 1
0 0 64 0 0 0 0 0 0 91
0 0 1 0 0 69 0 81 0 37
0 0 36 0 1 0 65 17 0 0
0 0 36 0 3 0 0 20 0 0
0 0 19 2 0 16 28 53 0 0
1 80 38 0 9 1 25 0 65 0
0 96 31 0 0 0 0 56 63 0
0 71 0 0 0 12 0 0 70 0
72 81 0 0 6 0 29 49 1 0
0 6 2 81 0 79 0 0 0 0
0 94 44 49 0 30 0 71 0 48
0 1 2 70 0 1 0 0 53 0
36 1 32 0 9 0 86 37 39 11
68 22 63 77 0 0 0 81 0 0
0 21 15 30 81 62 32 0 0 48
1 74 0 79 80 34 0 0 0 1
5 3
23 0 45
8 71 0
0 15 2
1 69 0
15 0 0
