540
679
2899
4580
1232
4306
4978
2714
3588
3701
2401
3829
4129
1196
121
4264
970
164
4817
2221
1235
2066
726
1541
2038
258
2435
1948
3442
1221
326
2960
1630
1388
997
4357
978
2208
330
2160
2662
275
2182
3282
329
175
497
3789
3226
1300
532
4477
1111
2628
3452
3237
1486
4314
1710
2634
4089
2201
3267
3801
2022
2828
4937
3819
1145
4063
4886
1819
652
4515
3396
2994
713
1697
3120
402
1190
3853
904
4268
2012
2700
182
2473
2022
171
3703
1998
803
3231
2672
3571
2022
1727
1780
4332
2469
2116
1374
2887
907
2940
1332
783
127
1554
3043
3971
2851
3384
1117
4347
2619
3089
4945
3300
3326
2443
3705
2754
930
261
250
3512
3704
3818
3096
4849
3114
836
2361
648
2235
2415
1088
3687
1895
2862
3730
957
4937
2917
4909
154
1548
2408
693
4143
4874
2265
2199
3381
413
2034
4583
2884
3347
1437
2965
663
2717
958
2211
4926
445
1026
3433
1913
4662
100
2354
3134
1173
1882
3142
2789
4642
151
213
2980
1884
1596
4860
234
3676
3468
4511
3294
3749
4188
2198
4258
2956
1020
906
1570
4303
3067
880
2864
3929
253
2674
2229
1890
1990
4750
4982
1153
1878
3278
140
711
3421
4203
423
659
2188
933
2831
2883
1271
3149
3031
3908
1980
1371
4136
3612
410
2474
2016
316
4466
620
3944
2789
4719
4255
416
3801
2691
3367
3771
1911
1946
3120
2493
1124
1603
4411
391
2445
2797
2307
1855
4326
2886
2344
2200
2677
936
4671
699
1105
629
531
3735
3014
4026
4446
4873
2277
1937
2371
150
935
2202
1147
2580
3430
1385
2977
2409
846
4916
785
3195
1646
1844
889
1420
3082
1927
3931
4558
4275
198
3533
1231
527
3437
424
2601
1477
3206
790
4232
1857
1982
4835
4213
1534
551
1334
1709
1758
1722
1807
666
1501
3026
659
3367
3126
3510
4985
3949
1019
1090
2921
3597
4710
3858
1715
229
1331
4813
4174
2662
565
3466
4213
817
672
822
973
189
953
3038
3987
748
1479
1969
836
902
4549
1653
4872
3345
4459
567
3480
4387
3881
2601
639
1977
2271
2595
3516
958
1571
4956
4589
3012
142
3261
169
2668
2258
1644
2583
3863
3036
3072
751
862
3011
1893
2180
4811
4686
3495
623
4693
1419
1079
2400
1677
4667
1532
3122
2658
4562
876
1472
1229
4077
4914
4354
1609
1882
1148
1407
3692
2374
3920
3245
1660
2228
3785
2509
3383
272
2744
1253
4879
2603
2015
4231
2377
2664
4694
1007
3848
4403
1379
467
4914
2128
913
760
2196
2551
4641
4559
4672
1386
4518
3045
2239
3199
212
1662
3316
3174
3406
1081
1500
2705
2146
575
1638
3793
1045
233
3529
4582
1114
4105
4865
2230
154
4915
2161
3990
3076
2983
565
1615
1138
1748
1379
1814
4400
634
1555
4140
3759
865
3835
1003
2881
3947
4414
4178
3680
933
1517
401
941
2041
1096
4271
2896
4633
615
2922
4671
2897
4438
2029
734
4463
1750
4413
1195
2249
3003
2400
1142
1512
2082
1469
3289
2363
655
161
3896
4928
3620
687
4282
2005
2834
1921
