100
37335
984
5581
39027284
7843902
650575535
16
95049
9731317
101
590585023
5127
836
155
7928341520
8951382814
1
7
4
8874
942
4018829
14482
69522
3693
6288
9647442
860263904
282
510172
895355
7
805621
5150
93594
9
4
118163182
672205611
9794861891
3
3313497305
553
2650366147
91245
58648478
6089195
5045195456
7328284043
30261379
99843797
485103
3
753545
575
9877610
5090
8100402
556216
1
96133
267089
652878898
36884287
2121399
1732514384
3
3
80
627335
3695835
67383887
8
29548
8552218126
514507558
40685
9166
31
5537996
104
3
7876054720
969274848
79132
665185046
4
504866062
5
34200440
71
92657707
78430051
707019679
801529026
86
62
540
5055264
939442
