100
414287669
949264892
70
4
91003
447344905
898084176
977051151
921877488
7814191
979968110
231974962
60318
498837
38439
348069
9
5241492
3965824
2221308
41
818
13507444
91843
3
3459739
95076
29078745
460414642
4373379089
5674
439339153
59
9286
6194
7322128901
668833
65077
3859723
78190982
979855279
7962567641
590
403826617
627548634
6
1
6189084
1
2255550
2903778378
25213314
347
5454958168
275873
1887419
1
171
778
26436
948711372
26466490
7
292168894
6098321342
988
471995
97
67883196
595929424
147
389250
4986948
5
195825469
8560161323
2
863944
949043
218724537
12589
154
6046787
3073
106471115
9554028
684662367
819337
1804
2033635
1557
61
6154440937
88
861197662
5787
159
5
56569512
1210428202
