100
59980
807
4397203945
7684
919
33234
76531
2031190
42313
150706320
2434760676
3
87112449
91
48
3045471
7393983
520954
6958288
38494
679
2277745064
2
4043
2139
99513309
973238
9411451807
613
641174290
831126289
567
94615166
27531638
12518799
169
6634
429207
3059
9836135028
891357974
964787838
7621
67095684
4073
15
7977853968
595767633
1
7
333
7
79169698
66291970
33
3965
1091280642
1075814
1213
690667
27091017
7216
5443697
746
92814
2
2378143
39836284
936908
28808
34264508
8904723360
2013
946826
983355376
2022370463
49353937
156
844130630
34778436
598
53
4597201617
4099939633
9830723282
702831109
384
4308
89
60693888
503856185
6
6412401790
16
44655678
345
52
7171533604
862339
145541988
