100
80
5126
89573441
74784351
8175315
69006
93
7738622
97
706516267
73863
560227
9
5510409486
5843796
412172
902
819643
2871
910989
4719801
637
38
1208707862
930016747
91474
4714744
8644
753253542
91
35298
895531298
7278
56
3267572
47127
525
7964018
180
7
9
276971
654878576
426715
65
15
7
672608654
453410
78876
418999010
6894
7813367
4717703
665957177
551
58
43011
40067094
2003910
833
1456999008
316
8544
4475793
967
5
391
23
65
6764100969
68931
977
6981043396
5299390
465671943
58839
734942
14
391
89
8897751
6164270739
525137
6266424
632
34
4816881928
10975591
857273
86936
4486899
388453
14322379
24439
977
2544
9324076749
4295051
527296733
