100
1724185844
9688769
8622551446
18892907
82200
78
420
545281
2154947
44118
6904
88
78884
4703857
9
4612917308
7983361426
1
282582
6041069589
5
53416
2205
861345667
79984771
854461425
8645992668
1750629539
837763140
868
6004065
953
1997471
6977570
10020
6093730
7628485724
3
595
954776
47870809
97125
99674080
75633
6229130127
682
498482764
228
63997810
75747
2657405
4338878643
7156
3385773
4829
2892302008
15953
611960695
7
8289404436
6209
944657
87
7435
571613
58944245
7
884
4566
905
358363
2460884
162048993
4698365
9879335
539989
7
78844
126
445403
38
39120219
5074
5875
3779
9994
8
313
66558
8556854
69249680
13877
3
3899
9
553
2
497148948
5
57170328
