100
2758
8435
1504
865955355
27065
2
90574
283080
2888351027
8917632139
4
10498427
770
602852961
63
5216396
274168348
69846
62325
41
303
422565470
366643
5769117
576522
14131
2
57756388
57880725
2001677700
831
38
27664
4554710
5119
9
8
624
1741
57
84649222
7
945544
86112508
4155
2150573991
282022
23
580363
6044
4588080155
9741457427
762192
36916
84
41733
5414378143
668044835
881
13186
82046829
782464013
788712145
841
87371411
668989
98227
8003439
5
65379
7117915159
3
761884236
4458
976408
5
518028506
453309444
34740
10661
5061023994
19643
5
16636999
9027209
846
928704336
927
4
2962080
6
55
58618524
20114085
54476
5352427225
81
59482722
6104592285
9
