100
89
3594
5493221648
982376
624747
6
69748
3455
7051
35032
6438007033
9
9
7688
30
4068
5
4
5598878
901
145
751
430809001
40
9
899141463
31
849670491
4410613714
98786
275289248
98
891108357
83
3
56
4
32
460
110
2213418984
7727
73
84336230
834657
1090840135
563
179053
29005954
94042
15145600
97274524
642407
1183640
449469539
655
9214576462
35317
3383998488
2457683
397445818
9704534540
21386
36404608
793504
59
4572557
676943657
986271
6642551043
8288049477
93879063
594861
564779551
67969609
20
72738
3289847532
74244
8084
4
54840911
21
7889016
109451
4946716315
368
9418641217
439
60528255
7220114
47833074
58
749
93
7880
75
481
903945
7
