100
896255769
29
96
3364410
51817
470325
8190492574
1
3
22003
83
9229499
616
283
579605
152
433015422
5874
7839
7
368583301
142618
6411
887636634
25
28
49
450489443
96553281
56
41851
800672071
86
8394835038
131
524946538
1
92801
8
254
43
4853
59717346
60780
64
4873488636
5708438794
160460
706
9268043972
73201217
23431484
96693619
474
49570
491746052
99
959312227
3765257
683321
3
5146195
509
10346193
5
3523873265
868
4204
44533648
77721111
971310
25
6970
940
8
4786009314
7
5177
75834
99
3172
119738
94062
8124695168
358622
1506886458
8402860832
48
869390240
317966
62290000
66929
81
715
643
93105
499
99
9519819142
871925
