20
361 732
283 20
31 29
90 283
338 303
146 57
256 285
288 281
57 201
1 13
347 72
108 184
151 352
289 250
4 246
57 231
342 340
190 313
308 280
174 224
161 319
280 55
182 146
275 239
346 276
191 271
347 298
93 76
288 21
326 232
206 322
41 126
300 170
17 187
88 190
49 189
87 329
183 269
53 97
86 38
312 276
308 237
152 40
312 18
361 216
189 145
177 169
270 55
339 227
241 5
356 230
193 82
137 15
290 189
51 315
166 302
229 113
177 320
92 67
277 31
283 45
175 38
213 23
92 190
189 273
195 184
141 327
265 277
281 133
44 331
86 210
211 254
322 26
212 353
33 67
323 255
111 76
292 324
38 323
92 227
234 226
49 314
192 253
169 111
24 213
21 49
61 231
302 322
197 92
253 229
158 214
122 209
289 353
111 326
314 202
191 127
7 179
19 138
70 188
188 33
340 208
81 340
18 322
300 154
52 131
21 150
344 82
358 211
73 107
115 326
308 246
31 254
63 50
30 73
237 218
45 155
4 66
133 21
26 71
174 78
141 134
227 123
155 223
273 167
269 26
132 215
271 102
48 334
151 77
346 327
294 29
120 238
34 252
198 60
262 312
77 41
84 243
163 179
104 74
345 312
40 55
165 310
157 152
222 307
229 206
273 101
175 332
338 148
223 175
207 123
125 223
164 148
104 266
266 147
280 250
97 319
244 202
207 340
353 68
226 220
213 77
261 327
47 237
114 269
351 260
31 54
122 134
142 225
339 46
11 257
235 107
154 118
308 361
96 240
7 321
98 219
337 298
125 23
114 238
291 103
76 261
97 197
334 238
61 312
223 11
207 97
57 301
154 305
300 189
183 306
89 220
103 64
157 227
86 270
103 317
312 119
216 47
315 189
224 315
79 86
325 225
182 322
164 275
265 102
102 86
347 190
305 89
254 40
315 339
309 358
294 260
115 89
306 8
217 109
323 295
194 226
158 315
126 322
228 29
2 329
54 289
98 359
317 351
338 210
328 286
146 201
184 260
289 68
208 144
176 109
17 309
274 174
202 39
74 68
67 16
337 121
244 73
58 199
2 34
47 269
259 193
108 81
31 336
89 238
118 204
286 74
152 199
248 353
237 261
361 243
216 276
303 98
288 360
296 289
334 283
196 171
114 244
192 144
218 280
322 276
122 246
349 213
83 175
145 259
15 84
141 230
359 82
268 225
21 202
92 294
63 227
103 176
109 294
260 327
152 160
181 214
44 168
5 67
343 149
265 357
172 345
165 109
66 71
333 26
213 63
259 275
230 361
30 338
234 289
243 24
87 62
177 70
230 182
76 151
330 341
146 141
324 250
249 329
321 161
294 172
163 191
85 31
191 114
8 3
342 190
26 7
252 203
77 60
23 92
210 292
71 295
11 335
183 200
242 142
360 175
253 101
4 278
132 134
331 79
136 312
268 102
318 158
244 334
157 206
65 5
76 75
299 87
349 61
226 230
142 164
344 34
264 287
251 34
60 220
52 135
170 320
176 67
56 58
340 213
203 43
157 279
58 35
305 45
95 169
214 236
332 196
209 234
62 98
208 61
318 259
195 66
157 311
72 213
7 51
4 150
93 160
67 150
194 10
135 228
118 348
103 88
123 251
261 124
289 107
184 245
306 318
250 41
267 322
253 214
312 196
2 43
356 8
133 128
17 207
356 134
133 37
161 195
227 60
318 154
107 140
338 352
37 227
31 303
127 224
95 77
58 96
59 353
103 131
60 59
337 54
132 109
30 292
243 256
292 200
49 37
279 25
27 315
191 358
197 257
220 291
273 218
327 332
149 8
41 208
7 17
201 138
65 230
9 307
125 300
85 113
276 3
137 242
257 268
238 92
163 37
323 15
254 228
346 342
175 25
189 181
342 28
259 346
258 267
232 322
205 316
73 119
258 149
300 154
55 176
185 158
212 86
172 44
313 96
25 127
120 153
247 41
180 144
25 16
49 256
337 193
151 48
251 348
197 189
140 191
305 265
348 95
290 98
139 182
193 103
248 253
255 133
293 13
277 257
330 265
92 305
37 182
293 287
168 68
55 248
258 359
151 185
92 19
282 170
200 54
272 86
306 105
219 177
58 74
72 26
278 103
330 314
284 201
180 31
268 234
278 105
231 7
289 322
25 149
131 225
202 342
250 146
26 47
262 83
120 274
108 338
15 16
290 239
157 48
269 63
281 185
107 90
191 34
352 155
123 121
319 324
41 208
49 66
254 310
88 314
222 135
290 237
91 158
54 247
146 322
249 65
85 356
155 215
329 145
8 90
205 327
354 185
113 41
191 5
290 278
258 151
353 126
327 82
284 19
268 68
280 155
72 304
89 166
157 57
250 104
86 93
9 78
218 121
58 47
66 348
324 323
137 315
88 42
336 311
361 242
318 279
36 329
221 64
134 317
60 22
59 146
55 68
163 272
128 161
318 133
147 220
35 223
114 122
264 28
11 263
270 268
120 245
235 280
308 235
308 270
293 92
324 300
194 174
7 354
70 139
79 229
173 241
342 234
83 310
184 285
218 90
43 41
265 262
348 151
135 234
59 7
325 322
306 98
134 252
30 143
30 49
11 142
289 292
15 11
240 138
235 96
228 218
76 71
118 3
221 253
236 220
259 140
180 143
237 254
34 206
35 3
254 346
144 122
277 98
72 155
236 306
191 42
162 266
52 220
268 272
111 143
130 309
222 250
30 97
142 3
302 116
5 135
101 89
256 317
126 327
110 361
211 240
342 12
85 32
171 292
244 281
13 313
168 234
201 197
330 282
200 211
338 144
285 77
232 179
32 358
84 81
297 294
261 218
245 345
249 54
275 71
274 288
23 80
160 223
217 69
84 55
219 60
198 142
76 9
260 47
306 343
127 241
215 26
37 39
310 226
32 224
296 306
150 318
325 249
120 180
317 143
174 202
11 255
277 19
153 263
264 74
28 143
289 355
120 267
303 345
298 105
219 182
254 176
146 82
235 265
37 16
78 151
217 28
44 72
347 197
274 249
270 241
331 137
234 89
42 116
12 280
220 231
100 53
346 185
134 219
29 110
234 46
260 29
73 244
40 359
79 313
186 288
192 155
4 5
184 346
60 135
264 279
4 304
271 349
67 344
146 35
93 319
80 292
287 92
174 326
29 192
217 214
59 349
309 62
353 131
347 352
265 190
209 72
119 136
138 41
282 113
73 239
192 4
105 224
117 69
252 249
226 105
307 213
52 308
144 122
233 134
326 61
282 173
132 39
309 210
20 169
322 92
347 152
95 90
315 152
159 206
39 324
250 285
115 301

346 958
116 324
267 248
279 344
216 52
249 317
342 57
249 150
246 268
302 251
162 100
109 271
235 318
230 264
141 192
132 65
308 247
340 180
149 272
129 316
276 31
286 271
39 140
27 237
13 328
93 174
33 201
50 268
172 279
185 312
124 317
328 37
169 321
168 317
199 297
238 128
279 129
4 318
268 30
160 281
309 252
60 342
58 62
263 229
292 101
146 22
23 79
58 192
5 178
114 203
128 6
282 60
86 238
329 306
219 94
192 182
345 251
129 56
264 45
236 210
97 333
231 120
17 240
311 22
23 78
176 150
35 64
162 121
301 96
80 125
190 271
258 140
127 40
196 343
84 37
158 133
24 340
252 40
185 168
13 208
197 189
11 232
204 124
304 110
220 335
234 63
211 146
202 289
185 3
285 221
338 48
7 15
41 210
6 226
31 317
87 227
111 49
64 314
173 319
77 344
307 262
60 123
61 213
66 198
168 302
72 159
4 30
125 342
239 82
221 52
259 101
162 308
117 129
86 89
157 83
50 73
94 172
85 258
189 282
79 145
305 237
100 286
313 95
130 49
316 4
100 180
105 214
141 221
294 178
309 105
260 310
129 7
88 165
217 276
53 295
26 309
138 125
249 104
220 32
104 141
334 156
320 44
23 67
264 316
244 178
26 158
94 106
116 181
271 332
62 323
233 88
285 24
212 139
79 37
123 135
177 110
290 103
153 312
169 22
233 66
151 259
175 244
18 243
30 288
180 92
216 66
179 155
41 342
245 72
33 21
206 161
130 149
263 282
66 85
303 298
103 108
162 229
303 180
125 333
73 305
30 241
322 208
1 17
155 245
88 187
266 245
2 49
345 264
283 64
301 239
313 9
298 129
237 255
260 314
193 284
224 222
178 199
35 130
167 189
29 206
328 246
104 281
246 54
150 182
117 104
27 36
64 324
164 253
184 29
220 328
264 49
155 48
199 141
177 20
282 157
177 263
56 233
197 302
286 346
137 9
56 115
44 71
45 159
323 228
187 148
162 56
196 268
103 49
63 280
20 344
90 196
212 98
82 62
53 22
13 189
30 20
256 25
91 300
183 19
133 321
167 294
30 314
216 85
16 278
18 333
227 59
183 92
156 216
105 208
237 117
3 218
89 210
242 131
163 30
149 295
4 267
243 332
235 64
70 202
293 39
189 173
49 323
216 157
192 320
316 35
42 318
252 130
181 100
260 295
81 15
244 37
281 140
22 121
155 43
323 101
33 165
225 81
93 94
237 284
67 207
318 60
130 176
142 263
227 55
211 307
21 108
295 254
199 316
28 305
310 4
11 294
120 235
29 212
280 217
102 298
29 25
12 159
200 153
27 32
159 189
291 180
249 239
87 53
161 114
12 124
70 22
72 189
209 52
7 142
268 108
94 249
132 105
61 284
209 39
315 21
179 259
152 81
152 190
134 312
304 97
41 325
70 64
167 278
115 125
74 335
232 167
237 316
223 249
253 85
239 173
57 71
38 209
152 189
52 237
106 307
285 98
285 8
162 58
286 228
182 311
216 20
83 58
287 257
258 145
341 150
269 51
221 306
211 324
100 263
166 205
223 104
303 114
63 70
171 300
297 304
216 167
275 298
176 215
208 88
311 154
237 234
157 63
193 21
338 293
283 157
103 112
212 11
225 275
80 49
180 31
304 50
149 233
1 324
53 161
65 316
266 254
203 76
316 1
97 308
245 331
70 2
96 282
12 320
162 92
320 341
74 278
44 222
116 343
199 120
109 216
89 28
75 243
104 342
244 152
303 142
136 325
95 232
212 59
157 27
102 131
319 175
14 315
50 81
263 200
200 25
21 241
52 95
137 107
91 332
258 345
80 48
323 174
231 188
232 41
166 285
123 139
113 136
59 114
168 321
266 320
345 286
214 2
35 302
61 77
288 318
27 319
317 4
146 153
143 330
194 261
268 53
333 10
111 100
177 37
19 150
35 257
315 334
243 271
48 319
164 20
345 136
288 300
233 95
49 168
240 309
42 161
313 28
170 29
79 299
65 98
54 99
306 23
86 202
245 134
174 14
105 124
101 344
78 333
92 78
107 283
40 148
98 6
175 219
332 205
171 50
254 225
100 213
199 185
68 49
270 193
62 326
317 162
324 346
100 21
77 206
304 68
7 25
133 177
10 338
2 59
245 178
158 64
328 294
131 30
170 324
91 101
246 252
30 197
303 3
225 163
306 292
121 264
268 254
94 277
197 47
287 47
224 50
110 205
343 193
234 118
122 276
219 21
133 200
217 90
202 47
252 113
338 26
30 211
231 76
141 33
122 81
80 298
82 141
108 78
333 294
148 108
223 318
80 10
171 248
99 27
294 302
91 237
279 73
101 164
148 193
148 221
225 179
172 306
272 232
38 258
179 137
318 55
108 3
16 278
251 114
256 150
69 1
41 300
73 93
117 172
286 216
46 164
49 170
124 320
55 113
183 233
201 106
239 308
109 255
191 311
320 53
114 341
5 106
294 29
199 16
200 90
231 197
253 279
20 328
204 74
46 339
258 246
98 151
159 206
11 4
122 330
56 236
324 60
293 271
88 97
286 239
186 171
89 45
55 109
26 211
134 24
203 344
221 300
100 34
112 110
335 233
93 342
74 71
55 319
293 94
69 233
284 255
9 26
299 15
86 276
225 172
299 81
169 126
35 268
159 98
31 99
282 75
94 308
97 148
280 44
193 2
228 130
208 236
107 160
250 145
42 81
316 292
161 138
71 147
11 181
196 339
279 132
67 26
93 116
125 324
159 269
277 338
4 139
227 111
250 82
255 291
162 224
189 275
313 259
75 275
46 271
267 324
8 285
302 52
54 80
29 164
3 305
155 6
97 35
68 299
69 322
195 182
151 37
110 69
248 137
343 293
13 263
222 318
154 177
23 207
209 51
25 163
9 179
120 58
166 188
10 186
115 204
21 218
193 83
238 94
171 235
338 135
103 213
106 256
342 128
117 204
130 93
20 138
271 91
147 42
278 108
227 345
264 200
168 110
282 59
203 58
245 194
192 2
12 249
209 7
328 277
210 111
23 181
200 246
272 1
287 155
60 120
105 323
319 224
86 206
283 240
263 181
39 60
134 51
308 343
57 241
273 219
5 296
5 204
147 228
156 39
37 216
158 93
192 130
317 230
335 253
75 203
39 114
262 173
116 175
169 124
69 47
342 73
294 299
229 94
180 38
133 168
205 290
261 3
26 183
232 312
89 258
169 79
25 84
203 140
211 25
264 279
24 211
304 317
163 138
17 343
175 149
164 332
44 30
334 21
212 171
333 252
82 155
331 59
190 187
150 54
164 67
333 187
230 242
109 46
33 125
340 159
273 110
144 269
139 83
289 5
205 275
256 239
83 192
249 273
331 52
278 148
71 264
286 300
111 48
297 143
173 291
254 51
54 51
271 144
86 214
148 242
94 10
134 129
201 36
7 137
40 284
236 110
154 175
63 264
175 311
13 299
255 266
301 260
268 226
58 7
45 157
201 138
166 334
266 319
322 224
61 313
162 297
76 315
77 90
184 251
54 196
155 261
67 110
126 335
287 135
293 331
292 147
74 63
87 340
333 14
169 48
326 330
344 55
250 74
96 40
277 149
187 85
15 254
146 141
194 86
275 140
70 172
239 144
235 277
89 221
290 257
268 269
193 265
275 48
291 24
87 221
124 274
257 91
133 57
231 326
142 111
71 164
283 309
307 123
239 1
343 134
209 217
8 55
87 282
55 31
257 141
251 333
20 114
77 152
170 259
83 311
23 154
80 257
68 338
331 259
338 280
46 201
150 54
207 236
287 213
219 198
8 123
184 27
236 260
131 11
172 213
274 146
318 7
9 40
345 339
298 288
224 295
94 27
300 301
215 241
167 87
44 126
161 227
105 3
92 235
13 215
53 286
312 25
245 272
64 243
217 313
184 94
213 278
121 167
184 335
13 302
75 56
34 235
234 138
189 277
324 202
145 30
93 62
6 337
334 21
233 204
285 23
297 152
252 23
270 89
309 234
342 37
289 29
224 128
118 66
58 95
219 202
77 312
263 34
302 202
55 141
59 339
163 10
96 68
330 19
108 293
204 55
281 146
36 110
225 153
128 282
200 346
89 228
263 6
261 219
207 315
13 218
308 127
179 9
146 162
326 205
108 183
259 341
329 294
104 207
53 231
95 252
183 133
99 140
47 317
299 314
281 170
227 13
2 235
158 115
214 16
175 51
227 169
331 174
272 191
226 109
237 83
291 74
215 341
213 214
264 165
181 198
334 61
211 287
295 320
56 115
288 182
165 168
4 149
341 227
291 173
287 182
255 183

205 387
99 127
36 33
101 83
182 95
160 61
137 125
34 179
171 82
196 61
124 10
77 57
89 91
37 144
196 50
58 85
106 156
8 143
188 108
20 167
205 181
24 136
102 57
109 70
140 101
130 58
110 2
117 198
94 153
138 84
204 196
170 106
146 179
43 131
82 64
94 81
39 117
13 143
176 123
7 112
18 136
172 129
139 83
123 27
30 56
112 29
46 78
134 193
52 179
120 133
37 8
10 78
127 24
15 99
146 21
5 165
156 178
90 92
55 7
118 87
62 27
115 109
104 45
99 157
18 13
86 57
23 97
134 151
120 148
46 60
170 52
21 120
25 110
6 79
117 126
165 180
154 76
86 54
123 184
6 142
198 93
198 17
190 126
167 104
70 7
166 34
59 186
156 85
91 163
163 4
85 125
185 35
202 65
89 119
45 96
56 38
188 50
56 172
178 18
71 44
26 33
78 86
13 30
170 105
194 130
110 74
49 90
108 47
156 198
166 201
88 18
35 73
67 90
39 41
109 111
85 135
143 164
17 158
193 187
57 181
111 169
51 161
53 161
2 5
153 169
205 38
188 34
112 52
126 152
92 29
58 176
165 202
136 182
154 123
163 8
101 70
178 153
27 108
28 31
58 199
31 97
181 66
5 27
191 156
119 15
10 91
181 7
22 157
162 146
116 171
43 185
143 196
6 169
100 36
200 159
29 27
52 4
92 56
33 80
7 151
96 16
38 71
24 61
23 186
2 138
153 44
120 91
36 125
56 136
162 52
91 190
78 143
196 172
198 23
46 1
175 141
17 7
6 40
68 28
22 71
168 175
116 82
62 152
3 117
84 165
169 174
151 43
113 143
9 106
167 54
106 136
194 124
145 202
166 9
24 187
79 193
158 194
69 14
142 72
133 20
33 98
196 185
140 103
123 149
5 86
202 113
17 193
31 161
189 196
169 9
180 44
202 134
34 65
150 176
138 77
197 172
174 187
154 110
87 73
53 93
158 52
205 174
41 33
131 26
25 96
34 1
141 30
135 175
97 79
145 31
157 136
205 127
120 153
31 3
20 86
97 179
137 99
148 179
131 75
204 157
173 32
158 108
64 89
77 162
169 16
194 120
154 193
41 70
142 73
72 163
158 170
137 89
63 81
62 193
157 62
147 124
94 101
27 159
189 103
115 152
121 103
68 71
93 110
140 29
182 8
194 135
177 127
20 35
2 82
24 160
143 170
79 33
65 105
191 50
4 102
203 126
2 65
196 94
174 130
124 151
137 114
80 111
35 99
147 38
182 170
198 122
137 71
156 203
177 144
48 182
40 45
103 41
110 93
136 80
18 55
27 156
170 106
63 205
2 4
37 185
176 29
101 107
101 52
104 74
197 153
51 31
198 153
74 104
40 4
185 59
60 7
12 25
114 74
24 115
80 62
95 50
93 197
158 195
45 56
64 36
6 114
67 203
63 142
103 102
145 82
163 205
90 176
26 204
46 51
113 125
112 4
176 1
201 128
196 42
186 56
78 191
169 146
190 26
82 87
129 23
170 88
24 55
58 49
53 104
99 167
23 8
173 201
10 168
123 2
6 103
57 85
88 22
25 74
49 108
160 178
133 127
62 156
183 120
2 32
20 102
198 44
111 165
39 121
129 162
122 135
61 181
14 151
202 41
19 46
150 181
20 77
102 83
30 79
202 31
110 16
132 104
60 38
66 100
160 194
56 78
125 119
53 141
64 52
183 82
99 129
57 120
3 160
202 32

349 605
336 131
160 242
215 204
186 41
261 140
55 330
46 14
252 275
190 267
349 115
314 182
54 73
214 239
315 131
20 174
31 259
305 190
152 170
298 337
114 209
32 168
189 77
181 92
255 274
262 255
39 226
340 346
203 109
139 168
143 63
341 173
321 200
266 123
20 214
15 133
73 46
205 166
122 36
161 280
310 73
89 252
203 333
248 56
92 291
223 234
4 118
57 324
318 226
98 241
91 112
278 67
61 133
136 86
72 296
16 32
20 105
188 222
88 339
181 83
280 307
316 283
75 276
258 296
152 259
92 146
274 20
213 334
152 252
70 223
199 338
159 122
93 250
247 84
239 78
70 170
35 36
103 13
215 264
213 18
173 304
67 97
323 183
81 29
86 54
155 284
43 217
309 39
117 206
27 7
283 96
176 221
36 182
137 250
97 349
171 269
303 238
270 180
71 254
112 60
308 267
343 254
134 302
292 155
62 222
161 344
318 336
119 257
72 256
157 168
159 232
341 113
120 261
196 94
165 308
154 27
129 51
280 166
257 127
320 318
348 131
217 220
21 335
31 93
145 188
260 304
323 251
320 93
66 70
90 231
28 243
257 156
294 92
226 105
122 196
73 24
327 289
244 347
179 178
343 323
269 254
181 242
59 151
334 125
221 75
259 152
221 70
212 69
161 88
173 282
283 246
210 164
89 8
66 267
185 59
145 105
216 325
346 179
31 235
303 155
309 212
306 84
185 168
153 250
159 325
182 346
221 295
160 214
302 225
131 138
188 179
242 54
59 238
232 89
123 89
243 335
204 103
70 40
175 126
289 333
101 25
329 226
320 44
90 272
172 124
60 10
303 205
64 12
347 199
4 24
288 246
10 46
252 332
85 77
108 277
314 112
206 197
337 176
240 77
2 63
201 315
72 58
170 39
69 167
142 72
191 333
221 104
29 123
339 18
104 97
294 68
112 150
264 100
229 59
176 231
121 280
196 96
337 269
135 56
87 276
31 181
259 155
284 191
182 177
208 285
273 57
256 288
206 170
38 339
132 214
220 252
48 319
348 36
238 37
344 228
216 26
312 29
84 246
219 265
73 78
104 249
134 10
188 243
84 129
232 215
246 6
118 294
228 20
329 21
309 323
248 175
252 115
203 240
264 72
155 337
53 259
140 90
268 231
333 255
11 119
121 256
29 142
104 256
65 83
180 24
310 79
198 116
97 304
6 11
279 65
251 236
323 42
325 145
176 212
51 90
235 171
250 263
312 4
73 280
340 253
303 204
235 55
319 331
9 229
341 191
293 243
77 170
188 306
314 267
168 15
8 306
89 161
219 304
164 196
234 58
99 187
165 237
241 135
218 153
267 113
248 114
6 324
283 97
280 247
15 3
262 275
308 254
86 82
209 153
277 93
211 279
184 26
166 328
64 34
36 234
50 283
347 56
257 280
56 92
178 70
347 343
344 305
151 333
37 10
137 217
7 251
146 94
180 311
72 148
248 107
285 298
293 283
257 201
117 312
196 294
286 193
191 184
52 342
168 89
255 208
209 165
13 6
258 192
316 330
243 119
340 179
67 284
112 323
39 228
189 138
77 29
330 171
213 32
67 284
24 226
46 233
41 58
238 299
153 108
183 300
226 77
129 196
264 144
169 302
275 262
343 255
290 323
77 57
259 47
244 186
272 289
322 313
250 114
166 54
222 252
4 2
328 36
198 243
179 270
99 8
86 93
263 27
319 243
336 132
289 231
318 116
74 290
332 324
55 148
281 180
50 188
181 281
223 282
174 305
203 177
312 288
269 129
218 142
275 205
274 215
86 242
234 63
182 216
37 140
267 317
319 220
59 151
151 281
336 229
140 189
56 103
32 324
135 249
20 61
8 293
179 346
185 63
60 271
182 96
61 3
317 284
222 26
338 23
211 324
155 1
68 210
7 99
88 142
347 108
106 6
51 284
255 140
250 314
61 335
61 25
337 281
212 113
306 200
39 167
79 194
72 146
54 78
244 142
123 145
153 228
54 203
162 309
342 315
273 306
300 237
235 191
168 1
303 29
201 342
99 279
186 170
75 143
248 222
284 21
17 340
249 71
194 314
30 90
280 206
300 134
94 89
325 261
89 182
193 174
292 26
263 112
4 57
10 225
244 284
242 235
87 216
332 51
149 325
234 5
275 272
2 267
151 167
7 332
10 103
61 301
129 323
64 132
283 326
8 82
260 153
220 346
272 106
301 71
81 185
328 260
107 330
177 161
147 87
144 156
190 204
108 222
81 75
4 268
51 264
253 311
67 123
307 242
228 258
312 308
347 195
122 8
175 299
169 225
289 216
31 129
70 42
1 54
116 258
225 167
172 128
32 143
250 242
35 32
55 251
244 52
96 16
312 174
218 131
49 158
346 332
190 319
25 95
277 44
3 152
114 78
184 145
220 337
38 159
20 345
60 263
300 59
182 262
232 51
297 280
112 197
262 301
71 190
46 347
234 301
53 347
30 236
47 153
224 337
311 147
332 274
313 282
332 49
98 118
99 45
48 114
242 214
66 216
54 15
213 287
316 169
189 249
309 235
52 87
222 267
233 108
95 100
40 331
148 137
99 151
86 51
264 231
264 233
97 221
248 213
63 118
32 251
17 244
40 321
330 165
142 117
272 237
120 215
218 268
255 316
69 244
270 236
125 184
120 221
309 271
84 22
292 20
272 212
167 215
183 52
30 229
72 205
116 192
70 237
110 228
107 82
123 28

308 419
103 198
9 63
274 284
262 222
307 282
3 245
100 132
11 141
138 144
296 135
283 291
238 85
265 51
90 262
46 60
35 149
257 195
211 67
171 165
288 169
138 291
257 82
114 111
222 95
99 54
229 73
36 2
158 144
204 91
97 250
150 284
90 251
170 300
9 32
308 140
45 290
122 145
63 79
256 128
173 46
181 245
270 217
90 119
52 294
54 301
235 47
276 168
297 137
3 149
13 3
289 209
292 254
45 198
177 144
17 193
33 42
130 303
258 63
265 153
48 10
145 126
209 264
293 197
93 140
38 257
142 170
157 277
115 45
166 291
189 26
176 221
67 149
59 168
211 16
13 103
177 1
72 77
109 209
118 201
40 307
301 181
168 149
149 282
193 158
265 225
183 284
138 250
276 40
261 178
55 273
124 76
118 196
304 226
96 113
270 135
111 262
7 278
254 307
96 290
308 204
207 182
179 188
275 146
227 228
167 126
36 291
201 305
178 196
66 273
153 27
251 263
132 257
77 229
99 172
211 98
219 261
123 89
292 242
78 210
5 88
179 192
70 71
33 91
111 98
207 263
277 149
61 252
249 289
173 39
152 75
288 62
179 255
302 162
188 223
215 36
3 86
227 224
156 259
7 110
201 213
216 169
54 277
112 302
257 128
185 253
202 164
158 224
262 304
77 293
218 292
20 64
221 91
132 220
193 138
22 85
194 237
97 247
49 53
85 306
180 269
94 226
276 251
141 74
90 62
58 152
45 78
215 109
12 190
20 204
19 41
133 213
122 229
303 170
281 231
11 153
35 104
70 155
199 54
228 132
115 285
283 159
206 34
267 61
223 131
265 86
171 241
298 292
161 136
306 286
211 8
282 245
264 43
91 306
96 162
129 211
291 256
213 32
289 16
93 47
146 201
132 160
133 273
296 137
101 137
266 155
296 239
91 95
281 26
92 221
31 65
275 13
12 23
45 144
190 289
190 179
25 14
31 1
130 170
137 230
306 95
228 293
25 11
80 150
188 15
214 218
231 24
75 242
46 271
229 236
251 263
258 119
276 132
119 97
301 99
171 142
193 90
279 62
252 202
55 283
216 112
37 139
135 111
224 180
73 297
259 167
251 209
285 62
32 247
2 177
37 16
10 74
258 132
287 201
25 33
20 85
144 56
223 278
166 290
301 82
122 252
248 64
304 68
125 179
6 279
47 42
294 209
267 243
32 245
288 57
121 307
141 264
54 207
77 219
32 222
144 154
9 83
61 4
302 30
182 307
308 73
192 293
125 303
228 156
239 207
56 52
49 196
159 102
246 80
164 278
301 307
275 1
233 27
156 226
56 181
68 55
253 103
192 69
97 111
69 180
161 124
75 209
164 233
154 101
156 9
222 300
7 32
300 83
59 299
308 266
172 219
165 268
13 48
181 262
2 249
133 6
216 207
214 71
283 59
16 131
219 237
122 69
269 266
151 171
100 150
280 271
212 136
75 224
27 255
177 180
39 1
185 98
51 242
169 26
144 28
308 54
264 273
122 68
74 116
82 174
109 54
288 12
33 54
236 60
152 256
239 34
101 268
132 151
201 144
20 37
171 242
278 288
208 38
53 15
271 70
276 16
50 287
201 103
58 260
99 6
34 132
106 301
263 100
38 98
272 226
112 134
159 82
113 58
271 10
225 233
79 192
93 128
170 293
75 72
88 173
77 273
304 26
266 103
125 147
44 240
64 156
66 222
81 22
124 43
31 40
119 110
75 211
237 88
39 3
159 126
19 79
91 167
104 200
269 73
38 156
156 253
155 221
10 235
243 133
277 117
16 240
226 242
142 155
22 181
1 24
150 20
103 84
186 50
283 298
274 164
145 122
108 144
186 118
70 272
94 191
81 262
122 306
195 107
304 216
131 149

404 862
312 266
300 329
131 383
242 281
318 94
10 310
373 87
335 123
327 272
225 207
21 18
88 352
392 356
223 63
156 366
123 63
395 18
391 290
400 396
334 78
253 343
151 390
193 81
108 283
116 332
253 305
113 341
252 100
56 238
330 379
368 48
205 358
66 359
243 229
350 172
70 366
278 220
351 67
300 222
349 180
317 366
80 25
302 331
293 357
164 218
95 127
266 299
249 95
253 255
87 366
191 157
327 64
376 274
298 36
259 7
383 172
372 58
196 269
152 252
389 315
66 79
206 95
377 218
357 393
68 39
354 258
195 40
86 335
77 383
134 336
389 112
103 120
337 62
388 84
314 136
162 143
382 367
1 118
180 357
106 12
395 223
269 354
263 354
48 339
97 349
270 81
224 136
201 156
366 352
239 275
252 400
181 229
127 181
347 70
133 216
81 291
35 350
240 61
63 51
399 159
399 29
4 218
332 372
373 293
83 375
331 334
135 107
327 261
51 33
330 351
248 7
238 46
120 241
106 182
56 269
105 50
61 108
32 392
243 168
281 325
139 207
19 273
78 109
129 128
141 222
75 388
228 76
198 347
80 67
293 135
335 397
185 395
268 384
383 106
147 23
194 285
229 380
153 70
84 45
366 224
267 204
376 258
279 337
369 358
403 257
257 334
249 205
88 280
184 234
149 330
256 106
211 249
82 127
318 333
340 279
321 370
78 56
223 120
392 355
242 390
207 94
83 219
298 339
94 77
168 242
170 20
348 144
32 193
271 349
121 374
392 37
103 233
260 89
353 247
40 358
401 246
47 79
61 108
181 322
352 349
160 117
132 271
261 163
59 295
275 347
28 262
148 130
259 3
218 207
14 257
160 10
267 374
256 327
245 33
244 192
145 167
72 276
33 96
34 259
154 72
370 181
98 113
74 356
283 56
326 296
312 249
305 342
218 325
264 58
357 272
13 97
34 252
136 235
348 337
257 265
4 222
210 101
98 283
220 145
338 141
36 10
389 105
351 202
25 379
23 145
10 203
5 211
51 140
209 162
72 62
22 243
47 231
108 145
278 327
289 379
64 88
152 48
360 267
14 148
241 36
292 14
3 60
224 221
199 29
382 34
90 167
277 304
398 148
44 35
70 96
9 133
184 161
181 307
191 194
51 195
397 342
208 163
166 27
383 364
223 124
162 76
291 202
380 48
349 19
82 14
283 258
315 230
182 91
132 372
48 182
162 208
288 369
135 49
160 113
176 382
237 337
222 291
302 197
338 10
383 183
24 261
36 338
86 386
192 218
117 3
163 279
378 46
7 108
262 334
389 34
76 221
134 297
275 200
89 208
209 235
390 232
92 189
333 345
338 288
158 51
290 85
329 28
130 99
135 392
197 119
189 272
103 86
332 377
285 16
348 90
14 333
85 105
286 182
46 219
65 371
269 119
51 361
146 349
224 44
100 16
163 52
51 29
137 382
170 18
161 113
275 174
210 359
279 91
136 88
73 369
222 106
83 273
230 396
385 217
35 80
232 365
131 282
158 31
259 327
48 183
35 86
357 244
41 399
98 344
82 339
308 67
208 390
339 33
145 83
250 348
330 245
308 224
291 61
255 313
151 66
92 186
152 44
193 360
206 55
299 51
157 203
117 364
356 220
160 97
302 173
40 228
14 111
47 68
340 301
380 86
131 67
35 282
278 396
237 247
214 131
297 370
97 10
329 217
229 84
313 294
257 116
117 34
394 332
101 93
396 244
347 122
311 381
167 352
136 403
363 349
298 255
314 158
28 2
374 256
86 46
314 106
329 194
307 319
121 171
7 113
10 353
402 84
94 165
200 229
163 158
342 224
8 251
382 36
253 351
55 102
397 368
375 321
326 277
403 42
211 174
322 220
290 320
304 383
80 267
376 6
20 313
230 27
327 375
230 175
321 49
40 77
180 10
162 101
50 328
143 260
97 228
244 387
143 311
129 390
173 268
396 192
344 389
386 267
359 380
205 39
24 245
284 203
18 209
68 236
132 378
259 229
201 98
379 344
172 271
93 344
135 84
299 242
236 281
272 190
256 73
397 43
81 40
9 98
248 76
97 379
49 356
203 14
217 345
121 389
212 213
92 110
297 391
351 128
31 219
82 50
55 242
92 135
281 100
400 124
344 93
98 156
212 65
169 24
5 289
176 384
98 268
257 158
18 372
49 48
186 298
97 4
135 356
306 11
51 301
302 158
157 164
314 132
228 78
324 400
367 95
144 228
126 400
385 143
367 197
190 316
91 50
319 393
1 388
168 220
49 65
377 205
228 286
101 219
364 20
383 90
114 122
317 240
285 61
146 12
21 100
327 111
149 6
100 318
393 267
133 37
95 105
6 87
391 106
305 114
293 47
203 2
336 283
5 217
107 319
228 127
14 318
238 162
323 101
243 76
131 375
280 225
76 285
75 230
154 380
107 42
190 73
212 122
355 384
102 57
298 93
351 311
174 184
237 261
48 75
336 178
214 379
167 53
260 241
282 177
384 388
387 338
224 194
55 174
173 324
398 235
180 344
309 117
292 309
377 339
148 72
281 361
47 211
9 70
47 290
10 195
37 396
128 260
185 350
197 122
33 358
356 212
297 260
92 352
333 65
287 76
136 331
32 350
137 40
183 351
93 193
309 297
184 32
320 369
381 112
254 177
65 205
152 125
228 244
73 156
308 123
231 207
49 262
321 353
65 99
63 157
291 372
49 71
403 368
203 144
243 52
84 307
256 236
196 247
75 268
167 146
390 161
352 202
19 32
150 251
131 380
4 17
347 220
87 110
352 289
17 190
104 100
261 123
99 52
370 173
83 300
82 68
56 198
33 242
229 350
89 359
325 260
376 32
75 226
141 22
279 325
380 382
188 236
101 287
51 234
223 133
129 305
368 352
98 400
190 326
345 278
281 29
133 16
60 375
5 368
397 47
288 136
193 240
371 293
122 185
290 344
81 182
8 44
129 105
207 318
27 315
359 71
343 87
254 167
226 22
130 386
69 182
117 261
17 251
317 306
31 370
9 111
147 17
322 39
121 124
357 315
34 75
149 376
330 402
306 151
20 32
132 88
381 248
112 397
94 24
62 292
393 70
166 303
254 83
341 375
206 57
49 3
132 198
142 57
195 44
207 382
243 338
65 219
181 344
379 38
367 36
329 119
273 258
17 123
340 122
93 309
178 141
311 309
338 216
365 297
259 335
274 97
268 103
79 212
42 53
13 173
88 105
55 361
362 240
79 297
361 339
201 134
243 275
207 345
255 167
237 109
98 274
374 129
140 48
341 182
101 117
118 356
222 172
312 179
175 154
72 131
256 36
29 95
75 235
203 329
165 203
201 26
72 338
323 212
150 23
157 250
139 274
369 360
209 41
135 148
362 374
278 214
5 70
72 247
304 274
171 233
72 372
22 143
69 344
118 218
366 274
231 269
311 196
224 284
236 358
27 193
327 68
170 96
138 241
342 205
110 277
201 181
244 391
88 76
330 373
294 56
243 120
324 317
315 143
364 314
265 154
271 355
222 36
46 123
277 152
91 150
24 56
95 31
42 350
106 135
318 399
190 156
115 277
237 193
184 196
271 44
350 137
162 335
340 376
221 380
123 75
126 314
130 388
344 339
333 45
70 246
208 23
166 86
300 166
42 247
361 312
54 70
212 215
168 148
186 152
123 72
227 12
385 120
163 88
55 91
301 292
101 104
78 30
357 377
195 398
387 151
70 36
389 281
251 320
192 200
68 79
272 294
258 16
177 17
104 399
275 404
286 375
271 364
404 223
100 194
384 83
109 49
118 261
94 132
176 285
332 7
363 367
64 385
382 241
401 81
235 271
80 285
6 350
244 173
336 107
131 316
357 3
364 239
263 53
370 202
102 61
377 228
23 36

300 231
244 220
97 219
55 245
135 152
206 78
244 66
120 14
61 45
256 232
287 102
245 152
36 78
9 152
165 227
11 245
295 255
164 144
225 270
88 111
121 293
188 65
110 59
130 170
103 138
154 141
239 98
45 26
227 53
177 143
31 188
87 26
142 3
169 118
272 8
228 145
300 167
261 162
225 90
31 80
279 184
272 218
33 16
295 11
68 172
206 151
111 44
228 4
46 96
121 70
155 48
214 154
214 174
67 190
15 98
269 294
33 241
263 118
8 257
180 128
180 85
278 290
129 205
293 226
52 113
47 206
160 260
111 125
185 178
15 252
275 35
245 59
275 259
176 283
215 56
110 95
192 139
84 72
43 77
298 94
241 96
299 101
108 109
225 292
286 291
243 12
26 239
71 52
197 298
34 164
105 195
258 297
85 93
68 127
221 117
220 162
213 270
262 20
79 238
63 116
229 6
128 6
296 250
57 193
247 143
56 104
89 65
100 174
209 219
300 130
36 272
291 300
241 4
19 293
133 187
273 190
14 278
186 15
35 130
13 177
237 116
265 53
215 138
261 134
190 90
221 161
132 220
101 187
290 172
180 122
58 152
12 123
182 249
189 216
78 201
144 66
17 108
118 283
298 78
168 187
220 88
47 103
59 199
290 48
70 221
222 179
124 285
53 5
233 241
272 62
142 115
127 210
275 296
192 272
73 112
210 44
251 256
147 10
206 136
109 276
56 30
206 231
66 259
236 298
199 207
111 40
74 289
1 48
284 245
71 57
56 280
152 6
287 298
67 192
185 176
167 292
257 73
223 23
31 158
72 281
116 183
21 189
223 21
236 207
265 6
15 72
37 166
130 23
216 196
215 100
123 133
92 132
257 66
206 287
223 277
20 90
211 40
31 134
112 18
92 129
76 106
252 112
271 81
135 186
29 49
38 151
233 129
34 190
246 239
228 220
268 247
9 178
38 39
63 150
57 154
30 184
259 281
295 282
114 181
219 142
229 256
44 214
136 78
103 81
68 30
300 35
277 61
213 14
151 27
215 259
181 244
142 191

166 714
126 152
83 99
159 154
74 40
69 76
101 105
4 87
48 122
151 8
102 13
60 22
68 38
51 24
158 120
92 60
4 52
131 7
70 43
160 63
82 148
58 17
6 62
103 53
17 7
61 38
106 40
59 93
77 29
116 68
69 41
47 72
12 11
164 1
53 157
64 55
58 121
71 63
102 93
36 38
19 16
75 124
55 54
50 51
2 85
39 70
126 85
62 57
16 59
144 68
136 41
42 27
81 112
90 17
124 45
140 143
60 49
100 34
102 70
84 23
154 122
93 33
41 154
10 142
132 153
43 101
113 5
128 113
116 137
129 160
15 103
136 160
71 155
27 92
144 110
114 132
66 40
84 26
113 93
1 79
79 129
99 111
133 146
58 3
116 106
162 50
42 51
43 32
125 69
123 103
13 157
154 164
30 71
109 63
164 29
61 162
77 159
107 44
139 164
132 8
103 47
58 65
17 100
96 141
3 139
163 101
129 150
98 78
55 126
60 52
154 120
47 64
33 73
27 91
70 78
18 7
124 75
157 140
95 86
35 17
144 31
117 26
15 134
104 155
93 163
40 166
37 6
63 155
79 10
165 68
87 16
74 45
11 64
104 105
70 58
121 133
89 157
159 23
44 96
11 136
12 136
55 134
61 117
42 59
126 40
127 133
142 120
11 152
104 34
10 93
92 50
59 100
40 51
122 83
66 52
138 164
107 112
51 87
62 93
146 108
52 106
74 27
59 4
98 162
37 107
88 48
76 67
147 115
117 22
117 103
159 8
20 99
119 70
20 101
82 85
128 134
24 121
80 2
44 12
84 80
38 91
48 114
157 114
148 28
136 19
130 128
112 149
147 65
138 86
85 54
4 46
21 113
86 20
34 129
31 117
128 155
42 9
22 32
123 89
59 12
107 108
139 53
90 39
37 62
44 121
115 133
86 55
165 5
74 33
133 25
149 94
99 110
103 120
142 145
42 120
156 69
62 48
121 71
87 77
132 50
31 166
17 116
140 15
120 134
47 6
78 116
99 10
59 121
129 34
99 90
74 8
158 135
56 32
39 62
108 91
111 58
10 127
93 70
62 132
37 108
137 114
57 156
43 36
110 5
155 129
14 62
136 92
116 111
43 155
6 71
165 117
48 94
163 141
163 58
106 119
86 163
152 62
152 28
97 15
118 86
63 52
147 119
143 97
63 105
5 155
9 89
105 57
16 21
117 99
79 142
137 164
138 123
59 43
150 156
144 22
161 40
73 141
78 135
157 141
73 81
129 2
3 153
144 19
7 94
37 5
69 7
88 127
129 147
3 33
56 146
140 50
106 46
110 17
100 21
157 6
101 39
93 104
111 70
42 38
163 78
42 152
84 130
112 133
30 114
165 85
14 138
54 119
103 83
135 36
103 46
127 38
4 54
141 115
123 102
72 40
13 113
111 96
162 56
62 25
89 146
29 22
37 2
140 139
85 29
94 21
74 55
144 163
28 38
31 70
139 102
109 151
49 139
1 44
28 148
155 37
128 17
58 164
19 32
57 23
146 150
43 139
124 107
135 151
64 166
55 37
101 83
107 69
56 27
33 3
9 21
39 136
123 17
53 61
134 109
83 113
93 46
85 136
152 139
121 49
138 95
5 159
11 32
147 152
58 13
75 66
119 33
35 76
49 8
56 16
116 139
48 128
18 52
98 89
25 138
57 82
66 62
74 162
93 141
68 70
153 142
136 26
8 90
21 143
97 76
158 47
48 126
94 151
11 25
73 35
82 130
37 147
111 110
63 123
4 130
26 77
25 81
102 32
5 122
8 101
117 86
67 85
45 161
69 141
105 62
10 21
25 132
87 55
75 149
97 165
32 122
75 56
37 10
8 127
51 101
147 1
20 48
85 150
128 74
125 152
135 54
92 79
19 13
133 13
81 63
11 113
104 85
88 60
14 95
20 150
30 87
151 135
54 155
39 15
148 163
86 116
136 12
28 74
110 80
86 24
62 17
56 86
21 144
145 121
158 85
104 107
5 8
162 58
83 34
158 64
30 77
100 85
8 47
158 117
127 163
141 108
99 116
27 40
13 6
160 5
10 17
31 14
25 26
157 27
59 148
90 8
144 109
92 152
156 3
22 116
86 82
143 18
32 4
57 44
95 136
134 104
153 165
37 97
24 27
123 83
94 132
90 71
75 102
142 64
104 164
99 23
165 75
127 30
164 17
160 92
153 127
29 59
125 65
155 149
11 111
151 104
162 160
9 70
95 70
53 119
153 71
141 152
66 21
15 63
38 94
75 110
55 103
88 99
88 76
81 18
106 151
122 101
145 50
91 159
119 143
111 106
134 6
91 33
26 25
95 149
39 3
92 93
26 13
25 33
8 26
50 113
10 5
134 74
140 58
67 93
120 97
118 87
102 128
39 128
72 54
110 142
122 36
1 54
147 119
62 6
89 94
101 93
61 9
153 38
161 79
78 91
30 84
113 157
123 74
148 10
103 92
151 144
127 72
32 107
110 13
32 106
133 125
87 61
31 124
141 109
35 65
58 39
11 134
161 4
115 90
27 40
160 4
87 151
121 113
95 133
145 126
73 31
4 159
91 34
36 65
62 157
49 119
29 146
6 109
69 121
118 95
80 111
19 166
16 139
113 110
106 11
69 98
41 159
90 131
26 125
115 88
35 163
126 63
142 132
5 131
86 122
59 85
153 163
85 2
136 117
31 161
127 19
92 1
11 101
51 123
145 165
44 14
81 89
162 143
54 87
107 59
128 85
144 114
82 148
35 137
18 151
51 144
4 62
64 100
82 34
56 60
118 99
159 32
108 155
94 161
75 34
140 36
39 37
70 40
18 24
96 35
9 146
98 127
81 31
42 34
87 21
151 105
100 102
46 88
30 127
82 63
100 37
21 136
26 60
73 136
155 27
64 134
124 161
94 124
25 55
77 31
76 61
136 9
162 101
16 111
61 17
8 160
139 28
49 85
8 121
54 162
147 117
50 24
31 63
67 141
118 143
6 113
37 61
41 119
161 56
63 56
158 156
135 50
104 18
54 111
58 107
26 39
143 75
62 93
138 49
68 89
25 159
35 148
53 161
100 47
50 82
22 127
158 77
96 95
14 150
125 71
10 150
109 73
145 91
165 116
139 66
38 83
144 158
64 30
152 83
163 121
85 104
1 76
14 96
90 27
165 134
18 9
37 126
81 15
136 79
130 28
65 87
111 42
164 94
158 69
11 74

307 515
215 175
160 22
134 58
218 133
208 181
287 49
68 227
11 214
294 125
216 243
231 46
33 20
44 8
14 32
240 189
117 148
136 48
169 269
105 79
173 5
260 153
133 99
72 222
5 58
39 299
72 269
116 184
61 239
191 153
42 124
34 159
271 248
285 211
209 83
61 75
166 13
306 70
190 70
291 274
207 23
37 50
63 153
233 123
84 117
275 125
12 81
55 282
21 112
264 2
194 17
155 131
109 153
201 70
301 184
36 200
285 73
22 41
304 254
163 159
142 210
283 153
62 110
206 161
221 162
162 186
258 88
88 138
240 60
207 234
16 243
205 300
87 305
33 162
252 275
13 165
256 295
11 10
176 295
170 168
229 104
46 179
191 213
9 124
272 294
129 287
1 105
52 87
103 163
248 126
209 32
290 157
20 72
245 274
60 108
135 288
211 259
238 173
164 18
68 208
4 196
266 5
73 10
170 175
173 190
72 74
221 54
3 12
126 247
58 185
47 192
244 29
222 174
281 158
191 41
137 273
9 95
277 81
105 219
27 49
101 98
201 93
151 203
184 48
222 241
4 268
125 247
69 118
192 42
275 154
161 104
120 169
278 89
249 154
79 275
281 179
144 174
44 295
149 227
114 63
160 118
102 56
136 249
173 100
62 220
253 223
95 65
84 144
233 105
297 4
72 270
262 216
216 305
282 57
303 167
119 155
56 299
289 192
241 154
63 302
145 8
296 12
73 155
305 177
145 80
20 186
34 7
94 110
60 150
105 227
40 259
282 111
12 245
44 166
307 117
82 8
106 172
159 257
20 235
205 243
7 224
121 120
231 294
229 62
215 106
288 255
136 263
137 148
279 180
85 279
68 166
58 252
31 295
201 129
301 98
64 79
94 263
198 96
249 199
157 304
138 183
132 172
12 279
143 270
56 193
109 301
22 54
24 9
254 231
2 124
294 81
217 21
50 5
270 248
161 198
16 298
73 148
241 163
198 77
125 254
41 233
247 63
286 42
71 5
272 152
128 30
4 37
50 53
41 91
73 280
288 88
43 53
7 283
215 284
131 111
230 251
116 248
6 173
61 155
177 104
306 76
133 2
112 261
134 231
45 285
283 25
144 18
157 151
72 143
127 282
254 128
225 141
147 230
6 286
77 262
82 155
30 293
156 221
246 61
223 62
38 198
87 182
294 15
104 59
157 2
33 182
208 29
15 47
258 21
25 106
282 185
260 83
170 188
303 187
20 219
21 58
188 186
11 175
200 193
5 49
194 116
231 173
144 245
219 173
37 15
278 90
278 3
173 219
190 168
177 288
158 197
38 39
75 127
213 274
12 296
95 284
104 97
149 247
34 139
191 150
232 161
239 202
242 104
192 203
44 62
184 201
258 300
239 105
120 223
150 210
211 244
266 86
33 186
104 146
97 294
295 21
227 305
302 161
181 265
57 224
19 240
117 49
232 128
232 123
43 74
105 26
11 63
111 122
20 215
267 116
280 26
216 199
103 289
53 283
246 188
199 37
199 87
164 123
214 88
18 29
161 122
133 250
263 243
65 282
229 103
170 281
129 78
172 3
138 303
285 155
183 255
191 153
34 126
276 20
213 65
127 67
265 259
9 220
194 73
273 195
255 135
168 76
291 111
78 121
186 134
48 140
81 238
293 193
57 33
291 41
97 110
107 54
61 195
45 27
39 10
300 293
224 160
140 207
42 296
100 227
122 226
60 281
156 124
246 291
156 1
25 252
111 210
77 250
176 121
276 215
209 268
279 125
199 112
104 13
179 282
11 73
200 70
125 127
272 63
190 120
143 293
64 253
274 219
195 143
32 243
129 13
282 100
137 174
290 12
265 162
65 275
234 264
117 51
163 81
114 45
201 28
30 36
280 303
255 246
217 58
260 38
70 235
138 286
180 120
297 137
281 55
104 207
90 220
258 252
73 143
68 273
170 176
80 221
172 106
238 160
164 191
198 5
118 28
290 297
147 52
205 200
185 80
178 46
72 128
70 144
42 137
188 290
6 267
203 256
145 213
108 1
96 305
84 292
104 146
53 23
276 257
222 232
29 92
277 100
299 39
15 33
255 202
95 260
241 69
287 78
281 166
157 69
164 12
53 39
157 105
61 125
133 282
49 162
146 98
33 137
215 127
248 162
21 114
193 33
183 172
189 156
31 117
225 273
129 49
4 285
233 144
182 58
118 2
219 35
99 24
171 7
150 191
247 249
304 133
54 179
304 242
107 106
52 103
150 180
151 233
236 76
69 189
134 186
191 124
300 61
226 242
146 147
125 86
89 201
218 221
151 293
155 257
171 285
52 13
157 282
245 165

239 322
179 54
106 29
128 172
121 123
216 102
224 210
136 181
224 84
71 37
86 163
108 163
40 200
59 196
13 7
28 97
42 207
95 92
180 222
208 61
106 185
108 35
100 4
160 84
33 175
120 63
98 227
225 137
133 228
94 90
234 66
131 221
217 226
73 158
208 226
163 19
171 31
53 31
219 157
59 12
92 178
74 190
111 4
32 188
231 70
222 171
136 114
152 113
100 169
215 68
100 84
32 31
114 84
6 38
2 64
233 38
187 67
227 3
15 204
135 7
34 117
177 114
230 34
172 35
147 92
48 8
175 79
222 234
107 173
32 53
236 210
91 128
37 23
75 52
226 209
3 205
32 124
79 206
157 195
2 9
48 233
200 167
72 183
161 123
116 138
176 57
108 211
185 89
233 204
85 165
174 87
130 150
210 153
116 72
109 62
26 101
239 225
28 16
168 134
139 228
32 75
46 139
46 175
172 223
139 18
148 18
49 222
112 204
136 228
220 189
234 6
234 179
231 22
194 104
155 93
38 131
112 83
214 102
202 147
86 46
164 178
64 212
161 175
121 2
108 102
135 48
107 129
226 43
95 125
92 195
218 129
86 35
156 61
137 63
152 167
108 76
105 116
232 210
236 114
156 49
215 51
96 27
124 27
70 219
152 106
119 75
179 149
109 95
209 6
157 121
117 209
141 167
86 134
137 27
192 54
75 167
49 171
138 173
142 207
97 54
18 215
73 196
124 182
51 39
132 152
104 10
67 190
176 97
84 18
123 220
71 197
92 65
73 229
237 215
142 94
213 159
69 231
116 137
173 111
175 65
208 224
19 219
174 194
76 202
157 198
182 172
100 34
236 173
207 233
93 109
32 11
213 100
2 34
182 119
89 62
184 2
46 147
220 219
47 1
181 203
198 68
135 4
46 132
176 14
70 213
67 102
168 224
146 170
202 88
233 52
150 177
237 195
30 163
120 76
163 6
39 67
74 173
70 119
10 190
77 80
163 89
126 91
18 32
205 220
65 199
216 214
81 213
114 110
136 233
130 5
184 168
71 18
47 140
81 1
90 103
25 197
136 150
232 153
182 198
78 7
102 54
165 127
212 39
182 53
217 72
57 161
1 127
123 231
27 203
231 61
11 17
18 146
166 11
60 53
153 137
4 199
136 168
86 108
152 28
160 74
100 217
234 45
49 62
220 76
25 211
81 220
172 99
126 99
54 130
96 206
212 100
110 108
212 195
215 124
168 80
197 212
2 136
17 51
197 236
71 167
152 151
147 85
194 217
128 192
108 223
158 80
28 212
187 1
168 107
124 96
186 27
68 133
162 29
183 120
209 198
231 121
54 138
205 193
115 93
145 167
22 64
7 49
36 193
49 148
5 118
188 136
144 200
29 66
228 156
130 197
114 66
79 112
203 228
65 24
27 210
190 48
218 197
41 198
95 90
107 45
207 55
180 56
200 208

143 541
63 102
46 18
38 26
46 129
131 39
134 13
21 117
68 24
69 125
117 84
10 110
139 123
37 48
91 95
69 109
19 107
43 64
124 57
89 2
18 77
40 127
65 36
100 109
35 2
66 9
61 75
94 32
30 106
55 96
57 123
37 76
86 56
139 42
112 61
19 105
113 35
88 10
46 20
118 81
140 16
65 33
90 15
64 95
121 118
47 10
73 84
85 134
139 57
8 83
93 27
44 62
37 107
71 82
102 22
19 99
37 83
107 103
74 28
54 27
121 101
36 51
41 97
41 12
129 49
94 78
51 113
139 87
52 42
1 10
63 20
84 100
78 48
59 8
51 112
10 28
45 46
78 61
118 95
72 103
119 22
37 26
110 8
88 18
49 88
4 88
107 87
44 18
110 78
1 17
46 11
45 67
32 98
127 6
49 56
108 143
53 120
25 139
103 112
13 8
57 16
71 139
79 114
132 45
48 133
62 70
119 82
136 7
36 95
12 61
126 95
60 12
71 61
7 30
29 138
13 61
130 84
33 65
30 21
109 78
129 3
123 104
84 91
110 96
42 97
132 1
48 12
118 84
137 123
113 131
136 6
117 52
14 38
81 35
123 15
139 125
113 100
42 60
42 113
78 139
101 78
43 124
65 137
65 58
116 10
21 108
134 138
16 5
8 73
15 130
87 10
88 33
85 105
68 127
50 2
122 7
55 140
106 95
133 27
9 106
12 6
46 3
143 38
7 110
140 113
29 6
33 61
67 113
105 50
19 106
4 25
137 143
106 88
133 73
71 1
78 116
122 53
129 104
35 71
100 123
100 82
12 136
5 100
97 54
118 36
57 118
5 32
81 68
140 46
140 67
22 50
16 1
78 1
104 113
48 37
92 4
118 80
115 122
36 45
8 130
80 40
104 60
47 17
127 44
62 100
110 84
6 101
60 84
78 20
29 125
32 120
128 6
32 75
103 44
119 86
30 31
101 109
90 5
126 74
48 44
30 133
103 11
91 19
70 25
15 98
6 22
51 109
28 58
16 106
101 135
25 130
141 125
96 88
105 54
137 9
73 142
118 33
128 41
27 55
65 17
128 46
39 11
130 42
45 121
4 2
112 4
108 86
105 36
6 66
89 142
51 18
116 25
26 100
65 53
130 105
45 115
126 83
101 88
124 2
65 104
123 10
107 87
95 68
98 100
110 43
74 17
36 46
17 38
121 57
90 108
18 110
55 143
50 12
87 6
133 8
109 112
136 49
31 87
92 104
43 58
122 92
74 14
137 66
51 91
122 116
55 139
83 109
114 108
96 33
113 85
17 79
29 9
103 35
96 51
138 114
109 116
39 15
106 8
81 132
98 59
81 9
55 20
117 1
103 70
34 72
130 26
126 135
34 85
26 105
136 140
52 77
112 90
91 50
97 28
39 28
63 119
36 93
114 129
93 73
31 102
120 17
127 103
8 137
20 34
74 131
6 101
64 93
47 131
143 120
134 14
4 53
132 15
2 78
143 71
7 30
5 102
23 132
61 30
101 81
39 7
44 108
108 137
130 95
112 106
85 125
85 138
113 76
115 23
51 42
29 81
47 106
79 11
24 108
87 80
123 69
123 23
33 63
135 20
14 103
101 75
84 19
45 29
94 16
51 1
34 55
57 56
18 135
42 17
76 104
72 55
29 27
53 62
90 45
57 79
123 14
10 40
32 54
68 101
46 95
78 55
6 110
110 142
78 8
15 129
87 62
40 115
89 68
33 35
88 89
89 68
79 99
107 110
128 7
44 6
101 97
60 83
63 26
81 116
9 72
101 95
133 116
67 78
41 75
88 128
140 34
28 75
108 110
17 92
93 60
98 50
132 133
132 52
135 46
24 143
117 101
71 106
73 113
41 113
20 104
74 16
137 77
90 101
20 107
26 112
142 99
137 131
88 102
15 79
4 14
55 120
114 125
58 44
70 74
132 89
35 38
81 28
115 27
105 134
109 130
102 108
85 71
71 5
29 85
84 32
74 138
127 45
95 18
64 140
91 52
85 125
90 141
129 37
25 66
27 109
52 104
73 112
31 119
116 60
36 56
67 110
26 27
11 96
44 50
92 134
77 10
92 142
7 53
35 7
118 61
116 26
140 21
113 4
140 85
63 32
117 105
117 118
131 103
71 31
9 19
141 86
28 89
84 35
141 119
17 115
12 132
116 128
10 61
131 125
2 26
13 94
130 45
94 89
115 124
74 109
97 135
137 42
75 4
15 26
20 105
14 9
53 141
137 113
104 118
91 129
106 17
91 68
61 41
133 32
141 63
141 94
54 110
136 104
89 126
130 108
88 119
92 140
116 61
86 76
35 33
37 141
49 127
41 110
25 30
117 22
68 114
91 121
56 59
82 1
42 44
85 105
19 9
101 110
70 19
42 104
51 54
77 100
37 94
42 61
123 15
58 48
105 6
1 136

57 686
3 17
32 16
49 16
42 33
16 2
28 2
56 12
51 23
22 32
48 14
7 42
47 20
41 39
25 29
57 9
3 18
42 50
33 25
33 8
40 35
52 42
33 22
35 14
43 9
5 15
32 5
4 51
45 2
34 32
17 1
34 42
43 25
18 10
57 41
8 50
51 49
41 15
43 55
16 51
2 30
25 22
34 18
9 35
10 56
51 11
33 43
52 34
26 28
2 25
28 9
18 21
17 1
52 2
14 10
11 15
56 36
36 48
12 3
41 22
2 34
32 50
35 42
42 3
13 43
43 40
10 19
19 26
36 13
43 49
23 54
23 37
48 17
27 18
36 10
55 53
2 29
45 36
30 45
54 42
30 55
40 55
17 40
11 30
25 2
11 21
40 47
11 57
16 29
51 25
26 46
42 14
33 20
2 36
32 2
24 29
41 21
4 57
3 30
45 44
48 55
7 30
44 34
45 18
21 38
1 5
26 42
34 17
20 35
52 51
36 18
39 35
55 1
35 16
31 38
2 37
36 25
9 38
17 13
15 37
50 15
57 35
57 34
10 35
11 5
45 6
38 42
40 35
42 33
10 31
14 11
10 49
51 35
45 10
47 2
46 55
17 46
32 38
1 9
7 5
12 1
53 52
52 54
43 4
43 56
30 53
6 24
46 51
33 51
11 38
48 27
42 39
17 22
39 42
28 2
53 40
2 8
50 12
4 35
15 46
50 45
57 55
11 45
7 2
54 18
39 45
3 23
42 36
44 23
20 31
40 31
29 41
54 21
53 57
14 26
5 6
29 4
20 39
8 42
41 4
2 22
7 21
4 48
56 47
13 34
36 52
23 7
52 20
43 6
19 57
47 23
21 19
43 56
16 50
41 15
12 1
53 19
21 56
9 19
4 38
52 40
48 34
46 1
53 48
22 30
47 12
12 26
30 54
41 4
5 24
19 16
24 14
34 4
28 2
22 31
39 33
29 9
34 30
20 24
51 49
29 21
3 54
9 15
53 13
19 47
35 2
3 27
5 30
28 42
19 9
17 48
54 41
24 42
3 47
51 11
18 15
13 30
39 28
26 51
5 3
56 39
20 1
25 40
46 52
25 24
20 57
14 32
57 53
16 2
1 25
12 18
39 41
6 37
27 47
46 31
50 45
13 28
4 53
11 9
47 35
32 25
34 4
56 49
56 30
51 56
55 21
32 52
20 37
31 46
43 20
20 51
7 48
21 10
43 31
18 48
8 16
1 11
30 49
25 3
1 23
57 38
13 51
57 9
41 46
51 3
8 44
25 55
7 50
56 38
27 46
4 34
4 20
45 34
12 52
28 51
51 8
6 3
8 30
2 12
23 4
19 25
44 32
32 37
30 28
6 18
47 39
38 10
42 30
37 13
24 7
22 33
31 43
51 54
16 53
8 54
15 42
22 2
32 12
54 4
39 18
37 28
56 33
53 57
21 32
28 3
39 49
35 28
34 45
24 8
56 31
5 13
31 26
30 5
37 42
24 34
2 3
4 17
52 57
32 15
47 2
18 44
9 11
14 42
14 37
9 12
26 13
41 56
38 29
3 33
14 26
9 15
45 28
47 55
43 21
12 33
22 45
19 30
15 49
31 28
28 39
40 13
51 39
27 47
10 46
38 39
30 46
54 17
32 2
30 18
23 42
9 3
45 43
49 2
34 22
30 21
19 28
33 28
9 18
17 34
6 13
16 36
17 28
11 48
29 41
24 51
41 32
13 28
34 4
46 10
25 34
30 2
4 21
29 28
39 4
4 3
16 19
38 32
46 8
38 34
48 5
43 47
52 55
33 28
1 21
54 41
13 26
42 16
6 13
2 3
16 22
21 47
40 2
21 45
25 2
37 31
22 20
16 20
52 3
36 32
56 36
44 40
20 19
4 49
20 6
23 41
27 13
40 44
49 43
27 50
38 57
30 2
19 5
37 29
7 16
3 21
51 47
3 29
24 23
20 43
28 43
43 13
55 41
15 46
42 41
55 22
40 43
23 17
47 19
46 12
50 48
48 2
53 10
30 19
32 9
21 18
51 22
31 7
5 4
11 46
4 24
26 43
26 7
19 15
25 7
43 17
13 49
18 25
1 7
43 32
15 22
50 24
43 39
30 47
1 56
51 4
39 19
6 7
26 24
37 9
46 38
26 1
30 2
25 30
8 27
5 38
48 13
4 34
10 49
39 10
48 33
14 45
10 35
51 1
30 19
46 11
3 5
56 4
30 28
28 15
48 8
5 3
28 54
28 19
36 38
25 27
10 12
52 3
21 46
3 10
7 36
9 11
34 28
56 4
14 13
52 38
18 13
8 14
57 26
8 53
10 34
21 29
23 1
33 25
10 39
47 45
6 57
21 49
56 24
6 11
34 43
44 6
9 17
5 50
24 16
2 1
36 39
45 1
39 20
41 48
17 30
51 38
45 14
29 2
53 50
29 30
51 15
51 2
31 14
52 14
29 12
14 7
9 1
7 47
20 6
53 36
35 46
16 38
18 3
40 14
53 11
2 46
41 52
7 31
24 17
44 52
28 57
1 53
16 23
42 51
44 54
29 37
1 3
17 35
21 15
48 16
25 49
21 25
2 43
55 25
2 41
35 45
56 35
40 14
16 41
7 2
53 51
38 12
12 13
46 32
28 52
7 11
43 35
3 44
32 43
4 15
20 7
29 13
47 42
28 46
7 45
57 41
11 27
54 16
18 40
10 40
50 12
25 28
14 27
2 57
30 33
19 36
4 48
41 5
34 29
11 22
44 27
21 55
53 33
29 15
38 11
24 49
51 22
20 11
21 49
2 55
44 6
45 27
26 38
15 36
18 1
21 38
14 33
30 42
4 44
39 15
26 46
24 19
10 44
46 51
47 44
37 52
47 23
36 27
37 15
44 53
35 41
26 13
26 30
15 7
3 41
53 26
18 5
12 6
10 22
53 1
6 1
39 42
44 18
15 46
30 8
45 55
34 16
23 6
31 30
24 30
41 49
6 4
20 12
13 41
23 24
57 44
41 39
28 43
56 1
47 28
9 35
41 42
50 7
6 39
52 29
27 51
36 33
54 55
3 26
38 41
8 38
27 48

225 192
126 195
152 95
218 58
28 162
142 63
87 121
177 142
216 96
33 66
123 106
183 170
12 96
52 16
98 106
16 146
188 193
115 114
114 159
224 141
96 192
204 9
88 207
203 130
77 10
195 200
167 205
196 178
127 23
194 224
128 36
144 90
3 85
30 117
71 80
32 166
47 10
1 186
43 203
90 120
40 112
94 33
91 64
211 44
86 6
42 40
41 12
181 43
148 211
159 218
65 18
210 163
79 211
123 122
15 213
16 106
99 161
139 16
51 124
59 189
181 152
3 221
163 184
90 85
221 76
130 112
145 114
50 223
151 224
171 218
38 13
98 136
173 11
203 224
186 88
187 141
14 16
188 176
199 53
88 21
180 44
133 99
209 9
96 135
7 94
127 45
106 224
7 54
62 210
104 22
124 117
215 138
132 177
140 158
56 54
178 10
97 85
108 81
93 31
42 152
124 220
196 4
45 202
57 106
13 212
128 137
103 169
49 10
120 15
167 176
69 171
185 165
31 120
72 175
150 113
101 48
159 71
51 204
100 160
84 112
146 38
75 76
206 175
137 153
190 130
103 85
75 114
76 105
8 148
107 157
87 207
31 21
105 82
224 204
68 134
142 40
224 44
115 204
218 78
131 9
207 60
93 57
174 169
213 8
143 146
217 4
128 22
76 59
103 126
37 222
35 5
37 33
100 203
63 145
56 21
153 37
132 73
145 80
16 185
140 210
105 131
213 59
152 116
117 82
16 205
78 102
37 114
186 136
92 76
55 147
96 35
10 2
107 207
134 174
166 48
158 97
5 197
156 87
47 12
155 79
142 31
115 30
44 77
173 119
132 146
41 166
156 42
99 137
2 47
129 101
204 225
105 175
155 36

293 399
34 148
1 160
10 190
174 140
63 41
256 235
109 149
14 13
183 243
60 40
252 46
147 216
3 132
25 176
210 73
12 244
7 92
190 16
281 70
236 130
191 198
72 86
54 85
178 236
35 237
62 73
69 208
76 71
127 100
246 43
172 44
73 178
215 263
273 282
119 215
119 96
120 270
181 253
61 65
195 175
88 43
248 156
251 30
14 164
209 46
206 167
170 66
51 91
115 110
80 233
32 278
36 231
254 3
190 101
68 171
276 235
293 230
98 37
46 191
200 254
23 193
207 192
258 257
283 79
153 149
98 184
213 201
173 216
177 273
70 134
42 11
134 271
188 170
103 85
157 143
108 56
56 86
20 99
155 98
252 10
275 222
9 195
210 181
197 93
241 53
227 282
63 147
47 38
103 229
122 259
79 16
21 214
102 120
20 43
4 58
133 279
279 141
260 195
109 163
75 56
215 8
124 64
234 250
101 43
186 10
89 51
105 189
264 286
16 283
36 19
47 168
4 113
15 263
14 123
212 88
258 213
175 169
64 195
125 244
25 97
253 113
147 145
88 118
137 103
187 172
122 21
46 205
133 141
175 226
50 173
101 15
173 62
263 236
257 94
186 68
271 226
180 124
77 54
28 213
157 215
172 278
22 4
189 234
144 150
166 194
110 53
288 282
115 257
224 158
137 196
225 114
208 191
25 284
244 52
284 107
266 242
171 74
245 147
14 176
3 260
156 112
19 230
180 213
193 110
77 116
93 88
17 7
65 41
78 96
92 148
282 145
96 160
218 127
13 232
89 95
278 244
287 3
180 173
216 159
70 79
62 162
247 78
248 98
118 112
193 289
259 182
140 141
48 145
268 140
83 63
21 147
94 14
149 60
187 151
219 256
17 280
124 50
144 158
147 261
270 47
256 235
228 183
163 62
34 217
281 196
66 8
49 159
22 277
219 208
135 224
170 231
290 80
280 140
24 133
187 293
179 229
22 193
198 184
254 231
107 241
213 172
249 261
118 57
32 123
264 166
53 220
183 129
86 169
55 109
8 241
189 267
256 290
166 161
260 127
178 73
154 98
31 189
145 228
245 176
57 2
128 189
221 17
24 93
185 78
282 273
105 177
246 148
253 118
15 219
31 192
78 185
76 108
80 221
123 112
183 179
113 98
155 41
114 178
213 86
43 201
145 227
164 97
81 123
1 95
48 32
74 125
3 149
20 162
156 222
273 126
107 93
223 261
213 43
226 212
208 55
120 59
281 283
235 69
193 236
243 27
54 103
232 136
39 38
4 274
259 64
106 72
236 35
120 235
158 132
153 152
186 272
211 173
49 152
28 174
58 54
227 160
285 69
278 29
153 259
287 3
71 146
238 186
52 259
130 183
118 281
75 177
278 34
12 137
142 39
97 279
92 31
145 164
179 210
272 118
175 266
120 32
198 144
4 36
109 133
218 14
201 79
190 185
192 201
108 120
26 205
105 197
22 37
67 280
246 46
105 207
98 11
238 82
235 29
117 50
241 121
63 148
199 39
120 177
26 14
4 51
5 108
248 106
144 21
93 96
146 277
9 30
74 34
111 15
62 227
65 89
54 207
237 39
33 143
216 58
156 219
109 161
33 143
266 177
243 145
59 96
128 148
125 202
181 23
3 29
249 67
117 90
61 140
208 93
282 130
150 225
135 45
172 168
187 144
131 217
76 269
19 283
123 223
271 90
245 274
198 281
47 102
157 187
28 71
66 97
201 216
28 42
47 199
289 21
129 206
237 204
182 42
194 91
264 171
181 3
151 165
283 278
266 226
251 1
3 24

62 767
44 41
17 22
31 41
59 18
7 34
53 14
50 40
40 54
47 58
36 40
59 39
35 13
26 24
28 9
24 60
38 3
36 52
25 4
30 19
22 34
53 12
47 38
49 25
27 33
18 62
8 12
38 40
23 1
62 50
8 21
46 45
24 19
34 46
23 61
2 42
33 52
51 17
28 37
39 54
5 55
54 11
4 27
50 26
26 49
12 33
8 57
15 31
11 46
14 31
44 13
10 14
3 60
29 30
32 5
19 37
57 8
47 61
35 32
22 60
19 33
30 24
25 42
54 34
25 3
2 6
15 12
18 15
7 46
42 39
48 61
11 43
6 55
39 38
24 60
35 40
29 62
1 53
41 52
24 1
52 26
5 3
35 22
17 39
3 59
13 50
57 23
28 60
15 4
36 37
62 8
14 28
6 15
16 46
2 38
45 54
1 49
56 33
8 9
8 4
22 55
58 42
21 56
55 22
27 29
21 34
42 46
37 54
62 19
54 37
1 45
35 49
36 3
54 43
11 61
45 30
51 38
10 9
31 62
29 57
28 49
27 5
31 61
57 30
17 48
2 17
28 36
1 38
52 41
46 48
21 12
37 59
19 45
25 18
9 18
45 56
42 47
24 40
41 51
57 26
52 9
53 23
8 51
58 59
28 41
45 46
50 19
40 6
61 1
23 8
18 3
1 59
50 22
34 28
10 26
52 59
35 40
19 42
27 14
38 52
52 18
35 40
34 11
43 33
11 4
38 28
4 36
22 51
57 55
15 2
17 4
60 51
41 14
28 5
27 1
56 14
19 27
51 52
37 32
20 47
33 55
12 36
28 31
23 20
21 37
21 37
40 16
23 18
29 50
21 53
49 14
5 40
55 54
14 24
10 58
54 2
7 26
30 35
48 49
56 22
6 28
59 19
51 14
48 36
32 38
22 46
42 26
21 33
16 33
54 25
28 46
26 33
9 53
5 56
38 58
15 41
24 11
59 12
22 44
47 54
18 7
35 57
30 55
27 43
23 19
5 51
62 29
21 8
17 23
61 54
19 11
32 40
19 29
51 40
8 33
29 25
37 61
18 3
52 44
45 12
60 48
62 59
14 18
2 30
41 62
20 57
10 51
34 28
15 20
4 21
50 30
43 25
29 60
27 18
42 7
27 37
54 27
32 3
42 33
31 18
31 48
12 38
36 43
4 49
60 5
7 48
34 49
8 60
45 32
13 22
38 40
58 28
4 27
28 43
58 61
26 43
8 1
15 51
2 61
46 6
3 31
38 49
38 35
31 5
46 52
41 23
48 6
24 10
33 4
3 27
62 28
5 8
27 17
58 26
13 41
30 15
8 5
2 43
37 32
48 20
22 26
40 5
29 1
12 59
3 15
21 2
40 24
9 2
40 2
28 53
41 57
3 48
59 4
26 31
34 9
49 53
32 26
57 60
25 4
57 27
18 13
28 56
36 35
57 12
36 22
62 12
14 2
57 8
4 21
39 37
29 25
27 61
48 19
56 10
22 48
34 38
61 62
31 34
32 25
45 3
45 42
15 56
44 9
2 47
29 40
19 56
62 45
52 47
1 45
55 20
31 26
57 27
23 25
60 54
48 41
57 28
20 9
21 61
15 22
43 42
59 61
35 58
43 24
41 4
33 59
34 56
53 60
17 14
56 6
59 32
62 24
49 6
44 48
21 4
28 62
60 27
32 54
5 53
32 44
56 62
40 28
53 28
23 7
39 14
13 35
45 10
58 32
14 38
15 34
39 42
31 36
4 62
27 9
50 56
52 43
53 27
6 44
54 29
48 31
40 58
1 23
6 57
54 19
32 6
50 6
45 16
41 49
13 4
55 62
57 42
42 48
6 48
27 57
12 10
23 51
6 22
9 16
60 25
45 1
10 50
46 25
26 30
37 29
20 34
24 61
13 7
2 58
31 56
5 40
17 54
43 38
62 49
51 58
11 33
58 20
20 39
42 45
6 14
10 23
47 31
21 58
35 20
53 1
14 56
38 28
47 19
1 44
5 51
39 14
19 33
31 36
9 11
16 13
24 25
35 9
53 56
4 25
11 54
25 24
45 1
49 29
17 49
9 19
35 45
32 53
15 1
24 9
40 36
30 62
8 36
53 61
37 15
10 29
38 31
11 36
18 38
52 4
44 8
37 26
38 27
41 36
49 2
42 26
35 9
25 42
45 15
39 17
28 48
43 1
16 54
36 31
27 23
35 8
28 7
31 1
31 9
36 17
8 13
42 22
3 20
2 15
58 18
40 43
61 40
56 50
11 25
12 31
57 17
59 1
47 57
31 56
31 46
61 41
25 41
62 27
60 61
42 55
17 33
13 57
26 62
3 48
9 34
40 25
28 38
9 22
5 62
50 61
29 12
39 26
37 34
25 14
26 41
30 58
51 22
19 50
25 3
56 42
18 21
18 24
40 22
22 28
7 20
54 18
56 17
52 27
39 3
50 15
31 43
3 52
59 50
12 61
43 5
41 60
25 56
20 3
13 41
28 19
60 17
34 51
33 24
13 10
24 62
22 52
40 25
42 36
12 53
35 55
58 11
50 18
2 7
18 14
47 45
30 42
61 28
30 20
40 37
42 37
58 31
14 18
8 50
30 61
20 54
30 7
7 29
12 25
42 56
5 7
34 2
5 61
31 23
37 3
2 11
58 32
23 14
40 8
41 36
27 60
25 54
2 31
20 13
53 59
7 58
1 38
59 5
36 25
25 10
27 26
19 20
56 41
31 48
9 4
12 6
26 1
8 54
20 18
45 16
22 40
16 59
36 18
31 58
41 40
20 4
56 39
57 34
8 25
19 14
26 28
18 51
26 23
41 45
40 23
58 62
60 9
56 33
25 24
28 3
62 45
4 53
21 61
25 26
21 41
38 47
5 55
33 30
15 11
11 52
31 4
51 28
13 43
58 35
2 21
35 61
3 36
52 24
32 14
47 53
52 22
37 56
14 7
22 26
16 32
16 46
35 2
12 45
44 7
15 44
28 49
42 30
21 31
51 52
42 34
42 30
55 16
23 5
21 42
28 34
9 43
17 42
45 26
24 31
37 3
58 21
45 23
41 11
10 31
51 43
10 18
33 24
38 37
42 18
3 13
26 43
27 3
23 51
27 45
19 61
47 12
19 27
34 60
38 41
28 24
21 37
41 54
60 16
26 37
31 26
49 55
5 12
57 27
62 19
9 18
17 54
27 36
18 58
33 53
37 60
14 57
32 54
46 28
6 8
2 36
33 49
28 37
60 23
62 57
41 6
10 56
59 36
29 13
31 61
3 56
15 60
23 4
41 50
9 48
52 43
17 36
6 51
31 26
50 23
3 56
32 58
50 3
24 62
31 20
1 34
11 15
29 33
16 7
19 23
53 8
3 5
41 6
55 9
32 41
31 34
32 60
27 19
62 48
17 28
3 17
61 13
29 27
43 42
32 61
2 20
4 24
44 10

220 796
165 94
56 148
159 117
134 118
66 143
80 28
113 56
48 131
184 137
163 113
66 18
163 175
83 90
20 71
87 83
166 31
109 154
178 199
50 23
96 116
165 175
143 209
162 190
119 125
38 214
170 103
11 112
209 93
201 160
95 68
23 193
98 131
126 208
41 175
10 137
2 107
23 144
95 185
46 146
21 83
71 190
118 13
13 106
105 214
198 132
213 220
104 22
62 161
9 102
115 171
170 117
57 125
192 83
21 169
160 193
184 10
95 81
22 107
118 59
32 95
122 24
26 157
46 87
97 206
121 143
156 2
191 144
126 163
7 78
111 98
51 6
108 145
86 61
183 204
51 215
10 172
18 36
40 215
54 136
201 174
59 136
176 29
60 13
123 218
91 166
95 73
171 134
149 189
195 111
104 177
37 113
129 207
148 100
201 202
16 181
87 6
29 42
186 20
207 21
17 77
186 43
149 68
177 77
36 83
119 139
39 156
184 99
142 43
131 54
24 146
15 43
83 195
16 200
214 2
220 162
10 117
136 90
185 24
98 152
106 217
3 77
84 186
107 5
8 17
58 184
94 4
6 176
130 173
88 55
175 87
216 116
136 64
206 32
87 83
183 193
79 117
201 94
82 87
98 22
36 88
205 129
23 142
17 153
94 104
207 200
122 135
96 37
198 13
220 64
95 115
188 106
11 168
199 93
187 9
46 2
96 30
62 118
103 78
202 128
113 189
40 167
103 67
135 80
79 135
75 173
29 43
210 39
142 121
63 40
129 40
41 156
69 35
205 103
44 187
163 157
155 202
103 189
48 17
200 126
83 54
10 111
96 220
82 170
120 76
209 180
116 182
115 116
216 99
151 39
65 93
127 151
74 161
119 121
178 98
178 192
84 187
83 111
118 96
60 169
103 49
128 218
10 22
114 157
53 44
127 117
68 34
200 141
194 30
193 83
128 82
55 211
48 69
101 98
96 93
46 198
141 106
196 82
127 21
170 111
216 76
8 63
41 139
135 15
168 39
29 7
120 15
149 99
15 182
196 110
54 174
88 126
59 215
139 117
167 88
8 94
163 167
88 204
17 2
150 184
40 110
191 159
125 119
189 139
80 165
29 65
50 48
190 40
194 108
88 72
195 27
165 70
125 32
205 141
185 66
105 156
175 7
26 79
57 214
218 137
90 178
133 139
157 103
178 130
142 46
201 49
4 77
50 129
40 34
49 4
31 85
159 205
91 116
216 148
109 145
216 199
102 60
49 190
162 159
99 84
136 11
64 139
19 113
47 58
146 96
213 108
112 83
92 203
198 19
62 86
163 209
216 196
48 197
165 142
135 43
157 50
205 220
120 3
112 167
212 189
194 204
76 17
66 99
151 43
118 212
61 60
132 208
36 112
184 200
33 30
175 121
11 91
120 131
26 163
9 17
63 134
153 138
150 218
168 81
193 65
4 185
57 136
172 24
179 68
155 211
97 41
43 108
132 162
170 89
36 178
37 98
91 189
167 172
119 114
32 91
179 36
207 167
103 158
190 61
157 124
203 186
165 25
73 8
118 174
96 85
131 132
182 153
33 128
36 151
173 68
173 63
35 159
9 69
28 198
61 185
34 43
150 198
219 154
205 48
107 12
64 169
75 25
33 107
84 68
189 188
67 141
31 101
79 39
101 39
169 161
3 202
135 152
179 65
17 95
44 123
106 107
3 112
63 35
219 146
34 187
46 101
40 76
133 50
114 14
88 214
106 90
195 21
173 85
17 121
179 61
175 216
167 177
108 10
143 38
87 177
156 132
209 127
139 53
177 185
218 44
178 104
66 153
56 170
169 72
71 128
64 177
55 163
134 94
172 208
131 190
96 219
34 84
125 172
69 81
68 66
57 26
169 54
110 156
155 58
160 5
117 3
114 172
165 27
45 48
166 108
170 42
38 135
57 162
18 125
175 86
191 163
43 71
216 152
159 150
209 98
87 106
32 200
209 129
158 185
108 103
4 57
144 41
123 201
203 141
105 89
158 7
31 200
78 26
131 16
107 51
113 193
88 76
172 8
204 109
193 92
212 196
80 67
169 203
47 83
55 84
171 212
90 201
191 167
158 33
114 44
15 158
17 103
14 120
110 217
9 14
20 152
210 100
218 90
14 197
172 68
60 122
59 149
34 181
28 191
145 141
166 159
79 182
41 24
14 83
172 22
96 192
105 17
71 34
106 84
10 57
83 1
110 73
82 143
185 109
45 109
181 211
47 191
104 20
214 117
34 98
70 129
69 174
78 71
140 115
86 81
172 168
82 213
20 95
68 136
135 112
24 95
102 2
218 138
173 143
34 206
20 104
47 88
209 124
158 128
18 175
209 121
122 2
114 73
96 181
208 10
4 163
36 38
165 33
175 49
176 208
35 127
91 81
215 80
136 84
139 85
39 127
206 92
60 31
165 155
143 84
96 146
27 132
183 123
96 137
171 203
57 205
110 147
217 36
158 64
119 77
149 89
135 66
181 127
96 57
213 170
72 89
27 98
152 210
152 27
58 103
162 114
19 51
193 168
18 62
11 68
70 91
157 137
156 49
43 183
37 35
132 108
55 159
138 206
80 69
165 69
103 38
115 122
20 87
1 37
80 163
104 150
34 40
218 121
20 40
84 56
6 147
164 213
17 81
130 28
149 6
97 32
43 211
85 62
9 17
98 88
179 202
169 144
173 98
45 193
137 60
180 75
138 123
67 155
203 128
182 64
134 210
27 176
132 43
170 140
59 47
160 169
180 40
93 65
138 69
189 206
128 148
212 45
51 58
131 185
186 25
180 31
14 206
206 146
28 155
217 18
134 88
187 25
128 211
89 197
59 209
182 186
137 174
162 119
163 73
83 60
97 43
90 42
180 8
119 140
94 48
157 159
135 55
184 194
45 204
102 103
193 64
220 109
169 162
7 43
166 21
35 194
215 56
15 175
63 66
94 89
45 182
27 179
17 210
85 213
126 186
96 98
181 27
138 61
188 76
36 65
96 70
38 91
125 205
197 120
50 70
208 26
183 166
136 199
156 220
124 61
118 151
90 10
177 7
3 77
82 38
141 109
39 179
199 163
163 175
214 144
176 133
169 139
79 16
49 166
16 172
158 65
102 27
6 211
33 8
67 46
45 207
154 83
97 65
178 191
171 103
46 127
16 146
197 94
162 177
39 109
61 196
173 94
154 178
16 186
186 82
163 162
1 96
177 97
160 134
68 111
168 45
169 183
191 77
208 132
185 178
20 25
85 124
51 18
81 66
135 198
80 77
140 80
173 28
176 44
93 175
154 40
220 34
3 122
110 142
33 75
100 204
31 184
107 13
202 119
79 116
97 158
193 168
17 77
195 124
120 67
11 206
106 162
19 40
63 61
182 27
135 61
10 97
176 116
110 157
14 188
205 42
57 109
209 5
117 115
60 16
113 70
153 151
11 172
122 5
12 83
31 78
75 40
174 31
87 63
119 33
182 35
6 170
143 147
174 39
41 14
207 86
83 139
16 26
22 137
30 185
152 213
42 158
184 148
188 51
142 19
15 104
53 20
53 128
166 159
98 139
172 16
4 186
155 171
211 108
87 173
73 170
165 46

110 21
83 7
110 5
25 56
40 10
8 92
69 105
30 98
65 23
4 110
99 90
60 21
87 79
15 49
28 1
95 25
61 109
74 102
3 30
48 42
81 97
66 39

289 831
47 249
226 249
97 288
113 195
88 20
266 63
83 238
227 100
183 206
67 167
109 267
247 107
15 134
158 224
194 126
135 163
8 283
122 105
281 234
222 2
177 198
64 259
69 214
281 174
130 270
263 161
247 221
267 262
65 135
119 181
261 176
267 268
169 99
6 83
256 150
8 66
58 283
35 50
207 238
146 260
218 120
131 99
51 109
283 38
243 112
218 137
288 195
39 90
217 44
96 106
194 103
94 174
19 51
146 226
288 3
196 216
45 37
25 18
68 18
55 22
53 195
81 51
24 119
63 163
163 158
191 279
183 284
86 202
45 232
61 43
157 179
181 124
138 206
141 206
146 195
150 198
23 230
171 46
60 157
131 145
237 32
57 131
238 142
255 282
7 26
247 86
127 139
209 264
267 60
180 46
177 252
167 200
193 260
168 175
127 222
30 287
253 86
128 202
150 16
117 80
253 75
165 90
136 85
276 113
67 90
81 244
52 247
77 244
218 167
52 267
99 81
264 275
89 25
187 162
252 14
241 215
11 116
227 146
123 214
181 190
14 262
67 277
142 66
155 282
232 206
260 254
210 157
239 9
105 59
93 67
284 44
205 6
83 142
74 128
278 178
28 214
150 17
202 214
82 67
207 237
272 177
201 192
256 73
124 71
131 216
61 125
183 188
53 265
252 50
103 241
227 54
165 10
70 77
223 75
143 140
22 126
239 145
240 129
217 74
122 58
213 182
105 106
80 158
4 43
130 106
206 67
82 81
288 75
81 221
149 223
284 93
271 156
237 145
284 164
218 117
144 141
221 171
169 224
251 172
189 91
201 105
157 282
108 78
279 111
10 61
257 216
153 238
82 23
16 289
109 234
39 252
8 259
57 177
116 18
59 15
109 259
42 188
175 73
266 164
183 198
225 150
124 11
22 128
34 37
127 142
193 165
28 201
135 84
11 173
101 69
111 132
251 152
31 59
147 219
145 253
127 3
113 173
14 57
11 259
17 138
34 209
13 61
43 70
67 53
243 91
45 64
145 218
138 175
276 208
27 54
171 153
57 206
248 282
263 259
251 279
107 284
121 42
268 87
112 257
139 277
58 106
263 203
246 34
11 155
241 250
209 122
36 265
39 284
257 224
253 141
136 70
135 179
34 113
265 145
4 38
55 61
143 28
186 100
274 120
254 225
80 173
270 115
71 231
109 250
88 284
101 223
276 159
35 21
194 11
165 197
48 143
258 190
93 77
212 77
119 100
225 198
272 128
236 266
281 267
226 79
262 250
224 248
119 258
268 23
191 67
220 238
209 111
62 12
110 273
12 229
83 159
137 278
286 6
177 200
273 36
278 245
208 135
203 37
26 182
272 217
171 202
165 90
235 149
24 55
133 247
283 138
116 54
49 35
59 148
234 42
184 145
286 102
279 123
62 16
227 44
155 108
168 30
120 113
102 66
90 157
236 7
5 274
60 266
232 41
47 176
83 153
244 2
178 233
47 239
171 273
205 36
14 83
278 56
118 90
45 207
246 280
213 173
264 195
72 206
236 119
16 241
194 259
242 82
125 212
243 219
118 158
177 132
163 88
110 280
100 154
121 268
67 44
75 254
239 146
93 108
187 108
59 15
289 223
96 48
145 50
189 263
130 288
28 4
87 137
283 109
214 114
88 280
81 162
167 242
230 260
60 51
1 41
65 1
263 83
260 119
55 82
15 185
80 42
188 89
101 104
198 237
141 208
151 144
3 28
96 232
287 78
205 288
41 192
211 14
198 104
55 252
185 281
147 264
245 257
64 269
72 184
216 135
102 77
278 104
28 7
258 237
7 174
235 47
288 79
272 196
182 250
82 289
241 228
187 120
196 250
99 190
67 25
247 168
25 235
271 264
164 239
211 170
46 80
139 257
158 44
86 263
4 167
185 168
29 82
287 224
254 96
47 31
43 4
198 279
161 102
253 35
264 175
204 232
254 265
199 45
19 208
230 235
85 126
113 207
110 259
172 128
228 125
93 231
34 83
25 58
46 59
32 143
185 264
30 160
96 287
102 14
150 47
99 275
159 134
116 191
104 210
241 42
45 44
196 1
126 220
59 95
202 90
160 97
276 190
180 83
110 281
19 259
250 117
168 42
174 283
232 277
126 183
241 93
226 70
94 275
1 152
80 125
164 162
221 74
274 34
156 94
237 97
64 197
214 231
238 21
147 103
8 272
208 171
75 68
241 91
53 164
165 55
288 40
216 142
36 201
99 114
217 46
210 280
166 134
144 37
77 213
63 84
195 270
178 193
48 129
283 23
215 82
77 136
44 216
200 79
50 9
192 266
267 112
257 66
169 34
25 245
247 87
252 75
68 140
190 38
191 107
61 116
188 60
174 231
275 84
20 35
93 134
224 282
245 191
58 124
147 82
3 27
169 254
102 159
104 2
119 217
108 179
43 218
162 139
159 70
222 101
105 237
234 39
229 113
152 286
159 221
2 161
248 170
125 272
251 151
196 80
78 227
182 43
155 266
181 237
46 114
48 73
61 205
34 213
240 108
209 109
40 210
270 210
13 28
192 186
179 98
189 179
35 4
222 190
269 36
60 25
149 30
21 133
157 54
56 107
162 187
216 124
31 119
44 255
69 235
152 247
255 51
60 1
266 281
113 245
239 95
192 22
124 212
154 281
266 132
21 61
241 236
184 271
277 227
237 57
95 22
226 60
72 285
272 260
199 18
215 149
35 40
170 159
252 246
73 151
11 93
211 251
252 105
156 239
254 103
218 59
124 78
41 118
285 236
88 118
253 225
266 288
264 69
80 226
237 152
10 170
244 220
131 129
247 286
79 211
22 219
192 145
7 233
185 3
179 272
120 65
207 19
275 105
10 277
253 169
139 263
49 17
193 102
68 74
99 146
284 43
288 187
188 5
53 6
219 154
201 49
141 118
279 127
145 288
37 109
90 99
82 138
115 197
240 105
270 261
251 188
14 172
8 124
176 60
130 29
213 41
77 64
81 279
113 149
200 150
257 1
248 261
61 285
168 223
100 149
117 273
259 54
155 266
177 254
36 229
282 171
192 281
157 196
193 267
104 265
234 27
146 205
87 141
6 21
163 77
60 70
46 113
147 22
213 34
269 75
238 150
190 153
230 19
56 133
285 159
108 152
185 253
67 195
27 284
138 112
72 197
104 117
21 251
62 156
207 41
230 156
114 53
19 54
71 286
186 66
156 216
140 263
179 129
168 205
124 16
239 195
213 54
234 156
227 218
22 144
182 174
222 6
227 240
271 8
160 90
286 26
16 136
288 117
265 90
244 22
105 193
216 240
246 83
106 183
224 50
250 116
147 182
44 84
56 25
14 215
37 222
163 264
69 161
91 256
173 257
277 278
160 126
228 40
131 257
145 65
229 28
180 86
210 146
169 265
170 106
113 129
38 275
103 29
69 193
284 242
160 194
153 243
30 14
205 161
193 60
148 133
88 251
218 220
107 21
118 200
126 230
39 86
138 142
115 206
257 109
81 128
14 233
4 255
170 208
49 73
190 197
205 277
158 57
130 187
289 247
97 48
110 136
133 247
277 247
87 167
279 167
5 215
34 220
103 203
138 152
198 39
271 37
238 62
93 79
248 15
248 56
62 69
191 117
26 101
287 35
267 276
202 195
124 158
125 226
283 186
88 191
147 281
227 18
53 242
19 12
256 267
67 240
258 180
68 283
280 65
29 180
263 153
8 97
233 133
33 226
241 44
50 21
35 277
38 88
152 269
99 119

13 18
10 2
9 13
5 4
10 8
12 10
4 7
11 6
2 9
10 6
5 7
12 6
1 4
4 1
9 8
12 6
5 8
7 13
8 11

257 584
244 134
57 126
153 146
79 101
171 167
99 84
158 39
226 235
248 133
203 201
153 138
90 63
86 164
116 243
98 183
173 84
60 100
80 83
246 158
183 30
67 152
113 95
61 209
200 179
84 145
123 236
154 83
169 239
246 28
95 86
81 138
169 11
238 119
93 226
19 18
126 213
40 109
178 101
60 121
22 14
136 144
121 32
226 32
141 86
187 106
171 11
244 211
21 224
72 114
63 219
2 59
174 42
167 223
142 97
86 163
110 221
178 230
253 17
133 7
102 62
113 144
200 227
97 221
64 39
205 126
257 206
184 45
118 221
10 130
60 95
164 169
186 84
13 52
228 16
59 201
77 42
87 148
11 54
111 74
220 186
70 220
5 124
135 123
87 144
123 146
109 29
185 165
240 68
217 211
83 146
154 31
187 111
178 68
35 159
141 254
87 81
216 219
204 221
84 161
107 78
177 86
106 104
251 89
43 81
42 125
226 66
155 47
203 93
81 104
233 77
190 56
164 23
130 127
106 33
105 54
209 190
160 183
54 248
225 134
160 221
102 96
246 127
142 192
219 93
38 65
169 99
248 75
121 120
73 97
23 177
151 231
237 53
28 34
171 252
38 201
86 11
39 75
8 51
9 98
143 174
162 182
15 24
128 6
143 200
103 166
247 253
10 226
176 37
130 217
160 39
160 245
49 69
190 184
247 198
24 3
115 57
184 257
80 182
6 93
252 108
1 241
231 139
81 20
175 81
107 205
119 9
64 38
205 253
93 194
194 116
67 179
43 121
178 122
46 54
215 40
32 86
152 5
224 232
152 13
183 1
88 173
137 151
81 84
147 173
148 211
160 214
3 202
206 51
195 251
105 152
161 136
108 55
12 203
157 163
86 211
35 173
126 171
195 206
126 212
250 144
36 152
229 38
96 177
216 33
170 191
55 73
70 34
256 209
236 26
242 64
236 19
107 104
61 44
181 186
255 173
72 33
67 171
198 33
90 157
194 2
90 119
203 30
152 72
238 130
97 94
64 204
112 171
178 43
85 101
99 83
144 42
243 81
212 184
242 45
211 178
174 171
167 247
201 62
61 52
62 29
145 254
103 128
38 23
170 122
252 140
75 138
181 189
219 135
243 74
179 196
251 224
237 31
213 180
220 145
103 153
44 247
149 146
245 186
168 29
178 33
168 124
171 91
55 3
225 40
76 18
106 197
241 85
227 67
136 61
211 238
213 254
98 104
13 86
160 52
242 208
84 23
74 254
113 128
127 208
38 202
96 143
12 207
99 110
17 234
170 227
214 125
95 182
228 107
138 1
29 122
208 113
144 153
237 127
151 107
206 189
179 44
202 191
251 43
171 138
147 83
235 231
207 200
156 48
178 36
176 206
29 126
61 43
21 41
170 172
18 246
231 196
160 175
257 24
89 170
161 235
252 139
209 72
81 235
119 1
13 37
78 169
34 138
212 182
49 252
224 66
111 68
133 13
243 132
37 202
173 197
50 38
206 129
110 158
106 99
158 247
7 235
29 40
244 240
92 35
105 59
229 215
126 104
228 239
106 7
54 21
74 104
59 23
232 39
180 209
137 208
198 143
57 226
53 171
80 16
205 55
74 47
13 70
150 111
180 127
245 233
18 61
207 204
83 182
242 133
4 250
84 72
6 11
40 187
181 247
202 256
45 18
46 185
215 66
38 8
192 25
241 81
213 190
27 39
242 12
42 245
132 253
59 137
6 227
66 57
87 10
56 2
155 229
186 241
37 94
248 100
246 231
180 202
35 77
111 147
88 23
6 219
19 64
227 152
161 35
209 119
173 7
120 70
235 177
181 142
13 172
112 130
16 162
202 50
239 55
68 197
205 73
30 223
7 256
118 39
161 69
157 76
203 19
17 51
195 197
63 79
239 175
208 255
207 152
175 188
77 242
128 24
57 157
118 192
26 235
230 186
174 129
133 119
147 20
40 213
216 102
34 69
147 112
66 97
134 240
27 81
96 25
232 23
181 92
214 77
197 186
6 113
57 9
102 75
28 141
30 114
243 191
182 132
45 118
228 49
101 126
129 67
150 103
89 202
195 46
21 5
231 154
118 159
33 90
233 60
231 133
45 87
66 97
89 238
215 188
29 186
56 157
252 76
130 83
20 195
256 169
200 101
65 60
2 226
149 105
28 250
108 200
79 44
40 39
24 254
226 180
53 152
207 47
227 79
257 118
17 256
29 216
227 221
146 99
189 165
74 88
158 181
30 107
224 197
145 118
193 241
168 245
6 117
162 233
195 162
221 82
31 249
40 128
83 56
226 143
221 42
230 121
222 130
98 59
198 114
47 133
225 214
249 231
73 24
77 138
56 40
220 214
159 130
84 241
186 52
254 149
93 97
140 185
98 108
114 38
221 160
41 60
244 160
33 187
184 109
68 239
19 158
196 177
30 150
31 215
202 156
234 165
252 244
221 92
95 77
129 186
108 170
245 94
72 20
152 126
256 219
236 17
247 45
64 19
194 223
105 138
121 209
174 115
196 137
78 33
213 206
89 191
246 77
156 189
224 50
185 223
139 163
110 128
207 45
17 144
10 249
152 130
201 196
115 10
75 192
170 159
12 1
92 128
77 247
187 44
39 115
137 177
20 246
175 227
161 192

