20
244 684
162 33
242 44
222 80
40 111
222 75
80 104
36 209
234 239
153 22
37 158
90 121
13 117
10 44
115 77
227 32
67 24
64 188
68 165
147 231
155 124
186 115
227 221
79 217
215 111
118 132
149 88
132 161
204 141
205 75
218 67
106 164
91 49
107 38
94 133
148 4
13 89
118 239
189 77
91 40
67 89
171 215
176 182
12 135
202 216
89 175
162 194
218 8
123 204
169 216
93 73
99 105
41 217
223 110
173 194
149 239
38 199
90 213
16 101
103 217
72 148
113 21
1 143
205 169
238 53
121 93
37 42
189 15
151 241
88 179
235 125
13 80
217 28
60 200
244 131
27 124
171 28
124 194
232 48
187 164
49 159
200 214
227 94
244 223
62 178
94 66
70 53
39 97
113 118
220 123
24 3
2 194
154 125
143 21
53 210
184 225
124 19
194 107
236 193
209 177
6 58
243 75
111 161
171 223
34 146
101 181
28 227
130 181
107 153
81 159
242 144
139 1
162 212
231 34
160 196
210 165
9 88
119 4
45 221
161 71
202 97
222 184
107 39
46 15
119 85
12 19
103 136
60 71
123 93
110 74
183 155
82 26
29 81
30 198
181 70
24 138
167 125
77 153
163 3
167 38
211 58
180 69
193 239
19 71
88 9
24 150
163 106
175 191
66 84
24 2
154 171
20 200
52 220
108 214
222 154
131 188
211 66
137 39
61 155
234 28
163 13
177 205
242 231
32 187
71 55
69 104
226 88
59 157
63 166
126 165
75 137
232 165
82 4
83 22
39 72
49 81
209 105
42 206
216 73
149 166
7 217
25 232
184 207
144 126
128 150
170 82
166 38
126 3
41 208
25 79
160 197
160 124
182 201
209 153
153 113
74 159
209 98
27 28
184 50
34 67
79 203
28 124
240 153
127 161
240 31
239 155
227 34
34 164
114 243
196 22
235 25
61 80
2 211
231 185
140 20
131 219
223 158
222 98
190 104
14 186
14 133
220 241
166 134
40 36
132 236
181 2
140 121
205 22
87 192
206 227
211 93
81 69
130 58
47 200
42 184
21 55
72 240
175 118
129 95
33 140
210 213
22 105
90 226
126 56
173 212
162 20
184 122
88 193
60 14
148 225
198 168
159 149
44 90
146 172
64 178
192 153
27 213
13 240
194 19
51 123
110 93
22 49
214 109
121 29
3 25
9 200
72 168
104 115
137 6
167 200
63 114
108 89
206 244
84 155
142 15
157 131
107 178
59 76
167 180
105 169
204 237
4 155
160 107
150 176
236 196
11 179
65 242
23 26
242 231
60 19
1 217
30 107
30 88
62 196
23 46
244 106
39 3
141 78
234 46
10 225
241 20
39 185
18 62
90 139
48 149
37 172
1 66
158 31
34 219
106 56
21 106
42 183
108 182
140 221
227 149
202 103
49 120
43 190
181 12
208 108
160 244
159 41
190 72
71 223
47 56
158 191
161 199
9 149
16 148
125 242
53 206
224 225
82 22
170 142
157 13
6 73
136 164
113 81
116 63
183 42
118 221
232 159
55 120
63 71
23 67
192 199
29 172
179 234
73 228
131 230
120 16
182 12
60 174
216 175
236 35
216 233
11 83
147 189
202 209
15 224
32 87
59 184
138 117
173 210
225 59
75 100
75 136
111 134
65 83
188 56
117 159
45 7
241 191
195 78
36 90
181 191
176 239
130 69
112 58
158 92
240 233
191 70
124 182
83 69
20 26
124 16
64 48
22 184
119 216
17 154
185 198
224 116
72 109
64 183
46 222
154 41
90 225
235 93
162 73
161 61
223 165
76 42
212 97
226 210
192 122
243 133
75 222
4 147
86 192
209 131
169 119
52 14
223 42
230 140
238 147
200 216
67 31
138 158
7 243
124 198
120 122
210 195
224 94
221 65
41 65
76 209
183 127
102 41
168 87
60 161
113 15
13 59
169 150
217 55
148 220
133 147
221 98
221 200
191 197
145 231
18 220
75 80
226 56
1 149
23 60
189 15
75 201
74 123
230 170
58 13
25 190
160 1
43 136
81 114
213 225
224 110
80 179
69 61
234 69
89 136
129 33
151 83
114 224
85 223
29 142
236 53
87 31
177 10
166 137
123 14
241 226
123 76
160 72
16 30
140 104
165 24
17 195
106 10
54 71
232 82
212 223
14 55
133 71
188 179
207 190
192 204
171 195
35 211
22 175
240 161
34 40
65 174
235 50
183 168
120 171
6 88
29 143
22 162
213 89
96 176
34 167
135 204
117 49
170 138
223 45
179 137
85 243
190 199
172 129
122 48
179 7
15 207
150 36
4 118
124 99
173 37
22 63
240 18
236 46
156 94
214 110
54 92
56 132
19 184
10 66
118 140
204 45
239 208
43 242
186 215
34 207
158 154
225 149
79 16
242 172
109 232
106 200
43 237
98 106
126 44
103 22
3 62
190 122
149 232
119 91
203 33
177 116
66 37
144 24
176 21
195 40
8 56
119 174
173 217
35 54
140 137
75 142
79 21
19 227
132 18
197 90
174 130
85 239
166 108
142 222
9 216
141 16
28 16
190 200
112 104
133 7
241 88
28 199
108 47
181 119
64 134
209 237
143 173
111 188
161 132
165 169
103 62
184 10
201 9
89 192
113 222
198 233
65 225
187 52
151 3
170 94
16 14
86 158
67 76
102 227
87 22
151 190
207 214
79 163
103 168
110 95
145 187
207 89
48 29
140 198
31 189
172 47
203 13
204 25
213 185
131 55
87 161
124 49
10 83
92 112
6 81
86 30
148 48
118 195
76 137
28 231
81 199
33 163
92 116
67 184
57 197
118 143
237 122
71 3
204 42
238 89
123 80
118 150
7 115
224 83
7 69
211 86
225 10
57 96
76 120
152 153
237 174
25 238
125 27
197 166
21 41
168 224
38 73
230 152
176 192
38 63
16 129
148 120
138 84
216 93
203 3
125 75
57 150
193 181
56 145
226 76
66 30
179 103
226 165
135 158
112 52
220 8
180 3
127 197
86 222
170 168
225 50
122 37
79 70
97 135
95 202
210 160
231 145
142 213
189 156
6 56
208 225
187 23
227 70
220 192

491 589
475 112
116 217
82 27
172 456
429 30
246 412
209 143
27 211
37 131
278 326
432 156
272 300
123 192
458 377
306 451
56 289
71 278
15 259
410 186
329 347
215 83
373 38
332 15
248 368
145 140
309 191
295 89
491 33
281 72
409 201
31 465
490 208
357 13
466 275
304 303
130 133
1 117
170 332
131 32
314 276
172 131
81 220
80 113
115 258
31 315
394 110
419 216
466 46
190 355
349 108
99 96
214 215
371 54
346 18
367 236
189 113
422 375
438 117
488 61
374 133
481 276
242 409
1 322
69 296
185 418
18 389
128 231
112 8
390 72
131 372
413 319
484 344
202 430
460 304
105 448
436 94
338 292
117 444
228 292
355 27
324 478
415 451
324 142
73 222
213 203
102 135
136 94
93 444
32 167
256 242
123 307
442 75
213 67
28 441
464 488
467 296
474 6
256 306
147 434
37 359
252 244
108 387
338 200
445 475
472 210
226 209
131 176
284 343
348 417
292 321
413 374
125 395
485 486
316 140
44 352
113 295
210 221
190 56
35 144
146 16
459 477
224 98
267 122
55 123
47 453
58 459
335 289
469 328
283 293
82 432
259 194
235 83
414 40
245 64
183 390
185 256
481 408
459 256
145 22
484 191
474 51
265 423
445 348
365 342
255 446
283 128
149 26
210 177
65 454
240 353
458 424
117 447
447 190
211 100
318 310
396 300
466 275
338 419
131 211
269 385
166 60
127 314
86 337
105 256
405 345
118 372
383 340
433 444
145 259
158 462
77 63
270 51
337 222
469 83
433 246
82 107
412 209
35 112
160 245
367 73
98 484
444 96
439 386
48 92
153 206
62 335
374 437
385 325
168 362
22 109
222 104
321 142
418 461
253 86
214 235
158 418
333 217
22 280
111 175
477 369
486 153
212 368
99 105
308 372
81 329
95 408
432 30
165 358
490 417
443 318
160 216
350 108
432 477
387 157
161 373
34 261
140 351
138 238
70 60
224 256
388 318
172 435
347 336
301 451
368 359
384 142
83 242
249 129
334 251
285 109
238 424
369 377
283 121
230 458
180 453
222 183
280 8
126 241
344 426
307 326
399 199
467 96
55 331
224 388
90 17
111 327
55 480
212 337
215 441
409 10
18 139
192 297
147 317
152 105
357 458
430 265
165 20
360 326
350 199
328 439
215 439
380 376
42 207
221 256
262 245
265 279
489 456
190 250
281 342
354 147
308 398
26 88
33 385
413 382
92 249
436 413
302 430
297 343
145 132
108 407
482 478
300 480
443 490
238 338
446 207
99 262
113 124
455 145
124 376
142 321
240 192
348 50
130 259
393 275
6 115
296 487
101 210
475 158
208 328
111 162
43 315
39 261
54 2
406 283
484 162
218 232
353 75
387 482
439 394
371 444
123 281
55 224
491 38
487 207
365 212
475 22
142 128
283 195
129 303
477 121
464 203
458 431
383 460
421 331
362 407
389 485
196 443
323 195
481 424
17 460
251 106
482 392
233 379
95 361
190 186
97 268
388 169
207 280
137 242
225 114
157 122
107 459
74 44
268 169
467 284
243 226
4 339
126 236
226 326
212 30
20 414
297 23
91 12
408 334
360 141
447 25
368 168
98 441
211 366
224 292
158 467
133 268
314 364
12 155
199 223
184 324
145 481
346 342
107 262
290 466
17 245
106 385
412 203
440 237
77 173
37 341
254 169
117 182
148 234
336 346
457 135
178 216
230 139
172 442
400 461
417 320
137 416
346 445
364 91
31 45
234 477
404 17
208 95
164 441
45 124
21 179
408 343
408 55
23 359
69 99
390 100
418 141
24 273
94 388
469 230
47 211
215 451
334 37
160 6
478 204
236 7
383 152
455 405
206 478
272 380
191 276
480 223
416 118
110 19
14 88
248 167
404 78
232 246
114 391
358 206
209 102
213 100
359 176
120 179
268 6
67 73
282 161
296 206
279 405
330 292
107 193
73 20
270 304
371 489
309 343
204 27
59 31
232 417
312 351
104 195
463 171
267 253
331 177
73 224
197 403
25 303
210 203
428 479
122 308
91 45
159 294
177 324
430 409
249 251
374 353
445 345
138 326
212 83
12 285
307 314
302 437
125 20
148 62
113 375
475 203
420 248
112 105
80 50
128 329
406 117
296 465
76 433
300 288
130 417
187 436
239 103
487 469
122 250
145 340
133 128
157 167
482 268
272 70
424 14
13 338
130 308
312 355
226 214
100 257
400 150
4 117
146 87
238 395
232 192
142 465
348 309
455 231
195 34
163 208
152 115
444 75
41 370
44 266
92 143
137 491
293 140
116 53
333 459
447 73
265 203
46 227
20 116
457 320
149 234
37 406
455 95
480 4
79 33
376 170
175 21
275 82
267 5
134 108
78 195
286 342
398 437
77 417
61 43
352 315
382 3
230 345
97 218
349 175
356 339
450 146
359 233
227 134
237 467
347 314
170 141
164 182
87 346
214 147
3 74
77 385
76 306
344 278
138 201
67 3
48 25
254 22
257 95
155 108
70 11
421 346
257 199
142 343
53 355
105 56
428 181
55 118
101 398
395 238
214 461
346 367
485 108
388 356
203 52
463 378
168 7
232 424
205 374
382 364
343 101
34 280
281 88
12 381
100 407
233 419
376 88
295 476
195 191
446 12
348 418

88 495
7 61
7 31
29 78
78 79
45 6
61 9
35 54
18 49
41 38
58 83
34 62
71 48
77 74
43 73
7 16
64 14
77 70
20 17
35 73
7 55
78 43
63 88
9 56
48 25
70 17
83 15
54 65
38 19
27 57
3 9
72 42
22 60
88 17
53 34
1 35
1 54
78 39
53 86
7 77
86 76
69 81
66 11
33 16
29 59
72 7
68 31
48 65
3 23
58 31
33 34
65 9
88 54
47 28
27 29
16 25
16 61
81 58
71 25
49 11
84 8
81 39
38 16
15 16
39 72
46 71
18 23
79 81
76 37
20 15
66 12
15 57
72 7
2 30
31 50
16 2
57 8
40 7
23 55
22 61
14 44
43 7
66 9
87 29
46 83
19 87
6 33
31 53
15 33
82 46
82 73
47 51
80 87
33 78
29 30
51 42
73 69
49 26
54 23
55 75
17 73
73 86
82 15
26 8
47 83
29 41
67 76
67 58
50 11
24 78
16 50
7 1
6 31
2 59
54 56
45 70
17 29
44 74
20 69
81 66
64 22
82 42
73 36
76 10
46 11
87 38
60 69
38 65
12 15
12 41
71 56
86 63
61 41
48 80
22 16
33 61
13 27
14 85
62 65
6 84
75 68
33 22
25 46
63 36
60 74
52 18
41 49
56 13
2 15
68 87
7 13
59 19
15 48
16 52
25 85
47 75
41 55
73 65
76 47
76 24
32 39
17 48
87 73
37 64
63 80
62 69
4 8
64 18
56 55
70 56
51 4
42 67
35 26
43 86
48 30
85 55
68 14
79 43
62 27
18 12
18 80
57 86
63 32
15 30
86 60
61 24
40 79
3 50
80 45
47 40
51 44
6 30
33 84
72 70
86 2
81 80
57 49
77 31
56 67
37 53
39 9
53 54
87 55
15 79
75 61
6 37
80 11
43 88
71 2
45 44
67 38
35 62
23 42
6 2
54 34
16 62
86 69
37 28
83 3
15 31
8 27
87 82
45 62
40 47
19 84
25 32
30 36
69 53
53 74
30 18
20 45
55 81
25 3
21 83
5 11
1 76
13 87
70 58
37 85
16 55
80 16
62 22
51 18
50 15
4 79
32 87
35 63
55 35
65 75
29 46
61 29
9 50
4 54
19 40
51 10
70 42
25 19
63 52
36 24
42 39
78 50
13 24
24 68
58 64
30 62
21 3
3 30
52 70
59 46
21 55
66 63
55 84
13 82
31 13
36 46
2 85
58 2
20 37
59 83
43 9
80 45
75 85
72 56
55 5
52 59
29 26
1 88
14 83
30 26
30 51
4 2
21 5
85 33
39 55
75 47
22 7
33 18
54 64
49 58
27 12
4 31
13 69
6 26
63 36
28 68
86 31
45 82
11 41
3 49
71 77
8 5
60 16
86 25
80 22
59 82
33 38
1 21
18 6
23 80
17 26
35 15
32 79
72 42
7 74
66 54
39 73
58 10
65 31
10 32
53 44
25 61
82 1
82 11
7 80
67 23
17 13
13 48
68 85
65 50
46 42
15 84
3 48
69 67
79 55
74 43
10 74
79 3
75 72
78 81
39 56
79 55
44 4
78 87
64 54
49 85
8 39
57 74
87 13
52 53
67 13
71 53
86 61
31 72
21 20
40 59
75 31
26 31
10 79
29 49
45 53
45 28
68 77
13 42
2 40
6 44
52 76
8 49
24 39
9 44
58 24
15 21
30 16
27 39
6 31
63 26
84 53
63 72
41 16
49 80
85 5
19 48
12 44
71 26
52 3
60 51
17 80
81 8
82 7
13 24
70 15
19 65
67 57
24 20
48 73
75 20
77 70
67 64
25 26
2 52
28 61
14 20
28 6
3 21
13 79
44 58
5 39
10 72
71 33
67 31
81 29
26 69
10 5
45 34
6 22
85 9
82 75
28 21
56 30
17 44
20 60
13 1
10 22
72 57
31 26
63 23
54 88
68 64
68 24
73 21
46 81
14 32
84 10
87 1
26 19
85 61
31 85
47 29
44 15
59 69
77 81
34 52
60 73
32 59
58 16
79 15
73 68
22 68
53 84
45 54
14 41
27 45
37 49
73 80
39 43
36 27
11 69
54 47
30 85
17 87
77 72
13 61
51 10
16 80
5 60
45 19
76 47
39 88
71 23
79 21
41 2
23 27
71 77
73 12
49 2
74 37
49 62
73 75
71 65
66 75
12 87
69 88
45 19
87 28
17 54
24 57
55 47

200 104
187 196
184 59
109 169
16 133
46 88
200 188
168 89
31 180
127 51
195 20
142 9
151 142
70 102
31 133
124 194
25 62
141 161
73 50
129 88
134 175
127 133
114 95
22 144
26 100
147 20
71 40
180 21
181 2
123 11
134 198
156 158
12 97
70 84
146 199
171 31
125 49
164 190
143 137
134 120
188 32
139 59
71 79
51 72
153 14
5 103
169 114
114 65
184 149
162 134
119 193
10 167
108 199
62 196
132 133
183 163
24 41
185 94
72 36
165 176
1 121
30 169
186 95
186 169
43 147
54 161
91 63
80 198
62 93
193 145
177 128
60 200
120 44
93 191
31 9
119 31
81 100
152 67
195 137
187 37
35 41
150 78
55 181
75 116
25 20
13 1
147 72
1 66
115 45
9 98
6 79
80 86
178 31
104 124
119 91
161 106
83 62
183 137
42 9
5 18
28 17
18 126
40 170
144 106
15 104

49 786
19 1
43 42
27 12
31 43
2 7
42 15
12 34
2 34
27 30
18 37
3 34
24 45
30 8
6 33
41 7
38 15
7 31
8 34
47 38
32 48
49 29
18 16
13 20
49 44
49 17
31 8
6 11
8 35
18 23
15 25
16 29
36 47
36 25
44 29
7 48
33 35
16 48
3 40
3 47
45 24
33 8
30 43
15 20
12 33
48 26
13 14
5 4
16 46
29 11
30 35
14 26
34 17
33 30
20 30
30 43
14 37
28 7
7 4
23 44
2 48
7 15
9 11
31 10
44 46
44 29
15 13
10 4
30 43
33 49
28 13
47 41
5 31
4 12
34 26
6 35
25 13
5 38
28 35
47 22
36 41
6 1
5 21
5 39
19 37
43 46
6 40
38 10
26 46
21 10
22 27
49 2
44 5
39 27
39 41
4 26
33 9
31 42
34 35
31 3
28 24
49 33
19 42
47 45
38 24
10 1
10 12
49 14
6 26
8 47
29 38
35 42
20 27
27 10
13 34
37 41
33 25
10 25
28 10
13 2
25 28
2 34
39 6
3 49
36 10
46 20
4 31
17 23
13 48
37 25
33 25
21 16
5 36
41 32
45 9
33 20
36 39
9 30
49 11
30 35
26 5
29 13
27 7
25 48
6 8
28 26
24 33
12 20
20 13
28 4
37 20
47 2
49 47
12 34
37 42
16 47
26 28
24 37
8 48
36 18
7 14
49 35
2 11
5 22
28 37
30 21
7 32
22 12
34 38
45 22
31 16
19 12
43 47
49 7
1 40
24 7
4 23
46 11
39 1
32 22
43 17
42 49
48 14
16 33
3 12
10 38
32 33
49 26
30 4
37 30
43 16
42 3
39 38
13 33
44 49
5 37
21 3
41 24
16 8
12 23
24 21
11 6
9 16
36 38
19 23
24 18
39 21
20 33
9 37
21 8
41 25
44 12
27 36
35 48
43 47
21 17
23 37
22 32
8 9
25 31
36 4
48 25
24 18
13 38
10 33
45 1
14 40
12 45
31 3
43 24
49 20
45 27
12 22
9 19
35 39
49 22
42 48
2 17
21 15
5 31
3 49
31 16
44 48
12 25
1 10
4 5
29 4
31 40
26 45
14 11
34 14
37 26
17 39
47 42
9 7
23 11
12 10
32 6
8 43
36 13
3 44
17 37
48 47
32 24
42 46
39 31
15 27
13 36
16 15
28 29
22 7
39 33
16 21
43 28
19 29
40 22
29 7
14 27
9 45
1 7
41 39
37 11
16 5
46 36
20 25
15 41
31 10
29 2
35 22
29 5
7 24
31 35
35 44
17 43
44 17
5 41
11 47
2 32
2 48
23 26
28 38
17 14
3 1
15 37
28 48
41 34
27 24
12 21
40 10
21 12
15 12
22 17
13 9
18 16
32 49
43 25
16 7
27 22
21 19
49 24
16 38
1 42
12 17
19 7
27 39
18 46
1 44
13 18
9 35
34 40
34 32
15 6
39 46
27 15
20 31
39 35
19 44
33 35
12 7
41 38
45 14
39 1
13 7
18 21
41 7
11 31
39 30
41 33
31 23
47 2
4 41
41 22
36 29
7 3
35 3
40 30
16 34
35 33
40 9
5 36
20 22
9 6
13 41
36 35
44 42
38 35
39 15
26 18
21 28
4 28
23 38
43 7
29 27
2 37
36 43
7 6
15 21
11 28
12 3
18 6
49 7
46 38
26 22
12 3
6 20
30 28
8 29
40 36
11 41
28 46
34 40
7 5
11 23
37 27
25 5
38 29
16 34
23 42
11 34
44 16
4 29
49 16
8 39
8 18
35 40
19 20
30 26
29 40
48 16
18 28
25 6
7 41
44 29
38 5
18 32
26 11
25 47
24 14
10 41
48 49
11 23
30 41
7 20
39 22
42 22
47 3
28 43
46 13
31 7
35 18
37 17
28 12
14 2
30 28
48 33
27 14
12 7
5 18
32 48
45 24
20 47
32 3
40 28
20 26
39 6
43 31
27 26
42 40
33 27
18 31
16 49
44 32
7 4
49 43
2 49
22 21
46 4
28 41
37 48
17 31
4 15
13 30
41 10
25 24
37 47
10 8
46 9
39 8
12 43
1 18
43 23
43 44
31 21
41 18
19 8
49 27
28 12
12 19
21 41
42 13
43 7
25 45
15 14
3 31
8 9
48 6
36 41
49 17
12 40
40 36
4 39
18 31
6 30
5 31
21 2
44 15
8 19
15 27
38 17
8 45
30 6
1 16
2 5
38 18
1 28
9 22
27 44
27 7
48 8
32 49
7 2
12 31
16 38
19 38
45 19
18 6
24 39
12 28
27 29
33 10
38 41
31 20
35 13
26 38
20 13
37 32
15 4
13 35
41 31
23 41
5 41
2 28
35 13
6 12
47 44
26 40
35 7
10 26
19 35
14 43
47 7
25 17
10 42
3 2
28 25
47 32
21 49
10 6
12 21
22 9
15 3
48 5
9 8
30 32
47 49
26 1
6 17
15 48
24 21
26 49
19 9
25 18
23 36
34 43
13 43
13 16
46 18
24 5
3 12
7 2
37 7
12 47
24 32
1 47
3 27
2 26
40 32
43 18
18 28
12 30
26 24
45 22
46 25
26 49
36 33
6 28
44 18
25 23
49 26
21 7
8 27
33 3
9 31
20 26
9 36
12 39
16 7
12 31
42 16
22 30
27 49
25 49
30 47
4 11
23 10
18 6
47 25
14 29
44 45
42 36
12 32
2 18
48 18
5 40
34 26
26 16
31 1
15 11
3 18
21 31
32 43
36 30
18 5
14 17
5 6
3 16
42 9
39 40
27 43
36 16
24 12
31 10
17 45
20 24
13 45
5 49
43 45
29 11
1 42
33 10
4 40
26 1
49 20
46 31
18 32
46 41
48 27
7 20
27 31
43 44
27 4
43 20
48 23
36 4
20 24
14 28
14 44
29 18
14 25
48 36
12 49
32 15
31 38
34 8
20 32
2 35
45 21
39 23
12 42
47 35
11 26
49 5
5 22
23 34
21 9
45 25
41 15
7 29
48 14
4 30
21 5
21 26
10 43
42 7
45 28
18 21
32 22
30 4
1 14
29 14
14 5
5 28
11 39
31 29
42 17
49 47
37 25
28 2
23 20
8 19
3 30
39 34
8 25
43 8
43 22
21 8
26 31
40 41
20 22
26 17
43 25
19 30
1 2
36 23
27 48
46 29
29 41
19 36
16 12
43 9
33 19
21 15
49 12
11 24
38 36
46 31
17 15
16 22
17 2
44 43
5 46
27 33
37 45
19 3
7 17
11 45
41 32
15 45
48 30
25 36
17 21
22 33
40 37
5 12
43 4
10 47
49 37
31 36
32 5
43 44
27 5
44 18
41 14
18 44
43 42
35 10
18 7
47 9
43 7
20 41
11 30
38 15
22 24
7 9
34 49
3 16
9 2
38 5
20 6
4 14
48 38
28 21
44 31
29 42
37 49
38 3
34 27
23 6
6 29
14 44
33 22
10 42
28 47
2 48
4 6
17 7
43 49

315 382
128 40
250 254
165 36
193 70
81 59
103 56
311 114
212 146
245 144
131 98
212 200
313 17
254 201
224 267
298 138
195 111
177 129
49 213
36 113
154 303
172 128
44 39
242 255
184 171
83 186
140 166
71 9
182 196
209 90
147 192
100 213
174 148
27 94
46 249
206 71
237 249
199 152
288 312
91 28
167 45
214 179
211 156
187 264
36 81
226 55
144 10
267 2
157 165
95 74
99 172
17 207
106 215
43 265
211 133
164 249
49 62
112 259
217 299
80 253
251 305
179 79
186 130
80 27
295 46
288 78
217 304
156 194
75 198
15 285
202 179
90 250
240 202
66 14
57 145
138 307
6 1
70 191
2 149
89 296
194 248
245 282
236 85
33 182
282 47
151 40
225 241
290 22
314 227
222 55
243 231
46 248
231 302
123 104
135 83
85 200
16 14
38 123
286 70
305 124
117 12
164 213
252 10
106 122
236 199
176 163
114 93
282 216
79 276
5 85
43 276
156 245
161 194
53 131
263 42
255 251
53 290
21 177
299 313
170 91
69 31
253 182
310 91
270 261
51 146
30 280
106 58
210 266
251 134
82 70
47 208
193 99
182 85
147 165
82 2
255 150
219 64
204 85
26 158
30 76
175 247
227 280
304 308
230 239
126 183
180 172
75 57
143 128
141 289
292 95
162 103
116 252
166 191
22 191
220 51
138 79
169 237
43 157
229 145
80 40
199 132
211 274
188 38
86 201
199 250
167 232
37 154
41 75
30 62
137 249
299 147
13 153
68 242
309 296
258 261
207 142
77 103
287 136
12 244
208 82
178 246
186 87
85 226
33 114
287 169
234 142
187 118
294 254
45 160
107 174
292 313
315 240
100 286
60 299
215 140
252 264
70 122
35 154
32 67
139 190
108 58
17 294
175 182
105 91
213 211
265 189
208 136
113 180
107 45
163 193
184 286
141 253
93 48
279 124
301 102
314 93
31 202
259 78
68 48
40 281
258 304
26 22
312 11
201 103
55 235
167 110
206 307
47 298
226 197
293 212
299 163
176 14
49 119
91 304
38 131
269 167
306 166
189 302
176 74
276 102
181 127
211 71
306 258
53 216
11 217
299 309
65 160
195 113
150 157
101 60
159 241
226 22
92 99
195 139
45 156
241 225
154 136
167 16
265 219
104 276
120 87
141 56
118 20
169 140
177 269
199 207
67 109
228 30
80 108
168 311
135 93
92 160
101 258
176 237
161 151
69 152
109 210
80 227
101 248
51 277
73 121
41 139
229 268
168 180
60 208
175 66
172 266
226 272
208 86
66 240
108 134
264 216
28 127
129 147
49 277
219 169
2 230
270 142
269 134
201 161
181 267
18 3
49 161
211 6
226 7
113 45
142 13
259 41
12 72
187 247
34 278
101 222
64 242
48 17
60 121
178 112
259 67
115 307
227 197
312 138
75 296
54 217
308 312
129 191
256 1
123 289
150 95
67 213
21 302
101 267
107 278
64 237
216 178
100 128
246 283
137 5
263 62
221 127
58 35
3 313
222 312
158 243
91 97
12 111
83 112
62 61
262 312
169 162
174 268
161 104
235 169
296 182
230 201
308 160
107 182
29 200
178 187
314 268
155 10
250 237
309 184
169 255
180 22
288 226
161 6
201 80
174 181
133 276
254 312
120 232
179 148
117 228
206 302
53 45
312 174
153 305
42 193
116 222
214 275
4 246
280 204
10 11
70 14

494 675
200 277
126 174
47 23
183 427
336 150
237 92
24 360
23 13
106 383
6 401
73 42
292 417
188 107
136 449
459 210
386 164
46 71
337 92
148 80
78 43
229 315
134 252
180 210
319 339
98 378
245 224
420 43
146 167
149 281
175 113
50 66
331 149
190 173
241 337
306 318
433 95
138 126
400 371
335 224
216 486
108 20
216 87
62 361
307 264
202 481
431 305
106 321
454 349
53 200
192 359
77 184
453 269
310 358
145 150
142 414
196 303
434 411
443 55
331 255
373 92
295 363
397 400
189 410
254 241
169 5
105 245
189 117
19 58
35 218
207 230
191 402
38 184
372 480
293 209
240 225
354 94
93 256
493 281
225 306
81 393
365 240
144 113
410 216
170 444
487 430
179 238
338 270
421 269
255 273
37 54
3 391
147 95
206 199
429 431
11 16
329 375
309 32
47 224
302 216
174 294
151 406
37 48
182 18
317 490
290 407
50 293
303 250
441 15
449 376
5 19
445 333
447 313
419 493
42 226
214 269
79 418
181 170
466 416
187 342
411 36
254 20
382 117
270 329
185 278
264 189
296 268
81 248
86 5
300 127
230 73
450 309
490 136
478 461
57 224
308 27
313 122
47 201
238 316
89 422
99 352
116 448
179 196
255 264
255 60
444 484
186 399
352 181
94 389
148 204
118 15
231 431
190 277
191 427
152 279
408 304
190 83
311 422
333 71
191 93
184 194
136 369
99 488
55 192
436 256
396 114
325 186
104 74
462 294
7 173
132 468
36 321
57 346
248 389
416 492
481 159
191 176
33 343
223 141
95 165
397 50
278 281
235 381
354 256
234 414
482 365
388 23
245 4
368 52
392 289
49 432
447 293
113 39
196 336
179 290
60 135
339 337
415 133
277 329
442 16
248 429
380 195
451 130
198 324
181 149
172 283
86 178
135 253
216 330
148 394
125 207
89 23
103 9
209 433
337 156
448 145
90 387
339 46
22 97
423 256
245 100
98 331
277 232
143 52
122 344
6 300
110 94
323 212
156 37
204 53
247 157
197 336
49 95
436 124
191 364
433 436
24 90
326 354
375 468
460 2
371 465
302 480
64 184
251 273
274 454
325 26
170 27
416 218
176 357
395 366
280 387
307 303
476 192
217 356
219 182
412 95
152 273
80 269
456 384
47 235
343 372
315 18
452 236
289 133
98 189
5 431
135 365
240 116
117 16
32 335
197 443
430 348
221 69
176 236
453 276
30 301
153 344
373 165
139 167
351 290
410 409
227 50
280 466
220 396
481 251
290 237
253 225
144 33
348 319
268 306
100 351
166 307
255 44
31 393
265 381
189 180
296 415
283 135
440 8
36 480
258 379
222 70
110 419
102 17
243 423
322 396
280 47
262 40
145 292
432 409
179 180
148 34
154 430
168 99
438 257
138 255
141 413
325 304
337 480
320 139
409 201
41 194
248 356
287 392
154 278
360 386
458 13
419 171
442 92
270 439
348 461
200 48
380 84
352 276
69 177
415 477
378 15
230 185
370 22
136 83
354 1
468 317
13 446
487 14
97 316
453 444
337 158
492 222
241 403
57 363
85 471
346 22
485 81
206 415
157 395
3 16
395 31
386 407
36 432
475 133
308 433
82 150
150 133
425 444
41 481
312 180
458 163
201 8
298 461
476 14
415 479
29 316
69 414
282 104
405 262
236 218
200 372
367 349
64 297
352 159
338 170
338 301
386 98
362 189
118 344
202 39
382 284
354 450
257 141
113 168
457 403
439 162
334 312
71 397
168 422
61 11
151 398
365 43
56 287
285 173
136 47
265 23
330 178
32 147
373 198
314 335
106 312
2 439
183 126
396 351
108 456
415 258
414 340
354 469
132 199
201 321
245 26
397 134
203 482
280 81
185 153
415 291
25 471
289 207
156 190
117 263
206 92
81 125
431 488
153 122
192 407
2 490
432 398
184 141
385 23
275 75
230 250
419 254
226 268
460 435
17 83
258 222
174 338
346 164
385 58
339 83
465 340
132 402
297 315
102 187
338 431
315 73
186 294
326 465
121 345
459 137
427 222
359 160
65 210
377 10
268 221
92 292
120 277
253 416
98 409
162 435
345 477
67 90
330 446
60 450
296 24
92 283
300 450
442 364
220 379
427 47
105 24
338 225
301 96
146 452
10 362
446 354
344 18
3 233
463 116
188 318
194 333
106 493
289 108
416 68
486 349
114 150
426 451
428 232
52 134
243 116
1 194
469 398
265 472
136 287
93 377
111 286
215 270
338 9
431 260
76 476
114 243
186 45
199 119
331 305
252 79
420 252
327 394
155 97
425 290
384 78
172 54
417 387
377 261
449 368
26 85
349 193
381 40
237 86
213 73
390 464
206 315
222 38
268 430
188 253
226 131
384 451
184 360
397 121
126 406
488 205
50 396
397 430
490 194
21 208
320 464
177 31
338 452
68 112
388 310
418 173
440 307
129 130
226 86
304 352
51 297
116 100
252 73
89 247
320 110
454 145
133 191
176 471
148 297
142 41
112 65
267 58
425 450
241 156
41 104
67 91
400 237
244 157
363 332
458 188
1 417
386 134
113 67
164 315
418 305
355 89
423 182
200 407
137 440
122 231
103 243
375 8
479 124
219 401
15 182
148 16
158 39
203 325
160 366
145 83
230 59
171 212
240 425
124 376
424 299
112 33
47 46
40 85
169 312
485 184
53 138
253 211
231 455
41 390
326 239
472 115
297 202
326 43
132 9
472 62
307 144
94 354
189 187
492 412
59 483
101 111
180 353
375 464
367 469
359 252
213 390
366 16
98 251
112 283
259 89
398 71
286 491
478 475
238 476
392 296
24 52
460 257
458 341
227 384
315 145
141 88
41 66
157 138
316 268
474 80
410 378
204 256
374 242
290 171
223 187
466 300
292 486
116 309
332 342
198 206
487 338
347 87
457 9
224 278
330 257
411 300
140 174
61 74
415 350
244 197
96 270
2 441
261 172
255 152
19 452
411 65
349 264
151 365
272 428
148 108
245 118
407 384
291 27
457 212
376 261
462 471

434 863
325 414
21 51
413 191
142 403
56 278
138 228
30 178
378 351
237 408
124 21
413 316
159 204
307 336
50 271
112 391
86 434
368 104
50 344
292 191
312 345
32 14
137 61
189 78
409 425
51 96
9 27
411 165
230 282
66 277
116 177
231 201
174 162
302 223
71 157
411 381
66 6
394 202
66 148
279 40
136 327
133 142
353 109
306 147
390 371
423 71
111 220
269 284
381 134
70 16
291 46
396 356
51 355
121 114
66 399
151 201
289 283
340 207
391 211
353 347
147 340
415 257
125 250
104 69
383 173
84 239
218 45
158 266
397 276
379 28
240 93
226 94
375 131
299 331
339 215
241 51
120 222
305 242
37 408
311 417
146 394
220 361
3 377
192 399
219 134
425 22
226 216
114 164
345 410
59 249
190 299
300 308
84 168
115 118
142 423
101 285
381 320
210 383
260 399
345 42
99 335
62 322
117 173
52 25
148 108
273 335
404 136
206 54
304 319
169 9
307 267
291 253
152 66
201 410
31 110
15 127
10 76
12 126
246 61
150 393
168 421
292 138
122 63
189 423
381 357
431 252
190 286
70 339
351 269
312 379
378 325
71 387
400 81
77 212
141 224
168 307
210 23
10 330
84 196
318 30
118 313
279 305
164 349
208 78
183 83
23 124
407 91
74 371
171 150
146 310
374 311
182 147
334 189
42 417
384 358
10 65
236 289
368 399
201 139
42 381
221 64
70 192
153 143
128 323
291 273
196 228
149 377
374 46
131 414
26 80
337 36
145 138
322 78
100 88
216 141
34 434
203 101
191 355
243 318
241 99
154 3
326 301
377 264
344 74
243 370
151 143
403 295
278 290
370 377
375 149
83 406
147 283
72 337
201 312
219 6
409 370
6 298
236 382
127 144
19 367
79 170
73 45
28 350
334 398
292 272
110 373
241 256
219 312
157 420
187 375
423 161
308 428
23 108
375 147
251 394
78 327
127 150
371 154
66 268
115 355
105 223
293 345
44 78
220 198
61 406
136 49
131 10
40 151
117 414
297 365
371 374
257 61
90 193
215 153
26 329
73 130
117 364
38 159
5 255
356 63
226 56
109 354
65 148
70 179
125 365
109 62
304 365
122 391
123 334
107 146
227 178
273 341
107 310
65 109
130 419
171 353
40 279
271 102
424 338
280 114
268 388
173 138
316 295
92 2
192 199
147 418
374 417
325 46
290 387
152 419
371 320
335 408
162 171
75 151
73 352
264 340
303 3
41 184
295 133
183 52
329 327
34 268
309 356
311 164
308 26
146 243
345 47
216 72
215 289
222 287
206 49
191 75
51 231
258 345
361 5
395 255
331 426
86 206
347 394
367 220
419 79
26 329
123 242
398 337
94 183
188 299
232 378
373 280
174 195
189 101
197 149
353 93
138 3
296 50
396 229
267 381
307 293
273 429
98 235
329 191
417 80
55 212
23 426
58 195
184 246
293 380
392 209
36 95
211 332
144 171
126 408
115 430
266 387
424 363
185 316
117 168
396 170
379 416
159 434
176 342
245 32
285 202
241 318
294 15
215 1
185 338
409 299
333 240
250 320
167 434
200 283
165 161
16 108
140 174
107 314
79 350
345 361
115 149
245 409
164 23
409 346
361 383
209 257
187 24
141 353
21 338
199 184
64 215
289 201
386 393
80 31
308 425
391 423
139 201
395 300
224 369
210 148
316 418
402 68
5 108
418 23
11 182
204 72
394 58
271 346
17 350
376 322
338 330
310 41
95 268
340 316
203 115
29 84
96 428
149 100
100 132
123 108
311 326
178 271
382 14
182 398
363 121
285 267
14 159
307 108
426 210
423 192
323 15
273 418
9 421
82 108
118 202
215 429
91 392
263 38
405 8
433 332
128 282
162 139
4 34
247 429
241 233
185 129
248 23
111 256
8 192
361 123
391 139
115 47
95 377
83 63
384 81
394 75
362 121
214 363
152 24
358 393
256 106
85 69
128 195
322 133
384 246
256 340
385 370
385 45
313 33
107 260
113 65
333 39
185 112
401 335
135 322
293 388
427 377
23 119
136 342
251 83
154 72
423 102
6 373
146 318
403 250
141 79
314 39
117 63
148 82
397 280
401 255
234 392
195 254
76 328
161 324
411 314
394 397
415 399
333 124
280 301
374 418
379 251
23 60
313 170
139 275
14 105
93 247
62 286
66 135
177 226
25 153
104 416
113 82
380 11
204 223
309 141
206 252
391 226
311 268
394 15
106 407
117 199
219 179
48 282
313 222
71 335
373 172
316 51
254 259
60 21
47 368
161 251
183 117
42 59
384 433
71 56
405 188
252 187
364 297
34 242
84 103
141 22
274 22
71 91
281 130
111 325
61 271
141 244
388 181
300 335
179 371
390 148
122 205
334 49
67 366
288 149
34 428
168 307
16 238
398 294
367 74
184 428
345 323
235 296
69 100
196 245
34 150
392 153
352 292
201 417
223 55
131 256
48 298
126 61
102 89
354 32
163 104
25 71
424 259
366 58
357 127
300 390
274 258
109 192
113 307
174 333
361 304
152 407
165 277
33 266
364 385
298 92
52 320
160 41
143 91
96 63
215 395
18 55
216 124
246 326
429 419
224 355
286 373
325 16
214 356
280 143
306 141
234 357
24 393
395 166
47 56
228 261
14 244
315 230
365 124
119 359
106 341
278 389
279 168
403 58
89 248
200 392
386 431
312 409
387 272
139 433
327 366
258 341
173 138
134 104
260 252
26 365
158 303
318 1
35 286
58 121
97 256
79 48
252 390
22 203
226 160
201 118
90 22
22 262
158 155
363 417
407 389
345 128
255 228
128 287
79 184
408 173
5 50
220 254
3 242
22 228
399 221
344 52
242 365
312 397
86 240
379 56
192 288
183 11
81 309
297 158
56 268
330 60
315 114
311 318
353 331
109 317
115 18
369 354
383 246
317 32
49 259
87 239
112 267
249 191
139 109
348 194
377 241
251 257
354 126
138 272
22 245
153 134
262 85
51 208
328 367
239 376
192 323
180 301
154 426
57 292
101 402
50 41
209 300
295 126
425 431
396 10
241 112
141 66
196 192
274 87
124 76
28 313
397 206
180 116
195 234
407 293
202 20
333 408
320 194
97 308
190 58
318 428
167 24
59 362
213 332
14 337
406 40
213 368
243 390
49 1
190 19
294 389
39 192
362 356
383 24
229 136
80 110
129 246
132 188
172 344
83 183
244 52
220 21
419 26
410 31
27 163
48 320
117 84
75 42
3 24
64 231
157 143
339 284
386 34
35 123
377 117
306 185
169 89
205 151
115 178
182 141
341 227
26 21
310 98
61 312
119 124
106 276
266 8
125 217
41 159
338 416
273 209
164 5
295 368
156 409
109 335
115 13
127 138
34 434
236 94
309 354
217 412
193 46
418 315
262 22
39 163
1 310
369 164
314 230
95 33
204 367
317 216
57 18
247 54
253 340
360 171
120 338
361 163
319 242
423 340
278 151
341 153
86 70
31 315
163 63
84 366
430 398
145 50
416 392
104 234
295 27
402 413
364 329
141 248
134 129
152 411
280 58
128 365
125 158
243 287
220 326
216 213
290 361
263 269
316 364
66 174
390 34
152 318
360 291
129 57
417 280
33 262
337 160
190 28
317 432
312 103
322 94
315 175
20 141
9 333
70 74
72 26
105 222
341 28
78 35
84 58
315 115
320 215
274 73
240 155
69 118
257 388
211 135
128 228
276 134
126 343
205 195
366 308
416 272
335 57
307 417
115 185
97 432
397 368
68 203
88 136
318 342
89 92
43 214
319 316
345 8
222 116
200 154
423 180
425 321
236 295
303 348
43 397
343 6
331 411
208 416
110 91
324 197
182 364
408 64
243 319
69 30
434 268
183 420
13 172
306 247

66 21
26 51
55 39
18 21
51 45
1 34
19 36
14 18
13 54
9 21
38 61
28 13
24 59
52 9
56 65
31 1
15 56
51 4
26 66
22 8
44 20
42 60

151 780
27 28
90 43
24 28
138 61
61 1
59 40
30 47
107 127
149 100
94 29
50 150
98 94
107 29
45 150
131 73
37 7
98 126
47 122
1 32
29 61
32 85
99 59
131 52
34 126
149 127
3 48
123 99
139 77
127 32
75 104
102 109
108 49
82 2
17 80
33 43
140 64
127 85
122 106
134 2
80 132
128 81
26 98
28 13
23 1
42 95
102 144
51 59
39 132
60 55
60 92
97 46
2 72
131 121
24 111
122 101
91 96
28 116
42 53
126 64
51 17
6 2
7 56
60 45
36 117
99 93
55 42
138 56
113 115
25 134
75 144
83 14
88 111
128 130
12 102
40 63
116 45
62 122
98 121
15 133
84 111
72 138
1 59
40 111
20 62
93 94
54 25
106 141
133 82
117 142
30 6
51 146
48 112
116 146
79 129
125 11
88 46
146 87
102 34
46 121
95 137
64 146
8 16
136 140
95 101
128 124
104 28
116 1
139 79
146 67
56 117
77 141
11 70
74 112
103 120
82 45
103 143
39 110
7 21
96 99
120 72
71 72
99 36
70 85
112 62
151 16
28 74
3 36
143 77
148 93
43 76
137 145
67 22
101 71
41 45
18 9
114 86
78 60
119 146
144 79
56 143
92 81
63 95
117 55
18 111
147 60
35 130
51 99
151 149
16 40
40 31
46 2
114 124
61 82
118 53
7 20
42 97
101 105
38 64
6 55
23 1
112 57
128 11
2 127
8 17
14 47
45 59
46 7
29 105
86 144
4 91
11 46
36 111
148 73
21 2
125 43
151 85
97 127
93 98
100 98
112 111
144 5
17 36
9 45
140 93
36 144
32 46
36 65
3 32
137 23
31 110
65 30
43 8
3 133
105 100
79 63
60 69
65 76
104 73
118 93
14 151
83 43
43 118
107 45
147 92
65 26
48 129
53 88
134 55
69 87
3 147
149 60
64 60
133 15
133 98
105 144
97 36
34 140
151 140
31 146
79 96
20 124
71 70
61 54
124 127
138 124
121 134
31 42
12 45
21 107
149 14
53 31
45 39
30 33
67 22
111 11
39 84
82 108
142 133
80 115
119 51
84 101
81 115
141 90
8 10
44 4
21 94
34 65
132 62
98 47
83 55
56 122
136 135
76 124
116 5
88 81
53 20
29 131
134 18
67 140
27 110
141 48
52 21
112 30
82 56
75 12
111 130
131 93
113 55
66 75
57 2
4 109
21 30
86 2
47 2
139 74
111 128
119 10
148 77
39 77
133 113
88 90
89 65
31 48
119 96
122 25
95 124
131 116
2 66
115 47
67 100
118 24
76 85
33 70
10 70
144 142
29 78
80 116
142 109
12 108
51 132
132 146
102 111
110 101
25 71
147 89
19 113
113 92
46 143
8 54
59 1
42 86
76 120
50 67
77 61
23 127
39 1
121 140
111 77
90 134
145 85
69 12
45 28
101 88
18 109
141 76
107 32
10 31
151 57
95 76
116 117
49 3
115 17
143 73
93 81
55 85
12 121
94 56
149 44
144 15
150 133
88 105
11 96
135 10
1 77
83 116
40 132
119 4
146 108
76 85
37 128
18 48
97 112
102 94
4 94
106 2
73 43
104 82
138 85
91 138
10 21
101 50
150 66
53 144
22 126
77 58
102 95
103 47
53 51
139 56
142 93
55 64
135 7
145 121
91 82
106 99
102 55
148 98
120 47
90 139
21 16
43 122
108 145
15 9
45 151
62 33
93 116
94 74
120 85
42 57
16 147
2 115
48 149
62 14
42 149
1 62
11 43
30 118
34 45
124 76
44 34
109 134
147 51
57 113
136 98
17 149
91 18
110 136
16 20
147 57
16 145
117 26
34 146
142 67
37 114
141 79
148 96
59 141
144 115
103 128
59 119
123 147
134 82
129 147
99 124
51 114
117 16
138 150
8 128
64 45
90 53
121 84
148 28
74 140
141 23
115 46
139 84
42 121
14 19
117 111
141 16
71 106
29 57
103 36
33 15
78 123
67 47
55 61
73 126
47 62
146 8
107 131
92 146
101 103
12 64
60 1
77 131
104 105
36 55
138 69
67 65
38 133
109 90
40 30
63 85
89 57
92 45
37 30
37 135
131 46
45 39
44 119
16 148
70 52
49 56
118 116
118 2
95 76
91 133
105 151
66 43
55 4
85 91
32 119
72 11
14 114
47 57
81 63
51 150
114 98
54 78
60 21
77 3
94 16
135 45
14 47
85 68
51 18
5 82
135 76
90 148
38 136
51 116
47 102
114 7
46 14
82 105
32 7
107 125
21 89
17 34
133 101
101 30
117 105
109 100
27 47
96 62
32 146
26 76
94 137
81 137
150 11
90 29
18 44
2 36
132 16
69 111
117 16
141 82
118 98
30 144
145 123
52 23
115 77
96 58
62 25
43 58
36 131
86 51
23 86
86 1
101 1
111 64
14 100
145 131
45 23
121 36
145 21
56 107
97 151
13 5
25 53
60 58
30 144
106 52
76 38
52 25
38 10
87 51
109 80
30 151
101 148
35 92
17 90
47 111
90 57
113 112
108 21
16 137
11 121
38 86
7 87
109 44
96 44
92 52
123 119
51 70
115 84
11 131
22 57
88 109
112 49
67 68
67 82
53 78
51 88
12 57
22 118
98 117
10 36
15 131
3 66
49 115
147 57
92 15
114 28
124 72
76 37
139 143
119 38
69 18
126 78
73 145
45 17
110 52
53 123
31 53
35 78
17 30
134 108
44 94
136 14
14 58
51 1
49 18
37 115
33 11
40 105
4 84
120 111
135 21
82 13
73 116
90 89
143 72
44 36
15 26
49 26
83 99
25 132
114 61
93 147
71 132
98 72
62 66
29 44
84 109
56 6
71 145
92 63
63 133
98 75
7 144
101 90
90 125
68 52
34 9
45 102
139 141
20 49
53 46
92 137
3 145
140 74
138 78
134 50
60 80
124 66
70 71
2 8
44 69
58 77
76 102
25 63
91 44
109 144
90 48
127 90
41 115
10 28
41 143
75 98
69 45
13 139
116 14
144 8
81 50
83 5
1 105
65 89
149 20
79 85
67 54
23 106
15 33
131 56
22 54
151 91
96 12
76 60
24 68
66 102
118 146
104 116
99 17
51 94
34 130
25 101
30 48
55 45
78 32
98 99
85 97
36 27
107 111
85 128
28 148
78 143
142 30
107 87
44 4
28 77
133 52
24 10
97 76
54 23
107 149
120 38
92 2
63 47
113 147
23 138
143 98
129 131
125 82
66 15
85 93
90 65
143 113
74 88
36 125
109 140
122 77
25 62
78 87
107 37
82 127
23 73
74 149
50 45
79 115
60 11
55 149
75 46
108 148
133 141
119 90
130 89
13 1
148 89
87 103
125 15
79 146
85 150
143 134
43 69
97 100
79 149
95 2
43 50
147 23
39 114
110 15
49 123
15 45
58 99
148 31
113 73
23 44
71 13
26 111
81 121
58 6
118 1
7 8
50 151
28 87
111 137
101 8
106 114
52 12

142 487
50 77
2 6
115 26
41 92
4 70
43 28
35 131
135 98
44 62
54 83
13 75
66 36
142 96
46 75
26 67
130 35
1 132
40 115
117 41
24 80
110 66
107 105
15 60
60 58
81 114
101 93
6 126
88 6
79 134
80 64
58 27
98 58
118 98
132 53
138 116
132 65
39 57
27 13
116 87
31 14
18 91
106 23
74 51
130 10
2 27
34 59
54 131
76 29
86 26
81 41
141 31
66 139
87 92
112 20
138 142
33 13
90 98
138 21
108 85
132 110
112 23
128 125
114 22
113 57
47 52
58 5
42 123
103 128
32 72
5 28
31 37
142 120
134 137
100 99
80 90
26 9
112 12
133 83
135 103
100 141
114 117
3 13
97 65
100 88
137 104
115 25
100 115
105 91
69 62
8 108
111 135
116 41
106 66
83 98
27 142
96 100
116 58
73 30
123 30
118 77
134 50
61 91
22 125
142 51
45 109
16 115
101 132
13 65
15 96
122 1
95 76
101 29
133 18
73 20
135 109
113 3
130 22
24 112
123 74
116 89
50 89
7 141
101 71
13 14
51 14
69 86
74 97
36 64
114 109
43 67
35 14
69 22
137 52
134 117
126 107
63 135
13 69
133 74
100 3
87 110
118 13
53 49
109 88
72 41
14 115
107 49
88 33
70 82
44 21
56 129
88 78
121 100
4 111
31 63
114 78
30 89
90 82
98 17
130 129
57 1
101 123
9 6
115 39
47 16
19 102
3 106
37 123
24 1
92 14
63 23
91 93
71 141
134 26
117 81
13 31
82 73
113 50
39 85
88 85
100 107
5 62
30 1
3 13
1 54
129 24
76 37
76 106
35 67
132 9
6 104
141 47
136 111
56 134
13 104
77 73
28 81
134 57
81 136
30 42
47 16
65 82
52 140
46 87
24 137
55 131
58 14
137 11
84 51
3 97
12 39
27 141
79 120
55 17
114 44
18 120
59 42
20 111
141 65
15 23
19 29
113 76
42 68
86 126
118 88
40 89
86 66
87 22
43 101
141 116
3 16
54 61
58 73
131 56
97 3
38 115
134 111
48 33
36 93
118 11
141 15
59 84
40 105
106 43
23 104
16 127
119 29
6 136
101 136
10 55
99 47
129 90
15 34
122 50
127 58
20 85
72 38
26 72
102 131
114 125
92 129
109 29
16 114
124 76
68 133
91 24
140 77
113 114
111 52
124 55
109 1
139 141
141 124
70 60
113 41
42 22
129 111
10 104
42 134
140 69
124 88
92 81
22 53
92 34
34 106
102 136
62 100
94 44
129 12
116 129
13 137
76 83
5 139
125 98
136 11
79 41
103 18
23 84
30 74
117 63
140 77
56 59
136 8
62 83
121 137
69 133
132 104
74 96
101 16
51 54
26 89
95 128
66 77
30 95
8 106
117 5
40 133
24 136
100 45
76 78
40 2
68 131
66 141
44 24
14 94
77 40
142 131
127 26
65 116
80 33
80 55
37 119
45 20
72 104
65 5
39 104
109 106
92 32
65 135
15 38
46 51
77 5
40 22
30 64
137 110
96 74
124 93
11 128
72 42
89 136
47 127
57 115
50 108
4 114
60 18
10 105
68 46
70 67
27 59
91 124
128 4
15 109
96 127
54 26
27 142
121 73
86 36
45 136
1 8
67 61
127 76
125 12
82 12
79 68
71 27
49 56
132 64
125 86
48 36
71 74
138 9
106 81
44 110
74 5
117 141
25 101
34 109
113 75
121 9
1 9
137 49
64 126
72 6
29 120
2 99
11 139
108 117
77 111
44 111
75 19
69 99
119 102
66 49
137 44
57 137
12 51
3 75
35 75
41 63
12 42
122 124
38 47
58 114
15 102
42 90
120 110
6 56
70 71
105 24
74 121
18 85
132 122
120 126
14 18
46 25
19 127
7 56
31 64
129 6
125 29
55 102
138 20
118 25
51 40
48 124
18 25
27 7
107 106
132 120
83 138
3 101
82 111
14 73
134 102
38 117
90 52
36 46
71 11
70 121
50 78
63 28
62 49
136 26
12 86
4 94
41 108
52 122
76 25
12 27
86 49
1 34
100 37
79 131
7 108
69 57
43 131
44 65
37 90
8 122
53 101
20 120
112 142
53 96
11 40
40 20
142 73
79 138
111 67
3 76
136 19
79 84
62 1
81 98
50 88
78 63
7 97
40 118
56 53

292 216
232 139
194 105
67 132
291 173
69 61
258 34
111 132
25 118
286 45
149 202
135 276
206 249
75 201
208 54
291 167
194 214
13 79
27 63
211 9
219 263
69 185
280 163
8 12
264 278
41 120
171 175
104 84
131 162
268 30
215 267
197 101
188 193
179 198
256 81
190 166
51 242
58 38
112 50
34 83
19 74
203 189
248 290
256 70
143 231
99 65
189 279
165 85
180 36
266 127
116 164
292 151
113 42
172 209
91 189
275 93
262 185
281 201
166 228
270 16
166 61
65 63
47 213
131 210
232 104
44 40
267 44
190 72
85 53
264 159
242 246
251 195
123 223
88 288
142 49
288 15
109 44
61 140
256 191
57 180
3 101
219 253
128 116
16 212
152 279
62 85
233 4
280 47
210 75
26 59
107 21
73 200
48 118
47 12
16 87
191 2
171 101
239 6
200 254
201 59
225 262
144 149
249 115
195 166
173 220
224 279
225 281
186 272
106 216
267 105
11 149
91 165
249 37
171 156
274 79
215 206
33 50
62 281
164 240
139 44
168 70
14 100
42 200
63 131
107 38
220 101
186 18
266 127
54 144
282 19
206 188
225 222
237 270
211 92
202 57
119 77
110 133
160 136
40 222
250 130
243 177
231 121
194 204
247 231
39 236
250 244
116 166
174 44
127 76
136 36
116 238
112 209
78 255
52 101
169 10
231 119
170 169
239 56
80 177
286 118
105 227
53 220
100 210
247 227
285 74
262 92
20 66
9 97
12 44
198 180
37 136
283 207
12 213
262 75
82 255
176 186
174 228
97 273
130 51
191 122
125 161
198 128
210 206
224 205
249 113
93 286
232 67
184 243
263 153
9 52
99 184
237 272
104 41
237 217
76 135
30 184
279 227
19 180
140 242
93 81
47 185
58 278
235 241
213 205
101 221
241 183
97 185
163 184
210 91
108 269
225 137
160 212
56 178
99 195
111 191
259 157
67 24

266 432
28 49
26 244
139 222
209 139
114 27
82 131
109 221
1 19
196 140
100 89
69 57
153 12
181 184
168 240
63 78
232 91
126 257
122 53
266 118
245 114
198 61
32 94
69 33
113 52
172 266
194 29
56 81
40 25
52 261
264 114
127 229
258 252
8 114
92 61
19 71
228 217
131 260
98 253
26 210
39 251
264 232
67 107
100 160
131 151
155 128
53 69
145 44
108 206
211 200
266 230
58 228
234 188
9 65
228 88
63 266
72 60
232 193
166 119
86 31
4 28
212 56
96 90
153 204
29 98
191 29
115 248
44 82
223 52
200 184
139 262
238 264
109 203
244 63
55 118
147 112
145 92
221 29
236 162
20 264
259 264
80 161
245 177
30 255
16 229
172 154
13 143
206 121
133 183
237 242
34 171
141 233
263 96
49 20
45 122
71 37
119 205
251 151
115 14
139 131
242 98
72 254
29 65
163 161
36 187
190 123
92 65
89 142
214 191
161 258
100 231
82 6
169 66
156 72
133 82
256 108
234 61
150 262
180 100
210 215
20 134
71 111
198 214
40 199
138 200
190 26
219 59
31 175
178 241
246 44
110 235
205 77
84 88
72 263
187 16
211 261
203 15
159 188
228 199
120 154
186 97
233 138
155 263
47 120
25 80
163 135
49 101
265 186
243 125
182 217
194 180
211 130
248 158
51 264
90 170
205 9
54 171
201 262
221 247
115 34
60 11
168 162
165 220
135 141
78 50
146 5
17 90
134 265
247 238
262 124
195 200
187 248
158 121
243 112
155 91
145 2
155 100
218 108
54 86
36 185
190 181
190 206
59 111
258 93
137 253
5 65
240 191
47 131
99 77
243 41
222 175
96 164
9 47
59 116
187 95
34 110
63 11
103 121
176 95
2 46
135 6
110 109
196 210
239 82
75 3
122 30
178 5
247 240
52 40
89 26
188 122
189 250
187 25
159 96
119 160
141 42
165 38
150 148
36 122
17 110
179 192
193 90
196 227
63 35
266 205
60 187
60 248
225 34
7 117
129 179
64 57
220 16
95 157
163 130
13 233
27 245
158 7
68 87
233 184
122 233
122 181
207 235
217 219
3 223
123 131
189 186
188 197
201 70
87 151
253 153
117 13
131 8
19 252
95 39
223 4
5 78
238 266
47 188
6 103
144 129
21 121
48 208
105 37
65 191
187 51
132 92
63 262
99 135
36 247
174 258
38 232
124 10
19 224
197 25
60 129
153 80
249 254
76 87
24 140
65 265
191 196
90 41
246 242
230 15
11 191
60 48
210 183
57 229
140 254
41 253
116 193
67 152
234 196
26 258
69 90
44 47
20 133
142 53
162 105
121 172
29 180
220 238
151 64
254 78
51 28
65 220
8 185
159 242
114 184
21 236
8 64
17 81
250 158
133 145
50 253
51 78
220 58
103 104
121 145
182 226
172 246
233 234
218 126
209 65
97 17
88 158
134 104
238 117
49 158
49 98
198 153
229 152
264 120
43 119
264 224
132 169
257 98
136 208
11 132
60 108
202 53
69 39
79 239
142 236
76 27
222 228
44 107
226 163
149 132
160 161
51 116
205 148
40 201
213 225
48 108
161 249
160 17
76 238
44 217
262 119
31 217
134 74
111 147
236 47
12 183
207 62
33 200
264 126
134 264
84 181
105 32
218 52
103 27
78 146
31 73
264 61
77 185
135 187
66 158
233 77
75 228
193 161
161 244
20 82
241 157
50 133
243 1
184 79
27 261
12 57
121 9
118 197
193 40
117 46
197 138
123 5
99 103
219 47
80 238
182 108
183 231
240 213
232 211
79 46
206 90
103 114
152 8
45 132
47 215
178 31
86 88
36 238
190 42
72 57
68 253
218 250
6 191
250 25
135 62
70 128
151 226
30 36
233 74
221 67
76 132
152 216
219 241
241 196
16 47
40 83
87 257
120 146
235 103

399 219
31 28
73 368
253 235
58 8
42 13
128 172
144 279
121 18
120 228
346 136
328 120
85 203
297 72
348 399
95 252
157 313
279 229
281 319
65 339
326 293
139 55
65 282
121 185
299 241
201 34
376 129
153 248
331 237
107 280
236 202
319 392
115 385
10 183
304 261
309 19
154 48
73 7
118 193
378 204
221 179
237 384
308 177
233 27
15 127
306 38
116 13
218 230
397 227
201 90
88 110
108 29
345 180
35 63
160 14
54 381
379 291
153 287
255 385
314 57
300 8
95 16
21 312
34 205
326 234
294 201
131 2
229 76
368 52
138 316
252 379
85 231
270 237
306 312
11 8
157 310
202 251
325 10
350 358
3 64
379 296
264 111
86 280
186 54
331 112
369 370
91 241
389 148
79 83
247 89
90 4
186 79
42 111
89 391
257 91
55 24
174 106
134 259
386 108
101 105
219 257
76 97
99 65
244 177
334 91
53 24
95 238
289 136
136 377
315 180
255 157
204 30
263 125
76 249
232 176
353 238
221 216
334 319
68 178
283 2
57 123
212 151
360 102
74 283
266 388
251 122
146 242
338 9
366 201
45 386
377 397
224 198
214 159
304 281
124 374
283 180
97 95
118 57
383 192
127 250
367 377
371 113
219 97
308 373
297 352
359 62
138 183
47 351
129 350
20 41
324 90
220 21
372 338
264 355
317 179
205 284
156 363
185 163
60 93
136 145
233 95
206 370
65 41
109 381
390 315
22 103
6 29
310 165
154 362
120 71
141 325
355 84
76 327
246 323
20 169
68 40
51 61
197 303
101 93
284 279
9 93
169 201
121 266
365 275
228 85
345 156
197 88
240 61
15 273
383 222
43 238
261 93
298 246
395 187
338 67
66 346
159 234
147 68
287 299
342 303
172 75
59 368
350 86
216 152
359 199
373 189
37 23
281 123
268 65
309 393
131 374
340 290
395 274
357 282
361 87
185 133
348 32
288 86
117 105
238 263

412 420
92 178
305 52
52 308
145 23
342 363
92 78
69 270
401 158
30 225
52 240
96 256
200 39
11 22
63 91
371 115
156 70
292 68
121 363
396 285
385 345
236 84
10 324
373 18
90 403
263 141
250 378
396 57
4 407
78 66
105 56
181 280
126 80
348 246
31 331
119 3
283 374
107 292
305 67
329 394
57 179
123 326
145 126
382 148
140 68
234 265
123 22
132 248
101 87
82 131
25 220
154 307
201 260
206 93
326 123
75 403
301 217
316 53
362 286
221 90
373 42
374 83
83 93
331 183
200 20
334 224
259 95
119 47
354 324
139 287
34 233
297 355
37 201
407 399
94 235
96 54
296 77
156 378
189 74
169 388
113 90
200 391
184 318
25 145
229 184
39 283
4 336
225 61
144 239
67 237
82 182
310 377
258 53
363 34
147 119
10 279
228 209
258 19
114 302
163 362
73 221
232 97
144 64
157 287
303 223
131 384
12 28
368 269
101 318
302 267
24 311
133 251
127 410
289 260
300 39
210 392
280 49
76 11
113 252
318 23
82 36
14 93
84 381
381 204
307 271
58 330
189 210
189 336
208 65
183 115
124 392
94 403
49 190
21 161
49 338
183 151
394 196
263 65
184 232
268 78
90 345
16 298
142 204
221 369
288 12
71 19
11 185
29 59
394 50
219 30
407 9
200 388
204 51
40 408
282 327
73 391
259 88
276 9
311 105
377 207
136 36
225 146
220 254
205 221
323 31
270 317
40 58
313 263
108 352
258 389
287 331
367 153
26 250
161 337
374 146
131 97
181 375
263 8
236 55
248 166
105 71
144 162
383 407
269 342
252 265
236 190
239 409
216 97
177 160
58 322
310 175
110 272
25 137
116 99
384 281
203 77
371 367
238 361
361 115
311 220
399 134
18 226
130 253
322 327
412 399
236 329
181 346
208 205
90 323
323 62
212 134
158 170
88 3
139 56
117 37
295 104
190 312
349 340
172 258
254 191
264 77
107 33
30 315
257 120
245 168
201 44
321 358
234 408
360 372
71 85
16 365
208 205
285 144
132 64
9 385
255 272
70 361
324 99
283 169
238 136
336 26
199 264
403 40
259 371
19 349
43 34
321 270
239 193
21 370
257 49
363 119
320 40
87 232
138 370
8 396
113 343
29 331
194 20
371 60
390 389
16 40
11 336
309 249
137 349
226 1
397 196
119 324
235 205
163 393
182 170
376 294
120 12
213 333
31 191
392 28
167 15
67 177
351 395
33 75
331 279
95 315
62 213
227 317
5 389
297 207
147 280
108 266
291 340
187 342
118 186
369 285
201 44
69 159
26 122
253 357
400 347
259 69
167 73
405 191
70 309
397 216
176 93
89 75
20 275
24 138
69 392
30 289
23 118
35 69
239 307
13 246
261 271
335 15
364 327
205 21
224 190
256 7
302 364
81 321
247 104
66 315
104 95
191 146
213 245
214 59
159 226
305 7
105 227
21 76
161 245
116 384
42 391
411 343
342 99
272 176
203 337
78 326
40 288
79 272
140 293
330 318
126 242
324 250
76 364
325 237
217 48
228 258
26 226
189 368
325 68
131 135
404 229
68 51
124 146
322 284
46 260
189 192
89 121
29 165
72 374
401 308
29 236
154 55
50 362
30 394
17 180
136 28
408 203
79 140
368 400
11 2
267 219
193 356
339 241
108 19
202 116
326 231
371 67
305 8
36 334
9 52
121 144
100 137
366 178
276 322
185 306
323 40
112 123
3 59
363 130
77 173
245 402
11 203
77 335
231 132
256 259
204 376
11 303
100 376
68 395
285 272
288 215
331 8
337 333
66 308
50 142
88 314
151 98
125 247
20 375
379 295
221 170
278 231
60 398
215 147
380 87
26 276
322 357
283 266
297 368
181 367

474 535
12 411
337 102
70 334
460 146
6 117
59 416
227 250
321 259
330 192
316 317
71 335
21 3
248 342
142 317
388 116
94 399
423 431
397 388
186 278
429 192
394 13
29 43
158 245
301 383
332 142
225 403
372 142
301 146
9 339
462 396
350 81
216 298
407 138
107 119
312 61
310 231
443 234
169 22
4 470
404 335
33 51
159 405
192 356
76 96
220 433
387 95
39 128
289 446
162 291
90 473
352 295
125 216
424 190
238 323
185 167
79 113
217 238
413 304
15 14
295 234
342 207
224 381
231 408
248 288
225 233
286 472
53 306
213 2
21 450
220 101
39 298
110 255
61 48
455 445
432 275
204 299
8 324
205 134
153 452
421 377
210 128
270 158
433 9
55 350
354 274
346 392
98 455
69 54
29 49
25 460
219 124
284 122
343 15
255 22
362 201
398 468
328 194
151 183
98 102
58 451
375 403
265 368
280 229
422 308
277 342
293 391
465 472
39 334
12 293
355 270
20 174
263 243
263 309
425 256
410 378
129 207
203 393
100 8
147 417
315 319
284 29
235 275
26 273
30 408
462 384
203 377
453 361
145 242
91 96
23 397
473 151
25 201
439 124
104 111
67 418
325 246
446 456
46 368
150 75
301 137
354 399
39 333
285 184
470 271
175 388
193 69
65 217
166 399
237 269
406 199
213 256
444 80
237 386
447 283
460 273
419 236
197 354
464 377
63 459
174 133
268 262
201 228
375 366
153 33
161 84
231 269
235 200
244 368
7 217
176 467
385 120
124 4
473 113
276 431
467 345
459 260
29 186
14 403
447 62
435 29
145 87
193 275
182 437
168 189
75 343
77 355
359 200
254 253
208 56
106 200
400 90
355 324
171 264
252 144
325 108
68 365
194 261
62 272
223 229
460 193
468 62
73 248
261 327
26 364
278 131
459 99
117 339
423 287
25 96
326 245
204 394
32 293
76 93
90 194
217 445
386 210
32 354
353 188
102 379
77 379
405 61
4 417
296 322
126 216
417 451
460 42
266 387
335 341
5 320
60 118
291 445
327 322
221 102
406 322
376 378
123 306
439 22
145 156
343 270
371 181
246 252
223 38
165 453
274 65
298 334
182 10
200 405
228 420
32 159
164 407
62 286
134 396
203 278
447 71
73 239
251 215
17 369
148 77
347 421
141 67
280 323
76 376
253 303
217 180
461 380
112 419
87 245
236 289
419 209
255 387
447 32
127 359
296 170
435 169
117 472
235 292
216 310
193 468
35 410
173 391
211 180
335 298
320 467
8 264
201 263
177 69
190 199
324 11
265 180
179 381
177 309
94 288
41 183
281 75
14 349
465 224
424 222
417 270
214 425
429 310
213 27
274 298
226 123
308 16
199 383
292 271
217 281
85 153
463 261
227 372
136 218
122 455
335 434
250 74
280 205
383 388
127 182
211 352
201 45
263 399
427 450
195 65
153 279
218 141
66 444
39 97
83 56
77 417
385 223
386 191
323 294
104 449
372 315
223 98
255 381
392 207
253 8
167 405
287 384
441 248
250 375
240 228
326 212
67 237
330 452
427 178
168 426
49 65
162 167
58 416
73 345
44 221
352 211
151 60
16 118
203 161
388 442
389 240
76 455
2 405
328 324
5 21
171 423
455 333
115 38
274 83
278 214
304 156
320 454
215 335
467 418
392 381
281 306
146 356
182 43
287 35
366 187
56 62
135 406
290 249
340 460
331 143
199 56
298 44
36 39
274 398
352 191
200 158
392 345
40 99
387 222
30 174
408 455
132 438
386 421
108 251
406 438
394 130
20 217
69 425
151 343
244 28
429 444
82 347
210 121
341 123
238 370
192 67
246 323
30 158
270 137
304 201
470 223
227 385
336 295
231 382
59 1
306 384
444 387
152 179
403 18
197 166
284 285
232 55
133 261
108 298
293 412
395 288
56 147
199 287
337 429
195 292
325 26
201 190
308 352
369 236
369 461
401 74
167 158
129 300
314 132
123 132
69 413
315 21
85 39
307 422
364 27
239 110
422 335
300 255
212 90
16 2
446 312
76 139
365 100
438 100
231 456
231 300
395 442
320 375
376 152
218 265
75 456
375 392
212 96
173 423
185 84
425 156
292 26
294 78
125 153
178 251
31 304
76 321
271 291
221 173
339 439
333 309
316 129
226 54
224 294
2 408
274 322
460 461
243 279
64 263
328 241
40 358
71 11
204 341
302 424
409 62
284 268
370 126
396 17
75 42
311 76
345 6
294 330
466 62
31 55
325 254
296 364
137 262
374 236
24 97
81 433
158 365
226 423
386 43
440 460
454 172
431 325
73 250
76 64
312 2
14 58
255 309
421 287
466 216
48 16
313 25
448 366
389 95
315 196
33 176
181 13
243 137
233 315
283 204
378 120
206 391
177 356
122 19
65 113

265 266
5 86
165 191
117 77
95 108
78 70
209 166
148 236
59 31
85 101
224 25
82 15
192 256
102 4
52 154
161 232
103 165
85 35
91 201
143 185
75 221
21 18
121 168
253 179
230 104
14 189
160 127
235 86
149 71
122 232
224 17
199 94
181 18
128 6
218 5
223 27
225 243
76 113
178 63
58 142
198 104
97 92
262 99
177 146
169 65
112 160
81 77
20 262
94 147
34 78
183 23
136 175
33 211
54 210
40 111
118 237
246 215
95 243
48 39
155 248
103 33
174 184
110 193
180 235
106 245
80 56
3 215
230 35
193 50
244 264
192 96
3 173
77 97
182 156
135 71
139 238
135 47
156 244
240 102
246 80
81 60
135 83
41 131
117 265
212 127
264 139
255 1
78 66
97 259
222 232
64 127
204 198
173 126
209 179
227 221
26 42
15 192
157 87
90 8
87 36
167 85
206 156
117 18
221 213
11 209
211 106
70 181
39 10
41 14
220 2
234 12
76 15
236 232
133 60
6 219
127 204
70 100
94 186
117 82
166 160
25 111
265 127
27 70
168 99
83 122
133 83
166 208
97 136
206 230
227 243
215 120
182 20
219 42
237 71
123 137
230 180
15 261
41 73
66 208
171 148
96 38
231 28
12 94
163 249
90 156
227 40
11 175
91 229
216 62
66 106
231 62
20 245
58 60
52 123
34 222
37 161
27 34
189 38
128 118
22 217
9 15
23 19
221 113
14 203
175 112
43 172
173 62
151 262
153 234
151 186
222 188
114 248
253 69
53 147
186 74
131 226
120 153
11 75
33 25
12 239
168 87
145 75
148 30
104 36
30 254
253 251
208 133
1 196
201 53
109 122
126 239
82 12
159 125
118 191
149 129
164 51
215 43
157 130
104 27
197 133
16 184
150 255
52 150
217 19
202 61
140 94
34 254
105 192
113 254
149 28
150 47
110 99
89 33
260 192
60 191
91 107
142 241
96 225
125 48
243 94
140 150
219 205
138 91
132 17
79 15
44 228
94 185
94 182
217 88
141 11
46 231
149 219
206 245
178 98
59 187
223 198
71 176
137 240
1 35
23 80
82 98
42 175
17 135
91 1
255 231
43 35
229 192
253 169
171 197
33 229
118 255
161 221
166 32
195 166
99 218
12 180
50 54
89 99
220 179
99 209
177 141
243 140
67 262
75 237
193 140
232 78
129 159

426 794
325 185
321 116
263 412
130 201
97 184
82 412
206 305
38 340
376 321
243 125
203 103
371 269
247 308
336 250
32 410
384 174
168 278
289 249
81 236
267 178
237 348
163 261
226 18
174 419
338 417
117 359
337 62
19 401
187 172
224 36
155 425
210 140
276 316
388 357
126 228
352 180
149 88
14 192
105 6
185 261
240 119
193 150
424 29
368 184
200 409
220 354
408 247
311 257
136 273
5 79
318 356
259 285
261 272
294 184
95 296
18 334
415 28
57 412
56 242
414 255
225 25
426 206
271 310
280 224
400 285
121 110
32 379
212 293
42 79
50 137
375 311
44 181
338 345
166 211
160 397
283 202
421 282
407 83
409 261
125 383
363 245
310 394
15 95
260 56
173 127
10 121
11 298
301 348
34 285
376 11
73 232
213 312
87 193
394 314
271 336
270 25
154 397
419 168
65 70
42 237
197 51
176 25
166 294
373 199
396 140
210 43
372 422
172 276
6 139
163 95
49 250
363 20
220 173
188 284
243 47
339 257
97 332
281 81
199 45
279 413
3 306
273 374
119 18
41 369
400 204
37 266
271 217
286 309
390 291
166 24
337 322
98 251
227 378
331 244
241 2
230 243
307 76
8 244
93 48
186 310
69 40
150 158
256 253
40 219
117 23
242 271
345 339
339 145
109 62
388 167
307 9
227 187
84 234
248 420
99 7
122 412
46 271
143 302
341 426
338 31
22 154
119 366
310 31
329 236
336 108
402 216
117 20
221 18
71 42
256 170
49 377
399 338
39 359
31 379
358 369
227 379
340 163
319 223
193 39
277 347
146 252
136 262
272 174
98 342
216 171
329 82
121 119
237 403
51 268
355 408
210 399
179 123
135 71
163 145
109 13
65 72
83 19
152 172
192 249
331 225
419 52
306 357
170 117
333 39
202 79
264 411
295 16
351 3
330 331
147 256
162 30
328 62
48 53
233 57
119 381
282 355
6 405
285 420
95 9
32 296
331 295
98 199
129 266
19 32
171 165
288 150
12 189
211 59
59 17
360 177
215 105
221 193
207 32
106 33
307 219
363 175
135 379
121 400
397 153
388 379
14 111
391 20
139 267
78 399
200 72
188 414
420 226
425 18
257 348
50 137
140 230
129 92
182 250
66 152
402 271
104 233
200 68
70 338
153 391
311 352
36 316
158 273
115 156
290 371
77 339
325 34
142 271
126 323
94 9
292 313
279 213
363 296
99 6
208 251
396 336
176 249
225 151
95 157
306 384
101 200
114 243
52 255
87 421
395 425
3 78
129 99
291 66
395 389
315 420
31 285
147 24
107 371
175 20
101 54
403 19
72 91
79 123
163 409
117 376
407 363
27 110
279 317
175 65
97 63
58 127
165 22
151 90
392 325
109 310
196 329
146 267
237 42
207 400
25 141
349 5
321 193
358 174
84 106
238 180
413 114
125 151
135 93
58 345
417 166
46 186
313 10
271 123
51 295
340 319
254 80
324 148
273 255
139 174
179 377
171 409
308 295
377 16
387 9
178 195
418 224
199 122
51 287
245 101
155 402
420 226
300 135
374 146
207 330
137 203
280 307
185 405
420 380
239 198
388 416
393 197
31 409
319 81
269 381
426 241
356 237
285 47
189 232
10 395
135 146
416 233
271 418
29 264
371 267
279 150
257 63
347 105
45 57
186 131
11 185
190 184
239 48
231 1
97 240
213 49
204 202
281 48
194 310
311 382
394 163
106 224
226 270
329 88
326 332
219 154
334 408
337 146
273 385
146 369
199 358
417 402
378 90
23 389
217 151
344 184
131 267
226 174
110 128
262 253
277 298
406 184
97 135
329 369
93 48
311 291
223 119
84 418
208 350
380 424
318 116
426 23
382 225
196 310
170 275
380 20
146 360
203 60
312 349
2 404
214 130
87 10
249 414
246 274
338 199
90 229
314 89
69 88
313 83
215 56
357 168
319 321
345 95
380 230
261 382
26 48
329 112
301 395
99 120
243 254
319 332
57 24
420 369
355 124
25 143
423 200
129 315
94 291
227 291
95 61
64 364
108 393
49 226
361 147
346 421
219 56
326 275
323 137
35 252
78 60
212 74
77 340
388 170
205 6
34 117
66 98
54 417
308 346
217 242
310 380
237 102
9 380
194 331
335 229
400 412
106 186
60 182
99 265
351 121
271 202
55 154
117 108
145 424
271 179
240 155
132 294
256 384
247 24
106 155
252 80
385 357
265 18
112 181
282 280
302 370
299 174
98 416
100 60
413 370
238 44
98 187
337 354
388 402
377 67
374 20
146 332
194 410
167 123
165 267
402 284
210 92
31 125
81 130
184 312
74 239
355 415
243 84
342 204
303 110
271 250
129 416
400 140
218 140
262 200
406 55
301 190
147 149
314 45
279 316
356 170
128 285
402 371
186 318
148 62
245 418
311 192
226 284
331 261
242 167
34 221
221 334
410 185
56 116
230 152
5 159
139 376
261 115
320 20
250 286
325 68
95 28
259 138
129 408
398 370
148 5
165 186
156 148
371 212
81 418
181 329
150 320
279 229
252 416
66 75
93 391
142 188
236 219
325 364
200 297
308 165
119 46
350 275
11 112
304 92
103 58
238 71
195 90
117 20
324 182
94 416
390 54
177 199
90 320
137 107
8 262
271 126
307 12
218 135
124 95
44 397
282 114
165 371
230 3
86 230
340 76
11 211
252 210
300 389
164 224
396 425
68 340
123 80
131 257
21 44
301 64
14 156
422 344
43 424
4 272
338 79
283 122
148 310
240 355
291 37
324 107
105 55
229 2
186 303
266 47
177 147
60 150
142 55
312 185
53 133
274 208
29 374
329 176
75 142
348 365
423 64
45 345
118 91
164 121
394 3
167 144
149 226
112 109
99 423
111 395
373 384
176 401
150 78
394 224
38 316
163 34
379 25
196 70
116 359
9 83
361 175
44 327
219 155
9 317
395 363
285 341
321 34
133 288
355 101
85 210
416 65
243 186
90 256
73 205
188 81
287 122
74 330
267 292
303 93
426 89
30 284
248 168
135 380
29 63
298 113
273 105
178 333
290 267
163 363
289 350
261 149
290 334
296 374
199 416
40 198
323 69
299 144
236 7
341 82
314 213
195 404
317 190
128 425
274 290
361 136
32 13
102 139
347 397
86 363
205 369
379 101
256 69
62 65
76 402
391 207
6 159
184 141
166 311
383 257
419 135
392 268
147 67
406 311
281 309
248 303
251 18
403 80
86 38
389 405
258 353
185 81
329 186
221 312
315 421
142 307
129 107
148 276
417 371
160 89
253 225
392 321
242 368
401 328
224 181
306 55
107 309
135 253
312 174
138 200
168 279
80 297
203 45
390 193
415 123
281 59
348 64
380 407
6 172
126 47
352 250
101 276
132 53
102 17
44 57
35 30
335 114
144 355
403 107
121 209
47 219
86 212
283 39
193 106
28 136
396 379
385 314
46 90
366 391
351 228
21 385
75 173
316 36
101 110
142 39
319 6
75 404
36 175
260 46
98 287
181 67
57 140
380 346
47 138
310 397
183 148
173 257
138 307
292 56
416 251
338 308
74 412
103 109

169 837
128 135
127 61
9 1
47 141
2 112
26 24
88 149
105 154
35 151
82 32
28 42
66 17
48 46
141 90
112 8
109 99
142 67
159 9
67 36
150 97
6 34
148 121
42 84
106 76
93 46
108 121
87 32
137 135
77 136
83 48
143 22
146 116
88 135
124 14
29 132
138 62
166 116
14 38
58 147
113 151
23 79
102 110
111 97
103 46
64 16
93 65
65 97
11 12
90 163
53 118
153 21
11 149
164 52
17 53
29 158
34 51
67 163
160 36
118 121
110 12
164 61
105 60
158 143
99 78
136 151
55 120
30 65
127 24
116 144
104 144
160 165
25 85
158 44
121 107
164 89
146 18
149 109
77 137
83 6
74 49
15 128
27 44
23 154
67 166
156 30
168 5
25 51
89 42
122 68
7 117
156 11
162 136
120 69
131 33
102 35
109 116
162 164
159 43
7 84
67 21
113 65
25 166
144 113
38 96
40 44
71 26
54 63
20 32
159 151
64 91
44 32
65 37
26 54
107 32
166 5
52 109
97 76
133 71
47 1
26 114
72 96
168 126
159 18
16 7
27 80
98 71
111 162
135 164
75 100
26 71
104 105
38 60
39 2
158 85
30 14
58 102
110 56
86 127
101 133
128 39
89 57
149 110
50 143
15 149
27 113
84 131
9 2
28 38
159 141
96 4
29 28
141 84
141 126
15 72
117 1
111 37
57 118
5 106
120 47
86 5
18 28
136 26
29 22
92 46
162 18
49 21
73 48
104 44
4 147
143 121
147 84
16 35
61 20
168 11
94 112
15 111
167 9
136 26
31 86
100 23
131 148
72 34
55 34
77 58
11 51
37 158
162 80
51 81
127 77
91 51
20 134
161 17
1 156
71 59
72 1
110 34
7 12
95 61
45 3
147 56
81 14
72 101
94 150
13 79
85 131
130 104
95 121
149 124
135 78
13 38
106 122
99 112
133 24
32 9
54 9
92 162
50 22
94 2
2 134
81 86
95 41
49 20
56 3
155 161
43 51
97 165
149 39
156 3
98 164
85 106
114 77
156 163
1 157
23 162
68 137
116 136
16 164
156 99
25 141
90 67
22 17
90 29
83 77
59 12
99 143
145 72
51 131
65 79
147 88
72 73
55 18
40 98
40 26
27 92
25 144
17 74
160 107
130 101
42 19
140 162
116 42
43 105
135 121
82 53
51 155
107 96
25 63
135 78
89 85
130 91
102 62
109 67
22 40
136 40
11 106
32 154
7 74
89 141
54 2
52 104
156 17
31 39
79 24
144 167
137 104
88 97
165 27
22 45
94 157
84 132
121 116
116 155
48 36
154 129
37 36
92 51
52 122
117 130
4 91
155 168
25 101
95 48
155 116
120 108
103 34
70 55
8 17
40 84
80 25
43 116
88 134
25 140
114 141
128 146
62 114
144 114
73 70
20 87
16 139
25 119
31 94
32 39
138 99
122 48
123 164
22 70
129 46
40 101
17 26
77 106
167 52
78 71
121 97
157 164
94 12
113 125
133 3
163 102
102 143
8 83
137 30
152 124
75 50
84 120
104 160
84 101
42 162
30 21
117 45
16 70
84 156
25 48
159 46
8 119
19 15
60 14
44 43
166 147
120 108
125 54
98 39
14 168
59 43
19 35
88 34
104 2
49 156
49 66
60 84
15 106
99 74
147 1
144 2
6 123
109 130
35 38
28 48
64 114
91 82
7 37
144 110
38 23
124 115
88 14
29 130
119 155
34 125
156 37
126 20
159 66
150 24
131 36
100 25
8 21
134 15
85 108
124 122
158 107
67 104
148 124
64 126
109 126
81 123
21 37
143 38
102 151
89 91
45 19
115 52
67 80
66 151
46 49
104 63
155 29
166 133
11 89
89 120
73 169
101 121
65 74
158 25
83 77
116 127
124 61
10 21
168 103
31 73
151 162
135 136
21 131
128 32
78 75
10 9
103 110
129 167
43 117
22 153
53 137
111 7
57 148
27 55
81 85
155 63
77 120
57 126
110 43
157 18
118 25
55 51
162 14
76 63
131 97
47 42
65 16
48 149
163 102
62 102
18 48
23 94
167 108
50 107
150 65
153 126
117 38
7 110
79 82
3 68
38 49
109 130
64 156
109 85
89 29
46 134
76 68
86 102
6 136
39 15
59 50
140 7
115 6
144 25
115 146
92 152
54 60
112 145
46 79
89 162
108 134
126 42
32 43
143 66
37 41
80 123
90 50
129 64
83 103
88 29
108 38
39 161
97 10
136 2
88 83
163 54
47 148
96 79
49 69
3 113
109 82
66 58
159 54
121 73
156 67
129 94
132 167
113 88
35 108
89 151
21 110
35 68
116 130
5 23
58 7
135 25
116 32
82 133
85 33
64 99
127 23
52 90
49 164
8 83
102 124
64 151
64 127
49 39
115 81
61 3
87 27
28 61
86 137
24 29
29 88
155 138
37 103
17 60
138 128
20 92
50 1
15 35
77 53
150 157
141 11
102 167
66 162
111 34
45 167
62 132
12 75
100 48
37 145
135 5
131 14
125 39
14 139
74 119
50 54
134 21
92 67
47 158
87 16
50 131
14 139
121 53
44 52
128 108
55 94
113 16
107 96
54 148
65 155
97 142
39 62
162 131
156 67
147 73
83 27
63 124
165 14
7 67
93 134
34 147
86 146
21 23
72 103
30 164
88 154
136 127
74 156
116 60
54 121
161 164
6 54
118 29
95 152
123 19
144 156
24 61
160 45
111 62
147 140
84 65
125 78
50 57
93 24
145 146
3 136
168 8
48 144
36 1
126 159
19 100
4 43
160 164
115 130
56 92
100 168
15 83
76 93
140 168
116 115
3 147
109 29
154 15
3 49
15 128
66 62
87 69
132 105
63 77
65 147
27 24
145 41
106 79
133 104
106 108
77 136
85 44
165 97
58 167
4 101
154 69
21 71
138 152
34 59
59 127
36 85
150 39
153 86
118 145
49 82
83 125
48 26
169 43
150 85
69 154
44 53
81 64
151 77
46 43
136 132
169 30
75 149
69 87
94 45
62 1
126 3
125 4
56 152
75 64
68 143
76 139
54 157
34 35
92 107
105 58
98 105
88 3
112 15
89 36
59 9
36 15
11 20
46 66
30 148
130 97
149 36
95 33
51 128
95 143
65 31
59 162
163 5
24 105
19 140
169 77
149 35
119 159
82 24
84 112
2 72
67 151
135 161
42 45
147 137
18 71
26 104
63 19
109 114
123 127
85 122
63 92
16 12
109 125
35 23
67 37
122 162
46 116
12 87
160 159
82 36
60 107
139 150
125 106
95 107
92 38
87 154
129 130
24 68
86 59
119 11
123 99
3 27
45 15
113 63
32 26
98 91
160 96
71 144
32 24
109 123
61 26
135 20
156 159
116 100
76 65
110 29
163 141
83 67
14 26
129 45
79 58
163 98
12 64
72 71
88 11
25 7
36 18
27 50
7 1
149 82
93 118
138 114
117 51
11 130
105 140
33 14
56 26
139 67
117 41
165 35
51 48
70 115
66 96
23 72
124 31
13 47
7 150
160 123
32 2
111 136
169 143
8 55
27 147
149 143
46 144
37 125
23 106
98 116
60 148
18 14
9 30
60 15
39 50
165 98
79 106
92 78
107 127
160 161
104 139
163 9
142 58
133 23
163 89
138 81
67 14
122 76
72 12
118 110
89 142
38 168
106 129
104 44
86 95
63 49
92 56
85 64
113 48
114 134
164 82
45 61
124 25
164 26
36 113
135 153
85 31
10 21
18 113

232 723
20 73
30 9
63 75
141 168
70 100
191 222
6 125
222 106
133 18
170 79
219 189
72 105
227 139
129 31
41 92
150 61
156 179
69 211
14 209
146 75
68 96
65 74
220 54
171 113
63 109
183 50
65 14
154 60
152 50
82 192
134 231
20 49
170 80
27 183
49 164
17 108
28 81
181 7
126 112
111 189
220 53
230 44
66 143
95 209
193 177
169 86
175 180
134 112
20 153
54 60
84 63
167 111
143 108
110 29
219 220
209 206
41 198
17 98
108 104
75 60
48 3
145 214
182 39
94 193
191 139
20 34
201 187
137 104
62 14
124 48
225 100
13 33
65 21
123 172
124 197
224 171
199 136
153 140
166 6
101 124
136 120
158 97
66 62
200 127
67 91
174 59
182 178
84 6
199 206
177 90
162 160
21 120
64 165
19 229
162 119
113 65
231 30
153 64
83 120
183 149
202 116
199 151
62 50
156 20
15 93
101 168
20 121
55 75
45 74
64 206
184 176
31 174
197 175
230 47
63 180
187 24
55 153
167 116
195 90
135 201
174 4
137 186
116 183
28 153
24 83
118 200
26 140
133 214
83 130
28 145
69 206
160 124
119 94
7 73
176 134
41 117
129 177
62 4
128 82
156 143
164 42
102 182
173 3
163 23
124 183
159 193
156 87
84 34
180 82
106 115
207 147
224 95
83 53
99 202
134 14
105 66
47 206
7 220
208 169
10 100
111 161
52 35
15 135
60 186
208 166
69 183
72 52
37 146
104 135
116 230
149 220
55 187
185 61
174 161
221 176
20 100
104 71
126 110
197 185
63 164
118 123
106 181
174 143
95 46
45 202
35 185
189 89
132 141
149 73
61 137
8 72
228 111
134 121
220 90
74 43
22 183
165 127
132 99
29 218
136 66
187 170
10 143
26 141
43 166
206 96
62 213
167 58
84 69
178 71
158 19
105 171
194 38
58 85
136 86
70 39
151 24
200 161
158 225
69 192
150 34
55 211
15 222
28 98
50 206
160 199
216 33
138 177
62 195
21 189
40 90
219 191
105 186
111 22
170 171
214 87
205 28
57 219
17 85
76 58
50 227
25 33
27 154
202 88
108 214
36 147
72 22
105 168
207 190
136 146
163 222
118 190
39 96
199 115
163 24
164 157
40 188
176 193
149 23
68 131
59 215
194 80
79 129
47 46
86 182
191 16
164 68
206 194
155 172
76 85
187 7
1 227
186 176
179 103
199 7
1 25
221 194
96 59
82 142
104 168
84 54
175 7
121 140
200 35
71 43
119 18
41 112
12 226
55 182
88 13
188 88
37 168
41 125
227 123
26 90
50 101
144 216
107 24
116 74
59 178
108 169
195 140
48 198
126 95
148 213
107 103
61 136
39 101
28 25
215 53
106 24
154 9
232 20
33 115
86 83
60 185
11 23
93 59
220 218
153 127
198 19
230 26
154 28
119 181
44 93
226 149
117 139
158 116
158 182
230 11
32 49
196 42
63 48
92 43
33 4
169 222
23 158
8 168
177 126
117 220
218 102
137 94
8 54
209 157
3 198
168 26
15 123
59 69
170 143
111 194
146 40
183 160
197 190
96 142
75 204
129 61
73 25
154 72
70 123
228 72
88 155
89 94
45 148
163 206
58 33
167 195
72 118
123 37
67 210
170 142
181 58
194 13
83 107
76 144
229 63
216 77
218 72
170 22
211 92
228 36
125 154
231 196
31 113
232 90
90 161
231 30
219 184
34 61
58 109
204 47
171 179
123 148
19 52
162 221
144 149
25 36
70 15
223 93
127 215
182 208
143 172
5 129
123 38
181 172
138 153
218 68
91 100
208 109
152 137
98 63
53 114
90 114
120 80
206 14
62 155
213 197
94 217
85 208
14 34
148 143
178 125
210 36
225 177
137 144
81 226
198 133
99 55
7 218
126 212
231 180
127 211
144 212
187 228
188 192
21 95
102 190
219 71
226 211
16 122
114 96
115 79
221 213
133 219
198 19
198 188
198 92
158 101
72 112
88 19
71 101
113 164
58 99
2 43
70 9
164 183
97 38
30 77
10 154
63 199
172 28
154 129
112 71
229 175
174 77
185 4
177 65
167 2
155 161
37 224
169 200
167 25
230 196
101 7
109 163
198 41
183 111
169 54
182 158
220 123
226 172
127 170
228 53
163 150
213 199
134 142
159 68
158 156
31 27
154 139
181 111
171 131
222 108
176 163
25 163
53 18
94 171
187 89
224 109
7 196
76 140
97 226
199 23
149 229
41 62
127 221
165 66
112 154
165 47
84 181
210 128
198 63
67 144
152 50
20 150
5 87
49 94
80 15
108 220
3 148
42 121
128 206
178 231
127 110
46 202
50 15
97 15
77 163
150 220
204 170
137 209
16 185
62 96
191 169
83 193
76 124
74 203
97 19
202 215
121 7
184 170
21 49
177 89
203 94
77 175
23 213
143 39
158 204
134 108
132 208
69 207
92 134
177 188
152 138
163 32
144 114
194 156
154 138
13 125
231 89
59 22
61 193
60 210
156 185
86 55
160 146
29 19
47 197
199 190
95 129
214 230
2 175
154 148
80 158
40 70
6 90
91 66
50 142
36 197
94 121
19 14
26 39
24 64
3 222
21 97
110 2
87 104
176 8
19 15
165 50
85 170
139 175
227 180
77 22
144 162
134 154
175 159
192 199
222 186
180 3
51 58
228 129
161 172
136 171
178 60
220 30
221 118
197 215
65 41
229 200
202 130
121 137
57 80
103 38
33 50
40 75
99 36
203 27
199 98
197 144
157 176
174 137
61 130
120 117
170 108
84 131
5 196
35 61
43 129
91 68
179 130
134 37
157 97
56 123
186 12
27 103
188 192
7 16
89 118
133 26
225 208
148 230
172 175
50 206
71 140
33 9
38 167
46 186
23 101
77 200
112 103
70 67
62 77
75 142
194 199
159 179
174 74
176 113
16 217
87 125
119 95
154 45
132 107
59 232
175 27
104 45
96 162
98 164
4 7
126 202
165 64
136 231
7 16
14 223
102 92
107 213
179 28
25 78
127 76
70 69
102 165
106 197
94 203
129 98
202 14
59 126
77 194
124 75
202 130
57 63
213 164
43 159
183 60
229 69
135 58
138 228
222 11
184 83
205 80
172 174
85 223
60 153
176 183
219 145
72 44
208 53
199 10
203 141
61 199
210 187
16 107
182 5
117 134
80 81
205 11
15 50
225 74
194 169
16 181
73 88
224 40
140 182
50 110
90 102
69 59

