20
353 654
303 283
199 30
309 63
49 244
28 13
152 67
179 301
148 295
22 248
41 65
195 76
334 99
200 199
236 166
82 350
133 3
251 331
32 206
11 80
96 39
63 218
76 212
166 223
154 158
88 165
223 253
241 203
322 58
19 176
194 72
172 326
74 69
275 76
246 285
156 341
294 189
206 16
48 342
209 201
146 268
336 15
138 194
189 107
251 178
282 91
249 71
35 293
111 309
16 3
211 171
343 152
6 166
138 24
125 347
195 271
232 178
256 16
18 62
122 269
240 21
330 106
92 11
46 202
290 61
204 148
202 164
270 178
301 54
202 72
18 43
342 220
220 216
236 238
248 328
124 105
349 71
211 87
53 256
259 342
316 80
107 135
243 23
312 190
48 160
262 36
174 221
256 11
54 109
248 302
83 342
53 49
60 263
106 112
136 11
71 69
90 178
203 304
171 133
140 189
263 19
196 83
211 69
94 264
177 312
183 230
272 207
279 331
87 31
60 223
13 101
262 102
278 112
52 67
215 163
255 124
152 97
178 9
165 271
244 312
200 44
189 118
250 85
66 308
115 96
177 127
197 56
200 92
167 222
158 352
2 31
123 154
127 300
133 263
188 347
221 5
38 56
94 258
140 159
212 226
226 6
323 40
62 169
131 199
38 260
198 39
290 320
163 63
237 296
325 42
260 164
46 297
219 139
173 330
269 2
173 141
8 142
180 69
311 281
238 319
187 82
328 123
19 138
157 226
51 99
267 310
262 313
225 99
69 44
75 337
45 247
95 23
35 274
62 316
173 300
252 6
352 227
129 342
335 256
214 3
1 128
312 263
58 154
8 126
168 53
81 213
270 175
206 304
96 268
238 239
214 107
244 183
304 343
171 285
245 32
287 246
130 217
155 187
341 133
283 156
185 10
15 101
185 220
22 251
105 230
136 318
337 350
148 287
340 318
190 231
320 94
94 96
310 248
282 269
351 183
71 182
192 56
253 347
275 244
27 122
350 315
105 347
80 39
333 16
199 181
335 292
275 78
220 140
330 135
138 130
205 290
322 260
190 315
152 82
177 149
203 173
111 279
137 161
317 87
176 133
268 129
71 160
177 290
299 124
71 54
254 246
344 222
152 151
154 304
232 301
99 52
92 180
330 228
312 264
315 105
43 200
233 114
6 27
21 275
151 92
329 51
308 290
243 107
87 14
28 289
315 97
340 24
248 317
222 206
227 183
310 270
353 161
1 329
158 21
251 308
83 226
5 38
133 218
115 219
232 142
154 164
238 140
187 103
103 55
308 301
209 236
188 208
14 188
155 171
179 52
97 262
248 72
270 27
290 31
245 139
143 16
302 351
155 135
101 229
160 26
147 15
261 334
194 245
139 348
34 317
17 130
196 264
201 112
290 137
113 152
275 226
167 194
224 292
299 295
167 106
320 313
91 199
264 255
90 49
220 94
13 236
223 208
146 71
291 53
178 21
175 71
247 341
264 88
280 210
29 64
286 348
348 23
193 258
278 254
307 144
347 290
27 217
115 143
258 52
167 53
44 341
123 290
329 5
348 226
214 23
260 146
17 254
139 181
130 63
52 54
178 45
343 204
232 104
317 107
127 130
160 170
118 253
77 64
257 71
260 117
64 166
233 51
38 19
231 138
52 282
191 229
298 151
50 147
254 338
254 351
114 31
167 202
283 214
236 187
255 113
274 318
250 154
16 287
143 217
42 165
117 203
41 61
353 61
207 224
45 78
222 130
108 6
331 38
220 185
224 92
297 115
28 193
268 43
97 28
230 109
193 346
311 204
24 310
264 202
181 309
279 49
85 34
25 33
71 215
188 265
307 132
26 334
295 265
347 10
263 223
118 73
187 76
276 210
32 187
58 183
113 337
231 168
341 227
171 29
88 6
293 41
108 289
345 49
171 338
58 52
208 176
124 12
222 47
221 253
204 279
83 316
233 284
101 220
128 271
248 216
276 158
256 1
64 248
50 206
203 78
257 28
224 351
39 92
44 260
316 218
156 16
151 35
270 251
225 45
169 90
260 62
218 133
63 252
351 83
104 201
131 331
228 326
329 267
35 343
144 350
208 299
336 5
304 224
227 146
239 13
235 116
74 70
248 107
321 217
160 43
35 262
344 233
234 290
146 268
280 260
236 105
176 189
80 126
59 306
242 297
318 123
59 10
163 278
87 102
112 247
115 146
126 105
25 6
13 142
244 292
48 126
14 224
315 93
320 344
17 209
259 334
302 288
343 83
183 48
184 294
265 298
86 37
20 82
42 32
223 285
294 241
29 307
82 314
47 49
304 34
228 180
14 147
115 328
229 268
22 59
209 286
327 265
322 347
346 334
25 215
236 319
103 264
272 184
224 289
203 146
322 48
296 307
166 57
281 41
296 273
71 151
176 44
62 115
37 55
95 62
240 330
351 342
212 269
144 82
176 317
198 115
336 141
68 148
168 319
159 110
238 229
260 60
244 293
145 251
347 239
283 233
187 280
193 16
167 307
68 342
241 266
103 223
24 142
17 191
107 176
272 345
22 149
22 265
88 167
163 52
23 92
256 180
343 66
195 156
19 234
144 259
146 217
100 169
5 116
330 112
262 248
74 255
15 66
166 102
232 299
125 226
9 27
23 351
92 189
153 81
69 267
310 185
101 56
353 106
143 300
188 51
166 261
305 180
297 89
252 147
5 23
19 13
20 12
334 82
200 104
133 268
17 90
70 118
145 40
194 287
340 28
309 123
259 231
302 173
290 171
319 295
194 337
278 184
320 230
266 166
333 45
52 321
105 121
56 221
161 249
154 118
247 80
240 123
282 159
295 218
329 232
159 140
215 55
324 152
284 207
289 234
222 340
201 327
78 227
194 209
93 318
297 310
45 154
50 297
312 345
161 259
223 291
16 55
345 339
178 246
163 113
126 32
70 298
5 118
142 169
298 235
133 241
191 148
42 241
91 324

88 623
14 67
78 41
84 30
61 5
14 56
23 27
12 6
40 47
68 85
60 19
24 29
36 42
73 56
69 28
57 54
6 46
8 83
62 4
88 35
72 77
66 7
16 77
76 31
11 31
3 70
49 26
10 85
68 58
28 48
86 60
78 67
18 61
38 55
40 37
1 24
26 42
6 17
6 57
47 16
88 50
61 24
75 47
84 30
16 24
54 77
59 19
32 52
79 69
19 31
17 19
30 42
37 11
58 42
67 81
34 42
42 6
66 4
28 61
10 44
60 63
8 31
57 39
82 47
83 12
53 12
7 82
29 19
4 87
60 47
79 5
88 8
75 41
75 14
14 84
33 49
34 17
79 2
31 49
25 26
36 77
37 18
71 65
36 50
39 8
72 5
76 72
76 38
24 63
52 13
34 84
62 44
12 28
21 43
76 45
44 24
10 80
41 56
32 53
17 71
36 1
75 23
48 63
61 47
13 88
60 46
59 33
65 47
60 86
65 24
18 20
23 27
11 39
82 42
3 75
88 38
51 75
37 74
25 9
32 37
72 3
58 42
11 35
88 47
32 64
70 25
83 4
52 69
42 21
87 45
71 86
58 33
48 6
82 72
78 26
84 61
28 30
15 64
78 61
71 54
42 7
24 21
34 5
62 31
3 82
13 88
52 22
24 33
15 71
23 40
67 83
44 72
73 58
47 63
6 5
4 23
75 27
43 85
31 80
27 33
74 39
9 13
36 8
45 51
78 43
66 32
14 85
15 86
30 37
36 35
17 39
57 4
66 75
64 72
67 2
81 28
16 65
40 52
72 60
78 61
15 31
69 4
28 83
1 57
8 13
4 24
51 36
3 4
23 66
52 1
67 44
4 59
20 43
22 67
78 75
15 68
17 83
71 44
54 48
77 61
60 80
84 86
3 87
66 1
64 29
65 19
72 68
77 67
22 74
45 76
60 59
31 52
30 14
8 83
37 60
55 8
27 50
69 29
24 46
30 88
50 6
18 9
74 70
75 71
55 7
34 26
42 65
77 71
54 60
41 2
31 7
73 57
32 53
62 56
75 67
31 12
72 24
21 33
5 71
80 59
78 25
84 7
1 48
53 30
84 5
31 2
11 15
35 42
44 8
73 6
50 15
17 33
38 37
42 20
33 12
73 33
71 79
10 7
43 39
66 47
46 67
33 60
77 50
79 60
35 84
21 25
13 30
39 25
47 80
44 79
68 28
87 26
82 8
8 36
23 73
58 68
28 66
15 80
28 6
52 38
65 72
38 77
77 76
14 35
68 33
1 23
37 88
24 30
71 32
42 69
80 75
24 19
53 39
75 56
44 38
69 20
85 18
73 74
6 62
84 49
70 85
47 18
60 70
48 18
13 65
87 69
27 22
63 79
36 49
22 55
86 2
51 83
20 35
44 1
72 39
49 53
11 7
71 70
76 6
88 65
46 62
45 72
59 83
39 7
44 60
61 17
62 23
11 57
33 30
33 16
45 81
45 55
63 27
37 26
8 12
2 53
73 22
36 19
81 74
25 36
22 62
52 59
84 39
3 5
44 35
20 88
27 64
55 65
66 67
2 73
54 68
13 38
65 25
32 57
10 57
4 7
30 32
65 1
46 67
5 1
13 1
1 15
40 31
79 82
9 81
42 62
60 55
75 36
79 18
69 64
50 48
71 55
79 47
32 36
26 12
37 14
76 13
29 28
19 21
27 75
62 64
46 4
26 58
82 19
38 58
45 85
16 75
52 62
18 63
63 30
75 77
17 87
81 20
81 11
16 19
86 54
58 19
57 59
52 27
54 65
60 10
38 75
60 1
24 78
63 83
50 51
75 24
19 7
17 5
86 11
2 51
45 85
84 79
48 86
44 1
57 29
38 19
1 38
42 54
76 16
24 13
42 10
13 60
80 5
65 78
79 42
16 35
14 75
2 38
72 21
38 40
26 75
58 2
88 76
55 75
3 78
88 21
63 76
80 55
80 32
20 70
74 11
81 87
86 58
36 69
78 49
85 15
35 30
16 34
81 46
85 84
11 60
16 74
47 71
16 38
15 35
83 64
45 51
62 18
20 74
63 10
34 35
88 45
64 80
54 33
37 50
4 24
21 83
73 67
65 88
80 55
34 75
30 54
13 68
48 33
53 22
18 62
56 17
82 7
8 48
39 21
9 42
20 6
36 4
72 77
3 40
43 12
2 73
41 14
52 88
46 80
21 63
29 76
56 23
59 39
70 9
35 54
27 54
59 38
57 19
26 59
58 69
46 59
53 87
72 80
86 6
71 19
44 11
70 11
33 16
26 78
25 60
20 27
26 78
64 58
72 2
5 41
46 50
75 74
48 59
65 46
40 47
40 83
33 85
70 66
13 7
31 13
66 26
39 67
16 78
37 63
55 41
16 12
66 85
26 36
61 47
75 83
62 46
28 34
27 69
46 33
75 34
74 13
48 53
4 38
65 66
4 81
57 80
58 35
76 59
46 25
81 9
83 54
54 86
88 80
66 21
24 29
55 73
41 14
13 20
27 77
85 7
45 30
86 79
40 49
25 85
49 18
5 44
47 58
41 22
25 83
19 24
87 73
9 39
62 21
34 65
74 6
71 30
35 44
84 74
4 21
47 53
38 51
72 60
85 88
82 85
82 12
21 80
60 29
6 9
49 39
73 34
45 31
40 55
74 35
17 54
31 63
82 44
1 65
16 61
64 73
58 34
84 78
1 31
18 71
39 42
21 88
76 41
30 3
72 80
37 88
45 68
62 38
23 62
78 14
11 29
86 68
38 57
57 39
87 50
21 14
3 17
13 78
34 18

386 605
199 1
28 283
136 341
186 66
60 109
318 376
314 185
133 189
120 279
205 180
100 291
163 237
114 81
212 91
179 292
171 377
238 144
220 373
98 19
52 103
74 315
93 1
60 171
135 125
64 340
304 109
190 81
345 249
107 117
339 285
22 123
222 259
212 55
191 255
19 188
358 92
117 10
38 122
180 173
246 189
72 163
298 207
189 202
70 296
318 22
140 285
91 361
157 302
361 293
171 380
95 88
31 157
97 69
278 276
187 137
25 204
245 322
24 380
83 39
289 15
7 374
245 97
349 16
344 323
254 128
262 348
161 293
118 257
307 9
93 53
91 117
256 282
384 225
275 80
264 123
40 270
110 231
312 18
246 269
287 113
343 162
21 117
14 138
374 320
93 26
372 129
142 187
24 85
26 298
110 235
366 96
64 90
326 375
107 131
257 339
189 159
115 209
276 128
293 209
8 331
234 325
73 321
126 43
19 97
286 74
277 266
169 340
355 108
274 21
238 90
306 41
249 34
195 84
107 101
292 60
45 85
385 118
351 70
106 315
166 5
2 270
171 287
184 278
174 151
76 263
70 62
71 49
256 154
155 357
5 215
15 89
213 78
385 228
129 313
339 134
315 340
17 99
240 147
322 359
297 343
235 312
18 252
360 274
19 128
244 24
288 204
58 60
228 57
287 356
369 239
49 243
138 66
341 323
158 223
295 68
179 90
379 143
341 352
30 359
39 219
328 327
368 386
332 155
2 233
71 316
31 119
173 169
130 73
105 287
295 14
300 34
49 238
176 3
149 151
361 188
369 249
74 296
194 19
65 195
197 135
124 228
199 242
342 329
315 6
229 169
351 89
202 13
326 323
15 89
87 322
222 15
184 241
311 377
205 321
185 16
15 254
189 213
56 90
155 370
95 330
152 60
32 300
72 303
182 87
5 269
354 172
283 151
358 153
141 177
33 271
138 47
84 272
206 139
361 360
68 69
249 166
74 280
25 146
197 206
178 147
88 91
265 317
241 236
29 327
358 62
157 109
54 240
380 259
325 300
179 338
315 41
117 2
267 87
93 23
293 216
115 326
306 379
202 160
229 231
100 200
238 256
255 237
56 194
110 326
108 288
277 36
274 340
369 154
40 76
122 332
291 237
218 211
229 33
316 17
209 362
163 60
177 31
297 232
170 352
117 277
199 8
258 86
347 241
186 332
262 307
278 112
157 55
268 332
87 198
348 296
173 124
301 295
100 211
87 270
122 203
106 320
210 310
352 116
110 151
62 371
71 285
96 174
339 364
119 39
121 26
334 239
96 195
147 195
19 233
24 87
50 76
20 205
385 371
267 54
81 328
38 152
226 79
271 178
2 3
162 68
28 56
306 123
250 13
264 214
191 233
300 186
254 266
5 252
250 271
251 331
158 234
42 383
313 312
120 260
260 227
274 233
228 139
302 91
151 125
251 342
357 164
141 225
43 91
36 239
307 287
129 78
134 170
20 6
41 85
212 300
312 99
92 153
237 7
190 334
131 54
289 48
217 375
272 206
26 253
58 332
99 186
24 233
301 43
184 341
128 341
200 385
53 291
97 236
244 286
129 374
339 363
35 116
351 252
267 376
119 270
268 217
69 291
9 315
279 139
269 352
93 28
350 92
264 7
327 121
292 69
55 191
377 89
306 341
287 132
277 351
15 158
127 29
8 136
343 286
220 171
198 312
198 107
17 21
113 289
142 19
303 196
155 293
230 20
194 130
151 84
40 165
187 167
193 194
248 149
39 81
319 236
6 76
343 355
96 69
257 183
33 120
378 187
26 168
206 219
243 356
248 283
80 380
63 272
133 310
366 172
336 244
353 287
319 255
255 361
270 72
103 302
191 41
49 162
208 200
327 64
116 134
346 195
128 354
81 260
223 60
377 172
250 290
73 182
158 273
102 41
344 205
289 94
245 283
256 12
96 142
75 211
275 367
20 16
334 46
222 117
51 158
288 300
61 306
42 165
139 89
151 42
239 53
136 97
281 337
108 377
92 129
147 312
55 112
328 2
157 109
64 154
266 298
13 273
217 54
51 301
89 201
343 327
200 38
38 94
320 91
30 357
165 123
282 219
234 223
167 337
277 230
104 157
141 116
375 304
116 39
218 204
185 174
144 384
157 127
38 90
164 13
60 328
135 342
161 315
124 273
265 15
116 368
117 203
43 105
120 104
89 337
307 273
71 11
217 227
137 200
263 246
158 322
188 293
277 294
167 347
126 45
307 241
358 37
57 14
87 176
118 121
73 370
7 143
380 169
315 77
368 191
268 140
73 69
378 349
308 158
255 47
148 175
234 119
157 290
78 189
26 141
309 44
125 316
132 64
44 60
86 26
197 354
111 269
368 48
177 236
151 46
228 298
166 75
30 269
311 107
71 282
194 380
325 318
255 70
327 298
75 27
269 271
326 325
99 307
372 276
156 82
267 384
379 46
18 354
314 328
21 385
223 214
324 107
145 138
176 31
49 197
57 264
81 382
148 180
249 134
15 350
161 281
347 154
272 365
121 200
252 87
144 35
300 81
141 4
164 263
35 212
73 91
35 99
33 183
224 227
262 238
190 36
132 151
189 18
75 256
163 272
342 306
306 202
332 61
205 109
323 239
266 341
276 247
53 254
43 277
94 250
128 283
285 206
379 34
169 13
235 331
285 136
196 204
337 87
210 156
141 92
340 352
46 229
212 99
96 200
375 189
63 62
32 294
267 24
273 49

111 171
107 92
80 57
109 5
50 26
48 3
65 41
110 94
105 56
33 43
93 32
42 3
53 90
39 64
99 103
92 102
88 13
71 85
11 16
24 88
63 78
41 44
76 75
37 21
107 21
54 27
3 108
80 33
36 84
20 27
5 53
18 33
65 29
7 16
44 82
103 47
48 85
31 13
48 68
85 96
29 79
63 83
75 83
4 110
107 75
78 1
16 36
33 22
64 39
89 48
9 22
94 109
106 13
10 94
21 35
19 101
54 23
72 17
46 16
68 42
91 34
42 47
69 74
68 21
54 98
9 3
8 102
111 54
55 61
88 17
95 48
6 89
70 19
106 4
34 3
45 13
36 27
60 45
101 68
6 95
54 14
97 2
4 97
107 110
98 84
15 23
20 73
111 89
32 105
33 65
107 19
19 83
45 19
16 86
27 21
69 22
34 55
23 89
92 71
29 78
43 95
100 62
56 41
91 28
86 64
34 82
82 52
105 68
11 62
42 37
82 111
110 57
106 22
86 33
3 104
75 98
34 77
94 74
108 11
48 60
44 70
83 36
5 39
46 66
21 23
88 20
22 33
66 95
60 40
16 62
85 31
100 59
107 83
73 44
34 61
44 18
72 15
53 76
105 39
82 67
2 58
86 23
32 41
58 91
21 73
41 46
44 30
45 39
53 6
23 86
67 103
79 22
96 43
16 23
13 23
24 11
108 99
42 89
45 21
51 59
62 37
102 32
82 84
87 104
110 94
59 42
61 81
26 44
37 100
108 59
12 8
107 51

134 138
80 65
4 12
20 96
39 28
59 58
59 92
19 89
65 30
86 101
128 98
78 116
111 5
118 25
96 100
83 68
19 112
132 22
73 101
117 111
128 126
35 2
83 3
90 97
116 125
63 110
88 7
41 64
95 25
39 56
74 71
123 92
48 71
63 120
121 129
46 65
120 30
66 18
32 106
115 98
96 127
73 134
133 113
13 93
87 51
98 26
121 37
67 118
57 129
53 127
124 99
57 59
128 73
77 110
128 7
73 89
133 95
38 132
23 1
40 110
51 88
85 122
74 18
55 80
12 58
72 1
106 79
60 99
101 86
24 94
92 46
132 90
90 36
37 113
36 27
38 36
114 122
107 3
5 28
82 17
85 103
101 56
131 110
104 97
61 78
56 18
73 54
108 29
39 10
7 24
36 44
9 99
115 116
51 120
93 82
86 127
51 52
132 47
28 51
10 88
128 15
106 67
18 29
95 6
122 51
29 108
44 122
22 24
103 73
93 11
20 44
3 20
96 134
67 123
50 26
26 128
124 81
10 8
109 54
13 97
104 126
20 97
113 41
70 31
113 29
41 83
72 43
102 33
126 34
105 125
9 131
118 133
77 6
2 130
102 48
49 43
67 95
21 107
31 51

9 36
5 4
5 4
6 1
9 8
7 9
3 1
1 2
8 9
1 2
5 7
7 8
5 4
7 9
1 7
1 2
2 4
5 7
7 2
7 5
7 2
4 9
3 4
9 1
3 9
9 8
4 6
4 9
7 8
8 7
6 9
5 9
4 2
7 3
6 9
9 6
3 7

46 574
14 32
20 2
46 34
2 31
6 19
13 18
46 34
35 41
24 45
40 42
18 6
41 34
3 45
20 19
1 45
31 14
30 44
9 23
31 4
7 36
22 13
2 15
40 30
10 18
22 43
13 40
2 1
21 44
39 34
16 39
32 40
46 9
38 9
31 22
6 31
6 22
43 7
36 30
30 39
1 6
35 7
39 30
2 13
21 40
40 36
33 25
24 32
33 15
34 11
30 40
35 15
25 35
44 8
13 37
3 18
19 9
10 3
10 16
17 4
9 1
30 33
24 9
13 38
43 17
15 30
5 44
38 23
32 35
30 38
19 32
9 38
35 18
34 44
33 4
41 4
18 21
21 27
27 12
17 43
21 46
41 18
37 17
43 19
41 35
32 26
43 17
14 9
4 6
35 1
40 24
45 12
38 19
32 19
25 2
15 45
41 10
10 25
20 6
43 14
40 28
34 31
38 41
33 41
46 21
36 34
38 34
39 30
6 24
2 24
19 10
22 13
13 31
37 33
31 33
40 18
9 27
2 46
16 34
35 9
3 24
42 34
5 34
11 4
5 6
28 23
16 43
35 22
22 25
2 6
6 42
23 8
16 19
1 31
46 29
40 2
46 29
30 4
17 40
8 15
46 29
38 9
25 26
30 46
45 32
45 44
21 22
5 30
40 45
15 39
28 2
35 27
30 18
25 40
5 26
9 44
8 46
6 26
19 30
26 11
9 24
8 23
39 6
6 32
5 14
19 26
15 7
46 45
18 24
32 16
3 40
14 4
33 13
30 46
36 9
10 44
26 12
20 19
17 20
44 15
33 10
40 2
16 34
40 27
11 25
43 8
19 4
11 45
10 40
44 46
42 2
43 22
13 11
34 29
24 25
38 10
35 25
11 44
12 44
19 17
23 15
24 35
12 34
33 21
22 25
20 17
26 11
32 38
15 13
14 38
38 5
1 20
24 6
17 35
3 35
45 19
43 22
7 2
4 34
23 25
12 36
35 37
40 21
28 2
33 35
39 18
34 37
11 33
2 39
29 30
38 2
21 7
2 22
10 35
38 28
46 28
11 30
15 31
5 17
11 40
3 23
27 30
7 31
16 8
17 39
32 8
40 6
9 41
27 12
24 13
40 17
34 44
1 2
28 5
18 32
38 15
8 18
44 15
42 8
16 13
46 1
14 33
46 22
27 21
34 44
33 21
15 20
18 15
21 39
13 33
24 5
1 26
16 38
40 12
45 3
24 44
44 31
30 43
7 5
17 34
42 43
8 10
16 19
24 31
11 31
11 28
35 5
7 4
42 40
9 35
43 26
26 40
11 4
30 17
2 41
44 43
37 45
7 1
17 24
25 21
8 35
42 36
33 43
40 22
36 2
10 26
22 30
13 32
33 43
42 28
37 39
24 21
37 30
21 1
2 45
15 3
27 10
39 13
6 26
29 42
21 38
15 42
15 28
27 1
18 16
28 2
8 46
22 38
23 43
38 24
35 6
21 16
10 13
22 15
32 4
4 6
36 19
2 4
40 22
45 11
38 20
6 39
19 27
31 42
17 16
13 6
16 33
15 25
39 30
33 24
34 37
30 17
3 25
14 36
40 12
40 31
26 45
24 44
25 2
33 42
17 40
41 32
20 9
4 13
38 37
36 19
21 13
29 17
31 43
6 25
2 45
3 27
43 26
19 21
21 45
10 38
38 4
17 12
12 15
18 44
45 1
10 19
8 39
35 38
29 40
10 30
32 13
5 28
32 17
42 7
15 6
38 1
3 2
6 15
16 17
6 14
17 15
26 18
1 14
4 29
1 13
7 32
19 5
7 45
21 3
5 29
2 36
23 4
37 28
12 7
38 11
20 9
20 46
20 7
23 43
2 36
43 27
2 1
28 46
21 30
4 3
25 39
26 22
24 1
34 30
33 44
43 35
17 36
8 31
37 31
27 38
14 23
12 15
17 39
15 37
16 12
33 40
45 6
10 22
1 43
5 33
34 41
21 5
31 28
29 21
6 3
6 19
25 11
34 41
4 2
25 19
7 11
7 5
11 16
26 11
6 24
37 39
19 11
37 43
32 13
11 32
15 16
4 39
26 37
27 23
32 45
36 39
4 36
37 14
45 17
18 4
40 8
36 6
12 21
2 43
33 12
28 2
21 26
34 41
10 9
11 36
7 46
28 10
35 18
17 33
28 34
30 16
41 14
21 6
34 17
43 20
28 18
15 43
43 3
31 7
5 41
42 11
41 17
15 23
28 31
4 10
19 33
25 13
46 39
13 27
9 41
31 26
9 27
17 5
11 23
9 45
12 20
39 28
34 10
3 12
13 12
30 45
30 43
39 17
3 19
25 11
13 9
30 22
29 46
20 39
22 29
32 27
42 24
8 23
33 11
34 39
16 18
38 40
8 24
10 42
28 14
3 37
43 18
19 43
37 6
12 19
37 39
8 40
30 35
44 18
27 14
29 12
1 30
35 4
39 25
31 46
27 21
42 44
34 32
34 39
38 1
23 30
2 24
17 26
12 15
37 33
22 19
44 22
2 27
25 34
5 9
33 25
24 22
22 11
8 3
43 45
43 13
22 39
36 38
18 42

436 446
210 7
114 325
316 245
267 218
148 17
405 154
359 16
233 246
372 180
355 78
338 147
420 29
25 67
251 178
64 412
417 181
327 2
70 206
154 336
332 209
353 300
362 183
315 159
429 158
246 347
235 148
57 218
84 426
192 334
167 164
218 56
344 108
401 413
221 27
221 116
235 45
323 161
135 109
227 127
266 380
381 408
435 346
97 83
335 197
324 409
360 105
372 267
120 337
152 249
271 372
364 69
324 159
137 22
267 271
57 5
215 1
320 121
254 417
203 152
177 91
33 100
103 404
366 223
304 425
35 46
268 306
115 155
372 159
85 111
430 141
115 116
49 342
236 211
322 347
270 62
1 302
69 11
270 343
233 45
331 175
91 163
389 113
225 324
271 309
434 172
357 20
287 314
362 431
432 247
341 265
217 249
131 193
259 308
99 400
352 338
138 6
64 90
26 196
322 297
413 319
32 333
339 227
118 172
221 113
326 33
286 106
281 416
207 11
287 305
410 110
114 20
24 85
17 49
281 338
345 257
221 285
61 31
419 179
202 111
199 91
143 48
105 331
371 311
341 221
87 223
239 109
150 262
193 166
310 37
68 127
293 196
411 354
134 393
4 335
411 202
333 117
158 345
355 92
127 167
221 122
389 23
230 102
284 422
176 157
367 151
283 223
346 165
48 387
29 51
193 3
253 89
27 318
342 381
409 32
112 193
61 408
215 290
74 406
184 157
127 114
307 317
244 124
390 292
74 418
342 266
329 66
262 355
383 75
300 356
107 319
112 75
290 235
273 271
204 20
427 238
41 297
27 284
420 416
139 401
305 45
138 197
110 400
116 57
38 323
320 52
205 339
35 58
137 307
329 249
326 227
394 366
88 420
121 415
399 260
288 268
304 425
28 321
388 51
285 334
281 168
293 393
415 327
359 23
197 159
271 430
385 229
267 36
120 388
359 83
211 210
258 422
198 193
214 58
152 63
299 432
138 155
389 116
390 311
139 150
33 317
52 417
17 318
361 137
177 191
219 387
400 384
280 69
140 58
126 291
28 332
287 73
51 147
189 348
365 235
61 305
115 20
193 40
338 25
176 78
215 302
373 178
249 124
155 296
181 188
151 116
84 345
189 134
399 285
45 327
83 13
103 105
377 295
144 186
320 227
263 6
436 107
92 156
231 246
16 319
433 74
343 80
326 95
121 288
287 73
86 369
430 96
381 370
390 433
119 181
131 289
95 131
304 186
286 6
431 209
324 335
190 138
415 79
140 7
274 426
80 267
358 73
362 211
350 224
207 32
312 337
228 406
375 95
63 133
100 57
341 332
300 3
377 278
425 81
284 263
70 271
1 336
251 271
110 164
402 224
103 277
124 331
155 63
333 217
103 341
182 351
144 45
353 84
230 342
164 421
76 142
256 76
41 414
254 58
142 219
281 244
60 404
46 122
374 287
246 40
191 427
391 242
379 215
233 80
120 305
65 103
10 228
87 394
205 340
15 254
123 295
406 90
170 15
211 108
209 364
55 307
263 353
112 205
40 345
193 67
213 257
170 130
392 256
87 68
67 101
230 189
395 199
278 128
121 396
143 330
232 106
200 58
366 220
262 405
128 18
36 248
182 205
377 45
368 27
21 434
35 250
95 429
12 280
28 132
148 79
369 379
92 133
436 21
352 169
426 387
95 369
198 276
45 138
229 412
72 249
317 106
62 411
6 73
255 377
112 402
19 45
252 110
85 251
39 436
419 28
294 77
304 55
261 348
100 397
323 171
209 111
184 178
86 189
158 248
129 269
121 148
221 372
165 305
94 203
212 76
138 69
61 5
123 229
260 130
189 146
300 305
165 47
46 250
235 203
405 272
379 89
327 164
368 55
376 25
166 152
8 211
128 412
124 251
112 383
288 208
1 152
76 165
106 29
322 249
231 290
84 82
286 410
245 217
372 92
149 9
243 64
220 371
40 343
93 59
197 380
267 197
3 342
361 17
371 246
265 73
99 256
154 292
137 306
416 72
398 128
425 112
100 208

336 593
154 262
109 250
150 151
215 260
189 191
172 267
161 140
255 159
315 289
331 211
246 306
119 263
154 135
167 217
98 148
319 123
74 91
36 95
114 122
18 302
313 62
104 9
201 22
167 52
310 161
262 92
3 252
18 28
258 184
244 227
332 226
13 277
188 257
243 301
42 260
266 226
193 33
234 58
55 65
109 236
97 242
327 307
30 217
334 159
64 241
50 267
2 62
207 190
190 113
26 232
245 292
121 101
196 227
30 122
163 10
22 259
252 220
230 153
100 99
311 36
212 24
302 213
294 45
274 147
29 300
250 273
127 243
246 322
133 147
108 295
157 1
89 280
220 190
96 320
289 278
227 36
302 192
120 131
236 58
277 265
229 63
73 227
305 190
212 309
1 191
139 157
63 227
308 283
81 67
138 241
8 28
276 181
91 267
183 199
196 332
127 88
58 71
314 234
261 62
206 133
124 8
161 187
234 132
5 186
70 14
298 285
41 109
130 3
40 312
201 235
307 199
195 236
270 44
133 66
313 2
198 101
217 22
159 115
25 163
172 94
176 6
42 88
114 43
90 153
227 291
260 69
153 118
305 294
161 101
23 138
311 92
110 191
321 268
177 9
302 221
102 13
226 16
100 3
58 61
28 284
15 287
17 40
276 193
333 100
293 228
109 139
319 218
330 176
21 42
184 322
262 158
334 151
173 305
154 102
30 53
258 44
3 274
291 278
2 288
249 294
51 230
305 241
111 298
80 4
3 264
325 137
293 195
287 1
163 312
102 64
28 23
316 238
168 270
51 169
93 172
335 143
65 303
48 47
136 127
50 10
262 247
146 218
313 305
218 11
152 192
75 52
86 54
289 126
195 212
166 160
255 164
174 319
2 93
237 9
220 159
227 17
277 244
107 253
212 196
263 236
51 209
287 9
134 111
134 201
322 299
24 112
335 197
302 208
290 203
89 45
25 315
269 301
222 39
89 306
235 223
77 157
96 27
37 101
137 170
301 331
5 324
106 3
57 72
82 10
146 170
54 42
148 194
214 242
233 302
83 3
188 159
31 155
185 68
128 193
109 92
187 113
288 165
323 8
108 69
225 253
238 150
294 258
7 43
163 239
8 117
113 67
147 144
94 203
83 93
59 191
184 246
304 7
282 290
222 53
22 110
305 132
131 134
53 138
48 87
248 263
203 25
201 13
40 294
215 122
258 145
184 314
262 23
320 207
185 78
259 206
187 99
209 190
104 261
327 151
219 110
77 85
6 150
305 253
315 55
246 237
200 94
214 333
116 197
204 300
274 334
42 333
305 250
186 280
47 48
95 265
157 43
222 35
192 62
287 43
325 197
279 60
162 156
56 277
224 131
113 34
129 26
30 305
147 87
248 193
6 214
330 34
257 87
68 320
148 227
26 136
87 176
67 248
331 123
60 91
253 172
124 253
197 25
221 8
111 133
72 324
10 273
21 138
23 297
330 43
187 227
50 273
67 117
56 269
239 115
23 27
159 146
280 227
170 36
106 152
40 178
139 50
322 32
59 9
328 52
259 178
279 308
322 217
296 41
149 70
27 172
97 185
317 248
284 23
283 53
174 195
102 185
244 88
216 174
304 207
98 226
256 40
69 241
128 29
153 276
98 179
319 194
236 300
313 183
322 132
107 31
326 209
215 105
296 94
278 263
172 39
24 91
286 92
203 285
120 19
225 90
70 207
283 177
42 132
231 235
263 1
266 124
209 144
228 40
110 41
174 281
80 197
244 237
289 110
186 280
129 282
33 70
24 188
246 274
319 12
172 117
12 309
240 93
117 3
132 98
43 306
42 330
38 157
103 198
267 288
142 59
105 46
336 128
233 245
65 87
256 109
75 139
81 314
231 69
188 235
166 231
76 80
96 113
236 198
311 166
21 324
96 125
33 95
125 138
211 61
96 2
169 171
13 122
20 115
190 208
13 228
102 88
307 69
73 78
267 47
116 287
242 211
284 274
178 280
283 260
212 43
134 45
213 18
38 232
132 227
311 145
118 284
104 296
17 48
38 283
94 153
105 207
235 260
145 284
203 91
80 79
5 85
331 89
102 32
193 233
130 167
249 248
115 225
207 131
272 116
285 238
140 53
108 247
313 124
66 51
87 17
1 91
101 331
180 202
234 36
307 28
74 91
275 188
315 17
318 251
5 138
24 16
191 131
262 39
127 200
89 213
216 90
303 317
292 18
54 190
261 232
89 335
323 27
58 301
251 248
87 127
49 318
143 111
321 68
149 111
267 110
323 147
71 161
335 26
51 260
87 183
156 175
181 142
73 111
314 196
22 273
322 278
126 128
53 110
68 201
220 206
310 206
224 252
239 222
278 289
18 236
135 173
283 188
186 19
170 35
86 191
179 72
132 305
71 184
78 138
257 298
216 102
39 103
18 149
197 167
309 214
66 316
258 220
167 315
111 336
13 196
62 64
267 65
32 210
249 317
219 41
150 98
142 61
73 159
209 269
325 182
18 263
33 147
146 199
125 256
70 9
116 3
72 254
67 311
127 187
292 10
99 105
315 241
37 51
63 246
191 260
299 208
186 331
18 203
65 14
123 6
23 110
216 302
235 282
277 26
5 104
243 103
80 93
7 117
144 278
234 334
73 196
78 130
62 303
332 126
317 326
131 211
99 10
176 206
163 324
103 39
299 9
14 43
309 228

489 501
82 291
322 443
483 394
110 64
465 43
76 67
449 240
209 255
457 355
472 401
46 235
329 414
316 207
220 286
65 424
376 97
225 208
50 168
112 160
181 37
152 206
104 61
445 312
265 412
127 197
273 123
381 112
47 157
268 216
443 283
150 329
379 324
486 378
441 108
487 82
144 99
287 197
160 242
459 424
114 46
82 386
168 462
448 214
130 226
429 83
19 39
411 347
312 407
186 263
464 133
344 68
232 141
215 391
332 184
275 445
229 356
292 397
329 250
71 408
425 450
1 394
438 361
251 261
228 386
34 152
30 328
169 211
418 383
112 211
27 336
116 256
153 407
113 431
117 133
349 53
93 299
446 481
170 157
252 347
54 235
9 33
73 177
243 441
21 304
162 47
150 277
252 302
145 364
193 261
447 52
313 489
350 269
480 469
426 242
326 429
477 284
461 10
411 214
400 431
28 72
427 127
299 190
379 443
14 82
214 460
84 38
460 433
306 400
363 192
153 149
131 90
433 52
49 304
265 449
195 242
31 132
319 329
321 158
282 285
239 7
255 322
483 175
216 249
86 89
441 188
187 32
277 80
84 325
383 298
284 38
1 265
170 319
54 440
476 336
235 175
292 440
447 285
75 173
483 160
211 434
347 397
416 84
477 10
359 320
257 103
358 257
317 477
36 371
377 461
167 123
147 458
23 54
203 97
176 196
207 336
91 14
193 17
98 180
465 406
450 232
19 318
489 336
255 474
217 142
446 383
214 53
301 236
106 453
283 281
159 489
77 199
13 269
165 110
449 140
465 359
372 484
137 321
280 391
305 446
482 261
289 207
263 50
442 368
13 185
109 121
184 185
320 197
454 484
256 363
85 232
182 456
176 318
237 405
169 52
361 161
263 110
367 36
159 270
354 171
454 412
291 99
58 71
295 461
16 11
284 100
192 465
16 317
243 252
232 411
253 53
32 465
162 399
451 270
129 315
440 43
187 192
141 244
212 385
215 177
346 9
276 48
423 241
365 176
3 57
47 206
60 79
181 221
477 142
2 66
406 391
108 104
43 249
347 205
94 23
381 439
31 168
437 404
358 262
90 311
318 137
27 377
215 157
59 152
249 10
217 165
350 274
218 393
472 26
108 77
48 488
26 28
116 462
431 474
234 32
295 13
118 271
339 332
427 347
483 186
356 160
301 167
433 29
20 416
54 127
3 51
75 467
79 141
390 20
75 84
1 319
46 118
100 385
449 476
242 392
173 59
62 423
225 445
401 244
371 455
320 323
16 344
250 44
434 150
64 19
184 64
287 229
182 386
74 91
373 316
483 6
324 5
428 9
399 289
202 280
254 471
63 220
325 313
263 220
412 276
188 56
340 475
285 471
321 308
72 204
84 15
159 407
459 47
365 368
336 77
109 50
58 171
219 333
433 482
63 306
268 200
361 68
185 106
488 456
414 21
120 8
35 279
365 443
275 240
322 121
317 380
121 374
61 339
167 444
331 179
210 60
379 81
77 24
137 76
479 11
96 110
18 80
338 382
34 123
133 305
194 399
195 314
233 205
163 400
109 5
89 318
14 417
349 40
391 485
115 380
6 160
439 462
240 287
305 223
360 387
477 64
296 182
377 478
336 50
388 445
4 427
273 456
304 132
7 205
77 71
46 32
231 484
444 420
232 259
103 102
156 90
115 401
221 2
389 67
1 238
22 444
175 245
410 428
376 366
144 403
437 189
384 128
183 338
58 364
107 110
415 212
199 40
123 419
41 462
485 481
210 457
435 334
212 355
272 48
232 365
400 129
64 295
256 197
143 263
71 250
372 486
411 81
36 45
449 27
17 394
18 176
361 402
20 33
267 241
81 448
117 480
37 180
285 292
326 378
65 397
88 436
343 9
466 328
53 375
304 19
280 271
194 101
183 163
134 400
404 214
308 470
154 345
160 389
147 436
277 162
343 364
58 146
372 474
423 375
359 238
393 149
458 48
250 152
210 383
12 74
57 319
54 210
124 164
109 221
110 335
382 402
209 439
8 92
423 430
466 243
128 319
391 97
366 101
198 37
433 209
110 439
477 164
160 112
277 218
332 386
64 174
248 272
73 255
313 446
195 239
199 323
69 50
369 434
101 77
470 44
235 91
483 222
204 103
283 430
320 75
276 333
198 34
66 271
288 378
177 432
128 375
215 196
374 94
90 474
120 71
468 354
111 461
37 264
24 269
204 293
294 479
137 2
23 202
222 260
40 398
202 117
233 417
262 118
460 352
102 91
372 30
394 432

6 15
5 6
4 2
2 1
6 4
2 5
5 4
6 4
1 6
3 1
1 6
6 2
6 1
6 1
3 1
6 5

214 854
62 54
37 211
15 108
4 123
8 117
190 12
122 1
58 120
128 85
113 89
72 160
104 175
87 66
194 22
125 166
162 118
151 130
115 165
23 118
5 177
21 194
188 74
127 177
125 186
47 170
60 50
115 95
11 201
93 204
154 149
87 33
52 23
162 166
187 185
2 123
147 168
34 52
173 160
14 83
63 206
38 123
41 85
149 197
3 173
186 89
107 58
121 159
12 1
110 130
185 43
38 49
210 72
32 168
163 191
183 12
114 152
66 86
22 214
69 25
173 186
45 65
30 165
155 187
165 197
103 67
25 140
47 167
143 78
120 92
200 20
103 99
172 100
185 193
31 39
149 203
10 193
200 185
76 72
158 172
54 46
25 79
117 3
31 46
81 82
137 66
34 171
97 205
202 67
115 18
105 50
7 46
174 138
17 35
209 174
139 195
151 163
59 53
97 21
98 177
34 166
175 67
54 57
57 41
55 104
59 159
153 211
136 44
66 152
11 206
43 149
186 193
29 176
32 125
196 61
20 162
159 126
14 144
114 3
117 168
106 175
44 190
103 179
19 168
117 175
91 109
63 70
69 24
33 194
152 25
145 99
115 56
112 45
169 46
161 122
83 53
97 58
87 61
9 186
109 183
62 200
10 124
201 78
80 19
203 17
43 133
47 90
188 90
134 142
136 12
195 4
210 77
62 82
70 2
53 178
116 114
95 125
170 81
203 181
99 123
129 74
42 175
163 15
50 14
89 185
25 69
189 20
78 182
33 147
115 85
42 16
130 137
141 85
3 61
51 34
183 179
39 10
71 201
171 121
146 45
91 102
45 211
121 122
110 85
54 10
169 28
172 84
164 30
101 98
90 151
63 204
48 101
214 118
87 102
170 164
146 47
51 190
189 103
98 17
187 83
26 141
42 129
157 205
158 43
21 33
125 83
169 104
184 168
8 202
55 177
152 132
155 202
107 62
91 136
78 209
151 35
136 192
164 78
115 107
52 135
72 176
3 26
66 118
125 5
106 111
113 189
28 200
108 66
47 130
134 124
125 70
158 192
193 107
201 93
146 38
159 3
213 94
174 64
211 84
214 34
126 113
154 153
98 48
150 144
177 69
53 87
70 210
210 195
35 196
73 180
19 164
114 18
43 73
13 185
88 13
151 213
57 90
151 86
69 18
15 32
19 213
50 88
140 46
68 174
27 73
71 192
22 184
209 210
42 153
112 129
97 194
59 85
2 141
170 70
159 184
33 177
114 83
50 40
60 50
145 18
54 2
209 7
117 203
2 91
74 45
151 102
171 210
187 172
136 142
173 80
44 206
42 89
6 24
128 65
5 205
82 58
138 77
64 40
211 130
2 187
67 104
143 62
8 32
129 81
205 209
56 128
182 145
133 137
204 129
141 194
142 130
49 150
125 89
79 121
4 80
94 2
115 168
209 122
200 124
135 122
50 190
35 17
120 99
86 42
13 158
167 86
74 2
22 198
90 100
37 25
111 130
173 158
15 167
211 214
8 131
53 57
107 87
6 158
117 23
199 61
180 152
147 39
85 100
169 174
131 205
130 173
52 88
116 66
187 113
212 194
29 196
183 67
69 120
11 117
142 141
178 107
10 110
78 94
141 32
199 57
168 115
15 5
202 131
2 106
175 145
86 203
127 200
202 127
105 144
29 178
70 206
70 12
33 79
37 173
42 22
161 209
136 108
145 55
170 79
161 130
9 178
50 67
95 37
193 131
180 154
94 182
145 95
125 110
174 161
214 1
182 161
142 35
54 4
90 9
82 182
70 23
145 119
89 171
88 214
87 53
153 180
166 15
60 76
56 165
23 56
98 136
148 171
171 133
174 46
73 188
159 142
210 21
46 16
191 65
15 63
50 99
174 1
46 165
9 101
116 177
156 145
98 21
101 200
153 206
177 11
179 121
152 174
141 130
190 117
194 136
111 175
21 70
176 212
21 116
98 68
78 186
144 107
206 30
93 77
21 201
87 200
108 171
91 34
18 212
83 143
66 125
104 86
195 211
83 147
112 146
121 83
75 159
7 36
37 83
56 170
169 187
63 57
210 28
74 139
42 149
204 167
38 7
79 34
21 157
77 133
88 197
147 94
141 153
129 110
21 116
65 122
21 127
110 16
86 116
154 128
50 144
80 87
150 90
52 171
32 128
21 51
110 167
144 182
106 58
77 58
173 141
111 125
199 7
140 71
54 12
198 103
87 209
121 168
16 172
56 47
17 76
97 58
29 172
25 66
15 102
55 119
174 166
30 159
104 101
161 157
44 76
191 130
2 97
84 17
200 139
63 2
147 91
205 107
194 15
172 208
116 158
44 8
41 5
98 144
38 44
18 81
119 140
143 120
22 12
68 153
82 130
86 160
152 76
52 131
91 155
56 138
99 31
77 139
182 174
1 5
3 164
17 53
90 159
104 43
102 171
196 116
18 213
61 101
75 113
17 97
199 4
166 83
181 29
154 148
202 86
152 137
35 168
189 124
45 79
99 146
181 80
47 199
10 108
85 84
152 34
112 136
37 64
151 3
24 22
82 11
107 19
79 141
119 54
197 95
64 81
26 30
92 73
160 101
112 177
117 195
210 160
48 178
9 130
113 178
151 194
189 43
145 53
116 195
38 98
75 33
178 100
209 201
104 154
19 147
116 135
59 43
13 107
7 167
168 51
131 105
30 37
79 174
21 194
154 59
77 160
23 186
46 17
104 81
171 123
160 4
189 4
193 201
42 199
154 210
35 2
100 210
38 110
170 58
90 41
48 98
201 71
70 178
87 173
190 189
13 135
125 202
139 103
120 112
87 205
107 53
206 138
48 29
34 149
19 123
122 66
6 40
136 7
149 155
112 124
129 124
191 39
43 47
141 95
158 159
85 51
143 9
120 191
183 153
57 201
207 110
199 213
149 52
151 83
206 48
139 121
104 115
91 78
161 18
172 36
108 189
18 37
129 138
159 97
76 1
16 69
43 214
213 191
51 149
206 189
129 62
95 18
108 117
95 200
134 199
21 174
105 39
210 19
176 154
47 183
86 62
183 128
207 113
37 190
194 28
164 108
21 190
57 128
92 83
113 158
213 133
117 103
103 112
121 210
51 168
179 68
161 79
196 154
124 18
61 103
191 10
142 211
199 198
124 76
212 22
165 211
86 67
99 189
178 152
184 160
37 80
160 197
159 141
68 90
128 102
66 69
29 208
53 158
117 61
155 70
11 151
155 78
36 61
187 119
31 65
155 110
10 69
200 82
137 199
171 196
86 168
51 114
161 35
57 209
95 144
64 38
80 150
47 211
19 165
27 15
37 68
24 106
54 105
28 38
207 155
124 160
137 169
106 172
158 100
198 87
95 21
166 31
213 145
27 164
27 199
178 64
198 134
169 37
24 128
7 17
68 62
108 205
162 214
94 105
31 77
191 126
30 75
88 28
5 46
191 31
176 87
94 159
6 194
128 175
107 134
191 107
127 85
29 74
16 122
179 46
198 87
103 159
161 122
119 165
167 27
128 113
153 73
118 133
200 79
25 51
201 63
177 3
91 182
164 212
146 142
128 19
176 4
111 84
122 62
36 149
121 164
47 59
168 97
191 85
107 148
135 25
210 29
174 87
210 123
16 74
196 75
24 158
79 134
27 200
195 62
66 33
157 113
92 110
141 214
126 179
147 46
203 75
6 162
93 148
3 40
7 198
115 30
141 125
163 99
42 76
161 108
108 35
152 131
77 78
131 202
42 209
180 176
1 185
56 93
118 204
65 56
119 179
85 46
89 34
144 130
41 22
169 148
57 106
211 133
115 127
52 156
53 17
50 54
134 37
78 183
26 142
25 144
106 109
121 126
74 197
188 46

496 448
314 444
142 106
428 170
66 352
252 34
56 341
89 295
111 63
118 268
248 50
157 54
424 92
217 232
122 300
51 31
214 364
411 355
469 342
28 470
133 215
8 189
59 32
483 105
94 104
308 342
89 465
395 17
492 51
248 117
351 298
83 4
166 493
294 138
275 257
48 407
472 55
99 466
86 75
180 125
382 457
214 286
291 230
281 341
477 333
131 214
352 134
379 348
363 453
126 124
436 37
99 490
71 68
15 92
78 130
217 396
90 430
185 316
99 402
161 79
174 227
228 29
361 47
377 163
3 438
286 438
410 320
367 417
324 317
12 401
447 228
300 472
97 421
292 195
262 388
209 435
118 437
464 414
483 280
81 421
157 302
298 7
126 104
423 449
420 434
289 370
102 29
282 198
385 13
393 150
400 41
88 453
477 487
371 399
206 387
323 363
128 60
305 253
163 231
141 23
168 366
328 269
394 113
403 282
125 299
367 460
339 454
417 256
381 227
158 90
53 417
388 180
412 196
369 15
362 445
37 34
314 364
238 147
477 144
364 41
378 234
5 157
128 357
348 444
23 9
469 11
361 190
213 492
62 227
358 11
263 327
260 66
4 407
46 84
210 23
461 444
459 57
11 255
404 454
277 349
426 287
149 226
412 361
222 410
91 19
356 289
281 119
355 284
461 336
367 175
294 268
58 256
324 4
14 168
457 226
20 322
448 168
484 364
33 145
213 59
163 72
348 443
190 142
166 155
413 37
265 211
240 322
466 67
325 416
234 221
145 189
478 97
357 465
396 325
113 112
383 275
183 170
157 308
311 323
398 228
295 166
438 38
423 343
40 187
262 274
407 398
389 439
258 357
274 86
406 321
405 184
439 78
277 250
325 103
152 56
333 253
429 370
180 275
409 366
473 122
213 319
24 105
261 281
397 470
303 306
230 211
426 172
288 206
357 116
244 444
107 80
201 471
385 316
250 297
185 226
419 333
48 442
373 244
162 274
153 464
19 382
114 380
489 338
25 349
389 268
297 496
283 433
406 171
252 159
468 372
320 326
209 303
207 85
482 304
294 74
208 313
455 321
132 447
162 157
300 487
360 36
422 147
468 331
253 223
426 160
34 185
485 242
424 131
327 409
435 124
483 146
372 377
466 8
328 68
164 67
490 459
38 415
109 9
185 362
167 114
457 200
299 382
442 226
16 208
74 450
267 492
35 143
373 5
86 140
8 185
142 433
147 179
351 192
187 39
489 289
89 449
424 387
334 369
52 286
16 125
239 283
121 274
361 429
214 382
72 157
6 213
93 88
327 379
279 449
353 207
241 441
160 168
267 429
473 318
218 424
379 393
210 435
170 10
303 319
327 374
411 332
26 7
420 352
321 138
304 177
345 480
122 8
151 324
372 63
82 94
487 396
486 136
270 95
82 76
349 408
385 263
180 410
269 103
201 29
240 440
205 24
423 262
31 13
90 339
76 107
432 2
6 357
137 275
387 218
350 239
130 238
5 309
87 209
347 287
237 26
166 441
50 92
143 16
40 232
354 115
338 225
116 279
85 189
57 471
406 213
471 83
153 219
169 361
69 391
101 95
60 46
80 87
124 95
126 355
449 177
132 177
228 410
198 416
402 108
262 247
321 236
329 409
455 433
274 459
263 374
489 258
355 72
344 478
167 405
272 55
21 339
231 249
188 364
104 93
472 365
339 232
41 107
144 431
475 417
393 241
231 386
2 25
393 281
7 63
190 214
53 210
57 220
394 244
87 434
273 62
302 51
293 278
94 373
212 72
229 45
313 459
366 314
484 262
99 426
261 224
143 313
369 135
36 267
315 59
204 91
120 441
77 349
159 170
225 306
242 453
350 490
352 155
307 275
417 341
204 117
4 282
365 373
417 337
79 235
395 218
261 450
162 273
302 256
443 462
66 124
355 415
117 210
74 359
420 426
204 127
478 207
408 282
19 264
122 97
434 20
314 134
406 412
407 211
171 353
113 236
412 403
91 32
116 100
390 39
29 33
101 442
176 444
227 130
148 349

225 296
174 172
152 23
209 22
1 101
46 137
184 61
37 125
111 85
198 202
202 131
178 78
180 54
2 86
100 29
204 185
169 204
132 147
2 115
168 2
42 213
138 53
100 1
177 210
85 150
13 113
107 190
190 62
70 18
199 170
99 177
129 42
155 87
188 156
29 130
157 70
169 121
122 43
121 126
79 32
102 91
196 208
108 212
96 177
5 69
173 103
72 129
144 2
215 158
157 18
62 141
140 57
88 151
36 213
4 119
141 146
90 124
28 76
219 32
80 115
204 9
186 107
204 187
149 136
171 218
24 138
132 80
225 47
5 35
86 60
206 2
206 70
125 8
197 170
39 104
59 70
112 72
176 91
85 99
1 30
92 25
219 50
156 46
96 213
132 9
47 112
10 27
181 186
87 153
130 177
83 16
21 194
87 24
59 171
174 112
28 92
188 73
142 118
118 64
105 25
72 152
136 133
5 144
93 91
71 223
43 205
65 115
173 151
138 59
148 87
170 2
178 184
75 146
76 192
37 8
216 108
211 127
16 215
45 160
133 167
157 2
146 221
116 145
198 81
203 173
167 199
174 171
157 23
144 60
215 180
67 32
114 52
210 181
93 29
116 225
22 99
53 219
147 169
139 171
24 168
118 17
194 67
14 125
141 209
184 182
163 77
214 104
180 198
59 48
54 1
99 127
152 121
73 147
86 18
222 80
136 65
48 29
78 173
169 62
183 178
51 35
166 154
214 190
40 88
70 92
14 197
18 217
92 142
138 4
160 186
83 122
25 131
202 154
130 197
215 87
149 93
173 141
73 162
106 164
76 175
31 89
198 100
80 64
17 44
119 176
4 29
124 28
159 100
182 115
123 223
201 47
142 201
187 215
137 119
205 39
121 10
128 93
110 34
209 126
78 154
128 133
182 78
161 167
4 169
56 126
218 32
172 187
7 186
3 195
131 207
60 78
217 14
171 153
48 206
105 177
134 59
84 91
136 71
32 139
14 88
39 59
171 38
72 4
50 74
25 180
55 84
33 98
98 30
77 197
10 181
148 143
14 6
60 201
129 92
166 194
6 205
27 3
69 98
6 118
223 82
124 53
217 208
202 141
64 54
112 73
61 86
43 127
92 154
102 220
20 43
188 77
74 42
79 142
191 136
86 189
217 209
68 36
19 96
176 82
149 63
155 210
148 24
111 66
177 39
112 24
133 127
152 206
220 6
174 12
193 34
27 12
70 94
47 88
190 222
221 165
111 150
201 86
225 138
151 4
177 90
79 84
43 5
117 37
62 117
100 30
203 127
41 47
220 139
186 11
135 181
3 21
158 203
106 209
116 83
212 67
224 65
202 41

69 434
3 8
4 40
17 63
31 36
55 17
24 40
5 1
31 4
1 32
65 52
67 55
21 66
62 11
53 30
19 51
31 22
58 5
61 6
67 22
12 23
9 7
62 13
7 24
16 7
26 52
29 63
37 20
60 30
1 14
30 20
64 31
41 52
36 32
28 4
24 11
27 32
17 19
16 63
13 31
69 39
53 68
3 21
58 62
21 59
6 50
9 40
51 49
23 17
51 21
21 45
31 18
7 18
7 22
11 20
24 10
29 7
48 31
67 37
64 58
26 40
9 34
11 60
53 4
7 34
64 67
49 26
15 55
43 62
48 54
12 42
34 40
19 53
41 17
20 35
45 16
46 54
20 56
44 3
30 50
7 24
19 55
49 4
11 63
65 29
18 47
1 22
57 20
5 29
7 64
34 51
10 35
29 36
9 2
65 30
8 20
19 33
39 62
44 3
58 43
20 6
44 42
63 17
22 40
12 26
21 36
27 21
42 6
62 9
6 41
28 24
4 37
57 18
40 45
61 30
50 35
42 14
68 59
35 38
1 61
29 61
67 26
52 10
32 45
18 8
16 45
32 59
53 59
8 63
34 39
23 54
44 65
39 13
54 4
21 25
35 49
56 3
46 10
13 8
54 30
15 40
46 17
69 29
6 47
22 10
16 15
35 30
10 4
42 34
47 62
29 53
13 56
55 58
65 67
36 20
68 21
30 44
9 29
43 54
7 35
35 62
49 40
23 30
14 64
34 60
28 63
43 40
49 69
68 15
66 34
34 35
25 63
9 33
62 22
18 68
27 23
61 7
62 54
7 6
48 40
36 6
33 10
16 52
49 14
66 16
18 30
51 43
63 30
6 56
52 63
25 49
16 56
55 48
40 61
53 59
3 20
64 35
69 51
58 48
64 54
63 13
55 15
26 19
45 31
45 67
65 1
46 51
27 3
30 67
34 53
56 36
3 21
42 2
30 60
37 54
25 20
10 39
45 29
54 46
44 51
41 15
68 63
42 1
23 39
34 46
65 41
49 16
13 61
58 13
52 25
66 47
15 47
16 59
46 1
35 20
22 47
35 20
40 47
60 33
16 25
9 51
65 28
37 48
60 25
60 13
20 27
59 34
4 45
63 20
16 69
40 38
46 45
28 56
22 19
59 8
14 38
58 49
66 25
27 21
57 39
11 54
28 16
29 3
9 48
19 8
18 27
24 33
54 10
54 43
39 61
56 8
49 35
4 45
32 30
65 19
39 46
4 66
61 32
39 1
10 28
48 68
54 43
31 10
23 16
52 62
47 10
69 67
44 43
42 7
43 8
65 12
53 68
48 45
1 17
16 51
16 34
49 40
7 50
20 30
36 3
22 14
52 61
11 26
34 52
3 7
30 68
58 13
37 36
28 9
23 14
59 38
48 9
49 54
29 68
54 65
41 46
9 23
37 59
20 1
12 22
47 41
60 35
24 68
1 52
7 64
65 36
32 14
15 51
39 43
50 23
38 21
40 17
44 7
46 34
48 57
55 25
68 17
31 23
15 31
45 61
25 11
27 28
25 41
9 63
14 29
16 23
50 55
10 64
33 56
28 11
43 53
6 13
69 36
35 54
38 50
45 33
60 42
31 15
53 11
8 38
39 64
60 59
20 40
53 52
26 51
33 40
6 39
52 45
45 57
30 53
37 45
57 67
58 18
13 12
28 60
49 38
54 10
27 5
50 51
27 6
3 60
16 8
69 38
24 15
25 24
39 32
68 26
30 27
43 13
39 42
3 58
10 28
68 7
32 19
28 29
64 31
59 11
9 29
48 32
44 55
13 46
25 9
46 22
51 58
60 63
32 49
43 59
18 50
61 36
48 20
30 9
50 11
58 9
59 20
23 4
46 6
49 1
14 26
22 36
14 53
29 45
3 43
5 20
63 65
26 41
56 55
21 36
66 9
44 26
28 67
29 4
43 8
44 57
33 37
23 18

439 530
413 408
402 57
28 354
352 369
216 317
249 292
333 162
36 219
264 12
308 103
436 150
17 25
124 424
230 262
162 415
204 6
383 166
62 410
81 283
209 166
31 19
18 363
50 362
142 314
373 319
286 239
30 172
134 23
157 363
285 188
339 49
63 282
84 124
123 34
277 331
199 307
219 86
100 139
8 112
322 251
430 38
50 20
210 183
43 236
107 197
423 315
115 47
27 198
40 149
102 186
350 300
362 438
256 23
7 263
134 328
383 124
366 433
14 6
46 365
241 22
122 94
336 236
10 233
303 50
251 404
105 31
135 28
339 390
50 345
83 53
104 27
176 339
329 59
344 244
423 15
266 414
108 32
80 118
264 383
37 385
217 141
415 351
168 314
301 87
220 254
139 323
280 185
92 39
113 435
282 97
10 108
380 426
10 21
104 143
273 140
88 50
151 64
401 188
377 132
275 27
385 283
219 225
337 310
133 11
305 415
416 184
392 356
171 271
246 144
414 79
284 62
129 304
434 90
52 372
91 196
268 37
40 48
131 376
357 264
256 93
109 232
146 61
19 316
202 264
21 176
343 174
237 341
38 102
300 398
34 390
155 301
426 64
218 118
309 6
251 435
98 359
227 243
289 245
429 51
70 319
226 282
53 333
183 399
434 43
227 337
302 251
68 289
184 156
406 363
161 217
358 258
6 145
370 294
260 229
215 329
108 1
41 30
203 93
298 67
5 395
273 306
206 341
155 390
366 430
313 87
77 231
214 82
245 144
246 65
243 21
263 350
330 173
250 94
265 108
30 269
63 303
6 139
74 160
398 439
21 271
86 97
371 169
49 46
312 294
111 115
184 243
335 74
416 145
37 111
122 67
380 55
239 385
193 182
414 151
51 434
291 6
401 222
174 319
137 355
173 117
31 226
360 235
299 206
379 336
316 370
272 126
424 380
71 177
431 355
327 42
219 178
47 180
269 90
368 276
5 101
392 344
196 312
139 56
387 261
264 318
402 389
302 212
330 349
203 245
236 114
333 284
160 383
422 119
311 258
123 282
211 28
38 392
166 402
340 114
223 34
301 55
422 163
266 312
381 338
426 178
12 190
331 41
133 183
159 4
2 282
155 82
309 193
34 35
155 243
18 248
276 318
302 259
351 129
1 292
27 297
339 348
47 100
388 49
283 108
361 284
389 77
365 258
139 268
162 293
381 180
410 217
367 273
345 148
271 216
1 167
382 209
75 298
309 24
346 22
131 267
305 389
213 100
207 351
237 238
75 178
287 45
265 215
187 40
232 327
255 232
55 197
311 129
55 50
22 270
71 22
407 245
410 180
214 177
401 11
285 36
59 132
389 323
346 137
362 139
333 48
240 387
114 420
386 39
30 277
308 409
299 275
214 269
325 297
316 286
308 161
191 236
292 140
428 69
146 220
77 40
267 186
296 381
167 242
289 66
80 157
345 248
302 119
77 187
286 262
342 24
422 93
259 145
102 247
83 118
336 159
27 164
344 322
414 380
434 263
316 383
289 221
191 151
209 137
207 55
399 109
78 251
71 206
395 43
322 38
160 219
66 186
252 280
377 226
220 241
358 96
184 77
186 374
228 395
381 304
319 340
283 397
151 353
163 416
265 46
323 424
134 389
40 385
229 287
171 318
88 398
284 272
35 30
76 132
294 17
436 174
226 149
131 377
371 163
223 197
78 106
181 211
55 91
156 153
377 196
32 25
24 315
296 59
214 242
60 69
258 56
242 354
204 242
161 136
274 383
202 222
49 382
302 413
33 19
435 409
84 27
304 108
211 160
36 425
401 95
363 90
21 35
4 94
276 164
99 419
416 300
201 25
113 64
307 145
391 303
424 344
199 288
321 410
317 356
265 149
321 188
238 211
222 111
304 367
144 403
216 120
133 417
14 245
350 321
260 171
54 114
75 122
401 396
401 148
182 226
296 372
283 403
143 374
74 8
171 217
280 387
206 282
234 220
88 144
410 347
314 333
21 258
15 291
84 416
438 136
72 295
68 355
128 211
159 202
88 330
288 237
277 55
79 380
144 36
84 114
382 267
316 272
394 330
432 39
176 301
44 248
26 111
33 153
191 224
148 390
73 384
97 436
333 37
10 368
429 432
181 126
308 322
81 68
315 428
244 176
32 361
201 12
393 223
73 14
8 220
274 80
35 370
385 237
277 394
165 266
386 215
262 124
98 342
191 282
200 434
327 231
355 88
112 178
180 184
192 187
274 335
136 178
265 81
414 411
344 9
108 160
224 369
283 191
141 35
33 340
338 359
131 124
316 112
301 56
296 362
243 439
257 378
177 392
329 151
363 233
29 340
263 252
269 106
3 409
10 35
309 218
263 309
341 139
421 202
195 147
434 307
16 251
245 192
73 4
212 306
237 240

203 816
154 163
73 11
126 37
78 203
4 41
162 122
137 157
48 109
4 170
20 156
71 32
177 84
90 113
177 129
180 76
79 102
148 52
24 147
129 189
150 133
148 31
29 44
151 39
153 154
171 172
106 38
167 43
84 53
155 57
144 94
132 19
195 40
34 182
186 125
167 96
17 74
89 45
118 36
83 30
190 50
164 55
51 90
97 143
12 154
46 105
82 28
60 84
61 38
30 185
167 125
165 38
10 6
118 9
52 110
161 64
70 12
77 160
72 174
62 83
124 70
150 168
97 6
12 120
6 41
65 173
128 26
173 100
197 50
108 8
159 65
72 191
40 111
110 111
81 134
156 167
1 102
95 60
71 106
180 76
146 4
8 70
29 143
169 22
192 37
30 110
64 61
103 174
170 176
15 64
91 181
27 156
72 86
23 140
25 98
82 194
69 114
19 8
43 4
200 79
199 69
142 22
129 5
195 96
143 172
122 31
150 148
186 184
196 5
121 184
65 165
174 96
39 156
104 81
159 63
122 154
131 60
175 20
27 129
115 170
98 199
163 7
143 108
153 98
75 33
78 102
161 12
198 199
167 98
76 122
123 197
35 13
16 172
32 6
60 109
175 120
104 97
89 6
1 39
104 75
34 144
139 194
118 133
189 81
193 24
165 112
17 199
125 199
130 156
1 190
25 138
106 128
31 158
134 197
196 200
31 192
103 169
183 18
62 131
98 51
155 60
126 134
18 10
129 111
128 92
97 152
26 165
77 19
119 173
178 74
169 171
63 68
137 5
48 161
135 146
8 49
168 96
183 148
105 71
55 30
163 114
181 151
39 54
133 120
23 107
157 154
75 182
185 174
186 29
131 80
137 101
129 64
197 71
175 98
104 26
90 26
103 68
177 104
84 69
186 70
175 139
20 9
117 167
182 62
159 72
105 92
136 196
119 129
26 90
189 129
78 76
155 143
106 91
43 189
159 192
55 93
127 38
102 4
1 43
28 159
78 132
11 10
124 129
101 149
15 49
38 55
87 192
198 192
42 203
141 163
191 195
15 115
29 79
81 196
85 108
151 162
37 161
134 123
49 31
69 26
42 106
81 129
57 75
80 61
37 17
186 25
175 200
102 166
76 182
158 123
49 69
81 85
192 177
171 38
170 36
63 8
104 106
136 123
180 179
183 180
195 128
1 129
124 102
92 162
80 46
81 128
77 124
176 66
97 143
66 63
141 91
71 4
197 169
126 136
107 68
112 99
158 112
24 78
10 78
203 52
87 43
143 163
167 78
191 23
183 53
86 120
144 119
86 137
47 174
69 154
1 181
12 158
52 201
198 25
76 197
39 162
203 181
84 129
18 72
151 200
124 199
79 64
77 164
163 124
97 195
37 97
135 11
14 186
8 9
173 46
168 9
4 167
189 88
92 4
159 3
166 42
201 42
69 75
168 28
161 62
185 160
121 116
170 135
62 177
106 31
20 70
39 189
200 25
36 51
194 53
156 199
14 160
64 51
125 91
8 149
36 167
66 151
96 200
9 32
102 40
14 135
78 203
131 65
201 144
18 192
197 137
150 173
56 10
20 180
63 27
125 98
156 154
46 11
113 17
42 12
19 56
109 60
18 202
124 181
142 105
169 98
1 78
67 56
87 86
199 150
75 83
7 193
33 52
203 146
32 5
120 50
23 25
109 3
23 196
183 164
97 112
22 60
189 88
115 73
174 73
185 8
156 191
201 151
3 163
56 34
167 175
83 189
162 192
154 147
184 134
71 40
42 92
62 27
179 139
62 112
9 6
120 127
197 80
74 199
39 130
195 169
64 74
117 23
25 68
169 171
201 202
7 2
90 68
194 66
4 53
177 178
58 56
101 14
135 174
9 137
63 166
102 127
37 15
112 61
82 40
29 79
39 201
80 91
29 71
156 198
86 93
172 106
111 32
120 43
168 91
179 28
54 40
117 53
54 191
113 136
193 104
177 194
65 17
82 56
50 200
50 135
89 184
203 163
12 119
168 179
173 106
169 23
145 82
38 198
32 113
93 22
14 67
12 41
83 56
96 95
53 145
192 104
88 191
63 99
70 27
74 39
132 40
24 36
84 61
31 79
173 123
100 149
152 74
152 197
130 44
88 145
151 76
45 35
27 108
133 96
97 170
97 192
172 120
190 15
143 17
93 75
103 155
187 14
192 135
8 81
179 58
22 89
134 66
124 160
136 16
15 196
185 111
147 116
193 133
131 95
113 20
169 178
138 152
191 126
47 161
169 188
16 190
73 112
15 196
68 114
9 82
69 156
155 12
69 144
144 162
35 16
144 166
193 78
78 144
166 124
101 131
108 116
80 180
24 58
136 54
171 107
98 36
22 49
10 53
192 116
11 189
132 155
152 121
195 26
61 158
149 125
48 16
37 91
158 24
148 53
77 115
159 138
113 144
186 85
196 138
200 170
123 128
121 71
9 112
59 32
29 4
156 77
185 156
167 140
142 74
192 181
188 111
115 60
14 98
144 6
198 140
175 117
28 55
151 202
167 6
30 158
176 149
197 157
64 123
56 2
196 45
182 143
118 94
202 131
154 105
99 148
5 34
24 198
88 137
196 14
143 188
172 78
133 128
197 159
48 50
160 40
57 102
146 137
158 107
64 108
9 125
15 13
158 1
173 43
138 165
56 40
149 190
117 42
115 73
200 162
122 120
164 141
184 106
74 138
10 137
5 184
22 19
159 179
19 128
18 119
89 37
158 200
189 34
1 100
107 164
21 25
80 148
166 23
13 202
160 188
99 164
168 120
145 86
95 163
176 76
79 61
75 199
21 60
30 21
123 136
184 106
123 23
13 48
45 26
47 167
10 145
127 141
61 68
189 155
194 162
193 32
185 64
27 2
87 19
189 6
154 132
74 37
118 87
84 162
112 130
89 84
34 178
187 94
6 173
9 199
131 201
193 112
25 182
77 111
201 62
79 114
193 152
150 70
35 197
195 146
123 80
193 157
54 176
10 59
145 18
17 35
182 172
110 3
151 186
76 111
7 154
187 162
102 134
29 137
90 20
42 9
99 31
128 115
170 101
137 74
118 153
109 59
122 181
24 32
163 99
142 132
49 125
90 151
18 118
47 107
100 88
79 161
82 169
73 11
66 6
84 147
121 155
2 39
132 26
33 54
87 174
185 136
59 72
46 39
152 92
146 12
142 187
172 186
152 4
196 181
175 40
124 93
194 88
94 123
76 127
139 163
60 121
95 81
155 103
120 66
194 25
77 95
8 46
78 122
12 33
99 187
72 185
76 63
70 132
148 145
55 83
104 78
166 161
158 117
60 74
183 13
61 56
71 68
64 111
153 76
143 11
22 12
196 97
37 25
25 147
169 43
192 33
120 155
193 74
31 13
111 10
191 171
29 58
202 55
131 114
93 71
124 114
45 79
173 44
103 198
190 32
203 178
64 119
92 16
155 123
28 25
132 182
196 123
202 157
178 130
67 30
200 190
144 4
29 113
47 94
70 33
125 32
173 188
113 25
1 28
147 194
52 38
135 7
161 134
163 98
60 26
127 56
179 30
59 170
106 68
60 138
63 185
170 32
132 42
56 95
69 165
49 121
203 183
90 123
113 50
17 172
38 106
190 179
99 8
145 167
75 168
101 137
112 30
132 40
72 150
98 103
112 146
186 111
125 73
30 201
85 9
169 122

42 300
5 33
14 21
10 5
41 34
20 33
40 4
15 39
42 28
16 27
10 12
23 20
12 36
3 40
21 9
29 13
1 31
2 14
9 11
16 6
2 36
38 40
39 8
36 35
7 18
42 19
40 20
30 31
22 26
9 30
10 20
30 40
21 2
6 31
17 11
31 8
5 26
5 12
19 40
3 24
16 2
42 11
21 27
42 41
8 6
28 17
23 14
14 41
15 18
28 29
26 14
37 30
39 40
13 34
40 36
5 39
33 16
18 13
14 25
16 41
42 37
12 11
35 24
28 20
9 12
33 1
39 29
39 36
42 28
31 35
33 28
26 4
1 41
14 21
29 12
18 23
22 27
14 3
12 33
9 23
22 9
18 8
3 11
5 31
42 38
19 25
19 20
25 15
33 38
33 17
5 7
38 26
33 9
27 2
39 33
23 18
42 40
24 42
6 26
28 3
19 4
27 37
21 7
7 11
2 40
26 5
2 21
28 34
27 10
33 23
1 11
39 40
6 20
39 10
1 25
12 20
26 37
14 5
41 19
13 41
14 38
3 15
14 30
6 40
38 36
21 38
3 15
35 8
34 31
17 32
11 27
9 35
19 21
37 17
39 7
15 10
1 15
24 14
1 27
10 38
18 28
33 20
42 23
28 31
11 42
20 26
29 12
42 7
4 17
3 8
29 10
8 2
33 20
2 15
29 37
32 14
27 8
13 7
33 41
15 32
18 32
14 4
41 13
8 2
27 8
10 14
17 15
13 5
34 12
19 18
6 7
31 32
14 41
36 2
39 6
33 13
38 4
14 36
15 22
38 41
29 5
10 4
17 22
8 9
33 25
26 38
31 13
25 42
9 16
1 4
22 31
16 17
33 29
10 5
8 5
1 35
7 9
38 24
28 1
30 19
25 11
12 11
21 35
8 30
8 6
33 27
35 6
1 25
32 9
27 38
11 27
30 16
33 23
37 19
23 24
35 4
32 2
12 11
36 18
40 42
23 28
24 13
31 25
37 20
33 21
15 41
4 42
14 34
22 8
10 1
31 2
4 19
4 15
29 37
30 24
34 11
7 16
23 37
38 16
12 26
34 27
24 35
26 38
27 4
3 36
4 32
36 7
8 39
19 34
31 7
13 21
15 19
34 35
13 29
6 24
10 40
6 33
32 30
26 14
33 27
8 34
14 1
38 19
37 12
10 23
16 20
1 30
38 34
21 6
18 26
29 27
21 33
16 11
18 39
24 6
23 29
39 34
27 32
10 21
1 17
2 17
36 2
2 29
34 22
34 9
4 19
36 24
9 32
24 5
12 29
26 40
23 15
23 12
25 1
12 39
42 28
31 42
30 17
33 7
9 41
10 27

354 477
165 206
351 74
77 338
328 112
68 198
8 73
268 354
312 337
12 230
221 53
119 117
47 347
33 229
49 345
247 128
155 98
128 232
174 112
205 151
227 276
349 234
348 262
233 310
248 185
114 304
307 235
350 299
267 229
351 262
121 128
66 222
256 298
42 17
152 196
243 74
190 122
71 98
4 26
349 252
214 113
201 166
347 201
115 263
75 111
170 199
243 236
66 144
183 111
160 338
307 52
61 142
173 132
243 180
157 242
77 17
354 282
182 346
128 296
258 206
57 78
50 299
313 115
92 145
230 255
132 182
306 193
327 128
324 216
307 130
107 30
150 106
311 332
101 88
277 4
293 337
81 346
281 43
106 18
191 335
272 323
166 227
161 139
354 130
4 307
263 110
340 59
215 300
36 319
33 316
322 325
299 53
316 229
95 71
251 286
56 172
254 225
45 60
9 44
193 16
350 101
125 339
159 343
284 198
307 316
164 279
290 112
331 255
340 71
330 240
6 31
58 259
255 106
322 268
149 164
287 149
269 62
133 73
50 67
275 7
28 88
285 318
199 265
222 188
339 197
74 345
231 135
253 132
240 225
49 38
34 335
190 302
42 327
25 96
39 303
106 70
36 40
37 238
304 259
71 292
101 148
282 332
286 185
113 175
59 165
213 92
149 52
44 195
24 72
290 66
24 45
136 63
84 172
300 37
76 20
328 181
172 260
158 103
94 274
278 152
84 140
247 232
191 290
76 215
11 15
280 38
59 65
100 146
237 49
182 316
69 160
142 244
69 303
346 162
222 273
313 309
58 205
191 249
145 266
113 159
281 42
197 339
107 296
131 347
349 316
308 67
125 96
310 193
44 305
354 266
224 316
224 281
167 60
179 315
326 295
119 252
341 315
240 97
261 20
89 255
340 42
321 110
141 280
307 189
230 306
104 99
272 327
30 84
33 212
48 4
157 166
259 143
127 144
239 37
168 331
295 153
22 265
262 167
190 214
1 65
170 104
168 91
76 201
174 108
62 225
115 218
36 23
10 166
167 252
202 338
228 146
136 254
56 47
66 245
265 66
314 84
169 131
174 248
335 351
6 42
221 124
264 256
147 273
68 317
175 273
300 48
65 81
305 120
127 16
15 37
85 328
124 253
108 297
151 88
293 156
129 159
279 42
65 71
319 132
33 139
54 332
190 122
62 141
246 189
160 260
229 245
237 353
143 344
295 293
81 238
98 213
42 23
255 106
97 219
241 130
3 299
111 196
66 173
336 311
11 142
220 239
32 102
241 178
95 186
121 175
69 222
34 114
244 292
224 341
156 114
120 162
62 230
7 128
48 343
88 62
134 308
301 169
59 191
350 154
22 120
332 94
342 11
212 235
306 85
221 111
202 344
276 264
220 283
37 271
275 124
333 58
81 283
226 140
123 225
293 149
345 274
246 336
285 103
216 240
191 87
351 39
76 272
302 299
200 338
220 120
111 202
177 196
134 52
335 256
281 277
54 271
196 300
256 130
48 117
16 239
207 16
277 283
287 228
231 137
211 100
260 325
301 87
166 84
138 150
344 68
76 43
342 276
342 243
51 40
10 70
278 216
85 204
148 22
77 25
158 291
124 63
265 75
149 81
158 291
230 151
8 310
194 350
231 181
238 285
220 247
1 147
109 89
350 260
110 76
284 271
16 58
334 281
136 132
7 297
72 240
94 80
199 287
75 113
316 6
337 209
10 129
321 102
129 226
216 208
160 132
224 221
115 154
2 247
160 302
322 49
41 47
248 331
125 326
90 91
335 76
303 348
204 269
96 336
144 311
190 307
88 63
173 203
216 178
99 21
126 66
73 166
117 324
143 245
300 236
335 280
315 283
278 168
201 19
150 349
333 343
301 66
51 124
272 266
301 20
290 72
90 8
242 206
336 34
100 281
273 81
210 233
13 133
46 214
155 199
212 133
187 158
203 237
285 124
148 232
144 83
307 233
95 198
88 76
235 187
6 153
271 215
35 284
352 81
147 152
279 4
285 112
165 137
352 96
260 146
327 49
228 283
281 326
131 14
47 11
205 56
164 121
271 198
54 272
282 200
69 207
203 3
322 14
139 319
113 45
114 89
93 342
17 24
313 147
41 10
158 249
65 325
16 339
168 69
260 96
269 329
306 121
335 277
138 120

464 377
268 43
16 22
249 155
372 419
134 207
36 150
294 224
421 144
106 234
284 377
190 358
462 164
336 288
62 435
136 413
238 178
189 14
423 437
168 331
151 61
297 187
211 350
170 391
30 35
160 73
171 109
190 168
33 61
215 318
32 351
266 29
288 214
42 247
186 434
337 30
169 283
464 55
212 391
308 247
310 140
417 179
329 345
211 149
95 64
404 205
89 433
253 303
10 35
248 203
371 120
233 299
162 232
113 374
158 180
380 228
79 92
406 407
436 152
316 291
439 255
31 287
447 43
349 217
77 133
419 207
12 411
266 174
179 378
83 96
318 462
323 396
313 24
99 285
175 414
335 373
428 125
196 171
168 304
387 244
436 101
211 448
48 12
157 450
149 463
81 2
220 164
158 68
187 256
352 122
429 446
30 392
107 449
322 274
289 4
277 20
105 23
3 376
258 383
361 407
381 201
168 136
364 85
428 311
340 75
432 64
57 221
216 163
430 73
436 14
77 248
33 405
31 260
316 288
178 436
454 319
172 382
214 296
2 177
142 102
252 333
165 68
313 380
230 38
453 425
51 65
208 84
229 238
103 80
286 280
51 275
358 222
192 108
277 194
44 178
295 55
270 219
122 119
135 351
156 123
311 207
411 279
50 175
276 152
14 97
191 64
372 85
45 323
416 322
276 459
259 330
274 65
85 395
183 219
42 98
101 112
64 271
390 337
445 202
248 218
298 439
281 429
283 85
288 458
166 323
452 425
189 21
249 273
416 431
251 457
288 351
104 112
157 254
448 361
455 232
114 48
430 154
237 248
462 60
241 388
142 452
348 330
9 132
362 184
322 148
176 369
258 39
16 174
292 464
294 42
455 167
314 420
320 86
203 78
369 203
1 46
190 108
376 422
239 273
141 320
181 76
448 438
339 464
148 390
223 441
432 213
144 41
168 223
126 370
300 30
332 60
75 57
167 450
239 165
19 139
244 199
215 228
396 313
227 79
238 449
280 429
197 183
5 124
405 130
29 1
383 360
284 458
176 451
203 174
375 445
313 155
179 287
382 335
135 368
173 132
112 452
97 68
170 325
191 335
215 219
95 133
338 378
126 273
124 89
207 35
69 55
189 8
101 330
342 459
233 50
126 104
262 446
171 191
67 361
285 281
339 139
413 212
53 299
244 400
147 450
434 215
264 382
446 364
7 83
358 463
357 244
102 154
449 272
104 51
168 389
331 266
63 40
237 339
98 17
275 4
226 4
442 26
146 424
149 376
266 267
375 158
270 236
311 254
44 415
305 435
99 395
461 385
194 233
260 51
249 294
54 235
57 256
260 426
215 168
338 16
194 8
398 463
243 244
253 46
418 317
241 276
7 237
197 425
5 456
235 14
45 49
248 325
304 267
287 278
194 384
53 388
151 450
386 153
230 398
199 407
10 199
219 241
195 415
201 423
166 435
196 434
243 203
294 82
229 340
359 423
259 412
106 169
397 27
322 386
185 280
329 194
14 307
434 432
17 394
390 406
125 346
375 367
84 204
449 313
304 103
31 98
50 136
27 207
386 348
352 106
163 440
60 400
282 253
367 298
183 52
239 307
397 373
433 241
113 417
89 176
280 343
273 89
14 59
295 399
406 183
265 104
158 324
39 200
112 165
257 54
441 256
120 373
164 89
373 36
265 221
211 80
99 244
169 112
302 223
271 244
165 71
107 83
154 370

