20
399 525
394 22
188 279
148 252
69 52
56 160
5 132
346 283
132 312
224 302
122 316
212 79
245 175
83 205
168 337
156 371
305 150
393 93
217 328
133 285
379 188
232 172
107 178
242 239
278 66
328 187
381 140
265 15
103 135
7 270
72 162
30 164
311 210
45 128
138 177
200 305
152 220
264 259
185 106
98 63
358 26
37 127
353 301
328 56
223 334
113 294
96 142
246 195
351 290
110 277
254 310
369 6
317 233
264 102
126 149
352 84
175 388
397 315
78 326
370 300
260 270
382 356
13 228
338 151
305 48
215 159
145 184
351 62
204 4
164 329
152 116
200 114
291 198
29 368
311 398
57 171
269 39
314 69
54 252
7 146
88 222
92 232
6 43
294 397
46 245
326 385
148 314
99 39
299 128
195 210
313 251
380 369
77 83
38 317
122 232
63 209
54 341
42 246
171 335
243 5
180 357
389 115
271 88
153 170
3 347
167 316
385 147
285 62
17 111
166 139
342 16
347 395
356 388
29 128
111 272
132 78
17 308
192 287
395 345
244 186
80 11
102 66
344 386
314 361
284 81
287 226
96 234
9 53
11 38
367 121
97 286
199 113
194 178
187 376
123 218
162 390
228 263
243 359
38 157
108 109
25 394
123 121
17 131
360 27
355 115
334 239
1 320
351 381
99 325
357 9
143 307
398 158
357 241
305 182
186 13
291 210
195 14
330 398
331 78
212 75
192 146
313 192
67 53
173 165
377 318
173 308
225 359
66 182
200 370
364 385
171 43
196 153
56 313
151 386
391 362
61 370
295 162
163 361
214 123
313 378
228 274
286 240
233 352
23 33
110 174
206 68
4 189
220 59
289 158
232 68
307 81
39 203
242 388
351 243
111 265
221 127
139 295
366 371
247 176
191 144
349 184
212 352
160 32
198 50
377 218
117 284
86 155
87 115
143 39
357 42
91 365
168 229
260 321
387 294
98 365
39 234
337 38
374 97
69 172
146 46
177 51
118 262
205 204
376 136
30 121
364 120
87 132
136 134
240 310
29 337
276 254
172 1
291 333
97 147
292 31
380 70
268 98
331 260
301 96
395 331
216 359
238 302
278 374
224 119
284 252
243 347
106 202
347 396
135 232
143 28
50 123
97 317
220 215
177 309
310 173
28 314
319 265
216 385
27 227
291 311
79 134
46 184
336 393
367 258
225 298
285 62
208 169
378 29
384 155
125 82
115 339
395 35
204 399
207 19
226 98
329 305
19 162
276 142
155 32
1 167
329 73
228 137
242 206
352 226
149 77
95 263
203 91
85 8
90 291
213 315
388 142
8 195
303 72
336 246
103 124
200 32
197 216
168 39
22 308
52 357
172 146
221 375
236 305
170 113
197 382
216 372
311 11
167 2
82 291
247 184
15 48
3 211
263 358
249 72
266 88
30 38
234 38
200 257
342 369
370 326
139 373
87 50
383 41
52 66
331 86
37 134
320 40
344 370
397 381
43 51
69 259
275 90
84 76
347 26
232 105
140 371
265 226
21 248
54 72
101 385
345 138
306 265
177 250
236 361
19 66
12 275
112 286
152 195
149 286
8 381
390 147
352 255
160 372
291 2
232 391
174 364
129 80
229 93
117 65
241 136
130 252
198 29
326 349
223 75
236 231
243 14
165 195
269 113
355 347
114 374
338 287
338 255
154 167
347 270
20 189
6 336
228 203
365 341
340 188
204 176
206 47
189 159
30 245
271 384
192 172
146 318
59 84
173 212
38 307
269 244
283 275
181 299
265 146
240 205
121 44
168 115
278 357
273 307
202 144
79 182
103 224
100 348
95 272
160 132
366 216
164 250
278 344
149 144
277 176
136 397
220 92
299 285
49 172
192 38
103 58
219 205
281 106
153 163
165 100
82 132
316 245
381 194
189 317
125 66
93 49
251 100
140 150
384 375
110 363
200 399
21 207
392 89
312 145
251 78
33 333
209 136
178 377
117 367
294 30
220 386
78 258
274 5
196 258
379 305
222 366
304 30
173 84
119 86
229 369
350 49
90 346
371 268
323 88
23 5
117 30
178 381
288 52
173 84
98 339
176 107
306 267
136 79
351 42
164 367
199 301
16 288
247 174
343 170
261 365
361 166
395 140
334 71
378 108
154 76
47 329
182 352
196 318
32 147
359 382
301 158
284 316
234 318
90 177
89 139
143 237
92 325
376 26
395 355
133 336
218 367
265 1
319 248
106 138
183 65
308 84
11 379
188 244
297 65
208 173
203 138
11 294
63 174
108 245
316 240
181 135
394 233
135 314
269 240
239 52
92 334
322 289
313 110
320 398
175 129
171 165
266 368
247 117
143 354
361 246
381 330
380 376
350 302
78 219
329 316
58 22
251 380

405 514
312 262
55 81
192 206
52 379
325 319
223 177
123 78
378 401
215 394
303 79
361 77
154 257
10 239
312 354
327 77
110 234
338 262
6 124
159 154
194 78
67 12
255 189
89 324
282 400
4 179
73 364
353 323
313 362
157 219
310 175
295 111
100 324
64 203
42 319
356 333
397 18
36 343
303 221
261 179
312 264
50 76
320 94
91 227
50 344
40 51
113 27
258 213
350 14
10 84
332 57
108 15
74 143
357 377
55 309
247 366
265 393
133 179
81 223
97 130
161 136
277 371
259 227
178 204
240 284
384 166
32 86
278 106
325 326
174 379
230 15
31 186
3 163
56 83
78 152
310 238
384 278
300 238
99 72
133 30
47 111
293 79
196 165
281 115
85 49
185 6
160 215
191 259
69 246
34 146
397 35
76 68
312 375
402 103
139 129
132 282
336 19
52 223
280 24
29 365
169 213
370 329
119 156
182 284
93 312
25 182
346 197
249 253
263 342
47 401
65 178
375 92
294 118
314 168
142 342
127 310
149 189
330 364
36 204
242 128
110 363
1 51
154 249
400 109
185 41
201 346
218 170
32 203
288 37
371 121
378 92
122 218
280 47
273 315
250 110
135 359
67 135
101 318
76 95
21 357
232 318
395 45
83 118
247 62
155 309
279 224
93 400
37 372
41 309
379 290
110 205
341 274
339 36
283 106
228 400
58 54
312 47
195 86
261 134
244 10
37 117
234 129
112 367
193 249
367 263
231 72
159 166
37 189
298 319
295 217
313 44
271 316
187 157
402 42
290 240
52 19
49 382
244 257
343 128
100 304
390 330
67 143
187 103
332 80
113 318
393 117
361 258
28 142
107 24
183 88
360 331
203 100
307 42
356 341
169 51
337 251
380 403
85 259
198 108
30 310
20 17
22 72
372 146
310 73
266 185
257 220
110 55
320 109
96 270
141 361
12 72
303 84
167 80
342 364
187 371
365 304
79 78
67 45
223 377
214 83
156 66
400 362
120 6
65 312
372 303
267 76
374 262
159 135
341 192
190 219
157 247
117 332
324 184
377 239
252 185
13 2
250 7
363 61
109 120
372 76
17 331
151 82
187 1
314 219
192 195
32 40
36 246
371 52
121 342
290 372
219 302
373 160
1 22
221 109
238 187
281 351
209 123
28 395
123 33
208 314
227 337
45 263
177 11
6 297
44 295
263 262
191 327
17 191
40 334
397 278
115 272
223 324
395 347
5 112
379 310
118 298
338 162
252 109
172 257
97 313
146 359
266 28
377 282
316 11
307 288
114 173
203 32
259 241
133 371
215 134
180 204
66 341
50 174
205 306
270 209
143 320
69 170
388 351
80 399
349 78
378 57
348 272
185 201
108 318
263 14
143 37
217 209
70 266
74 371
263 36
174 405
47 242
169 30
284 346
23 228
115 92
284 57
364 64
258 163
73 212
176 215
249 84
18 10
349 189
380 303
224 148
302 270
81 162
299 365
199 13
284 314
202 162
62 257
322 11
14 86
223 286
301 163
369 10
172 4
198 146
306 113
390 299
383 162
55 373
121 351
386 404
259 279
258 12
130 271
23 240
357 245
120 252
2 83
358 173
86 248
10 83
360 91
381 337
252 127
402 65
72 74
160 22
352 12
34 76
283 56
7 331
300 126
177 301
305 226
165 390
68 271
164 120
361 139
148 304
265 144
368 29
217 123
50 260
231 83
27 108
138 33
33 129
158 306
24 57
224 285
138 388
150 301
102 105
131 250
4 88
393 63
213 302
185 262
156 11
345 183
215 174
215 345
303 65
342 326
121 160
303 356
143 47
348 341
249 74
185 349
258 173
6 65
166 191
18 321
298 362
195 204
131 5
240 125
166 177
142 286
28 39
236 267
86 276
203 26
41 387
374 298
251 379
54 11
261 71
24 250
125 218
49 352
319 288
71 79
156 212
57 281
251 389
142 28
259 36
53 299
18 21
288 365
91 341
68 352
104 188
196 228
405 341
174 11
321 341
186 71
147 242
351 397
226 185
116 176
220 168
167 334
285 49
294 376
82 53
14 185
240 306
104 336
242 374
38 254
309 224
324 50
60 367
139 382
243 254
250 57
114 11
391 90
59 376
157 140
120 267
16 51
168 119
386 101
184 19
354 87
242 369
137 398
22 372
67 264
317 316
321 122
326 403
212 76
65 60
313 184
327 328
234 186
139 311
286 322
21 331
4 359
391 237
352 8
300 110
271 211
20 283
25 37
377 236
112 133
392 116
8 313
39 241
93 274
244 70
190 264
400 290
218 386
218 261
85 112
370 47
15 81
22 39
214 90
371 17
223 357

493 771
383 205
133 420
118 324
135 53
337 266
145 390
183 210
249 21
464 55
179 235
493 277
217 224
265 339
433 180
203 439
45 287
345 177
214 462
202 348
21 45
120 360
137 5
77 87
25 242
142 398
476 336
181 199
67 148
239 201
29 143
341 73
132 192
444 345
160 152
394 375
392 215
437 35
219 215
121 439
456 457
343 438
300 226
338 68
373 278
268 401
122 115
176 253
306 126
299 167
278 199
48 176
116 484
210 334
205 32
474 167
489 324
306 295
56 345
362 428
324 331
37 148
445 407
400 257
40 401
423 317
301 172
194 416
358 105
452 69
136 432
431 326
262 438
322 19
485 385
148 315
222 185
462 173
98 71
131 332
471 255
350 278
129 50
396 486
349 354
256 187
487 388
19 256
333 341
469 324
232 124
340 454
10 11
328 302
81 161
141 253
415 490
232 245
242 134
237 97
189 493
283 183
387 302
140 421
344 115
446 277
238 488
237 247
5 267
56 85
427 391
39 50
387 270
295 135
404 38
427 99
232 216
281 321
219 122
248 264
237 396
48 176
390 479
125 394
252 180
180 380
272 218
132 165
487 426
2 99
165 428
393 99
345 375
419 71
4 368
36 240
270 83
415 166
69 46
261 22
420 440
402 198
359 40
65 353
167 66
153 33
493 52
131 46
427 56
311 132
126 347
371 395
429 487
263 199
235 225
416 356
172 26
256 37
65 320
91 426
87 439
458 281
490 291
326 125
346 144
256 173
490 328
75 127
322 39
28 258
263 443
120 136
468 77
368 234
98 458
361 184
105 325
464 102
122 492
421 170
142 184
342 333
18 118
161 41
351 383
493 121
332 315
256 8
391 130
241 489
290 108
179 394
135 345
197 451
45 125
322 381
10 366
220 222
185 82
263 43
465 457
358 5
278 315
13 176
445 448
171 436
63 51
38 392
97 430
51 141
256 75
223 265
440 442
188 326
226 450
368 392
116 232
396 393
54 408
75 200
65 440
337 322
193 76
220 484
207 465
327 462
46 56
428 187
200 123
20 425
274 387
25 389
321 420
289 76
37 65
470 101
12 15
422 399
90 343
389 297
314 417
460 62
473 395
248 179
24 267
305 492
161 329
388 183
450 183
453 188
442 429
483 453
443 411
60 234
455 151
232 471
74 199
39 53
100 286
426 318
60 432
316 415
462 210
104 121
94 258
308 43
193 298
197 337
410 257
272 74
109 11
51 182
209 89
235 10
374 362
327 135
301 344
56 269
256 354
389 51
118 399
93 310
203 485
348 314
443 127
387 58
332 437
239 47
227 175
251 303
44 279
437 46
129 493
16 86
353 107
137 471
12 424
482 409
415 39
424 364
360 318
123 198
456 362
439 190
43 391
492 281
176 435
28 6
136 44
92 191
150 228
168 356
353 351
271 275
91 201
340 450
220 463
349 183
331 294
74 75
191 267
58 68
403 85
74 46
323 360
236 472
289 105
36 148
157 306
422 443
209 464
399 428
433 450
312 465
250 385
241 143
353 298
210 263
85 478
10 407
344 440
88 334
246 123
482 104
131 112
53 339
82 154
273 216
110 92
187 61
178 428
203 38
427 115
2 18
99 206
127 145
152 409
180 397
233 363
202 363
475 255
208 258
408 183
176 24
469 362
84 348
491 482
87 425
103 88
144 396
293 465
242 146
380 422
244 120
291 446
482 467
207 392
427 316
276 109
41 251
172 319
300 365
307 387
296 111
474 141
209 469
113 450
316 492
80 67
313 73
214 4
241 420
97 369
437 372
477 324
351 302
130 222
116 23
219 421
199 359
136 369
471 288
191 172
367 452
186 141
172 384
382 293
480 257
236 358
436 219
383 293
28 20
216 338
237 434
265 435
1 401
12 174
195 203
47 263
356 232
404 35
123 487
327 109
250 70
169 387
288 58
381 17
272 103
354 16
238 126
152 239
228 164
114 124
68 160
88 423
93 193
159 215
186 486
26 138
257 389
31 51
148 412
263 420
216 123
137 156
443 288
96 177
153 209
2 220
70 90
345 162
282 10
377 170
2 104
307 258
194 39
11 341
152 273
462 70
97 105
225 47
95 320
418 247
230 122
169 299
406 20
460 194
29 45
65 226
343 371
185 43
410 195
86 263
169 54
332 461
159 63
14 448
84 133
201 15
254 369
313 166
90 475
62 119
221 126
46 71
199 230
113 310
127 393
79 295
447 411
262 307
473 470
261 259
305 163
273 260
39 288
426 323
269 189
441 489
16 486
66 409
418 374
225 51
273 6
47 421
416 11
234 97
480 1
355 486
359 330
253 397
124 380
421 392
75 369
89 285
63 350
201 480
230 127
37 204
132 84
132 54
94 67
346 275
263 402
268 128
238 222
226 361
108 153
454 377
223 245
168 286
101 70
467 32
197 206
430 328
289 263
84 330
429 60
99 337
29 421
277 250
153 339
357 305
300 435
230 246
110 22
346 374
190 377
272 395
15 107
385 278
385 170
114 22
230 407
60 453
334 336
210 188
182 268
492 183
210 423
428 21
146 475
394 336
60 173
432 74
474 324
351 67
195 464
88 424
79 342
86 412
185 295
106 68
264 300
250 473
424 379
493 77
360 96
412 419
463 350
492 145
375 350
406 77
22 195
202 296
43 287
214 227
283 22
294 54
23 245
33 446
130 228
29 191
25 142
116 189
492 310
333 75
361 245
151 84
439 353
379 481
341 100
410 131
316 210
184 40
157 411
187 286
145 216
477 364
59 294
59 252
110 391
327 172
337 477
256 477
38 141
167 81
435 278
211 257
189 96
491 345
13 185
333 158
102 316
28 160
311 282
412 421
179 245
99 218
423 56
396 163
197 264
243 138
48 155
97 237
250 94
88 262
278 420
121 379
437 344
241 255
132 159
377 12
105 177
424 34
233 327
391 131
292 335
268 340
489 364
278 440
160 67
404 139
189 31
25 132
76 460
88 402
125 166
414 229
45 46
457 472
74 355
109 366
196 78
212 387
144 489
333 303
62 243
441 445
469 167
84 246
133 366
155 257
234 270
187 278
315 151
256 389
207 66
261 402
143 174
295 286
364 330
95 127
274 238
79 249
404 357
197 44
229 351
2 462
322 384
441 143
236 203
233 442
463 195
52 113
368 49
100 238
378 390
67 158
134 145
109 44
8 305
282 431
357 479
400 185
71 347
29 306
252 262
449 221
456 7
35 33
55 135
465 134
31 38
292 359
182 102
104 384
108 88
322 464
268 423
350 338
471 80
150 229
43 105
152 6
306 186
233 361
22 204
1 247
437 487
112 320
290 216
211 397
303 234
69 77
163 418
116 140
200 460
71 242
266 222
442 78
109 181
438 131
87 141
377 30
329 191
51 126
108 456
224 112
196 293
383 60
412 5
395 118
464 167
360 236
388 308
313 3
191 453
328 277
295 407
8 325
104 58
450 211
216 181
322 411
175 406
173 93
410 269
211 82
435 272
317 329
86 331

120 734
1 114
79 21
64 112
29 80
11 31
99 17
64 98
95 56
58 110
33 107
87 103
106 80
81 79
94 6
3 114
47 116
107 117
16 50
109 36
1 119
59 99
15 2
76 109
58 5
91 82
103 57
56 88
9 16
38 102
13 40
95 59
27 73
48 35
2 36
62 2
26 120
92 40
2 39
20 51
43 102
12 25
31 59
104 39
66 21
12 78
53 99
9 79
51 56
113 45
91 55
38 108
46 10
27 47
40 38
97 75
12 100
91 42
30 75
72 95
95 75
53 27
45 61
98 88
108 82
12 70
8 41
57 54
42 75
100 82
104 69
36 115
40 118
28 70
72 91
44 47
38 96
65 82
28 42
49 15
4 52
76 11
85 12
56 6
86 36
79 70
96 106
56 15
104 84
76 55
46 120
93 83
87 38
45 107
71 85
113 66
9 69
69 93
72 4
98 38
31 57
99 6
34 13
17 109
88 72
35 79
36 109
38 65
25 16
16 110
8 73
118 68
21 90
20 17
59 49
47 107
19 45
21 52
57 29
33 16
92 59
87 8
47 4
72 19
79 53
18 32
42 86
44 3
97 52
61 25
99 40
43 15
52 86
71 80
110 78
52 48
44 51
87 39
2 30
49 73
82 67
96 3
24 19
5 120
63 57
16 41
96 58
47 27
15 109
99 5
66 30
44 102
80 10
20 73
31 69
25 112
7 120
106 30
11 102
21 73
39 36
105 6
85 31
25 91
11 3
95 76
24 11
57 95
12 69
39 43
9 64
26 15
55 4
36 57
105 56
1 15
83 97
13 39
119 37
9 31
96 85
46 106
13 12
109 73
50 31
81 113
49 95
40 52
2 88
28 49
89 43
11 65
47 41
64 75
50 64
105 17
20 22
114 33
33 102
105 82
5 58
67 53
24 98
104 26
65 11
74 33
45 77
90 91
117 25
45 38
88 21
54 100
34 39
12 66
21 108
20 25
37 86
69 61
63 44
86 119
46 39
24 91
107 113
53 104
9 90
13 88
102 59
67 16
97 70
73 109
50 92
5 86
49 73
26 103
116 111
102 42
22 5
4 8
109 56
103 109
17 108
76 119
46 15
6 22
84 78
3 13
42 7
91 90
80 116
65 67
99 38
108 112
34 111
111 22
39 86
2 55
73 77
45 118
83 50
11 47
120 13
51 41
20 13
2 91
1 66
37 99
95 17
82 8
7 64
21 37
29 22
92 101
91 8
90 53
58 101
91 57
105 22
89 116
26 90
86 26
28 115
4 2
11 77
10 9
21 30
46 49
52 9
22 16
111 66
65 91
37 113
76 50
81 71
75 51
29 101
70 15
96 71
25 53
80 25
65 102
62 105
25 62
6 38
70 117
103 14
79 19
7 26
60 79
89 15
9 117
115 78
11 82
21 27
14 92
51 70
73 113
55 97
54 60
14 115
56 109
9 7
119 7
32 59
85 120
73 86
116 59
35 118
20 55
24 26
27 67
95 91
51 29
60 96
89 65
91 16
53 91
14 52
97 46
110 53
45 54
18 33
112 45
22 11
99 46
36 117
104 3
80 34
31 19
1 111
83 91
119 16
61 12
59 29
57 40
82 94
93 91
6 84
15 19
86 106
64 2
94 39
4 53
64 26
71 65
17 34
35 7
41 88
18 91
108 67
10 61
40 102
32 37
57 38
55 22
23 111
15 109
29 10
41 93
36 112
29 44
17 55
50 49
22 67
19 10
5 20
70 44
1 93
72 57
11 119
70 25
109 85
13 9
94 46
93 9
29 1
44 37
56 93
85 69
32 95
70 36
114 12
72 106
104 15
34 106
13 103
3 1
67 15
10 33
52 94
41 80
95 85
116 30
49 80
90 80
46 40
108 31
51 8
26 65
41 12
78 16
14 78
74 20
79 106
72 45
19 31
19 95
19 40
23 98
9 95
16 40
74 38
90 4
46 116
68 78
119 17
93 12
87 39
23 37
24 86
81 34
109 99
120 7
10 23
96 11
109 111
50 54
21 20
57 66
7 116
15 5
13 108
8 91
18 30
7 33
108 88
67 96
58 66
102 60
80 69
70 60
60 119
113 80
10 41
17 8
37 31
12 41
10 19
11 27
41 17
60 28
96 118
115 34
55 96
93 15
44 34
74 95
24 59
46 26
99 54
33 7
85 37
39 86
55 41
113 87
50 44
106 25
33 100
50 87
75 14
101 111
47 77
63 97
115 88
75 48
112 74
4 28
112 90
75 25
74 41
74 117
27 98
29 6
20 107
73 33
80 55
72 6
3 14
94 117
93 40
45 84
113 48
112 97
9 66
1 82
98 74
70 116
43 90
2 62
77 66
87 36
112 38
33 114
43 6
103 15
45 27
98 30
66 81
6 67
18 118
28 116
63 98
111 97
59 104
31 15
41 117
42 32
26 74
18 68
71 120
74 116
18 43
17 75
4 22
21 11
41 16
65 10
119 41
68 102
71 75
23 67
116 46
84 62
55 31
12 46
96 7
63 19
23 10
22 36
30 34
38 62
50 102
71 40
23 11
21 85
85 35
24 72
73 107
13 7
10 17
53 105
15 107
3 30
116 16
57 18
50 95
71 91
68 22
10 82
24 22
47 100
49 70
43 1
48 56
119 57
64 43
34 78
22 36
107 9
44 26
85 18
89 55
77 102
56 39
5 77
77 104
5 26
26 117
73 108
2 16
22 35
86 43
62 72
52 105
115 69
61 4
37 115
81 18
50 111
14 119
67 109
115 84
7 104
28 71
83 29
79 104
55 44
19 117
115 62
93 102
10 34
105 39
20 57
48 62
39 54
60 105
42 46
68 48
29 88
111 116
69 87
43 112
105 39
106 46
3 79
47 36
56 85
56 112
5 117
23 58
48 7
99 93
67 19
114 34
9 104
21 77
70 63
60 46
93 37
91 96
116 18
3 51
94 50
34 98
38 56
35 85
55 6
50 1
16 43
26 24
18 38
92 80
93 31
5 65
67 88
32 54
105 27
104 78
76 10
48 106
65 82
62 119
79 111
111 94
25 8
109 43
46 80
114 10
102 118
66 41
85 90
94 61
116 70
11 63
79 58
48 15
11 102
6 90
92 116
55 117
116 44
31 33
115 24
42 97
13 107
17 90
68 102
30 63
51 40
118 1
97 37
16 108
18 21
69 102
8 3
98 3
46 120
35 41
15 68
9 27
47 17
116 114
118 18
49 41
57 46
33 26
82 48
5 92
68 73
73 68
75 42
70 113
41 97
33 47
44 33
73 82
49 61
76 38
78 4
78 6
49 103
31 2
30 35
93 90
107 37
37 54

258 564
232 44
192 130
48 72
192 101
117 144
245 198
121 38
109 239
181 191
155 108
35 122
196 23
175 169
72 245
12 21
89 235
65 22
106 104
85 39
204 202
174 182
133 36
219 242
8 134
166 154
241 200
18 170
223 184
72 36
163 75
56 243
51 112
6 148
216 83
186 153
26 93
69 158
121 21
133 128
154 33
16 128
232 33
40 188
208 103
223 104
178 13
88 228
116 86
118 65
168 37
218 193
130 28
84 250
48 209
111 194
241 126
55 206
150 94
136 92
189 92
195 108
96 25
77 212
102 186
18 11
215 227
195 86
254 12
69 36
212 179
221 186
39 17
134 180
103 3
13 33
94 208
140 190
224 208
135 59
136 152
69 92
121 255
169 108
258 237
135 212
149 89
139 179
106 6
101 200
8 105
232 94
46 105
17 11
54 151
61 181
36 121
6 148
117 166
248 117
136 116
62 19
205 200
197 44
198 31
243 197
136 208
32 181
54 40
184 99
182 244
14 218
107 19
99 215
177 80
65 54
196 126
72 134
60 3
177 257
33 153
195 160
102 219
83 147
258 8
245 182
243 258
133 91
11 223
40 187
45 104
232 230
38 107
31 40
25 21
64 177
215 224
12 175
48 158
167 47
136 90
31 128
214 114
138 178
153 58
214 256
23 187
219 60
35 241
99 51
3 163
219 218
128 230
126 167
121 34
213 257
115 243
126 70
90 255
240 242
54 195
232 68
116 184
128 150
167 226
201 169
122 161
120 241
125 246
149 245
13 103
235 128
80 102
189 161
98 162
137 143
91 110
203 206
35 72
97 193
31 104
153 184
223 127
42 202
18 28
215 112
255 76
183 98
256 86
188 160
222 64
242 65
8 189
91 71
19 26
102 42
121 246
225 77
114 8
21 123
27 227
227 23
36 151
113 25
228 34
184 183
89 159
247 89
89 80
159 100
97 2
141 217
239 107
35 95
106 47
209 124
7 177
147 42
70 251
59 31
18 242
214 106
135 202
194 223
15 95
64 103
88 196
53 69
44 88
155 141
126 105
7 125
24 145
158 85
137 216
115 146
192 70
251 68
6 187
24 20
15 80
115 94
17 167
162 53
246 50
193 114
155 191
230 178
77 129
254 205
87 110
92 20
180 77
79 185
5 102
196 11
181 52
104 198
219 258
242 206
49 176
53 203
101 24
114 177
153 109
116 231
219 199
250 132
17 70
50 13
163 237
15 86
31 119
17 241
110 258
180 158
167 233
103 9
248 208
178 142
51 27
106 11
225 97
134 234
158 175
238 63
153 253
140 183
105 156
157 214
147 79
113 55
45 207
64 34
149 241
168 199
1 15
201 225
104 76
192 3
250 172
57 144
166 188
61 4
85 217
217 231
29 63
20 73
12 83
107 160
57 16
100 57
30 42
15 133
109 207
128 92
120 176
227 19
106 29
22 182
238 230
147 8
34 158
73 37
240 179
196 30
186 29
78 207
62 92
74 162
32 201
253 151
110 222
161 207
242 174
123 221
145 3
221 171
160 35
207 141
205 137
162 124
157 239
72 219
72 145
114 104
87 101
246 189
64 141
137 39
48 1
2 185
3 214
97 162
240 45
36 178
181 189
43 80
169 114
32 233
1 137
70 79
237 49
9 42
189 138
81 237
130 74
163 133
21 251
28 2
37 56
179 210
244 213
23 147
68 46
121 68
182 139
161 230
147 194
161 18
8 131
148 73
27 14
93 19
33 86
47 80
256 248
66 210
12 204
20 57
58 79
231 239
217 125
210 98
60 104
107 68
234 254
132 2
1 225
12 34
44 59
113 42
48 170
243 52
115 4
100 172
75 72
144 25
196 96
114 248
199 221
49 175
208 180
168 209
138 172
242 182
230 96
223 11
258 207
62 114
203 154
20 11
225 155
27 155
250 141
136 183
95 184
91 44
97 258
252 235
163 227
158 134
57 114
137 56
54 190
161 248
85 172
250 44
69 19
198 60
159 75
242 253
250 74
30 88
66 24
64 228
242 213
96 40
60 224
95 106
155 248
95 240
161 87
25 221
105 214
15 255
22 256
241 13
64 12
92 121
27 156
82 11
102 169
50 154
134 137
1 31
126 87
12 20
173 28
241 11
241 255
257 4
244 239
8 41
243 99
153 11
246 235
21 82
145 63
235 21
191 235
43 58
63 46
69 228
73 43
230 47
31 221
42 9
193 49
49 177
139 194
188 127
170 200
208 48
254 176
60 186
144 94
235 198
139 46
159 211
80 131
249 111
85 32
119 19
72 159
196 211
94 117
71 255
50 12
37 46
187 96
231 72
182 208
3 62
245 162
7 66
34 255
168 110
29 28
128 92
179 57
44 14
165 114
3 215
117 39
252 37
126 216
108 49
157 111
111 143
6 117
201 39
105 110
140 133
130 9
217 42
58 2
47 222
108 49
170 224
79 155
3 197
113 102
237 11
204 81
146 209
189 80
239 36
181 120
160 52
121 118
85 170
120 132
125 219
172 29
176 251
183 170
181 29
6 159
40 201
240 177
144 170
256 116
205 178
228 107

26 91
24 2
9 15
21 5
1 25
19 9
21 14
14 1
26 5
15 1
16 10
19 9
4 6
6 22
24 7
6 3
24 4
6 18
1 11
21 1
5 21
20 18
23 20
23 13
22 14
23 15
24 26
22 3
23 21
10 3
23 9
6 5
15 25
5 1
21 7
7 25
3 1
17 25
22 15
13 17
4 9
7 1
10 3
3 7
23 14
11 22
23 16
26 13
16 6
13 11
12 19
11 16
21 1
14 16
17 26
9 20
11 15
22 20
19 1
2 16
16 12
11 12
3 12
26 19
17 14
5 4
9 15
19 3
18 6
21 10
7 3
4 19
17 1
13 10
1 16
1 17
2 13
4 24
4 24
16 17
4 19
25 21
11 2
14 18
22 23
24 26
2 17
16 3
5 1
3 20
1 21
23 15

206 331
138 108
84 85
122 16
157 11
174 113
170 99
152 75
181 166
194 49
66 39
25 136
108 143
117 76
166 90
25 176
88 182
97 171
81 12
206 51
22 173
164 5
85 109
79 60
68 66
128 133
125 152
82 46
88 199
141 67
82 185
36 189
161 152
173 35
164 173
85 205
159 42
4 58
171 102
117 32
188 58
165 126
3 40
171 110
52 105
177 153
84 26
155 58
178 122
92 155
108 196
153 80
52 176
137 16
72 67
67 53
124 45
178 126
105 142
50 176
60 40
123 143
85 91
200 76
26 105
24 133
115 197
7 186
166 143
15 51
24 81
103 147
126 94
87 24
29 136
199 89
195 135
45 73
20 39
149 45
163 192
198 71
202 18
50 162
180 64
26 203
165 129
144 84
16 24
127 65
179 139
173 167
68 11
53 107
69 201
171 26
1 182
116 202
199 186
177 193
63 203
3 21
145 146
124 160
189 44
38 181
183 4
141 64
15 194
170 83
2 154
128 22
130 38
18 142
17 8
128 99
4 131
120 148
90 37
122 93
101 159
67 97
183 2
160 197
9 143
93 30
90 15
52 33
72 89
175 108
96 116
206 120
60 119
81 150
176 202
36 70
175 122
166 171
143 139
161 151
75 67
181 184
101 46
11 172
134 205
93 23
114 113
142 174
45 17
137 14
32 192
103 20
107 82
190 44
14 164
8 108
45 2
106 145
47 136
131 180
134 17
17 61
129 178
48 174
8 204
1 60
189 124
79 110
205 83
153 33
60 180
140 104
182 59
43 42
194 193
36 121
3 52
202 152
23 63
139 51
61 159
110 43
76 2
152 75
104 118
127 164
112 60
81 87
119 123
148 126
109 183
61 132
28 56
97 71
118 49
121 178
1 44
35 97
65 206
191 169
138 111
146 43
190 20
149 102
143 90
22 65
67 102
10 114
157 106
184 88
174 118
60 175
181 114
85 40
113 69
22 64
179 167
126 162
186 68
78 142
178 119
21 38
14 30
171 170
156 169
71 123
100 150
111 75
57 195
134 190
77 155
47 49
115 193
5 94
54 102
50 25
14 70
82 27
99 67
10 68
29 100
5 128
44 115
16 120
124 149
103 200
97 170
63 25
156 87
139 23
188 68
15 51
169 61
169 29
90 31
57 189
35 205
26 169
14 146
106 183
62 120
93 25
182 118
200 62
70 17
63 51
104 77
121 66
137 103
115 20
133 191
2 187
189 48
170 17
7 69
13 68
188 105
113 183
36 106
38 125
142 120
175 39
196 109
125 146
6 33
185 158
17 1
159 20
48 122
56 54
4 68
141 6
192 47
188 22
153 40
146 108
159 135
167 169
57 105
108 62
137 107
34 173
107 192
6 154
127 61
21 130
128 161
135 114
2 137
155 174
176 114
95 148
62 75
110 119
179 32
200 129
138 47
116 38
32 121
5 178
182 45
122 123
205 70
50 20
206 18
7 195
132 102
137 7
176 60
125 169
91 139
91 42

309 61
305 237
18 103
2 219
44 246
135 269
213 102
82 212
16 295
304 270
107 254
71 96
210 9
264 95
270 149
259 249
65 255
93 82
48 11
217 9
257 269
194 160
61 192
288 302
177 282
263 200
226 250
296 127
258 250
138 219
6 87
75 71
32 167
69 306
94 286
231 41
162 115
200 222
306 179
131 91
68 84
290 211
250 193
254 199
51 308
25 56
85 16
126 34
99 112
256 192
88 177
233 249
208 40
78 204
135 125
211 120
209 109
21 66
301 191
181 42
189 205
15 190

310 354
63 110
179 256
232 29
84 281
41 71
28 294
118 279
306 147
253 163
79 45
148 19
97 80
142 135
289 270
272 302
249 147
101 117
214 144
268 110
114 120
180 264
104 109
44 221
256 296
195 146
152 154
164 248
45 306
194 24
265 277
137 203
235 237
10 139
193 89
248 118
208 239
193 123
160 236
33 227
33 39
62 184
193 226
243 237
221 126
72 297
215 208
2 139
257 133
277 139
221 26
256 118
77 139
241 236
186 85
152 219
124 213
214 6
250 147
242 282
84 4
269 298
23 270
127 279
92 215
107 2
53 175
241 129
125 171
54 310
68 17
30 191
41 56
8 291
202 61
262 97
186 32
207 209
301 23
177 204
49 96
17 101
270 258
41 84
240 216
205 307
232 47
309 273
102 128
65 115
189 138
211 64
292 107
272 282
251 261
298 112
46 4
212 127
73 253
210 3
158 226
121 202
272 242
286 185
59 162
299 247
299 200
123 280
118 84
64 181
156 173
292 201
176 193
17 249
257 38
63 227
76 305
240 37
236 215
222 107
66 210
43 176
221 287
268 151
61 143
21 28
5 2
41 302
6 57
52 75
217 114
113 292
231 42
140 156
68 51
262 133
73 117
120 105
93 77
255 275
31 87
115 35
210 155
27 216
211 200
102 239
4 214
220 46
67 50
13 134
222 275
78 106
203 197
211 107
86 277
194 116
176 308
273 75
152 111
102 174
310 203
103 125
228 134
170 294
305 183
117 29
269 6
134 283
203 156
79 100
245 84
215 110
81 299
184 232
99 98
96 99
300 10
35 30
265 205
135 260
199 252
288 279
69 233
251 271
79 141
60 13
225 87
244 305
75 117
39 296
26 256
206 16
265 240
167 31
256 301
290 266
54 79
234 123
2 174
83 80
5 265
214 41
41 147
157 237
75 195
222 101
262 239
238 216
169 94
59 236
84 38
192 260
117 115
72 118
289 276
9 105
230 34
267 82
302 113
131 188
308 42
100 259
281 27
287 261
242 35
186 138
194 67
87 310
182 158
239 282
245 59
198 165
214 154
246 17
266 188
205 75
42 304
146 12
143 122
84 196
278 81
145 161
148 231
283 141
200 23
234 135
204 243
111 107
86 168
124 163
46 140
50 87
255 195
220 87
128 303
95 195
239 67
32 282
161 294
293 184
29 239
199 271
39 117
46 207
52 21
64 191
70 150
136 264
181 34
81 295
128 297
179 53
23 150
214 6
132 209
35 61
219 305
221 25
163 239
77 305
302 79
64 263
26 139
255 182
31 239
121 17
108 299
191 130
138 216
257 82
236 103
264 144
220 174
291 194
103 57
188 216
257 63
291 95
13 235
276 43
286 86
181 83
75 183
24 89
92 227
136 195
180 280
226 166
260 109
80 128
296 295
196 170
87 290
182 134
255 36
109 31
216 3
227 210
148 62
298 239
289 124
245 280
215 160
135 164
80 214
103 65
11 298
46 97
278 227
230 34
74 28
186 101
30 102
1 299
286 110
228 264
45 284
233 259
256 180
234 25
83 26
212 93
136 257
2 225
296 43
258 59
193 134
282 34
47 282
23 22
203 250
97 248
35 142
8 290
11 242

138 445
35 76
34 114
132 125
48 71
25 96
130 71
59 19
129 51
84 97
133 86
58 103
35 90
54 19
14 92
22 74
135 96
51 30
72 44
16 119
17 80
116 8
13 36
66 3
127 51
99 121
136 18
125 33
107 81
91 22
34 14
95 30
109 47
59 82
91 114
103 107
56 80
16 108
18 81
110 6
131 110
28 128
127 54
62 135
134 54
19 30
67 15
99 78
62 60
21 54
75 25
22 32
105 77
1 24
19 12
69 51
121 136
80 109
51 44
8 47
97 26
116 26
40 76
103 3
37 25
56 14
50 77
45 56
55 86
119 113
97 49
25 80
86 7
90 136
50 137
84 8
24 61
73 104
39 77
106 115
102 24
128 53
2 35
10 57
22 128
31 118
38 96
99 123
4 91
22 53
89 106
100 15
28 35
118 106
111 85
83 114
10 72
68 12
8 77
108 29
66 40
49 103
135 49
127 40
1 11
92 130
116 54
46 45
128 25
13 2
11 95
116 61
28 45
112 36
24 81
104 89
120 14
94 19
63 122
58 103
132 52
134 11
7 41
96 134
105 108
135 18
104 14
78 33
99 51
108 122
33 74
72 14
127 67
72 91
51 32
56 84
83 91
95 89
34 92
124 40
101 120
57 66
134 36
98 94
86 108
117 118
43 50
34 31
19 7
122 69
78 79
14 62
71 10
12 104
101 37
6 103
19 102
30 54
138 30
9 125
137 125
7 81
76 80
13 134
126 134
64 66
114 118
127 47
29 41
52 32
77 97
134 95
61 66
50 60
95 58
86 133
84 92
75 62
73 87
97 61
123 23
126 98
42 16
46 70
56 98
101 133
56 97
129 18
24 41
77 20
138 65
14 124
58 128
87 131
116 45
53 2
107 80
2 10
95 47
80 13
46 82
47 102
40 77
119 103
19 98
122 59
64 37
44 121
26 32
113 44
116 67
85 8
86 134
103 35
115 17
80 59
63 83
138 1
104 103
20 103
86 78
28 123
23 10
50 94
25 133
111 91
80 97
1 27
93 103
61 109
119 43
29 83
125 29
83 130
33 4
94 118
121 4
45 33
54 40
97 48
13 89
127 109
89 56
103 53
18 74
73 60
4 17
87 72
2 78
104 45
34 84
28 56
87 112
88 42
14 86
130 66
37 118
36 125
75 1
80 93
74 14
54 77
71 2
51 112
80 16
18 113
1 85
70 128
59 60
31 112
7 22
39 43
42 114
30 116
114 11
110 89
64 26
68 134
27 118
107 8
133 27
22 36
111 92
25 71
13 95
84 19
19 122
62 60
98 131
77 113
3 89
64 66
114 33
102 42
12 110
50 46
136 71
81 11
24 7
81 76
102 27
95 120
50 58
81 9
50 59
24 92
9 87
19 122
119 22
26 32
132 75
77 31
47 60
41 71
106 122
8 69
50 4
90 99
61 32
10 12
91 33
103 99
119 24
123 1
45 10
72 78
124 50
109 32
109 11
4 77
34 52
47 83
55 137
44 18
70 53
29 62
125 132
63 7
57 47
7 101
96 118
41 81
29 51
14 40
61 58
18 95
109 64
79 65
102 122
82 74
76 111
135 102
6 59
108 62
105 16
24 102
133 104
84 24
16 98
63 117
17 80
113 27
45 53
91 9
77 35
82 54
47 118
18 52
39 125
113 45
43 38
9 37
4 92
100 59
91 24
77 9
5 51
75 50
6 28
98 82
102 81
37 10
60 54
61 138
81 75
45 123
112 93
21 17
86 23
116 79
46 54
127 91
7 64
2 12
131 1
133 94
81 31
5 42
125 105
42 107
41 126
91 54
120 13
71 107
35 48
47 121
3 76
73 9
1 114
60 33
114 94
126 96
27 32
137 13
38 80
21 78
107 111
131 88
25 103
97 60
12 45
82 55
120 16
63 22
129 25
54 6
118 41
3 46
112 41
98 11
121 118
128 129
90 23
119 115
125 77
76 39
121 19
93 103
74 57
124 64
81 40
109 101
120 111
8 134
13 106
46 35

87 169
2 44
70 24
12 63
85 45
78 80
61 44
60 56
36 82
62 86
53 75
79 5
26 87
79 51
7 53
11 76
10 4
24 71
27 35
46 16
79 29
8 52
72 68
20 54
73 11
11 52
81 7
77 80
86 33
78 51
43 59
52 38
82 35
64 30
72 71
13 78
57 77
50 68
1 16
46 11
18 10
84 25
79 76
23 24
67 73
58 30
37 8
24 63
63 45
47 46
58 52
36 19
41 78
86 41
85 36
44 16
46 40
40 37
20 62
60 78
39 22
20 67
29 44
34 4
80 41
50 36
68 60
76 58
51 30
56 86
65 71
44 9
15 72
28 76
36 19
19 57
30 77
77 73
23 72
66 7
25 20
43 6
72 31
55 35
52 23
25 21
85 61
29 12
45 57
79 73
67 2
42 9
78 24
74 13
8 44
12 25
63 54
22 39
76 73
33 4
3 53
1 63
74 5
20 43
75 5
14 77
39 22
67 62
8 72
61 43
83 85
19 41
11 49
21 87
27 53
82 29
11 74
4 84
78 15
31 66
20 36
55 50
57 26
16 57
10 76
12 84
66 22
37 76
71 58
67 2
15 61
30 17
48 33
5 30
47 35
87 58
70 46
12 32
72 27
80 73
16 83
70 73
18 11
53 80
60 33
81 67
85 15
83 37
47 1
67 85
27 58
48 2
17 59
33 80
86 17
57 6
12 39
78 21
42 43
13 14
67 85
72 65
12 68
14 50
68 72
48 86
35 87
87 43
58 24
35 56

319 410
32 226
64 101
209 184
281 185
102 202
66 29
229 244
125 177
285 155
153 274
211 245
186 116
192 178
23 218
175 121
69 315
135 132
204 24
104 273
316 205
264 171
233 173
95 146
138 60
89 291
123 89
5 97
204 197
274 15
95 238
135 163
22 58
83 14
190 186
287 186
180 231
37 201
84 239
28 11
88 224
301 210
101 94
95 304
290 50
319 66
76 242
17 205
89 100
218 67
74 185
252 253
204 78
135 77
105 270
87 192
282 68
82 64
161 177
156 240
15 155
94 198
186 110
83 63
317 89
129 72
63 61
5 266
246 247
23 32
197 109
223 160
284 94
12 126
59 167
154 181
111 247
59 296
37 249
39 35
18 275
214 80
16 7
27 51
254 157
82 239
266 93
187 230
186 198
144 33
46 297
213 264
224 60
29 261
308 175
84 115
130 86
302 145
92 117
303 134
274 173
54 220
266 29
238 240
227 63
273 61
40 166
5 264
226 33
313 3
207 185
117 17
270 100
269 150
5 42
284 278
214 126
286 160
154 205
81 61
267 142
229 95
307 22
147 2
54 140
5 49
113 121
173 171
9 231
110 14
272 74
80 166
199 47
115 33
40 303
202 306
125 111
189 220
133 17
222 294
264 226
132 58
135 304
17 252
215 126
54 167
307 241
122 186
287 236
8 7
219 209
101 24
108 290
243 29
306 253
112 250
159 243
96 83
16 221
123 20
27 176
294 123
97 96
308 173
12 104
287 19
101 69
150 317
147 182
26 241
115 245
279 63
168 164
253 292
65 56
311 199
231 285
2 116
62 99
77 181
202 45
308 92
221 138
89 48
319 222
77 223
148 36
285 104
199 218
76 52
62 67
251 81
141 41
196 310
247 62
279 130
106 267
221 7
194 309
162 301
211 27
204 147
62 277
251 50
283 115
209 25
290 248
213 111
289 198
209 216
259 168
134 45
224 143
159 98
132 109
187 132
135 180
67 304
245 317
34 209
113 243
22 83
171 235
301 248
113 190
145 160
38 67
204 261
210 151
147 130
259 15
50 74
302 117
58 227
222 200
116 15
123 246
205 82
269 186
11 170
56 263
10 202
118 2
251 8
152 187
246 91
309 295
272 291
92 10
198 314
209 103
117 120
137 3
310 86
296 1
44 141
52 53
131 169
54 62
285 205
37 211
84 26
294 36
316 175
45 303
277 43
86 74
270 11
184 260
96 269
49 247
90 208
299 9
58 141
70 131
134 215
130 217
240 104
252 26
278 85
9 235
235 202
98 186
212 281
234 96
230 283
23 108
171 110
116 17
250 294
147 172
297 276
69 217
169 109
31 127
301 147
43 217
29 140
191 29
209 105
232 228
176 43
124 28
152 29
152 190
111 88
42 88
152 110
93 1
7 124
128 308
270 278
313 88
206 292
224 203
77 137
111 42
179 24
177 120
52 9
309 162
96 32
38 248
249 130
248 256
253 164
33 312
230 134
80 116
106 303
319 290
228 218
12 196
241 188
315 81
197 304
31 81
124 68
9 54
306 46
98 239
317 238
20 228
52 207
132 265
191 131
235 207
138 247
83 167
223 78
248 208
63 278
289 294
135 86
28 121
239 233
148 237
151 168
253 310
55 65
255 34
304 171
30 122
206 112
288 217
298 5
106 149
72 183
123 314
268 151
115 296
172 51
213 4
7 146
102 170
210 38
311 194
316 21
104 202
241 181
99 219
293 312
48 153
175 170
147 124
109 50
208 281
101 73
107 35
282 276
33 319
268 16
104 77
119 305
317 88
193 216
62 293
52 214
149 222
150 61
119 199
268 188
299 157
49 195
191 12
259 12
119 315
27 223
73 254
316 178
22 297

324 815
171 78
40 181
23 10
270 199
46 34
130 114
247 239
19 27
69 107
32 104
280 101
107 310
229 89
200 194
75 43
133 261
137 172
117 175
181 78
49 242
111 195
31 49
125 65
91 193
172 123
312 143
239 95
144 143
199 19
28 273
78 160
226 214
23 34
64 203
112 129
137 222
323 183
287 123
248 53
7 111
175 318
269 105
88 247
286 122
291 251
199 126
152 88
165 185
168 43
296 195
210 310
54 172
108 317
224 114
103 91
107 63
211 150
134 188
271 116
114 146
257 281
249 97
158 92
156 145
79 26
30 64
79 217
187 87
133 316
205 239
115 267
125 1
92 274
188 55
65 318
216 14
290 140
110 123
248 265
284 18
307 313
82 77
222 284
164 46
276 44
284 66
311 100
82 94
66 285
164 146
278 55
159 260
211 285
74 134
241 33
151 223
38 248
316 275
208 155
320 175
214 295
240 216
70 321
310 151
281 165
297 251
220 131
202 106
91 275
255 8
324 97
246 37
21 237
311 244
83 322
110 297
292 25
188 53
37 189
204 9
30 176
275 265
322 152
46 105
119 316
128 118
88 49
170 124
302 156
59 60
153 168
32 136
208 236
188 260
100 83
269 145
274 235
85 272
79 146
52 197
137 195
6 241
243 175
40 236
22 99
296 190
266 19
1 150
254 204
85 46
287 45
190 236
296 291
199 50
112 266
262 265
136 267
181 71
117 236
306 154
26 293
19 292
312 19
133 241
238 233
302 200
294 168
128 265
134 2
314 261
268 251
217 95
209 73
165 17
1 147
170 26
115 188
9 118
222 157
51 135
66 28
27 51
195 170
315 20
171 320
297 130
262 189
225 146
278 81
162 278
243 7
319 50
210 4
167 123
160 217
273 225
245 299
291 131
160 281
151 23
292 139
152 229
3 68
66 280
149 227
249 83
249 244
132 150
247 299
272 82
191 221
323 111
211 289
258 47
262 100
69 229
238 236
134 240
304 199
212 144
118 136
242 58
55 50
208 301
24 171
75 230
67 89
33 294
53 290
16 6
65 84
235 302
11 60
233 314
274 120
149 83
256 67
141 310
132 40
303 155
210 53
60 293
141 108
262 209
73 293
215 153
68 141
130 78
200 55
84 165
174 232
248 121
314 80
123 121
135 101
291 36
169 43
4 1
150 281
225 239
265 131
67 8
271 213
86 162
283 169
19 132
92 266
269 98
37 67
234 171
183 201
206 27
259 226
43 100
198 283
14 139
90 97
162 36
1 247
214 283
107 232
90 199
189 34
312 225
116 221
87 298
113 308
16 47
225 58
147 115
17 176
269 122
272 106
173 272
45 62
230 151
309 12
41 173
61 28
89 177
249 191
150 53
175 166
100 91
239 262
205 271
113 149
68 61
255 257
24 299
318 254
141 319
265 182
183 1
225 272
193 165
154 19
218 20
200 317
111 114
254 315
77 42
156 160
118 102
92 142
76 102
71 232
112 27
89 294
43 314
257 236
154 87
270 63
106 145
55 216
274 324
223 42
58 54
202 191
155 309
8 246
86 94
153 213
136 258
183 179
263 115
106 92
201 51
171 323
195 241
214 160
241 112
202 314
181 79
180 11
63 204
256 165
297 101
69 109
34 251
303 296
42 84
79 258
150 249
256 20
166 146
179 98
273 72
87 130
150 266
156 229
161 104
85 134
204 153
258 253
96 252
224 137
11 302
70 176
243 18
195 84
179 65
197 127
137 283
272 302
240 120
222 77
223 322
226 118
151 159
46 246
86 269
74 112
262 159
287 180
176 173
279 30
253 151
173 81
125 136
59 57
255 296
133 169
294 34
286 136
208 7
73 309
291 162
96 245
320 74
116 188
246 87
233 174
237 97
271 54
233 21
110 179
316 258
24 301
307 1
112 190
24 200
190 314
37 285
234 49
50 42
252 295
128 160
160 56
273 122
109 197
142 234
51 134
167 90
126 149
91 254
30 130
129 235
119 182
195 45
246 260
102 173
230 229
24 82
284 296
203 69
168 37
302 235
170 161
16 311
1 122
240 47
251 61
281 62
242 168
122 179
103 223
27 25
127 66
106 86
54 324
170 237
36 164
147 221
324 163
208 16
284 139
62 227
199 19
288 116
186 85
310 304
307 12
4 109
94 125
210 147
125 56
75 176
219 222
89 234
76 296
249 51
126 311
277 1
21 256
132 222
16 118
201 322
145 205
122 238
5 24
76 145
79 151
13 313
64 101
222 155
88 162
221 213
148 190
213 184
121 21
81 137
138 282
150 298
178 288
212 198
311 303
35 65
145 47
69 208
147 290
54 250
127 275
138 291
140 43
150 260
79 247
88 232
220 238
205 73
217 108
286 203
87 320
283 231
58 27
131 220
8 184
145 150
150 299
116 289
17 282
241 95
204 4
2 99
257 222
187 165
6 164
43 108
176 17
14 233
59 160
129 66
36 289
216 185
263 23
166 295
304 82
81 199
101 98
313 50
320 191
214 1
31 273
108 206
305 137
130 40
313 258
121 24
239 12
208 177
51 49
148 46
146 244
245 247
18 233
312 13
116 217
29 146
181 152
43 162
288 188
201 276
138 13
299 52
41 199
244 91
247 83
136 85
3 72
23 20
305 10
32 112
242 60
273 99
211 315
260 190
194 152
158 7
164 148
58 204
22 302
310 285
60 122
45 62
193 67
81 189
92 128
300 9
187 248
107 89
254 42
279 124
209 112
146 49
259 204
268 281
197 254
257 256
67 301
10 275
43 106
140 150
234 131
158 96
71 265
185 16
322 155
155 207
266 301
271 216
180 214
188 52
159 120
323 225
96 8
192 154
114 7
303 39
153 137
134 223
93 10
255 90
164 85
296 121
61 258
13 240
164 216
307 322
12 322
239 123
5 106
293 134
128 271
172 280
99 322
195 207
23 125
297 187
209 284
323 286
218 27
217 57
243 200
70 270
213 308
68 233
105 36
43 232
323 230
204 113
243 90
12 266
230 308
144 130
283 142
91 176
185 308
248 119
199 318
64 87
317 147
319 98
199 53
21 213
299 240
17 217
5 28
174 234
11 317
40 294
151 146
161 11
129 85
129 19
94 208
121 86
30 116
199 244
184 236
132 174
151 149
67 156
176 256
81 203
249 136
188 75
282 24
101 102
124 245
121 233
144 241
11 173
48 209
93 248
120 240
97 271
64 179
118 240
111 214
134 35
26 321
125 323
36 241
100 176
177 220
84 320
153 110
184 200
319 292
139 130
208 236
76 271
90 209
202 200
99 11
250 140
23 66
138 75
306 237
250 174
149 25
169 301
135 29
192 145
320 7
274 219
258 42
166 23
250 59
239 40
86 180
195 124
246 8
198 243
261 139
93 101
164 277
77 314
321 284
134 9
306 83
227 239
124 84
278 66
143 208
121 244
63 316
43 324
15 241
259 291
55 27
67 234
319 143
223 316
119 32
324 116
131 242
31 270
2 324
11 160
207 148
79 285
139 121
285 169
53 219
136 124
261 202
49 255
37 272
262 155
319 277
270 125
195 316
71 196
7 97
31 213
244 109
190 74
245 166
243 314
60 54
129 12
255 177
282 307
140 220
137 135
188 99
275 58
106 37
253 113
150 299
17 69
99 206
159 36
47 77
25 122
146 169
133 92
37 107
75 177
18 227
3 205
1 293
263 107
6 207

125 442
94 45
36 87
49 119
29 91
114 102
36 81
88 14
5 2
41 70
15 108
108 38
84 100
31 93
35 104
6 90
49 27
103 11
52 96
16 18
62 95
53 17
34 43
123 35
84 44
49 43
27 63
1 103
71 8
47 105
89 29
47 12
55 24
124 84
96 117
101 32
86 5
26 119
47 125
29 107
44 54
2 47
117 104
24 62
112 70
18 52
98 41
40 4
64 16
87 12
7 39
20 92
20 45
62 67
22 67
25 65
121 26
88 89
5 88
2 93
9 121
19 106
37 35
86 77
50 25
88 56
40 108
124 60
4 61
103 25
104 2
66 99
5 28
39 9
92 40
78 100
13 73
57 49
107 18
125 32
19 65
64 58
24 63
94 27
100 71
29 78
73 94
29 77
99 67
62 65
84 14
17 96
63 73
121 44
90 120
52 85
36 116
120 59
53 88
86 27
34 91
81 83
36 109
11 9
28 72
51 111
62 67
58 101
14 53
19 81
24 48
17 60
38 11
118 90
99 55
93 109
20 25
43 56
9 53
41 36
101 68
123 14
111 55
114 102
107 109
34 5
31 50
64 68
38 34
9 113
65 78
96 62
103 115
117 88
42 9
123 119
54 97
7 16
26 97
94 109
80 2
113 88
29 7
66 39
16 53
103 70
125 39
47 91
7 9
109 118
108 102
23 79
85 38
81 33
109 64
89 110
29 51
115 34
58 32
72 50
61 26
119 37
42 18
2 48
3 110
17 88
86 39
18 22
54 99
54 37
14 18
21 19
45 113
52 102
19 100
3 80
103 99
116 19
93 118
66 95
79 60
57 17
98 52
38 26
25 69
62 15
86 60
34 107
24 62
84 42
37 63
121 116
13 89
9 105
58 51
75 11
110 108
27 83
11 65
85 35
110 124
27 70
35 60
28 58
121 88
76 9
26 49
124 38
12 7
18 69
35 69
56 19
28 83
78 39
124 38
50 108
13 76
29 47
112 56
81 108
19 31
93 21
79 92
58 67
75 52
112 86
97 43
105 102
125 57
15 123
71 41
82 60
94 110
106 80
17 38
39 35
69 7
55 124
75 90
66 1
118 52
87 90
94 66
66 70
99 57
67 22
74 125
81 42
109 39
122 1
76 35
12 19
41 67
120 92
8 60
93 125
88 54
89 34
119 6
103 69
39 22
90 113
21 23
29 5
61 25
107 11
37 118
7 54
36 1
21 43
60 113
20 124
41 85
32 11
68 10
79 106
31 21
93 51
43 122
32 103
123 115
90 34
108 96
88 120
73 85
15 7
72 34
108 112
118 14
99 37
23 52
18 30
49 110
58 68
83 89
22 58
79 112
68 38
59 7
32 7
91 23
115 37
56 97
125 26
111 98
62 110
2 56
117 27
41 49
95 100
114 116
32 67
79 77
81 13
83 90
121 49
112 110
62 20
59 62
22 21
11 83
5 12
14 98
16 31
21 110
107 10
100 116
53 54
67 111
43 24
75 38
49 38
22 111
57 80
24 78
77 34
13 82
23 3
54 38
10 52
22 116
61 98
106 90
3 47
75 45
48 24
59 96
39 58
81 95
114 104
25 66
115 14
22 12
118 52
26 2
80 47
94 15
121 75
82 124
98 31
20 32
79 116
70 11
48 16
124 27
17 64
16 30
62 4
124 91
29 125
45 52
94 37
24 20
118 22
117 125
19 114
31 74
104 77
84 3
70 59
29 63
100 21
93 13
1 68
103 6
68 125
57 13
36 81
32 5
79 125
4 74
113 12
22 68
65 82
71 9
16 76
72 92
74 16
104 74
83 59
80 2
58 113
116 70
45 22
74 124
124 54
72 88
42 71
8 107
27 55
92 19
5 15
110 55
30 66
4 90
101 60
68 33
47 59
102 92
57 27
67 32
57 115
120 99
60 104
80 64
33 46
82 37
61 44
69 67
86 72
8 61
108 53
93 29
88 46
97 121
49 15
28 105
5 124
78 41
102 9
104 9
32 61
22 69

305 478
155 31
53 75
41 140
9 170
246 86
157 164
61 277
279 225
218 33
288 286
43 289
191 274
159 227
294 8
70 31
87 227
61 142
303 103
281 6
274 223
93 127
82 153
98 55
73 10
89 57
297 131
43 185
99 201
106 89
208 176
121 297
99 183
133 96
285 110
101 255
30 193
78 111
42 175
165 116
187 253
173 180
80 217
59 181
112 167
271 17
39 87
10 137
269 144
234 251
253 29
202 282
223 280
89 266
151 255
77 34
204 251
216 284
162 276
161 275
137 128
291 177
216 302
8 182
140 241
127 90
271 25
68 190
304 157
151 152
106 229
185 5
174 97
290 32
68 145
1 206
274 294
78 185
290 87
61 125
25 189
214 295
213 281
182 214
132 27
60 240
257 246
244 125
38 228
156 107
69 158
7 37
146 84
221 131
171 283
255 195
166 165
186 74
140 62
289 274
90 45
208 41
292 146
167 24
70 19
132 140
177 139
176 17
222 94
149 89
71 98
283 239
262 166
9 99
229 297
67 14
36 274
56 22
116 225
48 187
243 181
21 116
14 198
135 238
293 283
21 61
78 1
299 34
166 2
134 89
298 200
104 30
170 162
53 285
81 102
168 18
283 188
134 296
83 270
228 70
247 251
130 19
251 123
55 113
124 188
201 118
83 2
149 254
163 202
234 243
305 98
262 282
286 92
275 63
56 199
132 303
144 264
18 91
81 72
203 207
260 101
21 39
104 170
292 266
68 222
205 67
15 161
46 300
255 15
59 5
215 192
4 54
150 22
146 233
93 44
136 49
146 156
87 249
22 74
211 89
295 110
158 4
272 203
305 221
219 58
228 128
252 231
183 98
254 24
27 42
69 162
90 214
15 177
159 36
252 64
125 241
173 284
245 139
181 246
57 94
1 284
223 252
209 101
46 158
126 73
201 194
236 292
104 250
165 262
286 111
20 107
47 192
85 293
27 265
233 83
55 233
63 277
179 274
74 227
126 199
299 23
87 229
11 190
174 176
146 156
286 167
262 29
55 43
16 84
4 249
166 58
176 231
31 52
199 105
280 21
305 273
43 87
198 53
278 68
228 121
223 211
287 181
239 37
223 255
120 226
200 287
285 72
214 11
125 107
117 99
127 116
68 171
204 266
224 177
30 148
299 253
55 280
130 294
13 48
245 134
275 141
118 255
212 26
267 34
133 80
132 261
197 202
127 98
164 47
274 193
194 269
142 249
245 272
239 258
14 180
88 290
15 207
239 228
233 202
261 62
283 90
17 175
291 145
272 149
191 242
38 80
205 180
25 146
146 265
98 161
139 188
145 155
89 81
77 18
284 35
79 262
126 98
133 111
242 99
261 128
37 300
209 243
174 235
83 14
194 183
176 29
65 16
185 155
98 261
173 76
297 253
32 117
45 166
229 289
266 186
113 302
181 18
241 49
252 19
65 142
203 240
172 267
257 51
116 49
8 290
127 305
238 160
118 284
21 42
269 286
229 76
285 104
95 220
155 43
240 221
184 137
157 52
100 109
102 218
159 112
202 285
111 134
140 230
115 160
271 78
142 197
156 121
302 250
36 151
293 275
68 173
107 225
225 208
28 23
120 186
134 17
168 246
152 2
171 266
163 138
41 304
29 196
120 26
140 157
178 129
126 246
302 234
165 223
139 194
247 258
76 274
243 16
123 244
188 85
103 21
125 102
51 15
223 76
157 74
256 285
201 198
283 132
57 202
270 252
144 224
22 219
195 267
236 12
205 121
96 5
141 223
106 193
237 25
271 90
100 221
70 300
113 49
128 171
251 94
117 89
13 140
4 207
101 239
220 3
54 10
7 196
232 114
84 166
138 51
255 237
271 21
233 80
70 58
250 15
151 63
105 163
202 108
66 303
41 285
2 97
295 8
294 223
123 74
85 260
124 35
193 91
55 122
170 126
179 114
142 27
176 246
191 75
48 257
74 91
236 75
189 227
84 177
147 206
253 231
162 73
267 51
164 19
172 28
144 48
144 286
74 16
226 264
92 274
217 165
61 148
241 249
69 19
122 217
226 69
143 82
142 104
134 2
122 1
31 268
50 176
248 125
194 170
85 285
140 302
147 200
146 82
145 214
103 267
128 23
30 270
107 173
70 240
174 194
242 205
158 291
77 102
112 270
271 197
250 108

203 298
155 22
134 41
80 99
187 19
47 43
110 7
203 29
169 18
113 107
44 94
140 89
60 108
180 172
131 40
160 120
199 75
141 130
78 183
191 61
202 200
103 71
3 65
99 135
83 174
38 89
64 177
140 123
44 117
92 174
119 11
53 78
85 156
170 162
136 157
19 97
154 85
167 119
149 63
50 194
33 50
80 60
190 16
145 30
95 33
167 177
7 182
51 91
98 17
50 30
173 31
89 86
78 52
2 24
77 14
180 73
64 19
132 50
35 73
42 92
69 171
65 75
150 78
165 44
94 177
36 64
171 124
112 45
138 113
31 12
127 8
47 153
26 178
165 23
10 169
78 41
137 105
115 46
183 40
52 73
179 50
99 146
136 174
154 33
83 184
44 172
154 53
84 180
27 45
165 203
11 2
40 110
107 155
118 49
157 132
84 132
181 146
38 76
116 191
108 161
171 115
130 122
167 176
61 157
18 188
156 194
190 195
63 56
109 143
104 62
71 187
157 11
92 194
86 4
144 193
165 74
67 54
158 31
26 15
187 6
203 139
162 152
93 21
4 202
163 70
60 196
16 179
3 108
132 88
111 72
41 35
146 107
51 100
100 77
78 83
45 40
184 4
191 74
24 157
72 150
23 94
142 38
70 108
145 201
195 16
33 198
50 178
65 64
37 164
140 114
7 147
153 190
150 103
23 137
56 94
46 78
151 150
79 17
54 20
180 46
35 9
3 48
149 67
111 149
28 10
22 200
156 175
186 66
37 172
165 56
62 7
133 175
156 8
154 7
194 94
15 191
65 17
35 11
47 108
122 37
80 143
33 199
77 181
61 114
149 22
169 174
194 61
145 146
32 96
115 22
189 129
9 50
109 7
23 155
114 144
191 194
47 20
189 123
200 9
33 109
30 164
79 186
22 20
91 16
78 3
37 26
94 8
39 202
14 24
116 128
131 103
81 177
85 66
96 45
74 92
153 66
15 28
11 36
10 101
14 51
103 50
76 160
58 114
121 34
138 34
161 65
99 1
1 184
66 96
191 102
150 140
130 165
130 140
163 102
38 177
152 103
189 25
59 6
101 143
40 201
176 163
25 71
164 25
14 192
84 1
54 30
103 183
157 195
83 80
94 83
53 42
185 1
29 4
7 130
146 46
127 81
171 115
151 131
139 128
83 185
91 136
178 194
78 94
185 123
173 75
2 22
80 150
23 108
153 195
200 58
37 87
101 170
201 11
61 99
138 143
81 26
38 18
182 78
111 163
201 81
201 202
102 77
148 87
147 60
78 144
80 77
27 180
44 24
191 67
122 88
6 165
113 6
145 91
83 53
14 80
133 177
42 197
50 152
44 196

144 697
47 140
52 102
49 52
29 129
140 103
44 73
50 141
17 81
75 34
33 123
59 78
138 53
35 78
114 97
56 90
15 68
13 67
25 61
118 69
61 113
43 120
58 92
116 90
45 46
139 77
40 53
11 33
121 61
111 91
29 38
36 44
105 48
110 1
124 99
69 56
84 128
31 13
75 2
118 135
63 112
68 103
20 78
7 140
10 133
86 39
43 137
82 19
56 63
20 51
33 104
106 132
87 136
144 34
9 117
24 72
84 107
30 119
56 52
115 66
41 72
120 83
81 73
101 136
135 136
59 39
112 36
27 70
28 26
119 52
15 123
98 121
24 73
33 76
59 114
132 2
89 86
82 17
58 90
23 66
4 61
33 39
103 102
82 1
93 134
15 107
128 83
8 72
131 99
130 116
102 4
76 43
85 92
100 30
130 21
49 63
69 104
21 43
57 37
135 62
51 97
46 35
51 69
122 38
39 108
9 140
111 101
38 67
48 9
113 50
30 33
112 98
136 4
140 65
41 2
126 107
98 43
13 5
111 135
58 21
114 82
16 80
38 69
18 102
78 130
7 123
19 134
92 26
9 104
90 49
105 72
28 59
114 40
79 97
30 136
117 143
73 5
94 111
73 112
68 6
113 90
128 3
79 92
29 87
51 118
8 11
61 35
69 47
90 3
15 120
10 131
134 83
135 84
65 80
67 4
85 35
93 85
38 43
32 82
1 82
71 8
108 4
58 49
50 20
67 64
11 77
66 144
31 73
99 95
8 21
98 92
72 62
48 125
104 95
62 104
48 4
128 12
7 57
60 72
76 126
135 86
74 73
102 104
1 56
54 8
93 23
115 20
100 35
16 59
129 93
35 33
96 34
60 119
106 119
46 54
116 53
11 46
125 112
5 125
24 75
4 132
113 134
23 69
24 38
143 25
130 49
73 97
82 132
71 44
122 133
97 109
41 107
10 21
91 31
17 130
121 20
117 89
9 139
29 49
48 28
73 33
76 1
1 30
132 88
73 125
76 41
89 116
19 99
136 109
1 24
94 121
43 82
81 67
76 110
115 123
9 59
27 84
59 44
113 46
131 57
42 62
113 131
49 132
85 40
112 101
63 62
93 121
15 29
59 91
10 46
85 34
104 128
134 19
43 118
80 29
31 122
106 143
108 10
2 64
65 114
20 143
47 128
119 61
28 49
23 38
94 124
87 54
123 76
88 21
50 23
49 96
16 26
110 123
35 112
58 99
97 93
97 143
76 87
75 104
7 98
13 101
77 99
26 55
47 113
91 96
7 11
47 23
36 28
17 70
139 91
40 107
39 8
105 131
110 36
90 116
5 118
88 97
72 113
23 118
97 113
85 120
123 3
14 31
46 99
41 136
10 4
47 17
124 33
126 31
122 113
51 95
57 3
38 41
25 28
10 9
128 129
3 14
16 33
59 130
89 67
139 108
113 11
104 1
8 134
138 121
41 104
49 59
13 105
100 56
114 108
40 114
111 42
127 142
90 42
128 34
108 138
14 92
21 117
92 28
122 101
20 34
76 68
93 88
29 64
144 14
27 55
128 9
96 126
7 41
39 6
90 2
15 119
109 35
91 72
63 85
28 82
118 119
22 82
63 66
1 78
95 44
132 78
52 99
76 74
11 114
95 116
132 110
91 96
144 53
24 78
137 67
32 111
42 53
64 104
134 65
53 84
108 56
34 15
10 125
105 36
94 55
7 81
20 97
33 36
22 56
113 14
122 144
140 35
68 60
138 73
124 62
29 103
117 62
133 142
58 93
33 7
4 40
88 39
8 136
90 29
47 75
59 40
74 70
75 14
129 84
86 124
18 114
82 134
47 71
4 104
19 36
127 38
91 70
93 115
61 38
15 123
128 73
34 58
143 124
87 143
80 44
123 97
30 76
86 92
2 105
68 37
141 50
90 87
119 38
57 51
92 72
45 75
16 94
4 30
74 90
29 9
6 7
121 35
82 78
126 100
39 49
136 35
98 97
137 88
135 66
10 98
137 54
44 24
20 48
54 93
9 98
117 30
120 93
64 73
26 46
28 64
94 35
114 64
132 107
7 138
28 17
91 36
86 6
75 121
69 128
69 94
81 57
123 72
21 43
1 47
88 28
126 53
79 112
116 82
74 139
75 117
27 37
8 128
42 82
105 111
82 45
76 34
118 54
106 138
96 106
56 55
5 38
124 99
21 95
36 94
105 110
66 131
2 89
131 60
42 91
42 123
7 117
29 124
26 134
118 138
111 29
48 131
82 27
86 102
138 121
67 98
103 4
101 120
92 87
51 134
49 92
128 55
80 12
35 106
17 24
115 143
52 18
130 6
61 87
123 70
79 46
39 37
49 139
29 13
97 79
2 1
43 1
72 122
29 122
99 45
1 69
44 68
103 45
73 35
131 52
104 65
113 142
118 17
137 2
45 105
96 62
122 138
63 49
116 91
26 86
7 42
11 66
109 113
110 54
19 112
121 122
49 89
119 22
121 127
39 22
88 134
83 65
144 1
129 131
107 26
72 130
67 82
51 47
66 17
100 84
128 76
77 48
20 52
69 13
34 123
34 137
129 116
57 128
133 57
114 111
82 41
96 20
139 3
67 76
35 38
32 34
130 108
82 21
15 22
33 65
1 66
57 129
54 130
128 58
42 97
40 140
9 136
31 19
10 113
111 60
7 142
93 136
121 46
12 8
68 61
72 84
142 144
68 51
1 51
124 59
19 20
54 43
27 84
62 52
53 28
111 75
41 75
82 17
121 93
24 60
9 111
143 7
127 82
73 127
4 69
41 22
88 110
64 130
66 141
37 134
24 3
64 77
1 97
69 109
136 144
134 103
142 12
101 95
100 83
98 24
140 119
127 105
55 112
42 51
4 31
75 22
94 10
115 110
122 55
75 114
55 64
88 68
91 44
19 46
142 116
70 137
91 52
114 1
36 11
67 55
42 141
93 7
23 63
117 144
133 63
129 43
142 72
111 88
131 129
133 129
100 74
137 62
142 106
78 33
133 1
103 46
13 51
68 51
129 40
51 118
118 51
16 115
123 142
58 125
142 63
109 114
136 102
31 5
79 125
37 83
141 140
128 9
62 52
60 47
107 126
20 81
32 51
67 26
65 141
7 62
59 131
31 66
104 78

26 325
26 15
25 24
12 19
18 24
22 9
8 16
2 15
12 6
9 21
21 11
23 19
19 15
26 7
26 9
8 4
17 7
19 16
4 6
10 24
3 7
6 12
22 10
26 10
15 9
4 11
21 2
4 13
16 5
20 17
15 1
21 6
10 13
23 15
18 6
12 23
12 18
8 9
3 8
18 17
18 23
3 12
24 8
25 15
12 20
8 1
22 2
8 5
16 6
20 9
13 5
5 24
24 15
8 26
22 26
18 15
24 21
26 24
2 26
12 16
19 21
16 15
22 25
21 13
4 14
22 16
19 2
15 16
16 22
18 11
23 9
1 23
5 1
20 7
2 7
22 21
2 13
11 23
13 5
10 16
21 7
7 13
8 21
4 24
18 21
10 17
6 11
13 10
13 6
18 14
12 15
10 13
3 22
12 15
1 23
4 21
5 12
9 12
8 12
11 26
9 23
16 14
9 4
25 23
11 17
10 22
7 22
11 10
17 24
24 19
22 4
15 26
15 23
13 23
11 24
24 19
22 15
8 4
18 8
26 2
26 11
25 7
6 11
16 23
8 15
17 3
18 6
4 9
2 17
7 12
14 4
6 11
20 15
14 11
23 15
14 24
1 14
4 7
25 21
5 8
10 21
11 3
26 14
11 4
6 19
17 21
24 25
5 17
13 20
3 11
8 18
9 11
6 14
17 4
9 23
11 18
19 23
20 21
13 7
24 18
25 14
13 23
12 19
15 1
13 18
13 22
9 23
6 14
11 24
19 20
6 12
15 2
5 9
16 13
8 12
21 22
10 9
14 24
11 2
17 23
24 26
20 3
15 4
3 10
24 15
9 12
16 15
20 6
2 1
15 24
12 24
8 25
23 18
1 14
14 26
15 7
4 3
12 6
12 9
4 26
19 15
18 8
11 25
11 15
25 10
26 24
17 26
20 8
26 9
24 1
23 4
5 2
18 10
13 26
15 19
4 8
2 16
8 12
2 22
12 21
11 4
20 6
12 22
15 11
22 11
14 2
12 7
14 1
9 2
17 3
7 24
4 22
7 17
24 2
4 11
24 14
14 17
19 1
14 7
11 12
20 1
13 5
7 2
7 15
4 23
17 12
22 10
2 12
9 3
15 19
26 2
8 19
23 9
6 3
21 19
22 21
8 3
4 9
9 18
14 8
11 26
3 6
11 7
20 19
9 10
13 11
14 20
3 10
4 10
12 25
5 10
21 12
12 24
20 22
18 8
5 4
9 8
11 19
14 4
13 24
16 25
10 3
20 14
12 24
24 25
24 4
8 18
15 21
18 8
19 11
17 23
14 1
6 26
19 21
4 7
19 21
5 2
23 25
16 8
24 15
6 21
18 16
14 8
10 7
15 4
17 8
1 6
8 6
6 3
1 11
9 21
5 14
24 1
14 15
10 13
5 17
9 24
8 22
5 20
3 22
23 21
3 23
1 10
5 6
12 7
16 23

395 420
341 173
22 73
339 289
268 106
370 235
103 10
164 146
30 335
210 251
371 42
102 214
192 110
66 126
232 379
67 22
94 12
11 327
84 349
37 351
272 11
7 191
232 171
336 261
322 151
329 297
9 35
115 200
144 392
326 192
375 392
213 285
9 223
216 304
389 252
77 82
80 83
272 311
70 212
389 392
179 322
110 188
173 42
387 133
250 317
324 230
131 353
331 351
392 364
259 202
37 152
283 116
235 159
244 121
188 237
329 366
375 44
370 364
297 362
101 151
100 241
197 230
198 133
185 11
101 261
213 349
17 312
70 68
288 130
6 80
366 334
262 162
194 237
130 95
203 230
63 302
287 259
349 301
208 350
311 125
32 340
79 261
257 148
328 149
94 150
228 64
89 94
42 282
147 171
194 349
217 256
73 320
331 238
225 144
192 140
268 41
85 346
301 158
310 50
306 220
200 350
100 105
260 141
203 12
128 1
177 161
73 66
85 9
303 309
152 312
266 236
352 350
4 74
112 130
123 234
350 139
5 54
243 81
12 51
304 139
263 86
300 336
151 384
344 59
298 312
187 168
364 143
334 184
216 262
314 155
312 85
111 133
350 353
213 361
220 122
105 88
24 9
240 174
209 5
49 323
133 235
307 101
194 245
102 226
323 20
198 239
316 308
188 270
82 6
236 302
339 157
389 362
165 50
352 190
54 218
118 186
57 29
286 68
91 387
110 18
223 307
74 355
36 261
47 118
83 282
24 26
43 229
387 24
278 344
30 331
166 147
121 39
176 223
318 83
32 33
100 71
156 385
31 192
251 77
309 150
175 332
176 34
377 379
269 259
144 298
194 126
50 131
377 42
353 299
124 201
148 40
272 304
30 119
312 97
195 225
246 186
373 238
219 354
222 304
34 365
206 44
96 72
174 77
325 343
192 265
149 340
305 237
65 151
355 376
64 366
22 126
156 211
364 191
169 7
311 19
371 121
62 283
10 52
176 151
394 368
21 359
129 142
200 193
292 371
385 172
341 11
297 313
221 82
108 206
88 235
41 276
356 102
163 182
153 339
332 363
128 169
327 256
310 343
53 23
319 254
194 81
81 308
394 118
389 318
323 82
158 363
357 330
281 336
328 38
96 264
217 223
250 148
83 164
96 347
4 231
22 197
311 102
109 309
219 315
49 358
213 206
142 174
352 27
326 284
276 27
364 98
249 218
62 149
382 157
312 202
204 334
3 332
40 324
62 259
60 110
38 272
132 180
262 88
206 192
371 87
35 340
1 101
162 62
249 360
36 377
166 239
315 381
175 172
126 237
247 185
163 284
61 295
68 139
382 91
330 175
389 182
119 389
282 97
55 135
274 302
116 44
358 248
241 137
24 366
190 270
367 170
158 244
69 43
382 267
133 134
46 126
315 164
331 201
78 385
152 351
109 84
394 71
331 57
24 171
239 31
45 28
200 20
271 268
62 75
351 11
208 2
136 339
377 71
356 59
272 112
14 380
12 225
55 343
281 291
330 336
321 375
363 125
211 239
209 89
313 164
99 337
165 234
97 147
121 57
205 209
380 36
11 391
260 277
155 145
172 90
297 97
281 265
221 308
108 246
1 237
15 99
390 391
149 91
142 269
359 164
294 343
199 304
155 275
186 127
236 357
33 137
271 130
6 96
42 325
342 42
378 173
140 189
168 288
279 127
373 59
107 88
218 122
392 190
1 394
316 236
172 165
189 47
294 195
355 152
336 118
193 319
290 149
324 62
253 25
5 230
83 111
317 301
49 130
95 49
128 227
101 300
208 290
163 106
301 122
257 241
239 266
376 345
19 305
12 271
146 228
317 228
156 55
345 204
185 256
253 129
299 170
245 111
276 13
33 181
346 289
239 190
159 36
139 389
157 362
264 302
12 185

152 313
151 32
22 23
60 72
79 35
149 37
136 18
21 76
88 79
24 32
66 10
122 142
2 98
14 129
145 65
32 141
64 46
21 86
84 96
21 10
146 33
46 129
51 82
53 2
9 76
33 74
101 18
79 118
131 109
95 124
21 142
128 85
51 148
34 134
91 54
143 101
87 53
77 1
134 145
2 6
84 50
96 49
83 22
14 78
130 124
65 151
113 40
99 27
36 132
8 142
33 15
106 135
83 31
151 80
39 16
86 123
65 45
19 12
66 48
89 44
20 1
58 148
40 4
23 91
135 46
97 31
76 50
30 6
96 28
102 151
44 51
121 124
95 3
151 8
66 87
67 85
103 124
81 7
143 103
97 141
12 57
20 88
123 65
109 66
92 58
64 151
108 48
139 66
66 137
90 132
88 4
80 38
144 8
44 134
126 5
123 138
61 6
89 47
70 45
129 25
119 56
40 90
104 26
4 33
26 93
28 113
96 108
151 103
131 58
101 105
62 87
106 139
92 42
49 25
86 25
65 68
81 104
6 48
145 9
80 19
101 124
147 60
79 9
27 57
67 127
25 144
77 130
146 16
19 43
56 121
67 120
52 147
88 57
58 80
81 138
114 29
125 105
51 133
147 123
63 137
148 71
61 141
64 92
24 122
147 8
53 130
59 63
65 116
121 9
44 122
138 89
94 110
57 8
107 67
130 33
51 141
103 111
130 31
50 1
16 44
24 68
37 82
131 102
61 99
126 121
68 127
57 25
101 129
32 55
43 9
87 93
14 54
51 143
100 116
7 115
23 30
31 59
127 9
24 36
123 149
4 54
124 76
78 88
68 109
142 110
133 92
66 146
9 132
152 108
95 6
71 117
51 101
23 26
125 47
61 111
59 80
28 46
3 105
133 70
77 138
43 57
94 124
67 102
103 66
58 61
72 128
25 138
92 63
11 80
125 87
38 48
30 65
109 48
33 90
133 109
91 23
29 32
146 95
134 112
25 55
20 112
30 60
97 137
139 124
64 111
58 117
22 104
29 131
151 77
68 132
33 22
2 77
54 12
36 51
123 60
105 7
19 150
66 115
134 52
102 61
27 8
25 48
127 69
26 125
145 109
104 41
131 122
117 48
133 152
98 119
59 66
125 93
79 39
72 76
106 21
136 132
28 8
44 18
92 69
143 84
42 94
124 20
63 88
83 59
104 44
26 109
14 119
35 68
38 110
22 58
109 17
102 132
60 119
71 145
109 2
34 67
125 69
129 76
151 36
27 58
77 53
14 90
19 64
6 72
37 43
129 9
59 78
140 135
45 58
127 17
75 8
83 47
92 76
138 106
111 13
11 51
81 40
140 115
119 9
34 19
51 26
27 126
104 14
108 12
87 82
44 9
105 127
71 60
50 56
13 24
84 39
90 12
78 77
142 60

