20
280 224
270 8
65 80
13 280
85 216
163 259
17 118
203 73
172 73
220 181
200 48
180 244
262 101
39 275
266 61
270 71
203 131
230 267
210 115
266 166
50 20
144 67
138 66
11 29
10 231
210 82
150 261
45 132
234 83
126 91
15 268
161 218
118 262
76 48
96 214
213 18
233 77
236 90
14 246
271 176
68 72
257 218
204 21
221 157
255 218
247 142
205 279
231 43
261 26
242 228
239 174
245 192
122 200
153 8
38 15
183 105
238 159
194 162
51 6
190 177
224 29
38 20
27 268
62 159
166 23
259 124
69 95
187 190
167 212
197 204
98 251
180 56
129 246
89 51
251 150
228 66
178 137
86 77
125 19
107 10
194 85
5 134
180 192
195 66
275 112
141 92
82 40
19 83
157 259
133 280
129 80
65 178
217 22
254 213
193 233
94 258
37 98
111 88
161 25
25 27
8 165
271 242
77 9
44 233
268 48
232 268
280 169
165 88
62 11
20 126
243 265
103 279
82 85
239 115
110 263
141 269
148 131
230 96
12 145
48 151
65 152
138 64
192 174
151 125
184 42
123 146
26 225
17 259
182 255
245 163
109 258
151 128
108 253
223 271
269 143
141 53
166 150
268 77
196 10
73 99
203 195
117 100
12 5
231 193
131 195
227 239
172 97
87 152
221 181
142 210
43 155
134 208
176 274
156 91
3 101
62 78
15 50
177 178
54 127
90 184
42 188
14 85
5 252
236 97
153 250
178 67
276 184
275 171
177 22
262 51
122 195
128 137
244 25
186 17
151 148
72 64
55 237
149 211
209 256
28 233
97 205
171 92
108 165
263 156
59 116
207 180
30 54
188 273
230 94
161 101
241 232
36 167
188 56
98 268
32 125
92 280
201 263
92 181
19 226
56 77
61 134
129 242
60 188
234 9
1 114
261 113
217 17
280 276
224 97
136 127
93 227
127 165
81 218
65 252
163 273
200 95
126 48
56 185
236 9
66 108
274 46
93 82
214 244
77 158
212 4

319 958
130 282
295 69
96 19
158 274
282 68
24 167
60 128
222 251
77 146
233 13
115 59
69 254
184 302
229 27
36 88
309 274
158 285
23 42
303 289
315 54
145 20
221 205
255 123
136 120
57 50
240 171
216 308
213 188
79 230
215 115
106 204
177 53
277 199
94 261
168 198
314 102
6 4
306 260
127 122
168 291
279 88
143 284
185 144
152 263
55 155
166 268
40 23
1 316
11 95
46 286
292 149
68 297
260 54
26 67
284 193
147 243
69 78
207 42
221 148
305 64
302 259
13 130
71 13
235 189
107 280
155 79
217 12
164 158
173 189
13 137
170 159
169 239
236 164
280 246
311 54
98 83
102 110
212 172
123 127
149 18
196 92
205 201
103 49
39 65
27 160
309 196
318 158
115 24
111 184
58 102
237 155
292 127
265 185
87 176
100 235
301 84
8 294
285 218
24 112
282 158
271 272
34 59
218 257
190 9
121 247
219 146
190 191
273 243
56 40
207 264
64 189
28 71
163 101
77 294
213 40
132 272
100 274
11 317
211 308
115 12
235 14
265 214
204 218
137 49
47 25
101 110
2 128
288 164
18 45
247 19
192 167
290 80
121 90
78 12
78 300
131 313
313 77
315 305
83 132
142 129
156 242
27 157
159 103
110 176
256 145
194 128
311 272
208 221
42 74
21 120
54 260
221 155
17 216
248 207
28 71
17 292
312 151
237 151
43 135
115 298
279 97
106 60
50 102
280 91
175 89
210 17
29 219
279 153
115 208
41 143
278 165
223 59
315 140
318 146
275 113
124 23
210 230
82 259
120 150
138 84
239 137
100 56
36 168
209 151
164 38
82 230
202 304
288 305
232 286
132 295
188 255
318 78
273 80
125 74
230 262
157 257
79 45
101 115
1 98
54 164
135 74
17 227
151 111
247 225
242 223
93 285
221 170
239 300
83 101
318 26
46 44
212 90
145 115
199 242
168 43
166 91
225 182
106 56
81 34
280 111
256 54
77 157
12 104
245 95
312 244
228 38
287 120
235 220
24 114
143 191
265 97
71 170
278 284
14 148
317 82
258 253
243 123
198 255
15 124
138 7
48 154
152 123
62 68
24 85
289 274
65 234
51 135
192 117
99 205
53 205
287 311
246 318
222 125
42 237
248 179
32 84
13 184
314 75
40 126
267 9
188 12
243 27
254 223
252 142
109 304
27 184
84 272
182 306
185 224
223 221
191 254
304 312
226 88
175 265
213 122
274 82
242 305
216 176
208 148
317 105
133 132
288 216
193 259
202 58
163 213
279 142
256 52
134 162
139 308
108 33
219 170
222 141
155 118
105 151
266 103
256 187
23 224
191 215
271 74
62 222
75 129
45 119
180 286
281 108
275 177
248 282
27 150
211 289
56 315
120 110
206 56
296 229
69 276
232 20
30 293
31 212
210 75
12 71
41 81
178 104
257 106
174 72
44 65
41 207
61 268
317 266
113 82
283 289
38 196
97 175
277 127
176 168
201 295
27 31
56 312
134 101
206 308
172 38
53 1
244 221
268 30
276 169
220 239
138 46
223 235
221 289
42 185
245 243
160 60
273 215
52 195
315 257
291 275
294 133
275 7
34 12
37 98
181 256
18 318
301 29
233 310
317 64
283 31
95 123
90 156
18 141
31 121
186 111
76 268
243 139
275 65
259 100
163 120
36 288
226 125
316 248
224 103
311 187
241 86
310 12
241 116
260 60
26 235
170 209
183 93
29 246
158 287
26 109
195 169
77 209
83 73
137 306
283 236
281 205
2 60
5 31
284 264
91 309
179 49
198 151
142 15
77 88
90 211
196 73
60 61
282 250
241 207
25 205
124 306
198 233
46 202
53 10
254 251
107 114
299 94
53 229
216 129
105 95
128 89
167 188
149 237
226 71
125 251
64 37
237 50
58 71
251 110
189 293
149 84
195 129
177 247
146 74
165 251
168 292
128 123
268 277
41 175
136 273
106 307
98 131
37 155
309 76
54 178
49 202
262 244
119 227
171 265
89 124
304 45
97 112
168 153
177 316
116 312
58 10
88 155
140 124
98 238
199 259
204 37
142 254
280 49
162 239
102 250
44 86
84 248
306 251
189 271
36 305
264 93
314 140
36 243
264 133
161 251
73 45
287 3
299 247
159 249
275 261
287 107
135 51
143 121
90 12
73 125
316 125
6 100
264 41
23 316
282 291
248 143
124 4
253 103
40 92
140 314
33 216
209 276
266 32
185 145
43 46
269 40
278 64
139 12
212 269
8 174
240 44
105 44
48 38
255 195
130 183
189 270
79 78
15 26
217 200
170 259
245 227
87 204
79 14
215 291
282 11
145 310
55 250
143 210
76 186
85 313
49 62
53 128
247 67
261 144
55 219
191 300
234 278
292 313
291 187
284 43
305 217
141 148
255 283
38 12
149 230
113 198
291 165
114 7
21 55
258 75
62 130
55 295
88 135
77 167
110 41
317 96
47 139
243 301
102 70
101 40
299 3
26 60
167 139
66 295
301 5
51 151
134 213
126 10
29 311
176 138
140 174
22 186
101 265
276 202
15 165
30 313
167 55
161 123
193 227
98 282
20 148
113 261
42 28
270 178
19 234
104 158
196 126
133 296
71 89
287 193
253 316
294 101
52 136
223 33
43 109
315 170
257 216
111 87
243 61
264 50
83 48
316 279
281 129
44 140
217 11
13 258
8 307
147 59
231 158
199 62
267 302
231 204
199 22
79 230
190 23
69 272
178 65
20 140
193 64
68 198
74 81
244 189
176 72
36 87
18 235
148 284
217 59
276 204
188 35
223 166
165 291
226 132
36 246
60 17
98 127
3 279
207 246
257 171
106 292
257 124
315 193
88 2
40 45
205 227
187 216
181 141
187 88
272 11
122 12
135 8
246 137
286 134
172 223
93 277
304 31
81 299
223 169
89 263
2 294
278 296
298 140
117 166
16 69
284 137
188 100
252 115
25 7
37 196
230 129
154 3
159 23
90 171
299 179
222 300
261 288
66 239
216 182
85 231
251 158
156 227
257 196
22 70
203 58
55 221
295 316
223 242
19 312
201 318
171 103
87 220
180 152
140 76
15 13
96 54
170 40
280 215
236 91
285 119
256 20
20 231
16 31
154 34
23 35
140 302
246 227
202 106
59 130
289 73
143 65
234 312
213 195
208 129
74 281
36 10
300 163
30 104
193 183
245 215
6 174
305 40
81 296
253 139
106 223
1 248
76 23
241 77
6 237
313 79
198 29
89 286
191 118
178 64
89 211
68 202
65 161
31 145
137 283
73 32
294 181
279 51
203 308
127 209
14 121
76 211
257 164
285 237
70 251
300 266
143 156
257 207
317 287
33 242
250 213
273 225
74 22
64 65
118 298
62 132
99 138
131 145
90 205
62 160
136 150
214 278
306 151
166 92
118 306
14 49
307 76
62 169
97 125
233 3
103 84
134 310
221 265
135 310
150 304
258 285
134 261
33 120
92 198
319 318
292 122
155 279
197 216
128 82
129 149
84 231
232 7
10 241
60 252
21 317
236 67
282 51
8 103
278 208
89 67
206 61
188 41
128 173
45 255
254 173
193 126
192 105
240 202
27 299
134 155
296 159
221 48
317 229
150 64
225 239
130 111
299 317
151 216
170 303
151 212
156 24
127 28
237 47
229 52
135 152
206 111
310 107
158 307
124 97
51 29
16 289
247 103
286 186
318 245
169 258
245 5
281 52
33 306
207 50
38 22
201 32
132 299
247 79
75 51
175 234
188 298
203 115
81 169
301 188
202 258
126 128
263 195
287 84
182 282
133 8
303 123
40 224
210 286
91 285
125 54
199 101
32 82
216 220
39 305
88 30
243 213
157 294
197 232
58 167
195 299
174 286
210 2
298 100
287 69
65 201
122 52
301 153
241 305
162 69
290 249
98 3
251 43
85 128
274 143
294 257
230 256
13 120
258 310
219 14
60 73
3 289
232 304
231 154
289 73
222 49
2 108
159 41
150 243
276 212
174 250
258 192
295 270
311 22
260 319
143 108
180 146
78 92
130 308
245 207
61 255
44 170
43 310
319 300
23 275
193 196
314 239
177 289
189 276
99 129
275 241
237 135
67 103
16 304
91 49
192 259
304 24
217 135
15 216
224 37
280 97
21 274
124 197
32 312
262 130
229 217
51 254
141 226
37 156
210 235
312 190
282 296
214 288
220 17
292 124
53 252
9 181
206 132
167 26
124 109
155 141
114 314
76 254
220 112
198 218
28 191
89 98
275 91
66 283
215 39
87 56
290 203
236 285
15 191
99 246
299 254
68 94
37 143
136 45

419 199
202 156
341 206
253 392
57 125
44 193
284 340
243 241
159 361
49 203
332 14
197 335
26 396
229 160
347 164
356 247
32 12
403 372
217 109
218 147
233 134
339 390
54 163
211 85
396 132
288 308
145 65
223 44
41 324
203 260
361 13
379 392
24 362
218 240
51 308
259 157
22 179
127 367
214 210
33 190
341 320
370 358
257 174
401 170
78 58
302 19
362 261
284 385
204 374
78 127
135 210
283 29
388 282
395 55
72 8
244 285
200 194
97 329
240 370
79 191
8 380
82 369
95 238
207 171
65 158
297 199
367 34
227 208
188 203
262 260
83 378
417 156
25 94
65 265
45 17
36 52
269 409
294 363
228 373
114 292
403 284
72 350
317 171
138 377
373 272
90 329
230 88
357 128
181 2
392 98
310 300
23 160
289 316
395 389
142 90
262 126
373 206
56 143
376 67
392 203
211 63
404 22
150 341
22 203
215 413
301 398
166 323
138 327
92 113
297 233
75 12
358 320
90 287
335 338
226 308
121 17
370 397
330 100
191 351
302 406
217 56
384 382
378 394
163 50
379 332
283 35
343 94
354 305
380 270
223 59
31 344
76 400
194 278
372 385
210 127
244 299
183 208
262 141
55 297
191 14
209 346
48 132
20 275
17 273
417 112
204 28
328 152
8 103
11 379
68 93
378 311
391 141
391 106
282 318
402 345
331 191
144 252
195 36
107 84
308 104
196 385
4 104
117 11
79 127
262 146
219 220
329 191
234 173
169 388
71 152
313 275
342 329
399 410
364 378
74 126
354 142
91 357
119 207
240 197
334 82
216 6
174 125
69 407
171 238
248 114
262 141
261 57
50 240
47 414
198 413
412 132
135 83
361 253
289 181
31 76
135 246
82 309
243 23
169 286
260 417

344 673
210 115
138 8
222 272
68 49
77 229
24 221
155 153
328 283
265 89
182 227
270 194
4 195
243 71
38 75
189 168
7 46
275 136
53 152
64 112
200 132
340 215
8 142
24 336
81 280
80 254
162 342
103 166
184 337
228 221
59 64
37 66
109 311
201 154
118 256
265 309
44 261
172 51
50 187
34 130
122 106
31 283
95 125
96 278
118 323
146 176
42 182
233 143
148 82
296 257
329 216
222 28
124 41
71 174
227 96
295 4
201 326
286 287
106 38
220 215
8 22
39 50
195 271
192 343
344 135
255 329
6 124
4 122
164 74
287 46
162 237
49 10
210 327
297 308
20 172
170 19
185 208
68 36
127 251
34 126
41 280
110 39
52 114
152 215
179 94
253 340
322 293
6 180
275 294
135 286
121 304
305 298
160 20
333 286
263 14
59 295
285 161
333 336
274 132
199 100
225 107
88 203
55 85
30 322
34 164
263 154
123 215
99 274
235 79
207 153
92 266
95 25
82 84
16 3
215 214
94 88
312 181
282 15
265 311
336 298
130 246
100 244
109 198
174 335
277 28
143 16
293 237
32 22
312 48
16 175
253 110
262 213
290 191
227 203
157 210
156 286
103 247
177 211
93 342
201 17
26 335
32 310
220 64
332 179
103 339
9 3
104 262
215 42
108 89
244 256
298 47
197 57
286 22
259 34
19 116
50 44
106 73
2 317
136 325
152 230
319 160
233 71
70 95
112 169
184 3
81 129
41 269
177 326
290 84
15 301
199 64
336 296
129 337
269 264
317 68
142 292
219 22
18 288
116 121
105 291
123 185
68 155
101 236
137 39
319 143
339 165
199 330
117 327
323 33
238 287
100 35
234 318
48 243
254 156
19 14
102 133
190 161
280 290
53 72
328 19
206 322
184 60
300 292
42 270
324 272
212 71
306 94
44 2
336 289
157 3
302 250
127 139
67 62
85 111
125 60
121 331
30 304
46 329
251 80
246 222
7 113
292 304
206 328
305 190
272 109
192 222
15 318
16 73
28 92
175 152
152 295
138 173
247 176
149 153
255 50
23 253
162 314
204 16
289 157
205 217
265 52
94 279
17 101
343 44
193 173
196 336
116 325
164 18
156 304
170 58
9 184
302 162
154 162
177 98
318 37
306 238
80 47
165 97
148 155
132 332
328 319
315 91
300 126
108 103
85 269
161 85
109 118
246 254
279 71
7 244
99 305
130 179
7 286
267 146
96 46
125 71
21 95
161 312
220 268
70 304
185 230
44 293
340 282
202 266
8 200
166 106
152 287
276 159
228 190
296 315
236 77
34 256
163 194
223 39
110 284
334 286
170 26
234 157
307 83
78 306
274 235
67 82
169 335
232 52
180 183
15 71
251 48
318 70
233 188
108 334
128 89
275 289
114 156
101 76
230 170
37 160
61 96
241 229
78 128
273 257
310 279
320 209
326 285
278 206
121 33
188 248
121 110
184 235
266 284
302 151
109 339
310 161
82 206
38 159
325 302
63 291
236 38
147 209
315 80
70 91
112 249
338 224
15 169
114 280
108 72
78 208
58 36
17 131
233 54
289 214
11 7
152 238
37 298
102 343
25 163
89 136
68 74
7 82
242 113
9 341
176 78
204 233
113 220
19 338
265 299
207 267
297 14
160 325
303 253
323 327
64 67
110 131
132 116
204 21
228 204
17 59
273 221
283 42
88 293
35 1
239 233
267 192
238 75
172 196
319 143
170 38
201 279
160 333
42 11
9 262
214 18
312 143
238 251
176 317
191 202
309 86
82 232
277 319
298 96
162 272
238 323
302 95
257 117
75 290
128 75
207 333
92 175
123 321
73 290
286 263
147 250
4 220
129 272
194 82
16 3
2 253
325 295
339 229
67 61
175 186
136 29
167 219
195 289
196 267
235 137
178 29
34 173
249 163
93 90
236 108
93 237
8 65
179 3
294 238
55 116
79 182
144 237
57 339
182 244
253 64
28 78
84 61
251 332
223 343
70 115
106 162
343 113
218 170
107 159
63 154
274 141
335 66
34 39
60 207
274 304
262 301
38 1
10 288
333 224
278 58
330 31
211 321
135 84
146 234
243 208
43 164
340 25
229 21
64 280
227 329
240 144
286 269
137 287
204 125
158 129
174 144
159 32
112 293
107 257
174 341
120 216
161 107
241 37
128 296
317 2
280 204
138 213
128 274
147 323
54 305
107 219
96 265
250 207
205 12
119 35
1 230
242 161
336 138
197 119
81 161
113 9
20 250
213 139
179 16
117 224
312 215
98 63
135 339
269 332
342 43
14 342
264 255
150 255
41 339
22 121
155 134
121 167
39 334
305 209
341 70
88 308
284 177
26 67
163 294
46 152
328 59
150 247
313 291
149 1
285 170
122 88
303 234
254 333
223 206
197 219
275 276
182 207
100 199
265 262
148 310
70 131
16 211
25 320
149 174
321 82
343 90
169 294
323 78
274 194
275 119
68 198
50 242
60 142
96 316
59 236
273 120
14 288
322 31
255 119
204 231
200 194
320 24
135 291
93 65
140 23
183 199
212 224
96 271
13 184
234 64
67 162
183 80
97 153
102 8
271 305
238 118
155 206
141 289
152 225
1 291
239 175
145 107
55 233
25 59
64 259
122 130
76 297
201 165
105 303
172 23
255 57
140 65
262 272
2 61
144 2
7 38
177 144
136 223
32 161
281 95
67 59
216 134
11 64
298 107
22 117
121 277
174 260
333 83
187 326
144 330
328 142
15 152
285 151
22 308
303 294
50 25
344 265
150 2
321 104
100 334
220 266
41 135
247 124
313 228
259 290
203 56
305 2
341 103
15 296
53 301
2 69
300 258
218 294
234 313
49 224
189 269
137 221
51 31
344 20
251 258
301 101
306 253
103 294
3 109
245 55
65 246
115 13
152 333
306 41
301 10
256 137
270 41
14 321
71 5
332 321
255 280
70 216
189 164
157 191
272 57
238 329
295 8
341 102
332 302
134 281
303 46
73 229
78 197
148 75
176 117
321 111
178 184
291 341
340 130

106 821
75 52
52 68
28 61
4 25
49 72
22 94
68 40
33 18
12 76
12 101
22 12
97 9
21 48
31 2
9 99
33 83
76 11
76 104
71 79
54 45
76 1
32 38
40 96
87 83
66 98
77 13
3 100
22 55
41 84
56 81
76 14
57 46
24 26
75 21
31 22
65 106
23 69
94 12
49 103
3 72
105 16
74 98
69 54
64 46
3 38
48 17
94 93
72 46
93 18
2 40
83 33
62 31
102 82
42 76
4 45
42 2
92 41
26 54
95 89
25 23
21 72
71 40
90 69
85 76
86 12
10 94
45 103
18 72
4 60
41 7
30 8
41 47
81 66
26 101
80 50
17 100
16 14
66 105
82 76
75 93
88 10
81 26
6 98
97 10
83 63
48 38
103 88
84 77
79 3
71 53
53 13
78 100
26 37
98 33
39 98
20 1
100 77
7 17
99 48
100 55
95 31
51 77
9 53
81 43
17 27
95 62
31 14
13 99
6 78
31 29
97 50
30 16
52 68
32 44
9 57
99 103
88 75
105 22
54 6
96 70
64 11
57 94
24 70
87 29
41 43
90 63
19 13
4 70
80 35
8 14
18 32
42 31
32 73
52 85
78 73
81 35
83 31
55 1
26 67
61 98
3 44
54 21
56 57
17 61
18 24
106 67
87 42
97 12
8 74
23 11
40 103
45 17
59 99
17 85
59 77
2 94
47 56
8 28
38 56
89 87
5 14
47 91
55 37
29 94
4 51
104 44
79 75
60 31
67 2
41 52
4 43
39 50
98 78
78 61
28 92
74 32
105 14
49 86
83 77
105 12
53 103
55 25
71 40
55 63
73 96
8 77
32 46
52 55
18 23
41 77
8 2
39 54
50 18
30 52
16 41
104 44
22 54
40 93
3 103
60 24
4 62
87 82
7 67
25 30
1 101
69 41
28 33
94 78
82 17
55 24
89 53
67 4
106 1
97 34
29 82
89 64
37 69
39 43
61 95
104 62
15 99
28 43
25 15
46 1
63 100
24 45
78 16
81 4
48 71
69 76
46 52
66 82
46 30
50 1
19 48
94 33
72 15
1 96
61 46
22 17
72 77
93 75
93 67
78 66
63 41
68 2
18 27
9 63
56 91
95 106
64 82
65 29
22 65
18 82
37 72
98 34
42 11
2 60
77 6
20 34
78 87
67 95
39 2
83 94
92 72
20 49
79 84
77 101
74 20
2 36
91 100
69 27
36 103
86 6
2 31
39 79
11 32
99 49
33 1
69 18
104 14
98 77
97 100
103 96
45 104
26 30
23 20
88 58
16 99
64 17
24 28
21 66
91 45
41 17
46 35
66 43
48 89
45 70
82 41
59 21
71 10
82 93
30 95
77 45
13 66
94 68
19 8
60 4
85 100
20 24
60 86
98 1
100 69
102 76
35 54
22 105
96 29
18 19
49 94
63 61
53 50
23 71
90 82
74 68
1 20
17 92
31 40
18 24
2 13
25 37
98 78
35 87
106 84
105 48
71 94
35 49
69 89
14 52
96 13
45 22
32 61
7 94
27 24
12 28
68 36
64 59
8 25
72 39
2 102
13 105
89 47
47 52
29 92
29 18
31 106
39 62
60 77
50 12
26 93
40 93
22 29
77 61
85 74
100 13
70 6
11 84
84 89
61 38
75 90
55 105
89 19
92 74
21 67
86 46
53 51
64 1
79 66
93 58
34 12
102 103
49 6
6 26
94 67
63 94
82 43
18 96
93 4
95 7
102 106
84 81
50 41
7 55
1 99
38 34
37 33
62 85
38 67
37 57
59 25
77 34
68 94
23 86
23 12
93 19
11 102
25 93
37 31
41 37
55 78
102 91
36 89
70 105
81 32
55 34
56 25
67 49
45 90
29 67
27 47
11 37
42 35
23 4
65 95
72 14
98 99
30 27
81 99
25 56
56 6
89 38
62 49
86 106
64 40
99 90
12 3
53 86
38 1
89 28
22 87
41 13
79 71
40 54
95 64
35 77
101 17
8 57
97 93
56 87
59 48
102 70
51 48
49 14
81 64
41 102
44 8
8 48
4 79
27 24
69 61
100 63
3 1
13 100
20 101
6 78
42 1
73 18
81 16
63 55
5 104
82 80
37 15
21 40
20 48
63 88
2 89
44 5
89 30
34 83
35 5
18 35
4 68
41 51
24 21
55 53
102 28
15 43
80 54
62 21
43 75
55 57
12 91
71 100
46 105
76 6
35 20
72 38
13 7
88 68
27 36
15 55
95 61
97 101
41 84
15 83
52 101
65 95
11 29
89 56
27 90
61 62
35 27
99 47
65 7
9 91
42 55
71 63
9 61
57 49
70 103
57 47
24 15
36 34
44 50
16 102
65 2
57 100
60 82
72 18
88 6
3 55
92 73
11 27
60 99
1 55
96 58
102 13
104 31
78 73
80 93
101 38
95 51
63 48
58 61
98 71
66 100
20 52
98 62
4 83
55 4
32 76
61 59
14 91
89 91
89 94
4 83
57 24
60 14
103 11
74 94
8 65
13 27
42 37
14 45
13 100
49 76
101 35
28 8
19 42
25 34
29 28
10 86
51 69
25 79
6 98
67 13
88 5
71 24
41 84
68 86
4 42
55 104
77 9
6 21
50 30
54 79
89 96
90 65
58 8
37 63
31 103
1 12
34 71
35 74
81 29
53 84
70 2
81 72
42 12
93 91
73 72
95 55
61 4
13 45
11 50
33 73
78 34
11 5
104 77
79 4
105 57
87 101
90 94
66 25
31 84
10 104
50 30
52 4
34 65
48 76
40 81
43 11
40 85
48 69
55 52
73 54
2 85
80 92
104 39
10 29
17 51
26 98
81 77
101 40
67 75
9 32
81 83
75 14
61 16
82 10
99 48
95 100
59 68
11 56
32 53
84 48
103 3
71 3
6 66
42 104
66 51
30 40
27 104
53 14
45 28
23 37
2 43
62 60
4 73
9 35
19 9
47 21
79 50
58 70
17 88
29 67
11 100
20 40
46 33
84 106
87 46
33 23
1 92
58 105
26 18
49 44
58 22
97 63
103 80
58 13
61 87
6 103
6 25
36 52
89 45
83 101
16 9
17 100
106 47
51 17
22 95
75 43
85 63
39 90
14 51
45 100
56 41
32 6
3 83
20 47
91 14
63 99
62 5
18 61
83 68
4 104
56 78
40 66
66 4
50 79
55 20
105 36
92 30
74 94
38 93
67 22
33 55
14 94
59 31
81 67
24 84
65 6
87 30
71 46
34 46
18 14
97 16
81 83
45 48
70 82
67 30
103 99
84 42
12 68
72 92
29 22
69 19
27 49
48 97
20 7
69 38
20 59
53 27
67 24
106 31
31 66
92 28
90 102
101 102
95 99
13 17
14 82
67 40
56 9
62 76
47 24
39 99
9 17
19 1
40 18
63 71
10 49
24 25
76 18
20 64
10 65
81 55
72 73
94 21
81 50
22 54
105 92
46 39
3 64
40 42
7 102
38 48
76 93
73 45
5 18
3 46
82 9
101 47
81 14
100 88
63 15
35 94
33 80
26 35
69 97
2 1
93 40
49 94
26 47
33 62
64 35
34 40
75 60
86 49
73 5
30 52
96 17
84 101
74 12
95 65
13 96
83 84
70 4
42 28
97 105
94 24
70 62
83 82
5 50
86 66
5 31
88 53
8 82
20 51
103 10
64 18
92 41

286 758
94 202
55 219
90 97
100 142
142 135
15 58
90 48
154 8
37 17
202 248
34 207
257 198
155 170
281 276
144 173
251 214
88 20
146 154
116 245
9 257
69 285
5 134
46 158
141 58
174 32
20 183
239 252
95 107
135 65
96 254
238 37
181 15
56 40
168 147
261 152
93 43
150 97
177 172
254 7
205 117
39 200
14 277
165 84
97 275
148 168
243 75
180 137
90 211
153 233
71 127
99 164
169 224
260 35
85 204
42 4
10 80
203 285
70 82
82 142
46 206
285 2
280 179
115 83
103 267
30 150
83 104
27 227
17 262
262 102
155 279
105 165
72 283
163 117
54 221
234 100
140 232
77 133
100 191
192 179
147 197
42 229
14 44
146 30
19 121
107 150
113 211
28 160
208 166
252 261
76 199
50 191
120 127
14 196
7 205
88 154
115 105
72 104
148 217
109 142
27 216
5 115
116 8
274 13
150 239
274 225
127 37
106 247
139 119
132 146
37 219
275 127
13 36
206 160
229 28
15 255
219 282
84 49
3 47
61 152
286 24
67 102
37 172
38 151
4 169
10 16
77 260
118 89
10 37
248 238
40 239
182 235
234 265
283 212
2 33
78 263
33 120
78 69
5 116
195 270
284 205
285 51
154 92
139 163
128 77
90 143
5 272
91 214
226 63
139 203
96 216
179 104
25 257
148 29
62 56
12 59
236 272
109 104
77 224
242 180
276 46
37 280
7 127
207 208
190 59
125 261
251 17
54 275
249 201
280 24
256 267
59 206
253 143
23 19
80 240
199 69
285 211
38 267
51 244
165 216
279 3
166 243
281 219
207 220
109 200
243 79
181 277
260 123
134 258
141 189
211 29
234 186
239 271
166 266
205 44
171 197
22 51
153 279
245 49
212 68
249 144
122 119
111 71
241 244
42 71
122 228
100 69
127 52
30 269
7 234
2 178
144 24
228 272
278 162
34 179
205 258
36 16
66 122
86 282
79 103
67 177
21 142
245 147
193 274
129 200
221 131
67 54
130 270
39 121
145 73
13 40
20 24
55 86
146 117
81 200
195 123
90 215
264 25
76 171
274 180
60 209
286 126
262 105
109 277
201 229
63 189
244 58
189 13
143 24
105 200
223 13
36 3
204 14
27 279
160 14
148 195
198 124
10 150
204 94
140 119
36 178
283 280
235 185
268 68
208 62
267 121
74 278
99 277
5 101
245 140
90 83
48 2
182 57
127 99
126 266
193 162
133 190
131 81
88 124
272 149
80 106
198 72
204 165
52 18
99 192
107 157
215 84
52 248
210 127
87 165
33 224
11 222
68 286
131 191
271 279
271 66
167 56
245 45
83 262
119 250
58 276
179 118
17 140
17 143
202 182
152 140
168 87
183 235
62 28
140 22
282 100
87 138
131 45
182 213
282 277
177 30
266 45
147 282
184 163
115 99
34 266
214 202
42 111
150 80
114 265
101 109
78 164
247 208
208 118
111 180
84 1
185 63
21 45
35 204
183 125
278 217
104 206
108 121
6 233
200 119
212 15
227 265
178 163
163 75
257 273
230 54
249 128
93 269
148 103
162 45
227 153
237 20
48 58
140 53
4 30
171 191
44 88
170 197
226 46
247 196
8 191
226 256
8 32
214 156
134 89
176 50
217 126
69 265
159 208
31 162
237 178
43 256
265 212
142 204
233 79
90 240
245 29
185 252
60 112
97 169
200 272
218 130
111 286
84 245
183 91
121 110
268 139
55 222
64 197
115 272
275 204
225 209
208 123
174 243
210 271
125 123
256 32
228 57
7 26
15 166
116 111
275 73
225 19
8 2
191 98
249 155
16 187
77 199
285 251
156 208
211 256
20 156
2 248
212 270
249 203
149 78
3 113
150 228
132 133
205 36
230 168
191 221
44 267
134 19
207 265
202 131
210 222
1 187
159 188
171 121
80 33
198 59
146 37
286 253
169 180
2 88
37 192
23 81
149 132
99 69
86 276
200 9
211 200
196 83
77 80
203 157
88 90
215 209
126 190
175 270
83 153
72 120
58 70
176 206
177 250
251 262
239 164
270 140
53 155
222 129
210 115
261 12
204 165
196 20
68 85
3 127
237 50
222 270
95 111
166 271
50 130
222 2
269 182
141 35
50 53
139 260
167 90
247 60
254 156
79 12
240 58
138 166
83 49
126 178
135 5
138 184
110 74
161 92
255 278
102 280
44 216
253 186
19 213
221 273
83 276
260 12
47 87
154 105
135 279
258 269
283 110
142 82
159 16
173 127
269 250
96 26
179 63
187 198
251 122
160 23
111 133
11 133
219 164
237 43
156 209
25 152
8 166
233 166
157 95
268 140
58 77
141 236
115 18
123 56
139 282
78 225
128 88
47 36
251 259
78 120
157 78
247 164
219 169
19 90
239 286
205 10
53 59
222 143
76 58
198 190
54 276
104 157
53 150
169 18
99 246
113 255
14 50
109 232
218 127
11 147
103 215
156 131
250 67
273 15
125 185
181 154
150 260
286 202
100 168
195 198
104 284
166 117
47 250
38 240
67 49
100 169
239 232
13 178
12 285
169 112
159 63
265 22
12 241
224 111
122 108
22 201
105 164
31 151
127 45
81 193
93 180
51 21
125 39
199 113
14 57
224 172
119 179
170 106
133 83
217 230
190 238
145 9
91 151
135 194
195 215
76 263
85 127
284 185
141 172
11 154
228 235
40 36
127 185
141 235
267 71
178 170
285 12
154 89
139 265
258 47
169 48
24 253
150 283
152 4
168 162
158 85
86 173
120 188
71 260
136 51
21 4
220 19
277 64
83 129
42 55
176 210
102 175
153 227
147 18
230 4
155 101
88 241
273 207
142 57
156 254
83 176
233 279
170 223
56 229
66 73
283 217
282 74
81 148
14 227
141 243
230 10
34 7
226 20
189 57
53 58
24 111
210 256
103 69
169 158
11 210
230 7
116 202
56 196
39 45
112 180
264 31
165 11
37 104
6 225
160 34
258 160
145 181
105 247
226 273
95 236
172 38
219 1
215 274
196 254
9 283
147 272
27 25
258 39
104 263
239 263
11 211
112 155
81 217
115 20
179 185
232 65
223 164
65 151
127 237
94 135
233 240
96 236
240 67
274 57
44 227
10 30
127 121
184 183
27 274
179 206
173 124
270 85
1 24
211 127
260 19
238 183
234 47
132 164
114 95
220 133
11 205
162 113
16 35
10 42
284 164
247 146
1 206
206 263
206 107
79 155
101 30
51 48
77 158
211 166
229 121
274 239
15 149
66 30
159 51
72 132
214 8
254 190
190 173
166 109
279 244
239 93
250 4
117 40
137 17
181 79
113 168
8 128
6 73
157 140
99 204
271 26
212 238
191 115
101 70
199 69
3 151
162 252
130 254
267 270
161 35
97 18
42 200
285 90
70 138

132 671
13 77
87 72
3 23
84 48
1 65
51 41
92 38
103 13
61 105
84 131
115 90
61 1
113 81
44 71
19 98
12 31
106 98
34 109
120 50
24 52
46 6
92 69
108 62
81 36
98 96
98 13
54 26
77 98
39 120
100 57
17 111
19 123
8 116
31 59
33 118
110 78
56 2
78 31
127 26
130 25
122 95
37 107
53 113
72 23
32 104
11 113
82 29
103 22
76 65
80 109
114 58
118 37
123 64
67 117
89 128
9 10
23 109
116 75
21 120
29 53
91 39
33 40
131 67
125 74
63 73
114 44
62 100
81 52
95 79
100 115
75 109
125 97
17 40
103 38
27 131
90 117
101 54
89 99
52 81
40 114
85 86
89 78
53 37
61 79
116 29
61 122
69 117
18 85
25 120
122 51
50 11
100 18
128 56
116 111
68 87
92 21
40 49
98 24
17 27
34 64
119 27
53 55
11 2
71 99
53 125
18 102
3 117
51 63
104 34
41 39
53 65
59 24
45 89
112 125
47 13
57 33
103 41
87 114
43 25
80 95
17 29
129 84
77 47
78 48
13 50
19 129
114 9
20 90
97 63
83 11
8 71
43 110
111 61
91 85
18 103
112 34
63 108
49 72
22 126
51 34
44 69
30 89
78 114
111 106
44 61
49 51
63 23
93 41
84 115
58 33
85 37
130 80
12 47
19 97
104 69
63 79
70 24
100 79
5 78
52 113
70 32
95 132
55 40
70 38
97 102
54 1
99 65
76 13
83 41
49 84
103 127
85 126
94 31
63 39
14 43
40 46
69 39
100 56
11 37
93 107
6 78
40 104
11 47
49 25
87 97
40 121
23 56
115 117
86 45
87 32
19 127
77 19
97 108
74 107
12 98
14 81
44 53
116 118
31 32
74 118
60 114
106 83
101 20
131 55
128 17
86 78
75 94
97 40
69 38
14 12
4 27
92 111
11 7
96 42
103 101
91 30
14 128
44 115
16 42
37 75
59 54
21 65
79 117
104 15
86 50
90 21
76 113
131 19
119 26
60 89
127 82
51 72
77 94
54 24
4 22
99 126
7 51
58 85
99 94
31 52
11 120
73 18
100 3
36 87
93 27
107 19
108 25
90 117
119 12
8 54
97 38
111 104
88 36
120 118
61 19
38 3
6 42
21 38
108 56
56 68
15 30
86 54
55 108
38 105
119 110
26 15
15 4
118 35
103 106
20 96
56 121
98 61
30 118
98 6
106 85
5 52
115 91
105 101
66 11
73 116
120 30
62 66
97 48
32 131
85 52
94 72
40 124
132 2
41 30
71 78
114 75
129 28
97 102
128 94
44 132
9 95
93 71
28 121
50 60
120 66
43 13
5 14
68 15
109 29
17 118
75 24
115 102
52 16
30 14
59 93
86 21
118 88
112 106
69 39
25 66
81 102
70 95
37 70
41 77
30 58
63 104
13 109
6 64
124 99
9 114
123 95
66 108
114 45
14 51
16 102
116 96
71 118
122 40
119 95
48 16
84 110
52 96
18 57
27 73
87 36
54 77
62 51
117 43
96 62
25 111
31 9
6 102
126 60
73 44
22 120
59 105
30 110
132 47
98 26
120 116
61 105
125 54
24 109
97 51
38 121
93 132
61 30
33 118
21 105
29 42
25 88
78 118
129 77
32 95
35 83
78 27
120 2
81 75
110 109
125 79
29 17
79 90
46 43
75 67
16 104
40 104
123 50
89 119
58 52
13 24
67 23
51 54
24 131
60 66
39 116
76 67
132 86
24 109
129 31
107 76
66 79
47 120
60 67
106 117
118 51
73 52
5 123
37 92
53 96
25 91
11 101
25 10
118 113
51 114
11 25
57 8
35 127
94 33
32 11
19 82
83 2
18 73
103 110
57 66
66 15
9 34
103 18
20 83
132 65
25 54
32 123
20 90
85 53
122 27
71 3
109 4
21 113
106 130
37 104
127 115
112 29
85 129
112 100
129 108
124 85
29 88
75 113
45 91
33 34
117 35
101 25
38 121
5 12
50 105
47 44
87 26
4 104
86 47
71 14
23 126
30 115
81 37
95 58
127 59
91 44
93 123
68 63
111 5
6 92
41 52
4 60
9 71
31 94
118 101
108 72
94 5
118 107
105 13
32 100
71 54
75 96
45 74
90 23
10 27
47 51
10 114
110 18
52 72
111 101
40 18
104 65
87 90
39 59
102 2
90 104
56 32
131 100
106 20
54 47
46 100
97 55
81 6
72 65
77 115
33 48
64 5
45 18
26 15
9 127
17 98
30 72
62 93
103 99
112 24
13 26
124 42
12 4
47 84
68 56
130 33
35 125
101 11
75 126
26 83
52 42
112 13
45 105
105 15
71 85
38 16
110 93
57 121
29 35
4 28
22 65
60 121
58 92
131 132
85 24
14 68
129 125
81 41
98 53
55 100
5 25
115 46
49 103
99 77
6 34
105 91
99 96
79 24
56 78
87 72
33 100
8 30
24 20
2 53
72 121
21 9
77 67
54 125
102 84
2 107
118 106
129 84
1 76
39 120
21 125
124 53
24 63
14 47
82 80
100 21
68 52
29 12
118 15
4 19
98 69
57 83
106 54
98 107
129 4
26 81
60 17
1 83
79 130
28 26
97 113
25 16
73 36
65 19
103 84
117 40
72 131
13 125
97 51
121 32
77 69
92 25
2 42
104 12
39 63
37 67
43 61
14 48
28 11
66 62
26 50
101 97
113 46
90 77
28 10
40 104
79 131
129 12
41 32
23 11
94 123
10 69
115 23
116 74
97 49
3 122
31 36
87 11
81 108
19 108
117 58
12 127
57 72
70 29
103 92
103 64
14 112
64 60
3 47
1 31
96 4
21 126
39 68
51 78
18 90
126 75
33 121
63 104
122 91
74 14
62 70
27 105
65 87
39 112
87 70
7 22
22 64
124 60
131 106
69 16
64 62
22 96
114 85
132 104
107 5
117 100
6 75
73 71
93 111
50 112
112 120
1 51
57 124
49 30
60 128
25 122
17 121
35 33

197 742
183 33
191 193
81 85
116 105
26 23
50 112
113 181
172 12
119 36
104 43
182 5
184 105
45 49
10 185
148 10
130 89
195 79
84 78
163 156
138 145
134 187
59 5
170 33
16 91
68 120
89 53
80 31
113 124
36 78
111 183
87 196
74 40
78 113
74 196
71 14
143 7
4 5
165 129
37 180
176 105
58 67
113 137
98 181
19 89
61 130
74 103
84 147
142 117
18 171
116 89
185 61
51 144
65 171
31 58
154 9
162 167
32 33
63 85
16 81
173 76
166 49
134 53
151 34
125 124
8 43
15 148
104 22
94 124
192 80
137 104
89 57
74 76
89 136
160 60
172 91
91 141
95 27
149 4
61 76
127 68
119 98
171 178
119 67
60 69
102 197
129 146
56 5
24 101
96 139
160 70
32 10
166 126
36 117
85 52
149 15
75 70
112 48
6 186
70 21
13 172
20 141
120 32
101 144
132 196
41 50
25 73
59 190
154 51
66 42
102 17
12 133
86 79
180 47
67 53
67 35
27 43
176 102
30 79
48 117
34 89
122 58
117 137
50 29
187 71
26 47
87 37
179 128
115 118
174 137
170 197
172 152
195 106
56 180
140 60
55 173
104 176
186 23
115 192
51 60
65 77
63 152
69 197
82 140
117 15
79 89
14 9
196 164
70 55
102 13
70 156
141 173
134 130
195 8
124 4
67 188
36 85
142 105
85 27
47 4
41 81
49 10
46 3
129 115
57 33
83 126
188 27
57 80
156 54
87 82
58 110
28 49
194 170
153 37
152 155
194 148
39 45
113 40
3 44
154 16
32 193
97 22
22 154
57 133
10 144
170 23
12 197
72 161
169 180
1 79
138 194
29 132
194 141
171 196
140 83
14 171
78 67
148 55
23 8
187 185
107 159
11 118
115 38
81 86
20 37
165 113
33 149
47 182
93 20
137 35
59 150
9 136
172 112
147 194
119 92
182 28
10 148
101 124
185 138
12 160
174 132
76 163
84 122
103 132
98 42
122 156
148 130
50 122
45 196
119 91
103 100
53 6
26 193
99 190
155 32
81 33
194 120
111 99
54 11
141 175
166 47
64 18
168 64
170 89
138 19
147 43
74 155
5 55
150 103
47 108
134 83
96 86
5 9
141 14
19 40
145 140
86 11
114 56
30 86
101 167
60 50
166 133
161 170
187 113
75 189
176 165
75 31
53 79
39 193
93 14
35 40
153 120
6 25
132 188
110 35
113 125
40 81
60 3
53 49
116 84
41 50
51 115
80 103
149 75
55 44
88 89
39 196
165 197
24 99
187 89
89 103
17 128
139 76
131 192
81 5
78 121
10 84
191 90
142 120
196 142
10 44
136 161
11 136
184 65
81 32
153 139
48 39
81 79
169 75
159 129
108 38
139 147
31 184
91 129
62 90
29 71
89 164
187 99
58 130
119 139
161 30
36 11
68 116
89 193
146 7
124 12
44 21
158 31
160 52
159 24
97 187
50 185
109 40
42 167
169 116
64 132
145 99
98 15
171 142
10 119
148 90
131 148
110 91
178 29
98 139
52 194
84 102
137 192
97 134
117 24
52 180
155 196
38 11
167 164
152 176
85 59
24 171
9 134
21 186
118 83
169 71
166 29
163 116
81 100
36 104
107 171
17 106
164 27
75 130
135 9
18 149
33 144
113 122
164 101
42 41
139 166
67 63
151 185
178 34
43 169
138 150
143 154
58 109
137 88
195 30
52 15
178 84
114 93
161 81
149 158
77 46
127 99
108 80
86 44
69 129
16 9
81 114
119 94
178 14
181 175
43 188
145 176
31 62
27 191
98 131
108 174
176 190
75 42
72 116
85 140
47 56
105 127
169 179
176 150
192 115
127 190
106 75
124 136
92 150
85 189
39 192
165 170
184 195
14 113
54 110
160 110
170 45
37 151
24 186
145 94
72 93
2 102
19 93
193 124
178 184
162 128
107 90
115 60
59 84
172 112
193 90
177 165
91 17
118 70
158 21
163 185
113 165
89 131
60 40
57 193
179 174
124 88
66 41
147 124
80 78
192 76
167 171
196 60
143 73
85 104
49 51
47 162
18 136
51 33
131 64
29 113
193 108
156 62
148 62
141 183
139 91
61 64
21 16
80 163
88 164
25 136
17 72
56 187
163 63
176 96
126 160
11 121
70 123
138 173
184 38
158 81
128 175
144 148
190 179
70 36
146 50
127 118
121 139
64 42
4 195
138 85
157 104
8 182
29 102
157 15
139 73
51 69
50 195
173 195
176 1
186 80
50 72
154 171
13 20
15 169
170 108
56 129
15 19
113 196
120 28
167 61
100 20
86 106
170 17
103 149
17 48
184 66
119 96
192 87
71 10
14 43
73 69
127 43
87 42
42 10
25 11
26 81
183 111
186 156
127 47
63 99
94 5
165 168
101 159
13 171
124 26
17 197
94 143
42 137
141 39
146 165
5 127
48 188
41 189
146 123
39 164
178 88
168 145
59 71
106 71
45 186
97 17
185 146
159 182
85 102
24 186
26 181
116 29
171 112
21 75
37 15
41 17
102 165
117 160
38 179
187 38
167 86
54 110
187 16
50 75
73 29
63 54
13 178
83 139
92 59
17 85
73 13
57 174
177 174
93 171
155 82
164 80
123 21
145 112
189 194
142 64
26 8
74 38
185 112
176 36
170 148
120 1
117 132
174 52
108 25
178 21
62 145
56 140
165 3
55 156
197 152
175 178
159 51
171 103
162 105
138 90
56 16
90 128
147 23
179 14
47 160
187 109
63 46
7 30
4 61
141 156
16 118
136 130
125 109
35 45
170 128
135 181
99 180
111 5
5 48
18 8
163 160
72 28
8 78
57 165
95 197
123 110
74 62
195 154
126 186
1 98
116 91
81 171
74 147
175 78
195 148
85 160
110 156
188 118
37 3
85 131
156 163
196 32
27 149
185 109
137 141
9 12
35 46
182 108
192 159
141 189
65 29
108 174
140 98
50 132
56 90
21 14
56 19
45 38
124 185
146 63
129 111
74 119
112 14
29 106
128 125
54 192
153 161
169 52
17 21
183 72
111 7
86 122
178 86
159 104
30 108
123 158
174 152
35 88
166 19
149 96
143 5
47 55
121 18
106 137
191 47
165 60
9 53
181 143
94 99
49 123
162 127
39 138
82 73
181 6
91 132
101 190
137 103
47 16
76 152
153 70
154 76
85 163
84 25
108 177
123 112
59 87
42 97
180 79
126 163
84 172
97 140
164 189
46 13
8 121
120 116
146 33
191 34
195 77
58 105
12 136
172 70
25 16
167 160
50 51
125 133
25 177
76 145
125 77
157 132
197 36
6 102
68 196

67 608
4 33
59 12
8 9
3 18
52 17
57 21
43 44
24 64
64 41
60 39
13 39
41 8
35 6
58 25
57 61
45 22
3 6
29 27
14 31
44 15
65 50
35 40
43 9
53 40
66 45
11 29
16 1
36 1
23 44
25 12
54 3
33 56
8 61
15 39
42 8
53 39
7 38
11 50
63 39
11 57
66 39
5 66
8 22
21 1
47 32
54 66
64 43
23 7
7 61
48 32
64 36
38 51
63 37
46 8
8 56
64 6
45 19
4 52
40 24
2 36
5 55
34 1
47 7
25 4
67 22
35 13
58 22
13 3
9 58
11 16
64 24
39 58
42 59
59 32
33 60
67 37
47 34
55 44
40 12
47 56
33 31
19 40
2 31
43 10
39 53
43 52
9 14
42 1
5 33
32 37
25 48
24 21
31 11
64 20
22 60
9 54
23 44
27 42
7 19
51 45
21 26
46 29
56 20
46 11
52 27
64 26
8 20
47 38
30 60
58 1
53 16
55 25
59 31
66 15
66 67
10 19
25 55
64 31
8 43
41 9
19 37
52 26
7 31
64 36
40 4
54 25
19 58
67 27
21 15
41 36
14 50
54 56
38 50
19 62
25 9
20 44
45 4
19 1
51 32
54 24
35 40
65 3
30 64
29 67
29 20
35 42
2 21
30 56
3 48
67 45
56 20
38 51
23 6
51 24
38 37
47 22
9 44
25 55
58 3
54 36
22 21
10 41
41 40
46 61
37 46
55 43
15 42
43 54
47 26
10 17
13 56
39 38
50 13
26 57
15 12
25 54
50 51
27 40
40 22
33 10
67 37
2 31
11 44
18 58
2 27
24 31
33 62
19 32
7 44
38 39
5 62
25 4
62 1
44 35
39 26
44 56
63 62
19 6
38 36
13 56
13 37
20 45
48 38
9 5
31 46
43 52
57 17
56 1
34 32
35 5
57 28
10 2
22 29
25 59
64 37
48 26
6 67
3 54
54 28
58 17
23 50
1 29
16 56
30 49
37 64
3 44
25 13
45 63
58 2
55 4
39 35
30 61
51 49
64 54
10 4
20 49
53 37
11 1
43 57
66 12
53 19
55 27
48 33
23 38
34 27
41 22
11 3
33 61
52 29
64 11
33 16
59 35
52 19
53 27
8 51
39 61
19 43
37 66
8 9
36 59
35 10
30 45
29 62
55 13
24 51
40 6
66 32
40 51
50 25
27 58
26 65
1 44
41 54
60 65
63 45
6 47
54 36
42 33
30 29
62 3
30 35
8 45
66 48
45 65
22 5
5 47
19 22
41 9
9 33
7 21
10 29
67 14
64 58
63 44
37 57
46 66
24 54
43 39
51 21
54 5
42 58
2 60
13 42
2 21
24 25
41 50
53 57
13 50
48 8
43 17
15 21
32 38
24 27
24 61
13 29
35 3
47 28
32 21
46 52
61 3
42 60
5 49
6 4
46 30
46 12
44 17
43 32
40 16
58 64
10 20
42 44
39 21
21 4
58 16
5 1
18 64
10 40
62 32
43 40
62 22
1 55
38 60
19 27
8 26
40 17
62 14
11 34
51 31
37 58
47 58
58 14
54 18
3 48
49 46
37 43
67 37
31 54
46 66
13 54
42 53
3 36
16 13
2 67
61 55
7 57
63 15
20 49
32 23
47 13
1 33
56 17
20 36
3 65
51 15
51 42
17 4
11 33
33 29
49 26
34 55
32 29
2 52
27 33
24 6
46 24
56 51
57 8
36 59
22 19
23 6
61 40
26 21
5 58
49 3
34 32
57 15
60 59
66 20
41 39
42 36
62 30
19 51
54 59
9 23
15 31
33 4
56 53
8 63
51 27
46 16
16 61
8 24
9 44
65 48
19 33
59 65
2 60
52 5
51 60
27 15
40 59
18 28
61 42
40 45
1 36
10 34
29 34
57 54
11 4
51 46
37 43
43 55
52 27
59 52
36 67
8 44
34 52
38 9
25 32
26 60
58 59
38 24
49 24
51 52
8 29
38 67
5 42
51 31
34 35
17 19
51 24
62 18
9 49
43 50
13 1
42 20
60 29
44 58
2 27
59 26
56 47
25 10
21 25
57 4
10 6
22 60
30 17
10 55
15 52
37 45
3 28
64 12
56 40
2 57
17 60
16 5
56 57
31 10
15 20
13 24
26 52
16 5
18 43
59 32
44 28
9 63
55 6
7 43
45 8
49 11
18 14
32 6
4 62
32 35
15 45
58 40
46 23
44 63
15 35
27 59
12 36
54 66
41 11
58 35
18 56
46 52
3 10
8 6
5 39
40 36
33 47
8 11
19 1
6 34
52 33
42 13
1 45
11 58
55 18
25 6
6 20
7 8
47 14
30 1
3 19
36 35
65 43
46 17
60 51
50 61
33 24
6 50
18 33
40 6
50 15
28 55
51 34
63 30
65 42
30 67
61 65
34 58
57 29
24 66
30 23
59 62
63 14
62 14
46 34
19 28
65 46
33 49
29 45
28 26
19 58
42 12
5 26
20 12
54 60
27 33
16 36
45 11
49 39
41 45
5 59
5 20
54 1
33 31
45 8
50 35
50 11
57 8
47 18
11 40
44 5
12 38
15 11
9 56
55 30
64 9
49 1
63 66
33 26
44 40
25 28
22 53
34 46
49 51
7 21
28 67
25 56
37 57
16 45
62 3
7 58
12 6
58 24
4 40
66 47
13 24
8 51
26 41
47 7
42 53
45 19
2 24
38 8
40 32

192 497
80 97
104 41
164 46
86 183
68 72
60 98
63 180
113 35
41 181
82 106
146 173
93 9
187 131
131 150
16 109
149 96
13 60
8 48
170 93
102 45
37 161
142 163
21 126
69 125
114 150
39 68
130 131
140 189
134 78
18 21
58 166
180 70
98 188
118 75
152 27
183 188
60 4
31 80
129 99
12 114
57 50
53 58
53 64
54 58
142 136
142 7
173 130
141 78
189 130
24 148
156 78
16 23
81 46
166 81
144 178
3 72
99 55
130 23
183 55
80 132
190 30
10 43
159 22
184 155
151 16
174 179
157 189
73 46
106 47
126 122
32 192
1 130
119 2
153 109
57 104
112 118
5 185
160 35
15 152
61 37
39 43
23 3
103 160
112 17
14 110
10 109
109 10
46 99
12 70
79 132
46 190
121 50
55 153
85 133
112 145
169 22
187 64
88 162
31 8
50 108
181 59
24 161
132 133
68 15
75 146
146 120
16 139
169 70
99 61
10 18
14 50
103 72
177 190
41 15
69 90
186 121
148 17
90 88
22 157
102 96
174 120
23 61
66 191
130 164
60 11
53 137
125 27
80 109
88 121
188 29
82 181
149 102
70 46
61 91
74 34
186 56
25 16
116 90
78 118
125 9
192 49
145 124
75 33
41 35
25 36
63 170
24 19
79 157
65 139
55 10
45 48
65 69
127 53
31 13
42 27
21 41
76 38
165 22
134 77
56 158
112 182
135 7
9 86
164 137
96 90
146 140
138 83
17 136
7 111
148 48
137 41
152 84
142 188
106 83
72 33
48 55
23 54
126 95
139 161
103 107
58 56
54 67
10 134
11 16
52 30
127 61
134 151
144 83
146 121
165 90
26 84
144 112
10 77
14 20
45 116
126 167
43 180
41 53
185 51
132 109
145 67
169 86
89 120
169 42
113 141
131 138
97 147
121 106
95 6
125 12
121 59
178 35
110 26
151 166
141 91
82 93
29 58
178 117
50 154
158 34
167 161
171 71
115 163
48 81
168 172
92 160
102 77
2 83
167 153
57 115
115 138
15 143
68 64
131 117
90 160
150 64
128 192
6 114
34 53
3 9
96 158
168 70
107 41
152 81
65 80
67 179
26 81
1 157
16 131
145 105
99 102
168 98
165 45
84 6
161 86
78 65
115 117
6 29
157 29
109 30
109 175
80 6
127 145
162 143
83 114
55 53
87 95
151 123
139 42
192 108
191 77
44 177
1 49
14 29
77 186
122 185
41 10
62 167
154 31
181 108
16 44
33 166
10 55
96 148
160 159
127 158
43 170
14 107
26 27
136 167
21 129
159 61
138 93
99 163
123 88
143 11
3 175
176 12
37 144
31 4
110 158
33 153
135 46
131 33
137 138
7 157
75 37
89 84
129 59
55 124
146 69
134 20
51 181
95 151
132 126
154 50
155 58
74 97
103 76
1 47
22 7
75 96
108 35
51 44
94 169
39 111
45 172
3 159
161 97
117 164
94 78
21 56
7 158
153 110
42 25
28 63
32 103
30 139
9 144
54 102
121 93
85 165
136 87
132 168
183 120
140 85
70 32
12 76
190 164
185 39
189 85
165 92
59 66
102 67
17 27
169 137
119 125
174 63
19 177
102 73
104 49
29 173
145 41
121 142
76 113
52 136
69 88
99 127
25 72
2 41
99 42
50 25
166 95
151 56
79 125
192 54
173 93
99 189
133 27
138 80
11 61
88 80
20 186
14 44
130 79
149 36
120 6
124 157
164 147
20 114
79 20
167 123
112 137
120 116
163 129
67 174
190 26
125 81
84 10
125 21
89 81
56 16
150 179
173 121
5 192
42 83
83 80
14 66
25 133
53 187
69 184
40 130
17 36
19 100
46 15
120 134
95 47
149 116
98 1
44 102
65 149
185 147
36 70
85 124
74 9
119 14
192 30
144 81
66 34
52 175
48 44
116 14
90 136
129 59
137 44
161 9
192 25
27 99
94 111
31 39
184 21
52 183
50 67
135 179
100 187
161 19
38 148
32 191
92 32
58 36
75 90
44 74
114 70
173 79
53 75
117 44
95 40
98 144
107 41
3 78
99 35
97 8
183 192
6 82
96 127
181 170
24 32
116 137
165 160
87 25
42 75
68 136
115 38
151 29
142 153
170 48
60 138
55 50
138 124
3 41
59 183
82 86
5 91
58 164
49 83
13 124
22 20
110 59
171 10
8 3
179 119
62 125
173 175
134 105
177 174
35 39
127 116

350 169
110 108
313 311
262 276
162 271
277 149
282 41
78 283
124 256
338 165
154 88
280 209
130 282
32 224
237 117
336 314
136 95
71 98
55 134
175 18
55 102
318 336
294 197
70 67
103 57
34 256
145 313
267 274
46 298
148 282
216 285
246 1
181 316
251 38
252 75
55 306
328 175
291 272
21 162
140 123
21 325
181 165
89 97
240 135
196 189
218 62
275 265
214 106
33 114
295 284
341 151
239 318
325 331
41 148
294 181
270 314
155 252
280 46
150 322
180 346
160 199
209 237
114 72
144 146
338 88
231 328
238 271
97 15
251 138
162 346
120 233
310 76
135 239
121 284
210 102
81 172
301 289
210 216
11 3
163 150
242 43
127 281
313 25
295 15
314 258
10 83
141 319
159 77
10 81
162 21
183 243
344 133
181 203
348 343
7 160
142 248
4 70
331 316
247 77
132 210
335 141
293 277
262 253
3 73
333 316
245 317
208 239
251 191
243 50
183 52
209 127
101 14
348 81
131 244
158 262
104 142
205 198
220 116
100 24
340 234
339 234
201 197
274 101
189 167
151 21
218 161
299 120
327 99
201 107
342 8
19 247
301 223
94 322
140 345
345 129
229 333
12 231
331 286
133 169
254 85
342 273
246 92
42 24
190 242
130 334
51 148
230 153
172 126
124 311
120 118
89 150
253 30
233 340
163 52
243 247
195 317
294 286
8 317
126 52
97 109
102 46
140 255
218 67
180 330
187 298
69 336
200 123
168 82
112 132
285 156

91 611
85 54
7 85
53 69
85 56
91 3
53 67
52 65
15 63
51 80
73 26
91 11
20 48
7 80
53 39
88 79
40 81
4 46
38 56
77 31
21 39
87 36
14 47
63 82
19 22
70 91
11 70
11 30
26 71
19 42
18 69
29 20
22 32
28 59
50 13
52 70
51 48
68 28
3 39
18 21
24 88
75 34
66 48
26 54
27 44
4 7
22 86
27 43
80 17
64 39
30 78
71 43
34 48
70 91
49 51
74 72
47 20
68 75
67 3
37 56
9 4
63 84
89 52
89 41
68 61
79 60
11 21
12 7
68 44
6 80
57 43
23 12
62 54
49 1
19 49
56 27
52 81
20 12
41 17
52 72
41 2
40 51
23 14
57 53
21 26
41 77
68 27
52 1
80 9
1 7
57 33
71 46
15 83
50 86
6 84
35 8
86 48
30 9
67 82
83 1
86 68
31 21
82 32
9 91
32 69
19 51
10 90
60 79
44 18
73 49
64 70
56 58
26 85
66 55
39 20
56 33
51 86
53 41
80 24
40 21
1 22
71 64
20 39
51 63
19 86
20 82
64 39
12 52
86 40
70 33
60 34
28 19
82 43
59 71
66 62
54 29
83 87
2 11
89 15
36 16
64 18
61 90
56 72
14 74
83 46
42 25
37 60
69 79
82 11
17 52
64 45
6 60
9 70
20 78
14 89
50 31
58 48
50 1
61 63
75 52
71 79
39 16
11 71
58 1
81 74
15 17
27 20
39 90
89 58
76 11
55 34
4 76
81 16
39 14
41 76
28 21
64 30
90 74
9 19
74 52
1 88
68 82
16 69
80 13
35 64
77 53
60 43
37 12
59 75
25 8
60 16
82 32
45 44
68 16
62 50
67 26
9 7
16 78
75 58
53 73
84 38
34 52
43 70
63 10
16 51
72 38
66 62
69 73
14 8
88 39
20 26
64 28
86 42
68 33
8 29
68 91
29 10
51 72
42 76
44 20
35 24
58 63
86 89
7 62
6 57
9 25
46 35
16 40
76 83
35 83
21 11
45 12
74 58
83 78
6 36
7 3
22 64
66 16
61 72
41 29
1 12
54 46
47 69
85 60
83 40
43 56
84 18
39 14
9 25
19 7
85 21
29 57
49 7
81 84
10 18
84 22
34 38
31 65
85 24
88 76
63 39
4 19
56 42
32 28
29 13
88 23
33 79
42 45
49 85
37 58
66 29
79 8
29 72
73 76
5 69
61 30
70 27
48 89
68 42
79 59
54 75
44 50
26 86
3 74
42 2
40 16
30 82
78 21
25 22
5 29
53 28
22 85
54 69
45 84
74 32
52 36
70 4
48 4
52 50
40 3
51 42
72 43
86 21
26 20
5 31
48 20
21 69
14 75
10 58
30 83
53 81
81 31
85 1
88 8
50 36
10 64
77 45
69 72
28 58
91 33
51 10
52 71
42 28
17 51
49 47
5 10
90 48
3 83
48 90
91 61
34 63
87 73
70 64
53 7
84 15
39 43
25 53
23 66
81 2
79 38
48 83
10 47
39 12
1 87
10 54
56 6
80 51
78 58
77 3
64 70
17 65
75 41
27 60
69 16
62 56
16 72
10 25
81 12
36 82
61 8
7 25
13 86
38 53
16 77
55 79
18 72
16 2
75 42
61 16
20 31
34 35
12 44
22 55
55 20
45 24
81 15
11 2
63 11
17 78
87 72
29 14
15 44
69 52
85 38
67 13
32 10
10 6
16 85
60 70
67 68
56 82
29 20
53 39
36 3
88 70
31 64
84 74
41 45
30 79
74 5
73 83
14 78
7 61
46 39
36 22
57 91
66 85
19 82
86 17
84 83
87 23
55 79
5 59
86 34
9 69
1 81
23 14
30 84
37 75
31 72
60 88
34 88
44 52
78 39
68 70
84 26
55 10
14 22
68 62
18 76
2 18
28 25
85 57
71 30
4 10
64 26
60 6
22 67
20 63
68 51
41 60
76 59
32 52
80 63
23 7
47 78
78 38
65 72
3 44
10 60
54 37
85 76
42 16
51 25
78 27
75 81
49 22
11 44
74 91
15 59
60 24
45 46
61 19
26 27
62 90
86 78
35 43
26 39
21 39
26 61
66 9
50 77
31 24
29 67
23 43
34 45
67 41
90 22
79 25
47 40
74 87
74 25
21 75
45 60
10 14
88 72
26 36
65 49
65 3
34 70
90 78
8 40
40 7
24 27
85 70
66 30
66 11
54 86
48 61
17 57
74 13
1 63
49 28
20 76
31 54
17 29
3 79
68 42
48 1
31 41
33 5
34 7
69 87
56 26
57 72
45 2
48 8
64 59
36 84
6 66
9 22
3 65
63 34
16 19
88 46
23 83
14 56
90 82
14 17
16 70
51 24
72 7
31 7
28 66
90 33
3 61
18 6
35 80
2 13
62 52
58 47
43 34
11 4
25 24
20 3
57 71
80 91
40 20
6 31
48 59
63 51
82 43
19 79
86 20
91 19
34 21
65 76
54 75
80 41
61 62
7 80
4 86
42 7
68 11
37 25
69 62
75 22
68 2
10 62
75 9
80 17
29 53
55 46
90 6
86 22
68 55
65 34
50 15
3 26
25 39
13 56
64 87
78 40
51 87
64 34
4 52
13 87
67 68
41 28
73 89
49 12
53 22
46 65
37 11
53 24
50 66
80 76
24 66
24 75
24 87
17 27
10 84
76 39
60 79
66 4
40 23
16 55
8 24
28 7
34 43
30 46
17 72

407 530
346 359
332 314
263 99
44 311
224 368
183 43
210 203
336 302
159 26
177 70
201 310
228 341
259 215
283 27
271 378
37 209
86 124
279 104
385 78
8 202
201 190
407 3
149 91
304 307
116 236
132 72
301 115
6 316
329 288
342 192
14 134
157 99
257 191
366 234
268 373
191 61
155 191
227 303
281 123
365 153
115 89
224 171
203 392
79 288
272 13
235 42
309 147
303 158
337 261
392 360
226 338
177 137
284 403
32 321
118 153
66 395
404 289
159 363
274 400
243 301
169 233
342 70
380 238
228 309
91 375
18 73
61 194
209 345
189 403
258 62
148 323
213 308
367 371
263 396
119 261
290 287
86 387
357 221
380 340
286 64
63 303
136 123
252 100
60 33
95 317
94 406
395 306
306 111
25 324
99 307
177 144
186 18
124 298
402 96
230 280
322 292
338 213
8 182
312 67
214 407
140 63
405 290
125 59
400 312
382 255
211 314
398 397
331 277
287 81
373 273
360 43
157 290
256 327
64 323
394 33
78 289
259 238
171 383
296 327
287 26
174 254
339 164
406 19
197 285
99 325
313 215
367 63
260 378
389 80
50 131
112 127
175 370
365 102
101 9
21 144
35 194
397 129
113 395
310 309
28 165
389 341
379 349
159 394
75 140
66 124
27 341
7 201
59 371
302 160
135 78
59 332
271 211
217 140
361 119
204 388
39 186
77 173
290 235
160 120
131 225
244 320
321 250
113 380
376 171
295 103
248 353
191 275
156 407
170 272
118 373
252 320
314 85
85 359
319 244
72 205
225 315
117 138
320 393
110 44
156 160
146 159
105 336
189 16
91 358
287 209
80 295
121 393
379 368
345 46
205 172
251 22
79 123
322 154
108 188
197 19
347 98
178 208
190 366
386 280
73 266
244 152
316 120
300 43
81 400
88 285
164 94
62 405
217 383
151 80
326 347
99 266
201 32
66 390
153 44
262 225
65 99
376 136
218 25
178 298
17 22
338 181
115 399
178 87
131 329
167 49
24 21
70 224
52 135
206 367
342 224
185 162
322 316
298 295
340 231
349 357
252 279
293 123
27 63
209 320
391 131
124 171
314 194
394 121
84 356
81 181
335 21
343 5
92 233
299 188
219 403
300 64
275 185
186 57
247 150
132 394
37 255
157 350
204 306
227 288
10 307
224 344
83 159
348 174
147 403
361 366
398 253
22 21
30 370
240 33
275 371
19 311
219 175
10 178
236 221
2 298
38 345
380 196
42 146
99 200
263 57
353 271
241 374
301 366
206 333
233 333
107 300
144 37
309 77
272 300
298 273
190 335
374 325
286 171
226 384
370 81
196 315
352 192
37 1
150 243
89 139
331 195
31 67
231 95
306 258
394 196
124 339
286 253
256 328
16 237
60 385
318 256
48 18
203 85
181 109
83 269
247 6
56 277
235 42
371 133
299 113
85 178
207 370
23 55
46 38
47 106
178 364
361 226
137 319
66 317
20 148
341 266
316 396
298 143
193 17
31 85
129 115
262 335
241 41
145 286
78 192
147 12
311 263
400 204
175 58
113 194
368 47
216 276
198 106
174 147
123 204
231 7
75 248
98 71
288 405
112 122
189 259
133 256
114 125
52 288
345 327
238 305
129 46
336 83
151 102
229 29
61 215
36 135
55 133
368 99
130 73
220 75
87 108
86 200
395 137
244 88
219 237
392 348
282 320
186 188
177 7
217 237
221 252
128 31
140 88
129 25
323 104
262 2
211 347
365 361
239 364
41 51
193 188
154 230
263 339
10 32
101 226
269 321
233 396
351 128
76 236
316 155
339 170
156 306
110 276
259 348
395 56
398 180
243 307
165 99
238 175
293 338
156 154
7 145
142 114
28 381
349 343
128 280
106 39
178 215
71 193
155 58
248 309
401 246
208 158
100 202
88 393
295 244
139 302
144 37
8 171
173 356
107 56
391 212
94 162
182 327
110 336
385 113
400 378
358 364
291 51
158 379
199 208
378 93
265 114
129 272
284 57
383 146
112 123
357 206
40 131
125 149
223 265
261 378
398 211
334 282
17 247
9 378
48 386
64 68
255 355
340 294
5 71
33 116
193 145
77 232
276 365
136 254
385 396
224 376
363 314
6 135
153 177
106 363
318 169
24 165
279 119
51 39
352 83
318 301
228 394
125 259
107 261
268 85
5 247
216 367
153 384
95 62
153 200
180 226
124 203
390 158
77 196
197 185
35 107
78 262
256 365
276 363
381 136
203 386
382 174
345 291
313 195
352 221
150 124
39 273
83 21
24 322
216 383
99 250
82 176
267 337
134 298
48 107
189 6
248 327
179 349
210 247
136 154
60 286
33 98
314 278
281 93
193 253
68 47
258 149
223 118
242 112
171 45
381 360
51 222

156 467
85 136
125 37
59 87
23 102
10 61
29 151
127 154
15 28
89 52
65 59
46 58
20 80
107 15
17 58
65 67
67 21
46 63
57 104
150 108
78 3
40 106
153 10
131 40
65 63
91 130
122 136
31 13
87 137
55 104
38 119
14 133
11 60
39 96
35 60
47 112
90 86
61 87
123 35
154 32
126 88
5 91
95 63
131 25
44 30
156 109
20 42
113 31
129 152
126 7
83 44
119 17
1 51
131 123
86 128
154 83
59 30
45 25
93 19
77 8
76 77
116 96
118 101
154 118
124 151
124 50
66 114
66 9
68 32
122 39
30 48
125 87
92 149
23 110
70 30
58 18
18 25
7 118
50 124
113 44
119 6
109 77
100 18
85 11
77 50
50 134
125 46
65 60
67 87
41 8
145 98
25 34
122 59
23 43
54 135
86 16
140 66
92 111
111 48
122 32
97 43
9 65
88 101
152 154
32 37
33 48
6 57
81 156
143 103
42 40
81 156
56 92
65 19
47 48
67 12
107 35
82 143
128 41
88 123
67 119
31 99
10 37
28 118
36 14
64 105
54 144
104 137
79 41
27 153
88 93
36 66
156 117
52 127
30 139
121 96
129 152
66 10
60 93
127 123
107 34
71 32
49 47
40 156
87 66
152 46
31 32
111 30
20 6
28 49
145 148
16 145
143 82
155 46
18 125
12 152
31 111
55 79
1 122
78 87
32 102
4 90
133 114
119 24
147 18
73 7
9 116
152 24
41 150
97 87
118 137
110 148
91 9
99 91
2 48
49 61
149 80
150 153
37 140
21 27
1 121
34 10
80 29
33 149
50 1
79 11
137 32
31 71
68 1
33 70
48 109
130 41
32 152
65 68
7 113
123 8
77 28
45 29
84 105
21 133
105 127
15 86
30 45
156 98
45 61
39 121
13 40
33 45
63 97
140 70
54 134
77 2
5 149
58 116
97 78
92 45
76 107
2 106
23 30
75 96
90 141
60 130
52 120
46 115
60 30
28 141
35 132
143 68
124 44
27 92
150 147
136 97
125 10
74 147
39 148
114 156
4 45
129 56
8 19
14 68
76 69
80 110
44 66
49 39
138 76
130 3
94 137
99 62
146 45
52 28
36 38
55 68
82 28
123 90
74 136
29 149
76 108
130 119
46 23
1 27
126 130
57 63
138 27
124 128
71 47
27 135
84 82
46 10
137 12
127 54
19 155
46 94
134 19
84 23
69 112
77 38
113 133
128 94
32 95
93 102
14 120
108 125
45 153
6 53
36 132
106 82
2 151
47 136
41 130
2 138
113 79
19 69
83 19
35 142
141 127
88 154
90 67
123 6
92 156
58 127
132 35
81 133
29 127
140 98
129 142
79 113
92 125
26 46
143 88
32 128
58 147
153 20
57 147
53 148
147 139
147 150
17 71
154 74
69 138
43 69
123 121
26 86
117 51
131 104
10 34
103 95
24 127
142 109
118 67
128 108
49 118
129 93
60 126
38 1
107 80
69 101
72 94
30 33
16 33
8 25
66 110
148 118
80 133
70 69
43 41
48 119
31 20
84 90
146 121
118 96
45 31
41 144
124 98
20 140
130 27
36 68
8 27
29 116
32 98
28 74
10 104
65 40
123 148
2 140
112 119
80 28
149 148
16 145
117 63
156 119
90 63
30 125
90 86
84 121
27 140
66 64
87 130
104 81
121 105
65 105
95 16
4 116
7 47
104 151
110 131
113 71
37 14
39 126
99 123
118 153
106 56
61 64
29 8
144 22
140 52
154 78
95 1
65 129
48 12
124 29
142 80
99 51
94 137
48 36
131 10
33 108
93 121
15 121
156 31
14 139
110 11
88 49
40 153
21 115
36 144
143 50
96 113
100 33
93 147
96 68
28 156
47 120
120 62
113 147
92 126
129 73
9 89
121 76
85 142
34 148
1 48
41 96
4 140
156 96
3 124
35 30
151 82
150 143
15 134
133 134
131 106
50 139
66 15
58 22
28 119
13 28
10 54
152 13
65 23
137 67
146 43
125 141
124 146
127 10
123 103
15 97
80 65
108 17
107 9
38 6
156 51
61 9
132 56
50 68
107 30
7 96
72 131
108 68
148 106

199 943
112 24
161 91
136 46
163 171
163 47
165 121
131 172
2 64
93 76
173 129
79 52
146 198
191 104
102 178
186 28
161 98
28 122
189 163
145 152
134 108
175 76
29 107
49 7
147 118
83 120
24 138
148 169
113 139
50 15
94 14
20 32
111 47
131 77
11 76
6 121
183 181
174 188
65 23
194 12
117 54
109 140
192 57
86 82
173 113
97 67
126 93
99 14
116 30
91 126
82 96
25 65
54 198
53 118
197 24
107 114
78 16
31 47
49 116
105 22
6 2
66 131
71 164
122 187
170 13
90 29
85 114
93 116
89 122
34 86
122 117
176 132
7 199
181 100
105 179
105 83
45 14
154 185
135 118
132 124
8 160
185 122
30 101
187 128
112 74
51 29
27 4
138 34
4 119
133 85
75 15
167 120
28 98
105 162
16 15
63 24
174 49
122 181
126 86
86 38
159 113
44 163
117 181
196 97
77 106
181 151
120 125
71 125
1 153
64 16
144 127
16 95
175 114
76 101
1 162
116 136
75 159
99 168
140 72
65 193
177 23
144 75
148 192
199 148
145 63
140 89
189 133
160 141
47 37
20 24
175 112
160 50
71 36
195 187
108 60
180 85
83 124
136 8
116 135
132 38
175 49
103 141
181 64
83 29
77 79
52 190
188 78
61 25
73 25
132 110
181 193
169 105
130 153
198 42
85 13
17 133
93 158
115 156
18 120
10 96
148 61
63 114
115 123
138 165
124 47
75 105
17 44
186 146
196 161
165 58
174 158
167 67
116 82
199 110
178 9
182 104
69 45
18 160
144 155
125 68
178 199
149 194
20 136
118 192
97 83
50 48
41 194
114 134
76 113
21 32
98 4
135 143
48 152
104 169
84 29
37 39
29 163
33 25
99 127
18 172
10 44
21 28
38 111
138 91
2 135
122 99
138 34
43 163
185 146
132 46
174 145
84 179
85 93
5 183
21 198
133 7
19 130
11 34
41 148
124 42
61 23
118 198
56 160
138 18
83 47
40 34
169 100
14 54
192 194
15 189
169 147
196 187
77 7
21 117
132 121
136 192
120 54
167 175
190 106
169 50
129 185
83 98
85 73
152 55
44 166
44 13
113 40
177 166
24 174
60 155
73 172
124 192
3 91
145 192
173 114
42 103
77 102
1 161
174 129
16 19
95 60
8 184
76 184
127 99
136 187
31 9
159 154
1 162
23 145
131 195
37 150
75 113
29 53
51 3
181 67
197 54
103 6
15 178
166 142
55 102
106 85
87 42
40 65
180 62
186 89
34 199
16 86
89 44
138 140
46 96
183 44
149 86
26 141
41 191
60 95
71 165
180 134
183 196
198 164
35 162
53 68
161 68
153 51
111 68
167 133
164 150
153 90
13 178
31 30
147 90
125 194
32 82
128 16
55 104
179 89
66 9
133 27
53 64
54 140
131 21
50 72
170 4
162 159
158 169
189 82
37 91
76 68
149 181
60 4
62 16
69 127
24 178
130 53
19 161
169 127
181 20
198 129
199 137
65 157
107 54
17 120
121 69
187 70
50 48
50 88
63 95
191 64
74 122
93 92
60 63
19 41
82 194
146 81
131 12
15 42
31 111
163 100
99 10
126 123
60 15
162 131
6 3
181 104
96 74
163 158
69 181
17 40
127 97
148 115
111 139
157 119
51 97
19 126
106 144
49 142
158 187
51 141
190 32
45 63
82 9
21 128
189 14
167 93
110 115
9 197
55 142
116 105
39 134
31 121
56 41
190 43
91 131
10 122
176 72
5 184
69 132
150 82
99 43
168 191
28 143
46 146
59 127
161 170
134 83
3 189
100 192
9 190
124 195
112 77
44 93
61 113
2 187
171 78
7 117
69 12
60 91
157 95
18 119
65 151
178 67
117 78
37 125
68 160
120 156
37 141
27 74
31 28
38 2
82 44
95 127
55 131
18 189
27 12
85 68
139 63
112 56
117 148
158 161
85 55
117 98
195 120
171 26
125 185
5 7
29 76
134 61
8 128
27 34
140 111
78 56
150 189
112 67
114 47
28 198
78 121
73 74
19 21
76 143
6 57
149 35
133 60
72 140
188 75
150 105
185 28
160 112
194 49
178 85
72 182
61 150
80 133
1 98
154 76
41 159
133 167
170 66
4 19
182 168
93 132
73 55
136 11
166 107
59 121
192 131
103 53
58 160
162 58
58 116
110 76
53 20
20 23
62 23
19 44
191 111
152 41
166 66
51 109
172 87
31 141
18 110
170 52
70 133
109 128
26 19
180 78
16 199
78 77
198 96
121 166
7 50
8 149
115 35
36 88
121 66
6 115
175 176
166 23
109 75
150 134
71 107
189 86
106 67
162 81
139 60
48 122
110 55
72 2
89 107
89 11
149 95
125 101
48 69
123 156
143 50
67 190
156 33
53 39
99 192
120 15
52 167
137 138
22 185
140 87
69 6
74 18
77 176
118 124
45 42
57 164
68 101
155 25
133 184
63 10
176 182
24 6
149 160
143 147
122 60
12 190
66 85
8 119
61 103
44 82
121 77
47 188
177 178
13 111
162 53
97 139
35 120
121 161
58 64
108 179
101 96
170 143
181 154
62 19
57 82
101 154
159 147
143 113
102 132
1 64
161 97
179 196
18 100
134 52
141 19
31 42
115 1
184 96
132 23
91 165
105 191
120 41
115 40
130 17
148 131
81 110
28 37
83 22
137 17
73 55
35 104
96 149
81 57
22 13
56 113
178 160
81 75
177 196
114 108
189 62
39 47
148 43
84 31
65 197
47 137
52 82
18 124
8 99
157 7
88 13
119 66
150 176
140 127
149 31
12 139
93 27
185 41
70 46
49 111
43 95
25 71
153 43
194 138
118 151
144 6
164 40
49 114
16 188
18 142
196 7
81 66
33 43
83 79
89 131
189 108
27 15
179 156
34 150
94 128
102 38
133 43
54 181
133 70
147 127
12 120
133 69
185 166
111 68
45 176
199 12
85 3
3 41
158 36
190 53
163 69
67 73
111 121
32 21
167 155
148 155
75 81
1 60
24 88
127 69
65 103
57 126
105 59
166 41
71 133
93 11
3 136
60 113
34 91
134 177
23 82
109 97
139 109
133 163
197 38
9 39
140 65
164 23
100 107
63 147
40 132
134 42
45 193
132 79
62 43
56 84
101 165
158 40
51 68
179 48
105 187
86 23
29 27
45 128
133 84
52 150
16 185
168 60
179 77
115 18
119 148
101 196
113 36
14 140
104 192
188 185
157 51
8 185
78 29
91 187
89 142
137 104
128 83
141 84
159 33
101 56
180 2
52 70
15 65
11 118
35 175
80 191
26 88
176 103
93 67
68 182
10 5
63 114
64 180
197 24
14 98
79 193
76 130
41 90
172 51
184 7
26 42
197 51
129 150
131 198
18 198
180 4
179 21
94 44
1 91
44 14
165 122
184 41
29 25
108 1
52 69
7 77
110 180
104 16
131 12
191 125
186 148
105 143
168 175
163 169
66 7
159 8
105 143
25 133
144 132
134 195
178 117
49 65
75 130
58 182
118 49
84 105
196 165
25 165
140 187
111 182
170 70
189 75
190 14
8 134
123 118
107 101
36 132
142 87
62 199
69 157
25 129
39 22
94 63
163 34
27 74
16 196
143 181
48 110
194 55
45 117
150 128
194 162
60 114
49 99
113 94
56 138
23 94
136 116
133 99
149 159
172 141
132 92
122 179
3 93
11 24
187 160
151 158
122 187
72 170
63 162
64 118
100 86
188 13
178 121
111 104
80 60
22 12
128 120
167 107
14 178
130 1
138 58
135 61
23 8
8 85
169 49
180 46
111 168
58 90
90 145
193 146
181 16
135 86
135 102
193 125
80 100
102 195
135 38
56 157
45 40
19 190
88 198
36 199
167 70
89 34
191 59
179 172
74 114
58 186
193 28
111 73
128 190
68 63
28 100
196 49
117 15
39 5
14 74
180 157
120 69
190 111
105 146
60 155
61 94
141 54
122 30
103 27
20 148
89 24
25 62
72 141
53 110
146 43
160 126
199 57
172 166
167 54
113 27
9 173
120 127
4 19
133 106
45 129
54 110
152 79
171 1
196 25
87 119
67 24
46 44
80 194
10 24
25 122
27 33
72 146
159 75
142 69
158 186
197 188
97 126
44 45
126 41
69 13
159 113
13 181
156 92
152 142
115 176
65 141
10 136
65 145
188 7
191 146
169 188
134 66
115 155
111 18
195 156
8 154
46 20
113 2

27 351
9 14
27 15
1 9
16 18
7 14
14 11
10 5
13 7
7 17
8 16
4 7
16 5
11 5
1 6
9 21
1 17
23 16
20 23
13 25
2 19
11 4
19 10
9 4
16 15
20 12
19 12
18 23
6 1
16 6
23 14
26 23
19 21
27 12
6 12
25 7
19 8
11 10
6 19
2 21
22 21
21 2
22 27
24 27
17 13
21 12
26 8
23 6
17 22
17 22
22 3
2 13
11 1
23 16
8 24
26 2
7 8
3 17
24 15
5 13
27 25
13 14
5 8
9 21
18 14
16 12
17 6
13 16
6 8
20 13
21 7
3 27
15 21
5 11
8 9
12 24
6 13
26 10
20 7
19 26
21 7
26 10
1 11
25 22
8 6
23 1
13 25
16 27
18 20
26 15
1 26
11 22
11 25
20 19
21 11
17 14
18 4
12 7
3 25
2 10
3 24
26 15
22 3
3 1
11 17
4 11
15 3
21 25
1 13
5 21
24 10
23 3
13 23
9 16
20 10
14 11
23 2
15 6
4 6
22 15
23 26
14 10
1 8
24 17
9 1
26 5
11 10
7 12
5 16
13 3
3 13
25 4
27 3
23 5
25 10
27 12
24 26
12 20
22 18
1 11
16 22
21 15
1 22
19 21
10 5
24 12
17 10
4 5
2 27
25 15
25 26
10 12
26 2
6 16
19 5
21 13
15 8
2 9
15 23
18 8
8 19
13 17
11 17
18 26
15 5
24 1
19 22
12 18
24 6
22 4
26 15
16 13
11 6
21 26
17 1
6 24
8 19
3 7
24 9
6 27
3 18
27 21
12 27
11 24
21 6
16 20
9 4
5 9
26 15
7 15
4 1
1 11
8 3
6 21
11 20
13 17
9 7
2 8
6 14
2 27
3 21
9 22
14 6
20 1
12 24
4 1
24 3
25 26
9 18
25 8
10 11
25 7
6 15
15 27
17 5
27 19
14 24
3 27
2 22
17 2
7 9
2 3
12 15
17 9
5 15
5 4
14 18
10 8
21 13
7 11
17 6
2 3
18 4
19 15
8 20
21 16
11 13
16 25
2 24
3 5
18 22
18 8
4 25
18 17
5 1
22 26
18 25
17 11
16 24
25 23
17 7
27 16
19 16
13 10
1 4
14 18
25 5
15 18
18 5
23 11
21 17
10 11
14 15
21 18
11 7
2 16
14 2
4 21
17 6
3 6
25 6
24 12
10 27
2 16
4 24
27 13
13 25
23 16
12 17
22 11
12 13
27 25
3 8
8 24
26 13
22 4
9 6
2 24
23 18
16 19
17 1
20 14
24 14
2 8
24 13
20 12
27 11
4 7
18 27
5 3
10 25
1 15
26 24
10 16
2 17
21 2
26 7
25 11
9 15
7 22
1 15
6 16
25 9
11 15
25 4
7 1
23 11
27 8
9 15
9 26
9 11
13 4
24 12
2 12
19 23
1 22
17 16
20 15
26 23
12 2
2 7
19 13
17 18
21 26
21 2
13 18
1 14
11 25
25 12
9 5
23 25
27 12
2 8
26 27
3 26
17 21
6 24
6 22
14 15
9 24
17 21
3 17

94 14
3 85
17 4
71 51
74 83
87 50
75 12
89 17
27 90
14 60
54 31
15 10
68 26
61 10
88 51

479 640
177 376
104 356
397 345
442 110
83 23
361 249
148 458
347 244
304 246
405 40
188 376
461 101
280 459
337 60
158 208
445 142
104 356
306 309
29 268
226 111
98 107
360 53
373 35
104 197
281 30
44 276
405 25
376 14
4 233
360 449
441 325
111 352
9 224
468 38
299 214
435 397
129 123
449 22
158 74
218 438
103 262
42 315
94 417
328 385
170 208
354 418
340 272
99 157
304 87
194 123
301 149
40 237
80 297
66 237
370 283
3 280
352 44
402 254
460 59
159 437
266 320
376 414
112 282
91 223
368 92
346 476
48 193
233 127
10 298
171 187
389 173
274 69
24 197
130 4
255 288
249 328
128 432
70 48
234 447
270 122
59 423
406 107
137 159
41 433
265 212
141 461
384 222
337 216
418 467
219 1
83 275
137 211
227 206
66 460
174 143
390 40
87 316
433 31
282 474
463 354
206 411
335 397
154 1
133 379
275 160
188 357
434 324
375 469
337 248
449 31
391 359
71 285
3 24
315 285
305 106
159 318
38 302
236 191
302 176
377 384
143 85
261 385
216 444
374 74
212 343
391 410
31 269
215 33
101 50
125 405
443 284
244 1
106 287
478 215
270 375
406 413
268 187
318 4
438 20
77 171
170 468
388 8
257 124
41 357
460 452
91 423
256 334
423 169
428 421
191 218
125 117
438 392
112 276
395 70
103 280
48 273
268 436
280 332
367 128
18 347
101 108
99 356
249 329
333 197
79 44
222 203
161 181
115 272
264 317
149 367
117 197
160 192
440 247
332 327
375 349
2 475
264 100
159 320
429 12
324 315
343 66
38 311
246 439
103 318
276 59
205 201
63 172
200 23
418 52
157 313
208 159
116 279
66 83
119 302
381 442
137 244
29 461
75 82
420 464
399 25
44 411
33 393
103 232
416 329
92 380
449 299
59 373
99 412
455 25
42 356
467 466
408 16
447 290
384 196
83 304
28 413
43 60
326 146
99 262
282 190
163 251
297 29
144 203
248 119
227 290
283 22
84 19
324 51
308 229
246 390
340 81
323 382
140 170
335 47
239 137
44 209
196 148
238 339
350 293
266 385
390 356
214 473
374 59
45 202
287 98
400 434
179 51
144 126
220 479
172 267
423 24
475 139
171 41
478 329
334 72
42 244
427 255
238 321
313 90
330 407
474 58
361 460
109 26
107 136
312 86
402 255
396 206
394 88
246 200
416 100
79 265
152 26
40 197
154 353
94 291
88 157
257 69
265 90
462 400
401 355
131 463
272 336
377 167
102 384
390 10
462 175
448 295
214 165
256 374
258 68
462 153
224 239
29 296
328 11
24 57
174 154
40 253
297 225
419 207
129 137
216 399
311 471
214 332
156 470
227 221
345 17
373 376
63 402
192 390
220 23
254 393
464 293
453 281
38 200
8 454
336 31
373 454
22 394
115 464
192 149
13 57
165 386
240 227
116 239
424 335
262 198
57 246
11 317
334 336
38 150
310 181
180 203
443 10
117 78
281 309
226 294
173 198
8 221
424 123
459 176
265 49
181 129
102 191
446 436
334 291
106 164
471 93
366 434
389 291
319 191
407 65
5 387
262 12
128 14
421 395
476 206
251 177
335 353
176 109
117 30
399 30
194 198
409 367
153 319
465 279
30 392
344 321
108 413
332 43
235 273
245 231
286 17
408 141
177 104
57 101
133 455
417 134
174 346
22 134
185 294
412 22
15 84
342 122
18 194
451 60
274 217
290 81
41 26
29 25
416 86
412 357
61 349
11 42
215 319
175 208
134 395
229 148
478 92
269 303
93 240
362 367
264 460
255 112
6 283
136 422
368 68
299 237
416 117
278 439
436 261
167 90
176 395
237 174
7 313
285 100
360 167
274 432
434 49
64 248
331 200
477 28
75 296
72 299
220 349
258 176
417 424
73 113
339 117
95 154
429 379
61 118
353 334
70 308
382 420
76 41
427 73
355 23
176 426
321 203
104 386
379 41
330 259
154 476
376 56
150 133
242 18
250 115
351 127
230 61
68 113
389 302
472 264
324 455
211 452
179 314
358 78
162 16
144 315
13 40
178 449
173 419
467 230
342 146
165 379
207 40
13 116
341 5
379 473
460 397
445 159
39 132
44 201
147 474
323 159
35 22
416 15
248 403
52 110
69 216
10 275
255 309
198 404
313 385
397 101
302 362
67 341
14 397
62 448
392 384
127 234
213 63
248 461
273 299
91 342
323 387
424 385
216 430
309 337
335 226
245 444
396 312
305 217
37 174
185 428
366 120
469 99
469 237
367 263
344 266
412 474
173 164
379 197
401 209
54 256
242 298
221 158
417 333
183 454
315 175
210 201
294 200
107 284
244 474
354 395
260 94
389 240
257 289
436 179
18 297
242 67
403 270
33 340
124 215
122 246
389 332
446 12
339 360
103 354
456 19
421 70
407 182
134 216
425 312
41 243
362 108
166 152
140 313
83 162
435 328
358 95
294 369
433 462
471 343
336 447
361 86
324 97
267 458
120 20
98 448
262 459
76 235
132 23
356 214
184 311
63 62
213 164
239 166
146 230
316 290
6 198
375 137
102 449
115 221
468 21
189 59
479 72
293 418
381 456
440 85
287 310
434 307
473 1
280 427
230 117
45 43
122 227
180 223
4 102
251 471
122 248
50 122
319 151
347 221
127 307
113 222
137 354
336 418
354 137
173 392
253 217
242 374
251 421
404 254
44 462
245 165
230 103
94 357
61 441
385 474
76 305
24 213
467 360
438 149
304 131
61 364
155 111
66 405
52 469
466 95
451 231
68 10
141 161
174 9
409 79
291 293
191 122
26 178
289 271
327 113
209 195
476 363
305 62
96 357
338 82
259 118
120 134
127 69
103 300
77 32
186 175

197 154
140 105
128 84
18 46
43 110
96 88
159 81
192 143
84 98
106 25
107 136
74 43
109 148
57 39
32 29
128 109
52 70
169 179
153 187
180 151
99 78
42 17
114 189
159 197
45 24
178 108
115 54
150 26
4 163
20 35
147 99
1 19
27 135
128 169
117 37
26 151
34 195
23 25
113 23
70 136
3 133
9 12
85 34
168 6
9 158
153 156
16 109
130 42
47 16
13 119
53 191
28 86
189 51
67 104
73 92
195 31
27 6
195 67
192 165
73 3
125 181
114 140
92 47
137 94
62 105
16 70
99 43
112 46
49 178
149 121
28 102
107 54
107 104
120 101
27 148
103 152
131 173
50 179
22 143
75 39
50 90
65 104
89 176
149 137
112 56
17 139
157 79
148 66
139 70
122 165
174 181
75 107
156 125
88 133
26 119
171 75
11 38
135 55
169 86
148 83
98 120
177 57
1 127
79 139
153 3
107 129
183 137
191 97
64 38
32 89
156 159
120 122
152 57
133 124
98 83
162 195
5 142
55 5
27 133
100 179
91 162
66 33
101 16
129 121
53 117
165 164
78 87
44 32
99 176
155 197
61 76
150 21
173 160
179 2
95 81
137 142
45 158
174 101
173 61
24 181
177 145
103 13
34 147
45 89
125 155
44 142
33 193
162 161
156 143
119 9
179 58
106 179
171 38
83 103
99 62

134 14
110 100
54 97
37 132
100 103
46 113
95 35
78 103
64 49
122 131
126 25
85 84
11 85
91 133
97 89

