20
260 249
9 31
85 158
235 41
87 164
108 227
10 252
149 166
82 42
230 248
231 149
44 93
69 122
49 67
203 229
135 192
129 15
222 213
173 69
254 131
232 101
97 114
224 245
151 46
159 120
165 129
9 208
221 209
201 10
147 143
110 153
206 238
167 40
63 211
108 56
82 211
28 50
196 251
167 86
168 65
78 204
65 218
151 25
38 224
166 184
238 16
208 184
125 246
223 59
197 70
246 150
152 13
71 88
136 237
45 43
173 122
247 237
79 9
2 116
104 39
171 82
186 250
5 183
236 99
241 172
40 227
61 191
111 131
150 246
240 195
161 152
188 19
129 139
159 2
126 3
172 37
216 98
26 220
20 133
190 132
44 229
98 236
159 81
239 181
66 218
115 98
241 174
116 241
52 147
242 178
149 26
86 236
123 243
195 14
116 124
145 159
224 115
135 254
67 245
174 132
202 160
102 54
74 89
35 125
235 148
42 255
173 127
230 167
110 36
180 97
31 197
255 254
183 1
248 249
245 33
252 58
193 93
112 138
182 146
2 28
165 176
23 78
174 252
244 155
160 36
251 190
232 118
56 26
118 175
14 235
207 5
32 11
230 15
148 151
32 22
50 197
197 72
14 242
196 129
9 95
164 259
156 135
116 211
160 106
125 45
80 204
182 243
214 151
258 102
173 161
123 222
97 191
34 242
44 101
111 52
67 14
51 222
21 38
45 52
143 41
229 94
244 150
77 198
40 206
171 84
106 165
45 75
227 210
56 10
50 38
62 248
184 244
82 76
153 126
259 168
38 227
1 22
116 209
91 27
26 133
110 4
37 27
78 135
236 5
144 158
175 77
145 98
60 226
173 85
91 43
252 129
10 252
22 257
73 244
156 98
116 5
101 24
163 50
158 139
187 173
36 101
250 180
70 181
146 114
5 108
156 256
108 37
120 1
34 192
244 189
161 231
65 2
254 228
183 23
238 109
196 13
81 57
192 150
237 209
3 114
189 31
109 36
67 100
37 100
163 152
160 64
123 97
197 248
64 119
11 41
100 78
185 180
134 248
70 110
69 204
95 257
234 204
32 41
175 200
12 78
92 172
141 86
8 77
73 203
67 83
115 166
32 39
86 165
158 27
147 226

228 487
138 224
76 150
200 27
221 207
108 136
98 136
77 173
36 118
51 146
120 181
112 176
219 225
180 77
211 154
194 48
155 104
43 2
25 14
44 33
221 167
169 106
74 17
51 125
150 101
43 42
70 170
5 60
166 184
136 164
126 102
211 52
221 42
69 33
55 129
65 63
67 5
169 157
38 7
69 187
107 111
16 192
68 20
24 5
220 175
168 133
64 167
200 56
208 56
104 34
184 169
113 39
173 69
211 210
75 51
185 197
178 200
161 17
8 200
22 15
146 205
147 226
143 118
69 122
189 173
172 145
113 56
199 73
124 181
71 214
19 27
182 196
226 130
1 21
117 22
35 51
14 197
48 157
86 116
66 47
76 9
207 188
80 193
49 219
145 119
204 163
145 174
147 158
91 147
179 208
184 1
30 213
198 93
157 71
224 223
117 72
19 111
47 115
75 95
105 7
213 97
186 145
58 104
75 148
38 41
143 221
41 172
221 26
52 150
97 48
144 1
135 178
112 181
64 202
64 169
209 64
53 182
209 110
57 71
29 110
127 188
118 183
131 110
209 199
31 77
18 190
77 152
140 204
120 203
178 183
159 174
19 211
127 15
108 199
101 153
80 227
112 197
197 30
94 177
228 125
25 33
86 118
184 13
93 92
4 58
46 162
3 80
161 145
110 56
131 226
208 226
224 91
210 209
121 76
157 136
200 198
169 73
87 140
86 179
3 105
25 65
38 43
144 214
188 42
58 106
39 37
104 51
144 85
31 36
160 203
187 147
172 127
8 30
39 109
225 41
213 21
105 38
63 37
40 38
94 97
144 148
133 19
198 48
119 16
99 67
219 58
213 162
200 8
192 10
116 204
67 116
224 187
154 58
223 193
96 104
61 27
24 209
45 9
29 179
25 143
17 15
216 18
192 188
25 171
197 157
146 51
44 141
10 197
215 20
177 98
124 25
124 163
6 184
171 50
134 195
192 151
225 196
168 189
155 208
131 139
136 49
190 180
205 199
164 191
218 129
76 129
153 199
63 158
170 6
223 92
216 203
14 213
170 197
189 96
192 91
6 100
155 211
67 148
181 18
126 187
146 202
87 71
188 166
16 130
187 11
221 174
1 22
174 170
6 134
53 197
13 74
84 167
57 150
86 9
184 228
211 101
201 86
187 160
23 219
77 209
17 69
170 17
90 116
186 111
21 26
80 33
99 163
216 155
101 89
180 56
88 162
172 60
19 147
8 57
137 84
53 169
169 223
185 30
126 158
157 146
183 8
195 53
186 198
224 58
58 175
129 162
124 89
9 159
23 16
215 159
116 56
115 56
50 71
101 191
228 29
108 198
36 90
38 10
59 33
83 133
207 212
66 119
88 90
49 110
106 51
56 221
106 170
48 171
28 164
133 43
193 29
12 16
118 49
25 193
82 108
97 76
107 178
210 194
39 30
91 160
81 146
152 186
103 215
129 130
151 49
172 131
77 183
146 195
19 171
175 116
66 43
208 172
220 189
153 46
219 15
206 87
160 145
60 34
148 204
179 70
25 122
216 101
76 133
83 110
91 29
226 172
87 205
115 94
181 55
140 171
69 117
45 16
49 105
65 196
80 15
53 120
136 40
221 227
189 91
125 51
120 122
11 206
114 125
72 66
196 227
25 36
131 69
68 179
173 132
147 41
163 199
160 70
11 168
85 215
31 209
37 166
118 63
143 3
204 2
68 171
16 92
206 146
177 45
97 137
193 31
177 127
1 125
212 27
64 84
13 94
64 66
31 197
144 190
199 119
207 55
61 11
146 39
156 110
99 40
19 79
70 195
221 87
91 205
129 171
60 158
52 140
11 99
108 154
76 95
45 54
149 105
64 82
159 8
192 46
47 210
140 133
192 133
7 71
109 135
13 184
80 64
111 90
178 219
32 25
85 76
79 21
196 158
102 143
165 65
188 228
62 115
148 26
19 154
112 127
76 124
99 156
203 209
33 153
215 64
193 87
155 43
107 123
217 225
53 169
61 12
184 139
126 103
180 161
28 63
75 104
202 173
31 176
170 63
116 156
143 81
15 69
139 137
207 143
133 31
84 210
58 39
120 200
142 71
132 185
149 206
60 122
167 106
85 108
185 201
35 99
69 65
183 223
218 178
138 122
208 221
119 54
47 10
25 204
96 156
161 16
149 8
137 87
130 222
194 102
210 17
216 66
97 170
60 86

84 441
8 79
49 78
60 76
8 64
51 79
39 47
75 71
47 23
50 24
68 43
17 5
59 40
10 16
69 82
77 12
54 84
46 59
78 21
50 41
84 56
35 78
59 65
20 21
44 69
84 27
68 16
32 82
11 81
13 79
34 46
6 4
45 51
62 78
27 67
34 66
38 25
15 12
5 35
72 4
59 71
31 42
42 18
40 52
14 8
47 48
53 8
7 54
15 24
47 81
6 37
63 83
61 33
51 21
67 38
25 82
65 11
39 22
28 34
74 81
42 76
84 50
39 6
19 9
69 22
6 30
58 24
29 74
56 79
50 79
72 74
76 52
40 70
30 23
60 59
20 57
50 59
22 44
65 41
53 5
62 14
35 75
37 19
64 48
13 69
82 40
15 29
48 54
15 77
77 74
51 52
46 56
26 23
15 46
63 23
51 80
36 1
26 28
59 45
32 27
30 29
66 44
58 29
13 28
61 45
17 67
12 18
78 38
40 49
83 59
71 49
10 63
5 76
6 19
36 37
45 65
66 27
64 79
11 33
22 28
77 78
50 5
51 44
42 46
8 80
20 78
1 70
12 45
61 18
64 12
10 24
33 31
6 12
25 57
84 2
84 77
35 49
81 1
8 78
47 55
29 22
49 29
7 16
74 23
33 53
75 43
32 23
29 38
74 54
10 74
11 49
22 46
13 18
46 61
51 48
31 35
70 35
64 32
51 9
55 39
17 1
37 48
23 66
41 52
75 50
81 1
14 18
2 67
75 4
83 81
51 69
32 76
20 51
64 26
59 74
20 75
74 57
78 52
78 35
19 24
40 16
64 54
73 66
76 64
69 74
60 75
58 7
23 33
57 42
14 71
31 74
17 60
2 11
27 79
1 18
40 16
37 49
5 18
40 24
42 69
83 73
83 6
51 71
18 8
41 5
78 30
21 53
31 79
65 31
79 38
27 51
74 75
11 8
31 74
5 55
72 77
53 33
43 40
51 6
80 55
83 25
75 51
11 62
1 75
48 36
28 74
42 17
65 8
64 51
81 25
21 68
17 74
57 16
69 23
21 20
33 60
44 63
26 10
40 67
84 44
18 67
73 15
39 9
22 59
59 18
83 36
41 55
65 13
26 49
75 3
68 23
62 67
2 43
32 81
25 71
40 82
53 69
12 47
77 33
21 52
6 59
43 3
30 23
55 27
46 13
50 24
74 72
65 33
19 62
13 5
57 51
13 41
62 59
34 51
36 41
12 50
83 14
79 61
25 6
43 26
18 48
49 48
35 30
36 9
47 48
53 19
54 65
16 32
79 5
38 70
45 49
36 83
19 70
15 43
31 57
68 49
20 72
52 10
17 3
18 63
6 26
38 60
46 9
47 40
13 84
66 13
48 57
11 22
42 65
20 73
77 3
77 52
75 44
61 47
46 34
66 7
59 66
60 67
28 15
79 27
36 7
31 8
57 8
6 37
28 34
69 30
26 36
60 25
52 63
70 41
44 32
55 18
14 30
40 81
84 34
24 36
80 10
83 52
17 44
44 77
28 30
18 19
45 42
26 23
67 66
22 15
36 79
68 21
34 64
20 23
43 11
18 52
50 69
25 9
68 24
2 11
9 19
69 10
17 10
72 39
75 10
9 66
44 76
2 78
12 62
56 54
72 74
62 77
14 42
2 82
65 3
48 30
61 33
39 33
42 26
72 73
75 36
10 35
68 52
68 79
29 39
48 56
28 65
49 42
22 6
39 43
8 42
28 24
74 66
57 72
7 84
60 82
35 25
72 18
76 55
52 60
49 56
32 33
36 30
14 41
68 12
4 65
39 27
55 20
83 42
66 38
57 19
29 37
6 2
29 16
54 4
21 25
75 53
16 26
82 69
66 21
80 69
1 34
52 55
9 6
52 75
44 64
9 28
17 55
29 45
26 38
4 46
62 79
14 34
20 11
18 42
31 14
66 72
3 33
42 12
39 50
42 38
29 50
65 45
60 9
45 42
47 49

209 260
187 22
177 158
122 11
118 164
167 126
93 69
62 41
19 4
116 2
70 171
2 160
85 75
63 3
36 136
186 159
27 163
101 125
32 143
135 71
97 92
196 110
81 178
72 100
182 108
101 172
69 102
44 75
98 106
77 133
162 53
3 109
136 103
24 88
167 158
158 54
170 65
85 42
34 156
141 136
54 162
19 44
185 62
118 203
88 115
126 40
88 50
149 14
73 93
22 30
172 101
84 132
86 89
94 40
165 25
96 139
108 115
182 83
176 11
76 55
125 122
15 3
171 84
146 35
177 89
194 139
110 198
191 195
77 76
26 32
21 121
92 128
26 194
131 123
205 206
177 41
40 191
174 131
66 31
86 163
119 71
92 19
59 203
5 136
69 160
88 11
201 100
138 18
85 190
61 1
186 28
41 146
139 5
68 204
36 74
157 75
144 169
94 203
163 19
50 152
99 58
83 90
79 12
28 163
122 88
163 19
115 124
165 45
129 153
169 85
17 117
159 82
206 173
205 80
191 175
153 80
23 26
170 22
167 118
184 79
206 58
98 111
182 183
76 22
126 36
106 63
73 185
144 199
149 139
70 51
104 143
52 48
168 142
69 126
50 174
125 46
152 143
78 124
116 153
66 32
109 92
16 181
68 159
92 137
89 161
187 192
94 29
160 182
170 20
19 141
114 144
186 56
207 54
101 114
128 166
66 27
179 81
129 167
31 11
94 40
92 201
152 185
151 103
78 32
43 97
172 156
161 149
132 158
123 23
192 41
110 49
68 209
50 117
166 80
127 50
40 9
171 192
114 112
6 191
65 48
208 27
124 159
96 46
29 10
199 11
50 20
189 38
19 30
154 184
30 201
154 70
209 36
52 34
148 57
16 3
25 144
159 69
15 46
114 43
55 24
183 25
173 84
193 191
113 58
86 142
50 160
132 179
196 104
4 55
160 149
187 105
83 136
173 97
181 208
60 156
152 164
102 116
38 6
97 150
63 104
3 33
54 135
133 40
29 57
94 110
205 71
135 208
128 99
17 20
18 206
97 169
160 198
75 118
124 93
188 107
117 191
140 170
37 193
131 195
40 15
16 165
7 72
163 134
91 100
74 108
97 170
197 177
79 193
86 202
76 64
100 113
175 160
73 132
143 203
118 182
139 54
58 66
125 141
120 6
32 193
34 49

43 504
29 43
31 41
21 23
23 39
40 42
19 36
15 6
41 7
36 41
37 29
32 9
7 36
17 24
12 10
13 20
16 34
20 3
31 32
25 10
27 13
1 37
5 15
34 2
13 26
34 6
3 22
14 9
6 23
33 10
24 37
29 39
27 40
33 7
28 6
8 3
18 43
39 14
6 29
8 18
3 33
24 5
4 29
14 9
43 38
18 23
31 39
10 7
35 34
13 12
31 12
14 5
12 2
11 17
22 10
35 25
42 7
21 2
27 26
11 27
20 41
43 15
43 6
42 33
10 21
21 15
17 32
16 19
41 38
28 32
11 27
38 31
28 21
6 30
39 25
7 37
16 13
36 13
11 17
22 12
37 35
27 3
23 34
21 20
20 6
43 22
32 29
2 8
42 7
38 37
23 36
22 39
40 14
8 43
31 22
11 16
13 29
18 27
12 31
39 31
36 30
10 16
16 11
15 6
9 42
31 36
21 18
33 26
18 32
5 31
34 21
43 12
30 18
23 17
5 10
1 35
11 8
42 13
23 4
21 23
37 1
8 6
10 40
32 27
20 28
14 2
40 5
13 27
15 35
35 11
37 28
2 39
35 9
6 30
21 29
24 13
36 21
23 24
9 41
35 29
4 28
25 43
41 43
14 24
27 25
9 11
18 5
2 5
43 31
25 28
11 30
12 32
1 27
32 41
10 9
1 37
34 1
26 33
6 7
16 22
15 18
32 11
12 33
15 11
20 32
30 23
18 41
11 10
16 34
7 25
43 18
25 35
1 14
40 42
22 11
5 31
42 16
42 31
22 9
7 10
38 29
19 27
31 28
42 22
27 15
13 26
33 37
17 25
42 5
15 12
15 11
43 13
26 41
43 40
42 41
28 27
17 12
15 36
2 28
19 17
40 36
41 25
1 14
23 6
28 27
20 38
26 25
13 15
16 1
13 14
41 6
1 4
42 2
23 9
10 19
37 7
35 37
12 6
42 31
32 11
18 6
27 22
21 42
22 33
13 19
22 2
25 22
5 15
16 27
15 17
37 8
16 20
37 27
25 35
15 14
37 32
19 20
2 39
19 23
21 31
33 34
24 14
5 20
20 38
27 28
23 26
43 42
19 27
23 11
33 36
39 13
4 16
14 34
34 36
3 13
25 37
36 31
33 4
42 1
41 25
28 20
8 28
18 26
11 40
28 43
25 24
12 20
31 25
10 21
9 13
25 33
41 9
20 30
12 11
30 1
35 14
20 34
41 29
9 43
17 36
34 41
8 2
9 38
18 19
7 26
23 31
8 20
31 19
41 42
29 19
42 21
32 10
3 22
38 11
13 12
4 1
3 40
2 33
7 20
39 32
34 19
31 2
6 7
42 40
35 17
30 4
40 7
10 26
17 15
29 12
18 22
7 6
23 39
12 34
34 1
24 1
23 25
7 29
15 38
13 23
24 8
11 12
14 21
30 23
27 15
26 1
28 32
6 7
27 18
32 10
10 12
10 32
28 8
10 42
2 14
13 18
21 24
29 27
36 7
6 19
22 23
19 41
12 16
40 30
25 28
31 34
40 33
15 16
32 16
7 26
29 19
43 6
42 20
32 34
27 29
9 40
9 19
37 12
35 33
33 16
18 13
42 6
2 5
13 25
20 19
7 5
38 6
10 36
26 34
19 1
19 40
19 38
33 22
21 15
12 28
32 24
18 29
17 22
41 17
5 37
3 2
4 38
19 29
5 19
39 24
7 15
18 40
36 30
3 39
6 26
11 24
11 27
2 43
17 35
8 13
28 10
6 23
40 25
8 1
35 39
24 42
10 33
30 37
11 32
25 17
14 35
40 16
11 33
7 19
24 15
31 9
24 36
23 20
9 23
13 1
18 28
34 27
18 20
12 20
43 36
36 5
20 24
12 22
14 18
40 29
32 19
29 5
11 9
24 12
31 28
4 5
13 37
23 22
5 26
41 39
11 26
43 30
6 11
8 11
28 39
32 9
14 17
13 16
17 28
27 39
13 30
35 17
15 6
38 19
32 27
14 42
9 5
20 7
7 19
9 27
14 32
35 19
6 39
34 14
23 10
2 27
31 36
43 3
42 29
13 22
13 19
12 13
23 31
19 30
41 20
13 3
8 39
21 5
34 3
11 13
12 32
43 4
31 37
37 9
6 15
21 24
26 33
39 5
1 25
37 12
29 39
19 24
16 6
19 26
10 22
37 41
21 32
21 14
26 29
12 32
41 35
7 22
30 3
22 3
40 25
31 35
1 3
43 8
8 10
33 18

389 188
179 227
23 300
82 172
145 287
186 230
265 380
362 214
60 203
266 350
179 108
200 183
383 66
132 86
158 93
110 253
323 289
90 345
387 360
316 143
257 300
171 132
290 331
145 349
333 21
109 310
316 107
291 309
172 33
194 128
125 303
179 246
202 269
201 388
38 315
141 294
225 110
225 313
240 369
72 183
389 180
291 114
85 192
34 256
224 26
182 147
328 360
3 141
38 2
139 75
116 78
168 340
375 3
63 225
371 134
206 169
112 295
81 196
97 302
250 320
327 42
265 266
200 267
205 238
68 142
312 183
219 278
321 3
280 383
27 60
315 31
27 37
326 108
31 33
20 280
152 347
120 27
223 320
93 38
168 160
179 278
141 196
167 72
386 57
254 23
305 179
54 331
216 379
49 246
210 257
325 361
214 55
187 235
374 279
71 152
237 48
229 176
42 6
247 38
250 299
61 165
89 302
295 103
90 142
348 299
9 283
271 21
338 256
54 121
333 124
273 180
359 300
154 11
305 199
49 353
109 297
129 197
8 222
299 97
363 56
6 372
138 75
191 274
330 245
5 273
167 76
251 137
375 15
335 89
13 182
53 121
89 369
116 284
201 25
380 174
268 185
344 16
259 146
289 388
1 93
271 355
168 321
102 342
134 48
41 146
229 93
65 117
260 180
11 71
3 190
245 271
374 199
85 42
143 173
40 331
265 110
297 231
41 197
371 362
43 23
119 272
303 371
187 174
162 385
244 164
373 287
233 357
285 318
198 38
101 237
369 164
346 75
193 185
271 175
346 314
385 75
384 298
244 181
270 16
364 313
368 348
9 211
114 293
327 311
331 226
159 109
389 303
183 381
287 252

110 37
29 41
20 17
42 22
17 57
3 48
75 25
19 90
50 102
59 67
11 39
69 61
34 38
15 10
86 41
41 8
82 70
48 101
18 21
55 77
9 57
14 83
81 74
63 62
65 53
60 7
91 19
67 56
98 82
65 73
54 105
12 68
106 101
100 56
11 44
22 62
32 77
34 2

137 157
56 42
114 29
7 65
88 132
67 131
64 12
85 70
11 64
11 53
119 73
43 70
33 109
62 110
51 64
125 59
65 26
101 24
37 90
89 125
84 1
101 131
133 49
46 6
95 39
41 60
111 67
129 6
38 36
99 72
82 69
130 9
94 76
16 113
11 104
100 95
104 47
71 82
95 116
87 35
17 111
94 127
40 85
116 60
103 60
131 31
128 107
39 67
45 37
25 56
123 125
133 90
34 66
17 111
44 87
128 60
60 85
32 82
15 10
4 118
52 118
11 25
87 32
74 131
69 99
32 54
69 10
126 85
75 6
58 101
92 48
6 134
115 38
61 130
30 47
93 65
27 103
89 113
117 26
90 31
107 121
68 38
114 39
122 34
27 25
135 101
55 123
97 33
23 20
25 36
67 100
83 76
48 34
52 27
42 4
41 11
107 108
31 83
129 15
117 19
39 97
119 77
82 79
109 88
81 116
106 130
78 51
69 125
67 103
134 92
106 37
85 75
127 116
4 119
113 103
120 135
62 101
74 126
25 45
76 89
6 27
81 66
77 132
53 127
97 32
81 48
52 28
123 24
126 109
125 102
74 107
99 118
71 35
89 95
62 28
46 67
54 110
132 114
87 30
103 47
44 46
94 95
56 62
102 45
16 89
129 72
59 90
35 129
107 124
69 31
14 98
80 50
70 57
26 19
86 111
48 112
2 125
53 41

23 253
11 23
3 9
9 15
2 14
1 23
8 14
8 6
15 12
11 20
7 15
21 18
21 15
13 10
21 15
5 15
19 21
18 4
7 3
22 14
21 11
22 20
19 10
7 9
16 15
23 4
7 14
16 19
23 8
10 22
22 5
19 10
2 19
7 23
9 4
14 23
8 12
19 3
15 20
5 7
11 4
10 11
12 19
6 5
3 15
20 19
13 16
22 8
5 1
8 14
7 15
2 20
11 16
16 9
16 20
13 19
8 18
9 7
22 11
16 19
23 22
5 22
7 9
3 7
10 5
21 17
13 16
7 1
3 16
3 12
6 9
2 7
3 10
14 2
14 6
14 4
18 12
4 20
8 11
7 12
2 17
2 17
23 19
13 15
15 2
20 1
3 4
3 6
11 21
19 16
11 3
13 5
8 17
2 16
4 2
21 5
18 16
15 17
5 2
20 23
15 20
19 12
16 1
22 14
13 14
1 16
21 23
23 14
18 9
11 19
7 9
7 22
23 21
21 18
17 20
9 13
9 21
5 9
19 12
22 4
7 8
1 6
7 14
17 16
18 6
16 3
12 8
2 5
5 17
22 21
7 4
16 21
3 1
17 14
16 14
20 23
14 19
7 21
12 16
15 17
2 17
22 3
12 3
8 5
18 22
12 2
3 4
16 22
21 9
12 14
22 9
13 6
4 13
3 10
22 17
20 23
4 13
3 16
15 4
14 10
2 19
5 21
16 20
19 14
23 2
21 15
10 4
15 7
17 10
9 5
1 9
2 13
5 11
4 2
2 7
3 14
5 18
7 2
7 14
18 8
11 3
11 14
17 12
1 5
15 10
9 15
12 10
4 16
15 2
17 16
8 13
6 13
1 6
8 2
19 9
6 21
14 9
2 14
13 16
17 15
2 5
18 5
14 9
6 1
1 8
8 1
14 8
6 15
9 19
4 12
18 1
19 8
3 14
16 15
23 3
6 1
8 18
23 15
3 5
16 21
6 17
21 13
1 20
4 15
7 9
4 2
4 11
4 11
20 13
10 23
12 11
1 6
10 15
9 8
1 6
8 17
20 12
10 1
9 19
1 17
22 2
14 9
23 1
23 12
4 22
17 14
16 23
17 7
2 19
2 7
3 18
20 22
6 16
14 1

427 32
240 17
56 93
215 403
139 313
330 145
382 169
6 300
105 281
327 178
426 284
208 139
65 320
53 260
130 167
168 171
274 104
187 330
320 402
2 31
287 28
175 241
321 180
237 425
158 260
299 280
116 79
115 180
95 168
13 348
334 304
91 304
104 402

230 152
165 189
70 217
63 8
89 94
222 215
79 116
92 105
82 155
76 205
189 106
66 221
82 46
22 103
100 170
230 61
6 164
151 208
150 214
117 140
209 108
27 190
126 118
196 207
174 42
83 132
49 149
24 130
194 177
134 195
117 133
26 122
66 78
1 118
61 117
159 172
127 185
131 22
204 96
130 148
39 212
181 87
32 205
119 128
151 22
224 169
57 151
193 122
229 193
141 59
212 70
230 108
24 32
31 228
128 160
47 166
43 227
155 207
103 43
6 156
196 229
94 22
150 188
46 50
53 186
10 34
157 142
43 83
173 73
80 70
134 28
138 78
156 62
54 29
104 59
86 69
190 81
223 11
39 38
60 91
125 69
26 52
210 68
134 153
140 115
124 175
142 31
22 67
224 208
227 229
168 82
68 127
163 192
39 103
229 98
95 123
167 120
76 48
187 209
200 228
225 226
74 38
158 95
105 152
204 3
150 142
85 119
170 149
80 209
21 210
76 115
103 144
136 80
192 92
191 63
221 185
190 64
223 118
60 229
39 34
133 90
77 119
209 148
37 190
126 189
170 104
205 174
149 110
23 110
103 213
75 93
168 34
58 62
151 118
60 91
53 94
181 129
213 61
46 19
20 74
110 91
177 84
34 227
194 57
9 198
39 83
193 108
18 20
169 71
39 130
161 91
224 13
121 206

276 975
264 219
234 189
171 266
273 159
216 184
117 224
191 247
24 199
257 134
219 103
204 165
43 128
158 122
135 2
143 241
30 170
183 27
83 78
16 119
276 232
66 116
219 256
126 243
219 106
100 161
209 67
89 15
234 246
136 92
248 42
57 41
211 3
68 57
80 83
215 119
78 44
234 21
64 84
263 6
189 126
166 161
192 254
215 149
264 74
5 235
155 101
275 130
103 106
226 223
229 165
65 30
208 63
50 35
146 76
40 98
201 205
259 156
223 197
69 250
35 73
208 229
213 246
82 79
76 32
65 28
236 130
97 207
232 147
242 141
262 5
238 187
250 260
66 236
221 134
209 255
246 180
247 222
149 53
25 264
124 89
55 123
258 152
53 213
62 58
77 47
63 79
273 76
62 103
35 6
276 7
24 246
186 271
231 98
87 255
86 250
108 140
96 129
15 148
66 76
206 182
163 32
24 159
147 86
261 221
131 261
227 195
270 176
229 224
273 79
243 82
52 74
262 147
202 276
58 31
116 27
253 2
98 276
160 244
125 185
228 20
169 178
254 162
117 206
149 114
48 115
235 99
188 220
9 154
260 106
184 139
133 200
140 270
240 63
238 88
247 189
147 179
131 124
104 247
93 253
124 140
91 83
2 3
66 10
196 89
116 143
227 12
67 90
5 30
193 6
157 203
195 68
106 89
191 209
99 48
185 223
187 276
69 189
42 174
238 1
263 117
143 213
128 209
67 133
2 23
138 159
225 96
226 54
224 180
27 47
227 251
33 178
14 141
130 95
38 91
95 64
208 238
41 59
210 147
231 212
169 133
134 157
228 123
251 176
26 1
262 17
15 18
194 29
158 87
123 235
177 218
63 148
219 143
207 152
13 201
127 221
57 260
141 49
106 115
224 172
155 209
188 170
266 145
198 187
231 84
185 171
65 247
43 7
113 13
199 165
213 49
149 34
73 14
82 218
128 29
113 47
1 64
216 30
248 177
216 242
260 124
137 49
95 219
95 247
231 57
176 207
146 48
240 218
101 45
159 229
113 36
275 153
99 254
182 111
154 121
76 177
9 252
265 143
194 124
153 188
180 52
159 49
140 122
30 240
207 189
192 83
264 230
276 86
247 181
236 164
66 76
105 114
51 93
256 9
256 132
236 160
224 118
248 87
4 2
50 250
230 6
96 217
275 95
66 246
40 66
173 145
141 1
258 191
94 1
239 73
132 199
272 79
40 8
205 83
9 255
56 2
260 152
258 22
246 87
267 49
152 164
193 16
164 214
207 21
214 209
134 110
131 169
228 211
176 157
17 224
135 73
225 158
224 206
179 233
17 210
46 208
137 238
224 64
176 194
125 153
126 258
262 257
150 214
191 50
134 207
37 268
43 262
189 30
231 131
263 11
104 72
219 240
33 206
68 248
123 192
165 248
213 150
268 86
127 182
175 260
153 212
15 195
237 203
225 231
98 251
242 201
46 224
205 118
153 272
130 275
227 18
10 163
207 2
12 58
223 227
41 99
202 96
58 162
22 46
116 159
20 121
84 105
108 52
262 24
47 115
22 37
132 72
199 63
73 250
160 19
200 240
158 125
59 215
50 121
260 206
3 43
50 126
187 198
177 172
221 263
51 7
23 222
78 261
8 150
235 207
208 158
171 89
47 229
67 96
73 90
65 116
172 155
241 82
76 182
18 20
168 68
26 191
13 143
215 61
56 173
267 264
95 201
116 181
194 183
40 30
36 105
145 208
259 150
13 58
55 70
117 262
137 183
216 190
49 155
14 145
51 44
132 185
245 11
89 162
193 129
191 229
233 100
200 255
249 212
76 67
6 192
52 182
138 268
135 227
146 148
95 236
192 266
185 200
276 273
125 233
165 39
225 161
178 148
139 150
123 214
256 168
170 32
114 71
63 248
21 208
120 155
207 75
144 115
38 184
152 162
180 40
240 128
201 142
39 103
55 161
81 35
93 14
66 206
84 128
177 145
99 60
23 69
174 207
224 211
154 99
136 57
138 100
224 102
241 262
205 19
186 49
53 2
62 158
247 145
49 148
13 187
247 76
256 145
46 203
119 199
25 255
19 202
78 242
68 82
227 36
100 176
84 193
218 145
114 188
13 163
99 66
73 70
181 92
254 226
18 136
148 82
114 166
48 231
171 115
76 121
150 216
60 233
132 1
101 245
189 153
171 11
258 244
120 162
59 97
111 117
233 22
198 110
227 245
105 121
123 180
5 272
119 65
268 250
65 92
259 17
9 153
68 30
160 187
192 219
8 66
99 4
88 20
153 38
29 257
159 191
161 163
187 3
267 178
17 56
34 275
112 82
191 179
111 75
130 26
57 177
92 155
180 219
214 56
256 6
37 178
197 237
65 147
239 55
88 255
150 121
17 26
242 248
244 77
86 97
142 273
273 60
216 215
37 36
235 43
112 136
3 72
240 189
34 59
276 53
248 161
109 273
126 80
5 242
165 101
148 70
98 184
169 77
123 206
112 121
12 223
20 14
18 260
242 92
82 241
184 93
165 16
130 15
136 134
20 64
234 207
134 95
115 26
172 1
271 47
121 6
270 140
59 11
163 24
142 8
29 49
101 193
105 230
247 240
127 267
27 84
197 200
219 35
266 154
35 24
200 195
30 193
99 88
244 261
152 109
33 180
198 133
96 26
126 67
265 252
97 55
99 57
19 81
132 48
234 206
71 158
125 100
114 223
228 81
247 103
230 43
46 151
215 141
216 64
247 204
79 67
22 218
164 80
22 19
127 256
264 198
177 112
61 14
98 52
135 109
194 88
151 239
2 90
144 217
193 114
184 36
221 245
17 148
49 38
166 175
57 153
136 273
29 237
11 166
52 145
38 246
272 189
248 37
42 115
17 274
269 240
73 253
208 89
124 256
167 53
195 263
245 94
260 37
54 34
203 106
218 240
115 253
192 86
53 273
241 69
35 273
72 107
249 3
236 136
23 166
228 257
192 196
74 175
233 168
248 159
273 189
162 151
205 78
236 257
114 240
89 148
236 160
255 248
203 254
107 265
143 58
245 98
18 42
37 250
209 8
172 245
237 97
119 165
214 119
186 52
122 274
199 82
198 217
53 124
194 200
112 100
21 120
198 38
201 234
51 174
5 222
182 241
43 65
170 256
183 79
71 28
116 270
149 37
210 242
200 168
165 75
31 185
194 268
223 119
265 273
56 270
259 237
274 65
25 167
84 247
9 155
39 125
148 187
161 121
152 85
12 40
159 83
265 117
74 251
275 63
247 54
96 269
14 133
57 79
24 141
49 72
59 87
196 206
38 121
90 229
205 142
33 127
224 21
243 61
271 5
163 5
58 258
274 112
155 94
190 178
274 2
13 56
89 209
25 166
53 115
118 21
256 150
187 243
170 154
27 204
198 190
209 256
211 246
91 89
103 44
30 141
45 43
236 173
15 261
62 67
139 180
127 158
53 37
124 263
230 190
190 152
143 162
171 78
171 261
206 38
28 276
178 112
82 137
9 96
161 70
202 23
13 52
220 106
128 107
92 122
21 45
273 163
247 167
4 181
191 250
218 258
249 159
93 54
60 141
149 220
211 114
7 223
165 266
52 56
97 183
177 117
268 213
3 238
143 47
142 97
20 124
78 32
6 211
85 105
75 273
49 110
95 36
38 84
127 93
180 34
34 60
25 246
103 26
113 149
167 209
208 54
51 239
100 25
47 204
139 83
16 228
192 150
263 269
274 113
125 217
186 158
1 210
168 103
275 44
15 206
16 222
259 106
224 82
130 34
50 33
116 105
260 71
255 246
103 252
122 227
192 32
149 232
5 40
98 4
83 112
209 138
97 231
244 84
77 137
117 126
169 272
230 152
66 248
161 168
263 7
159 179
78 31
174 82
70 272
125 192
147 97
53 8
52 60
91 128
197 248
17 129
243 10
45 73
258 205
240 244
251 122
186 92
192 84
174 261
119 62
216 265
159 33
272 210
92 127
101 52
98 117
221 64
126 265
136 107
233 140
115 208
25 24
23 217
147 236
241 265
22 181
18 220
213 53
153 68
179 253
160 40
133 104
144 258
92 43
129 88
182 7
59 247
70 82
227 217
81 191
245 142
135 262
85 71
79 1
179 21
17 62
61 149
205 244
171 60
10 63
147 232
69 206
202 138
51 152
78 131
106 87
37 241
112 161
35 190
162 253
211 218
78 35
131 6
2 25
65 51
87 252
6 155
181 247
56 231
122 134
125 228
260 161
232 95
46 30
49 247
7 23
188 84
97 82
130 98
106 194
188 232
169 194
150 113
164 206
67 50
103 232
41 86
116 272
220 201
25 268
211 71
14 123
195 110
244 48
247 74
5 159
69 214
116 219
50 43
188 157
92 14
112 172
139 267
207 82
192 272
114 126
66 167

61 84
33 54
9 12
28 35
27 15
36 17
13 35
35 13
35 55
39 49
9 58
43 39
14 6
2 28
47 36
52 34
51 25
26 1
37 55
37 4
10 11
21 25
47 57
39 21
50 17
10 58
13 52
36 28
59 39
55 45
13 46
17 5
11 44
7 47
39 43
53 48
55 12
11 40
7 52
60 58
7 9
55 21
1 31
49 60
8 44
45 23
30 61
29 41
45 35
28 22
16 19
10 11
32 23
50 40
13 51
37 19
61 32
41 61
3 30
61 12
13 44
36 42
45 3
23 28
39 51
51 56
10 61
5 42
24 57
22 36
46 58
56 45
30 35
46 32
4 46
46 18
30 20
59 16
23 21
45 2
12 35
58 21
36 1
3 59
57 25

15 105
12 15
11 15
9 14
15 11
12 5
9 1
7 13
14 13
15 14
10 14
12 6
13 10
15 2
11 5
2 7
8 1
2 7
1 10
13 1
12 1
5 6
1 3
3 6
7 9
12 1
7 8
7 11
9 13
4 12
9 5
3 1
12 11
15 13
6 12
13 9
4 9
14 12
4 9
2 10
2 5
3 1
5 1
3 13
5 7
1 13
3 10
13 15
6 4
12 3
7 1
11 1
10 7
11 3
15 13
11 5
15 11
9 7
14 13
11 5
6 8
7 15
12 13
5 1
1 7
7 1
3 9
9 4
7 4
13 7
1 8
3 7
4 3
13 2
7 8
13 12
15 11
12 9
8 4
9 7
10 2
1 11
2 4
2 5
1 15
13 15
9 4
3 11
2 11
10 1
15 13
1 3
9 4
11 9
7 11
15 8
4 15
3 5
10 5
10 2
11 7
1 5
2 11
15 3
13 1
4 13

349 156
26 92
166 126
118 182
75 326
65 260
316 40
286 59
90 19
154 12
113 261
25 103
13 66
1 91
79 223
219 300
95 148
43 260
177 64
345 156
41 61
319 7
4 255
319 93
274 123
8 290
287 33
296 203
2 201
294 333
327 67
284 73
215 230
236 295
293 232
101 333
196 70
244 103
325 213
195 153
239 202
346 81
138 293
283 139
48 227
123 25
294 310
1 63
190 141
8 133
276 109
117 122
82 264
128 57
31 322
113 269
78 110
349 120
306 187
258 4
64 284
28 8
148 282
323 337
73 331
121 348
343 141
24 75
55 151
36 85
27 52
257 104
161 127
21 347
36 24
61 223
305 322
22 237
295 262
309 180
33 211
173 77
234 248
35 187
119 61
238 280
68 303
91 195
323 341
134 251
52 260
206 277
185 346
127 98
209 306
34 70
130 111
207 281
145 241
22 168
205 259
98 176
212 92
274 90
83 58
340 38
222 100
219 57
96 345
154 208
301 188
277 334
298 134
169 346
278 190
68 37
4 69
212 215
160 137
208 146
98 198
88 319
297 306
27 296
205 84
154 60
271 334
45 123
22 117
24 203
307 91
239 310
160 102
79 223
142 191
273 239
39 11
113 240
220 43
90 328
126 148
38 301
132 335
327 58
103 254
260 313
345 54
177 59
59 159
185 200
349 108
342 292
22 9
182 145
51 271
123 81
69 161

412 199
4 270
376 70
144 1
92 240
221 143
54 197
122 78
12 331
234 162
28 178
368 61
343 178
49 171
372 30
142 255
203 166
132 166
255 275
187 347
122 407
77 175
192 218
253 223
157 94
384 184
271 340
245 221
125 313
392 104
362 141
358 153
326 77
338 169
372 112
103 81
107 199
256 318
25 96
148 181
209 120
384 87
67 216
308 211
136 287
314 86
35 279
258 361
355 183
117 314
295 239
3 9
25 258
346 69
373 81
249 189
200 241
275 286
44 170
84 200
44 397
285 79
263 130
47 226
332 163
147 214
401 149
242 33
14 175
122 406
256 390
182 63
218 45
349 262
214 20
69 278
25 353
376 307
90 10
120 9
192 267
243 200
23 92
232 37
267 373
30 130
351 232
192 156
276 148
25 97
168 93
394 212
33 377
106 142
406 226
171 185
100 21
384 122
112 224
158 378
184 208
95 122
27 307
298 322
42 322
26 229
3 8
28 55
384 134
197 378
379 387
170 66
407 162
187 106
405 365
92 196
180 206
338 226
100 223
155 142
132 180
390 154
207 6
209 179
159 13
164 145
7 353
210 1
102 4
126 94
388 217
290 175
11 215
8 130
45 162
271 176
362 269
330 156
274 146
354 40
178 125
184 66
1 184
187 24
309 281
412 134
178 194
164 412
202 293
44 363
172 239
332 28
176 76
321 17
360 86
162 151
269 227
151 60
1 174
389 301
193 110
86 387
273 85
196 173
148 166
344 387
86 371
150 161
279 79
197 246
164 358
4 41
192 154
100 213
348 96
101 148
205 207
142 85
311 357
278 47
111 209
41 196
188 210
376 74
288 180
320 60
146 323
100 337
85 219
137 40
315 258
207 127
52 369
232 362
313 97
16 11
305 76
226 80
286 189
174 161

259 438
147 78
226 4
146 205
199 184
14 15
209 161
233 70
101 151
162 200
254 30
236 13
239 226
184 174
4 117
243 14
13 219
180 69
223 66
103 251
79 206
95 28
196 68
186 37
219 89
236 43
207 212
144 186
9 158
190 101
104 173
203 206
221 123
104 184
18 206
5 97
241 99
213 177
256 140
213 45
228 190
87 175
231 61
190 69
218 120
169 62
122 112
8 84
64 111
97 82
147 191
8 128
30 220
46 115
189 88
159 246
107 76
161 168
136 181
236 183
130 235
244 252
87 82
165 151
192 91
62 168
22 69
37 141
118 171
255 48
258 244
34 195
149 25
103 25
205 168
207 164
143 21
245 230
102 150
210 124
71 12
32 92
169 157
62 27
68 147
74 156
131 197
91 20
221 23
133 255
190 169
159 74
19 145
133 121
124 172
74 194
13 105
116 181
3 177
207 159
64 111
144 24
48 64
132 98
86 94
93 106
3 81
9 111
225 141
231 90
53 45
113 65
238 228
75 70
235 22
229 39
221 202
152 98
7 24
195 181
118 117
27 209
198 35
60 163
5 120
82 57
253 195
210 232
252 25
42 227
136 100
96 97
43 247
25 49
100 219
59 47
166 86
256 104
209 145
96 214
6 178
100 258
202 51
60 24
164 102
251 40
201 87
226 73
163 250
210 3
39 10
50 204
184 135
48 133
109 144
87 114
151 187
202 182
67 2
205 230
192 196
11 223
112 66
36 104
56 246
196 183
85 75
128 9
39 5
141 147
237 58
91 217
74 33
139 140
123 85
110 56
110 209
19 52
15 54
155 159
129 180
172 213
254 129
51 33
133 192
180 200
79 100
157 152
132 37
32 84
210 230
139 60
180 246
200 24
130 185
13 258
105 184
42 100
53 92
221 185
113 230
214 191
70 112
172 31
148 203
115 187
4 253
76 183
70 17
36 199
201 48
27 46
231 68
234 113
249 26
128 102
255 82
123 66
193 35
185 170
68 40
97 71
123 173
83 192
19 207
131 219
255 157
94 56
55 69
258 44
94 126
145 178
207 97
243 230
132 258
229 29
38 156
188 160
69 100
181 176
47 52
135 131
39 228
187 93
126 185
136 219
140 110
138 176
207 210
146 168
208 205
26 76
101 213
65 258
53 246
174 188
38 49
60 76
106 246
257 232
1 133
21 229
73 247
145 20
28 121
17 65
66 42
140 255
84 205
253 225
21 167
153 58
45 212
223 239
28 220
41 117
183 151
86 255
138 61
104 254
11 120
60 165
250 29
160 163
63 153
128 83
149 21
230 23
63 193
91 179
242 132
37 165
112 211
160 249
101 93
244 111
212 133
16 32
250 5
194 54
246 62
136 135
172 195
246 64
128 167
242 200
128 108
105 239
60 95
228 249
187 42
101 229
4 205
1 254
210 195
137 196
86 13
161 87
208 236
150 165
143 133
105 11
240 40
249 129
223 48
119 150
178 49
208 182
83 209
6 122
233 142
148 243
49 235
21 114
125 16
257 120
97 68
248 176
26 211
223 144
191 141
22 139
152 194
177 246
56 239
128 203
128 201
81 103
221 195
57 236
22 144
186 207
211 174
123 236
215 86
210 146
57 61
114 38
254 32
114 140
100 241
83 227
12 253
159 233
18 216
39 128
189 54
75 140
58 198
205 13
113 244
247 258
135 101
37 129
221 239
98 62
220 181
29 62
4 18
35 110
63 162
237 251
216 141
131 14
168 165
26 22
239 102
20 114
202 145
72 253
124 170
55 174
180 172
235 183
189 99
122 251
1 99
72 46
69 202
59 237
197 173
258 6
15 107
119 47
82 190
40 35
189 183
38 109
95 102
121 114
30 242
194 31
170 7
165 239
38 54
216 64
226 44
69 71
239 187
117 61
207 245
185 136
168 222
75 92
154 195
205 183
8 140
43 177
235 208
245 13
2 31
77 57
74 145
127 143
162 73
203 109
147 217
74 55
180 148

414 297
381 341
154 377
82 239
69 101
261 238
116 340
266 386
306 24
165 226
38 327
76 413
367 210
88 15
384 272
73 406
205 39
333 358
179 414
182 12
279 206
249 158
309 278
129 201
301 57
190 102
384 265
279 336
238 366
114 208
401 187
199 191
403 295
312 346
59 258
357 337
49 369
80 358
232 386
144 297
28 333
162 411
361 26
97 185
155 388
392 141
160 354
95 327
235 171
258 293
14 200
215 62
332 58
183 149
29 326
209 234
8 371
409 369
396 269
139 137
242 294
41 166
233 136
78 53
306 335
345 319
298 323
144 215
144 327
127 172
2 336
170 10
292 164
142 37
18 44
173 23
337 214
188 155
113 265
208 182
363 316
264 10
225 407
402 368
83 293
304 263
214 59
36 269
400 177
305 181
220 242
203 320
219 391
60 331
5 31
276 132
347 125
141 335
295 307
288 142
185 355
404 162
177 25
16 340
379 320
106 362
325 73
267 129
227 326
223 231
121 84
126 231
386 31
151 267
337 202
408 285
143 397
32 83
185 47
9 149
130 114
96 41
364 362
347 176
37 156
171 335
3 296
151 153
326 301
5 12
89 176
296 409
336 327
77 106
373 85
18 267
377 291
307 326
2 3
266 216
336 22
137 339
81 287
77 407
174 259
182 26
20 64
20 119
154 274
402 291
359 5
143 85
59 213
174 60
215 25
275 137
224 411
239 69
48 79
239 399
101 6
10 298
69 207
2 223
66 403
277 188
171 5
272 229
217 32
52 195
234 326
331 222
87 333
290 312
175 114
296 275
297 305
158 366
97 337
352 162
325 214
114 259
396 385
73 198
180 124
156 178
214 251
399 64
169 38
375 344
329 256
382 211
146 304
340 6
226 41
345 315
18 44
159 413
193 232
374 372
119 116
135 96
366 297
159 298
98 119
405 190
374 373
401 283
262 90
52 251
131 397
151 148
26 310
325 218
305 48
354 9
163 252
105 292
313 27
354 174
146 344
364 283
66 350
330 91
203 381
342 333
363 256
245 153
151 155
134 41
202 251
228 129
89 96
184 165
122 123
338 31
231 287
314 296
400 229
151 189
373 256
285 322
97 115
238 248
33 135
52 413
386 43
305 238
138 252
402 24
375 89
54 369
140 131
14 125
123 164
77 82
183 126
167 280
4 404
291 215
302 342
213 273
149 281
274 50
118 261
73 256
114 305
388 253
21 402
141 322
329 396
403 98
107 155
377 110
322 253
324 209
358 300
246 270
344 105
320 48
130 156
67 243
46 41
81 245
206 399
152 120
380 318
217 72
236 357
360 321
373 269
115 81
333 124
350 262
407 255
73 122
175 318
128 220

405 405
84 30
172 215
113 345
271 112
47 371
63 226
160 191
196 381
379 148
43 267
380 197
268 219
316 397
102 263
85 394
34 266
18 206
75 130
242 346
338 288
3 401
206 260
283 93
235 256
240 277
214 311
166 76
124 173
67 225
31 249
213 161
109 230
366 183
52 299
220 389
182 223
76 79
174 358
268 3
305 199
376 114
104 233
286 325
1 353
241 128
196 49
288 401
375 346
178 118
239 90
199 112
4 274
287 177
324 246
276 320
39 246
125 240
171 6
159 171
50 399
395 245
139 277
337 206
314 109
323 148
295 116
356 298
82 335
69 97
175 344
11 214
282 233
48 144
335 303
314 384
296 303
320 127
271 251
332 180
51 249
19 346
57 66
238 235
400 404
331 170
34 33
75 7
362 122
150 291
116 155
269 6
149 183
229 15
28 155
291 79
96 1
116 249
66 45
78 61
43 100
327 174
229 401
277 186
214 22
71 329
273 32
26 17
311 255
128 31
4 13
206 196
110 321
39 175
365 116
332 100
215 253
370 136
248 241
321 153
262 83
76 227
211 199
243 117
48 62
244 148
171 44
344 280
56 382
49 15
190 73
211 96
325 175
231 265
11 243
12 369
326 185
190 228
383 124
344 25
185 182
269 355
322 304
229 377
378 375
84 162
42 391
354 58
161 180
322 268
114 26
328 34
210 359
187 333
297 308
210 171
268 256
184 167
177 156
139 243
336 397
381 321
345 33
173 216
47 35
330 72
363 55
281 167
8 159
191 402
61 92
264 328
348 42
186 216
294 324
53 321
7 28
237 352
157 4
259 203
136 183
274 93
238 246
356 342
404 238
338 156
22 196
79 61
335 361
276 320
280 20
236 383
144 67
329 300
167 280
98 302
57 371
86 391
309 133
328 307
371 357
58 392
245 233
47 271
188 14
185 159
33 15
137 176
178 157
167 345
31 264
241 185
327 170
230 54
189 131
116 238
285 199
77 112
342 347
300 47
223 150
79 238
286 351
10 38
113 354
165 68
287 349
394 305
211 218
50 399
41 263
231 325
56 404
129 90
37 120
136 260
269 312
92 150
354 198
284 158
244 140
226 125
84 214
121 294
124 170
384 261
27 307
277 180
305 405
269 342
119 96
196 388
2 384
229 356
176 204
108 14
343 25
235 118
336 355
103 54
217 82
6 340
388 282
114 384
379 74
320 92
267 110
171 268
88 91
315 264
391 115
374 329
139 204
138 69
250 241
219 61
14 224
93 198
303 71
171 377
391 359
238 192
222 197
280 4
107 235
395 221
300 318
51 195
147 120
40 79
338 197
92 254
289 184
46 284
352 313
255 337
363 184
220 179
72 94
183 275
20 172
187 12
181 238
206 19
357 342
98 386
134 189
331 114
65 68
397 11
380 343
39 338
218 258
208 290
44 82
159 160
253 38
171 125
275 69
144 323
5 338
400 235
121 326
41 282
393 129
389 60
164 119
89 381
69 393
362 112
70 213
368 14
250 231
139 119
299 379
133 303
311 127
230 123
144 270
97 132
398 80
288 156
296 68
229 364
55 185
167 124
89 129
138 338
51 373
148 349
38 377
344 40
99 168
259 242
32 355
65 121
127 44
277 17
111 197
380 166
381 238
386 162
366 215
191 12
279 339
52 8
2 395
47 100
157 306
34 285
352 195
1 73
239 374
186 349
165 257
206 237
89 187
398 147
93 184
255 372
214 306
379 215
296 21
7 144
18 40
24 61
234 121
231 164
89 11
108 350
268 313
181 356
191 271
97 284
146 351
250 51
349 320
265 336
32 368
74 146
2 194
207 333
314 32
91 94
42 295
135 1

285 387
12 250
128 40
210 160
173 241
180 273
231 256
248 82
24 156
48 137
162 36
146 182
172 282
148 40
73 72
161 267
124 74
134 153
15 245
27 89
201 108
76 48
79 38
31 4
96 265
140 159
15 1
55 186
184 202
128 256
176 3
140 14
263 175
69 277
134 282
81 236
105 58
283 85
96 29
88 93
8 227
251 210
129 20
12 27
124 139
185 14
141 226
214 118
115 184
12 248
181 92
199 187
149 98
271 146
28 260
140 223
201 105
147 232
27 158
160 150
12 59
65 54
284 180
74 15
79 85
263 161
78 62
128 77
234 274
105 208
30 42
25 135
188 256
161 247
33 212
258 91
178 27
277 72
100 6
52 86
170 212
163 149
175 5
226 123
180 232
232 210
273 159
246 77
31 23
38 63
234 11
56 28
224 47
1 225
239 53
25 26
166 89
174 56
280 16
80 77
247 214
188 136
87 148
212 19
170 250
82 20
162 39
234 2
85 234
226 225
1 152
250 69
142 41
26 136
56 7
114 205
220 16
55 208
65 267
227 136
133 210
155 196
248 5
197 234
239 137
173 141
190 40
209 46
80 234
83 37
241 197
241 77
212 198
285 179
81 128
29 213
239 86
123 103
90 34
238 43
72 27
184 163
66 9
208 145
243 5
84 100
103 39
176 30
236 77
208 31
106 138
145 246
223 169
63 28
202 15
70 175
229 155
52 9
164 161
56 23
68 139
122 170
177 199
101 30
276 210
247 283
63 107
244 285
275 208
214 94
125 284
268 68
55 222
76 218
97 33
240 66
171 263
236 250
177 238
279 69
163 240
66 225
248 24
126 238
232 55
46 71
240 215
40 9
53 115
129 52
148 83
117 220
248 254
184 139
207 79
207 84
221 272
210 183
198 50
135 46
6 82
116 245
199 57
156 251
171 284
17 220
268 36
155 132
4 240
270 210
34 191
195 254
80 119
151 277
71 188
37 76
269 54
223 182
110 280
50 182
180 66
19 64
3 173
196 7
127 180
216 160
273 28
30 67
146 181
245 216
83 183
194 253
236 33
52 247
27 101
45 206
68 63
269 71
137 179
77 264
74 194
40 61
221 70
29 269
152 273
101 136
170 9
5 22
41 56
170 67
58 214
174 126
277 158
98 128
51 76
8 26
269 235
273 107
206 203
277 72
190 92
109 261
101 113
184 43
169 68
12 226
184 185
253 77
57 65
204 10
140 114
35 26
63 210
34 268
127 25
241 219
116 251
96 118
78 280
161 148
249 74
276 147
258 145
223 30
210 44
39 251
157 260
178 121
184 211
5 26
137 147
146 155
112 241
174 91
235 49
141 101
24 131
247 282
177 87
26 3
130 251
254 188
225 48
23 26
259 214
51 12
75 196
166 88
53 55
178 3
5 33
103 29
65 251
25 242
52 237
244 83
202 114
270 43
162 194
68 37
24 20
235 98
117 116
87 170
72 265
74 263
199 176
6 166
43 217
24 282
70 169
79 271
283 251
216 61
61 283
284 85
18 233
84 36
250 171
205 36
52 278
201 152
70 206
32 113
40 55
109 224
187 282
123 54
114 85
115 111
270 101
30 217
184 66
182 256
270 119
209 165
34 76
234 142
9 61
83 64
71 93
189 160
276 213
213 104
199 229
117 183
231 146
16 130
113 99
2 285
218 211
164 153
188 112
196 75
180 161
47 273
251 206
263 178
36 269
278 166
100 175
112 147
191 143
260 4
144 259
123 256
137 178
60 150

