20
483 875
74 329
161 226
16 346
276 459
203 36
200 22
49 464
329 250
149 271
383 108
177 254
462 200
286 122
417 51
370 347
244 1
192 445
266 247
347 58
262 66
94 462
127 182
442 13
431 147
283 370
254 459
180 272
216 465
393 149
73 320
12 356
320 243
317 102
6 180
199 308
286 332
286 452
30 244
464 17
391 304
426 201
319 123
30 51
144 422
240 256
258 291
129 134
51 2
235 96
182 474
403 24
322 245
475 392
6 13
408 436
356 351
193 191
30 222
242 213
201 38
469 15
328 114
149 378
115 423
31 336
413 473
359 292
235 391
200 280
443 164
272 315
31 464
62 100
243 343
313 443
380 298
457 225
451 122
159 122
102 229
15 31
219 413
322 453
320 78
289 319
242 77
190 312
57 292
412 299
151 241
298 48
95 272
312 62
433 470
223 51
216 237
122 474
167 483
483 43
78 288
402 319
364 108
187 460
399 115
316 107
395 130
194 6
441 22
107 391
48 330
441 303
83 119
293 289
119 292
332 196
96 250
71 16
397 257
476 353
412 348
459 323
477 169
329 435
230 435
382 317
281 379
137 404
15 469
209 133
318 97
368 453
386 478
469 300
291 18
209 219
365 224
99 398
432 427
389 178
418 287
11 256
223 187
216 237
173 464
409 7
78 333
459 463
367 1
319 174
58 84
433 462
307 48
377 255
31 322
432 448
166 483
260 388
186 475
141 398
456 106
444 90
438 460
69 321
460 428
51 75
68 40
53 375
87 429
146 157
308 135
162 473
174 421
377 399
413 74
314 425
219 274
31 213
290 139
90 267
123 140
341 191
180 433
82 306
419 267
463 243
441 141
232 171
118 165
87 47
278 440
28 13
270 58
265 77
237 354
383 359
50 240
106 229
229 227
92 164
51 71
406 8
251 194
179 368
398 305
455 192
261 482
244 47
97 65
123 373
418 22
248 468
301 354
253 47
137 384
250 187
11 173
195 261
406 413
186 321
274 157
69 51
195 313
137 331
377 300
220 352
361 25
376 179
418 145
265 71
46 31
258 96
243 9
357 166
461 99
43 251
255 111
341 6
423 477
377 357
293 113
265 171
177 157
389 111
341 210
222 386
280 479
482 80
44 395
245 21
10 287
271 304
437 128
349 417
161 242
290 11
395 111
221 88
267 126
239 124
375 17
67 171
52 105
290 95
56 51
115 65
377 425
408 331
109 273
264 309
72 110
319 23
220 56
110 43
221 388
166 152
444 232
363 12
376 169
106 431
260 52
153 201
459 40
349 289
343 175
360 9
10 382
268 106
48 310
326 476
33 478
436 264
397 448
197 82
110 144
341 370
196 51
127 211
90 476
16 473
167 415
481 216
313 266
321 401
132 204
433 164
238 385
468 151
389 181
232 16
324 130
425 76
180 68
287 269
100 302
298 306
274 296
39 103
118 399
60 289
159 9
453 396
434 437
103 379
174 375
434 54
21 375
130 200
443 456
25 99
314 323
405 104
175 443
247 332
398 306
177 74
355 146
26 345
139 129
240 352
60 191
406 80
122 92
319 81
104 383
180 417
222 141
78 436
100 324
324 14
186 18
127 57
203 153
441 382
321 198
250 380
428 212
16 66
343 334
187 446
233 406
420 12
63 14
4 202
337 368
255 39
425 382
136 144
51 133
42 371
370 332
307 314
60 322
420 403
212 163
365 1
125 301
52 187
354 56
428 207
463 199
286 404
137 461
64 187
110 146
114 480
477 460
350 93
298 286
12 66
5 417
67 129
274 158
355 145
213 299
391 232
55 233
152 191
210 256
418 320
401 88
356 434
65 222
43 402
65 95
468 69
28 91
198 341
248 109
42 18
408 433
249 19
222 401
209 432
173 143
308 130
271 180
80 335
401 122
293 22
216 277
91 283
407 328
181 212
436 222
229 400
211 34
418 433
474 184
421 203
366 245
332 153
424 451
44 381
130 337
403 345
170 50
185 94
377 405
305 369
143 90
326 394
123 300
383 154
483 320
356 406
121 245
115 61
212 159
481 341
12 440
243 181
6 467
314 422
388 135
348 87
264 190
37 427
6 419
97 46
295 452
8 415
213 122
32 465
280 70
322 331
26 121
29 32
104 342
10 8
34 357
95 337
63 131
280 109
107 376
194 401
385 201
373 154
362 444
135 159
30 14
46 56
134 74
127 238
456 176
285 46
50 419
382 152
107 179
300 213
111 10
170 52
250 99
206 129
60 380
327 89
433 372
184 84
3 350
361 15
43 202
60 92
138 441
283 244
176 100
13 327
149 182
378 399
281 140
84 340
77 450
468 26
378 209
149 420
75 66
434 117
268 10
248 405
8 48
205 223
187 217
66 335
398 1
290 235
180 413
131 256
419 116
282 314
324 470
250 398
53 241
72 320
290 359
281 297
406 2
77 109
258 182
1 172
182 290
447 362
260 94
174 195
209 455
65 89
442 355
4 51
112 115
370 401
473 207
255 436
208 331
101 465
29 101
193 251
431 156
169 207
250 342
441 15
354 23
104 352
377 147
402 5
261 328
445 290
51 216
242 298
103 343
319 172
483 28
462 430
224 187
193 30
45 151
44 438
173 187
346 106
333 264
150 148
111 440
198 367
238 12
26 97
330 197
97 398
175 83
138 361
276 207
446 466
290 440
195 477
303 300
366 123
449 73
271 116
29 468
482 306
37 25
403 366
261 56
280 436
178 457
353 10
180 355
475 27
352 226
20 171
42 425
333 47
14 120
163 82
145 201
388 181
225 347
103 43
442 423
35 136
436 387
186 173
299 217
199 167
443 258
377 41
199 226
88 213
386 250
294 87
450 238
307 232
101 409
274 59
388 308
235 381
251 460
70 106
193 268
272 192
42 205
233 280
471 320
9 373
126 343
459 132
97 282
403 238
247 193
336 192
57 87
89 348
103 158
453 296
465 282
4 63
43 276
342 30
112 391
402 277
250 417
409 386
255 328
140 59
78 476
250 174
119 378
38 222
92 48
74 73
369 117
175 411
393 73
441 21
20 399
298 309
373 263
212 144
107 391
202 184
383 8
398 59
385 435
280 476
39 353
105 447
26 279
375 418
392 372
479 411
327 333
237 216
112 5
360 258
395 118
482 335
126 396
393 27
387 189
20 426
98 124
389 123
443 320
98 351
208 93
278 92
425 71
307 93
75 183
350 27
301 388
361 426
300 270
9 204
15 28
146 152
192 91
274 151
411 58
175 20
375 266
1 446
90 133
77 312
40 143
169 427
20 151
244 329
160 447
343 227
149 11
418 239
325 125
206 252
182 421
312 74
203 352
76 332
2 192
201 41
335 369
467 394
37 267
240 236
230 139
462 418
150 437
214 31
78 419
282 300
356 150
413 116
19 45
4 20
236 204
100 127
90 83
78 166
390 317
401 136
12 379
111 161
332 324
231 450
259 70
266 172
219 195
287 237
279 290
296 31
11 395
198 140
35 275
305 424
148 262
116 159
197 226
360 46
66 107
52 365
176 357
53 435
108 379
228 386
225 41
416 235
475 170
414 66
444 275
6 108
53 122
307 290
387 183
335 453
329 426
374 62
299 426
13 406
321 280
308 62
360 280
337 352
450 307
417 450
139 463
115 231
141 421
37 44
160 411
53 5
353 426
66 208
408 78
130 285
358 477
387 234
274 280
142 280
103 116
286 241
95 400
29 235
377 65
278 53
476 371
58 345
313 123
70 238
241 239
79 155
233 465
428 63
261 87
382 364
202 184
161 336
141 189
87 74
254 404
127 286
291 184
187 161
346 296
438 143
52 33
297 324
15 242
426 275
368 324
195 86
64 356
461 244
101 64
318 394
24 444
196 315
184 383
32 86
195 469
229 286
18 42
166 72
323 108
347 207
471 58
332 52
453 309
335 111
372 169
21 396
169 217
267 392
156 298
478 390
283 263
193 340
344 358
412 184
23 315
390 10

200 906
161 51
6 41
46 65
85 84
177 61
101 141
31 46
152 177
18 155
103 155
127 171
66 89
81 12
161 24
10 140
72 170
142 78
162 139
94 47
22 107
75 162
89 120
65 66
89 171
168 43
97 90
109 186
122 72
98 33
37 169
3 178
198 164
116 91
162 90
64 20
164 177
109 83
41 126
172 163
45 14
12 135
74 149
8 146
46 105
178 83
74 132
12 23
48 80
66 161
169 129
181 132
106 41
166 98
166 137
61 10
103 72
96 128
20 104
25 17
8 155
51 33
86 63
56 85
94 121
198 62
49 130
145 106
170 110
4 87
199 16
48 53
39 144
180 10
199 5
26 6
159 77
191 196
91 46
33 184
166 30
197 166
159 141
24 80
2 27
166 200
194 165
52 32
60 184
193 58
188 18
16 98
94 6
93 184
3 125
119 120
106 115
85 64
55 60
95 9
86 60
160 31
177 12
14 36
195 6
46 134
24 61
31 69
18 75
5 20
152 123
91 57
38 127
73 44
187 167
52 72
179 12
55 155
175 68
142 121
74 187
54 49
199 36
69 168
110 73
139 61
196 29
70 185
156 142
28 142
60 32
165 38
195 19
144 121
39 38
41 64
24 46
64 175
81 132
142 5
81 155
200 61
24 184
16 117
163 157
176 146
74 166
140 92
61 60
82 98
52 145
74 97
160 48
129 92
141 71
96 173
177 47
34 152
182 49
68 96
158 195
42 31
112 181
74 173
193 156
22 196
52 95
93 12
94 173
103 187
195 150
159 171
148 192
122 129
193 141
24 150
136 17
180 199
150 5
123 142
112 145
137 164
191 181
127 37
106 181
23 100
82 181
71 29
173 144
109 165
85 84
66 172
101 197
122 50
1 45
143 113
189 31
28 131
12 106
167 117
86 189
168 167
170 190
147 94
134 55
10 170
138 75
93 190
71 14
39 23
58 133
87 198
164 114
129 127
19 47
195 56
36 162
174 157
152 72
50 37
126 59
158 16
85 2
5 107
15 196
129 25
128 16
174 91
81 102
169 52
101 163
107 136
125 33
92 28
104 93
16 182
103 173
197 187
174 153
93 140
148 173
164 76
188 90
118 21
191 87
72 43
49 130
178 125
162 21
104 18
113 119
199 15
43 147
153 168
99 197
60 47
170 23
74 109
112 191
129 55
77 152
97 78
82 27
2 195
199 106
164 112
176 162
78 171
108 183
138 7
179 197
5 100
172 78
9 35
68 89
41 97
193 90
126 74
68 127
20 66
184 136
177 112
97 7
82 157
189 19
115 119
168 71
19 139
148 27
125 167
67 166
63 59
7 188
84 74
67 56
139 2
191 68
65 39
74 146
195 14
117 61
132 36
131 150
126 30
128 50
197 147
167 11
5 173
151 89
46 169
96 137
122 86
4 187
124 29
132 71
194 200
131 77
35 14
179 160
43 106
162 39
4 128
2 9
53 152
49 50
120 144
186 41
181 141
179 104
121 63
174 114
62 57
191 49
70 169
160 64
26 121
55 182
1 56
190 53
159 190
102 30
133 40
22 113
180 1
168 101
63 94
14 76
150 156
124 171
76 36
34 54
108 88
35 108
95 176
160 53
165 14
82 49
53 56
113 32
56 80
84 118
173 98
145 74
5 21
44 81
56 30
86 163
117 120
23 164
95 182
168 11
147 2
59 199
57 171
183 112
2 66
181 175
115 77
48 72
97 44
104 73
189 67
141 60
41 104
154 174
72 116
121 73
174 71
81 144
53 192
145 71
124 71
137 200
71 8
97 114
111 152
186 51
170 126
110 10
30 15
184 53
130 104
77 103
174 157
198 179
100 95
1 23
165 137
174 35
97 22
148 159
174 85
10 143
11 71
153 192
86 136
196 167
191 72
22 164
180 19
94 31
65 94
53 30
183 178
16 79
200 116
37 173
200 198
67 10
69 19
153 106
154 148
72 144
171 93
60 150
64 105
180 128
199 184
109 181
114 125
11 113
40 47
37 39
45 103
1 65
122 153
170 27
53 41
123 23
86 134
125 101
38 56
28 188
192 89
120 105
13 130
17 4
129 5
194 125
107 194
189 180
99 110
159 151
102 33
125 187
166 49
39 155
105 19
95 96
107 14
152 71
96 120
74 24
124 67
100 182
13 88
114 111
149 72
13 50
56 137
189 21
138 27
127 194
45 21
89 151
187 192
21 82
111 46
105 34
113 156
167 125
195 80
187 143
103 199
192 158
135 180
130 72
7 57
65 3
29 105
154 15
48 126
96 158
172 152
143 84
59 110
160 53
141 146
195 44
144 187
1 30
118 83
54 76
91 70
79 119
127 32
86 174
109 133
132 80
37 74
115 95
135 26
148 76
171 94
119 66
32 71
48 150
153 101
177 195
170 55
114 48
38 151
22 147
83 105
178 71
130 45
166 65
70 65
140 193
158 10
10 142
32 57
91 137
157 67
131 79
74 196
78 111
146 99
9 181
3 187
51 133
31 168
149 52
32 40
44 142
49 54
83 80
62 125
16 19
143 99
49 16
94 126
79 40
177 87
20 131
73 22
15 55
190 163
107 173
2 102
114 2
107 148
34 169
24 1
139 167
99 187
134 193
64 12
32 40
99 3
123 24
137 130
13 100
36 138
53 89
3 55
196 151
40 164
174 40
102 92
139 40
26 131
55 189
114 47
39 116
169 162
91 105
43 56
156 78
193 9
118 195
63 113
97 54
28 23
93 81
114 31
72 91
113 127
32 178
173 70
45 93
183 136
197 25
143 153
54 135
161 172
81 175
36 130
28 16
152 72
48 17
55 120
60 119
198 91
97 122
112 141
14 47
28 10
71 170
114 77
56 26
200 89
152 187
18 131
2 169
3 2
137 57
121 196
175 118
38 23
39 150
164 52
196 143
13 18
65 79
94 120
104 45
160 56
32 177
138 185
97 140
186 34
148 106
181 75
175 19
97 165
120 12
168 67
107 181
84 171
11 130
90 114
174 50
121 5
178 11
190 75
150 175
60 50
33 192
76 7
10 124
124 81
136 91
147 42
23 183
164 33
112 53
99 85
54 171
42 32
181 183
58 131
157 69
132 141
60 7
100 22
130 23
54 17
65 1
10 88
183 173
120 46
178 170
130 183
141 123
166 121
105 23
3 14
43 134
106 55
92 5
28 174
179 81
190 44
81 152
131 15
76 2
60 53
172 142
36 112
64 1
32 121
176 35
134 170
120 39
24 12
196 51
185 174
84 126
17 116
29 99
131 105
101 142
157 72
83 144
135 99
97 166
19 24
152 104
193 72
94 169
35 89
171 19
63 54
96 31
170 125
130 52
29 30
193 137
53 76
81 187
126 129
104 96
152 56
199 144
79 92
112 113
133 83
83 195
88 130
177 57
54 106
108 34
87 53
171 91
80 3
77 5
83 133
100 34
140 50
129 18
141 41
82 73
75 116
19 114
45 148
171 99
53 30
84 92
34 6
134 113
8 163
69 90
95 168
75 34
17 4
3 110
196 84
134 70
199 105
183 43
52 105
93 56
87 129
99 72
134 33
185 94
195 53
183 89
173 10
74 141
13 76
2 8
159 136
29 109
192 163
103 43
68 148
98 106
76 197
177 9
29 113
54 23
118 37
63 90
46 136
182 10
11 184
17 121
71 45
181 62
7 83
104 26
182 153
83 9
149 12
170 129
124 23
103 41
59 165
82 56
52 64
65 14
199 33
134 69
77 66
130 36
101 185
61 82
89 144
91 190
155 60
118 30
34 173
71 93
137 152
100 141
167 117
154 165
149 40
33 178
105 114
13 157
50 25
39 139
168 81
128 74
92 197
104 125
169 126
169 58
29 21
198 196
89 151
112 189
190 145
166 47
10 130
3 12
155 193
150 74
25 29
148 68
25 3
145 194
80 65
51 108
85 200
55 125
150 167
114 92
63 31
90 24
161 44
35 67
37 136
140 13
164 39
81 189
193 25
134 72
41 136
132 126
135 138
50 84
56 115
127 70
146 16
94 58
60 80
124 48
16 63
60 131
54 92
71 46
68 4
70 109
139 153
186 73
90 187
109 98
102 187
167 199
3 12
56 14
44 179
61 59

2 1
1 2

318 881
98 267
307 111
43 24
39 40
48 144
215 248
231 266
259 298
158 277
293 35
284 82
157 140
210 79
3 209
25 300
86 122
175 74
158 217
23 196
183 315
21 5
244 252
270 184
157 109
68 57
143 277
65 225
98 200
229 101
90 253
82 101
300 182
175 139
81 123
16 189
119 281
193 289
140 144
80 296
178 148
278 246
106 24
78 130
224 306
230 313
167 237
96 148
101 196
287 107
244 228
295 45
190 95
15 11
164 94
232 23
167 192
194 199
215 271
254 46
184 91
285 32
9 62
180 35
183 148
67 108
57 287
78 173
63 18
109 226
38 267
174 204
140 49
10 280
1 263
8 111
35 292
142 288
279 3
248 69
76 315
176 59
283 254
231 272
271 265
105 308
213 279
120 278
253 55
240 180
318 173
290 278
72 113
173 276
42 103
26 117
25 127
101 233
62 257
112 259
204 217
174 24
103 293
302 281
30 149
142 273
247 39
158 318
152 13
201 119
41 226
235 309
34 262
223 22
200 261
206 11
159 61
35 187
280 262
149 235
92 217
115 20
255 272
263 88
210 145
206 176
296 49
166 255
236 315
276 117
183 89
128 23
150 88
135 37
31 283
197 48
107 311
67 44
190 11
57 8
81 263
183 58
237 275
312 154
197 196
196 61
284 249
9 41
18 143
77 292
33 273
21 140
191 87
109 63
23 165
70 103
109 178
86 271
134 80
32 256
201 228
316 166
158 250
207 102
74 209
75 33
90 22
98 280
108 206
268 57
52 19
85 87
123 171
283 182
176 315
120 58
150 43
223 307
293 37
16 292
246 17
6 261
38 29
222 71
234 172
53 212
116 138
298 238
234 262
102 91
184 147
74 15
189 222
248 89
259 263
63 112
205 312
54 242
23 201
239 182
298 291
75 96
110 298
259 269
242 286
285 107
114 40
48 229
262 295
317 128
239 305
165 126
299 144
293 3
26 213
110 250
186 185
27 221
164 285
172 13
179 138
46 292
104 93
128 47
69 127
100 233
113 264
284 19
89 259
21 40
79 131
289 190
241 93
86 134
190 25
312 253
70 211
38 162
21 10
230 73
35 70
185 298
36 130
312 220
150 278
298 206
174 170
54 23
188 140
156 59
90 75
237 159
285 201
2 231
136 157
303 171
226 96
76 187
225 314
88 300
273 68
114 54
237 167
76 106
232 157
90 3
157 8
161 124
134 88
280 270
244 265
122 78
286 197
264 192
192 34
173 72
27 212
52 189
61 53
294 292
136 309
295 292
242 63
23 58
151 303
9 2
175 130
79 142
252 269
15 52
228 113
123 254
7 100
50 67
153 25
284 214
259 186
187 182
249 136
239 7
120 173
8 294
228 13
117 162
281 57
213 116
169 261
295 101
43 26
93 121
294 59
260 234
170 128
23 100
263 188
106 308
42 40
209 270
52 7
39 258
307 251
55 84
119 275
184 87
300 203
207 201
187 74
42 38
202 64
138 72
177 169
62 145
208 270
96 259
203 60
124 117
310 104
200 36
60 310
123 285
120 255
167 306
11 208
25 212
198 162
209 56
257 196
126 146
148 147
13 276
206 62
74 123
166 200
159 225
117 281
118 236
217 284
223 227
100 173
46 223
17 255
204 199
132 12
26 205
158 282
88 46
26 88
168 191
287 8
23 11
214 140
172 113
32 76
21 57
248 311
279 190
247 90
70 304
101 22
191 185
229 278
156 254
47 5
52 259
257 1
269 152
140 48
190 97
123 137
153 297
129 39
94 57
55 90
42 155
37 158
265 44
102 127
16 33
104 275
215 104
151 292
170 199
164 266
247 300
27 151
110 309
171 92
45 260
59 126
222 217
316 168
260 100
220 201
58 6
157 272
109 308
245 204
114 90
152 42
71 104
119 106
20 289
197 309
156 256
116 59
80 113
152 265
138 54
147 195
303 304
148 19
219 1
223 14
90 300
299 87
11 99
192 30
313 315
20 150
252 61
208 13
100 42
277 237
21 105
40 249
16 113
267 234
113 171
173 203
78 80
215 88
104 14
118 99
10 63
248 261
50 64
199 149
31 157
311 295
188 276
225 129
71 173
289 183
270 143
311 29
148 207
117 178
221 160
276 230
148 131
99 197
120 297
271 150
62 190
126 249
147 32
59 217
131 29
8 82
98 318
110 171
207 152
30 109
237 231
264 67
288 44
189 89
23 142
165 10
13 216
258 85
248 242
302 304
197 309
67 220
234 102
316 122
254 272
156 98
184 28
164 79
71 35
94 19
102 258
28 114
155 211
124 10
61 33
313 183
267 305
84 183
89 81
304 268
278 68
47 144
95 137
148 91
171 241
36 198
106 307
237 187
200 42
196 186
75 117
50 23
103 133
205 117
139 117
66 25
110 39
94 130
175 241
146 271
90 181
150 195
170 68
63 295
35 185
162 109
301 211
58 85
269 262
202 15
304 193
39 95
157 132
150 13
299 296
209 70
158 284
190 253
277 253
229 312
119 316
28 27
134 85
37 84
273 164
25 258
39 307
279 195
47 110
134 27
87 24
22 171
234 211
105 192
145 260
185 189
257 213
215 73
297 178
82 251
23 106
117 61
21 77
182 67
112 241
93 199
264 40
51 105
250 81
297 77
22 163
191 279
301 14
277 280
191 40
138 213
72 254
200 92
256 63
158 50
303 176
174 215
224 279
146 230
183 148
252 27
265 138
254 278
96 141
150 135
278 288
206 140
169 223
77 157
62 52
67 163
225 167
303 56
53 131
286 235
204 145
187 150
208 122
109 303
262 184
45 148
154 177
287 248
81 289
87 69
23 153
157 173
1 142
229 297
198 122
213 83
192 82
159 81
129 193
65 73
59 35
220 138
137 114
67 144
84 79
212 32
158 294
131 84
117 41
63 314
88 201
79 279
282 163
41 19
37 31
91 21
309 236
158 54
31 151
197 40
155 16
316 312
309 128
4 108
94 66
103 107
266 107
67 156
195 33
174 232
307 190
252 223
107 92
276 63
168 154
102 4
169 25
242 86
152 245
193 171
236 221
277 183
254 269
264 130
227 119
43 141
308 221
46 22
312 3
84 87
83 112
16 177
136 183
262 214
109 136
310 270
283 269
135 144
145 6
273 54
51 242
194 284
144 239
306 63
168 315
149 176
108 90
34 170
273 296
309 307
39 300
259 247
176 1
72 3
6 27
56 194
175 266
19 22
253 81
115 249
155 290
283 244
249 60
124 152
50 113
191 275
297 45
133 297
117 135
228 69
116 210
188 290
157 206
311 91
212 33
265 48
4 155
217 253
214 267
86 189
305 202
146 283
247 278
261 289
20 96
283 135
305 152
106 143
283 25
159 176
57 32
149 305
186 291
239 8
239 250
196 225
134 267
115 306
152 301
202 171
79 166
305 65
243 19
134 207
287 292
64 269
249 212
255 117
110 101
50 31
277 245
181 92
120 222
5 271
204 132
124 282
297 36
273 147
298 14
35 266
231 98
143 162
235 79
204 26
106 253
300 64
105 89
81 224
310 85
103 195
216 152
85 120
187 283
266 93
222 226
40 134
249 182
295 91
187 106
116 292
40 24
37 145
112 43
294 29
53 78
223 194
229 233
313 24
197 186
116 100
19 81
160 267
189 62
39 57
168 80
274 207
29 310
33 66
278 253
94 12
12 317
205 167
157 125
190 36
310 305
61 254
311 220
202 181
282 166
237 57
171 192
263 200
109 222
265 68
156 41
5 167
283 209
15 121
15 130
82 250
42 143
185 35
288 312
215 177
159 60
233 12
177 104
137 212
7 83
205 162
123 210
254 13
100 195
134 115
6 215
290 292
283 157
8 253
150 148
37 235
133 270
172 310
55 308
129 305
72 15
74 121
224 9
133 250
129 266
46 61
89 17
34 53
99 285
231 175
40 268
91 99
145 262
16 125
251 144
111 248
158 110
50 308
44 109
239 173
56 210
159 70
226 118
123 251
84 279

315 920
273 77
48 250
306 97
236 176
81 260
225 33
309 84
232 2
135 143
223 23
148 174
306 44
52 180
315 118
182 274
127 12
222 47
261 212
143 182
72 224
313 169
128 179
252 44
180 258
58 274
280 205
4 142
120 55
6 307
172 60
265 170
71 44
216 16
255 231
69 199
11 67
52 138
245 175
181 296
117 238
126 268
314 129
95 118
55 287
296 226
31 246
267 101
161 168
304 287
270 57
170 280
310 93
289 239
139 26
91 127
263 216
80 133
216 46
122 270
204 103
52 235
220 4
207 65
171 195
36 312
124 78
148 118
42 121
229 53
146 4
179 280
92 130
97 307
175 90
262 64
192 313
170 96
1 248
32 43
315 255
39 123
204 58
240 117
178 25
169 8
29 33
287 307
162 255
298 209
30 116
144 93
301 185
61 301
117 92
216 116
218 126
238 106
184 35
223 46
59 76
241 274
295 84
265 14
211 120
94 240
235 237
17 220
106 77
78 222
41 165
210 258
290 132
236 30
38 15
263 97
277 188
242 257
143 64
142 38
183 235
149 289
28 38
66 133
114 15
226 26
179 120
156 25
124 263
55 161
277 2
129 238
61 243
51 75
306 192
113 45
111 261
18 10
298 270
142 284
284 240
181 19
231 21
44 39
155 285
72 116
158 200
39 90
127 276
164 117
153 276
33 135
94 238
145 263
192 158
231 33
82 284
51 313
176 281
223 16
122 294
131 279
179 41
53 177
2 89
166 26
236 198
160 14
120 176
149 184
19 64
216 287
219 138
156 80
104 251
95 225
229 225
61 279
266 300
141 139
73 178
164 181
60 195
194 52
56 214
235 261
278 7
104 181
144 132
132 119
67 226
216 295
136 276
131 273
132 271
283 77
5 131
257 64
197 7
302 124
221 93
256 55
99 45
107 243
48 239
233 114
149 133
280 156
93 95
113 97
237 267
173 241
82 114
177 151
120 163
274 212
256 215
266 226
131 58
25 178
168 258
163 1
75 127
157 40
94 141
136 202
93 180
315 46
293 48
196 284
82 155
181 209
241 3
120 56
247 144
233 99
86 80
100 33
78 128
72 43
140 79
117 232
258 116
150 107
35 217
75 116
243 127
10 168
2 1
223 248
16 12
32 102
278 3
6 228
130 77
270 141
27 258
245 284
245 79
75 279
295 21
80 223
20 276
262 21
276 42
268 291
53 171
264 203
173 141
115 174
89 256
315 115
71 244
270 315
194 29
279 45
237 43
139 256
190 86
148 22
127 100
312 51
143 133
125 315
273 111
46 47
239 232
33 309
160 303
308 225
203 271
269 124
185 93
251 59
178 83
267 176
55 264
226 197
268 223
68 97
18 113
15 256
29 235
249 60
222 114
284 296
69 238
105 126
15 227
56 64
310 8
239 236
143 21
117 282
243 184
63 133
169 265
73 197
184 194
129 90
307 97
70 247
206 46
57 92
145 300
155 11
307 265
246 6
158 234
287 272
102 34
89 142
170 162
211 38
40 24
314 218
307 256
149 198
301 78
161 2
62 1
12 53
137 257
58 294
175 216
251 149
249 24
290 104
57 185
13 283
80 12
185 72
267 206
141 124
283 301
126 29
173 137
268 310
266 197
160 312
97 282
145 217
306 307
192 234
48 205
202 315
216 258
258 167
148 83
162 115
255 287
15 113
296 282
107 246
35 138
114 131
105 131
33 282
122 96
200 41
300 273
40 200
216 297
238 235
251 85
222 191
56 236
303 223
75 281
153 109
103 267
240 207
82 144
45 75
239 245
302 96
74 214
295 289
67 90
81 3
174 302
193 101
222 52
9 296
204 33
90 306
299 201
70 252
216 114
198 11
230 57
106 304
270 273
149 21
47 229
210 220
87 274
192 309
10 200
161 213
233 122
76 88
194 17
212 94
2 94
292 232
22 269
92 291
226 112
184 272
26 78
48 112
37 240
292 46
124 138
131 228
131 78
1 10
94 212
290 95
177 266
198 199
220 161
46 2
273 229
146 170
307 193
281 28
304 130
260 300
139 75
212 269
152 84
278 117
167 253
84 29
75 153
99 166
314 144
168 143
58 313
312 49
62 149
263 238
278 207
222 101
154 305
55 177
261 204
166 112
141 249
140 216
86 110
253 271
254 105
98 183
289 94
231 223
243 50
17 205
128 110
178 281
99 104
15 231
307 180
28 133
300 39
220 70
149 157
26 87
134 123
269 294
217 56
73 16
292 89
92 104
70 269
257 169
57 143
271 236
7 298
53 306
22 144
247 170
172 272
128 177
267 268
28 40
8 100
55 299
61 18
274 130
159 215
170 215
42 126
7 235
295 59
97 1
74 29
42 118
172 169
294 310
121 193
34 315
165 275
170 225
293 1
226 136
215 268
222 129
265 229
235 244
159 17
245 105
232 158
222 88
12 72
83 4
265 303
191 301
263 45
210 112
45 307
119 132
259 212
132 80
312 51
9 28
67 125
132 170
282 225
258 165
168 212
169 304
199 44
289 18
275 55
1 192
47 119
195 177
203 11
257 199
248 137
226 187
261 229
41 99
10 298
264 178
66 117
166 265
32 12
154 178
66 155
241 112
145 120
161 32
130 289
231 63
110 13
249 242
114 161
25 123
144 288
172 81
276 23
217 179
221 56
229 286
82 154
270 226
274 302
258 275
275 45
209 256
57 14
54 42
175 78
165 190
238 21
270 70
230 172
121 135
99 34
293 180
187 247
90 17
233 219
164 64
263 57
4 192
258 57
233 117
6 269
306 115
162 132
185 263
303 177
270 86
210 247
265 268
178 227
285 282
130 5
30 78
61 33
141 3
276 245
306 153
199 168
140 45
300 196
307 159
57 261
117 266
64 253
90 241
164 246
79 294
250 108
243 183
12 255
185 159
184 48
312 67
215 136
298 71
16 162
230 72
294 218
209 43
155 298
155 4
101 234
169 35
26 283
217 38
222 274
68 277
6 64
29 92
71 198
163 273
44 264
216 23
166 296
252 192
151 91
67 251
196 107
285 94
74 187
131 167
17 70
129 22
134 29
300 76
226 19
34 142
282 249
36 4
102 287
68 252
249 134
187 130
241 156
223 314
214 225
38 102
294 166
123 299
66 295
247 291
313 280
117 152
85 24
27 186
310 94
309 116
228 180
245 153
208 24
23 106
120 247
80 285
284 202
141 34
53 72
197 51
223 185
202 307
209 100
50 203
194 43
3 106
95 119
130 302
14 24
279 133
271 43
290 111
117 115
145 169
186 26
219 93
210 292
271 103
264 192
178 142
235 52
119 14
171 120
187 56
143 150
61 285
193 35
81 309
149 97
34 19
122 125
298 203
288 253
178 236
130 40
62 236
91 52
121 133
171 307
189 186
13 249
155 205
155 107
70 303
203 291
193 196
100 175
84 72
112 261
308 113
172 241
33 262
293 153
267 20
16 12
205 29
132 45
105 286
23 47
145 226
22 106
121 196
189 64
179 6
243 292
177 41
9 311
205 34
262 224
236 145
114 264
276 158
241 118
52 287
262 277
180 283
255 172
163 315
235 213
6 35
189 54
75 70
49 279
290 182
59 210
11 172
31 158
201 143
275 253
114 221
214 293
188 25
21 222
25 255
120 30
161 180
83 107
249 4
257 223
185 1
305 196
172 207
225 245
34 185
182 147
90 267
311 150
292 16
243 1
142 47
217 303
99 171
281 32
174 223
127 231
223 116
298 266
7 207
195 40
76 248
58 38
200 240
187 48
255 301
235 268
220 8
127 3
178 93
34 224
315 160
139 222
147 121
44 25
199 239
251 275
43 308
312 242
232 55
161 43
227 80
183 131
274 309
133 137
86 167
45 85
198 55
178 217
47 94
113 245
17 49
76 59
228 259
173 17
313 205
59 225
157 113
227 115
107 45
251 192
83 167
149 152
93 198
240 139
291 38
256 179
86 16
110 313
275 154
201 144
43 132
240 199
244 152
186 35
196 121
99 150
160 247
301 124
1 226
135 292
135 75
155 220
90 264
89 236
102 290
65 17
106 176
87 34
12 272
256 79
265 39
228 109
157 86
104 157
183 238
133 2
184 160
93 146
295 53
66 269
27 2
285 4
178 56
225 61
13 37
140 277
75 239
257 231
196 232
259 63
155 77
251 210
108 28
40 87

236 807
171 45
177 222
48 148
57 17
132 77
42 40
144 93
151 139
108 41
210 17
158 49
126 182
146 188
158 160
178 173
126 112
218 71
102 33
218 162
49 117
2 94
156 145
186 71
51 61
115 28
77 40
81 207
221 226
162 147
149 107
83 43
223 64
113 88
96 98
13 148
215 18
5 134
166 190
208 216
14 90
11 95
130 91
69 118
80 234
32 233
105 115
39 91
182 155
182 46
16 194
197 234
215 206
132 144
159 107
127 177
197 137
39 94
228 111
215 71
108 11
71 212
129 109
66 78
31 11
127 51
208 88
48 190
57 183
97 219
54 223
163 18
128 205
115 119
79 93
193 187
107 28
162 3
140 232
81 171
10 211
221 222
62 32
175 122
215 40
105 36
30 35
53 157
4 171
39 82
31 232
36 142
27 202
144 166
197 228
100 210
203 88
195 32
124 138
154 102
177 26
141 210
60 197
131 63
131 173
149 165
172 184
70 198
149 214
132 113
209 231
87 175
87 49
207 210
186 124
79 130
149 219
104 212
179 2
39 77
174 191
5 110
138 75
75 55
56 206
171 28
205 25
207 55
74 177
28 27
68 106
157 220
92 28
195 38
29 1
114 202
191 122
79 97
196 154
155 19
123 89
47 91
114 21
145 187
197 176
217 32
49 137
15 140
168 213
181 196
214 58
166 168
180 8
32 143
165 186
162 52
39 212
146 152
232 59
106 196
234 86
231 51
227 9
194 158
221 139
122 202
200 55
134 147
66 165
54 231
115 219
50 157
198 195
72 197
21 181
160 19
30 154
73 20
162 30
182 150
172 67
116 136
121 17
46 186
185 103
184 67
89 233
223 50
196 58
10 216
6 169
2 36
86 74
59 15
108 4
169 47
74 48
182 198
68 232
152 16
102 99
83 191
96 69
4 59
131 18
38 136
190 40
175 44
117 234
58 224
5 226
35 79
41 220
40 108
219 195
128 85
58 210
39 157
46 215
176 63
20 80
17 59
18 64
176 15
121 167
20 115
205 102
159 189
145 35
175 104
162 23
165 139
65 85
184 111
67 128
173 86
207 193
149 224
20 92
7 145
22 30
27 231
131 185
187 39
223 125
146 148
152 74
50 216
162 2
90 232
129 31
86 99
227 2
90 15
93 100
163 118
129 189
112 27
141 62
70 128
191 215
39 106
57 93
85 222
94 179
218 226
209 67
92 203
68 181
217 164
49 143
45 177
99 161
208 4
226 41
131 180
23 173
49 79
33 138
65 126
80 46
115 56
116 206
22 187
155 7
114 203
149 162
147 16
86 118
19 76
158 153
23 181
89 72
27 122
213 91
15 56
140 134
111 23
103 136
209 25
142 90
231 59
20 142
74 105
27 92
184 189
8 207
133 100
46 163
225 22
18 4
81 161
141 195
188 7
94 160
36 4
18 30
62 37
171 135
145 202
230 93
154 5
67 50
104 112
216 97
137 1
104 221
162 8
183 113
14 44
40 53
47 61
83 108
97 21
10 6
222 3
102 139
7 168
192 115
47 172
211 187
172 78
175 101
85 121
217 102
164 25
155 211
85 5
86 182
29 96
191 15
102 60
157 113
231 113
227 41
52 205
231 227
46 169
92 134
57 76
3 220
100 161
198 185
165 52
134 194
151 88
212 16
151 132
128 145
8 118
189 63
86 183
54 135
119 145
36 179
220 39
162 84
199 128
36 132
179 169
89 93
24 68
112 174
199 4
82 211
125 34
37 215
220 90
117 106
2 153
48 226
191 213
77 157
104 112
52 50
48 144
146 71
211 22
8 178
25 93
152 153
126 192
131 113
46 12
218 51
164 33
40 122
9 120
42 117
231 98
170 46
5 80
116 220
101 127
161 129
219 80
45 112
35 176
224 80
191 209
135 118
9 178
7 18
62 48
138 60
149 75
106 158
154 221
141 22
112 69
150 98
148 199
210 182
138 201
30 96
178 168
217 186
109 223
207 170
38 108
230 187
183 103
108 104
87 16
126 202
84 43
68 235
5 41
180 146
9 213
5 186
144 221
136 21
207 106
190 9
214 187
199 164
53 74
35 144
89 160
113 172
203 180
174 207
224 117
121 233
98 125
182 9
110 81
29 84
187 223
96 168
173 58
99 226
131 133
137 219
61 13
158 27
197 95
1 184
216 121
180 81
14 130
89 123
210 122
210 164
108 70
99 48
127 197
37 26
98 177
12 158
194 174
188 154
32 192
105 15
81 53
99 94
182 192
220 159
77 193
91 188
26 189
235 157
154 40
182 19
216 193
176 173
130 131
94 166
86 199
184 170
19 47
27 200
6 14
126 82
207 216
37 236
173 35
156 94
74 105
112 58
62 55
234 195
189 96
128 42
58 80
212 76
130 6
43 135
20 172
220 230
152 20
229 92
58 153
185 136
21 60
193 86
118 194
45 70
53 176
111 114
19 86
193 148
92 3
46 115
175 33
112 90
52 104
185 110
24 133
9 45
196 205
130 77
166 178
150 219
118 24
96 140
114 57
56 209
59 105
87 233
138 198
90 189
69 38
66 93
174 78
141 133
50 38
213 216
216 126
198 101
150 61
4 27
117 59
235 176
164 89
176 69
54 30
25 122
67 91
218 5
172 126
141 222
164 118
201 143
7 166
11 160
230 14
190 111
77 188
54 8
44 229
76 97
22 100
223 93
194 208
101 130
98 5
115 25
126 83
171 137
12 181
60 5
198 14
119 38
205 176
45 13
169 124
113 194
224 99
54 181
71 158
74 172
163 192
200 56
38 134
192 53
82 16
62 43
33 184
81 5
124 129
21 60
17 134
21 8
232 75
188 70
232 30
9 162
221 208
218 27
105 177
83 186
196 148
229 228
96 77
1 219
209 21
46 225
154 66
236 154
144 188
227 140
221 236
69 209
207 54
235 80
231 86
33 194
233 29
190 92
105 190
78 82
210 123
74 132
193 74
53 100
25 43
7 13
46 80
221 17
133 220
100 131
73 132
89 69
161 42
165 33
235 10
114 208
137 188
107 93
25 159
196 53
202 203
65 11
46 49
31 178
36 130
77 112
26 169
181 190
210 113
222 208
122 100
183 22
55 58
114 79
216 74
135 185
44 199
196 89
15 230
34 55
128 114
166 157
46 114
110 19
226 95
230 112
198 181
133 16
2 15
98 221
92 232
170 135
198 133
227 213
126 24
35 17
138 200
173 187
78 50
210 67
145 207
182 110
151 83
126 156
97 223
141 188
219 78
90 180
210 80
160 99
107 194
120 12
158 60
199 3
110 172
73 18
142 19
127 61
105 20
220 201
7 128
156 229
205 13
172 178
96 100
45 202
57 164
218 223
184 220
96 119
61 117
28 83
12 92
187 31
80 155
37 207
78 33
180 90
205 121
185 68
165 154
128 96
135 110
83 82
97 182
204 157
63 236
3 74
95 193
108 174
111 145
149 188
177 92
45 149
216 233
220 145
151 112
8 53
225 90
135 85
40 106
10 102
105 16
179 204
209 50
141 87
198 53
43 143
148 87
59 128
84 43
40 2
158 47
54 146
141 192
234 180
62 7
49 170
23 231
137 235
48 42
85 10
98 131
156 14
222 214
141 73
20 180
74 177
230 127
90 134
83 88
81 148
98 129
81 120
127 218

221 305
69 120
201 78
20 149
199 28
216 101
64 144
195 111
25 165
101 40
201 7
134 90
158 205
201 35
87 139
214 216
134 154
114 206
104 134
133 81
33 220
54 97
14 120
207 39
63 179
78 136
57 83
4 214
66 204
121 24
214 113
19 126
139 132
110 21
137 114
194 170
206 26
138 219
146 123
129 80
174 78
215 102
32 90
95 191
166 215
214 158
199 104
156 116
108 44
136 23
30 109
64 14
6 201
104 151
196 105
103 148
54 96
28 86
58 215
148 2
80 12
31 58
116 186
45 95
102 53
117 131
33 181
16 38
160 212
61 134
188 163
153 21
130 53
199 187
139 125
60 219
136 91
148 123
148 64
217 28
116 113
30 148
165 138
186 196
129 118
202 188
59 133
208 188
57 185
154 196
181 213
65 96
175 212
218 195
147 214
94 42
198 124
189 13
133 25
208 133
142 188
100 72
193 86
39 121
143 192
188 102
55 31
69 102
114 159
75 40
23 168
81 220
163 141
104 168
38 90
79 51
150 50
123 214
136 161
113 150
3 80
123 150
203 64
30 96
1 197
135 23
16 87
114 50
99 217
217 8
178 168
59 199
217 181
191 3
213 176
152 215
34 147
15 108
210 45
203 82
20 209
197 128
167 182
178 45
49 45
52 5
212 203
204 208
34 45
210 25
220 13
111 125
159 126
12 19
42 214
100 154
74 75
61 19
35 110
156 83
154 80
180 145
61 34
3 95
79 84
212 77
96 195
74 126
192 85
144 12
170 115
37 22
61 97
41 188
206 68
142 139
147 101
155 80
6 157
46 84
19 36
33 208
102 106
112 165
190 128
48 138
114 85
32 175
53 165
13 38
11 155
48 158
127 74
16 132
102 61
88 213
189 120
199 163
97 183
106 158
182 154
167 74
110 198
120 162
141 133
71 152
66 211
181 192
63 68
195 164
221 61
156 60
52 5
1 148
187 200
177 147
4 123
93 113
99 84
53 112
216 124
135 153
113 187
216 48
33 190
211 125
122 17
56 174
22 150
193 80
128 149
99 131
50 191
115 20
146 39
3 141
162 137
165 147
102 160
194 6
221 55
2 121
165 58
166 58
207 138
137 206
65 14
208 207
76 101
5 1
139 8
13 173
16 49
98 211
208 163
88 79
89 90
200 32
147 16
89 4
153 98
209 89
111 195
74 59
74 172
152 84
51 164
35 66
212 4
55 71
38 143
149 127
104 220
30 29
15 212
125 39
88 112
128 70
85 201
128 30
23 58
113 73
93 20
139 177
23 65
119 61
207 139
59 182
138 88
210 24
78 206
155 37
96 61
107 52
134 106
174 156
164 66
101 128
178 18
176 200
82 73
132 161
212 190
214 221
57 203
116 6

53 119
32 42
25 14
13 47
18 40
34 51
16 53
15 12
4 26
51 31
33 32
10 44
21 53
35 45
43 31
48 30
40 5
50 11
18 9
36 35
48 49
12 42
27 26
53 31
30 8
41 8
49 31
7 48
44 31
17 21
4 46
40 8
42 50
4 29
12 17
3 7
28 44
33 53
23 42
9 52
28 49
38 23
27 44
50 49
53 13
17 3
5 35
10 25
10 45
53 21
9 34
6 36
25 18
15 26
6 23
24 13
50 8
35 2
30 10
51 30
22 46
11 5
27 53
8 36
44 40
4 52
20 41
14 23
5 28
48 43
29 50
2 4
36 15
6 13
25 3
21 25
27 31
9 53
9 16
14 53
34 17
30 1
37 43
2 41
49 50
30 3
25 10
7 8
25 44
20 28
25 19
52 51
28 39
29 37
34 42
15 14
38 44
46 21
13 48
40 23
17 22
47 5
28 33
8 50
31 35
21 49
13 50
3 51
25 18
31 13
32 24
50 1
48 49
45 42
36 32
43 31
53 16
35 6
48 43
34 5

116 513
82 24
105 87
7 58
93 90
37 52
53 85
16 7
55 36
10 23
61 88
21 83
35 63
97 77
18 13
83 41
34 49
57 14
11 63
63 96
28 100
31 81
60 38
79 114
74 88
13 10
59 25
93 85
87 65
46 96
78 4
13 103
44 69
1 47
15 55
26 42
30 48
114 89
86 76
79 35
48 91
44 98
107 12
67 70
69 104
49 30
107 53
8 27
5 116
73 11
55 90
45 84
21 42
49 98
110 11
16 33
93 52
14 83
55 72
36 7
59 77
28 42
13 36
68 10
27 16
20 73
105 64
33 9
98 81
107 91
91 114
7 59
49 12
25 104
84 61
102 26
13 14
67 25
41 10
34 67
25 54
24 5
109 56
6 90
12 112
56 94
101 62
36 26
74 60
13 41
112 106
58 8
3 1
33 43
10 58
102 27
103 1
23 96
56 28
61 59
15 109
36 116
46 71
25 3
14 29
35 2
18 85
9 13
85 33
47 86
83 32
112 69
32 19
40 79
46 101
21 53
85 56
52 14
10 68
9 16
88 43
17 97
3 17
109 87
42 40
57 8
63 44
68 95
54 108
57 92
84 70
28 52
9 71
65 11
22 73
18 101
108 34
81 110
42 66
73 75
97 5
82 43
48 26
21 102
17 70
77 100
23 96
27 31
50 91
33 63
40 50
47 31
75 3
16 1
68 80
67 48
84 33
91 8
58 103
101 66
56 53
41 78
32 67
101 73
33 9
19 72
59 57
94 17
59 102
9 3
65 76
42 25
100 8
32 33
111 16
90 50
60 14
4 91
80 104
47 104
112 57
60 46
113 29
55 47
14 63
49 71
14 83
95 105
90 10
13 84
17 102
10 76
115 13
42 70
108 88
58 103
20 109
25 16
13 79
54 27
17 95
89 23
61 67
11 34
68 24
110 84
1 3
35 116
15 76
61 6
39 110
100 58
102 8
65 107
86 2
9 103
96 97
1 40
47 11
66 114
26 59
81 27
53 107
18 67
66 70
64 104
64 47
37 49
47 101
31 8
102 39
102 74
19 102
113 65
113 54
62 14
104 18
32 40
116 41
98 65
111 45
44 58
84 80
98 6
56 13
13 42
51 115
115 70
92 103
10 80
33 72
94 20
81 1
52 73
42 33
21 36
70 57
93 29
12 74
34 68
86 46
109 13
36 99
82 12
77 91
83 109
38 60
13 111
53 56
67 94
88 79
13 41
19 105
69 31
54 94
98 16
16 82
28 51
64 109
54 24
75 21
9 105
72 13
99 8
68 41
101 39
3 105
72 14
85 16
36 23
110 17
38 9
90 65
51 29
49 97
52 115
109 52
103 64
64 77
64 15
1 40
46 112
29 1
1 105
8 36
11 1
52 48
1 17
104 44
45 28
24 88
27 16
24 13
71 87
82 18
94 74
50 23
61 70
15 61
58 22
96 69
15 23
108 7
39 88
50 83
115 73
55 25
88 78
30 43
40 111
52 17
60 93
31 5
46 45
65 96
59 37
48 65
59 31
71 90
2 5
56 1
69 102
25 33
63 46
67 95
32 2
111 92
95 18
96 16
62 36
111 112
72 34
60 7
65 7
96 58
11 27
58 71
13 75
103 67
112 53
45 28
47 32
3 17
49 90
24 102
1 19
98 65
44 33
71 100
39 42
42 41
68 91
112 72
41 90
23 37
19 59
64 57
82 58
65 6
31 88
108 31
98 81
95 26
105 41
1 28
82 42
60 26
17 55
97 49
21 111
85 31
46 32
87 11
89 35
17 111
114 116
18 96
72 104
113 60
29 113
79 102
31 23
3 47
69 100
87 81
86 56
111 15
79 81
26 52
107 34
38 105
33 47
76 96
35 72
39 55
68 110
40 98
16 35
20 76
18 107
41 95
38 35
110 116
108 11
43 98
44 81
78 76
11 37
55 37
108 85
91 52
78 7
25 85
41 37
45 50
19 77
28 56
111 13
55 94
23 98
76 66
54 37
17 56
74 63
93 57
24 59
108 93
57 9
62 89
45 98
14 55
50 34
110 44
46 40
22 61
21 89
2 66
1 19
114 66
73 90
7 88
24 106
65 73
114 2
37 34
91 51
88 24
84 73
59 5
113 72
57 9
44 59
67 45
69 64
110 25
37 108
105 52
98 53
116 87
46 37
113 20
87 84
43 46
33 93
42 29
49 99
29 92
41 95
12 109
42 114
9 70
105 113
6 78
41 113
49 86
33 45
105 3
4 23
40 28
116 82
56 48
64 77
15 96
55 19
88 97
16 88
50 4
77 47
74 1
44 6
87 68
42 75
63 37
90 102

65 122
63 51
29 40
55 17
29 27
45 44
57 1
57 54
42 63
39 31
32 19
39 31
5 35
65 4
56 27
57 40
25 54
26 55
31 17
6 61
43 51
40 36
53 31
25 29
30 63
61 18
34 29
22 5
28 26
61 56
19 37
17 9
64 6
41 16
13 37
58 63
11 31
53 43
55 18
9 52
14 6
6 49
34 27
56 61
54 53
51 9
24 4
20 25
9 60
40 22
33 34
21 43
64 8
22 53
28 30
41 36
48 26
6 10
18 2
65 5
54 9
31 58
28 55
3 24
31 26
57 64
47 36
63 56
60 52
18 24
30 60
61 12
21 2
23 40
5 23
45 60
33 12
54 62
3 57
20 33
17 13
33 65
49 30
56 43
19 10
3 50
5 1
61 27
4 21
1 10
43 47
4 12
60 58
8 62
49 29
31 2
44 64
2 29
30 59
8 48
3 10
32 9
12 30
35 17
50 38
26 29
21 30
40 16
22 49
14 7
14 45
8 57
45 11
22 9
4 29
59 9
41 27
19 52
56 54
4 42
28 29
7 50
60 46

215 90
156 146
52 162
92 207
153 191
209 110
26 135
165 139
138 10
208 101
137 35
171 72
207 90
212 208
130 177
151 126
114 83
48 158
29 131
141 174
106 134
60 124
53 9
39 190
19 31
68 147
66 15
210 57
105 206
41 11
159 191
128 58
51 176
207 79
91 132
37 189
50 96
89 103
97 127
69 115
158 128
38 8
143 32
56 24
14 88
26 173
56 153
7 106
105 213
184 188
129 6
153 170
93 26
57 189
152 118
80 86
22 109
85 164
140 132
179 154
5 196
103 60
134 109
165 15
98 133
202 11
130 139
180 215
156 14
180 93
123 37
170 144
145 40
85 62
171 48
215 167
21 94
11 154
202 175
160 84
85 147
86 206
62 42
197 3
47 154
87 169
190 33
98 111
64 182
172 20
6 163

79 905
26 51
53 51
51 23
72 40
10 49
74 11
5 76
3 15
70 44
40 64
54 6
29 65
62 32
76 36
13 65
28 13
36 55
64 7
52 56
22 36
1 16
47 5
66 24
19 32
68 33
16 17
38 19
2 20
51 53
56 38
38 58
50 48
8 9
54 35
40 50
70 40
40 12
19 2
36 12
33 78
45 23
15 3
42 70
77 67
43 28
25 55
60 49
23 67
33 52
76 72
76 67
7 37
78 79
38 9
11 45
7 55
67 21
58 4
12 30
70 29
57 15
5 12
39 2
78 71
53 50
38 50
37 44
61 10
43 73
73 53
38 79
4 79
75 36
4 61
65 48
64 17
63 68
28 76
70 1
67 18
50 79
42 61
43 23
71 60
16 39
8 28
38 11
28 8
46 6
43 6
53 28
22 11
16 24
7 60
79 48
53 49
47 15
31 64
13 76
19 3
35 27
6 47
12 33
30 33
13 72
13 40
20 35
51 11
33 32
45 32
55 18
56 22
8 61
61 20
32 79
76 66
1 2
8 67
9 37
20 21
5 32
61 24
41 7
34 49
13 79
1 67
71 31
10 78
12 45
72 43
19 69
4 20
70 66
7 54
23 1
49 27
7 30
26 23
11 34
71 24
33 46
11 79
77 74
77 63
14 70
27 33
34 5
52 78
70 33
52 14
8 22
15 68
26 40
11 12
49 56
35 2
77 20
55 74
69 53
57 3
18 58
10 51
63 36
49 53
68 76
41 50
18 31
39 18
70 24
29 14
55 38
16 52
33 45
21 22
18 52
78 10
31 9
60 68
44 5
41 8
55 57
32 72
8 45
64 52
69 14
66 44
26 56
70 58
21 11
79 39
62 53
23 67
36 4
55 54
62 71
36 37
48 68
4 55
33 67
27 76
55 13
15 2
43 5
59 64
69 34
77 52
61 20
39 17
77 69
70 59
60 27
70 28
69 73
3 22
36 4
19 65
71 33
41 34
13 21
18 2
29 69
53 10
10 67
1 7
31 45
41 11
46 31
38 35
79 15
32 10
72 50
49 63
57 11
72 69
6 10
46 34
79 73
18 63
35 72
69 65
37 5
75 58
36 8
13 10
76 44
73 69
68 42
27 46
52 19
10 57
4 55
65 57
24 57
40 58
49 4
44 61
9 39
39 19
47 26
3 18
70 75
7 33
37 9
53 10
27 63
41 5
13 2
61 36
58 75
15 3
54 33
63 37
71 76
30 13
22 32
31 66
2 12
20 38
20 72
22 30
38 1
18 39
37 28
71 32
17 73
60 49
56 71
16 27
21 28
49 27
33 35
28 20
29 41
14 76
37 35
26 49
36 18
8 47
46 79
78 37
47 34
7 24
25 22
25 21
24 73
47 32
4 50
51 32
11 64
3 22
74 29
71 5
21 53
51 66
27 24
78 74
57 5
72 57
1 17
77 24
65 44
30 68
14 1
74 78
40 77
75 34
1 66
38 21
14 9
62 41
32 60
10 64
39 2
41 39
72 38
37 57
56 67
45 67
40 18
27 12
13 35
12 53
72 7
67 55
68 3
8 23
12 46
61 13
7 20
5 19
57 37
49 19
2 68
60 16
7 62
27 73
17 13
22 64
20 9
39 8
65 21
31 76
66 63
47 7
42 40
38 78
64 31
1 52
11 70
33 72
72 2
64 5
23 48
78 31
7 61
16 3
66 68
52 49
11 33
11 25
70 64
9 21
39 36
7 29
43 78
75 44
62 1
66 5
53 71
66 34
61 68
20 47
31 47
70 41
79 56
41 70
40 24
65 78
59 71
2 23
45 77
41 2
52 3
7 25
73 72
34 30
60 53
51 11
20 42
27 20
72 42
64 32
65 24
5 20
16 6
17 60
57 61
29 59
42 29
28 34
62 57
68 10
28 54
5 69
55 78
36 17
62 67
56 6
46 75
75 52
12 30
29 69
12 33
23 28
61 50
62 43
27 50
52 30
78 56
73 53
54 30
44 11
17 21
71 63
16 66
10 28
17 13
71 3
45 14
30 26
39 66
43 65
12 16
69 10
46 63
38 21
13 2
31 4
22 76
66 13
63 50
40 79
63 6
56 3
19 60
4 32
47 46
72 58
36 61
42 3
44 79
77 56
2 3
60 77
79 21
10 62
46 49
36 29
54 66
6 48
46 9
54 13
55 46
70 65
28 33
67 71
32 64
48 8
67 3
6 66
23 15
23 68
39 58
71 67
19 52
10 64
60 64
77 10
30 67
75 57
74 62
24 2
22 71
9 63
48 68
24 45
4 46
9 17
78 54
4 17
26 14
1 7
52 77
70 2
40 65
34 9
23 57
64 19
23 73
2 70
36 25
10 14
45 18
30 43
72 9
34 72
76 34
53 48
7 44
24 21
4 57
29 26
9 14
19 31
61 20
75 71
19 6
6 63
23 35
1 69
18 34
62 14
43 35
36 24
78 60
44 57
37 47
57 21
35 76
51 70
70 47
62 10
52 67
47 49
76 23
39 69
56 75
3 73
5 39
17 58
73 35
35 5
3 12
25 12
62 76
3 53
43 39
37 69
1 4
38 51
26 51
40 57
21 43
25 26
56 42
4 49
76 13
53 24
78 65
7 49
42 34
12 1
70 55
1 48
67 51
49 39
66 1
34 29
25 59
59 41
37 3
38 49
55 65
48 28
25 29
76 66
37 62
41 27
37 16
49 79
67 18
13 28
18 46
56 18
1 10
58 12
12 70
36 41
56 58
69 55
7 40
17 43
77 57
44 9
73 13
8 35
6 20
62 77
66 13
15 41
76 48
52 8
38 8
48 68
65 12
19 46
27 35
63 24
12 27
32 59
15 40
68 20
34 25
71 74
37 61
35 33
29 8
15 41
69 38
5 55
24 23
75 50
57 59
48 43
60 55
77 74
15 65
68 23
11 60
18 22
41 52
30 69
34 44
5 24
2 9
53 1
31 48
50 62
27 73
26 8
48 23
56 37
62 45
59 72
25 76
69 40
49 19
4 57
62 8
1 39
17 53
14 22
76 38
5 77
31 30
5 78
27 36
35 9
1 15
56 79
65 45
39 9
63 17
66 20
78 41
33 15
15 46
12 65
5 16
62 10
20 67
9 21
77 18
29 77
32 5
51 72
24 64
1 7
1 41
2 78
3 9
68 17
55 79
56 34
69 38
43 63
79 26
4 76
44 32
73 50
12 44
42 35
3 18
17 3
58 72
56 60
1 44
51 30
18 27
38 61
65 56
44 39
2 47
36 20
53 4
70 39
23 7
49 25
24 65
28 57
57 4
37 32
22 63
62 39
64 20
20 24
75 38
63 52
5 19
71 32
22 61
71 44
68 15
69 66
79 71
43 31
74 55
62 70
13 19
29 76
14 23
75 9
35 58
60 14
51 52
45 72
8 11
12 50
25 1
37 78
46 54
4 15
4 41
5 70
59 8
67 72
5 37
56 39
15 36
52 65
62 71
32 45
3 43
15 2
18 26
1 63
55 4
77 58
44 56
49 78
63 11
45 67
47 21
1 36
32 52
75 14
44 27
33 21
45 48
22 62
73 76
21 23
55 72
2 73
49 25
71 32
35 37
74 56
57 49
66 63
22 61
52 40
62 5
60 27
52 2
64 21
53 5
43 28
76 19
21 20
43 67
27 52
78 21
3 30
69 68
14 65
49 65
25 7
69 5
33 17
61 71
37 9
75 54
36 47
48 31
66 11
72 13
38 70
8 40
21 52
4 34
37 27
19 37
33 62
16 41
78 76
32 10
59 28
39 69
49 7
21 35
71 67
48 29
58 55
44 53
2 47
7 39
73 79
75 2
61 11
42 35
62 73
44 16
75 57
6 44
63 26
79 55
13 22
58 45
51 76
18 53
43 78
66 12
77 36
13 34
21 29
43 3
22 61
19 18
39 78
61 22
24 35
51 11
56 5
31 3
55 48
55 73
47 41
5 19
76 71
27 17
20 69
74 16
26 67
33 64
65 69
60 63
78 7
48 30
65 78
32 40
22 7
33 43
22 12
61 72
3 63
63 76
27 32
13 52
73 20
11 58
63 71
16 62
77 64
12 37

469 624
227 35
130 338
333 282
338 371
100 167
180 69
2 99
207 245
270 173
150 120
337 313
25 278
151 127
217 2
69 21
114 296
55 243
164 388
340 317
105 255
14 100
324 301
198 346
361 467
49 326
403 201
170 243
295 136
186 42
138 254
62 67
80 402
126 59
136 465
376 56
251 205
155 390
321 168
82 213
451 415
354 384
147 54
157 441
190 342
298 143
127 176
209 22
108 334
81 59
330 272
114 396
292 84
132 144
67 213
172 48
158 56
431 120
395 404
376 400
276 205
73 218
380 281
240 303
146 136
177 291
407 290
217 229
189 164
188 255
376 175
303 349
47 80
469 441
299 375
371 106
395 443
139 121
254 194
239 399
329 415
36 266
51 252
311 239
231 314
310 137
20 428
17 66
323 301
37 153
22 223
74 417
196 212
68 265
406 123
11 81
68 46
347 119
114 4
173 344
317 13
297 152
440 129
217 294
429 69
262 266
107 335
213 118
77 97
383 298
219 209
379 286
254 72
220 183
360 209
343 207
221 170
175 8
114 207
117 358
276 378
154 198
243 367
316 135
279 229
433 28
253 158
129 322
229 165
36 119
373 378
141 409
363 315
416 7
53 348
180 144
256 333
157 314
46 3
449 324
47 228
167 299
385 112
152 429
276 187
363 464
380 34
403 89
165 166
380 33
44 90
461 300
238 148
429 100
151 408
423 197
451 406
312 182
333 463
141 424
465 34
418 191
353 351
279 48
47 189
80 91
94 71
206 331
34 450
430 184
205 200
197 186
421 39
368 284
317 39
238 128
358 2
318 241
352 412
288 215
131 183
305 40
69 326
186 102
306 432
102 41
447 298
43 398
152 410
28 284
264 81
411 437
82 75
208 249
17 311
463 432
24 114
2 377
255 3
10 92
434 111
417 411
224 459
155 191
215 467
290 295
78 231
262 444
305 1
224 137
127 33
99 151
147 385
58 401
387 352
308 352
278 72
109 32
61 264
38 92
261 327
386 155
373 463
129 24
279 168
160 406
201 258
372 163
173 245
379 376
128 218
258 221
289 366
253 165
445 106
72 53
249 273
207 152
267 151
461 76
319 151
297 335
225 199
313 213
260 222
119 387
439 192
138 74
89 206
239 349
128 310
401 376
399 138
343 196
289 150
87 423
301 200
104 341
398 416
369 4
168 19
206 423
210 160
27 114
181 81
463 308
207 210
30 136
348 189
147 452
338 233
221 454
432 140
141 177
86 41
465 69
59 202
307 84
361 334
14 72
230 292
196 252
32 41
387 195
229 349
462 383
398 29
183 176
168 324
168 69
364 164
138 238
365 444
137 72
124 150
143 170
441 154
421 289
195 155
14 239
34 7
152 247
35 335
423 203
5 121
87 368
100 224
421 464
15 373
66 138
54 25
123 310
463 75
129 188
229 143
243 78
434 394
325 284
75 94
302 79
214 389
262 314
428 29
124 442
402 6
396 271
315 49
111 308
408 56
312 452
14 85
61 447
294 201
77 369
294 379
263 323
298 341
452 256
185 107
45 117
397 440
387 242
304 314
365 243
369 207
225 382
291 101
175 401
117 251
300 410
445 378
80 89
249 62
345 434
453 205
366 196
460 100
437 294
229 149
352 128
355 393
325 462
24 315
393 141
96 39
366 357
416 261
445 12
139 136
261 407
340 442
134 330
72 386
440 116
65 138
243 236
61 383
228 85
228 436
41 140
5 222
27 236
14 287
63 152
423 139
374 293
112 38
439 468
424 225
115 304
362 173
70 423
372 113
323 130
79 179
85 368
400 396
135 229
214 13
196 167
152 101
275 79
138 60
362 377
284 292
212 462
465 281
415 367
394 84
312 288
262 213
187 192
139 137
421 168
149 147
334 116
63 425
10 201
15 372
393 115
10 135
107 5
232 52
187 441
135 315
259 396
58 261
403 12
397 170
180 362
133 329
293 195
284 303
211 299
21 135
413 30
85 50
320 132
386 322
103 336
452 178
78 325
438 296
337 182
466 332
359 129
191 467
323 6
300 65
120 136
15 348
451 99
213 117
231 414
438 149
280 421
326 173
92 111
468 428
108 464
106 466
408 297
463 262
118 110
142 53
61 156
400 42
254 428
158 300
372 412
449 467
179 121
455 270
231 453
45 154
264 150
435 202
446 245
279 379
170 236
431 230
391 361
88 461
135 61
107 322
3 86
319 466
207 304
267 253
104 311
407 367
460 372
384 253
147 10
162 316
245 124
362 452
300 449
259 435
325 365
287 328
451 422
140 4
72 406
256 175
63 9
357 54
381 88
122 343
382 283
6 442
222 183
424 53
447 29
303 302
394 405
445 191
357 116
194 245
52 265
235 400
274 123
453 1
26 105
159 407
203 164
379 425
162 150
293 139
178 126
257 387
61 232
108 234
347 117
294 215
382 59
145 2
466 413
2 22
333 160
244 351
140 154
306 301
119 129
256 296
70 43
214 416
274 321
465 437
254 289
467 166
347 427
167 344
186 168
181 49
143 425
215 98
394 52
399 43
465 1
338 351
43 367
297 132
35 292
99 288
396 381
453 89
338 435
432 54
418 429
387 91
384 133
189 124
469 403
166 280
219 319
161 261
217 457
392 251
95 307
69 21
218 337
110 372
302 357
241 66
132 444
441 331
392 445
454 207
378 150
17 412
285 178
203 32
450 411
98 76
248 451
381 281
134 306
468 251
10 240
316 141
30 287
3 421
263 272
158 456
238 459
399 53
167 417
84 433
358 466
39 136
447 235
233 111
72 231
361 366
286 23
37 315
309 324
82 387
127 55
190 364
330 119
416 312
351 315
275 240

366 313
39 257
332 26
292 3
204 238
1 270
325 13
221 214
14 65
119 13
177 262
148 226
294 362
270 247
304 173
294 51
336 184
140 119
233 142
322 228
266 226
186 279
204 33
50 341
221 168
353 155
63 258
14 114
12 42
118 315
338 169
123 307
110 263
60 100
38 139
327 304
364 270
340 325
60 147
300 281
314 44
193 134
60 207
5 71
248 122
143 343
48 265
284 157
161 343
256 323
239 340
18 237
243 115
195 60
261 252
98 208
296 291
99 355
131 103
183 136
348 325
112 29
347 153
309 266
253 198
222 126
171 363
362 171
111 314
230 5
200 328
336 129
252 68
241 140
294 57
33 139
268 185
119 55
127 142
307 324
363 66
252 359
185 56
103 257
285 231
90 4
200 342
13 25
216 152
318 30
308 108
292 210
292 168
264 52
310 204
9 64
28 260
57 336
73 283
226 116
272 73
119 105
48 256
130 21
165 205
174 107
313 99
316 238
267 213
290 210
174 56
31 325
74 87
295 146
128 278
19 33
351 262
261 156
151 24
177 315
353 350
55 299
207 4
170 107
340 217
74 272
31 104
354 228
315 40
131 200
318 150
356 60
45 250
215 195
32 25
143 18
133 322
316 339
83 243
203 181
218 34
86 6
261 197
233 333
237 363
166 312
146 279
5 190
163 343
142 318
2 285
335 258
364 42
354 80
42 314
260 259
347 103
264 365
300 130
332 294
251 255
239 30
168 1
344 88
343 119
39 102
37 7
359 158
172 104
238 213
51 255
230 155
358 127
154 49
15 119
100 265
7 96
52 174
96 29
261 72
148 57
298 308
187 48
100 358
152 337
205 326
349 68
115 98
318 268
146 332
144 3
354 274
98 40
206 193
68 224
23 215
281 320
157 101
125 14
93 276
108 55
360 90
122 108
188 73
133 91
163 34
94 274
307 191
71 146
142 139
4 288
111 42
365 25
142 123
38 358
157 145
46 150
235 167
15 180
364 271
28 284
304 121
315 2
70 20
272 335
158 33
256 26
74 254
51 215
10 212
207 166
357 10
73 349
177 87
286 298
115 313
339 176
192 287
178 261
306 207
229 221
239 242
247 312
129 55
284 262
266 248
62 14
258 120
192 103
39 247
217 110
219 151
301 263
86 195
203 292
181 164
56 185
233 308
239 274
203 263
280 22
34 295
280 154
120 140
316 124
114 59
342 264
359 238
349 311
198 274
249 13
195 62
197 185
3 194
217 330
214 130
351 247
182 22
158 59
285 108
182 33
290 157
296 41
152 279
109 350
310 358
120 263
177 74
81 304
25 55
267 238
308 9
243 123
155 34
181 73
265 362
105 313
276 159
353 186
71 219
293 138
210 46
34 145
243 239
82 268
293 106
263 359
114 139
115 26
297 54
223 319
173 327
23 207
243 9

60 281
42 54
11 51
31 60
51 1
40 52
34 37
13 35
35 43
59 34
31 14
34 48
31 11
46 21
55 23
58 42
56 43
52 46
5 51
29 5
23 12
31 59
25 43
33 51
17 23
24 48
29 50
27 59
60 12
19 54
34 8
35 29
42 26
7 38
9 27
34 31
38 4
21 54
38 45
44 55
7 60
34 35
49 60
25 40
11 35
33 37
34 8
5 15
25 3
44 25
29 18
47 7
21 7
60 59
51 36
45 50
27 18
16 7
17 33
46 19
7 18
55 41
17 52
47 34
54 31
50 23
48 37
29 60
35 20
50 26
55 34
7 21
43 14
19 59
46 4
10 53
14 4
33 22
47 19
47 41
41 37
3 28
5 23
20 39
42 9
56 37
35 2
49 17
16 8
8 1
3 17
53 16
12 17
30 59
28 16
39 8
52 33
28 48
55 47
27 36
47 22
4 21
16 45
30 31
44 37
23 46
53 16
54 4
24 23
54 43
38 24
51 22
56 10
1 42
48 27
18 34
41 13
47 56
49 16
26 24
52 48
10 36
55 31
11 9
25 53
38 48
35 51
36 44
52 17
31 18
26 57
58 31
35 53
19 42
10 35
33 50
44 60
36 30
30 46
38 46
39 15
26 13
6 1
49 57
9 11
6 35
7 56
57 33
40 7
14 50
41 38
39 16
37 6
45 7
52 14
44 30
21 9
34 18
1 22
14 2
33 11
28 31
6 24
4 46
30 17
27 3
55 57
18 23
2 55
21 53
8 5
14 28
5 40
45 6
1 50
59 25
1 26
48 58
49 51
43 10
59 1
12 45
57 30
8 59
24 28
43 23
24 57
43 29
36 27
26 28
9 24
45 1
49 32
58 29
14 33
30 4
33 42
49 22
3 48
12 18
7 54
32 31
42 14
51 9
41 16
37 41
39 13
41 27
36 38
47 49
2 16
52 27
49 32
48 51
11 59
60 10
52 32
32 26
45 22
34 17
37 2
57 15
14 29
33 49
59 11
29 60
26 13
26 15
36 5
57 39
55 57
48 47
20 19
4 56
40 37
13 16
39 1
22 44
30 46
33 20
56 53
19 21
5 37
27 33
33 24
11 28
12 58
6 23
8 9
18 39
45 22
54 23
23 7
59 44
52 31
3 47
15 13
59 12
41 26
44 14
41 54
41 44
43 46
6 42
54 15
20 38
37 5
53 51
11 51
26 54
13 28
32 19
32 30
30 13
47 13
26 19
58 6
2 32
43 59
13 36
14 32
5 42

88 596
36 2
39 1
11 56
38 6
67 8
23 3
54 64
56 13
21 13
30 29
63 73
61 58
14 29
43 64
63 54
66 78
30 76
88 85
2 69
39 9
68 42
38 43
9 26
39 86
56 67
60 16
40 30
29 44
72 47
19 22
12 60
11 41
48 75
13 25
55 51
9 34
68 46
52 53
72 3
50 15
45 21
30 60
26 34
15 73
56 10
7 67
69 81
83 4
67 71
28 10
9 36
43 77
58 71
17 41
73 66
55 5
62 60
41 64
69 55
48 36
40 30
78 85
87 48
88 41
30 4
50 38
15 69
2 72
51 18
88 11
59 30
15 9
65 55
72 45
86 7
80 13
37 69
9 11
28 9
51 33
76 13
71 66
81 48
50 43
42 25
29 76
31 43
84 7
74 67
52 71
74 43
59 86
88 68
8 27
52 58
60 39
46 18
16 14
41 32
82 42
60 70
72 79
41 78
64 20
41 22
69 60
80 66
59 35
49 61
86 82
32 12
40 25
4 29
66 20
61 35
61 8
80 44
86 33
10 61
28 26
58 8
85 26
73 31
60 33
4 58
26 11
45 41
36 48
70 77
68 18
23 16
25 15
36 23
23 45
59 50
46 29
57 19
30 17
49 1
49 28
34 50
39 79
3 50
14 48
38 57
65 36
73 1
26 84
87 48
16 58
73 61
62 41
79 67
57 16
67 81
43 77
43 57
67 21
82 56
68 31
25 20
43 73
84 68
68 83
4 83
28 76
55 65
29 22
43 61
37 21
54 55
9 8
88 51
4 81
19 71
88 43
2 42
3 85
85 70
55 88
64 82
76 6
58 80
27 12
28 39
9 81
70 81
64 69
44 67
37 38
25 36
56 2
53 58
63 26
39 29
25 78
87 76
83 32
43 86
20 71
36 28
39 17
84 15
85 15
57 10
28 82
45 83
59 74
28 33
11 42
38 11
31 36
63 26
43 17
87 62
63 34
65 14
27 61
28 87
51 60
8 79
29 49
88 14
77 8
88 30
45 10
61 56
72 62
75 65
60 48
39 69
1 28
7 37
31 6
87 3
13 77
31 41
38 6
30 2
14 29
31 34
15 67
66 62
40 52
38 75
11 53
56 11
80 38
47 23
43 22
1 32
74 31
72 87
37 78
88 26
18 31
59 32
9 36
6 25
87 19
11 74
71 42
60 39
80 19
37 10
16 37
41 1
43 1
88 55
78 87
80 7
5 51
15 78
62 20
14 37
14 88
22 85
18 81
11 73
75 23
82 2
59 11
3 77
11 66
44 88
64 11
70 45
37 84
34 11
79 23
47 5
86 44
65 15
12 51
87 73
57 64
19 67
42 7
77 19
26 52
59 37
33 15
73 5
48 59
83 70
81 63
67 36
39 58
24 1
32 86
73 88
61 3
42 15
74 6
9 11
57 67
23 66
81 8
70 16
42 40
61 35
15 40
46 53
73 69
30 16
66 78
80 15
57 9
5 42
15 13
28 47
56 51
88 48
34 45
64 75
85 36
85 75
51 43
15 11
87 44
3 41
34 58
55 2
66 35
19 56
47 46
79 78
8 78
38 41
35 77
4 31
88 81
27 18
7 37
81 51
15 33
60 72
63 61
26 9
55 81
31 12
47 21
84 37
34 12
71 86
15 77
85 79
45 87
72 51
12 64
13 26
72 48
10 46
84 11
30 50
67 37
62 26
33 62
42 44
20 39
59 72
11 25
28 10
8 54
85 72
43 22
55 2
7 77
86 17
82 47
60 6
84 85
38 28
34 79
72 29
5 18
76 80
18 79
65 25
44 61
72 86
82 15
88 65
67 61
57 60
83 28
66 79
24 79
82 57
46 41
61 26
34 48
17 51
38 81
76 82
53 35
55 23
25 54
87 3
2 55
39 85
83 16
51 82
70 44
27 85
87 53
30 47
69 81
84 38
44 53
2 54
20 24
79 49
86 81
27 29
31 23
23 22
73 80
68 28
18 6
88 17
34 6
39 79
62 10
28 81
63 5
46 58
5 12
82 66
5 20
6 11
18 4
9 2
84 76
6 13
57 69
5 67
74 43
57 23
29 60
15 3
40 37
36 20
48 5
86 28
1 3
39 18
7 23
20 66
10 1
54 42
69 59
20 31
77 52
29 17
87 20
83 39
56 6
58 79
11 55
19 11
34 33
28 16
55 23
81 40
87 46
81 68
80 77
74 69
40 14
61 39
9 56
53 64
37 86
55 47
29 49
33 62
81 37
77 47
35 45
62 34
2 54
77 58
42 62
14 58
51 74
72 60
17 12
11 30
9 41
76 37
1 85
74 81
33 38
15 67
82 76
12 60
18 88
29 35
37 18
4 64
67 51
11 84
62 85
25 71
38 76
83 38
72 69
7 80
82 21
59 76
73 46
23 2
22 27
36 34
44 16
9 86
66 83
57 40
80 57
86 5
45 56
18 4
12 24
84 6
21 30
57 69
51 79
70 72
81 18
12 8
2 9
50 85
66 1
52 34
62 56
54 29
73 34
41 73
29 46
69 34
78 49
84 44
30 68
36 22
61 23
6 62
31 55
58 72
31 85
82 68
52 47
8 13
80 24
85 84
69 65
5 34
25 1
77 30
44 88
27 80
22 32
53 29
62 87
12 68
83 69
47 28
55 59
83 78
31 79
35 71
59 68
71 59
33 12
78 32
14 69

382 259
136 206
9 264
359 135
148 22
123 198
181 117
244 29
79 252
167 195
96 266
86 250
38 354
341 46
262 101
130 359
224 287
182 254
168 180
6 316
223 151
153 21
267 15
50 345
288 238
179 2
143 265
251 181
236 232
248 137
332 377
113 195
282 316
66 67
114 94
22 336
244 175
379 128
189 68
113 116
305 291
117 66
173 368
246 49
239 111
185 188
127 320
22 26
253 109
115 6
202 136
364 63
310 360
191 138
45 303
254 371
233 10
54 24
17 321
94 255
71 300
82 198
237 103
245 108
212 359
135 53
113 116
116 62
93 328
200 159
248 93
148 98
102 223
143 119
162 258
373 254
176 95
91 30
197 336
159 48
334 294
101 64
27 238
148 142
183 369
300 70
79 65
189 202
288 332
342 89
207 355
364 382
67 73
52 285
48 210
333 381
121 73
85 148
310 232
289 110
218 228
179 318
315 367
159 220
338 119
330 185
113 311
206 179
23 257
81 70
107 53
69 227
125 153
14 74
2 324
183 241
170 1
176 102
8 356
343 367
92 312
169 226
262 15
22 285
293 125
354 17
199 62
244 346
214 279
37 237
221 242
117 30
264 314
131 293
288 113
278 19
42 86
245 303
100 288
227 11
30 199
49 251
260 292
236 114
211 294
372 49
153 107
78 57
38 230
349 325
364 244
344 23
352 206
347 69
133 192
101 185
30 150
53 311
81 288
64 291
199 54
339 374
160 56
70 219
285 36
162 266
302 145
310 271
372 297
361 122
128 80
306 179
251 380
107 331
307 193
240 124
246 218
137 45
274 206
285 198
263 86
104 204
230 53
114 241
349 93
363 116
194 308
294 62
328 41
10 252
233 271
15 118
107 151
184 380
378 86
217 281
172 320
102 41
13 216
282 1
330 284
117 163
231 50
224 176
112 255
46 344
144 60
101 272
211 306
291 228
10 125
126 203
85 250
243 97
105 142
97 52
65 213
236 296
285 99
89 14
353 134
380 136
194 120
25 44
44 315
293 53
80 37
255 164
286 115
260 8
279 378
81 343
231 316
256 133
54 367
146 24
118 165
182 333
285 228
16 328
183 309
20 262
367 274
43 292
28 324
321 328
319 41
289 167
378 184
321 49
168 107
94 308
271 275
258 173
143 296
118 325
244 137
204 250
50 268
159 100

498 704
285 129
187 399
160 48
39 94
72 118
72 299
449 297
34 59
197 412
250 21
498 407
109 415
180 389
74 60
44 232
400 328
360 8
229 439
473 187
453 46
224 26
344 175
322 297
153 439
130 322
459 129
230 487
463 329
377 38
308 340
189 209
170 469
216 318
329 190
424 283
155 149
229 498
243 52
217 315
410 346
138 370
475 287
279 359
117 157
397 424
497 7
134 88
395 269
325 146
378 170
348 34
238 78
452 481
130 170
217 459
17 275
331 411
63 111
272 180
187 90
25 105
96 79
112 411
347 436
58 147
27 325
180 265
403 133
167 452
302 383
412 239
159 164
151 142
274 422
321 381
13 265
485 29
343 99
359 112
454 336
178 481
162 357
247 66
410 413
437 133
217 351
371 376
16 442
19 210
285 259
92 298
443 496
246 208
96 26
319 470
361 416
372 442
274 120
428 105
452 366
158 90
138 30
465 154
391 403
283 178
83 374
395 28
371 142
155 387
87 473
278 367
390 151
310 85
190 239
110 63
27 267
152 164
216 39
237 109
441 21
286 444
394 182
391 187
243 47
493 249
439 272
117 250
342 426
254 33
87 363
95 113
131 246
196 267
204 433
375 147
373 82
12 269
263 402
375 425
368 289
175 308
480 291
477 323
138 232
275 224
17 369
256 67
36 372
333 240
226 209
306 100
290 237
288 472
60 164
318 427
452 492
156 353
204 134
177 342
285 451
485 301
241 163
368 197
36 122
356 261
331 163
280 42
319 70
434 378
233 253
306 107
167 381
459 290
434 58
53 220
10 40
441 171
122 230
367 77
351 224
257 103
306 38
65 126
107 418
423 260
172 150
286 258
32 166
50 465
223 102
106 153
61 466
323 102
197 111
178 468
254 354
72 61
312 56
106 418
473 30
99 67
179 384
244 130
470 213
16 194
315 41
266 295
9 10
317 125
40 414
94 293
270 86
353 83
141 378
420 36
327 21
102 7
324 345
136 295
60 71
409 294
112 96
10 120
106 326
244 145
162 258
358 431
263 132
433 403
12 274
358 338
294 459
265 40
226 320
334 205
391 164
418 4
260 427
43 285
175 206
349 336
463 208
188 227
340 42
52 271
315 409
110 31
290 294
70 435
116 323
141 426
487 478
429 168
406 391
452 2
98 222
257 481
430 364
129 271
325 180
461 142
11 72
172 220
286 161
156 401
483 216
328 391
195 178
60 22
70 431
442 167
155 120
69 6
404 198
196 230
297 158
371 307
149 462
446 434
44 23
256 447
158 85
339 272
182 319
214 251
171 157
338 245
196 406
250 101
25 445
331 322
24 123
50 173
7 496
28 468
438 284
416 98
368 257
369 470
495 84
222 167
160 479
412 276
307 83
296 331
448 48
154 471
171 124
65 97
121 93
66 60
376 402
77 165
160 446
136 76
449 278
162 31
178 75
306 404
78 103
237 27
151 310
417 241
433 482
257 473
76 242
453 371
145 31
455 224
396 93
299 347
290 461
297 467
455 24
293 452
46 31
478 116
260 317
356 115
300 34
89 295
196 461
167 340
492 123
484 389
135 204
157 344
86 453
233 43
476 27
414 24
57 314
139 236
132 415
350 431
368 359
227 65
321 313
405 234
355 390
125 410
95 281
255 181
236 487
143 133
15 476
76 489
291 215
147 422
51 496
354 418
276 2
483 19
234 309
252 11
120 376
420 134
79 176
314 234
85 376
366 19
354 442
10 146
78 76
488 128
73 343
465 269
265 449
287 498
179 458
428 298
336 349
432 334
445 167
69 449
463 354
467 238
217 396
303 214
471 292
261 464
57 228
234 321
178 440
240 357
399 170
76 156
438 9
409 384
176 397
334 140
253 223
297 389
120 101
105 93
393 365
476 449
94 131
271 192
72 430
468 390
21 45
466 459
472 376
344 69
275 100
128 447
242 424
257 361
26 281
373 418
68 350
288 81
400 478
272 471
410 161
283 430
126 170
390 99
465 156
87 161
175 214
109 416
139 286
198 164
68 491
4 135
262 291
216 164
191 407
56 102
488 258
451 35
427 263
53 394
338 139
56 14
352 85
349 410
370 466
493 357
458 496
412 222
209 49
305 399
375 360
420 364
120 292
318 48
56 370
361 393
10 417
326 361
421 96
272 292
64 267
70 23
184 401
164 312
449 468
132 246
330 471
31 369
265 349
336 240
220 199
55 230
117 380
12 39
396 204
250 459
390 239
401 75
142 485
307 12
454 438
257 205
331 288
75 97
138 411
256 357
111 310
8 147
112 20
105 9
223 274
387 34
14 289
28 155
275 334
87 151
194 343
355 26
132 350
42 269
182 297
48 212
29 55
278 140
492 382
148 136
157 36
169 170
244 197
245 439
450 331
11 65
95 285
90 227
136 51
415 237
268 382
368 296
357 147
435 350
448 4
406 106
457 76
196 202
192 360
62 64
112 72
128 206
357 138
352 412
188 189
71 455
490 438
252 348
87 108
120 454
111 27
480 69
22 177
191 134
456 172
197 487
244 324
114 22
461 466
353 71
76 423
27 67
283 199
335 289
306 454
244 337
480 225
405 421
321 17
56 278
109 252
266 272
78 380
293 458
267 67
30 262
490 475
248 274
175 84
64 400
39 307
238 438
452 65
281 274
1 336
54 109
90 239
380 87
40 174
46 306
241 494
487 152
470 237
345 146
320 408
465 279
136 205
218 89
269 498
363 269
256 336
298 345
76 179
351 36
273 316
341 15
311 330
86 202
486 430
267 307
259 234
87 314
438 225
323 128
144 107
316 399
442 115
165 437
294 17
472 68
253 235
2 483
484 7
187 471
356 453
279 116
188 286
349 47
12 173
174 75
279 410
474 142
26 60
81 239
495 472
306 249
208 227
233 193
233 419
85 90
294 284
125 481
71 394
448 2
68 123
76 267
34 469
408 478
31 408
218 27
382 444
275 11
172 427
124 325
268 208
334 63
491 379
463 481
274 412
482 341
37 60
29 488
30 357
467 478
266 107
6 69
52 200
498 143
129 123
467 396
250 223
378 163
103 342
145 376
256 49
138 212
28 167
121 475
443 90
455 210
196 460
199 167
82 198
309 210
240 278
27 409
420 404
491 24
247 58
319 422
106 456
55 133
44 176
109 486
185 483
118 380
365 236
466 446
353 276
157 14
473 103
422 394
426 335

366 400
20 261
12 357
361 252
85 12
239 215
142 321
122 61
296 90
348 335
187 220
293 179
173 21
177 364
187 146
150 265
329 169
284 340
283 278
350 1
289 222
216 64
177 95
248 106
184 353
75 128
206 125
64 136
145 240
258 89
19 41
354 105
210 29
79 250
306 186
251 352
165 224
174 341
318 179
205 259
166 37
144 129
285 207
265 63
204 156
276 346
196 21
84 163
49 286
47 112
229 55
97 28
278 28
126 353
207 88
3 6
124 146
134 42
110 156
229 71
311 262
174 265
282 257
185 88
301 231
199 163
43 53
314 320
81 74
64 45
161 66
50 43
335 307
208 202
221 70
272 289
331 79
187 4
94 130
215 152
360 171
72 37
224 20
114 62
217 178
106 11
1 279
177 336
343 19
295 197
88 201
120 177
37 64
304 254
193 277
39 311
81 111
105 62
254 218
123 104
153 352
238 278
264 49
5 241
191 299
195 278
257 72
212 294
136 274
305 86
184 344
154 22
212 258
84 223
234 330
326 144
316 321
55 337
127 59
335 317
116 164
353 6
235 198
57 128
229 362
338 170
97 125
316 308
17 33
164 8
120 247
151 69
201 330
164 328
146 132
36 261
295 22
267 288
344 323
173 206
76 144
134 172
269 83
237 43
239 158
50 358
38 324
185 363
287 348
82 67
113 117
85 166
139 351
87 116
66 259
79 265
161 212
71 63
52 65
229 290
223 36
282 18
359 100
14 38
205 219
228 317
94 312
240 356
55 326
229 244
343 307
142 137
277 336
323 328
35 185
10 257
220 291
32 336
148 170
131 110
22 358
60 239
62 300
228 116
17 90
359 155
258 253
189 352
209 274
20 27
283 34
4 331
65 340
236 234
228 345
14 220
163 252
281 220
238 154
236 85
270 353
363 161
239 185
146 82
93 289
232 133
322 236
98 145
333 91
136 194
70 273
171 232
159 209
85 154
362 78
238 265
64 235
184 61
177 329
266 27
10 131
160 331
124 15
233 214
105 3
166 298
275 336
163 191
179 5
102 298
207 340
197 270
332 14
88 142
100 353
169 109
242 86
198 365
224 64
337 86
190 136
18 223
229 304
47 165
67 149
97 273
246 51
300 335
188 22
110 287
132 36
154 7
245 351
130 226
172 100
312 362
359 87
218 221
148 22
144 214
294 240
120 173
48 178
265 235
199 9
155 330
168 308
95 171
50 224
30 222
81 99
217 73
185 192
51 333
213 194
180 265
67 58
195 238
235 94
106 191
102 261
278 27
326 6
197 10
353 351
231 67
83 205
139 268
154 190
358 366
17 171
22 208
352 217
79 344
310 309
168 169
203 80
195 286
85 150
53 72
134 41
262 340
245 159
241 32
348 356
156 122
285 177
87 270
151 290
248 94
232 49
262 192
252 215
111 95
364 288
290 255
328 185
228 331
343 227
362 82
216 275
204 134
210 48
38 360
337 43
212 326
215 107
151 101
321 20
195 76
307 118
330 26
60 316
356 37
176 110
118 25
18 79
283 351
251 78
103 221
120 314
305 92
178 89
192 257
232 144
332 172
19 296
322 79
245 311
239 178
54 114
326 196
193 242
304 201
319 40
179 196
111 117
288 47
206 113
303 71
15 268
1 33
321 322
235 323
24 107
134 78
221 218
273 171
93 210
5 46
8 183
241 242
300 286
288 263
157 348
91 171
8 215
327 328
294 196
43 318
302 300
29 280
151 59
84 244
26 88
47 157
29 45
33 328
331 78
224 121
60 72
291 67
287 9
152 214
204 194
165 264
128 317
177 36
9 261
279 159
106 83

32 496
4 15
21 12
25 4
32 30
26 4
10 18
20 15
3 24
1 20
17 14
26 25
9 31
31 2
15 21
6 13
6 9
28 27
20 30
19 17
23 22
26 8
10 8
11 1
8 30
17 21
23 9
30 21
8 31
3 28
4 16
1 13
11 27
32 30
25 19
14 15
8 7
23 17
14 1
17 22
30 1
10 20
10 7
9 17
5 11
12 9
26 12
21 4
7 20
1 31
6 14
13 14
20 3
30 2
3 15
23 32
15 32
20 24
7 28
8 11
6 19
19 32
31 7
3 5
27 4
3 32
17 15
13 5
18 11
6 20
25 28
20 7
27 7
31 1
2 6
12 7
25 30
6 23
5 9
27 31
12 29
30 28
11 32
28 21
5 16
13 32
3 19
27 9
17 27
10 23
6 16
15 4
22 5
8 30
31 6
9 27
3 4
5 13
4 1
1 8
16 13
8 18
32 2
26 16
28 3
6 2
18 20
5 7
24 12
4 22
17 12
16 19
16 21
32 19
21 32
26 4
13 1
21 12
2 14
27 30
16 1
31 1
20 3
8 12
14 11
1 30
23 17
16 6
5 15
24 25
15 17
28 27
18 16
6 19
29 32
16 12
32 14
12 20
16 19
31 29
30 31
26 20
15 10
25 19
24 16
11 6
32 6
32 17
21 5
4 17
5 19
28 4
1 8
23 16
26 21
13 23
20 6
10 2
15 2
21 7
17 31
12 17
5 12
1 25
16 4
10 20
23 5
24 23
12 14
6 3
18 28
22 24
6 23
6 7
11 12
24 10
24 8
14 3
8 6
18 12
15 6
2 20
29 24
31 10
29 4
12 15
32 1
6 5
24 11
11 2
23 2
11 14
9 24
16 17
30 1
28 12
6 29
31 2
20 30
12 16
1 23
30 32
24 3
4 15
14 15
16 4
16 27
17 25
18 32
9 15
32 4
27 6
32 25
7 19
22 18
2 23
9 32
22 32
2 26
14 15
8 29
18 23
23 2
15 9
1 23
23 1
26 17
6 25
10 12
11 31
30 13
21 6
12 11
5 13
4 18
28 11
14 13
1 5
15 16
13 15
6 3
15 32
20 24
29 32
3 27
29 15
16 2
26 6
6 29
23 1
7 4
14 7
8 28
22 20
10 28
23 25
27 10
12 18
6 11
20 32
7 2
15 8
27 8
13 1
4 3
1 10
7 14
17 14
9 6
2 19
1 24
11 27
1 22
13 6
1 32
5 7
2 20
15 28
27 28
31 30
29 8
4 10
24 17
19 30
18 5
30 9
15 25
9 4
5 14
4 19
11 5
6 25
1 32
19 28
30 16
24 6
19 2
29 4
20 26
21 24
24 30
6 16
6 9
20 13
23 6
23 28
11 15
28 10
1 23
8 17
15 13
3 16
9 6
3 27
26 24
31 9
29 7
28 16
19 18
21 9
13 31
23 8
9 24
31 16
8 13
28 10
28 4
16 30
6 10
23 31
1 21
7 29
27 2
13 14
20 1
22 32
32 13
8 4
6 23
11 18
18 20
13 21
3 10
27 12
32 25
12 20
32 9
14 1
21 27
20 21
17 20
20 29
27 32
32 17
10 17
2 29
29 23
32 6
17 11
5 9
23 24
8 31
5 9
19 32
28 7
16 15
27 12
9 21
11 8
6 20
24 7
16 20
29 15
25 13
26 29
22 16
20 29
14 25
5 32
24 1
6 7
15 32
18 24
21 28
31 26
15 23
32 30
10 29
13 3
9 6
31 30
21 19
27 2
11 31
1 2
31 6
8 14
6 25
5 26
20 3
19 2
25 18
31 3
14 11
5 23
16 3
20 4
21 14
5 31
13 5
32 11
11 7
24 16
31 28
9 18
31 27
19 23
12 18
25 26
28 29
16 12
32 3
15 20
17 20
19 29
24 18
7 2
25 31
17 23
26 25
9 24
19 27
15 31
12 7
24 8
4 7
19 3
9 1
22 25
20 8
21 12
26 28
13 18
26 30
8 19
22 16
11 9
11 25
7 22
31 30
29 2
4 15
4 12
16 26
5 3
1 25
14 26
20 27
11 13
24 19
32 13
2 10
21 12
2 27
2 32
24 30
2 27
13 5
7 28
30 11
30 31
3 12
24 23
6 3
3 29
21 2
9 22
11 30
2 12
24 3
12 16
32 13
10 12
17 16
7 15
26 5
13 29
16 4
19 21
6 21
17 26
23 25
16 1
22 17
13 14
19 24
29 18

