20
69 74
59 60
56 58
54 43
69 66
20 30
59 20
58 12
54 17
66 41
55 7
5 60
17 37
48 13
3 12
54 26
52 14
17 38
3 41
51 2
38 42
32 67
61 60
9 16
8 45
27 33
51 32
23 38
68 42
21 42
53 46
67 35
59 54
43 61
66 65
34 5
37 36
2 28
26 50
15 4
26 41
36 47
3 30
56 42
2 7
14 54
52 51
60 13
7 33
44 3
28 8
47 64
43 19
63 40
39 8
43 35
19 50
13 22
10 39
34 11
16 47
35 39
68 25
51 5
58 25
7 56
4 24
22 46
42 15
56 12
62 30
46 11
10 29
3 59
38 36

337 439
174 221
68 18
115 310
231 164
118 264
154 243
288 308
222 277
256 290
265 175
93 217
24 96
336 329
207 321
23 102
150 183
323 217
187 87
189 81
250 294
331 53
186 268
24 70
207 266
10 121
104 89
1 127
185 323
105 41
306 114
143 119
297 115
322 146
201 161
213 113
117 193
165 289
124 175
9 317
91 18
101 194
93 101
307 277
86 74
305 41
188 110
146 134
224 131
266 87
278 142
186 44
321 337
332 107
175 3
74 265
7 174
108 100
274 77
26 9
137 330
49 311
102 182
107 312
299 36
48 239
164 233
282 147
233 276
241 57
266 314
308 272
137 65
21 60
141 47
68 277
26 103
251 115
284 7
89 245
29 137
146 192
19 77
326 251
3 216
294 268
179 251
202 315
315 223
37 105
256 104
45 281
193 282
58 140
275 134
34 304
257 167
145 275
243 133
176 245
11 119
175 189
33 27
153 10
236 189
115 154
279 146
84 135
77 129
261 14
262 294
304 168
123 112
105 16
244 280
260 242
62 85
80 81
111 233
90 9
84 191
149 26
323 232
147 49
10 70
50 258
13 16
88 123
127 193
138 21
122 60
262 183
131 328
263 241
223 3
236 294
180 34
306 166
253 115
214 262
171 263
183 266
270 292
55 112
92 62
234 139
310 79
269 301
329 160
173 318
58 129
160 79
97 312
331 198
176 242
31 88
87 201
16 7
155 58
118 234
119 14
35 79
80 303
42 58
125 214
38 170
330 184
248 89
159 228
274 334
132 291
84 206
141 100
199 283
144 303
179 262
317 213
327 46
178 31
103 290
232 127
122 224
310 19
299 118
233 235
114 27
189 185
219 316
271 67
261 77
33 102
325 336
301 315
44 129
332 133
81 226
246 189
99 205
207 48
323 102
282 86
115 120
257 321
99 190
37 9
253 69
111 228
54 61
192 84
189 186
216 269
62 111
107 147
316 300
194 288
51 126
36 153
232 293
123 317
132 159
326 35
215 86
262 268
146 116
15 322
288 230
253 336
328 10
133 306
309 326
256 23
101 278
175 333
220 297
312 2
105 287
36 319
35 284
250 168
49 264
152 336
143 54
322 133
63 117
88 22
92 330
31 193
258 192
188 140
151 149
128 242
86 163
224 120
109 136
274 144
49 88
130 191
129 114
311 178
217 61
199 308
41 229
150 298
83 324
87 220
123 215
112 208
40 335
327 136
120 251
279 168
325 58
21 116
171 318
294 37
29 142
332 69
21 144
29 90
131 115
297 253
316 71
123 19
68 99
141 187
12 69
17 324
127 24
102 284
329 45
321 20
187 315
88 194
108 103
283 238
204 242
140 183
312 249
188 42
335 315
215 333
46 218
319 159
242 84
106 233
128 76
239 301
40 326
157 147
78 90
35 281
331 174
126 293
73 313
334 70
290 199
65 323
79 47
131 307
130 236
202 244
298 103
195 337
78 1
147 155
90 168
99 71
4 211
26 76
174 9
145 113
207 197
98 286
243 229
255 22
114 107
265 62
196 109
61 261
110 194
78 199
24 163
269 15
37 294
77 197
303 209
309 159
68 57
107 310
272 12
331 48
118 245
109 300
17 157
223 126
337 301
311 24
113 243
25 136
186 101
332 138
309 291
297 39
10 66
335 281
64 328
315 168
236 74
131 239
230 16
27 216
303 337
226 66
229 250
201 78
1 183
202 309
136 161
335 132
214 332
62 277
310 39
108 195
99 238
96 315
240 109
194 193
108 82
258 324
319 108
64 319
290 252
277 75
76 274
193 289
256 254
215 280
322 72
41 209
154 19
112 262
199 304
19 280
211 5
248 318
55 229
271 307
169 332
45 92
188 320
334 104
197 211
46 169
282 74
40 85
92 151
9 290
104 15
219 314
19 130
295 61
21 215
30 176
209 61
255 46
30 251
150 226
112 182
57 56
255 97
128 9
234 123
285 325
137 167
288 156
283 232
203 290
109 232
129 305
279 33

355 910
300 302
339 305
147 220
26 337
282 342
70 216
287 353
250 45
264 101
82 36
83 197
172 241
123 109
296 51
220 16
263 164
318 348
216 211
212 241
192 240
227 8
101 260
6 97
304 16
299 132
52 27
328 223
267 95
78 309
247 297
324 256
207 33
249 67
243 207
307 182
92 280
189 294
185 296
137 235
312 81
12 110
209 339
332 222
181 54
277 174
97 347
75 50
127 323
117 14
174 170
297 12
95 233
305 26
173 189
260 129
269 271
238 224
2 316
192 182
116 215
355 314
206 176
9 332
143 125
93 64
41 136
75 237
13 127
262 186
315 167
61 330
184 46
300 185
108 136
113 224
350 215
182 302
35 190
26 280
61 220
343 204
355 164
85 13
37 94
300 98
7 5
72 190
152 118
122 260
355 336
128 349
195 56
43 332
348 68
256 155
287 345
3 33
255 190
45 292
30 91
34 36
96 208
327 247
325 93
253 325
74 127
65 15
183 209
346 277
276 246
76 309
337 181
342 237
117 133
275 146
224 55
181 66
9 152
59 334
347 312
50 65
83 216
79 12
70 172
288 92
164 111
46 146
291 134
129 52
13 150
197 236
204 124
48 213
22 107
293 13
165 342
179 247
304 5
6 18
176 293
110 339
150 257
231 85
137 4
238 251
153 181
132 104
304 281
316 326
32 253
85 298
341 264
190 289
268 297
54 88
336 265
173 131
268 49
215 151
52 200
46 307
25 279
55 76
205 15
148 338
14 232
281 101
140 217
136 154
158 189
241 138
200 59
268 214
209 230
9 260
74 55
313 200
333 12
22 284
128 169
267 243
148 192
343 34
53 226
188 312
161 175
94 6
335 109
219 188
338 330
195 158
29 152
2 108
266 24
139 38
294 50
28 86
343 117
120 142
342 54
98 148
228 293
255 208
46 220
40 28
194 234
185 324
31 289
179 43
312 317
80 352
113 209
83 100
326 304
343 312
104 85
206 331
124 105
183 170
72 325
299 265
305 231
336 82
266 261
124 324
222 306
320 81
159 149
282 129
97 269
86 200
100 291
278 223
143 207
139 214
176 83
225 228
60 205
309 325
212 78
293 180
28 4
260 186
153 186
315 351
99 147
298 300
82 220
168 326
173 306
184 96
135 156
323 194
107 276
265 319
100 304
143 127
308 48
313 207
335 19
202 181
165 144
125 348
110 39
66 283
345 351
23 226
151 92
167 258
12 76
323 112
127 212
340 181
259 44
32 341
62 233
268 328
124 37
68 335
76 133
262 167
128 31
139 26
122 305
30 236
128 352
347 254
208 331
79 214
20 212
301 183
89 213
156 314
249 325
294 71
102 302
339 331
333 123
1 201
174 30
81 301
128 174
301 336
150 126
296 271
337 241
98 71
98 355
131 93
324 69
266 172
16 351
148 95
220 148
295 39
280 123
86 52
296 32
134 90
157 176
107 139
163 307
311 7
53 86
100 22
257 112
295 19
209 87
215 74
337 154
214 261
23 299
59 319
77 295
155 234
115 262
119 278
315 74
284 12
261 130
135 162
343 75
282 197
263 141
17 244
295 332
251 64
22 310
27 99
249 182
79 110
190 197
32 149
270 63
262 175
294 42
84 282
116 10
225 23
151 343
14 192
66 264
255 87
320 29
287 315
210 10
70 146
206 203
41 120
265 302
42 204
343 227
232 205
236 101
228 133
190 343
324 255
251 326
341 216
354 273
175 310
282 346
100 235
194 140
101 205
188 142
53 176
115 31
25 351
131 354
230 320
341 301
321 339
271 307
199 16
326 120
72 354
111 171
233 51
57 334
255 244
222 55
166 337
85 191
79 318
291 308
29 24
253 350
7 270
301 307
285 18
71 1
16 283
273 249
333 76
329 233
67 297
34 232
278 118
169 103
80 207
56 109
230 55
103 236
325 150
187 1
167 4
104 182
287 123
177 11
199 252
345 12
194 23
345 218
243 261
321 322
112 123
177 341
279 26
221 350
175 154
351 88
157 201
17 190
323 295
303 268
192 292
26 30
62 16
349 304
276 61
17 32
183 296
17 209
321 339
203 243
239 300
77 40
145 93
332 215
33 279
229 326
317 255
102 125
17 95
175 292
156 294
70 85
234 188
293 301
171 243
290 156
187 114
195 79
206 273
40 340
298 268
57 260
167 158
131 285
355 306
221 155
244 290
341 224
224 279
271 141
166 206
296 99
319 238
177 271
155 216
3 98
231 161
2 144
319 234
74 318
184 41
219 174
331 204
42 301
229 60
87 141
265 27
240 330
264 163
347 64
126 96
263 1
257 11
246 322
244 319
31 73
5 351
348 82
199 35
27 175
94 113
62 105
242 301
181 252
211 274
62 336
117 324
83 18
334 328
86 223
39 116
42 43
213 34
226 158
170 252
332 10
112 39
216 100
86 41
351 296
62 58
23 178
26 207
297 107
282 27
329 320
244 117
109 101
150 334
258 67
332 337
76 88
20 39
289 207
79 285
250 242
89 272
64 216
226 5
322 152
133 42
116 123
260 326
223 55
304 228
223 280
209 45
115 330
83 48
283 264
332 177
150 167
196 316
28 66
67 96
217 200
240 79
69 144
49 39
300 99
266 167
23 221
212 137
297 294
287 224
202 263
148 99
177 343
59 204
53 125
46 16
71 285
94 140
74 244
178 18
342 190
185 111
157 143
350 98
183 281
68 30
290 215
230 111
202 288
61 1
159 107
16 332
138 211
116 211
201 40
331 187
229 262
45 30
49 39
229 231
66 296
7 355
258 236
213 104
270 273
105 176
126 222
152 264
78 14
221 278
53 298
212 28
204 256
159 354
41 32
332 106
74 338
207 331
321 64
182 337
84 33
259 209
254 55
219 331
170 187
1 222
129 212
351 80
214 154
78 1
287 54
208 6
139 59
83 206
225 264
289 308
296 193
161 297
349 127
272 164
313 19
132 188
230 128
267 190
28 92
190 315
145 42
320 30
203 47
235 72
58 271
24 100
108 286
41 203
159 60
11 218
78 143
51 55
17 64
244 44
155 181
3 47
324 69
76 171
116 58
344 275
328 12
19 182
45 60
29 203
221 142
66 298
31 218
352 47
281 343
192 81
168 297
229 136
10 304
54 227
108 42
146 182
156 165
8 200
326 139
149 191
280 214
235 310
76 334
103 104
321 41
286 235
337 159
117 347
209 170
218 317
314 9
143 114
275 253
60 245
36 208
182 62
169 61
118 346
39 322
94 4
7 24
340 344
284 102
335 138
18 197
201 78
307 343
191 226
342 352
115 124
205 296
185 18
104 49
110 142
15 204
248 22
329 232
10 258
80 91
40 98
287 240
175 341
329 113
211 63
211 73
186 60
13 118
179 218
166 289
5 181
239 252
202 212
230 313
216 310
48 2
154 81
343 75
66 64
289 277
126 145
349 311
306 108
73 130
326 239
165 77
166 150
75 12
108 304
71 324
5 118
325 158
300 313
335 11
21 268
34 248
57 27
203 8
236 23
239 308
261 150
29 71
299 103
184 153
154 1
121 158
220 193
63 164
252 144
174 19
56 309
266 113
82 113
222 318
135 207
270 142
1 46
314 46
250 244
198 48
244 66
308 108
258 117
19 154
260 294
172 315
248 82
174 329
296 142
291 76
348 308
319 95
100 278
242 349
166 85
144 157
252 96
264 154
314 29
307 218
323 225
279 215
306 200
188 348
341 226
68 81
280 32
175 24
56 62
119 221
248 262
22 144
104 33
44 62
61 97
26 130
321 305
344 18
149 279
10 236
251 180
316 277
313 136
300 13
299 165
335 293
72 104
183 277
238 226
339 45
69 9
175 34
313 265
153 208
290 264
89 185
88 49
106 147
286 152
159 331
64 241
268 237
344 197
158 226
169 141
17 237
252 191
17 311
203 169
164 137
180 354
69 267
149 276
59 80
175 319
157 238
204 70
119 294
13 276
266 182
164 283
165 60
220 182
117 67
97 27
204 276
25 19
290 174
294 95
355 113
58 156
97 9
327 215
302 340
238 213
268 148
242 77
309 106
5 70
275 204
97 225
124 223
243 160
41 181
254 142
41 59
298 137
67 269
99 115
355 336
74 267
230 315
91 183
168 197

263 526
217 7
137 260
141 158
45 122
205 255
220 60
134 180
48 28
130 90
6 219
181 263
14 226
132 159
93 55
228 19
14 181
26 150
177 149
27 205
253 232
196 209
11 49
125 58
59 255
130 47
193 30
46 206
255 178
85 84
232 49
103 229
229 111
98 126
259 125
67 231
93 245
177 103
30 21
161 71
258 10
117 187
40 163
113 14
77 197
98 28
245 183
239 193
30 74
55 8
198 104
238 27
85 151
112 97
172 255
167 149
2 21
73 24
166 168
37 225
84 117
235 48
36 211
240 48
21 15
55 201
118 30
227 203
163 58
19 54
50 186
203 34
189 258
57 74
145 93
35 228
193 6
258 228
199 234
13 202
231 50
139 86
62 85
8 225
143 26
261 192
194 183
225 102
160 1
175 41
76 192
251 5
181 245
216 116
199 228
55 166
260 176
234 59
261 241
3 140
250 263
51 163
166 258
248 62
258 159
103 70
71 73
58 251
55 10
86 253
220 123
138 216
36 109
11 33
69 13
155 38
259 205
201 161
199 185
205 176
63 44
228 116
100 22
103 154
31 172
126 250
31 263
203 66
108 196
98 160
192 235
197 170
176 117
67 94
21 8
6 67
35 234
182 134
238 5
7 6
176 115
238 206
114 160
9 205
93 89
101 4
61 17
173 219
134 222
50 154
229 38
220 246
254 139
99 229
143 105
217 38
219 191
243 53
71 234
240 146
60 77
149 103
93 58
58 209
262 90
83 227
128 39
193 101
160 28
66 22
116 2
59 54
176 22
89 246
255 65
128 34
141 13
119 217
53 177
145 51
249 227
260 96
249 172
197 145
183 245
150 35
247 191
71 142
212 160
124 187
224 251
220 85
246 76
21 18
235 165
51 203
112 30
36 97
202 215
224 121
179 110
138 162
38 191
23 232
87 146
155 31
116 95
98 153
118 98
107 2
148 46
96 178
81 192
99 15
153 202
194 262
59 75
19 249
98 234
56 243
108 86
96 202
166 176
91 3
11 180
250 158
226 83
55 26
11 136
41 146
74 234
145 132
28 146
101 125
99 156
105 207
224 183
145 126
95 219
128 88
118 97
246 80
179 20
106 190
156 129
72 229
82 199
81 109
65 181
234 163
73 58
89 16
240 217
141 54
155 251
142 9
84 107
89 246
126 177
172 1
42 226
213 123
145 30
231 192
193 184
74 248
241 163
263 200
116 123
254 253
110 115
261 176
221 69
158 66
245 49
67 6
258 16
111 122
28 79
33 220
245 106
204 223
251 203
142 86
45 115
75 154
229 73
49 169
141 190
218 106
238 4
111 215
19 222
73 29
20 88
248 247
194 171
206 181
93 85
4 137
182 61
10 148
133 58
36 257
247 253
99 205
256 192
139 257
133 195
22 135
19 252
119 212
159 44
113 251
111 99
107 30
159 116
177 12
174 212
5 140
202 86
64 194
260 186
171 130
117 192
1 135
181 102
67 59
146 162
30 256
243 136
22 138
252 198
132 145
130 136
4 51
204 51
227 201
236 134
50 72
63 33
189 226
135 238
4 263
136 16
255 115
152 14
236 123
194 104
250 43
223 236
93 146
6 57
66 241
190 115
49 235
131 221
180 248
195 184
247 68
182 221
165 70
234 120
175 148
224 144
190 166
117 3
48 122
42 114
83 214
211 114
186 61
71 85
45 3
251 11
53 170
232 217
222 185
57 134
69 17
260 242
165 96
227 212
201 5
45 20
218 256
116 123
53 187
208 81
172 178
91 224
84 59
160 43
244 216
159 32
215 155
256 116
234 219
48 171
206 92
190 161
67 25
3 103
211 193
183 119
108 256
62 174
52 222
199 15
157 94
29 109
232 5
207 202
223 254
92 149
83 1
46 132
25 31
234 236
224 153
74 68
129 136
224 163
77 160
177 233
253 188
61 204
192 5
125 135
258 216
20 60
216 48
192 241
78 162
196 38
35 6
88 163
124 32
62 200
191 221
153 163
128 213
104 57
217 211
174 195
164 193
254 99
223 165
59 37
47 254
58 64
243 128
209 103
159 253
23 86
193 175
232 57
107 72
96 61
2 6
238 165
181 228
247 140
113 42
160 159
16 217
205 258
64 150
80 206
122 102
11 51
259 242
90 103
50 186
146 52
174 120
199 92
67 182
214 179
207 110
57 222
46 244
216 93
113 15
35 234
100 45
21 95
24 111
180 56
16 62
90 189
164 9
263 231
173 214
129 116
43 169
57 89
149 255
164 245
7 198
215 106
242 219
200 248
66 100
24 64
144 113
252 45
121 252
258 14
185 106
129 227
257 169
35 126
160 198
107 166
115 58
8 77
13 191
61 27
67 124
153 180
96 180
20 67
157 33
251 263
145 197
256 50

106 382
93 18
78 6
16 15
60 13
3 106
53 98
102 54
42 60
26 45
62 102
100 68
88 46
81 95
82 61
49 16
45 35
33 16
40 48
62 26
92 65
57 39
88 53
18 55
38 43
100 99
70 19
92 83
65 98
71 72
53 45
87 23
80 13
70 45
93 26
102 78
16 53
42 103
31 91
83 68
27 76
92 97
95 78
73 85
69 70
50 47
8 62
101 87
106 65
58 92
16 53
96 31
31 63
59 61
48 35
54 74
37 40
96 25
43 95
35 37
58 10
84 97
71 78
4 70
68 61
56 83
39 77
39 70
65 23
56 6
58 4
6 20
75 101
44 43
15 4
79 104
13 88
95 83
92 98
78 53
84 59
62 16
29 100
11 94
49 67
25 32
70 30
51 70
57 20
6 103
23 84
101 67
66 15
75 51
6 46
29 15
105 90
62 59
10 73
78 90
33 29
15 28
58 65
23 40
84 28
37 106
37 31
98 28
45 66
4 82
37 33
22 35
48 83
20 89
49 23
72 7
51 86
66 35
44 88
74 21
41 36
52 78
66 43
105 36
34 3
43 71
35 64
31 8
41 82
97 15
105 62
22 81
42 87
9 85
101 9
32 35
44 9
6 36
84 37
71 11
39 40
81 105
103 38
6 69
13 102
84 43
90 31
18 25
11 26
35 37
66 98
72 4
1 3
39 84
39 35
20 77
74 27
1 103
64 7
97 76
34 74
13 49
104 62
105 41
13 66
77 79
57 74
82 89
77 46
66 9
80 12
86 80
38 12
76 101
50 66
102 10
66 40
58 95
101 57
29 8
16 32
12 104
105 93
87 75
64 78
10 37
89 21
42 20
32 43
14 82
35 42
91 100
81 74
14 2
56 75
41 71
106 52
101 30
70 81
31 27
52 40
95 35
92 31
54 17
73 100
24 33
35 8
58 41
8 72
74 63
40 8
60 71
91 54
100 54
28 56
6 79
21 101
7 6
57 93
23 55
86 46
88 46
86 39
12 93
4 86
81 75
93 34
39 78
87 65
57 8
14 63
13 35
57 51
72 39
37 94
93 48
66 74
93 77
39 105
63 74
10 37
43 102
103 81
105 83
71 88
17 85
44 29
45 26
79 10
64 42
30 82
89 95
50 2
65 14
32 53
87 41
15 23
68 11
30 67
20 100
80 36
4 17
64 48
74 68
90 63
3 13
38 92
33 13
19 23
26 50
75 7
90 15
61 51
58 90
43 77
10 16
6 13
64 101
93 63
62 76
19 97
14 57
8 46
69 26
100 21
75 68
27 58
8 13
34 65
29 77
35 38
92 40
82 66
68 38
22 69
57 44
8 39
51 85
33 76
78 53
76 71
5 27
79 18
60 69
78 62
104 9
80 69
16 55
29 10
92 82
78 74
19 12
6 101
96 71
102 100
17 71
64 54
23 68
103 8
31 74
70 60
8 43
22 23
23 82
32 8
57 36
8 1
47 45
27 68
9 22
93 58
92 83
5 40
44 33
48 106
106 11
59 7
85 7
29 1
88 93
40 71
22 47
103 100
92 24
61 26
45 80
83 63
56 13
102 99
45 75
25 44
85 9
82 95
15 37
95 29
23 61
25 76
33 53
69 50
76 55
76 47
28 84
35 83
97 30
2 35
31 58
5 41
66 12
30 7
48 50
35 102
4 91
71 69
37 65
12 39
46 87
85 73
65 13
82 55
74 9
15 30
66 51
71 25

165 540
133 106
148 64
72 74
85 150
144 88
18 74
156 77
117 82
25 7
61 43
10 157
99 84
149 101
37 162
81 48
160 145
153 142
141 59
147 60
141 57
147 158
131 69
1 14
150 25
20 45
68 29
134 98
44 117
34 80
113 46
127 39
25 47
112 165
37 26
60 12
14 138
101 76
42 33
89 123
58 40
100 57
165 68
154 141
19 119
55 63
164 114
33 24
92 144
120 128
4 111
72 115
84 104
25 57
137 46
111 29
17 45
17 44
5 157
62 124
143 56
54 23
88 9
114 67
61 9
2 6
12 48
21 115
73 77
86 50
120 46
66 164
62 82
43 164
73 36
54 148
24 107
5 111
48 51
109 108
59 43
113 2
90 134
116 94
142 37
143 28
82 44
27 76
125 1
74 130
133 59
112 156
97 48
34 144
98 142
86 88
116 131
89 41
99 137
134 7
8 112
35 21
87 158
28 46
90 33
107 57
91 53
145 23
33 13
1 62
86 19
150 37
149 5
77 14
141 142
20 80
20 151
33 106
75 60
84 164
93 25
153 115
10 132
137 42
76 70
103 161
88 19
32 71
24 40
84 96
114 35
11 65
118 43
6 124
34 89
123 126
45 42
76 54
8 144
95 15
48 130
10 67
148 139
69 103
110 84
34 155
51 141
55 3
115 60
126 148
80 15
41 124
56 48
13 160
123 39
106 6
3 116
4 83
21 73
20 130
88 150
120 138
125 106
72 6
165 130
86 11
76 58
66 64
37 10
155 159
49 96
96 148
46 100
65 163
104 85
59 26
69 110
96 126
50 2
63 146
63 80
156 139
137 57
37 8
66 26
2 46
121 97
29 98
128 93
27 163
109 86
24 110
30 51
2 12
52 64
157 47
144 148
20 47
136 153
152 133
13 85
14 66
113 139
95 76
66 122
73 107
42 28
51 3
78 52
14 62
47 6
108 122
85 127
101 55
114 87
119 58
6 132
123 118
105 53
125 103
106 130
141 147
89 26
149 2
9 95
160 55
100 102
109 19
160 44
5 40
130 55
97 67
22 152
116 58
136 8
92 76
137 67
57 60
24 137
158 32
66 152
19 97
20 127
47 14
102 148
53 163
38 82
64 156
165 111
145 135
50 72
45 21
70 33
13 94
101 102
57 99
21 75
127 40
133 9
54 69
156 38
163 125
51 158
115 50
104 95
19 153
98 160
106 2
124 50
95 157
151 84
90 103
158 51
143 58
156 128
58 79
165 56
38 148
48 85
32 83
14 148
3 43
142 108
44 33
89 71
24 6
154 45
109 78
95 86
67 18
145 125
96 76
112 65
58 159
149 90
9 94
72 11
136 145
50 112
12 138
17 35
75 102
79 18
14 106
35 81
123 14
40 150
90 83
146 79
76 62
3 16
87 6
26 58
151 7
101 162
76 117
32 151
53 42
100 163
147 67
78 36
12 49
117 33
131 98
112 139
159 114
86 80
52 112
69 37
50 4
33 126
52 161
43 36
135 142
34 116
43 84
55 24
35 87
86 132
130 59
57 79
145 69
130 23
137 98
72 73
62 129
56 155
6 92
124 80
57 6
54 99
89 108
122 124
127 43
22 91
33 79
101 109
147 162
63 50
94 67
122 88
30 13
77 133
36 35
47 92
40 100
122 129
140 11
19 33
150 40
55 114
50 156
58 31
84 52
13 110
118 134
32 80
78 108
47 45
74 25
68 113
56 25
8 127
35 26
91 116
163 146
64 47
68 53
10 151
105 22
27 57
155 58
68 165
97 114
141 5
70 44
50 58
68 57
19 34
83 110
149 80
22 47
58 89
100 67
6 136
88 33
27 10
22 95
9 51
140 149
55 142
27 104
34 26
93 149
156 10
25 139
21 46
118 78
66 149
145 4
119 67
133 77
76 154
103 16
39 10
97 26
151 55
61 116
13 153
31 3
94 56
142 46
33 26
124 31
9 35
34 59
33 1
135 41
86 73
153 57
82 84
14 67
71 74
114 83
159 144
85 19
131 158
65 96
115 120
126 123
86 91
16 118
23 151
90 108
155 78
164 71
93 12
69 163
18 17
12 108
92 29
126 155
118 25
85 68
76 142
25 161
164 138
114 21
55 38
60 44
47 59
114 140
2 114
137 116
62 81
58 153
109 19
74 61
140 90
128 51
163 85
46 161
57 91
113 111
61 8
86 107
163 131
81 96
79 150
47 140
162 36
59 105
54 65
97 126
154 60
11 152
144 153
79 132
11 27
9 71
34 94
109 128
156 122
58 69
38 36
140 34
72 130
138 57
29 69
17 18
60 124
101 135
44 14
101 54
40 41
56 5
66 164
64 56
120 122
124 157
157 30
25 160
160 94
52 120
95 68
69 154
124 4
124 2
115 156
55 86
32 110
91 97
108 154
153 160
42 43
151 131
5 108
125 96
36 108
50 130
11 51

181 3
70 101
155 172
78 39

66 768
32 45
57 38
64 9
65 38
16 3
20 22
26 14
55 35
29 18
10 46
35 9
31 41
9 65
2 63
19 28
26 61
18 61
56 24
58 25
39 5
27 57
26 51
2 12
19 30
29 26
9 61
34 38
33 42
36 35
36 52
62 59
44 13
51 31
34 40
56 4
44 14
58 1
64 60
13 16
23 39
39 30
34 6
1 64
45 34
32 12
17 27
4 60
37 53
24 4
26 11
6 4
25 63
2 22
54 12
36 11
51 8
38 16
14 38
13 56
3 45
2 19
3 10
40 55
33 41
15 42
46 16
66 41
15 21
28 27
56 38
11 62
7 26
7 42
36 62
44 14
63 60
15 66
3 54
52 34
28 64
9 6
11 8
46 26
26 7
52 16
43 62
9 49
19 15
25 52
10 66
64 5
60 12
2 62
65 53
27 24
49 35
29 59
42 8
18 2
15 3
15 57
62 21
37 12
35 59
64 42
57 61
46 50
6 45
43 2
32 2
25 14
36 54
4 10
59 20
9 7
22 23
61 16
43 30
25 9
22 50
12 14
28 59
17 6
34 18
35 43
46 2
28 50
11 20
3 19
25 22
39 17
35 13
46 60
21 66
13 3
9 27
28 66
43 33
31 59
66 65
33 45
66 60
26 9
11 26
27 33
48 66
50 14
10 27
5 31
24 18
31 42
58 30
16 22
60 8
19 56
40 64
53 31
21 61
42 47
22 6
26 19
55 39
28 14
44 56
37 59
20 1
34 9
28 47
29 21
55 47
8 26
42 61
55 63
55 30
41 8
35 66
26 22
36 52
35 13
41 3
3 59
4 34
65 31
15 25
50 3
6 57
26 45
51 14
39 38
41 13
45 8
12 3
27 48
54 61
58 26
61 16
62 26
13 25
40 37
8 40
40 62
66 19
45 11
57 16
52 4
58 57
13 60
17 60
45 9
50 3
3 42
18 65
1 30
23 41
1 28
14 38
23 11
56 1
20 45
14 5
46 6
59 58
63 9
50 40
17 33
42 17
8 59
13 8
21 33
46 19
60 58
56 15
66 44
13 19
20 27
21 65
30 13
56 24
19 39
63 33
3 38
50 8
29 62
16 47
29 59
65 20
48 52
34 48
27 45
66 46
5 19
44 32
31 32
55 48
2 50
14 5
21 63
12 47
57 25
27 17
16 23
34 63
9 66
42 35
44 42
15 48
58 56
11 22
19 63
3 21
46 15
23 65
9 32
45 63
55 4
11 4
26 45
64 34
44 40
1 21
13 15
66 4
2 8
23 21
4 24
39 50
38 61
46 24
24 43
12 25
53 13
51 29
9 18
6 48
18 24
58 30
21 61
30 28
15 50
32 38
22 13
9 14
58 53
37 13
27 47
38 11
59 20
40 65
35 43
46 53
1 35
14 21
29 41
49 44
24 12
13 43
22 20
54 11
6 25
21 30
5 56
40 61
9 13
60 44
56 37
28 54
6 39
6 32
14 52
7 35
63 18
12 16
37 65
26 40
21 47
3 23
34 40
18 43
53 9
20 40
43 45
25 46
17 30
12 30
16 63
10 33
8 26
3 4
51 40
25 29
42 47
63 16
62 37
66 2
54 37
45 32
61 24
46 24
33 8
37 49
4 47
13 11
6 14
12 54
53 34
17 29
15 11
42 8
47 41
8 34
9 52
63 3
7 42
24 40
49 59
20 52
39 32
60 42
45 6
29 32
39 43
58 51
51 33
57 29
5 64
60 11
47 56
13 53
32 34
24 14
24 41
64 62
5 57
35 47
60 62
10 31
38 1
13 21
31 1
49 33
64 43
43 42
32 53
27 61
19 48
7 42
23 2
36 27
58 4
7 50
65 17
12 35
15 24
53 46
25 35
10 20
9 51
60 39
37 20
33 55
1 37
29 23
38 64
47 28
65 52
9 62
66 20
30 14
43 16
57 65
48 1
17 57
51 10
29 19
27 59
6 27
28 34
48 65
29 26
24 27
11 32
22 10
51 49
24 26
62 12
22 44
12 38
32 60
45 58
11 5
48 16
32 9
47 11
6 9
36 29
33 47
61 53
54 45
33 11
2 29
21 24
4 32
61 35
24 40
26 34
42 7
47 5
14 27
15 19
33 51
47 63
29 39
47 16
18 12
25 19
40 45
42 41
8 35
9 29
6 32
60 47
36 40
52 49
64 65
28 46
44 25
8 16
3 22
33 14
44 50
51 22
23 25
27 57
31 56
60 62
49 39
30 21
22 10
18 19
9 44
65 52
2 4
1 4
23 32
16 66
13 66
19 35
25 46
24 55
33 15
49 13
53 12
33 8
19 49
27 25
26 23
10 25
24 9
26 47
38 41
46 50
39 65
16 63
42 37
49 6
52 29
18 38
38 49
46 57
29 4
15 52
26 23
10 49
29 33
29 66
6 7
47 44
3 60
40 42
31 20
47 16
49 64
53 20
44 30
10 6
33 23
57 56
45 64
39 7
29 65
4 34
3 48
11 3
41 48
44 5
1 24
20 47
20 5
1 63
34 8
1 65
30 55
54 6
51 24
10 13
21 13
46 21
58 54
24 33
35 1
37 33
23 55
14 40
59 12
34 24
19 34
22 47
21 8
52 5
31 60
17 49
6 60
4 64
45 27
28 13
27 64
43 47
50 56
20 40
65 54
64 18
19 17
62 39
24 47
43 53
40 57
35 44
48 38
39 26
64 66
36 23
61 13
1 43
66 21
16 65
6 13
16 24
28 9
63 49
55 37
35 27
26 4
2 7
39 38
33 35
35 2
55 29
12 55
3 12
7 19
10 29
23 34
56 31
28 39
17 64
5 43
21 6
42 28
45 13
58 11
47 57
65 8
3 51
10 14
56 26
23 65
55 43
32 42
7 57
14 21
55 17
62 9
22 37
34 64
48 25
8 28
16 4
33 16
55 43
29 44
66 49
40 54
23 6
30 29
62 41
47 48
57 42
55 11
13 20
8 60
43 14
19 58
17 52
5 3
26 33
44 25
13 18
11 35
21 40
61 14
12 41
62 1
17 48
11 27
65 16
18 41
29 36
32 46
19 36
46 44
66 24
1 12
39 11
44 59
48 38
6 59
13 65
57 27
44 1
53 43
15 4
17 43
37 47
20 56
14 66
33 14
21 31
23 59
41 1
51 22
36 54
13 48
51 3
6 28
2 58
4 16
59 21
56 30
65 10
19 12
7 49
23 27
14 46
17 54
44 65
8 13
52 20
59 36
20 62
62 21
54 65
34 44
17 24
7 15
31 23
25 37
6 47
61 19
26 9
4 1
7 11
12 56
28 2
24 46
63 19
66 48
15 32
26 30
55 30
42 19
53 66
53 58
47 45
8 4
53 11
5 57
20 14
46 45
13 1
24 9
17 22
55 30
53 14
59 39
43 34
55 29
34 41
18 12
17 25
15 3
34 17
59 53
30 36
29 42
35 53
49 51
8 37
14 60

441 263
165 357
95 87
246 15
428 75
89 300
365 412
408 62
393 320
28 30
175 422
112 324
373 61
228 440
32 407
20 1
219 184
166 313
79 220
136 65
295 224
364 218
3 139
88 395
17 365
234 1
154 345
324 86
214 360
334 245
326 354
54 103
346 219
224 425
439 359
298 292
141 221
318 393
168 214
347 185
137 389
185 290
101 317
375 314
236 268
367 120
430 420
31 143
6 254
126 3
421 424
103 370
12 420
321 179
192 35
172 137
423 356
427 82
41 169
204 276
245 379
204 233
357 234
376 363
296 310
174 275
101 277
203 362
64 332
350 65
367 80
201 348
245 436
239 285
164 251
369 217
189 131
259 354
364 2
84 218
311 258
301 221
343 312
391 406
202 299
279 127
379 289
284 432
283 331
84 255
140 11
31 137
141 289
50 63
290 133
89 409
199 198
438 100
68 388
315 269
245 402
205 432
249 47
231 91
186 314
345 325
324 184
21 23
281 320
335 129
261 232
347 19
429 343
368 55
289 50
133 343
11 337
333 259
192 123
158 377
436 312
69 128
54 339
150 335
217 44
272 37
84 427
305 72
329 40
376 426
90 67
327 350
212 28
167 212
400 134
397 203
4 25
330 57
363 289
200 389
141 281
425 224
75 97
295 212
136 230
197 34
105 332
383 126
168 359
337 126
51 293
138 54
126 26
360 47
314 369
435 13
17 227
237 91
323 340
303 268
378 308
301 42
7 52
167 175
410 312
109 269
413 246
322 97
272 49
144 394
417 387
216 242
423 11
333 304
159 3
380 96
310 240
387 316
291 362
299 68
232 408
336 204
212 25
300 292
73 252
54 299
7 269
99 429
88 240
291 246
242 39
341 360
278 286
235 377
206 342
253 247
308 147
9 329
421 117
429 302
178 41
409 184
118 67
171 205
115 270
260 357
308 159
275 394
254 318
329 268
219 140
73 335
95 331
31 324
257 269
185 434
309 152
176 236
27 346
249 142
424 67
307 291
35 140
243 288
267 381
364 294
79 246
437 424
385 27
306 200
295 299
1 412
10 426
206 286
139 14
236 122
330 101
412 364
50 213
19 316
152 383
418 40
437 413
272 380
439 386
389 101
244 198
72 62
183 86
156 321
349 392
1 238
51 412
160 350
434 429
224 394
370 9
242 174
422 72
362 419
267 309
329 69
316 400
380 57

38 482
26 25
36 18
16 31
29 31
3 23
29 5
4 2
27 14
15 26
6 4
34 38
28 22
19 8
16 21
21 36
19 25
38 17
4 31
9 32
24 11
33 30
15 14
32 4
27 24
7 10
5 2
9 11
23 5
18 16
25 17
30 22
3 29
38 6
38 24
15 23
12 9
30 5
22 23
24 11
25 30
20 29
32 7
1 32
27 35
10 30
13 17
13 15
23 28
36 22
13 12
22 24
21 14
6 20
14 29
8 38
21 6
29 30
12 7
23 38
3 10
7 15
26 19
7 11
8 4
10 36
32 38
30 7
5 27
20 34
35 36
16 2
26 7
29 10
7 6
13 17
13 5
20 31
28 30
17 9
2 30
2 11
29 9
33 12
36 14
7 32
11 38
33 14
22 1
24 6
6 14
22 18
18 4
27 7
11 21
32 28
12 33
38 19
4 32
30 17
24 14
10 12
29 20
4 28
20 27
33 3
18 33
37 35
36 25
20 24
23 13
14 12
23 29
30 4
1 37
20 24
28 7
13 34
4 16
23 1
4 34
4 21
28 2
34 3
4 31
26 21
1 37
21 30
7 25
30 21
22 31
11 7
5 6
10 21
7 11
2 30
1 29
9 12
31 12
20 18
15 2
35 29
22 4
35 24
11 34
24 3
6 30
23 27
17 21
33 5
23 12
12 1
2 20
12 10
31 6
7 10
2 14
9 5
26 33
31 21
34 11
26 3
33 31
19 16
3 2
16 15
13 16
16 33
5 26
3 13
9 26
22 10
1 30
30 26
2 22
9 35
32 12
37 4
4 34
35 7
13 12
21 3
5 14
35 9
17 16
37 25
3 20
12 19
28 3
6 29
2 30
4 11
4 18
31 23
29 27
7 3
1 5
6 21
35 18
30 13
33 28
16 13
26 27
31 15
8 15
21 25
6 2
36 25
20 28
26 16
32 7
32 15
28 15
11 7
22 1
18 27
32 8
30 21
1 22
6 15
5 30
36 22
5 23
3 32
10 7
26 19
13 35
33 2
27 21
24 10
38 19
15 31
27 6
29 27
28 34
19 10
4 16
31 8
16 12
18 25
18 21
6 8
17 16
9 6
15 32
31 14
29 7
6 17
29 13
21 34
8 1
5 27
32 13
35 10
2 30
12 19
12 33
26 28
27 12
11 3
22 4
16 12
26 37
28 32
11 26
27 35
4 9
1 35
22 13
22 23
4 12
20 15
6 23
21 10
13 9
12 34
28 5
23 32
20 28
25 30
15 14
4 18
38 5
30 21
33 30
22 37
3 29
24 3
27 34
15 36
23 26
3 28
10 34
9 15
21 16
29 12
36 24
11 18
16 10
12 7
31 10
9 11
17 10
13 5
5 6
18 28
31 21
33 19
32 19
33 14
34 2
3 9
25 14
26 18
23 38
24 31
25 10
19 36
9 2
2 14
19 7
23 17
1 3
11 19
13 2
31 14
5 1
17 18
5 34
18 20
36 26
22 7
6 3
4 14
4 22
6 38
6 28
33 7
8 5
3 20
22 11
34 26
28 21
10 23
16 29
20 3
12 5
8 30
24 38
11 23
5 11
29 10
5 35
17 25
15 36
8 4
9 12
31 36
32 2
37 10
8 18
12 35
22 36
27 24
35 37
8 17
25 36
26 7
10 4
9 3
17 33
6 4
6 14
1 37
31 15
8 38
33 36
12 32
11 38
17 23
15 3
1 17
38 4
24 10
23 10
12 1
4 33
4 9
8 21
8 16
35 31
31 7
6 4
1 16
20 33
38 12
35 16
28 35
19 29
22 3
1 11
4 20
21 23
29 6
21 14
21 34
22 13
2 28
32 18
5 13
13 21
24 25
36 14
37 33
20 36
35 20
8 16
2 28
17 8
33 37
21 31
10 4
21 12
9 15
29 14
27 19
12 29
22 25
4 20
19 1
18 16
37 3
9 16
9 25
23 19
2 21
12 11
24 10
38 33
24 7
24 13
25 13
19 24
37 22
6 18
38 1
11 36
19 13
27 22
35 24
1 33
13 11
19 22
11 29
8 17
30 36
19 4
16 5
18 15
26 35
14 4
23 12
22 20
2 27
3 15
28 3
9 2
29 5
23 17
11 8
33 2
21 30
21 14
12 17
28 37
13 20
18 14
9 1
33 10
5 13
24 32
15 33
11 21

66 275
60 2
65 14
5 8
3 50
49 52
4 13
36 18
56 33
1 22
42 19
11 8
41 16
65 41
8 38
41 29
40 38
42 43
45 43
26 27
26 27
39 62
44 26
26 43
47 1
59 56
9 34
30 22
30 2
29 1
40 4
27 14
41 1
56 17
43 13
43 2
39 14
61 14
39 21
54 18
19 47
7 27
14 34
46 43
35 7
42 8
8 66
19 46
66 6
62 42
18 36
44 54
49 36
2 22
56 55
37 9
33 43
33 46
10 13
21 44
17 60
49 24
59 2
3 59
5 62
32 23
31 7
10 14
43 9
33 32
62 3
38 28
45 5
6 52
15 26
27 31
17 9
52 9
8 54
65 13
49 31
33 11
37 42
24 13
49 54
43 44
54 14
3 30
18 8
15 30
31 41
60 47
50 43
54 55
28 50
65 10
14 31
21 49
5 42
61 53
28 37
28 15
49 30
45 66
38 59
28 66
32 19
47 13
62 32
1 23
15 64
31 27
28 49
9 32
22 3
16 49
38 43
64 18
7 40
15 42
30 42
41 61
61 19
7 56
48 6
10 63
3 40
23 28
22 29
60 42
29 7
24 66
50 19
15 54
58 30
27 22
5 65
14 65
18 19
52 63
22 60
59 22
33 13
49 53
41 40
28 4
47 49
1 28
2 16
13 59
45 39
12 47
37 24
44 52
42 27
49 63
20 39
18 51
50 64
37 24
38 62
25 16
42 24
43 37
55 34
13 25
45 59
61 2
36 45
41 63
27 35
14 63
50 64
46 48
32 2
17 25
24 32
1 47
8 43
17 60
10 27
18 53
20 10
52 53
54 27
47 12
61 9
43 58
52 24
22 53
40 46
11 5
46 55
10 21
6 1
28 30
18 14
49 25
64 34
11 22
14 22
16 8
28 56
64 14
13 17
64 50
62 8
54 40
61 58
66 61
19 29
10 31
10 35
28 43
45 49
56 64
62 24
52 57
35 62
5 32
46 66
38 31
37 32
26 28
29 20
45 55
30 9
62 34
38 40
14 26
35 7
19 58
58 7
24 52
11 54
31 8
25 61
43 54
18 4
14 36
46 66
65 54
62 58
19 31
29 32
54 63
39 4
53 28
10 11
18 63
41 24
19 34
66 4
49 1
17 18
47 15
14 32
10 5
51 38
33 14
26 30
50 29
14 12
37 23
22 52
18 61
7 34
26 6
38 8
7 52
26 51
64 39
16 7
42 64
43 8
12 2

73 614
37 46
53 3
55 10
48 4
17 73
16 10
44 59
59 60
17 70
15 58
25 4
27 9
58 6
23 37
55 31
51 18
3 31
5 41
40 52
44 40
51 60
33 5
45 18
48 45
15 62
30 39
50 56
47 34
45 53
54 26
10 31
27 13
45 31
53 68
66 8
18 28
51 50
16 6
52 64
51 66
36 64
15 69
30 45
13 1
24 66
10 18
8 36
30 36
51 66
31 43
57 48
54 34
9 70
40 60
44 1
36 63
64 50
59 4
5 71
61 28
48 70
45 55
16 58
1 66
35 31
20 18
63 73
52 71
69 2
41 23
2 3
13 49
52 71
36 56
52 23
67 26
3 23
64 18
64 65
11 25
6 30
27 52
13 62
33 66
63 73
15 48
2 27
23 37
8 58
3 60
7 70
69 66
3 60
10 66
35 20
2 24
33 28
3 46
16 35
38 62
35 36
36 20
63 58
41 54
26 43
24 16
23 20
8 25
63 17
2 24
21 60
31 53
14 33
25 13
52 46
1 70
9 36
16 55
4 56
19 29
10 43
44 32
62 51
41 35
51 42
58 71
12 15
51 25
32 59
37 10
16 21
6 24
56 5
62 59
61 7
71 70
33 41
12 21
2 52
55 52
4 23
50 15
22 11
23 37
69 43
46 11
63 35
18 29
39 63
71 10
54 68
63 13
19 2
34 20
37 72
72 41
6 32
39 27
42 62
63 21
15 19
16 62
53 33
17 18
7 72
12 60
66 1
72 12
2 16
15 39
15 70
63 20
28 30
53 73
3 1
15 5
16 60
57 32
3 58
38 1
69 24
51 70
23 62
55 38
60 20
36 57
9 39
68 21
52 48
4 54
32 2
58 47
61 25
62 48
67 27
48 46
50 9
42 56
54 8
5 41
27 40
24 20
6 18
24 57
49 27
22 7
13 63
53 73
72 42
47 65
52 6
21 12
14 47
52 68
54 56
19 64
6 42
67 11
43 17
52 19
28 57
9 40
30 62
23 28
14 70
3 49
59 24
60 56
54 22
34 4
52 24
10 4
18 4
31 18
39 33
45 22
41 68
36 13
18 63
26 71
50 58
56 57
29 38
37 50
72 70
38 34
4 47
38 5
34 68
23 73
27 51
5 51
46 40
64 63
14 73
44 47
58 26
30 13
47 50
46 29
46 10
63 33
40 11
38 1
62 60
73 72
37 61
49 66
28 39
55 25
39 25
71 7
34 11
19 65
60 48
20 16
58 66
48 24
60 69
24 48
55 7
30 3
52 6
68 63
28 34
14 66
42 68
72 60
5 1
51 64
33 54
63 17
47 37
24 33
17 32
65 71
22 21
57 73
26 36
62 38
53 2
30 5
53 13
64 57
70 25
31 29
6 20
29 36
41 37
68 57
68 43
38 73
64 6
73 25
61 37
4 47
51 8
10 63
56 51
43 7
8 56
12 68
47 36
31 26
3 9
68 24
66 58
13 65
42 37
36 5
40 66
55 32
60 28
14 37
55 20
44 37
16 39
15 46
58 30
55 44
22 50
68 14
18 7
5 59
28 25
64 51
1 29
9 60
57 6
23 38
10 51
58 9
73 72
54 58
28 36
28 50
69 6
63 70
70 52
56 24
60 30
1 44
42 67
31 25
56 37
46 65
14 73
71 13
38 55
24 57
66 57
52 56
47 48
52 9
14 59
52 27
43 22
69 20
36 4
3 73
50 67
70 63
51 67
59 72
48 10
55 25
66 33
7 23
64 42
15 5
27 50
31 69
72 10
16 34
14 2
33 63
52 14
36 29
7 22
11 39
15 65
63 64
8 53
71 72
21 69
60 31
46 1
10 28
11 25
61 24
10 5
70 62
18 32
1 24
37 12
46 35
3 35
10 68
71 7
66 18
2 36
32 31
36 42
58 46
50 30
53 60
34 49
48 35
8 32
42 28
43 15
47 30
33 56
24 31
62 73
32 47
35 48
62 54
16 46
27 65
2 6
35 19
39 66
37 30
25 6
57 51
4 30
7 20
12 14
50 57
70 66
15 31
40 3
12 39
48 22
30 34
11 49
52 49
41 16
5 49
5 46
27 65
2 17
11 71
15 45
38 11
37 52
26 60
54 37
25 13
42 38
46 52
13 8
12 38
7 16
13 11
61 39
2 47
40 70
28 54
41 65
64 4
44 16
47 8
36 71
20 61
19 49
24 32
57 35
53 47
50 65
42 22
15 27
52 54
23 6
18 63
54 65
66 24
8 39
16 27
20 19
72 39
68 22
54 35
56 33
8 16
8 49
21 22
3 72
59 9
61 60
72 42
52 64
49 59
14 64
69 17
10 67
39 61
15 19
6 54
35 13
70 27
46 17
32 16
2 40
60 61
22 28
39 70
4 8
10 51
4 10
60 54
49 31
53 51
36 33
70 33
13 23
62 30
38 20
29 39
43 15
27 65
27 65
45 14
73 54
64 60
47 35
24 6
65 3
41 28
20 37
60 32
43 48
45 7
51 57
30 4
56 52
9 47
23 22
30 60
12 16
18 46
40 23
22 26
63 49
29 10
19 61
36 50
16 43
27 73
56 14
55 38
50 63
68 72
68 9
43 6
24 60
36 47
9 57
57 56
32 12
65 34
56 28
10 72
54 20
71 20
33 36
57 9
25 35
65 19
43 18
8 51
4 43
8 69
10 64
35 41
60 11
58 42
38 67
40 2
13 21
5 30
56 61
22 64
6 70
66 49
14 1
26 1
27 33
70 37
8 15
61 67
25 46
19 46

147 172
14 16
6 118
142 110
79 112
12 128
53 22
19 33
87 42
106 16
117 77
95 52
34 99
23 71
28 19
109 138
18 123
6 23
93 103
88 128
24 56
108 76
33 82
64 119
123 22
134 48
98 38
100 132
136 78
11 119
96 75
109 69
6 71
48 55
26 135
138 49
146 98
124 31
135 41
105 66
18 48
113 116
85 65
56 29
143 22
147 47
96 64
116 58
134 16
112 13
106 102
17 105
8 97
135 142
93 60
110 140
128 34
33 46
45 61
144 22
16 43
118 79
11 28
66 129
95 34
88 49
6 45
56 102
135 6
47 36
65 113
131 1
146 16
46 147
32 145
21 47
144 94
126 110
77 147
92 24
136 32
72 141
32 127
96 122
132 98
11 5
63 97
6 18
69 7
120 100
108 140
103 104
43 37
66 119
36 10
143 127
144 67
120 131
3 24
106 90
122 72
51 140
21 12
113 45
18 41
101 81
34 56
37 76
92 103
3 83
68 145
62 65
21 137
48 126
14 109
24 91
33 74
39 10
85 108
54 59
1 7
95 34
18 132
65 109
43 24
147 110
124 61
130 144
51 134
78 20
95 102
66 84
131 104
93 25
64 102
39 65
65 133
54 82
117 75
44 115
98 146
78 74
60 16
27 66
2 104
41 97
14 106
33 145
62 81
125 82
138 16
146 55
1 8
137 74
82 136
41 135
134 74
62 2
90 88
67 91
147 63
143 14
21 131
114 39
64 91
120 55
106 74
65 62
37 54
135 119
42 132
106 132
58 123

161 391
89 58
112 12
120 65
65 104
145 120
72 96
33 49
36 38
8 78
50 135
145 113
34 115
111 131
36 154
120 5
28 88
62 18
99 21
122 42
3 105
161 74
80 72
1 155
109 48
71 158
21 55
109 95
48 98
64 123
91 62
127 158
149 68
14 126
128 135
46 130
119 85
82 37
156 82
30 103
129 101
140 28
34 127
122 121
64 82
154 5
87 29
32 154
42 37
120 55
82 128
52 46
48 88
80 8
158 22
136 137
40 43
49 5
3 8
68 107
129 100
111 94
128 142
87 48
17 85
143 139
92 33
63 139
161 142
147 157
2 161
132 41
42 59
86 85
66 153
30 73
92 19
5 98
160 131
146 56
95 127
73 25
159 135
2 158
115 27
32 157
27 42
76 68
100 161
31 44
32 60
116 2
78 121
99 117
130 83
51 63
88 123
87 126
136 129
1 129
155 33
3 60
114 79
7 53
118 37
136 28
97 91
29 53
90 128
8 58
89 58
121 16
59 46
141 33
53 141
41 47
52 43
146 5
161 152
97 158
28 71
24 3
161 53
55 129
59 103
26 147
39 25
41 98
110 20
9 2
40 49
88 131
92 72
135 91
63 110
87 130
20 151
11 59
42 105
27 140
46 92
4 85
116 45
61 104
104 69
105 22
118 31
153 88
143 5
57 84
115 23
92 134
12 102
71 93
45 137
71 131
67 74
54 61
118 114
4 101
61 148
122 17
58 113
144 39
118 40
1 71
62 92
83 73
72 153
4 156
129 114
125 74
26 57
135 23
49 17
123 110
43 83
5 100
35 149
17 31
27 57
101 88
148 22
39 98
53 42
93 20
34 56
94 59
113 107
121 40
2 82
149 84
44 154
63 118
20 119
148 46
15 127
12 41
27 50
139 79
131 70
139 3
4 111
101 156
96 61
35 97
21 22
59 64
54 121
20 113
79 46
158 133
11 48
12 37
97 29
156 66
98 133
108 142
82 48
136 16
108 9
152 128
71 49
71 3
49 90
116 127
15 152
98 65
39 149
142 135
17 136
80 154
147 26
134 67
113 149
122 59
157 112
66 106
39 136
149 87
104 103
52 118
93 28
22 131
16 2
145 72
16 103
64 1
128 77
67 120
64 67
17 99
17 82
84 55
56 71
142 39
12 72
156 144
100 56
154 155
57 137
105 112
118 47
112 124
123 57
82 65
123 99
43 18
59 5
73 155
75 93
32 126
43 66
148 21
122 140
14 57
155 158
8 111
44 159
74 45
55 155
150 56
132 71
74 70
75 25
63 28
157 134
153 38
38 18
59 159
158 112
95 30
109 102
20 152
99 133
75 32
5 63
128 137
133 40
85 46
104 147
73 99
159 104
136 35
122 73
73 158
24 6
26 132
147 45
1 124
16 75
156 21
17 122
36 28
40 120
74 22
145 25
120 21
8 134
95 129
46 6
4 69
51 29
79 36
114 119
160 8
72 33
68 88
33 143
116 112
141 68
133 3
132 91
23 139
63 118
146 148
2 149
55 93
57 12
128 49
130 5
96 41
77 43
7 109
24 1
59 4
68 30
46 79
160 69
96 102
65 81
88 66
108 22
158 43
73 4
91 42
48 26
122 125
108 7
112 131
8 50
13 115
119 59
32 158
6 7
98 70
87 64
14 73
85 51
116 37
94 85
118 141
150 118
144 96
124 135
66 10
23 118
125 20
15 35
16 60
41 113
8 6
16 22
79 140
112 73
55 44
157 11
63 146
128 46
80 91
59 24
100 121

5 10
4 2
2 1
3 1
2 1
4 2
3 1
2 1
3 2
2 4
1 4

498 535
98 172
19 479
453 187
404 402
433 354
139 320
5 409
112 181
326 375
428 160
382 139
137 329
233 39
193 192
282 305
264 299
396 202
199 351
308 104
254 243
378 312
64 302
142 95
482 467
469 332
49 352
390 105
182 124
143 374
235 344
100 498
144 496
121 262
348 429
285 23
173 84
334 156
385 475
250 289
364 220
122 412
73 13
18 174
56 80
50 290
343 69
210 406
66 330
169 333
260 373
275 352
457 30
9 343
425 258
133 290
477 174
123 469
106 60
145 161
139 114
371 401
182 2
308 168
331 476
2 13
350 277
284 228
306 293
73 232
470 205
441 369
379 65
339 484
124 403
67 182
18 357
84 120
358 391
287 110
288 42
60 484
326 207
212 40
279 363
11 404
306 379
284 370
140 189
414 44
175 17
480 33
21 101
310 331
307 340
41 16
381 100
2 128
306 133
167 7
495 98
410 302
476 115
94 117
303 427
81 398
443 62
430 463
82 162
296 388
3 336
323 383
355 244
13 82
376 99
8 373
196 417
96 94
33 109
210 256
37 210
155 480
191 6
364 272
167 81
81 169
336 324
472 192
69 404
194 445
4 201
239 120
120 254
213 72
363 342
247 399
54 401
300 164
327 86
436 493
166 436
84 4
261 57
115 250
380 308
116 383
429 354
422 468
29 136
41 391
398 288
212 371
110 13
36 436
98 391
351 184
249 434
187 11
410 301
180 291
31 295
95 459
70 19
428 99
74 388
489 471
97 122
263 207
135 299
64 152
111 414
335 359
349 441
290 180
164 469
470 194
266 67
74 335
85 421
353 78
310 264
469 327
385 233
35 21
451 18
93 64
432 347
342 202
290 133
382 453
104 273
68 289
339 61
125 343
481 478
421 212
163 391
40 49
45 492
488 496
12 82
479 363
428 322
484 139
455 367
93 478
142 80
268 400
60 312
245 42
211 87
174 373
397 133
422 441
47 411
438 476
492 338
340 341
162 325
480 118
114 492
97 175
492 284
76 53
97 240
15 308
246 188
182 144
240 25
87 286
435 444
263 348
284 24
191 365
269 92
482 302
85 498
476 78
283 471
51 379
133 65
108 378
172 210
442 411
234 448
199 171
313 381
438 98
325 130
382 15
141 365
316 146
284 213
143 68
105 193
367 237
257 474
37 428
185 478
261 419
427 379
11 241
181 448
259 7
498 142
21 60
427 256
205 212
388 348
200 493
42 486
151 219
461 187
68 86
328 406
14 208
336 175
309 205
433 315
204 494
256 264
342 431
388 56
321 237
175 315
279 162
385 497
44 74
66 31
159 314
436 93
441 193
267 251
398 121
486 23
36 163
206 378
95 96
353 335
332 447
71 112
110 456
30 73
449 16
104 29
329 459
121 191
154 307
442 53
347 349
75 303
13 281
182 27
376 454
282 129
402 352
241 431
309 190
5 179
205 28
208 453
487 248
146 142
475 9
114 323
357 188
47 289
388 228
315 185
103 98
314 6
370 474
436 180
85 361
359 210
388 486
164 376
235 309
437 211
317 52
454 95
160 2
383 467
150 200
74 252
217 307
178 88
202 35
188 286
315 466
495 205
453 81
2 189
309 359
320 48
330 275
142 489
196 27
378 345
146 451
19 282
179 116
370 380
150 477
87 465
444 4
91 398
84 12
8 392
370 327
439 202
23 3
112 219
29 489
483 94
361 3
375 459
118 166
340 188
144 347
154 89
350 164
406 353
175 334
166 47
82 27
168 105
29 279
323 57
190 307
150 470
230 444
431 347
112 192
36 255
458 109
264 229
192 91
83 287
424 249
253 8
275 420
32 303
120 274
279 229
82 348
201 231
293 53
80 324
164 35
81 124
64 264
352 175
354 435
461 200
105 215
127 299
136 158
23 176
431 221
404 432
70 106
165 282
78 164
108 242
118 108
365 101
371 218
276 146
74 238
345 178
373 471
396 10
50 418
185 400
140 11
334 129
116 418
411 194
83 438
435 120
47 221
221 417
438 496
482 14
155 329
111 29
221 9
457 271
346 63
172 486
73 425
36 109
344 366
222 346
305 158
466 351
378 108
189 237
25 173
170 179
421 281
128 63
209 6
253 56
68 425
461 61
271 497
169 37
364 310
382 91
467 269
361 266
376 470
422 400
64 94
1 484
374 128
48 84
133 301
59 120
147 22
100 337
438 188
373 223
497 257
313 385
445 176
152 323
147 76
224 210
89 224
115 462
271 82
465 323
382 25
363 448
46 462
287 483
152 81
208 70
257 440
455 204
117 28
28 183
23 171
312 111
395 426
74 167
10 458
410 311
483 274
181 448
237 387
433 308
467 62
378 146
421 254
349 40
281 296
142 304
466 454
334 282
301 328
369 230
287 280
461 271
55 143
221 291
31 75
21 417
56 398
64 476
153 332
435 353
129 497

343 992
187 121
23 257
65 70
60 189
271 192
321 270
12 20
322 9
15 219
57 187
256 96
14 136
189 290
124 85
218 99
100 311
126 29
224 97
6 283
285 276
38 169
203 49
188 88
307 202
213 21
295 125
116 216
260 211
162 290
295 286
295 51
253 77
330 40
173 335
230 22
267 190
126 223
285 213
186 143
82 113
2 113
135 217
279 3
285 226
204 134
177 162
293 254
148 332
333 139
125 11
312 299
108 95
178 49
214 270
98 296
40 99
315 174
222 251
83 70
133 194
203 309
262 59
126 316
298 23
18 79
283 329
34 47
80 118
2 201
45 100
60 84
105 31
164 234
281 154
303 70
4 70
286 172
128 318
144 82
340 161
68 280
53 101
233 40
126 235
240 170
241 299
160 252
329 323
142 174
133 9
150 43
78 342
121 205
317 264
194 220
331 261
63 291
268 296
330 50
94 226
126 241
88 285
149 323
265 198
153 304
206 303
254 283
301 31
51 181
202 151
308 189
318 27
136 150
322 29
106 322
254 232
126 248
173 275
228 1
36 37
212 241
246 122
87 111
152 44
198 10
195 162
106 76
189 148
225 74
177 331
303 337
219 85
242 298
16 33
206 51
319 74
198 129
195 284
239 253
235 93
170 86
255 275
161 7
329 293
80 162
280 39
63 62
124 211
266 46
243 128
4 125
108 201
253 302
49 55
119 283
55 288
275 309
126 342
222 111
291 208
273 134
247 242
102 277
109 275
229 258
309 139
39 74
247 199
282 295
253 57
141 307
1 322
179 126
320 57
144 175
172 323
215 75
221 224
258 236
155 50
150 120
189 95
100 92
200 39
293 17
95 340
323 3
318 66
35 201
29 178
282 200
157 154
181 284
284 2
176 95
52 232
121 240
234 221
238 90
166 187
106 167
90 336
169 64
58 111
264 86
195 203
193 259
263 30
199 110
32 282
204 333
170 231
136 60
15 30
57 180
123 162
4 212
61 79
182 118
189 102
111 291
211 210
206 37
239 61
146 177
342 256
73 76
51 208
135 65
144 98
152 173
167 155
41 227
140 222
252 236
231 19
183 5
228 45
292 30
12 94
114 11
257 186
336 307
301 34
28 8
132 86
181 298
147 128
181 287
257 89
179 144
14 268
55 148
312 3
85 230
4 198
147 260
290 139
223 154
173 157
162 304
243 342
258 296
126 2
239 39
341 324
89 11
155 51
66 30
53 150
260 56
254 63
222 107
202 8
261 31
165 329
241 314
234 155
173 266
63 69
212 60
299 207
321 111
257 293
47 310
99 306
272 9
26 58
22 227
65 189
164 136
174 61
106 64
122 279
237 184
254 105
151 116
311 35
133 225
327 180
98 332
142 276
247 74
333 268
300 55
114 27
190 194
87 203
258 208
45 58
299 205
162 106
227 36
47 17
260 280
103 264
268 151
197 171
225 186
2 88
147 115
115 244
309 108
10 130
316 54
187 178
165 255
190 48
290 236
314 114
172 323
34 3
38 230
173 169
323 174
256 33
196 277
276 161
292 192
197 171
152 290
5 316
201 194
271 54
336 241
167 164
128 201
166 165
337 245
333 223
325 152
256 177
336 95
244 284
287 97
111 95
43 115
318 150
215 245
204 207
49 27
277 176
134 99
247 128
250 236
7 231
45 169
65 287
171 308
227 114
312 244
115 261
15 89
318 136
240 178
342 289
111 275
28 152
280 275
279 186
74 192
323 25
268 44
311 95
259 194
115 134
1 229
301 15
225 275
57 121
16 55
66 34
329 1
185 265
275 27
14 5
125 337
30 49
287 247
143 202
5 257
242 5
50 200
270 274
131 326
301 54
38 274
87 273
274 271
102 112
297 115
116 78
108 52
34 52
206 176
160 210
340 309
214 296
165 140
226 202
30 90
255 67
20 341
339 293
175 97
61 128
119 84
113 133
42 146
184 247
228 251
113 224
123 234
83 287
280 215
52 309
305 214
32 324
211 278
274 43
281 241
77 56
231 189
96 273
334 279
176 126
93 196
6 215
336 339
65 272
210 117
238 171
237 176
152 104
110 332
53 298
136 130
260 24
225 12
296 123
198 35
248 197
137 160
69 129
155 40
58 22
63 295
192 299
127 250
310 144
238 19
5 31
55 171
54 280
183 256
59 287
290 213
140 84
29 115
212 184
62 269
205 124
127 53
330 161
303 296
211 104
221 122
41 276
292 94
119 38
6 84
324 203
296 28
193 324
142 61
71 110
237 275
234 270
235 127
337 101
79 204
111 206
325 152
45 181
152 163
218 65
153 199
267 12
133 116
336 181
83 313
291 226
245 88
153 43
214 146
50 199
257 160
61 238
311 13
325 120
175 200
184 235
305 14
246 94
36 145
274 118
115 128
251 266
215 60
308 335
112 14
190 25
80 158
170 48
170 151
74 251
7 164
49 218
84 295
311 119
96 149
143 210
276 50
39 55
16 253
46 128
173 143
59 253
207 228
207 283
286 280
97 199
7 146
74 90
97 291
115 192
96 164
309 29
214 254
83 229
164 35
263 336
177 322
245 290
113 15
229 305
294 326
161 207
128 141
203 131
88 317
229 184
138 101
119 258
12 108
50 175
142 220
74 226
105 226
172 124
240 308
86 98
197 153
304 231
293 71
18 37
44 153
127 88
254 245
252 265
259 302
3 308
178 326
190 189
208 268
312 105
139 54
109 335
206 69
129 62
139 146
99 90
299 225
84 116
34 336
287 292
201 196
256 285
178 9
130 293
184 5
54 322
59 162
221 171
137 6
233 183
59 238
179 264
119 262
36 59
161 322
258 268
81 170
209 258
86 245
207 269
250 167
154 215
235 281
42 29
194 181
118 252
75 296
172 101
121 114
66 189
342 323
113 79
57 229
243 142
37 14
317 286
180 34
64 322
315 106
7 165
193 31
323 268
326 58
275 10
78 340
198 76
320 311
61 33
196 210
81 232
223 304
82 310
337 145
288 215
157 201
286 7
231 265
181 120
229 19
129 306
15 327
288 241
201 255
273 303
122 260
98 251
220 179
217 214
231 161
85 294
18 28
207 155
199 44
274 85
312 60
297 327
293 242
224 150
60 61
109 181
320 206
89 197
292 305
317 179
30 58
36 297
335 243
109 98
193 289
89 162
255 292
145 204
190 275
260 157
335 275
337 219
45 332
72 336
201 45
78 230
9 113
90 251
262 105
255 112
51 343
273 212
291 324
323 45
162 146
201 61
78 101
279 122
90 257
21 290
208 5
83 216
24 172
30 286
184 284
304 141
283 233
9 138
120 238
182 281
41 289
248 118
46 183
146 135
96 73
331 303
77 70
83 7
149 112
199 332
53 159
36 242
298 44
286 74
282 31
262 322
319 166
3 272
256 55
313 8
127 301
218 110
277 300
116 82
68 222
320 27
37 12
176 335
306 118
315 151
149 140
129 31
213 38
302 125
92 272
39 125
136 256
234 69
212 256
151 187
134 34
120 78
46 295
69 258
320 290
65 32
87 100
62 206
137 271
237 135
106 275
259 241
188 56
309 306
218 23
56 259
57 176
336 9
127 311
266 103
257 330
134 250
86 103
19 129
30 255
263 42
187 85
282 281
47 154
150 264
177 206
86 140
38 328
148 164
295 320
174 116
306 214
272 298
316 291
83 252
202 252
293 295
336 231
232 289
292 289
209 125
151 202
171 188
186 225
258 138
201 338
160 70
209 88
274 88
285 263
340 144
171 289
95 70
84 234
15 282
179 130
63 236
331 140
80 81
21 244
125 128
239 284
197 11
278 127
98 220
46 94
20 123
290 21
99 280
161 113
218 246
149 187
138 44
326 124
124 3
25 248
37 170
95 233
180 29
266 277
248 218
278 267
340 224
195 95
67 262
114 191
165 169
34 209
212 266
333 242
175 264
146 211
90 240
100 269
269 272
109 80
146 43
4 49
173 105
50 239
23 70
86 94
238 26
303 107
291 292
255 29
119 58
239 208
204 245
40 36
173 148
116 225
98 26
180 270
130 136
73 59
205 65
153 7
91 19
20 288
217 274
317 335
238 119
199 99
21 238
134 100
292 156
232 46
181 68
316 217
204 295
183 315
16 242
228 13
260 247
301 133
178 181
124 72
299 229
77 226
30 118
326 321
273 121
274 111
188 153
234 298
104 73
177 119
314 61
132 137
308 339
269 49
83 299
27 288
91 104
171 120
221 60
5 57
180 278
167 274
337 308
136 97
37 312
122 258
29 160
51 243
155 227
198 144
89 132
89 180
235 259
299 19
225 210
75 311
51 149
241 44
20 33
47 56
251 169
220 280
328 271
86 47
61 191
190 149
322 278
328 120
100 191
45 231
57 119
198 15
174 96
58 193
35 105
156 286
180 32
129 71
209 214
24 176
311 214
325 289
55 216
65 62
313 109
292 27
135 147
291 215
149 5
315 183
16 127
125 102
65 253
173 181
31 196
13 341
316 337
194 278
117 165

259 37
27 28
201 26
151 148
58 19
235 97
20 166
181 30
30 251
101 144
107 94
87 161
166 86
216 65
118 206
109 183
219 135
40 161
160 191
138 47
39 113
144 58
109 154
177 227
234 107
111 81
200 197
242 195
112 28
90 229
63 198
152 22
73 22
12 62
42 150
108 80
92 251
227 200

497 700
433 328
96 25
444 76
129 389
382 324
290 422
33 387
297 296
350 479
490 467
253 293
299 135
366 75
152 396
252 211
180 360
215 275
61 161
26 189
52 407
188 17
332 393
79 304
365 428
286 357
73 214
153 371
24 194
122 349
265 373
235 444
235 449
221 295
285 419
159 12
328 23
28 335
415 106
142 282
210 103
142 282
489 467
156 16
163 277
40 427
325 274
49 62
226 442
33 13
363 191
25 193
386 225
31 304
331 345
261 43
447 78
497 114
47 155
302 382
107 341
484 431
118 35
493 343
152 28
31 17
391 55
210 280
280 413
259 286
260 22
4 382
273 3
495 492
331 473
377 437
316 39
371 433
247 42
451 398
242 158
415 308
385 300
263 167
215 24
128 150
219 131
207 491
307 204
485 140
352 40
252 171
252 125
279 1
339 406
74 256
66 164
67 450
463 329
293 353
29 420
5 247
227 211
413 209
91 76
348 442
116 102
288 43
400 70
216 414
475 289
173 216
453 412
168 94
416 460
447 444
59 127
366 285
14 281
169 277
357 19
394 148
293 185
363 368
427 81
458 80
45 306
295 173
220 462
267 138
101 389
258 159
191 126
119 377
83 287
156 115
478 226
435 446
410 300
490 15
380 450
94 424
431 388
100 153
352 42
463 452
430 223
286 296
25 404
176 107
366 331
221 346
59 158
468 144
133 460
158 188
88 251
114 21
141 386
173 169
103 311
296 208
210 85
7 234
164 182
16 33
188 409
54 420
242 24
239 374
483 397
64 73
323 350
93 140
412 438
481 17
425 279
398 310
39 404
219 203
261 234
408 124
318 461
46 62
485 458
435 146
357 174
392 355
199 484
170 113
101 153
303 201
108 376
13 146
282 231
348 218
464 431
341 284
395 63
21 58
23 131
203 55
304 97
85 178
257 255
464 33
407 442
233 17
320 245
336 277
151 359
494 117
293 13
76 190
248 96
420 443
399 125
497 378
395 258
58 327
15 24
359 97
465 267
287 187
125 239
337 483
235 453
451 421
204 316
171 472
238 290
373 363
289 253
433 222
483 262
236 10
296 9
150 65
295 113
251 95
351 90
253 262
218 207
358 97
25 204
71 263
493 119
301 458
47 236
182 205
173 94
387 468
102 40
35 72
325 458
166 178
50 418
115 440
300 472
39 1
179 282
263 347
400 239
307 122
150 489
326 322
85 216
465 359
428 175
430 255
135 98
108 357
191 223
299 167
370 13
167 224
294 105
74 369
343 380
490 168
47 491
165 304
382 132
165 485
306 97
242 116
367 26
472 234
248 446
400 293
458 69
20 427
346 93
298 364
148 463
34 368
132 198
174 17
5 15
4 483
111 419
101 154
444 248
387 367
369 462
162 5
206 354
431 54
122 231
417 270
196 126
313 3
496 486
19 3
176 196
485 460
117 261
116 236
184 178
105 55
142 439
59 347
296 489
76 417
395 168
362 266
293 177
268 291
339 287
293 17
158 453
476 447
216 267
185 399
444 289
129 261
403 187
283 201
351 358
121 248
28 158
16 493
335 456
286 349
418 254
41 78
209 20
27 100
459 384
174 82
348 302
342 254
164 301
454 17
334 250
437 362
408 128
33 418
87 319
269 7
248 309
258 457
4 284
232 463
344 406
220 194
210 64
447 50
40 80
239 374
329 352
411 412
479 443
332 241
437 103
421 188
88 181
320 91
140 54
229 159
459 448
353 345
188 475
70 227
57 308
103 386
162 189
300 317
135 308
233 247
410 329
434 497
12 429
264 325
483 492
483 120
443 14
140 133
489 209
35 48
193 311
109 30
2 85
346 309
392 255
59 477
86 168
153 271
273 416
98 258
410 256
53 31
270 193
336 434
401 371
481 269
184 266
299 358
350 147
343 244
77 401
396 163
244 51
433 19
466 206
449 55
137 5
85 406
197 97
342 273
467 2
45 326
267 19
359 119
338 204
38 415
280 109
80 27
160 188
218 301
393 343
355 32
347 116
114 219
212 131
167 181
132 384
182 74
402 43
365 243
247 78
160 29
187 412
228 346
275 446
149 343
464 180
374 313
295 163
207 9
467 373
362 101
260 46
348 337
261 215
82 10
293 414
39 479
4 439
3 278
63 324
123 29
6 173
341 300
335 223
481 304
99 345
81 34
66 428
370 327
145 128
12 113
44 50
94 48
165 269
1 227
96 124
256 101
296 272
77 306
495 60
286 96
81 366
302 319
469 174
148 289
301 160
402 21
382 171
68 49
116 68
449 211
364 207
484 162
478 63
144 151
296 429
419 52
470 223
370 117
397 194
405 373
29 482
393 410
329 136
135 444
377 86
330 243
465 316
81 121
55 224
272 26
328 193
77 300
416 122
92 488
315 496
39 343
157 108
429 161
243 239
107 122
324 436
41 464
427 121
87 481
20 358
9 347
227 258
322 145
380 413
308 370
87 22
216 416
129 320
79 372
61 185
169 60
296 209
26 226
5 112
382 24
146 391
46 372
151 367
192 206
455 175
79 218
196 467
136 325
289 215
372 25
75 43
257 47
425 455
272 429
69 156
453 387
222 174
261 49
44 128
254 174
302 332
391 1
474 30
1 438
417 372
462 491
90 394
40 17
351 484
446 96
316 77
482 213
250 419
261 466
49 191
143 27
198 209
200 175
238 200
115 157
247 253
324 336
149 39
29 3
199 150
98 190
399 255
402 324
176 339
293 398
32 111
424 229
319 126
79 233
1 194
389 420
122 388
431 443
103 459
121 301
111 391
490 185
149 70
12 497
408 304
397 115
414 496
344 408
297 98
143 470
291 208
392 88
98 326
34 373
287 154
176 74
221 341
258 369
87 269
44 494
248 441
285 337
115 131
248 88
228 390
60 195
273 452
455 371
453 488
419 242
318 98
488 41
114 422
85 200
366 128
370 117
244 157
453 35
460 203
122 363
269 181
233 44
308 191
90 263
354 12
181 347
282 171
63 395
268 320
271 137
448 316
253 367
148 381
401 110
260 25
148 31
379 381
247 189
247 13
452 276
24 135
299 478
478 361
51 249
184 494
61 307
312 313
349 459
196 253
244 455
450 392
161 331
448 84
196 370
96 150
148 292
457 446
272 113
483 495
361 342
492 97
151 306
409 2
441 281
427 187
411 56
254 75
386 204
331 257

295 986
132 7
98 198
89 78
24 73
277 202
95 284
64 166
275 11
214 52
8 261
240 51
221 137
193 10
19 271
172 135
73 131
141 292
155 56
74 178
251 55
207 50
166 97
43 267
107 83
23 237
48 89
287 96
52 11
105 71
281 103
32 180
233 172
176 215
54 249
97 131
130 181
295 226
50 93
160 132
115 101
179 204
214 274
255 224
205 152
36 13
183 215
72 181
217 286
62 292
210 192
126 44
77 248
97 248
45 256
84 282
183 90
190 101
68 271
151 100
128 186
112 137
227 10
23 148
1 84
144 37
275 96
80 179
48 3
131 215
258 42
201 145
131 217
245 25
192 100
124 24
112 62
161 43
72 10
17 194
215 282
230 194
83 136
199 252
139 157
293 223
25 198
73 155
119 144
179 138
71 130
283 182
191 270
52 89
279 68
282 198
177 43
219 259
179 244
42 144
227 40
71 251
64 143
110 10
114 116
147 184
245 134
192 262
231 70
56 214
260 42
239 141
85 284
226 90
232 267
233 286
133 130
241 197
100 178
206 213
293 179
223 69
17 241
35 74
16 90
288 102
254 58
242 165
46 172
254 104
265 18
94 103
147 162
4 246
44 36
285 41
214 212
231 57
280 92
131 122
182 245
223 262
7 169
131 174
167 211
104 258
55 25
65 28
186 190
274 229
52 90
96 265
129 153
27 113
244 279
234 130
228 283
218 61
156 175
61 149
90 286
111 266
15 3
294 27
19 99
255 71
188 177
40 143
34 188
255 278
293 20
234 52
7 157
112 284
36 294
259 248
285 75
218 126
199 43
153 217
141 234
287 156
238 154
3 271
168 85
80 166
104 19
217 233
2 156
48 159
154 12
233 265
208 278
218 111
25 75
32 166
135 146
148 77
4 150
53 171
234 254
163 165
272 85
102 100
240 149
259 220
160 23
17 72
5 234
9 30
135 41
22 269
13 169
51 16
145 225
13 84
183 176
248 282
87 54
86 153
29 171
199 189
194 215
87 198
153 96
54 287
258 197
88 97
70 260
234 215
16 246
125 198
248 77
11 161
252 219
18 280
94 217
295 114
136 209
139 116
131 192
229 93
216 143
16 285
107 249
31 122
199 155
147 274
58 279
139 14
202 279
121 123
200 120
236 162
155 201
104 285
220 160
204 140
7 219
251 236
172 282
62 198
263 35
176 26
19 141
161 220
124 108
169 150
228 232
139 209
137 69
199 183
228 107
27 235
153 278
175 29
91 63
53 180
98 55
32 238
196 193
284 146
5 158
123 59
94 88
95 57
156 293
240 89
226 93
150 205
75 151
234 287
213 113
172 137
168 203
79 190
222 68
162 54
225 284
234 145
198 33
28 59
152 267
269 83
65 123
287 261
273 52
80 190
165 251
154 159
280 232
53 34
4 41
209 55
30 147
26 54
7 54
112 158
25 85
67 211
207 181
4 11
232 83
28 223
160 181
208 266
117 87
4 243
128 39
2 279
13 150
37 19
203 149
3 227
60 70
265 94
250 268
104 13
55 131
63 214
16 270
184 255
62 15
202 189
175 30
172 187
179 35
32 208
183 35
140 70
104 231
163 180
203 93
192 257
224 254
2 66
229 12
147 117
26 175
10 28
32 8
214 37
42 246
245 52
107 89
121 210
24 110
94 53
202 112
14 252
71 137
145 126
148 291
242 1
171 251
28 29
85 68
65 126
18 14
177 246
102 2
160 247
111 80
126 140
192 261
96 89
102 240
214 250
63 160
77 233
237 104
88 26
171 152
151 16
166 155
261 94
278 248
168 216
154 293
60 172
259 155
87 187
222 5
263 284
286 44
48 227
269 135
79 267
286 57
109 156
211 74
250 193
148 122
113 129
241 294
127 204
276 214
96 202
218 185
190 36
229 64
89 202
198 168
173 188
224 281
171 261
182 247
158 156
195 98
111 140
96 238
171 76
156 93
104 200
277 120
235 210
183 151
239 85
23 238
100 73
224 270
38 232
221 22
214 242
119 30
86 42
267 256
239 127
175 170
153 157
289 93
193 177
70 136
88 92
79 187
164 129
283 28
65 35
49 105
276 290
134 67
36 105
149 101
58 29
270 211
12 264
130 204
267 199
45 59
117 245
246 107
78 60
134 264
95 182
73 75
3 207
263 160
138 239
261 196
94 62
233 105
152 67
135 123
92 179
9 208
128 81
19 32
140 152
295 234
160 195
136 285
106 225
149 70
168 114
265 88
3 29
192 154
95 32
104 13
37 112
220 287
192 65
145 36
43 145
97 203
166 232
192 98
283 167
167 278
108 259
70 110
287 89
263 209
242 193
221 278
9 268
96 200
37 241
63 80
212 159
109 82
217 127
179 204
293 50
186 105
135 83
41 127
171 9
162 117
201 209
221 37
181 22
236 45
262 3
246 178
283 59
86 204
12 264
235 9
140 125
236 275
207 276
228 204
111 94
25 139
7 246
175 15
267 237
59 60
67 9
64 54
189 149
85 200
117 24
35 83
270 97
184 9
200 116
212 15
36 237
275 165
187 276
179 280
45 64
44 111
194 229
286 209
82 75
235 25
98 269
107 195
193 291
203 97
233 119
233 269
60 213
138 73
193 143
179 237
206 49
174 226
277 165
139 63
66 78
209 164
173 143
63 70
260 92
166 197
210 104
292 97
143 134
291 162
103 175
226 13
50 104
65 32
95 30
216 161
229 252
151 107
99 40
3 63
131 169
86 167
99 83
263 241
43 86
229 146
260 159
280 14
90 50
167 184
201 210
171 135
166 26
241 264
187 243
153 144
238 16
163 147
105 230
190 164
162 276
27 146
117 238
22 283
127 223
197 124
62 67
272 7
157 163
76 14
12 141
79 149
8 225
253 238
241 148
106 107
128 254
80 244
197 101
59 150
28 255
100 89
149 76
217 132
239 120
146 77
260 51
225 267
102 9
209 48
278 141
276 111
222 60
181 123
283 239
99 137
26 198
53 1
274 269
132 44
215 104
242 179
154 293
151 256
6 186
130 284
154 232
221 80
119 228
29 106
172 249
242 24
151 294
146 251
95 277
121 14
86 67
20 239
186 292
26 19
9 155
129 162
214 54
241 37
108 96
142 106
49 210
129 27
209 274
277 130
83 225
265 168
118 284
233 9
280 259
27 289
240 277
277 158
157 50
194 264
145 162
75 194
77 203
47 112
9 150
68 91
79 37
85 197
148 144
32 254
229 180
247 174
161 56
158 22
105 179
285 249
167 64
269 70
94 20
8 224
292 75
141 75
234 225
98 86
73 129
44 129
13 118
129 295
173 286
143 277
291 133
57 285
23 153
59 238
172 67
166 290
263 11
70 28
62 167
235 257
123 106
90 257
223 218
257 222
35 104
30 31
63 86
20 86
65 200
150 64
93 21
58 183
153 127
210 215
121 150
176 243
82 92
204 9
14 287
57 48
218 208
200 280
120 46
192 185
73 47
248 165
189 10
52 46
137 89
87 84
238 89
31 24
180 61
154 20
175 37
68 97
244 94
203 68
262 222
79 39
95 31
203 110
41 82
155 4
170 69
209 234
157 66
84 42
126 64
61 127
100 250
50 170
171 80
64 137
6 143
175 222
173 204
36 40
285 17
165 281
85 78
219 69
143 7
232 96
70 292
222 291
74 99
165 244
178 229
207 10
198 208
231 197
238 93
237 228
231 228
40 143
133 259
211 102
92 147
197 284
265 246
279 165
49 271
235 53
31 146
62 228
180 119
129 123
211 192
177 146
247 216
115 84
6 30
185 98
3 209
86 95
159 191
259 34
166 26
208 196
293 269
250 178
92 84
5 7
102 8
274 53
223 216
136 56
245 148
153 75
61 65
291 46
82 81
201 248
106 113
270 104
86 225
108 4
135 234
10 236
241 110
289 290
30 251
50 102
103 29
3 285
93 293
35 175
78 235
249 11
52 223
114 259
274 221
262 113
281 98
54 226
35 169
220 186
246 270
114 176
3 116
165 218
235 200
219 18
261 172
28 140
221 263
225 200
15 192
17 295
116 192
225 150
187 271
163 138
72 276
18 197
97 182
119 158
208 42
175 1
40 29
262 260
118 191
286 132
209 8
131 30
26 182
6 213
280 168
55 56
149 194
252 72
202 197
229 237
65 231
237 104
86 203
191 204
220 181
162 134
15 120
285 41
128 290
253 112
163 134
290 138
32 246
36 60
270 91
1 39
26 64
265 234
93 282
264 18
167 130
151 9
249 140
49 82
256 128
20 245
88 14
87 241
260 244
5 61
40 6
99 187
69 190
125 162
176 215
6 48
50 278
178 3
122 226
206 204
180 226
154 267
239 67
212 30
16 43
90 55
48 16
68 239
205 20
227 86
234 232
255 283
214 137
113 162
189 145
70 73
75 50
166 141
117 204
292 254
246 209
135 121
224 202
64 133
221 290
45 282
53 4
96 93
140 208
254 155

