20
20 190
14 11
2 4
16 8
9 20
1 5
8 10
15 16
18 5
15 1
16 7
7 3
20 19
12 2
12 5
1 18
6 7
8 19
10 16
6 19
15 18
15 14
19 1
1 9
5 15
9 20
13 7
14 13
5 6
8 1
18 5
18 4
5 17
6 20
14 16
6 4
10 19
14 10
19 2
6 5
2 5
18 8
10 5
14 7
4 14
4 1
3 20
5 19
5 4
13 12
9 8
1 19
1 2
17 3
7 1
4 3
18 4
12 19
20 17
17 3
2 13
3 4
12 7
15 8
2 7
19 2
6 11
20 6
4 8
8 2
9 4
16 18
19 9
18 15
17 20
16 9
15 11
12 13
5 19
15 3
9 8
8 11
8 14
14 15
13 7
15 8
2 5
6 12
5 15
6 1
7 13
10 1
4 1
13 20
12 19
3 20
7 2
3 6
15 8
12 20
15 19
7 8
3 5
20 7
19 17
19 5
10 8
17 5
1 2
16 12
20 18
3 18
20 5
3 6
13 7
17 19
5 4
6 19
20 17
17 10
14 15
15 3
11 15
4 6
18 4
4 20
1 15
5 16
12 9
14 9
7 18
4 8
3 1
4 12
14 18
18 8
4 1
10 18
4 15
15 19
10 7
12 16
3 19
8 11
12 16
9 1
11 12
8 5
12 11
8 17
20 18
16 4
18 5
13 20
20 4
1 18
15 17
20 5
4 2
16 11
2 16
1 13
15 17
17 4
13 16
1 9
11 10
5 16
15 16
7 18
17 4
4 13
15 8
16 8
15 18
9 2
10 1
16 6
17 12
9 2
19 2
2 11
6 9
5 2
15 14
18 10
17 10
4 17
11 18
14 11
19 3

160 293
128 120
137 88
121 8
29 94
49 132
79 77
56 72
63 90
129 132
126 130
47 102
98 29
51 103
19 10
25 121
15 24
80 24
144 72
31 12
5 79
15 116
27 71
27 89
32 28
60 29
157 138
130 127
6 53
69 24
62 126
144 108
149 96
131 4
7 1
48 44
79 62
159 105
4 57
65 35
84 124
96 113
133 97
79 138
149 147
33 50
112 49
30 133
144 160
8 22
1 55
97 111
117 127
88 120
24 152
27 139
148 122
91 120
58 41
130 79
60 2
128 11
82 29
15 97
29 23
119 61
77 87
43 65
54 130
57 109
154 83
87 13
76 50
132 5
90 133
83 149
135 83
32 56
111 78
153 139
100 143
39 49
101 82
145 26
83 41
134 108
155 93
120 70
142 124
75 103
96 157
92 102
79 155
30 72
54 40
44 68
111 124
8 64
108 66
18 21
39 126
15 3
85 117
16 80
63 119
16 59
82 149
10 76
18 71
19 71
110 62
138 60
25 18
155 5
83 13
57 153
138 103
156 94
91 11
14 153
1 61
52 82
49 93
29 67
3 48
137 112
141 147
44 38
36 70
74 118
82 130
110 91
104 137
25 35
20 38
27 20
98 110
134 18
42 34
84 44
81 93
28 62
111 103
131 146
12 44
103 94
13 84
56 116
61 80
22 80
149 49
131 118
158 136
136 40
10 59
115 122
23 142
55 133
84 25
118 128
68 92
93 112
16 148
100 76
68 121
27 88
9 29
46 39
5 21
78 46
111 32
39 6
46 94
138 1
150 128
128 90
59 60
73 106
80 12
21 19
5 79
106 45
140 151
83 16
43 160
61 26
64 131
63 109
96 72
109 86
39 109
47 130
40 119
75 119
3 128
137 7
78 115
51 57
137 134
72 20
5 4
77 68
135 139
48 102
82 29
27 121
137 105
122 48
64 36
7 66
35 15
104 113
129 154
9 106
159 113
157 4
148 105
103 122
115 23
64 36
51 122
28 59
67 149
106 2
25 144
99 91
159 42
43 159
67 84
104 66
68 132
101 55
76 75
49 62
97 112
98 19
105 125
77 43
146 55
76 42
38 14
132 68
55 15
67 154
130 42
59 37
46 31
91 121
105 139
55 42
122 24
60 99
20 9
13 5
95 89
46 132
102 18
72 29
64 138
22 33
51 112
101 96
142 63
89 86
74 143
159 67
6 91
5 25
99 18
62 33
106 107
36 79
124 139
107 59
116 160
123 39
111 63
6 124
158 94
50 71
108 80
9 145
10 14
10 140
63 103
44 40
49 112
118 45
90 97
103 78
96 98
116 79
160 121
42 29

279 506
156 178
34 7
242 252
223 206
111 101
34 218
31 79
29 150
209 227
162 168
52 200
213 60
5 145
142 91
222 157
126 98
54 157
102 16
129 45
219 239
145 250
176 173
49 204
44 258
151 203
144 200
123 77
259 125
221 120
216 161
276 62
257 50
218 79
63 65
124 279
25 268
249 200
160 19
122 203
274 271
124 138
191 247
212 171
92 153
11 26
33 5
85 10
53 23
88 115
86 211
115 110
198 82
28 78
100 147
278 92
138 122
227 48
87 157
216 177
29 226
202 61
228 8
70 1
28 157
116 113
87 228
220 5
30 245
80 128
111 76
217 248
195 163
14 1
40 229
177 68
173 97
128 122
104 197
120 130
73 235
240 159
181 179
161 209
144 238
57 254
32 273
221 224
154 234
224 194
182 119
261 75
216 108
194 38
23 35
167 95
267 126
251 169
25 130
96 166
86 152
141 115
143 80
60 18
32 2
209 213
121 188
7 57
16 200
92 37
232 259
129 220
103 99
107 127
228 202
13 33
72 151
147 214
230 206
229 260
208 156
191 47
65 195
101 78
116 192
114 66
169 243
6 271
60 110
118 8
30 129
40 101
279 185
34 228
111 260
206 37
137 117
81 201
33 181
278 146
94 111
211 262
72 215
252 131
43 88
136 73
216 174
173 214
79 204
160 187
185 84
222 42
200 23
242 230
204 238
94 16
67 24
275 136
236 245
266 278
54 121
69 267
15 240
201 93
164 79
277 69
162 219
108 81
242 68
29 164
27 123
177 91
144 172
227 98
138 211
94 189
52 163
176 64
123 96
154 5
174 152
72 55
91 179
135 51
247 163
212 271
4 109
82 145
279 27
242 135
236 57
44 6
219 217
68 60
33 221
62 207
91 133
261 182
33 114
230 279
274 161
268 278
269 68
141 266
93 104
121 49
160 162
52 97
100 119
154 132
61 215
57 151
69 36
51 99
147 279
96 142
160 84
138 147
151 278
134 243
102 252
10 259
135 62
74 232
178 227
82 238
163 139
108 229
172 158
48 40
155 143
181 35
226 39
182 95
37 34
57 137
6 64
116 138
123 190
90 22
135 172
259 18
29 85
246 200
241 12
237 116
154 138
149 98
174 51
191 209
82 247
66 87
29 179
225 152
87 33
173 222
202 150
237 230
235 202
149 196
213 106
30 86
242 178
183 136
226 94
65 28
59 128
113 88
26 58
237 112
88 130
52 11
277 8
238 230
209 105
146 140
209 174
225 171
72 127
25 17
220 88
44 277
213 156
83 238
211 40
69 20
167 118
28 162
125 263
113 52
89 256
192 18
150 135
186 220
261 210
236 202
18 279
197 231
154 277
187 85
37 255
102 201
94 127
81 216
111 193
268 199
168 180
214 38
33 120
255 15
50 211
214 66
209 131
15 81
128 201
163 162
177 265
81 268
112 161
204 222
73 192
139 240
90 73
275 123
192 251
137 240
180 71
26 107
199 40
187 47
238 69
206 135
54 7
121 163
165 46
104 235
235 242
195 46
34 189
166 223
158 23
181 58
91 206
163 10
243 68
54 202
136 257
55 187
261 176
71 146
219 174
102 174
134 15
219 165
203 105
107 81
125 8
137 215
212 18
222 175
83 273
95 219
250 150
124 231
44 194
96 262
86 195
156 218
209 94
101 131
198 207
209 42
215 64
256 147
81 197
40 162
190 135
101 161
3 224
110 46
137 205
26 220
120 181
156 48
272 257
176 191
184 105
232 117
167 206
261 247
121 22
129 32
154 227
190 156
170 20
199 25
223 222
244 63
121 108
114 96
4 25
279 107
254 115
273 178
96 238
20 117
86 49
268 33
238 144
200 255
61 224
198 3
187 261
124 26
87 237
121 91
259 118
197 231
232 190
127 47
148 146
161 231
192 150
264 150
12 182
126 73
125 44
73 32
23 196
55 110
151 175
198 130
13 113
79 243
23 206
10 168
70 170
120 262
38 102
130 50
2 255
122 126
18 194
155 40
109 209
147 259
102 63
108 113
175 186
76 195
110 83
84 178
250 201
160 9
21 10
58 22
263 177
148 1
89 23
38 197
230 183
175 52
245 3
164 139
186 239
54 15
40 137
192 11
56 70
17 76
79 74
98 60
248 245
58 57
265 94
252 215
276 147
267 239
147 149
98 51
109 152
65 146
7 256
156 61
46 172
136 123
243 233
182 211
196 238
266 180
52 236
115 46
103 100
5 247
249 101
18 76
250 81
221 254
55 96
35 101
267 171
221 229
122 121
158 39
79 144
218 130
98 51

441 100
401 169
39 161
71 10
218 21
234 274
85 261
441 300
341 285
344 147
70 96
221 119
258 209
90 50
382 439
380 230
232 148
398 270
308 277
88 84
297 321
357 382
391 357
240 99
9 392
246 328
46 275
5 113
42 94
162 232
92 350
21 132
56 418
210 363
254 298
5 359
427 171
299 376
336 347
284 153
297 88
39 152
171 43
264 212
387 234
253 287
143 273
418 198
249 186
120 311
292 374
38 278
103 336
21 438
51 304
399 347
200 437
307 370
289 129
391 234
363 202
329 64
283 305
70 340
299 189
19 150
122 56
236 33
391 65
30 441
369 237
156 377
233 21
115 80
400 64
122 130
74 9
193 356
122 71
63 229
260 81
187 381
136 422
413 86
296 251
335 223
47 299
408 88
320 81
417 278
394 347
407 276
355 408
440 285
37 62
72 105
142 259
294 278
48 75
172 343
325 315

309 451
170 95
142 120
101 123
170 148
196 163
186 62
181 42
55 170
118 203
254 302
99 268
141 47
283 226
72 272
118 83
308 287
94 58
14 195
97 100
259 210
262 52
271 50
93 243
219 210
53 80
120 151
265 177
197 238
94 185
117 128
268 33
105 52
90 35
163 186
134 112
86 3
164 274
52 173
124 187
300 176
267 110
17 139
286 213
67 296
6 101
114 273
133 135
241 222
169 12
15 219
40 18
221 203
291 189
293 22
293 283
197 250
83 213
305 285
33 62
272 38
79 76
227 211
211 76
40 296
87 281
206 126
298 34
246 196
140 146
217 123
119 104
289 118
233 284
93 182
262 55
137 32
131 280
159 258
46 199
244 49
170 57
92 75
8 254
270 64
90 94
186 208
114 82
242 37
56 25
135 234
80 271
265 127
242 32
75 204
230 235
253 7
209 261
81 216
122 267
196 211
51 72
26 164
153 267
117 125
208 251
275 287
213 148
21 62
179 12
265 99
247 125
105 63
302 102
195 114
59 81
241 109
152 266
189 221
140 305
262 39
246 227
242 66
65 263
127 243
274 83
258 128
124 279
190 117
71 75
230 129
155 162
154 223
35 259
51 92
254 3
130 108
147 288
173 211
241 217
62 123
216 10
250 30
289 48
146 50
122 293
96 194
62 166
107 96
116 158
187 286
77 233
1 223
212 91
125 60
307 103
182 130
112 40
159 91
87 222
58 125
205 70
9 266
235 33
278 267
107 73
161 183
305 161
97 124
168 138
101 82
240 199
211 268
238 61
50 241
199 24
57 94
93 291
276 244
14 161
202 37
233 279
220 146
47 233
186 215
287 286
296 134
176 198
92 21
175 141
262 64
81 235
74 173
216 266
108 147
117 226
100 267
195 10
20 158
159 205
63 136
182 276
269 274
164 52
211 29
109 163
92 107
5 82
279 138
38 303
201 154
219 300
28 21
1 47
179 76
252 241
212 41
207 88
231 287
56 132
232 165
295 240
271 216
12 157
44 49
151 244
120 60
235 147
307 152
194 176
227 53
24 129
10 148
134 240
125 189
62 274
44 273
204 231
180 216
305 140
181 146
75 300
122 309
55 119
68 165
211 294
134 235
31 143
73 164
73 114
43 51
78 4
241 282
151 111
105 146
250 202
208 241
110 21
157 164
56 224
245 267
209 69
109 156
128 98
10 117
211 52
167 289
55 98
178 123
125 199
268 292
91 167
223 200
104 71
280 76
294 132
33 110
200 58
265 244
155 274
51 283
243 218
179 214
232 47
27 48
162 212
30 252
69 169
60 89
239 256
164 141
79 114
167 195
171 123
130 243
4 180
216 163
5 85
68 154
131 11
201 209
222 147
68 290
6 44
69 162
300 233
219 69
37 76
180 124
115 309
57 119
97 272
281 101
47 265
171 94
276 62
302 188
125 287
86 48
21 154
209 11
303 35
305 256
110 176
297 225
92 44
260 188
233 231
206 196
104 67
290 70
46 199
174 170
93 259
134 114
21 259
124 240
293 37
104 94
212 91
9 303
51 268
99 283
106 304
170 126
287 67
195 23
182 286
110 275
235 243
79 255
193 119
186 176
155 289
269 283
296 194
194 37
69 292
237 92
203 14
217 180
80 20
203 261
305 3
143 230
162 221
93 45
257 195
138 19
91 97
219 77
208 103
30 193
2 266
284 121
279 109
300 275
128 110
227 123
29 286
269 191
115 52
152 62
246 289
306 253
303 215
20 201
234 276
1 152
232 285
272 119
84 180
84 128
289 227
250 235
204 126
116 9
178 267
296 31
247 292
201 157
115 220
48 39
103 48
191 26
249 70
61 249
249 144
293 146
288 150
71 182
276 186
107 61
60 10
91 223
301 291
70 106
119 34
62 138
308 169
80 164
238 140
104 95
201 87
240 179
237 1
277 120
186 74
180 162
83 187
76 300
86 62
14 121
96 75
258 94
160 29
257 88
168 277
182 59
281 29
237 125
29 121
244 131
194 31
293 193
217 285
101 302
37 114
113 132
105 288
142 264
7 42

86 944
21 62
66 55
68 77
33 55
23 83
3 36
52 10
14 35
34 46
2 77
75 78
44 69
15 7
55 24
66 21
36 41
1 83
15 69
29 39
38 43
27 40
71 78
41 84
26 67
43 19
57 24
10 14
84 16
12 44
32 77
64 67
24 56
55 30
39 75
68 32
8 13
16 78
54 13
17 34
48 36
82 71
37 9
68 45
12 25
76 80
80 48
17 50
9 46
80 83
19 61
28 19
73 35
10 40
48 26
65 1
53 52
63 82
52 44
40 63
60 29
49 45
68 65
8 76
17 79
73 27
53 6
45 40
41 54
71 80
72 42
80 30
7 56
25 59
5 56
27 56
84 75
14 58
46 14
47 62
6 25
80 59
31 12
71 76
74 64
61 29
49 83
36 18
13 86
22 69
26 77
58 15
4 29
60 17
68 27
23 6
20 73
36 42
84 12
32 63
75 84
6 37
80 33
46 85
32 67
67 49
49 38
63 45
59 28
53 40
54 75
45 66
53 73
21 50
84 44
19 65
42 24
7 35
48 53
33 79
25 5
33 74
35 10
24 7
29 76
38 75
57 74
54 23
60 66
65 50
24 83
28 57
20 26
83 59
70 30
43 9
26 75
74 60
84 11
58 19
78 9
7 48
75 52
71 40
31 49
3 46
37 22
16 48
48 13
20 31
34 62
31 51
50 10
25 40
20 74
58 12
75 64
51 63
29 35
16 51
75 11
3 25
32 18
72 71
22 83
8 47
58 38
12 22
48 28
61 59
15 24
62 81
1 19
57 21
53 65
71 34
75 73
50 12
83 28
75 10
24 82
57 82
25 60
9 64
1 69
29 7
6 82
2 84
14 58
18 59
28 80
6 8
67 47
20 55
74 8
64 4
81 34
85 19
7 75
85 67
17 6
64 12
85 61
18 48
70 76
76 63
73 83
43 33
8 3
13 15
67 16
1 6
6 20
5 4
86 3
70 8
86 39
11 84
13 28
46 82
17 27
58 3
23 7
28 31
9 40
37 67
55 38
73 60
49 69
55 48
63 38
55 63
76 65
52 80
85 3
67 15
29 30
10 52
36 37
74 37
76 24
9 36
53 81
1 15
55 54
32 84
14 8
73 71
51 58
69 54
38 83
82 67
84 39
9 34
26 37
15 42
45 50
86 32
42 15
86 10
60 31
7 74
30 71
58 81
42 40
40 71
28 35
52 26
66 52
51 5
2 58
38 21
38 69
63 44
61 64
17 5
71 4
27 47
61 13
3 6
52 65
26 86
22 43
65 73
7 62
66 64
5 18
77 42
78 45
77 52
22 8
49 84
11 75
45 64
79 39
61 44
9 86
35 31
42 6
9 41
59 75
10 63
84 86
11 75
36 1
41 50
8 81
39 11
61 75
66 53
19 40
10 28
40 36
58 73
41 66
27 13
46 37
68 43
28 78
32 56
78 64
11 78
58 49
80 32
38 51
84 56
4 85
83 35
34 46
14 67
18 40
79 63
68 60
20 2
43 57
27 20
67 10
69 21
3 14
58 53
3 20
48 1
8 75
26 46
2 6
63 33
77 31
15 42
42 8
85 84
64 25
9 36
34 77
48 28
82 12
72 84
31 25
76 38
13 16
83 6
13 51
39 3
82 53
45 37
60 35
27 29
59 27
56 84
18 17
17 13
28 80
3 50
18 78
80 23
7 76
28 20
33 66
14 28
24 58
56 75
6 74
17 56
15 64
45 24
73 53
28 6
46 30
56 22
49 78
20 30
11 31
62 69
45 81
6 8
43 81
6 22
3 61
36 67
12 51
45 64
79 50
16 22
19 71
35 59
54 55
81 56
85 48
38 35
35 44
43 69
30 48
4 32
14 32
4 25
82 48
81 74
4 10
2 14
72 36
73 31
4 59
86 81
20 30
29 54
73 71
36 8
24 32
39 38
63 35
54 50
74 48
30 77
49 31
5 26
58 69
48 54
41 40
48 52
69 68
12 47
53 47
54 68
70 84
19 46
24 65
10 12
18 31
80 59
61 84
84 32
58 38
85 4
77 38
56 59
20 67
11 64
19 64
45 3
53 56
40 77
34 41
80 43
71 73
15 37
63 5
61 34
42 51
30 24
3 85
74 14
57 84
77 67
53 27
61 19
82 7
1 21
47 80
56 24
67 70
60 43
66 26
68 13
77 11
36 79
1 23
6 49
20 74
30 72
14 82
83 2
2 83
22 41
77 56
57 53
21 5
32 47
72 45
37 83
80 21
75 9
26 38
28 13
59 6
18 54
2 19
48 84
33 80
66 15
49 28
67 69
32 5
29 10
41 57
84 26
77 72
34 16
23 54
20 73
59 30
41 52
48 80
41 80
73 21
1 35
40 67
17 64
63 38
73 17
8 62
43 85
47 76
6 62
35 18
48 7
47 80
50 86
73 5
72 51
17 72
85 56
52 8
25 29
37 11
37 44
64 79
34 17
61 32
78 9
49 31
8 1
17 49
86 81
53 71
46 61
56 36
23 14
43 47
34 71
58 70
21 27
55 54
43 29
85 26
29 39
57 28
31 65
77 31
59 35
7 10
10 55
46 32
68 80
78 7
65 41
68 85
68 36
44 16
56 35
42 77
73 4
18 68
86 40
32 35
46 42
36 6
79 59
65 72
42 71
42 83
53 32
56 80
76 63
50 16
18 40
80 21
49 3
80 49
42 18
75 80
51 24
85 43
82 64
20 37
40 54
25 84
85 72
78 66
49 41
81 58
72 75
79 34
77 64
74 25
81 62
18 45
85 8
79 72
63 13
15 17
66 39
14 56
17 83
36 57
37 22
28 14
10 20
40 79
76 27
17 70
81 26
21 79
25 13
57 80
25 71
10 82
15 44
23 4
79 40
6 21
46 8
32 85
86 21
17 8
83 11
25 17
82 49
29 52
42 46
28 43
41 34
50 84
57 53
68 49
84 66
69 35
73 15
33 64
27 50
63 23
60 1
39 47
41 60
12 75
19 31
23 51
65 64
41 35
22 83
12 1
58 46
65 64
79 42
4 34
18 19
85 18
49 46
51 22
49 39
32 80
53 83
50 31
37 84
52 50
72 63
43 35
15 21
12 7
63 8
32 80
18 22
4 66
59 46
80 22
76 25
7 42
13 56
64 49
45 22
13 22
76 55
49 4
67 60
2 43
59 33
29 68
47 24
40 19
69 33
32 50
49 38
5 62
85 61
16 35
82 20
49 71
66 11
75 47
70 76
81 35
15 23
8 61
38 47
71 12
79 17
61 34
46 66
1 45
32 16
71 27
28 33
3 7
43 77
53 19
59 40
45 65
62 52
31 6
13 15
17 83
23 78
30 69
49 22
19 80
38 3
20 65
36 14
63 78
5 22
2 55
61 46
25 28
12 55
33 24
61 42
12 84
33 42
58 81
63 76
66 6
78 77
62 19
4 39
3 86
60 4
46 26
50 70
53 61
30 78
76 83
33 1
72 65
34 43
51 3
32 22
86 15
12 62
34 15
6 36
7 57
39 52
82 80
36 40
46 57
23 35
53 55
28 38
25 53
80 67
55 17
2 47
24 13
22 57
20 27
84 26
75 28
77 70
22 18
15 67
75 38
8 41
6 27
79 23
79 64
3 40
73 83
86 2
1 13
50 20
31 47
37 19
66 28
80 1
45 8
60 25
45 59
66 43
85 50
65 69
19 59
14 83
47 13
84 48
17 47
67 47
85 18
65 37
58 57
73 58
22 12
16 72
69 50
62 32
20 45
42 71
58 39
31 63
28 78
79 75
51 32
65 68
10 35
10 60
84 82
31 19
85 38
5 67
2 58
12 21
16 46
5 66
84 36
34 17
27 18
5 69
49 62
50 59
10 51
32 7
39 54
18 37
5 14
18 6
71 21
19 79
66 23
58 55
50 83
72 69
14 68
51 63
43 7
35 45
57 58
43 9
17 60
38 21
65 55
19 50
67 37
34 47
51 83
7 15
79 78
75 6
52 39
68 86
37 8
44 8
57 79
8 73
44 45
8 23
5 18
64 72
54 3
24 10
85 30
16 77
14 4
74 65
43 56
64 79
55 14
78 26
84 78
12 41
28 11
55 33
20 24
10 65
26 25
75 24
46 4
6 59
8 80
29 42
49 85
26 9
4 10
34 1
1 38
33 20
40 2
44 60
25 53
38 43
69 26
66 29
22 72
79 21
65 22
62 19
20 79
27 15
2 53
15 80
4 39
14 43
40 57
8 57
16 46
13 84
63 70
18 76
47 11

184 162
26 171
61 39
94 70
69 7
136 127
133 51
17 146
61 119
40 39
23 53
70 13
137 72
116 122
48 145
82 59
31 147
86 92
41 179
161 149
1 152
91 173
18 148
174 118
122 30
156 144
122 81
12 74
9 127
52 56
127 173
154 158
136 55
105 32
89 121
181 130
88 87
158 105
90 148
78 67
33 50
26 154
170 37
84 178
20 135
89 2
123 99
159 114
153 79
146 98
15 182
43 142
124 56
62 30
19 140
96 51
45 162
61 70
54 144
104 113
94 8
115 72
106 89
42 115
24 43
68 78
40 150
36 163
21 137
48 80
132 184
170 32
161 46
142 70
45 61
183 138
68 153
66 30
57 147
184 120
5 67
54 84
72 89
62 92
81 150
27 29
149 13
100 165
98 57
90 143
117 88
136 41
96 17
110 9
19 109
128 23
31 181
106 102
125 24
49 22
29 76
90 177
88 45
13 1
102 183
74 46
135 114
141 7
39 149
26 3
133 88
73 169
10 174
110 73
39 171
101 114
116 133
57 160
1 97
77 142
96 151
43 86
120 40
92 15
4 157
17 176
61 130
161 110
119 126
38 13
152 178
126 83
126 38
98 166
135 175
123 86
181 166
171 156
21 118
170 64
131 43
96 7
172 112
116 146
93 153
159 60
2 140
182 127
178 95
148 168
85 126
109 121
107 135
93 167
68 118
87 14
16 182
60 43
149 31
5 57
39 19
116 40
158 113

317 970
266 34
118 185
244 263
295 166
213 71
68 14
168 157
144 47
305 295
212 266
236 149
185 11
28 232
23 242
166 240
309 114
273 109
182 83
55 160
249 151
230 316
48 281
39 76
11 26
254 222
175 172
254 42
182 281
157 205
89 5
127 80
2 283
189 184
49 127
227 297
161 139
179 93
103 217
168 314
126 104
218 300
275 154
225 140
1 64
228 290
68 238
53 270
203 125
136 135
135 45
114 179
68 176
271 54
75 121
50 200
108 151
66 188
290 89
72 237
316 44
304 120
297 257
5 305
276 140
122 205
137 301
272 313
138 8
271 259
57 38
49 207
103 315
278 277
86 32
196 285
75 67
87 256
207 293
243 49
316 48
253 135
232 207
14 253
98 285
194 154
5 127
244 308
8 204
267 295
235 30
146 194
297 117
132 186
92 57
234 90
305 54
108 103
260 122
39 41
290 116
78 178
126 206
168 134
293 2
312 95
31 140
288 10
256 303
79 231
42 196
204 231
249 312
16 76
317 54
317 289
170 278
33 179
166 200
312 26
85 306
120 316
13 90
209 268
75 287
182 317
50 269
230 182
263 130
257 146
67 140
117 120
101 33
299 150
233 293
175 317
166 294
200 62
267 91
12 225
61 77
225 311
29 21
175 150
115 4
101 254
4 220
238 37
201 71
153 61
245 36
110 106
235 171
55 9
182 280
270 143
71 263
55 91
120 229
125 234
116 225
55 120
127 292
40 212
246 192
272 58
227 64
163 145
234 101
37 299
63 306
8 133
251 263
108 53
175 116
171 174
224 225
177 234
83 216
128 213
90 283
270 201
230 316
229 30
99 265
12 46
253 220
62 186
166 53
122 224
168 292
80 74
83 257
192 50
39 2
262 129
169 98
12 81
297 124
111 279
71 6
208 6
225 270
75 73
206 196
180 258
55 144
215 137
284 89
70 5
292 215
133 143
312 28
223 175
151 16
137 105
21 27
110 246
180 68
202 270
264 266
210 1
92 107
21 58
196 91
62 170
305 79
312 184
307 217
41 141
117 61
245 137
289 239
266 35
306 151
304 136
99 196
20 74
187 242
131 65
15 192
118 203
270 313
270 260
96 195
284 212
255 95
32 110
217 181
145 206
215 15
225 197
211 245
270 281
169 83
229 67
159 29
153 111
225 106
254 3
300 104
99 121
83 14
231 299
194 58
71 92
72 296
288 166
107 241
129 159
207 40
225 48
269 60
43 60
49 296
63 31
284 45
152 49
58 266
30 251
6 302
226 278
280 81
11 270
4 23
111 94
264 18
142 215
278 184
159 10
46 221
241 12
265 75
60 206
23 291
23 229
275 249
74 121
12 84
73 216
307 183
309 253
84 133
35 44
200 193
254 246
297 178
141 128
136 201
16 43
58 38
271 216
286 228
19 181
195 292
79 185
157 272
4 124
87 38
51 171
230 305
99 209
165 239
19 184
6 235
226 63
273 64
162 125
291 180
190 53
38 152
237 194
106 124
201 77
162 252
247 275
239 28
167 287
150 69
153 156
304 263
102 143
9 264
151 299
10 23
235 48
175 38
125 280
162 9
39 6
144 169
280 266
196 13
119 29
283 155
68 269
100 53
295 108
316 128
291 210
35 208
141 209
246 265
55 90
157 295
296 300
146 258
132 25
155 250
254 120
88 205
272 187
257 249
179 140
260 152
233 294
243 56
69 55
3 124
28 44
101 6
227 246
148 42
154 302
291 305
262 178
259 16
2 74
194 141
16 28
56 194
154 312
262 209
198 68
236 241
168 242
35 97
273 76
134 257
250 108
128 79
285 69
94 286
142 287
310 41
198 249
118 34
243 63
242 124
130 45
248 182
170 282
162 125
241 295
265 174
85 75
252 254
27 229
106 52
198 99
92 78
30 210
312 157
156 121
280 169
165 94
33 17
59 78
25 299
56 289
39 24
46 174
277 72
85 66
7 166
48 98
127 278
191 122
117 230
242 280
82 290
57 315
306 316
76 13
181 15
185 220
38 114
277 199
185 246
148 75
295 195
172 105
39 247
226 156
159 34
118 124
6 58
122 195
56 197
91 237
211 275
23 132
71 183
214 139
312 44
213 290
122 268
77 161
197 186
200 240
219 317
247 108
259 51
302 314
131 75
117 225
32 139
241 303
206 137
124 200
65 19
56 70
286 132
230 50
201 112
173 102
313 102
93 254
37 77
134 167
35 251
276 66
273 199
51 45
18 58
245 82
76 184
36 246
316 265
179 199
261 34
185 140
19 277
277 256
238 294
307 272
227 265
222 67
146 156
312 47
214 123
13 173
307 48
101 305
196 279
70 139
196 138
162 215
299 121
37 103
98 26
57 208
290 162
158 2
1 153
250 214
275 262
69 148
193 54
19 71
15 89
94 95
110 139
193 292
144 229
77 241
255 18
15 111
63 57
314 63
209 246
160 50
74 113
198 150
50 216
104 64
188 197
158 182
220 33
40 46
146 1
286 83
219 184
77 281
240 274
228 15
202 70
266 159
66 30
308 115
129 296
63 201
59 104
266 278
21 305
6 166
305 175
132 206
42 92
54 165
49 281
64 134
234 12
293 184
41 167
298 53
145 244
253 204
232 201
48 252
73 54
301 60
228 316
150 153
90 203
1 138
50 64
272 283
276 131
149 200
181 14
252 210
141 72
297 55
272 27
190 228
281 173
288 192
171 4
228 261
206 112
282 139
59 120
104 17
250 137
216 315
150 35
91 174
106 70
229 261
297 101
172 261
158 26
19 11
29 246
155 118
41 120
256 99
239 243
317 56
62 215
254 95
133 27
269 122
297 64
267 276
164 5
219 4
30 121
216 259
50 53
260 291
56 198
72 179
7 272
118 69
54 47
186 80
315 308
260 262
141 218
109 145
4 313
174 124
95 316
57 148
258 30
87 22
303 265
28 257
65 96
310 2
143 63
282 24
254 224
286 77
125 278
221 12
157 278
135 252
276 76
283 100
105 52
121 291
201 148
231 149
128 107
151 154
169 316
177 105
223 29
181 231
306 285
242 146
245 260
281 87
219 246
186 7
297 190
181 64
21 94
213 148
85 46
301 253
44 242
150 73
306 63
262 274
188 291
85 15
254 56
233 66
241 123
247 114
304 310
18 281
205 49
48 134
233 185
62 276
310 211
232 298
158 61
138 229
235 107
127 56
162 244
121 286
49 50
82 236
244 300
200 131
31 131
149 263
315 210
222 307
304 20
172 144
281 309
257 199
299 66
254 143
309 57
112 242
308 77
160 234
60 42
248 90
173 79
36 54
172 141
245 159
44 99
186 8
291 125
206 273
191 26
98 66
283 93
307 273
170 150
73 229
75 205
202 247
167 121
185 22
261 112
64 189
94 249
196 67
57 285
223 131
310 205
80 275
297 70
115 33
103 71
261 177
275 30
308 9
150 175
231 295
170 294
166 263
225 245
213 165
96 3
179 88
207 259
246 70
212 43
103 314
315 247
57 272
160 47
164 310
105 77
287 274
53 19
103 278
263 316
9 41
1 188
12 91
129 257
160 224
184 146
220 65
277 160
19 119
207 67
111 195
143 281
36 196
299 138
40 128
20 48
168 221
119 63
311 131
204 38
37 271
67 140
18 227
300 237
29 73
303 23
267 129
188 186
7 169
208 247
181 227
178 31
15 297
295 209
311 181
246 31
18 197
170 35
106 36
271 134
108 141
41 259
269 228
127 159
280 17
88 143
128 149
58 26
12 35
234 6
99 47
36 116
243 89
34 31
125 188
49 232
11 89
57 279
200 184
4 162
84 91
305 95
124 45
120 135
280 238
140 262
284 59
261 209
148 294
123 156
164 171
271 175
143 11
20 25
194 24
71 161
315 259
140 121
187 143
256 149
63 279
93 29
21 36
121 52
213 244
207 59
298 44
117 8
54 137
32 131
160 303
176 157
244 315
162 113
140 301
145 87
262 121
115 166
156 120
217 252
247 307
311 111
235 311
118 288
130 34
102 173
19 161
13 263
158 58
259 181
41 87
267 302
207 266
35 247
68 135
181 198
9 58
308 243
52 109
213 181
142 198
238 44
41 250
306 82
191 248
263 231
17 212
99 223
160 133
152 111
268 217
308 276
274 299
201 8
291 297
73 115
62 310
42 102
126 31
68 316
162 13
113 62
108 211
168 268
27 204
262 294
103 253
136 260
118 220
152 91
199 224
89 144
100 130
130 109
44 197
308 205
209 103
150 316
313 1
150 223
204 95
83 190
231 218
132 31
4 283
5 87
73 93
230 56
106 42
48 150
238 38
238 13
24 272
213 221
272 246
126 42
23 209
115 253
310 246
167 314
96 171
284 52
147 196
108 253
238 155
286 42
77 90
256 301
44 151
204 199

231 234
177 60
108 14
8 211
225 110
224 75
186 155
119 43
70 46
79 113
53 66
192 106
152 157
86 121
131 191
64 72
55 8
129 162
21 136
139 14
12 132
86 198
53 203
9 122
17 85
1 67
148 191
172 66
114 27
186 14
217 17
83 38
24 211
197 44
113 104
56 125
2 141
91 55
112 97
174 127
179 175
193 93
134 158
16 160
113 27
143 127
109 178
150 86
143 191
199 15
13 90
15 154
178 69
32 43
11 156
219 183
118 80
83 20
6 99
177 116
123 86
11 1
32 158
84 172
116 51
184 128
140 198
48 86
33 78
126 44
2 111
224 119
188 76
136 192
172 79
74 63
164 85
61 193
9 145
133 124
195 86
19 102
50 66
185 83
143 78
124 145
188 116
30 143
191 166
103 131
13 176
192 175
27 21
136 34
165 36
157 127
119 173
228 168
8 179
17 148
25 140
59 211
23 89
120 211
21 222
109 31
164 69
205 191
89 108
224 23
141 147
147 28
89 143
193 94
88 208
8 113
116 67
90 136
153 209
116 171
197 224
201 129
59 173
86 147
49 78
167 189
223 82
214 78
222 173
171 79
149 178
189 32
11 45
167 161
20 49
100 216
39 68
111 97
9 197
11 55
41 175
10 32
24 223
109 14
162 46
90 80
224 45
111 1
89 44
162 108
93 30
90 129
97 201
226 103
166 3
157 206
177 164
5 200
153 113
212 84
157 70
163 149
115 40
147 201
81 77
76 173
105 165
69 199
132 61
71 64
63 225
39 6
158 41
204 79
151 184
160 76
20 89
222 132
128 138
102 207
214 177
146 85
108 214
53 9
43 121
72 105
114 108
109 38
148 81
115 66
33 41
141 50
130 132
182 24
36 50
230 16
224 145
101 100
127 153
106 168
40 176
39 151
50 147
189 196
227 70
30 26
110 170
74 6
68 24
30 103
73 28
119 65
170 219
162 64
138 37
231 177
210 38
94 28
185 51
223 178
118 21
202 226
191 44
231 25
67 29
128 137
55 15
199 224
231 129
54 137
163 53
80 141
91 173
169 42
222 160

135 895
40 100
117 132
122 81
12 75
20 103
19 95
40 61
59 72
101 79
46 50
1 123
44 25
119 62
130 115
99 88
25 3
53 104
96 1
11 108
76 30
37 56
87 77
79 10
110 44
50 21
55 50
105 98
36 88
121 127
29 85
80 16
49 94
119 10
94 129
79 131
120 77
14 71
115 92
42 90
97 54
72 16
65 41
76 63
91 23
54 119
107 95
134 118
15 79
89 109
34 32
66 19
70 79
51 50
132 93
4 55
108 75
33 37
115 108
99 70
92 115
16 26
74 111
8 89
17 96
24 50
89 51
30 120
92 81
34 88
135 37
105 107
73 2
8 15
71 69
46 27
10 23
52 83
134 21
133 112
116 118
26 31
34 56
16 125
98 11
39 97
10 8
30 82
106 134
58 41
67 104
30 76
88 81
121 86
102 80
62 44
63 50
37 58
67 52
47 29
62 47
87 71
55 116
115 25
114 37
28 8
102 57
45 55
99 30
102 65
110 126
71 134
2 107
56 68
120 64
96 8
110 9
41 126
124 117
113 102
115 5
71 82
23 116
98 121
107 26
13 81
113 83
41 114
16 96
46 97
121 103
104 96
111 106
86 61
87 25
125 67
29 60
110 51
40 34
134 12
59 11
54 134
55 57
112 70
17 23
128 3
87 96
60 25
67 107
85 115
132 74
46 25
96 20
38 135
15 133
108 36
8 124
34 62
45 10
93 23
129 85
122 81
7 46
67 35
115 16
15 111
52 22
97 12
4 96
108 18
93 81
53 100
69 86
123 75
58 42
97 51
88 84
93 95
91 24
91 70
2 67
7 53
89 104
64 92
64 36
71 22
78 124
83 108
36 71
47 93
112 106
106 65
16 63
121 68
49 38
3 50
105 106
64 58
74 89
111 3
86 8
121 29
131 68
98 129
100 107
86 77
77 56
103 92
81 50
24 129
87 123
5 18
94 30
75 129
118 12
93 30
20 78
20 112
108 118
105 72
89 18
110 127
35 39
83 77
88 68
32 2
18 133
19 73
27 56
66 106
29 24
1 48
101 20
122 73
2 53
107 52
32 81
43 67
120 87
105 34
117 2
35 134
134 16
71 26
71 98
131 61
121 93
109 49
113 57
83 76
109 54
128 6
135 132
34 81
84 3
114 65
4 111
25 100
126 57
87 23
19 44
83 5
2 18
53 114
36 97
54 10
16 8
112 15
5 10
95 88
109 35
114 75
10 3
39 97
21 87
119 39
130 29
5 131
8 19
71 44
116 125
15 131
94 126
107 98
97 28
12 32
62 125
106 34
89 106
130 109
57 76
110 52
66 114
47 73
133 80
78 75
69 92
70 124
44 3
87 5
30 98
37 53
50 104
86 3
75 43
74 131
80 48
9 10
26 18
44 120
97 84
59 127
40 90
115 46
92 66
12 121
126 10
1 40
114 48
4 15
52 77
107 131
124 116
102 112
133 108
96 56
56 20
47 57
71 123
102 28
54 114
110 6
123 110
45 101
120 48
77 36
87 49
32 75
29 95
51 123
67 109
43 84
90 51
6 25
38 69
52 53
47 124
58 132
98 64
59 82
74 1
118 25
49 111
61 39
32 112
26 61
47 68
9 1
80 111
25 117
7 39
35 15
27 92
11 86
118 32
130 56
32 74
42 49
102 80
42 40
105 102
86 134
73 86
78 10
73 21
16 73
55 31
99 109
41 49
91 34
43 108
65 78
14 68
126 115
12 130
20 78
96 67
38 33
115 77
43 52
98 20
124 17
50 49
125 53
59 42
86 64
14 113
6 27
45 94
7 57
88 123
96 48
16 134
43 130
75 47
46 134
66 131
16 116
6 102
130 65
9 80
128 22
57 95
49 102
53 17
120 5
101 80
15 116
40 19
111 115
65 118
75 92
76 90
34 81
19 28
107 27
108 61
10 29
21 58
92 35
36 76
40 1
118 16
79 22
34 16
98 60
95 38
16 35
127 50
78 107
77 11
133 11
72 8
2 54
27 93
88 63
131 89
25 113
104 65
134 99
80 97
120 2
96 1
36 49
12 75
21 88
86 18
61 119
122 62
37 14
19 86
38 111
40 24
88 105
89 49
31 130
107 15
131 67
15 129
115 123
68 135
38 115
115 98
60 101
24 58
76 42
9 113
115 10
2 67
114 90
115 9
84 48
121 42
114 135
35 56
123 64
55 25
44 131
84 65
97 107
123 37
110 131
112 89
5 113
21 80
29 97
51 74
107 36
115 85
132 14
102 119
78 119
105 83
114 53
12 37
121 134
36 96
91 12
49 57
86 31
2 114
90 52
14 61
87 129
107 83
104 74
29 8
57 95
52 35
110 64
34 95
24 69
17 77
42 66
133 127
58 96
67 109
109 80
34 22
35 6
67 101
41 95
108 97
16 122
93 87
12 126
9 35
21 25
73 62
52 33
53 72
128 119
45 102
26 79
123 60
46 54
122 86
110 57
9 88
43 63
39 54
16 47
50 36
34 123
60 85
20 74
21 12
20 28
75 45
106 63
66 113
78 53
25 53
109 130
102 113
57 5
31 34
14 80
32 47
29 91
93 48
29 76
22 48
103 96
92 35
120 109
25 134
133 77
107 89
5 84
10 9
76 44
119 20
75 127
49 127
85 58
20 122
79 30
51 2
83 47
83 67
20 107
65 114
10 133
67 14
43 76
23 118
81 103
100 117
95 110
70 6
32 90
89 73
81 4
74 28
50 21
95 69
90 121
47 99
81 75
113 123
112 97
68 58
64 32
1 120
6 33
125 134
84 78
71 29
43 106
56 92
89 112
122 43
60 130
6 5
69 118
127 46
79 21
65 105
14 27
89 19
59 41
115 104
80 50
132 123
118 53
41 71
126 125
113 50
81 118
54 15
63 8
22 103
28 48
72 42
36 123
22 57
28 98
25 107
13 22
56 92
36 59
27 26
48 4
38 128
83 91
104 10
60 87
113 50
96 11
91 132
133 74
15 122
37 39
56 11
22 111
102 19
34 90
7 43
93 44
133 2
96 101
12 21
15 86
70 110
96 122
68 56
22 82
42 20
121 97
30 104
35 93
123 30
47 129
73 101
37 70
65 94
132 76
76 11
123 10
83 93
15 3
77 97
7 96
44 103
126 12
2 45
96 32
54 89
66 116
87 97
45 8
55 120
83 28
69 55
110 114
12 124
78 88
47 84
49 90
52 1
64 15
7 24
8 60
75 73
41 123
131 85
130 51
32 78
78 62
132 52
40 105
2 118
20 11
66 30
62 79
30 125
94 133
111 101
20 12
1 22
134 131
68 129
46 61
33 123
123 29
1 27
95 100
9 114
110 37
8 36
115 134
123 35
132 60
98 16
71 98
134 31
93 66
24 101
127 18
50 114
46 51
102 103
112 73
81 48
109 89
45 50
87 129
85 45
53 47
22 85
106 20
116 63
86 101
28 77
119 40
17 126
52 118
93 28
55 39
75 28
127 81
40 75
124 85
127 132
68 77
102 88
19 126
38 119
116 76
102 20
92 55
71 74
12 60
129 50
96 118
3 41
22 5
115 107
51 69
103 118
107 31
70 125
22 69
108 99
9 37
118 100
91 53
1 64
74 129
76 34
73 40
74 95
44 54
28 94
84 93
39 55
123 108
44 106
42 113
69 12
111 51
112 28
65 74
92 3
67 129
36 101
33 72
22 39
125 50
94 35
7 132
89 129
105 94
62 108
33 130
119 9
8 57
133 34
130 51
37 23
44 34
124 77
105 10
77 56
21 35
90 27
32 43
118 98
98 44
70 131
135 15
101 7
72 98
41 66
14 39
51 57
72 39
95 4
10 36
59 31
33 111
19 64
115 1
26 78
6 57
73 6
71 38
109 7
97 111
35 110
14 85
129 48
85 88
51 56
86 71
48 118
46 67
8 123
29 33
65 35
51 99
2 121
98 72
90 59
48 86
131 23
132 124
70 43
38 82
98 85
115 108
67 122
39 36
109 29
30 38
25 80
98 26
66 60
60 117
81 107
67 76
91 63
26 123
105 63
69 29

434 740
400 425
216 39
172 251
124 295
354 329
292 250
100 238
365 140
290 361
170 58
139 371
347 286
38 400
94 348
297 172
57 263
161 270
301 332
87 422
190 6
315 47
255 414
282 183
119 137
109 286
192 245
220 104
96 258
67 190
169 364
359 223
190 85
59 56
414 145
42 168
150 356
212 402
333 60
151 15
194 257
300 386
68 83
53 161
338 118
348 70
47 273
293 236
355 351
289 333
61 330
66 208
251 275
173 149
332 321
163 92
144 26
41 209
107 91
367 10
208 281
80 252
117 372
51 37
286 340
367 346
235 430
117 50
271 289
196 168
174 357
257 317
380 295
89 52
384 21
60 155
301 139
407 415
74 23
16 359
360 382
268 159
378 382
208 214
234 403
379 407
323 202
287 269
60 375
320 9
394 377
164 258
79 134
239 152
154 254
74 80
199 339
238 142
284 9
353 84
411 298
54 298
63 341
132 120
279 15
129 236
392 290
60 36
421 296
186 140
113 257
217 311
160 20
19 9
28 369
90 3
230 144
300 290
48 429
410 324
9 102
126 398
389 185
434 375
44 183
78 156
5 295
32 164
312 48
171 338
417 260
340 212
401 203
66 12
195 41
336 203
140 27
167 94
209 164
32 252
346 109
407 348
401 4
76 279
50 246
180 32
69 83
241 36
285 306
47 45
344 380
245 49
406 409
140 178
138 171
429 47
278 399
393 244
401 34
86 16
279 265
45 345
347 285
378 195
155 423
237 64
368 48
111 338
20 250
81 156
419 74
200 262
38 158
69 2
191 153
17 33
415 61
378 326
344 321
86 64
309 321
125 241
366 233
144 385
47 224
106 31
297 306
290 333
27 356
334 218
74 351
250 55
409 191
380 318
78 29
379 384
349 68
190 280
300 333
229 346
121 332
374 415
201 227
313 228
149 211
11 222
125 258
274 97
15 217
415 92
246 357
39 158
424 229
2 288
125 230
197 243
127 135
224 326
361 100
119 73
308 127
295 432
384 132
95 398
349 73
53 158
427 90
315 417
318 314
268 6
109 28
247 234
162 34
123 87
133 241
159 7
367 17
2 314
149 94
278 61
166 328
218 159
417 96
139 298
410 404
302 82
431 114
313 159
147 1
245 277
239 401
281 169
418 283
49 132
376 324
192 106
217 407
262 200
66 400
61 39
367 362
121 363
39 431
85 185
430 327
28 232
294 306
401 277
154 15
406 94
338 163
197 118
133 24
315 198
421 376
237 353
301 355
281 340
349 364
88 342
256 113
140 115
419 106
389 136
118 360
229 19
86 423
136 218
12 17
414 432
390 216
348 256
134 195
159 48
122 247
390 377
357 93
56 341
196 10
43 313
368 269
331 19
258 30
235 269
44 214
265 433
427 178
253 126
370 409
171 57
219 124
432 142
216 53
48 411
60 88
287 427
357 181
12 180
211 246
12 254
23 274
251 15
18 67
138 385
41 308
6 260
430 3
399 211
53 12
186 112
100 38
105 20
219 114
197 429
357 206
246 379
46 60
393 61
124 96
11 165
401 14
422 396
16 386
171 66
395 356
178 58
393 280
77 177
391 271
169 313
43 413
257 88
38 213
146 162
306 156
324 272
168 309
232 181
258 402
247 218
323 424
274 281
267 348
22 223
185 190
99 227
166 353
312 204
129 23
363 434
176 250
269 343
124 64
90 381
31 336
162 351
323 1
196 153
349 217
373 97
404 37
323 136
387 198
337 81
218 263
78 393
78 344
300 199
408 387
145 4
286 304
353 172
305 114
324 217
328 262
313 297
296 199
430 248
396 332
326 179
158 403
135 235
312 434
431 285
386 141
287 235
11 203
406 313
316 295
95 209
120 407
69 413
169 65
224 130
394 115
306 118
81 6
350 393
4 347
241 387
51 91
188 59
293 159
371 172
18 29
380 137
1 13
116 169
77 339
296 36
18 167
151 98
171 65
54 174
411 293
126 25
381 311
84 240
36 18
409 53
47 353
187 45
365 302
212 7
205 73
40 222
238 189
319 406
253 371
143 227
229 268
249 175
143 332
412 178
350 387
228 394
303 414
4 233
282 215
237 50
286 274
271 89
26 153
58 278
89 200
68 317
31 317
56 173
212 33
350 127
417 143
86 285
123 88
81 402
302 317
15 153
155 285
239 180
1 296
24 88
61 89
404 92
405 23
264 183
56 178
307 36
318 391
321 4
42 401
405 343
282 417
60 2
267 298
181 266
160 202
353 218
291 320
307 259
343 135
5 396
312 310
431 195
266 315
199 307
280 167
213 127
150 272
128 414
134 306
243 291
74 161
74 362
47 381
186 387
79 189
348 390
64 342
148 327
223 344
197 68
75 409
192 222
245 317
199 378
188 8
234 259
168 305
186 212
249 370
164 327
124 77
282 187
419 428
77 205
337 273
270 411
245 27
198 55
343 395
430 96
402 229
355 133
100 104
345 348
39 74
241 162
149 86
346 131
79 422
335 416
258 168
390 69
194 152
123 102
112 119
197 77
345 115
209 8
219 119
356 255
191 160
415 337
243 324
33 322
312 365
301 135
98 254
201 291
405 324
390 80
6 150
156 350
265 365
358 47
47 277
299 237
434 279
139 242
169 127
44 97
425 178
194 245
377 48
213 266
3 291
269 153
12 182
415 374
103 25
419 379
323 219
376 168
356 182
334 90
308 377
187 299
118 378
107 60
424 319
323 426
173 157
142 183
339 120
122 7
144 104
384 31
323 196
244 70
95 331
378 37
81 240
152 23
346 212
12 228
98 1
401 255
141 149
157 260
268 161
402 370
108 432
258 431
193 65
64 285
395 7
319 40
244 36
62 153
245 73
381 343
73 345
161 213
57 315
37 322
39 4
257 147
433 78
141 191
142 204
39 101
209 357
140 18
392 201
171 201
271 115
107 341
23 267
120 77
145 154
398 183
157 219
327 155
296 33
343 2
235 381
102 9
301 239
24 258
3 192
22 273
304 128
179 326
392 296
402 102
15 364
285 169
148 177
321 7
208 229
8 173
107 14
39 345
35 295
345 227
314 181
94 8
360 420
399 219
385 67
234 312
351 400
25 91
287 32
298 79
37 305
252 142
316 288
50 351
146 395
141 26
141 234
31 64
217 429
283 166
59 80
43 409
45 66
64 331
95 361
410 131
230 225
272 111
76 322
25 222
280 165
245 420
399 275
48 179
267 330
344 326
407 387
300 15
18 361
346 112
288 319
240 81
107 76
191 182
395 216
401 240
378 209
223 340
49 270
85 316
165 426
207 135
376 70
150 391
431 59
66 282
375 304
362 47
379 116
226 339
329 191
144 273
399 366
176 12
202 260
325 364
250 95

399 933
197 191
384 240
179 358
101 189
388 271
233 253
350 365
178 118
240 347
164 140
118 305
387 345
100 39
251 132
124 313
216 320
104 200
161 70
345 49
46 122
320 66
374 58
32 340
175 59
287 127
198 5
32 372
137 318
11 388
238 321
301 54
242 193
41 3
262 173
238 308
82 345
373 57
3 192
396 365
251 283
92 236
76 310
209 212
228 7
387 253
328 289
94 170
82 134
359 131
95 197
39 176
143 200
20 145
391 16
110 30
87 388
266 349
298 262
348 314
268 336
354 196
13 49
153 281
369 299
12 64
97 238
28 27
225 47
358 4
250 256
34 124
244 299
73 330
348 208
32 216
331 385
200 343
34 140
224 4
40 24
254 323
261 281
349 273
328 95
276 365
350 309
89 382
395 348
100 343
156 131
160 88
303 147
218 125
286 230
128 113
253 169
36 301
51 172
174 166
267 50
131 5
147 7
386 142
354 86
273 297
4 220
172 307
366 390
32 40
8 346
153 260
115 188
348 165
148 309
118 15
146 36
206 292
42 193
222 183
66 95
81 70
102 40
376 68
30 195
107 224
141 47
271 43
235 219
395 170
315 113
371 62
149 177
141 377
369 150
161 223
32 29
292 133
68 56
200 285
250 95
109 178
141 380
220 163
386 215
332 302
328 303
151 264
81 291
241 237
42 2
60 73
30 139
206 285
194 193
170 231
287 66
9 216
46 17
378 33
231 99
122 346
2 272
397 269
163 239
107 391
28 353
252 245
93 245
130 74
38 87
305 113
152 313
328 198
117 94
18 348
192 139
82 381
198 80
250 148
318 144
140 133
98 179
377 24
107 51
248 193
355 360
133 57
76 330
173 357
135 308
149 273
390 130
71 257
168 6
175 311
145 307
196 111
73 173
134 366
12 170
347 154
130 80
397 393
10 358
138 331
266 286
204 44
204 62
300 371
67 262
70 399
357 266
110 30
226 32
395 237
201 342
391 118
209 388
298 6
346 36
336 1
110 327
231 101
388 132
259 243
181 328
30 138
194 326
354 21
145 138
45 133
267 36
251 77
212 336
82 345
372 19
133 269
345 364
369 122
283 228
152 64
156 368
202 138
82 343
345 227
81 389
359 348
213 397
25 212
334 293
157 94
311 290
362 45
42 119
166 324
346 105
387 289
73 376
214 341
320 346
168 188
336 315
136 336
100 347
148 34
29 92
314 339
169 64
171 210
182 124
134 315
228 309
205 88
285 206
30 392
153 384
181 276
87 104
399 187
52 147
8 80
26 110
206 382
173 165
192 355
288 114
58 304
23 50
179 95
256 395
88 196
168 268
72 254
371 71
228 210
5 236
77 217
345 71
199 305
235 179
48 310
292 106
214 102
155 181
196 198
176 283
393 131
338 65
385 310
322 213
120 326
236 384
144 368
55 130
62 289
308 109
199 387
214 201
276 157
381 73
142 344
143 136
76 269
387 61
179 310
61 86
24 85
70 354
240 124
85 301
13 180
11 399
355 12
200 231
355 181
91 98
125 22
233 200
290 8
48 256
317 296
341 129
168 199
83 8
322 354
97 123
135 294
309 90
93 109
108 49
77 199
333 388
8 166
189 297
360 24
153 278
107 281
7 62
80 276
257 190
231 353
100 365
247 196
242 339
304 137
175 380
123 108
368 130
61 344
27 22
156 366
87 50
36 280
112 302
156 368
279 386
109 378
139 355
174 168
82 265
305 45
33 28
152 189
158 1
320 371
22 263
126 295
313 161
175 212
250 330
180 130
105 288
295 31
31 257
199 299
122 104
343 342
318 283
131 263
283 51
235 92
314 148
386 15
96 348
226 345
278 193
75 170
81 370
201 298
227 399
384 136
290 328
78 208
398 208
72 69
47 94
160 148
241 333
162 336
281 175
69 346
367 144
304 235
114 105
133 128
291 117
263 368
232 341
363 18
336 35
86 170
315 33
317 343
365 266
67 34
41 136
168 8
279 72
242 180
176 162
307 254
67 357
222 86
298 185
104 23
8 189
192 110
222 297
54 374
163 307
9 391
43 363
186 109
35 216
76 397
377 382
251 44
128 260
317 26
45 21
235 239
209 28
349 218
112 190
380 62
97 176
53 327
139 27
36 173
242 112
170 219
281 208
51 9
68 367
222 299
175 57
139 171
271 88
389 170
65 157
232 161
332 284
88 71
98 124
31 339
23 387
346 303
195 184
100 50
338 321
348 113
165 87
283 224
361 60
393 26
216 225
374 148
297 62
6 394
372 223
334 394
397 68
86 192
251 372
29 189
81 377
301 245
251 371
69 1
32 250
213 247
75 187
183 159
249 375
341 9
199 63
191 196
130 64
176 380
36 391
356 116
368 45
360 8
16 217
8 47
254 8
294 116
195 264
275 231
239 216
239 225
278 30
209 195
93 172
362 315
163 318
31 319
362 179
114 377
183 308
25 37
315 106
152 110
369 27
340 395
30 367
9 95
184 217
289 65
176 251
379 126
356 11
45 318
189 158
296 159
253 108
195 169
1 346
278 157
161 7
152 377
161 160
73 344
164 149
9 127
1 388
253 144
186 297
63 162
243 146
320 96
41 115
52 41
248 330
197 196
124 348
174 72
296 246
16 247
394 212
374 182
387 227
326 173
311 176
122 341
321 42
225 361
343 276
2 378
393 385
175 304
333 348
375 17
381 179
264 375
390 26
345 377
252 271
337 350
47 246
292 155
287 117
303 18
180 92
395 174
77 357
78 197
305 54
214 286
232 265
50 10
78 182
174 329
53 298
67 286
144 358
228 218
262 131
235 43
222 18
4 298
375 81
95 68
321 96
142 153
148 378
349 225
160 123
341 399
21 9
285 164
154 300
381 204
31 4
34 40
22 37
125 184
117 7
39 103
180 378
38 158
328 263
317 238
391 316
259 187
388 210
341 76
379 145
293 382
178 332
191 2
57 162
118 251
201 343
353 380
110 178
326 225
228 31
63 220
135 109
7 310
319 135
386 298
67 279
68 32
399 259
33 243
21 151
94 221
281 234
389 390
13 103
215 240
133 66
60 55
174 254
365 93
388 351
178 56
18 246
87 17
292 120
260 100
58 353
109 338
375 98
117 387
387 119
15 120
184 262
175 358
116 327
238 104
278 17
346 295
50 34
100 129
340 359
228 397
100 336
123 75
221 27
249 208
146 264
116 329
126 78
75 241
5 313
132 70
117 79
152 353
299 251
82 239
397 309
24 285
34 333
147 254
360 396
63 106
48 365
222 173
43 297
201 47
397 120
303 301
385 55
254 72
306 335
310 91
32 121
375 65
55 123
107 15
119 356
307 353
321 316
126 151
213 114
197 397
233 287
298 7
341 339
78 247
62 176
338 94
296 101
345 138
223 239
339 129
195 34
82 116
350 394
266 350
108 250
136 129
137 34
135 266
161 399
113 222
175 238
103 259
339 236
184 349
75 311
79 270
344 160
173 82
342 227
33 50
264 168
365 189
388 287
55 149
287 354
371 249
193 261
295 319
97 80
268 172
390 134
42 122
82 214
204 24
228 236
260 93
191 226
281 179
113 335
116 187
289 274
37 269
135 331
375 232
198 244
4 188
377 232
310 59
233 301
269 62
137 130
154 115
355 35
293 255
157 9
43 233
282 266
103 205
197 78
37 395
109 227
370 274
59 68
120 291
368 389
352 292
119 293
7 261
115 88
116 271
283 345
105 353
211 394
158 196
72 194
191 368
21 348
242 266
17 361
344 384
138 297
65 44
377 71
304 93
345 208
151 229
153 255
182 364
37 339
160 109
320 138
264 128
86 293
393 289
42 337
62 180
22 126
223 399
383 315
279 329
123 30
158 275
73 339
27 109
66 373
5 385
298 268
113 172
161 293
61 203
230 122
170 40
35 180
226 19
95 105
347 217
321 292
280 181
231 94
290 296
255 294
69 153
350 368
324 298
261 173
288 278
82 245
317 117
26 330
135 120
222 269
125 144
161 192
324 179
285 2
262 140
84 330
81 34
298 192
119 346
364 195
224 234
40 329
350 65
259 272
185 82
141 309
13 89
101 336
267 173
126 129
101 209
246 181
30 331
160 148
277 312
342 288
146 382
217 96
234 77
155 19
345 295
115 357
171 3
81 38
363 206
353 64
15 386
32 231
317 191
379 381
103 109
57 248
278 274
131 113
138 285
318 83
367 221
227 138
223 307
362 186
301 103
37 315
89 68

300 533
274 7
250 119
209 31
140 193
37 42
240 133
183 128
48 16
234 178
280 116
278 255
95 134
91 117
159 135
217 60
98 242
66 47
113 26
77 252
270 165
293 209
49 227
89 96
243 74
25 274
241 3
228 36
136 70
204 46
257 120
105 54
114 222
100 278
248 229
229 217
145 273
178 194
252 18
41 246
143 66
219 84
68 198
171 255
20 74
1 276
245 157
29 110
79 128
87 26
108 15
294 253
40 171
146 43
240 238
288 83
3 258
218 122
155 88
129 174
161 129
201 105
285 229
215 63
109 53
140 216
68 134
220 159
56 117
201 48
55 240
130 57
197 47
179 103
186 7
29 46
187 229
202 223
158 168
38 18
221 229
233 40
62 205
250 170
21 150
217 75
141 98
132 37
196 62
191 81
120 219
178 58
200 79
280 109
299 69
126 219
298 110
10 111
14 259
280 35
160 248
109 300
45 292
88 240
105 278
72 224
249 33
148 80
13 256
78 133
133 48
130 242
57 241
8 15
272 42
174 272
202 173
16 246
12 8
50 289
79 26
237 80
58 136
159 122
143 288
255 275
35 136
269 91
128 276
105 152
69 30
123 270
254 190
267 265
197 69
253 28
146 242
107 255
129 17
77 272
4 83
298 38
270 266
128 98
241 284
249 9
13 71
31 266
260 49
282 209
117 234
288 262
227 146
269 108
162 45
79 217
179 76
254 148
94 133
297 86
168 297
95 232
67 177
249 79
225 230
39 94
215 26
107 142
171 75
249 84
171 79
300 49
206 5
249 299
137 297
137 56
294 231
287 112
159 235
190 135
164 228
228 78
5 35
271 175
109 271
258 32
101 257
80 59
261 80
109 149
77 245
256 122
227 294
233 85
228 123
220 143
102 199
273 107
233 295
33 94
18 291
125 118
299 256
176 12
88 285
212 216
281 168
37 208
213 269
292 141
143 263
35 245
162 59
103 146
54 135
239 71
177 115
240 228
123 168
291 210
204 202
125 184
121 213
91 34
181 83
226 24
97 12
20 258
71 174
104 176
60 94
298 289
261 237
216 83
104 258
44 59
159 220
243 32
132 33
117 12
167 94
87 264
105 158
221 227
31 76
102 143
222 99
131 182
88 98
16 243
55 59
2 265
278 244
48 109
28 164
172 195
257 11
210 62
168 182
288 251
258 142
93 179
292 275
112 79
124 127
74 178
185 75
194 162
70 242
22 97
157 193
43 114
203 252
227 123
134 266
73 143
107 217
73 99
243 184
229 66
62 2
295 298
76 240
211 197
181 232
46 38
176 88
203 79
92 129
253 277
94 25
119 253
293 243
51 235
178 279
52 239
33 46
288 160
285 198
57 218
129 102
7 4
241 209
134 84
37 86
60 182
162 230
186 206
224 236
140 101
267 191
91 51
288 78
210 25
275 266
242 155
119 248
211 112
156 44
195 244
182 7
177 95
288 63
1 212
50 192
12 68
135 155
118 174
232 28
198 207
45 139
61 216
138 271
27 45
67 273
288 300
31 217
146 19
31 198
282 80
90 293
148 276
147 17
149 131
96 99
89 141
237 201
108 127
224 134
171 290
158 211
41 241
127 186
259 157
84 292
288 225
284 187
200 183
204 100
65 299
198 153
191 187
53 298
65 276
183 235
17 93
197 57
33 23
295 43
231 130
34 271
54 69
157 5
3 112
156 67
163 106
219 105
292 272
103 56
247 37
42 264
129 239
72 213
13 66
7 296
247 40
266 52
109 174
108 163
38 264
230 200
69 148
4 112
119 158
219 118
247 12
133 127
250 256
40 15
22 46
10 20
138 27
72 298
252 179
160 289
194 89
188 262
237 244
125 107
101 95
276 99
107 108
226 108
64 265
122 137
62 183
156 199
261 279
196 213
158 56
201 51
196 141
65 132
84 241
291 236
36 266
35 142
126 12
1 241
276 175
77 89
109 284
40 70
15 287
34 224
94 234
274 290
74 90
173 209
31 163
197 118
181 231
11 6
242 11
246 269
185 74
109 46
109 148
115 123
135 148
98 228
133 72
217 259
213 142
219 295
4 115
112 184
45 122
241 38
133 238
58 69
11 167
114 172
66 280
46 252
179 144
180 12
267 148
270 179
289 240
226 45
55 37
280 151
159 221
189 43
158 298
163 221
164 277
144 282
8 189
233 187
84 164
198 50
64 219
281 104
158 258
148 212
294 128
63 204
100 3
246 9
300 109
229 216
137 72
197 144
13 181
82 148
45 31
250 108
249 230
263 159
187 111
122 232
290 236
136 89
290 81
97 290
241 78
257 129
201 205
25 213
85 106
113 181
137 62
40 137
291 3
47 229
113 169
212 154
156 47
242 146
180 90
135 172
167 143
1 68
47 77
32 183
182 144
64 70
205 155
259 247
157 5
227 21
173 191

116 982
81 23
10 52
77 24
84 79
42 48
22 88
84 86
10 61
5 29
95 90
28 53
88 60
1 115
5 98
41 22
90 5
37 99
49 113
114 16
67 39
63 81
2 22
50 3
74 46
32 52
19 51
96 99
110 97
97 106
70 21
12 35
17 40
9 65
36 6
72 94
44 10
50 37
31 91
39 97
21 62
32 31
112 4
13 98
92 109
87 45
5 90
71 22
13 79
78 40
84 34
10 3
43 59
39 66
34 77
38 54
23 61
84 10
64 89
107 39
73 70
75 78
35 29
91 48
107 44
79 66
77 88
68 112
23 106
53 56
59 90
101 73
34 60
82 90
32 65
12 105
10 87
58 44
107 32
83 98
75 46
47 28
9 107
15 31
96 59
78 30
24 62
102 57
6 60
22 29
8 34
17 112
66 52
102 97
19 83
48 56
6 67
56 112
81 79
83 15
40 105
38 102
90 86
99 25
108 11
32 17
20 40
12 85
84 113
66 94
72 105
33 69
55 80
64 11
42 22
25 82
10 54
67 92
23 41
116 14
51 24
30 70
63 33
31 30
30 88
7 93
76 31
45 6
111 100
16 28
113 32
109 7
85 51
98 107
91 89
113 18
112 18
87 51
51 109
72 80
71 40
39 101
84 44
87 59
51 115
55 82
99 53
50 26
26 33
116 115
29 17
110 38
96 44
88 116
35 52
70 74
82 46
33 10
9 91
60 115
22 18
97 74
67 6
100 99
114 98
3 6
83 41
93 3
4 65
110 39
108 63
112 73
100 29
74 100
111 10
98 16
27 71
90 93
68 73
68 65
46 62
63 12
102 39
6 98
95 115
20 86
53 7
35 37
35 100
20 30
109 110
37 19
64 10
104 15
74 47
72 3
108 18
7 86
56 4
59 27
3 78
112 55
84 22
83 111
6 103
16 106
96 52
1 35
54 96
41 11
26 112
6 9
5 4
86 53
7 28
79 9
97 66
56 65
88 22
51 85
116 66
66 87
109 66
5 46
45 46
49 62
33 46
63 38
49 32
82 47
52 44
48 32
109 103
88 72
116 14
32 116
71 98
86 64
47 91
101 84
12 33
21 36
78 83
65 2
107 30
41 42
73 88
65 58
66 29
5 65
42 37
64 113
10 34
52 48
116 36
15 3
61 36
38 14
110 103
8 100
16 48
17 81
19 82
14 84
110 18
32 27
46 88
15 55
5 58
103 112
86 109
106 30
20 27
35 14
5 42
113 13
89 14
93 99
87 98
58 72
115 82
98 37
53 105
83 49
46 61
36 15
54 25
36 65
51 71
78 48
104 67
60 69
72 28
51 42
9 101
113 115
66 86
27 110
66 110
34 112
54 69
2 99
85 38
48 11
108 9
58 87
67 1
39 22
20 82
63 20
66 51
19 7
21 37
108 86
30 25
73 84
85 75
66 53
112 105
63 95
114 5
65 56
113 96
78 9
61 24
28 2
67 38
8 79
75 107
48 104
7 113
63 91
71 5
27 58
109 81
28 98
77 92
38 66
63 115
74 7
14 101
8 72
23 7
34 89
113 74
76 3
70 15
85 16
19 103
73 3
68 100
93 20
67 14
85 14
4 42
12 9
27 12
81 41
18 114
13 7
63 80
1 16
94 86
31 104
64 95
99 7
70 75
27 13
80 111
18 83
37 29
83 55
40 39
87 50
29 99
56 91
54 48
99 32
17 13
11 73
100 109
79 45
59 105
57 22
100 74
96 12
95 55
58 10
93 28
59 5
2 106
88 55
38 70
78 46
74 89
2 57
73 81
102 16
61 34
29 44
100 9
47 78
55 104
87 31
7 22
28 8
11 107
63 40
60 24
86 17
104 79
66 61
35 43
68 96
76 88
15 59
96 62
12 34
41 91
57 48
112 76
47 114
66 109
38 9
9 115
17 104
77 74
48 112
116 107
91 68
79 105
10 50
42 14
76 75
104 16
114 91
83 44
88 32
29 9
40 37
7 48
24 76
6 64
71 113
46 45
64 116
25 66
50 59
79 1
17 66
8 14
32 90
57 3
5 85
4 36
113 2
75 13
77 80
68 31
77 113
67 24
113 92
81 38
26 43
38 42
100 45
55 15
18 111
18 14
72 13
41 68
14 115
72 91
79 23
5 31
12 64
46 8
31 11
37 56
45 74
97 29
110 35
35 3
21 52
16 84
64 56
28 70
46 99
44 8
114 40
30 9
103 68
16 17
78 44
64 114
1 44
26 102
70 61
104 83
104 111
50 44
42 77
113 87
60 40
87 57
71 108
57 58
59 64
66 12
107 14
10 99
49 27
84 3
87 63
85 67
57 18
110 90
87 98
60 22
13 22
70 83
14 10
16 72
73 82
76 63
87 85
45 19
111 4
13 74
66 89
24 114
99 9
87 69
106 22
90 2
36 35
76 49
44 92
112 108
57 71
54 19
31 90
37 26
85 42
91 34
14 114
23 112
6 101
64 103
6 29
96 33
63 55
81 98
30 69
89 78
15 18
96 38
99 9
55 67
50 29
92 55
26 114
51 23
98 106
1 96
11 96
12 73
34 85
47 64
29 11
17 35
29 113
72 3
113 10
70 38
30 37
92 55
35 26
69 8
8 69
95 18
48 99
82 74
67 12
13 87
23 29
5 43
17 69
45 13
70 106
50 100
27 18
30 53
35 99
60 42
43 39
51 83
21 17
40 79
20 52
41 42
72 37
76 89
105 113
93 51
102 27
26 4
36 55
56 70
29 116
104 64
30 38
30 42
54 69
112 74
112 36
107 67
72 59
31 53
55 8
103 32
26 12
36 61
58 91
6 87
82 109
34 103
31 55
28 76
7 15
25 110
50 16
52 114
66 83
50 4
90 28
27 115
39 62
51 88
29 56
58 102
41 83
89 71
21 108
22 19
7 47
4 48
54 56
45 3
14 94
114 103
5 24
93 35
78 19
7 98
66 56
83 106
15 55
52 27
47 74
38 45
4 41
92 49
88 21
51 101
106 40
79 103
63 47
21 16
65 19
113 15
67 80
4 73
10 56
99 48
5 20
92 116
53 60
48 24
80 90
9 61
13 87
47 75
18 60
83 74
78 79
80 20
34 84
92 44
15 75
91 11
86 59
10 22
2 57
38 73
22 46
17 34
8 56
100 17
115 66
83 68
21 46
88 54
5 55
97 19
5 64
29 91
6 30
104 115
78 25
63 99
70 71
16 70
10 116
78 8
57 44
68 77
90 31
15 94
85 103
105 90
50 9
56 47
39 43
37 116
68 99
99 13
54 114
74 55
105 36
55 38
79 6
114 44
28 4
22 112
107 10
77 32
10 16
71 48
59 107
48 2
82 22
14 11
11 88
65 116
115 111
29 77
116 26
5 27
30 18
15 12
19 91
43 28
107 113
68 41
96 115
42 61
12 47
63 22
10 11
13 8
6 41
77 113
67 81
16 88
90 30
99 100
112 17
11 94
6 78
18 101
68 51
37 79
98 99
93 107
109 105
107 106
30 67
95 88
23 110
59 112
15 33
87 2
49 97
96 54
51 105
30 110
40 66
65 13
48 41
111 33
29 101
14 50
51 108
21 73
93 71
60 99
103 30
101 28
3 80
73 45
68 103
30 99
52 94
111 92
18 106
116 39
82 13
88 9
113 101
73 89
55 17
64 34
38 48
61 32
3 17
68 62
111 98
45 39
75 31
14 85
12 5
115 94
17 86
102 13
70 58
94 9
66 41
42 96
80 94
3 82
102 71
27 97
52 71
11 2
94 16
78 105
20 76
82 36
46 59
41 107
109 10
107 58
42 24
29 5
1 32
86 103
102 104
75 29
51 85
22 28
100 16
3 59
90 30
96 32
62 79
16 71
69 66
104 93
94 108
85 9
69 63
102 57
21 6
107 97
28 10
72 3
25 66
53 106
88 25
14 33
103 29
96 55
94 83
23 72
67 108
72 19
54 50
67 55
49 39
74 58
111 68
75 60
5 64
31 29
77 56
15 106
35 61
83 109
84 30
59 67
94 70
4 27
12 62
73 61
101 23
2 95
90 76
30 86
24 61
114 92
108 4
81 26
65 40
10 24
69 61
90 38
6 85
64 17
31 13
77 7
27 79
101 116
30 6
86 45
58 75
21 49
79 101
66 19
16 68
42 85
12 7
6 17
91 62
33 113
66 102
3 92
56 95
83 85
101 52
14 34
3 26
83 81
10 24
99 26
91 16
102 22
99 110
104 36
19 101
101 4
95 76
59 66
43 19
42 86
24 75
88 49
33 44
51 57
18 68
31 33
53 9
54 27
110 34
63 12
10 47
7 96
115 65
45 33
76 86
2 99
37 82
24 61
9 74
1 27
25 24
51 69
24 97
95 17
14 41
29 23
80 35
2 78
92 39
110 51
116 103
25 36
68 40
97 69
113 89
87 13
104 21
81 11

435 359
173 391
345 259
405 39
198 51
290 426
118 217
33 30
399 311
319 81
379 407
265 173
60 293
380 127
393 18
369 364
243 106
312 144
356 281
183 111
323 29
101 5
238 134
27 201
9 345
273 387
308 103
116 359
387 53
50 336
70 419
265 304
81 133
4 429
405 186
104 293
207 204
289 1
329 315
201 329
216 30
273 80
124 388
4 76
5 53
403 66
28 232
369 101
356 373
94 326
115 197
183 313
392 36
313 286
343 70
171 115
100 8
195 223
396 198
290 392
242 258
15 270
54 383
362 410
312 20
292 419
216 39
296 164
66 174
6 400
243 177
80 342
184 274
130 136
28 419
85 269
241 99
95 287
38 21
253 350
40 109
333 247
139 193
411 196
366 416
161 174
157 232
80 333
70 201
33 97
185 117
357 417
207 17
268 245
29 85
159 69
185 48
315 240
282 76
163 263
228 328
411 24
399 308
85 165
333 173
341 14
94 322
221 102
147 22
131 223
180 199
408 219
70 287
23 344
354 177
171 146
69 138
169 33
11 253
197 343
417 94
348 76
415 125
177 126
146 307
349 317
62 313
100 124
164 115
32 83
291 194
220 352
331 389
384 333
198 137
232 180
230 145
247 201
261 423
319 399
287 224
280 340
101 372
20 256
51 43
338 333
236 123
249 124
68 189
13 257
317 245
428 103
381 239
304 198
219 179
161 70
402 433
401 67
369 421
322 411
20 217
300 248
331 106
371 398
294 375
211 168
176 204
270 121
7 130
311 225
308 36
286 274
25 252
332 393
229 219
360 248
427 225
60 322
322 422
276 172
354 51
339 94
254 166
207 253
295 82
42 160
117 320
425 134
136 322
91 356
97 8
160 80
224 212
401 110
198 241
281 116
283 177
202 102
342 408
354 193
54 387
344 162
271 326
295 398
204 378
310 300
385 35
379 165
246 336
274 435
133 111
108 415
279 301
81 177
273 426
362 326
370 270
44 205
160 339
160 363
273 34
219 214
60 154
378 297
54 208
289 178
310 388
158 154
253 230
322 90
221 248
407 147
75 7
351 226
345 67
146 174
101 356
387 152
67 329
14 112
93 302
290 403
254 12
113 63
241 434
152 18
239 115
164 305
121 72
87 23
138 232
196 238
153 140
390 219
33 395
322 118
261 176
85 71
187 189
133 428
179 276
10 417
390 166
278 75
237 365
89 374
161 285
169 305
424 123
80 13
74 402
130 326
142 206
396 321
394 85
313 138
360 314
111 306
44 389
372 280
318 26
211 35
302 379
332 282
58 403
294 131
361 416
21 60
186 408
380 137
57 249
274 408
119 384
278 155
329 214
426 203
231 201
230 97
144 126
378 201
85 229
331 11
209 343
70 386
315 6
87 371
246 360
343 364
301 177
83 186
383 74
389 178
274 183
267 418
300 201
175 384
429 63
386 194
405 12
145 285
17 231
212 262
148 120
183 5
288 265
190 235
330 135
405 169
309 228
143 173
428 317
114 422
379 64
180 341
76 316
190 84
104 401
338 251
77 85
247 357
341 428
148 236
128 117
396 428
336 103
166 329
411 279
307 347
334 43
252 401
359 433
50 27
398 379
269 32
28 72
388 368
64 100
168 183
217 128
176 109

457 787
133 249
214 49
376 145
424 124
364 270
310 360
167 170
358 440
421 1
279 448
274 278
254 163
133 204
169 319
237 420
264 370
211 20
443 154
164 409
302 95
246 154
22 412
323 404
419 287
404 240
277 221
61 73
408 218
301 144
79 81
131 342
18 366
386 3
62 117
437 363
237 250
84 258
230 407
230 191
261 201
431 105
446 59
178 421
301 46
108 379
151 263
288 193
172 216
196 258
332 200
164 111
449 272
394 221
246 166
437 49
366 435
154 355
36 356
318 336
426 450
282 145
256 112
337 452
352 100
252 226
299 440
362 316
255 298
104 43
6 83
117 396
60 295
318 120
218 179
23 186
196 329
330 451
8 235
13 359
334 265
153 201
247 57
59 44
379 187
112 409
295 228
347 379
90 208
42 307
411 89
60 149
418 390
168 425
192 180
352 68
444 47
268 259
103 351
327 49
106 438
457 400
233 346
321 322
121 387
196 74
19 256
248 4
213 440
453 404
162 347
14 174
418 307
432 63
225 326
136 330
307 135
297 107
24 161
454 169
90 192
268 133
15 58
136 227
65 157
173 226
46 212
424 7
86 423
94 335
292 230
208 166
364 72
272 412
232 293
149 347
53 416
22 67
41 183
319 105
339 34
355 409
270 322
440 380
287 77
258 146
331 33
311 262
104 151
242 361
11 390
250 63
373 296
155 413
21 16
85 384
74 439
336 369
328 318
291 183
419 116
328 317
173 207
122 302
357 388
230 392
320 22
455 260
342 152
215 363
167 324
314 240
305 192
151 176
78 10
358 64
150 253
381 323
2 70
192 383
457 421
318 344
10 315
146 351
34 385
256 225
251 113
7 98
329 183
298 431
217 223
38 366
19 418
256 20
30 447
403 54
410 263
397 419
145 110
338 178
37 136
402 312
273 433
409 170
183 275
143 399
40 180
333 58
140 131
103 194
146 73
247 123
360 211
110 47
320 447
249 381
150 218
235 448
218 212
160 401
29 302
367 93
25 267
176 189
423 278
408 111
375 222
258 277
433 367
323 320
381 114
269 74
356 46
64 116
257 223
59 310
92 451
403 141
260 146
330 225
423 305
360 340
69 161
159 69
95 49
389 19
187 200
117 85
270 205
200 95
452 284
404 86
302 374
227 104
62 124
354 52
428 256
416 64
441 142
133 79
190 64
122 401
288 238
28 100
442 253
194 4
104 166
89 405
82 340
51 169
31 429
220 26
228 204
90 211
345 222
314 103
310 435
46 140
215 99
264 224
351 26
227 22
216 341
426 322
248 44
33 279
16 278
304 243
49 393
21 393
182 335
63 34
312 109
198 95
232 30
343 150
80 138
171 295
21 139
159 293
182 217
139 222
62 11
7 110
403 53
70 153
387 133
186 266
266 409
385 65
438 271
214 85
408 384
379 453
90 105
288 296
346 452
61 432
5 92
109 407
144 179
127 98
336 338
389 169
289 316
233 294
129 14
378 104
422 324
99 54
428 412
349 342
406 434
316 410
69 425
384 212
171 54
335 74
391 266
242 247
149 42
83 303
55 28
406 19
351 73
97 346
52 13
230 457
447 114
434 58
106 385
294 276
6 171
374 421
4 158
210 153
224 317
455 303
344 403
346 237
43 442
126 94
454 380
118 443
36 94
68 141
47 362
441 52
100 357
16 104
82 250
281 305
110 278
175 21
248 63
258 291
47 408
409 44
330 70
54 391
188 147
74 234
51 83
286 175
439 326
278 64
143 101
393 252
403 111
298 194
173 98
52 245
73 3
313 402
72 391
335 260
80 434
61 130
59 371
305 65
239 150
153 382
276 114
201 221
249 41
439 421
163 58
233 260
61 88
230 157
22 107
441 101
108 45
256 191
415 128
256 222
302 433
171 120
89 371
366 337
437 347
326 167
405 101
427 33
189 199
189 235
330 198
360 6
267 158
196 224
310 19
13 155
452 183
274 83
122 182
445 126
97 313
317 69
413 286
101 169
52 314
428 407
54 331
437 345
56 175
112 366
219 149
63 238
357 336
345 21
86 332
171 207
187 30
275 168
341 400
361 417
281 332
366 360
230 345
247 285
88 383
193 331
75 255
111 431
159 455
19 269
330 189
18 84
218 292
276 126
259 180
86 82
79 19
441 308
389 231
135 44
156 328
374 255
150 27
228 333
49 246
144 403
434 161
30 220
20 330
345 303
52 455
385 130
17 393
437 430
191 140
16 372
35 414
169 184
440 397
60 56
210 228
2 212
389 56
456 433
385 368
279 5
366 231
134 407
166 139
379 357
303 419
271 337
375 439
88 382
403 172
437 181
400 6
392 356
86 415
331 39
325 177
43 233
407 201
207 116
364 153
40 209
114 335
113 31
341 201
437 287
372 417
35 314
447 451
237 76
408 111
139 275
312 181
76 262
406 282
402 313
3 441
89 116
318 202
172 226
402 151
80 316
135 114
198 150
107 434
250 57
112 388
357 424
136 432
253 84
281 197
396 283
205 28
424 90
229 163
315 198
313 395
81 16
51 278
190 183
280 439
264 416
369 163
407 72
162 202
155 443
398 119
293 170
146 259
259 399
421 117
139 302
79 244
342 129
90 74
336 369
80 143
352 16
305 302
87 35
71 241
20 12
359 312
181 72
139 8
38 127
124 201
453 227
445 337
380 77
435 259
13 57
426 364
72 273
233 183
307 304
424 351
340 350
231 88
422 369
95 27
63 243
228 59
12 215
420 392
291 423
218 303
47 186
234 119
26 10
301 358
338 292
251 220
185 49
307 174
417 427
200 48
237 427
106 249
209 93
208 67
58 425
394 105
178 171
248 203
205 116
103 110
433 379
329 160
427 203
358 412
197 125
2 434
120 107
250 328
224 457
395 282
449 356
411 169
69 201
371 298
341 42
407 316
420 303
43 389
74 400
368 270
68 369
246 212
43 63
82 267
62 44
116 78
400 69
246 36
269 185
334 177
226 308
36 213
179 78
169 252
21 80
89 113
448 360
324 34
422 430
325 52
17 440
129 441
51 400
19 344
127 377
63 377
253 98
157 431
176 325
225 221
404 313
358 420
215 224
453 205
221 345
256 262
327 384
245 402
351 264
288 20
208 375
421 3
16 120
433 216
13 225
4 441
106 361
403 345
152 423
92 397
310 347
202 204
299 446
148 192
277 3
237 28
378 200
30 418
345 31
201 382
255 204
365 385
132 311
273 308
276 364
272 154
254 16
357 95
5 48
311 306
50 90
333 427
315 388
412 202
443 155
151 265
383 58
193 82
368 8
414 212
396 229
365 192
244 264
311 273
311 165
122 386
254 22
380 111
434 335
337 444
32 30
252 440
113 12
64 48
19 21
259 414
274 166
174 60
455 52
358 333
241 47
261 38
68 184
173 70
61 78
56 117
132 307
124 244
318 213
292 361
258 93
343 74
284 84
158 281
135 58
156 376
104 442
438 197
168 178
266 253
255 321
394 412
196 61
198 81
298 57
10 98
175 352
171 1
435 328
306 137
386 29
55 57
38 60
253 230
238 61
25 60
407 444
14 145
72 212
250 369
268 259

151 547
37 123
2 79
104 110
14 125
136 141
120 63
47 125
79 30
18 50
3 106
127 31
7 37
151 134
50 17
29 58
79 63
27 80
140 131
39 151
102 23
140 70
85 33
42 10
60 59
60 63
11 33
93 17
68 92
150 117
108 25
24 33
86 48
113 74
27 149
71 129
20 57
45 102
88 86
112 147
142 18
58 150
48 148
15 115
86 12
81 41
34 102
73 117
149 32
37 23
29 107
151 46
13 44
146 100
128 106
93 116
121 151
115 17
145 127
130 80
136 59
120 19
9 39
133 4
71 19
26 99
123 23
143 133
65 137
81 41
89 21
5 56
20 117
70 13
93 48
90 77
106 58
93 112
97 75
114 14
91 139
110 62
11 101
44 75
84 122
113 21
142 115
74 8
81 144
19 20
40 108
96 146
15 36
104 109
110 66
122 47
52 80
108 60
28 149
134 111
118 93
130 106
56 52
112 134
44 130
2 84
86 96
76 98
131 28
53 87
94 21
133 143
99 87
51 126
83 31
85 47
123 61
1 25
113 110
8 5
86 7
88 19
102 12
116 79
38 16
14 129
36 146
120 132
82 19
106 11
49 38
57 18
98 55
42 59
14 47
62 99
54 147
117 2
6 80
81 43
93 92
20 128
87 137
109 15
4 61
23 50
96 79
67 43
133 108
99 144
2 9
90 55
5 53
54 10
132 50
73 67
48 6
52 3
18 53
61 40
102 6
116 17
46 95
122 144
88 123
151 24
24 2
76 78
9 55
56 58
125 128
124 19
131 24
19 146
74 80
34 24
83 147
38 128
91 8
118 25
129 117
48 150
118 121
74 124
24 130
30 147
104 151
14 84
21 31
78 94
108 110
117 39
105 1
15 42
7 130
66 135
96 111
133 60
81 56
33 102
32 60
95 135
60 107
65 80
137 143
21 93
99 137
131 50
138 143
92 142
121 6
125 63
115 104
123 44
6 2
143 37
61 87
21 118
42 85
47 25
74 65
117 19
48 94
69 32
85 9
22 52
12 146
115 126
97 84
16 102
85 6
137 143
90 4
110 129
86 3
2 9
67 118
25 114
60 93
146 142
99 16
40 109
9 3
81 105
84 95
53 17
100 38
9 36
39 116
13 125
118 14
133 33
129 4
146 35
97 138
25 42
1 64
150 9
65 80
111 148
23 10
12 120
48 18
4 86
133 14
57 99
27 38
129 2
40 121
36 136
108 58
24 108
121 23
114 32
100 73
27 120
82 38
86 127
55 89
60 34
100 116
132 124
1 109
125 40
76 9
22 32
66 45
137 33
65 99
63 13
18 89
132 100
126 66
73 27
1 132
58 100
95 38
70 95
144 43
132 68
49 2
98 114
44 83
145 109
29 56
121 46
144 100
143 116
12 65
140 11
45 46
108 137
83 27
78 73
69 58
138 118
57 82
78 101
12 71
58 40
126 25
85 118
124 77
80 134
141 68
144 32
113 100
16 42
126 93
114 44
151 99
8 56
29 85
5 40
5 60
77 128
85 9
93 55
85 21
37 72
89 27
101 48
127 116
90 101
56 50
142 55
148 149
108 24
81 111
61 85
19 136
59 101
144 151
3 75
19 37
144 107
64 93
3 39
56 90
137 111
140 128
12 134
123 119
6 52
78 65
134 95
49 42
44 39
39 44
113 57
81 105
10 144
44 13
29 99
102 14
56 88
139 67
71 111
33 74
9 108
136 143
51 33
31 93
71 69
136 30
126 65
134 135
55 27
145 81
123 94
95 26
30 80
92 100
39 122
21 46
79 5
37 129
38 67
68 106
133 53
136 107
115 116
89 19
142 82
99 112
22 40
137 52
120 75
149 5
46 18
50 122
23 84
97 58
150 14
10 132
66 143
85 29
108 22
45 96
102 142
56 121
30 39
21 147
114 17
150 6
34 48
127 54
132 72
111 128
85 119
106 148
110 38
24 64
57 68
9 5
56 62
126 84
99 146
79 61
11 77
66 43
123 39
96 101
110 54
75 42
19 30
38 128
67 61
41 121
127 47
126 31
106 100
114 53
94 40
111 103
114 25
143 85
63 85
32 20
136 107
59 3
134 96
131 47
4 18
16 130
62 141
7 16
89 121
67 30
9 26
130 122
49 121
54 109
52 85
128 37
38 35
37 20
129 14
66 132
31 82
108 90
71 114
104 7
81 19
36 87
44 14
56 90
132 109
48 30
40 24
66 78
57 103
97 32
114 12
12 143
91 117
81 10
77 33
16 5
49 91
91 60
146 29
40 101
76 70
141 98
133 67
3 82
10 34
45 21
43 36
109 6
114 119
80 147
132 84
42 28
24 132
87 16
10 125
117 83
43 106
29 22
19 29
104 28
62 146
47 102
28 4
105 141
120 34
134 99
117 25
126 138
5 61
3 14
34 117
97 74
69 123
96 87
1 46
112 60
38 5
11 65
9 113
54 126
146 37
73 112
59 47
98 63
106 98

409 339
223 139
333 372
267 312
80 327
165 386
65 134
259 5
94 239
21 357
316 60
174 289
350 301
304 186
198 407
377 329
349 190
58 163
44 324
365 123
242 120
399 197
144 140
201 128
269 112
76 175
171 140
355 2
32 140
79 120
137 46
39 376
126 96
130 169
10 85
183 142
96 63
338 239
202 20
367 62
132 333
127 302
63 72
195 394
211 273
104 347
318 142
205 34
128 334
94 138
309 167
170 404
120 99
125 213
118 382
274 249
305 291
33 258
363 118
243 55
390 346
402 189
379 197
222 397
12 206
125 320
263 186
315 383
284 30
186 401
2 350
132 197
231 55
45 75
172 178
130 43
6 13
231 384
100 343
371 111
31 387
321 293
163 117
157 337
37 233
219 38
64 241
125 295
186 61
260 248
238 389
290 243
292 111
108 391
345 70
392 375
347 195
258 400
311 306
327 348
129 27
276 193
268 401
378 44
52 228
292 180
99 63
14 281
174 121
154 109
81 136
374 318
221 222
199 123
118 116
361 138
34 227
330 301
109 298
235 51
7 117
231 405
180 135
277 244
255 21
243 227
47 207
26 268
319 225
390 328
231 341
56 264
49 276
155 158
164 390
208 61
397 29
57 58
54 333
301 309
353 25
17 399
231 42
257 32
266 128
359 88
359 305
351 408
171 397
156 225
268 254
285 146
174 341
204 227
264 395
17 98
311 33
88 23
375 235
54 122
254 303
209 203
198 42
92 368
329 138
183 78
392 59
223 156
290 317
273 36
194 290
133 95
213 111
117 69
237 62
191 81
364 399
174 153
331 266
2 250
294 76
327 276
25 32
322 314
348 77
349 132
257 373
117 60
74 234
129 310
295 319
281 140
199 346
292 12
93 185
261 386
260 70
144 284
401 56
188 339
23 19
362 279
391 369
230 355
84 358
147 269
158 18
409 247
254 291
258 346
66 1
323 325
370 57
90 361
3 278
181 26
187 24
195 168
393 15
4 67
372 150
336 11
59 335
149 312
107 297
249 64
297 53
279 148
109 369
99 2
128 171
327 314
194 113
372 68
127 375
26 390
116 252
291 174
68 30
376 174
327 215
128 105
267 407
253 266
257 242
159 384
3 76
179 88
188 141
46 206
406 71
186 3
322 67
67 389
397 34
45 205
248 172
309 406
60 152
153 316
394 311
181 287
387 359
265 56
390 311
261 387
272 37
389 76
404 47
55 391
80 399
186 218
53 385
105 112
128 258
319 3
159 90
180 27
340 336
83 320
237 343
297 99
380 168
65 265
105 11
137 184
409 213
292 352
188 397
55 206
136 264
99 185
353 279
212 283
205 294
194 332
227 381
321 88
30 386
352 134
396 379
317 286
182 91
229 370
378 174
166 104
28 156
288 380
25 90
145 120
274 229
42 92
91 253
70 121
229 313
254 106
282 53
283 55
34 102
315 2
275 371
405 302
117 174
163 32
155 198
151 19
17 83
1 408
227 71
119 346
383 263
43 146
315 325
91 348
317 405
240 182
258 235
374 300
127 406
45 216

316 772
113 28
306 90
56 300
148 247
88 170
121 226
300 213
226 234
218 125
200 155
68 250
182 302
44 154
68 192
263 9
171 271
36 56
257 303
251 300
234 22
153 38
144 33
251 53
266 152
177 45
203 245
190 68
126 129
117 193
4 275
97 71
126 29
126 66
15 61
49 248
294 98
182 121
26 12
173 187
163 246
231 261
70 1
225 195
129 237
283 29
196 63
99 5
91 224
282 106
180 226
249 158
219 114
174 244
125 31
114 184
172 241
24 241
241 248
119 53
169 297
293 260
43 75
264 134
195 125
135 270
34 67
111 149
181 285
76 201
211 86
68 278
222 92
202 146
235 216
94 299
196 71
242 134
41 85
267 131
209 297
85 139
48 91
287 124
59 258
220 165
27 184
126 248
171 223
289 89
18 279
72 213
245 313
31 285
294 193
100 186
70 80
8 13
170 190
32 125
132 251
289 54
118 311
302 288
113 170
273 131
132 28
27 272
236 269
241 213
42 236
295 111
315 302
123 168
72 154
292 203
300 161
256 102
155 137
285 163
203 241
293 230
164 216
186 84
168 110
192 105
241 170
215 239
52 233
302 123
282 278
221 266
122 160
263 172
193 231
18 79
52 207
308 215
106 177
194 169
182 70
274 106
135 68
240 82
197 226
204 162
83 4
7 100
60 165
167 252
80 226
27 286
113 241
287 186
15 140
263 296
309 265
114 272
188 196
152 309
295 210
75 195
216 70
254 65
236 85
40 316
310 278
181 2
98 152
187 112
291 134
91 179
82 101
134 165
192 286
158 170
75 128
260 186
94 197
146 13
281 185
224 170
42 301
172 140
136 42
251 6
71 238
184 48
22 1
213 182
266 278
152 289
222 22
66 314
167 291
279 248
94 132
289 78
199 112
213 137
259 114
207 180
297 255
201 194
47 309
271 312
270 107
284 71
128 246
69 190
220 243
121 313
58 306
75 153
101 183
289 43
297 179
118 173
13 2
262 59
310 217
54 160
219 234
126 242
163 194
115 66
120 132
274 74
121 244
226 117
111 198
56 303
60 173
159 285
71 105
27 276
217 81
15 119
314 141
256 56
18 54
17 34
81 290
107 201
218 228
214 224
109 165
106 64
233 264
32 303
264 59
159 60
35 173
178 244
313 117
299 227
67 315
260 147
184 262
244 297
173 37
204 177
201 309
136 117
153 168
316 312
122 158
56 156
226 129
295 223
246 277
133 208
171 288
250 38
233 177
19 301
109 118
57 309
111 192
6 159
43 217
154 60
270 105
111 179
234 89
85 59
49 113
266 219
296 95
153 108
272 171
92 276
288 148
269 294
236 170
32 278
70 82
234 23
186 28
97 315
117 78
57 61
190 218
176 170
313 12
173 164
182 265
123 49
308 287
239 227
36 166
85 1
247 2
235 13
29 16
11 41
93 280
102 178
77 277
31 285
288 204
132 49
48 151
309 251
17 231
58 265
81 38
265 223
251 184
235 279
199 142
216 187
1 48
77 277
291 46
248 178
73 192
121 119
184 267
32 311
8 296
287 257
244 193
191 111
8 50
205 45
265 75
45 265
123 121
225 97
62 52
170 135
243 186
253 6
32 180
316 252
159 182
192 87
59 67
93 278
116 298
6 276
268 262
224 286
66 28
66 24
79 131
158 217
212 306
222 244
170 118
179 12
299 266
310 253
16 87
110 27
280 115
302 231
272 209
201 234
132 162
257 210
189 98
6 84
299 124
223 48
241 297
272 119
247 265
56 262
247 165
185 210
176 170
125 131
275 221
48 90
278 200
196 150
193 201
130 176
8 248
119 144
229 74
263 159
23 214
316 269
274 184
59 133
250 79
160 104
299 103
89 156
303 284
306 75
65 15
250 284
262 53
112 70
22 270
228 44
63 228
209 20
307 267
49 136
241 104
239 223
206 12
274 88
191 159
163 255
173 308
119 15
256 126
84 278
79 208
217 141
15 5
56 5
167 104
141 91
207 275
209 309
286 167
80 57
9 138
207 78
130 9
92 281
134 71
138 108
174 39
248 188
43 304
193 210
303 229
300 194
187 193
186 53
255 161
109 263
299 315
24 8
220 11
184 37
294 6
145 151
44 288
23 298
171 111
191 158
23 71
247 105
159 12
157 97
172 161
255 50
56 175
269 275
81 137
311 58
142 35
209 185
7 127
62 73
237 149
126 155
219 56
155 273
67 208
265 135
264 99
184 3
273 137
277 38
273 272
95 310
202 199
74 104
221 135
177 37
283 302
87 81
254 242
249 4
29 197
34 292
296 218
295 148
250 255
185 102
106 176
95 308
270 168
95 175
198 167
211 165
153 298
141 90
119 74
305 147
166 23
122 41
136 100
189 69
251 269
66 40
24 160
243 294
223 234
152 104
296 258
164 132
135 201
117 253
274 2
83 19
24 205
272 55
200 40
123 134
204 188
70 228
243 208
205 45
21 252
148 1
89 208
132 224
92 145
160 261
146 139
175 65
239 130
119 122
65 241
152 269
8 221
180 146
112 280
190 29
111 233
29 199
124 160
106 215
200 162
55 29
300 230
93 222
255 211
239 4
31 74
272 250
294 135
79 302
310 164
226 104
81 254
198 204
309 304
315 193
45 53
117 240
178 210
41 117
316 279
120 243
249 75
176 122
105 151
3 98
314 228
97 78
165 294
282 158
177 280
246 117
228 46
40 90
255 292
206 151
255 9
77 187
295 252
308 295
86 311
288 296
118 68
57 283
45 22
124 118
197 53
234 5
310 274
94 145
249 195
295 83
99 267
165 77
98 53
55 80
259 26
59 60
305 115
26 245
137 45
46 229
309 280
233 303
237 222
131 65
100 109
44 198
271 208
274 52
260 224
131 202
145 189
262 29
304 183
274 20
228 3
248 220
282 61
102 98
282 232
59 66
236 102
263 190
309 117
242 149
236 268
34 277
141 191
305 128
270 262
43 181
161 290
296 126
246 82
120 212
209 178
173 129
279 15
214 167
131 35
315 263
303 245
223 127
15 107
150 284
265 192
44 109
61 24
234 203
1 37
98 209
110 166
233 72
180 27
135 207
61 29
153 259
273 271
281 184
273 114
151 221
201 195
13 158
114 247
44 10
179 141
218 289
202 31
256 65
269 286
167 13
315 215
168 271
65 132
34 22
142 185
242 26
275 255
183 284
81 226
293 155
262 90
23 147
16 279
108 284
144 274
297 142
173 44
309 237
175 26
154 316
210 80
238 64
230 104
31 206
226 219
44 171
309 67
214 8
241 5
292 68
174 168
106 242
211 98
59 281
123 212
281 17
187 202
292 100
201 219
201 110
121 245
177 9
207 74
17 27
290 204
306 147
267 95
285 57
192 27
21 315
134 197
227 5
294 202
316 179
316 201
184 121
25 44
129 231
117 41
153 90
244 142
133 90
237 101
146 112
23 63
6 156
259 232
160 133
14 56
207 13
152 74
133 176
14 158
302 26
198 138
12 22
279 144

17 136
2 11
17 1
10 12
1 12
2 16
16 12
3 16
17 14
16 17
15 3
7 16
15 9
17 8
1 15
16 1
7 17
11 6
8 11
1 8
13 10
15 11
12 17
1 11
4 7
10 9
9 7
8 6
6 7
5 6
13 3
14 2
10 15
16 17
9 7
15 4
16 12
6 10
3 6
11 6
3 11
15 11
17 13
7 13
10 2
1 5
12 6
15 12
3 4
11 2
10 17
14 16
11 2
16 13
7 9
10 17
10 15
1 17
10 7
12 2
17 3
15 11
8 3
6 2
6 7
3 6
6 16
4 8
8 2
11 5
1 3
4 10
17 4
9 17
2 3
2 1
5 7
2 4
9 15
5 13
15 10
9 5
13 16
12 5
10 8
5 3
11 5
3 15
13 2
7 6
11 7
1 17
16 4
8 5
16 12
17 14
12 8
9 7
15 11
2 7
1 6
17 12
10 2
17 13
12 6
9 5
3 10
5 9
4 3
13 3
6 12
7 17
11 6
15 8
16 5
8 13
4 2
13 6
9 17
8 5
8 12
15 8
7 6
12 10
10 5
6 4
2 13
5 7
1 12
13 8
16 3
3 11
12 6
16 11
5 6
15 4
8 3

