100
76 9640
751 2272
7 1
3 531
3224 99
2395 61
938 43
65 19
377 43
51 4
65 8208
366 378
70 898
920 3
8885 1783
158 1
1 52
9 4
7 39
7 1
4 3
6677 7
4793 712
958 25
2724 4
7545 711
1 5
615 393
5960 258
6747 2997
2886 3498
1200 2644
769 1
3534 4146
802 55
5 1
787 10
7835 1573
7 1
8 777
8086 93
438 51
66 78
72 123
4166 2086
71 757
24 951
2 1
1 45
5 1
474 3
715 293
3495 405
4 76
15 527
162 201
6749 18
55 9055
2 3
6361 1360
7098 14
6332 816
193 73
216 384
28 50
37 4904
2 1
1819 2572
71 1
76 64
64 63
346 176
165 621
5 1
811 1422
8 351
70 4
6 95
8 6107
9 512
47 777
90 730
41 815
495 49
5373 2627
37 27
51 21
8 42
7151 1
2 1
7 1
7 1
504 64
592 4
7 379
2313 1041
3 1
772 7373
62 34
537 183
