100
6 6
7717 1
5099 1
244 190
1 4
189 131
8 7
6 5
9 4
70 74
1 8955
6121 15
782 848
3 59
76 5902
2591 2
1 1
1071 60
283 1
254 2618
85 9
5 1
6003 3357
13 1
7 1
1903 490
953 1
7 1
3248 57
9 4
40 50
33 856
12 583
8 7
1 16
808 1558
64 63
1696 1706
9828 831
5139 8633
298 8751
911 1
3152 7956
242 858
8 5935
3 1
4495 6
781 3949
9680 44
697 8726
288 69
4 8929
4939 461
3 1
99 57
38 3
7 1
3 1
15 9
6646 7
471 14
50 164
706 356
13 439
86 46
4853 235
769 8294
4 23
6331 1468
3182 1660
2465 48
9 5346
171 89
70 5745
524 7466
6 6
9690 74
267 93
275 70
77 16
47 5
8426 5398
7 835
66 85
6717 2243
405 321
18 21
98 73
27 13
559 625
67 1
41 896
297 183
104 615
4 3
218 112
40 50
28 3
9 4
1439 53
