100
555 5
14 10
2 1
3 1
7050 472
2 1
5 63
166 876
49 8
7 728
22 9820
72 400
37 6
7881 73
89 96
253 86
731 9
96 156
6974 4474
44 40
527 6101
347 1
2166 5811
7 81
48 4364
1089 640
202 104
1002 1014
4911 2267
6362 28
1 7
7 1
304 316
252 455
690 1038
6770 31
88 8
297 679
3334 1670
73 1
1 11
8113 82
3 3730
846 307
9 9387
20 22
9400 78
8 7
702 978
282 4
9 851
8 7
93 35
5928 6533
9 260
9040 59
245 436
8 93
81 5302
429 691
6 9512
5824 8400
86 46
3385 683
7 1
279 9886
693 555
23 85
19 1
20 1
5083 52
1 9
907 1004
4 973
65 2131
34 3
198 270
78 976
50 8346
1989 3843
224 4
54 66
17 3373
3 41
4 40
340 73
456 744
2908 2188
7 1
886 446
160 218
1 1142
3009 1311
99 315
5381 3227
7569 506
15 9
2 1
6211 7
751 75
