100
3419 277
7862 28
5 3939
8699 1
2021 669
24 8051
794 4
54 17
6041 871
9257 3
67 555
778 4
1 6442
44 2
993 335
70 74
86 46
4 3
11 266
5501 2
756 1484
428 6
4518 5310
399 636
591 8851
62 9
114 21
3 1
952 6954
3194 8
24 298
88 92
636 692
581 2619
264 456
7 1
43 3
864 1656
9 207
3 1
8957 549
64 883
7 6
94 50
4 3
453 65
86 46
7037 259
3 1
1458 1821
8271 847
865 1
2 84
181 1
8760 4078
5673 87
85 75
6874 4934
723 5
132 204
8392 48
7906 4334
77 652
80 38
96 919
74 40
434 5955
557 1
848 690
32 2
64 181
7693 132
8339 78
104 106
2 1
918 1242
35 9
18 21
309 7741
7 1
6 681
8885 642
38 22
72 123
5 3
60 2805
330 534
782 279
736 2
5097 80
2 3
33 7
11 24
4 3
3066 14
4402 88
7 1
830 682
593 1
102 41
