100
2 1
1 4
64 63
5 536
36 147
8991 3232
718 362
707 250
524 2
3 1
9 3
1 6359
2705 1989
72 35
98 73
440 76
4547 1
1804 12
61 1
809 65
4039 585
9517 339
66 82
3358 5422
9602 4804
32 27
5336 14
8455 2345
15 9118
5 7
715 5
83 1
778 392
95 1970
972 3
5 1826
7 1
698 352
393 135
1545 951
783 559
8724 995
5 68
6 6
404 310
7117 56
4284 8820
4 6754
895 38
8 19
373 2
924 3535
8709 4
5096 6874
686 463
9 9841
7841 6571
329 55
149 514
78 90
1997 9410
1 248
825 12
439 1
352 337
21 9
2891 1
8 7
2291 4
8214 8670
74 58
2748 4
6027 7
11 3
28 51
34 20
5 1
11 1222
9438 85
14 10
9961 7
79 228
9 222
6342 8250
6885 1
9653 4704
786 798
3 301
7110 2067
7578 5803
5 151
9 4
5 1
191 538
578 343
4 774
9933 656
26 44
4 3
11 6401
