100
8 8951
18 21
1 39
433 1
909 9796
81 944
9635 6
1 63
2 1
1 4
49 8
258 270
5 7163
4 3
993 335
16 15
367 16
621 137
5 1
4 3976
92 76
158 82
421 7472
325 109
1 2352
61 5
3787 549
8 7
7 151
7352 6448
21 11
437 43
902 980
329 9
76 8256
5 1
9615 5793
5980 8132
1 33
6 72
6706 4814
1 7
75 63
1 8
7 1
11 95
9410 7546
20 917
4 3
8 47
9148 3557
2 9
5 6683
9 774
1 4
3748 2818
2 8
48 76
93 3449
3249 4
624 351
6 45
72 642
5674 2840
460 5879
713 1863
8 442
8997 10
30 80
886 446
909 5
496 9833
5385 3255
8 5440
6154 3674
9320 9282
9809 6380
8334 9762
3 3443
8307 4797
953 1
9 910
649 71
9343 178
3711 5
64 63
2186 3
15 714
1248 6960
54 4326
922 464
2 3330
21 11
9 8
690 1038
3 3081
5 818
6664 8726
74 89
6153 3255
