200
5827418 349407071980
3346716208 3864822224
95663917858577 217642335165
40 50
759769639 2070585
4485582127598 9260845844909
826221905144 11
85635315774962 42817714775038
481283998 297925202
17032728271848 25612799538072
371752090 337839014
25509424696613 4916083430107
376663 8250221
3657073860595 731524377869
947500 47221454411
98 73
3716457 1554903
293640824 38032377241834
6233 8798980436538
919553 3326581
6379179414 808538091870
18 21
27 585391433
1 49170487498488
17917578 4263
41820068930070 87406974817290
73224 84346346833
29435442852 31926262730
66239570125797 1421
73672055074627 1065825938333
190947832 179425568
4686234 96266728417
6726601040030 2361853412
7728035213 336001555
9855154888 2274595488203
8448997640111 1392237
53 1
73287846 269780
410 30612
56659 1
1895020747 65947493
11888 11176
9662339 81670522841
100 2201789413904
16588120194 697609637
639 297
8232 15768
4846075448137 85863113
242084 1517461
544419388121 99398429479
6936022367 237825313
6 6
7652 5746
91541882558484 52973810416
98120861 9
740006 5
832148228 921904770386
6615720 17645400
9613141 8343
64835 1552103
90742417030 36470225
179 827347
41428650043 4002325829
3624481303535 875681993905
7 13441012277
12916327 3498670
22 14
963206088907 138170760
8250781654 605
57018566858 36284542582
4081 1103
1636397129859 627420342141
84202050509 84
801261975852 1457599953108
5272594022 2636619994
1166208344633 3674455
85525029 38011137
855789 574769126661
57792733 80460372156
5825483720 9154332280
88971460618 617296
803306139553 8707780574384
30372602 7392
5914182089 5780605
4 3
85921051 1456349
727 1
52587057 179
25357687305 48538706
84640839437 7
731982472120 4955705736
6318 838132535857
589 5
4319582 56896929676
3343249707 793931877886
27503936 990
2808911 7
926 466
7550 6586
2167276398 1227080922570
87325 7202031982
1 235477169438
655389419940 1510596276060
823156814 431820154
789569316 8229
19 1610
18545 3715
824919007272 1237408337208
95823507665 23140108015
22495857049243 98476
1300977610 756728
5 1
11 819712
6 6
41821892479875 29656025549565
821034322 410670254
578981 1817218
137 61057379
5672874898635 5381305572405
5 414737
3 66
851430010873 82231601170943
9788 924222170062
462 690
61728319 1
943067291362 759222603038
5272411849224 9093566683416
12205 2447
16762 31
8816124536 113443282
79495488308469 408590
574813 946
3090398950 2084
3 79384506
7 1
3632833 2301361395
381461077 13503
29254567190251 663663
332192 415744
332277961073 5354823188709
7 7902703533
8156623666846 4613789656418
35043035425 1227575
880 955713249
92207 40
5979 1997
73092247980129 73803793893580
630253 48495
47669 727
11 1
344302450450 2985820
28 6318054
941613083 269353
8457312495141 29271208307
348064 351236
168463526929 5
9124119659 2676757
53739577029734 56837
68494902335 13763352961
38 4868
269449822 4999913
8814660966 10690122618
2515015 48327439
28702674553573 22258787226
358535571429 191974880667
678689104 58175052808575
698444152 799772168
92252753725453 53005009
73185 5099
2567004 3967524
7707977994 8378237238
45957658843332 5
83842 882
4631 6459224
862246 765674
901 71
468145570376 558725462584
5329004240936 4662903998104
4501627194341 6206207653667
249562189293 93937330707
1 4225444017874
1032 1608
87477763 948
945566346983 6970629315
6132 10444
47 17493506
2361335 897432847246
359984962310 100499332749
8321272378252 8228
443278662 785335764
90886321 18178044
8950505281 38417850423
23059780652357 10764748339
5693 1
734238692 77327502
897 394
800 1153
23602126619 5024634
92956 79412
65638260508117 6509911769771
