200
4450 30782
971827 99279
22925560 37493960
6118132033 22853245559405
456769943 65395177
67465703 28826876
24072 4537
378727 33433
4061 1185
30854 15430
8316 87996689752042
59929705762 6106818686
61 1
71091920828502 481283043690
6970971014 76763604042
89640 6722
2584 2816
8566 4286
54640076952 87774195048
91235043 6912774930780
18952181 20303
60532 4
7814011018247 1523410445305
8025379 1
99191 89
99 99343205
6705491460553 7644629735
8934663619 1370060701
35 13
106232770 112303358
8743839 77786750211539
4164403 181085
39 2945836
416 108876260665
1432 959185598443
3325961249964 5557912672596
13510 14426
740 4
691937098 400595222
5414853306371 637783
542 6719
80257788337461 96835
897824932666 59
84330422592 1
510971397958 46939455692715
29089062 3659
38 1700
9096342132 578177748
86601622 102774828
75 387645684
7 4718120916734
719407182 22828
1 594
650717758 325623770
85289141535 4326273
95974655265 74236914783
69203958570 1214
59 100146847
6177145628667 22625185310004
60137 16471
2023 26938773961
9369 4551
9091739 395317
9933 6963
669244305 7698478387804
2309 51297629
29400 76620
72 123
6 221
22657077731 78450819
6657411 19
8819705194890 1782
475189 993796699
88888849740 7898888159
18307 1
50480242 7329429
1739603634450 730682086
370562 2918271
46 26
72059071957029 463056884
997 1
179889708 57978343590
4666553490 627132251339
43385881666192 50407551
63334 5514
85074486514564 583139
8197604 43077064
310 27718005035897
415 362126
18 16
161642912 43932360792
87319 2362924
762145 2669353880
42 54766927289
1682548 1682604
31511815 629
78172 58636
76 64
690858165 417365835
36728 987716923607
595 5030
441481470247 1678637033
275 190449099596
5 301
2579087 77220669
60456915657991 26495225475
1621686479 4865922
282626373 107731707
86 8486477
578182513331 575694254
9447 3609
382990 306410
5626907574 57345
9141450661898 37907
21072806587720 4
5205243234 134226224723
840442 420224
7728262 9
7829443936 7584773813
3827 15868784
97 1
9274637765286 27653521227
546410 964850
585642 9948386682
935 46753
5192967382 2620571258
5629 3077
294569178273 34347
46981221198882 86648379
261330312124 273420059780
54 78022988
479467612 60866
23848 5760
69130617450 439
8323383636 13255759404
5 1
72100 108444
60061 283838131960
2646689 4771
1726910725573 84950
1875 1249
863422911 748523691
6 4939415298
62853 36603
74808360 199619640
32501 4651
31601495672172 53815447434708
64453 1
16 15
7609545 6071031
662754 662766
96003478083 9
1684042750 85703
157 2820
168436 143792
6 6
154530465 977527
863160 1726680
925875 745197
6137797 1
567945 587895
4691244494 2522356306
75128097899559 296775819
100 1632534
456825 2409
49486206 81897090
82539 924226952
621413 51661
2307928271 69161
5017339693902 7076815
1334 826
60584 94087919
3426228055 61974488
97 1
60 108
57751605600150 3007006379
294513364161 142392347237
98 73
22424125884 29898834540
2915040803 5540192
751696473442 386889981278
47195124442065 146117075
7178977085 2666477203
9873 787033260
37999698 44908878
6 273167025
26 16
815 169
1 71717421840278
81 40
7 241420
58415782 46343153425
42855 25737
2255863665 1808392335
712253700159 55712459047303
8271698098 612689594063
515 8014376195
47622221815001 8952653001812
743 82182462
74 40
