200
72519149 2983051
56822 7824870497
148 83779
31879002 169139756
4012 674635
25955470669910 20960935906090
50713201195053 18723019011027
8 833529611889
8994117 8457445600135
8356255984 61124589335815
2968403 129085
1 9
4417751543098 4
1 412936021
17907 433
14 10
4293997 577991180087
104950 1257567
4 18099479
197292 275460
2902171 1
306 974
8025976615054 4015287151754
6853239058992 746925882164
112 9134340159
3540454953361 132665903
51912948574509 349884
99538833162 107861892342
6791 1
67454006800 94604244537
2862615 32951860
37701 57
70540368438 8596556803
67546 33776
45747 37
11219 676
2111 773778527765
11844771349 416905
73640017 80926314740
187649829257 694668
80511108363161 8
2474243109998 105805
3074179396962 3525635372
523772766 743047074
262 134
1894569022761 908702782167
9572 9974570937
7669 1
3501 3478313
54 2991363839
87947098 84997244435326
19731 6581
47779954550 4884419058039
82 44
3 1
5525 2287
6 6
414671991 177498105
3983 3234611882
2426782 9625566395
990651861 491972139
3687661184 3661617316
74677724 3817678
617383216055 893888202883
33768 66847662188
5410 1448936212198
4897572652976 2592192
8669 1
625633 18773
1989076066 8163
3142922398 691293
3954531659132 2965914785164
74277378 71294585343
1137390697236 1516849569708
20 6079459284562
411917801 19045399
2993 115
4826 4672136057161
41298797274 14972
1 82971332
8481460389786 5466025
9795020 74602
2301188563 23
2974 46532112
969290275 136
51206815 192228607
470841 259671
275889169436 5580542241961
927 425
450568432 470784056
593618030 427622
33953414046324 2554070
94669 1
137073131 61
56359257 6105599948
91352939 69158
3793306 8799
83848253 73
5851 56702
99590 53436969
6345316 92184
7557507933295 694
69005 16267
7863 2666647291342
11087089757756 9666538586308
8331915837 72305603892542
9875308410 39
122 64
66534 76938
309697 5139
43574515305 26218822359
8 7
435 30120919
42761 9864348338375
167 1
60284221834252 53443927568084
9483887 1354849
37 1
62516468899243 6160
289174645 58866659
28934743657086 33757299891594
473811720117 564121084
1191 9
18711 5871933877007
5619649608685 74631
74203 9902532
9100 9662120
6789213359 60153185194180
5365865888 5549274208
9 4
37833361991 12875809
35908559127112 44028325506488
1173126 9
61630 49322
9207119030287 3429062002188
4 3
422864 45944008210
410641 98
3301944 5439576
89 1
87 33
76529805965 16412416219
479108 7959610
4534175 88
5449152141741 364440991742
5246605050 7791658662
21646032 66779641415
42072875 75567884870
3230574183500 168053
2152531707 59122157166
8285 414
5116 3844
6271 1
33312598743502 8522648704
97503136305479 31569081842846
337668922 6
6564 2711115
3299629217 6757
44503632943 8057130
13018903 156482733386
4822 9237268363485
6109832320998 110469847
4180885 6
702813999 234271333
245863237 6618299
1765 10610011623574
727951 104001
11168827644956 5531200
675700404 901432524
6691435 1360901
78186608606 48062
899 61
461539877 8584202226
7325346016 2
10731 6141
87327 8
777022612778 60174443316
812 29404
6595402602976 1967661916
51188959401 51909551
301012383514 160282547942
410934835138 207292853462
2357669702 1245561514
469772903443 3
97172668458493 7861273639913
24583969014 9394770909
324 523
952302 1174578
46003896180962 346605291631
2388381 3580643846222
764037 387867
2720 4084
3413 2959797212718
73177059 96
99645524334576 851069996
44476992 104996928
781315083 8921
3179203801 4634449719843
3 1
3418 64514
