200
43376913 1789255
123916150766 68147438650
19 1
771607586 8516807512
71460577356 123621990324
268 208
128354 70906
46956960895561 4695
3 1
68544917722 65
1198420599167 83847
1668002356 1263862412
9348409537 45827903
131970 194622
852656024 8970571
8 698
65 4
642714079 91816305
9 9008203102
29 1
4996 7706954985
86506 624
6865771 50091
33 21654555381
1119101473672 518832
7613373 2559363
583793852322 9557
1926731 94069
382287 4955377116665
6562214549583 4454407986609
548293 28283
1 657693176
62323 82996728197
8745606033803 552916013
7384 7736
270 85870874032
83 9980411117
3977147855 843323185
50 248378
64507695982818 76244677334814
7294715911 687044241
82 44
3418571610 710
73065419 89
3 1
2607316614537 813
3 609108
1910985 860
77753806621433 204111574543
54925045782964 365775538
13448707 6337
880998 3531281184
324 221950328
7829684197100 968239872
32373713231072 519779
4386479403 371
262366442539 751766661
39027 38225404725
480 359063404
32052874635 27407536245
5857 1319215885449
551345 341
1 83356
90088624719 5998942076
59364914914 54705342451393
825118758029 2355252615
3866317599 1592013201
8479893 10517779496
34694183 588097
845246786601 603401581527
467 493154
940914588948 60338617384
850731150317 18070
3419 35229
39550 22415695698
445 88111091258448
8203021 9233939822
441668432420 2
6781805 1370995
5 8625063969296
852761442477 515150775123
99987468019 67999636
437 245326434
94 50
575666 487438
4047594 4181046
183 61660700159
5650302979 373400921583
16575 14673
80070567470045 85982746001776
18 21
97854 89226975994
9658 6182
94646824698 94650738918
3526135 6
539637321 471652491
13887572122630 11115584560394
3344 4096
13 3808894683
4741126267 152939557
9430783 1160008052
98043781672 86410325528
731 61
829491792956 8139010993121
472702 278114
68858519580091 33735
3 487
860075049919 12624910618
20 2157
6218320214560 512922
63020179 77179313969163
2641855357 4411043
743 72728857
4 2328736402299
86664911 39086918536494
163184 5702036145151
9 4743254
8502645 5152587
2515 593
895 47672393
7 1
92331 8
1965387 9309244
642538961378 98963054377
5212419 1832973
747 47623822484
279147360 600168336
357324507381 141757082763
30335474399345 8184694735375
349 1
57236717505830 3759683317777
78804 345793298296
8454881 9831635032490
627 595950530
2791 1
7459 78133408219
6405013302614 86612728288039
6153 3255
32076801392 84682883
9212 9940
64646913734 412458207
894538 480122
3881472 9380294863262
318747 80765694190194
84996 135644
4921690875162 42624830094180
43 565
241 1
756804 1009100
4455316 3523116
5375931490 9283
9527971 19229
9888264933278 5837370386242
4541391043 648770149
70446 73554
7831766136 11747649264
5278 775563767452
102508334 5743614
792742416157 40
63335503951118 48944587405042
3965583650 4495422430
2150 2268565
77719006 45464354
50430691943 714982
8124 10860
941 83935728683565
1 1
175119 120
69546924981731 6
67 65781033202950
14 17298
86 8
863 51274481
622 314
764056113 78
69872 964722051
38673596 34395988
99091978 9
1871298 52
2792 2458
14933023 2133297
154163 5005
202066 715838
826461524 826461580
2 5771279
104554837 2224619
57474 72318
350870663052 2
499158 681138
45849 62
41059454 330
9 80444948
78 90
19895752238 12337322962
4112104661 604002
60798212608 955280063872
6416356046350 3509384104734
85128953 74066347968262
4943311045832 1272
15506398 7783442
