200
6020463788 16245539
153916 949
395452336 14399
3756059953 8084729154
13328336 16699504
20391265468 23939613124
4484548533873 1656752579727
2 1
199314160 6300446
533033 86640
7519 26
5958526 4256114
29954540124109 3502150239
55347452 804068386
617324457554 8
18 396504332093
396 8408
6890371 376319869913
49554 700
7269550 335711933
15303990 33241
985021481 6
3452955 917061
7466271339600 20003508964080
92691241 4831901
677 1
90991284 704
55590333454 91144336476886
7254016 2536951262
7821 538548015041
4276061189 8275684160750
705348516 940464716
5679243611 1685
87 33
8203 645
6143131075569 4211
1974689924 95
2 87245
784406475 11345736
70185 5313
27 64
9958182 11490378
8213441149 675833219
247338594 51171
909035488647 675709317753
8335 1673
2778131204666 83093853514049
1144 1376
920 56464617555
332236423 20693233
17691600 6312500
1188 1
36845932960 2531
280786086520 8056080941
805816596594 4323334681
51744 4278
9090935140 13034632604
864267061 123466723
46220131830843 760248864
52757 4922451779
57926960059 45292101
390366 477234
809150 695962
6 7597680639
1646122090083 42509871859
129 47
7349 440144
30440539614798 7958
65459 4
5304020 5909644
3466547 92249804991592
46146 70437022216785
7 932953346702
8410 7268
758615 67976297040
2066740 75103831423110
2 57021
8794901 415339
7434841 8604214014424
739162438 68263009053315
997139 3266877607960
71154469110 9
901590 1318026
22 44924250716620
4433737547006 5
45798 51402
56738723278135 17829
77346441 37240919
907789227130 439758
479145558 84305
74784 136896
1 689127
61718582 489134030836
32833306833 10947349167
895953 6417737207628
21031693724530 6490
73013077875 49437407373
8 7
77 19
40640115218 11011918
5096804668844 76
96067 5669
92813435326 46629665378
828482369 8875
74652906 474
18 10988896793
54850240 6382352
9571589648673 4066
176724152 193171528
9116695436031 9
6443 397
25840004516 783166673543
19341899222 9764239450
454062 47
9636288373 261383772412
7320013869 3915274195
743313 247775
708297 476620844
2034 2412
48814403685 19206788475
42800643497 46920535
50845833997924 470670836
55861 623976866082
9 7
20 22
5404475 35964571
81 810739
6260424 8766
9052193344 1
3637 443461
99 99083
88652226 102291198
2 1
54458083 1049761
52463 2
68132328343379 50238280643
98446691111756 40733091473239
6794573 67375
59725051036355 22371
48 76
1374243969 4276744
2880 25927456
10416320 14997904
43639208206381 68969
152 148
57557012053 136714993
3623965047 27004
5173006 662010
710217922795 90653770
736369 961
5 62817965920
39 17
387367873 6350355
16850051849 45114834807
57255212 60909268
8036007369093 68587
66272 72328
66709 9065
857026822924 652702548324
98236825916928 9358575419
93622446 117366354
2863655 582937
7560 2190
565 284639817
23656134 54295631
811677997 2115978
2253 73356639829
185463 89337
5671215 6177105
9469 2897
48548284864042 96
70199226 81899136
9863611098 11656994934
81462131741 13805
660121542 806815338
376 344
679166471 995591
7507020 1
7 1
97 33
74585034424922 5
663449528573 51203029795
353288 133375215409
38768 36376
65 553140
8382 43113238226052
352408 8211063816922
32570553880340 41382567
454177892609 435397604
851018 626422
900309427642 28768582437559
48 76
85210608042 131320774998
7 60734209896
67 1
57546836253 9
7953395395996 4326904
2891410219964 90891595749349
6 91211642507
36827997663807 27062605807745
