200
3798921 2240343
87854680 839716098
1986987390 53339153
7834 4919837727
48 76
25678506141 1
6535 1313
4302279 46
93 35
67 7909334600
95227 447358895565
177803 54
49786 331001
7968 91
3 4
87 16855
205 47
2527322 2385166
107988 85
9470 7968
45529968930 7659320769950
582050591 460145
402643514567 44524215986797
7 50525
308477941677 30909
4365 3279
58039 585
80269705675627 6175842060949
17223951732348 711901461
1592989305576 2469534072024
5768616935961 236658
316464 13051
207178015 69893969
88 92
78374960297 8
9 4
34 20
9 91655515
31 1
420191593 23630807
71 1
9705 5847
8 7
522 36766
693731 63322392219
611465242841 353
874616100429 2169985399491
944941759 442951489
78 59
432498331 6091512046
71041 3759
51 5556
870280 26
22 14
68229652080 135
271104572374 373791
4134 8
717621686 358810846
644039 58561
49 2198200971655
1358563098 300744045545
29 1
4830325 8159241216
52396 39304
5 1
38368906373 881
122 44727
2 571782745691
793 75
442 314
442 314
964058750618 486286969702
94510528166160 241567334616
275026291009 6
6903151 300161
26 914164556
886 15785938
2 18321662220904
3376226295792 270
63177417534537 78840511
33035648747375 664808
56504 9
64940628 9960
1877 81
438372868 95
77687419 2049413
212 5058086482
2313903512043 5778820
42 54
5 1
1 6
7 754590
12942992 12134086
1952502 99191
6 9
6128 5776
9683 445
7580800979 482
8 41429
27850 221533404688
41313528838 651388
541603093865 1571574
152666474717 332540272
510906392 5527110
862089 54518
906957 46883906072
5246 2938
2 5842457
2087080188 2785548804
28574 1
91 21
40007319389213 5
465108503 348
9989275197229 759264481235
677409 1785844
85627 1
45429 555818
242547391 9043729
423480456 3581282
1 481832171
25407084948 4933
968261 8394
1191 879676285516
243555780654 189506
83321085696 68717
943629 314547
8 1886
281850 516
258 8
417076216 364941704
84 3
19320 49800
79470866166 9183
4 226931142
6316494 398420553
6411 9348797125519
40614839 232644807
45388533820149 98257781
1835786414297 9896
6 59238
83759427070491 1250
845887025 8240
39651053322 43305830646
143 8886269173
8960711786 5867334622
5 1
516 716
233 1
1798087149 4567710424
693126798488 6
5771 38138
1458 17767527306190
439059389 984
46742417 50090975083233
5973672248609 65354561391615
41126 6158957
5 1
426119401 9
8957848873 9611337898993
3540911 321913
72 6558739875
946659776398 701227012466
570798845 38
6 3951760435
497797 2043
754 506
761164116643 881513282072
26555277830 21262126090
1623523674905 501841257319
4526371 502224302
2709676791135 44
8583507 4242813
79165 1683474731
829 1
18110807900 21189645243
2847671 88459858518
69 2878758
551987485146 66055564342041
5770089927 3927302713
9352 10808
480264518670 740479111410
4231 1
25180537 266192
856 38570891208
3813629997082 45
9378178201287 3552741
5185880 260631
1 5363348714191
7606898351214 1
6157 332242390118
184818953830 195394835930
61478890415536 69037568572352
78 90
632895847 1
11722714450988 9228829779412
3 537
2841534887 656491681453
59667517932292 44793645381908
2765326684841 395064702103
6373 413048961788
