200
14710760294369 65740908
31772336248029 2906121895
2670710 791749
705 1158366527507
58051554493676 43783934099764
90110678116933 890665
96583 574604392610
634185141 248159499
4 3
6 8324928
739536393 270562263
9 55809049652
4130 874659586395
7175289146 29967
24271252 18390528
3598 2594
7142 3574
7077 3739
3856 3646
2532 3404
20910783048 31366174572
574680387127 149977360841
399631752 795856248
191348234017 17875359
56535 33945
954 6691360524
29072923398 17003176887150
864366 6720
3947868177756 87
4317172 545766
457464160 24468986
281297963771 730992043500
7010713100 7057435
3 8
24144744043 240738706441
2720364730674 2747705079726
903556284 84457
397883714 198941857
3138295 179
2246732251 596148153272
37759 681
11127562989695 42
4401490 3618158
891424 35536497103
865 6598860
4646750513 809
9763472223 4370736177
450114 597774
87652926930 707642085
30403094282701 178007
3 1
655 3137658389579
18098217232970 23
12690999691 451995
9 5612
754672891 98459522
473667948 1849
6979909744618 483
3 1
901330759 35386142951
41 474
7413032 21165228657
70111318710 65082564
2917974632643 488082749842
462 690
646302641370 239956544
4014281847142 92857660
27 13
6852868370 5483568066
1418182531 786658999573
333292 256668
756383 5624411402
9909742956499 4912068524660
36406590986 6454
6715 188
987763939 58362
879146402 353962
659747555 160970365
235728 424386
83328 89558007977624
14201414 7676554
31789 94896888
34921665 7038
69 50426233
41 905163
94877633 870547
88010655189 42773529367
63583351 623932081
301353209 7585042270
46958051 7464733
568812 2482252
16686946448 760
414 85679022700519
65145211 87508
843453 490909496
13976010 783
78503498597 2707017223
16 232
8 7
5483334712768 8842
989223613235 704
37 2742226438432
300 369
99469154948262 2861239
92700879035 55665847965
464878295206 2575212907946
320604 427500
791013655 226157129
11553650628 961
673 450015758
2681463081934 7832
90820197800 127148291800
172505534879 69
61105 7395353225
30484 22870
5045048 791
4491774 616484
616 824
6522090100762 948281829424
69356576598707 7052070184327
2084541 708003
4326502 2163254
760463547 4916953
39875 16285
727221055 44753
96241899798 57
71911462416 7707
8008297 728039
741842765327 463362127
50158450052 18879289626481
584116 241295596
9441469724 8053018294
42674755879120 55289813
70 850019697394
56493645 48181178140
69178 28912150727385
7678603639 1604186237936
1927515501539 972586
8201107849969 4
8013929821327 52452
18274344004219 2289729923380
66365991491832 7898062177405
89225724 162709764
3169666 377498
32248 12826234
100 99446305114
98 73
3819373814 1920642706
97226 118122577
746357841655 803564
654 99764221688
4132843 2722348998887
9088 723055810
589112 7513
5 680
27119 3089
3892 963491
53314993 791
7018 41286032146209
515 810
31952051391 13932753729
4329 2587
21052744 250065272
11742275392 4852597
12289028472 1086725
486748255530 19514532104282
8114780735 5796
941794 43447001160
987337406 871487504150
309960 899640
5 57455773
2947551822694 1039057544
3115814 1917466
792936630655 58
55189320821 146331914092
432799427551 750085663
408024859953 2842199286571
5904 5
24756 33036
11327538678 12742175082
247 33
4329063430 44
269 559
4362255199095 7
19721993023 937079543445
211499 1
997227772808 576022
20901392955028 18438456633452
194594329201 8349474595
9555972839 848642481
7042712249 2798847032410
658553796620 99
18878240786816 19784045253184
311002874081 1070764
11452516187 1850641285
78165248531811 6179621
69566 3
7473950268 948927761
9 4
2978799184 75250235
