200
37 8918
570957059911 82059265753
87470 69994
8 7
4561843 7913982095
1 91595
58096173678 58108020882
478918 7709934
41201395123 7526517326
3888229463 744088
577442836 452742964
72042283 4348980980
2880085815457 108471396191
703954394494 56444655156
815106256911 99
17673249 65516898
52631741 1283743
2430213775668 70308380
239044 211560
756 325503546
199 446275
91 21
7489403055521 75
20857344776692 15661884644948
84786434 45785086
86236246919 5135848729
33354751010806 3921377
93 4324679356
29 132581
76784031586944 93
1 490418
7930636 44
13201577718849 7339052819943
3056098625514 7
3280957357 46210739
4860440349716 8204522519564
4 46562717818
6856811068455 160
97171118 6867
8 38354015
513722123232 851205183168
24329706291732 7
191614858 8027347075
974114478 26837510
816 6170638571
856055125 49153249990899
841053835388 188
96020031012 78
7311 2441
66643232758770 904319495946
3488242 1756814
634 440
80184143 85601
8413 74537977420526
295392023 57808945214100
8578470 2505870868
872115727 124587961
754011222 768032778
1973052058072 1820553133928
5449164885 85782855037188
70441 13079
6 6
14515603385 3600364615
5490598 94435
291 101
1604637 799843
95346 111276
53155618 246
127965552589 1383
60371408 91
9858405875 153
24187911104 8164660828
6689431293 8405641325263
1426225 7771
2 73899335787
77352996631518 1
7204409 1563856
387541704516 309
190 6844792590245
57918576997048 3
808 781127861752
91620344 91433176
281 8530
2473434 2885712
9 898233
112722 8342980335
88004103338421 43700791918059
5 7
62 34
71868957 81
4 70287
46204 34660
8050819866 4094700728
1248416 249
887 1
503709600 641
6999580 10948868
11310976205203 2362857557
18431731 37542
57979661 8059269711
1459456974853 727052001560
4324 925232619295
123744971805 6337972107
4813676805 9255
74808197840 9315872582
69974609181990 9
29 5412680925
2340531540678 2587499583162
5456880107138 3
30804270 33
51 21
5580 60374632
62 34
712 525450
87075185659403 20901316454
463836 2347052298
98871190 277025382
2575737927 89883981620522
3139016789 939400313296
566 36225253245840
85458512 81980548
4369 275
2792438 354058504
3 1
59384195875919 80566544268792
137 1
91560 2103328186
4044737 4099
8 7
68254272304 65474255576
97985 828377540450
47914376932723 6852960275693
4132 8956913143
744032 1819599
539448909 9890356399485
85106949905716 992
4 5397893210416
57482 30970
4344287 430100152
78514308232455 47120837245449
789479971 113609693
17163216677 315
87987954063 31844191857
5766398 9642785
9 8486957880
28293372 48482964
1795851692333 20789875
9938111160599 48265
5782117414 734165
2280 4920
225397 11883
4606 1812766
14716620994 7385135486
2 1
964429349 40594176
500495831915 100852736017
1183689571085 1401442945
68825844324473 203747972603
966648 1450032
599633388 18746840463
313153 1
980 1414
120372 200844
703063 9705
43 9
94894722154 1679772946
5 1
97285687259 3359938741
614 310
6459409 48305025
8354141104580 37868
477974129 76170293843
5 1
16414003997338 8721732520382
219213161891 5
7489503690 745656889252
8543518018711 8774
2080161333501 62285
46330608 76145680
25156 132633
99300827472 359794061
82371602 1714111938505
16803128 59
9190 4405790
6020080 9251264
34301094725 12849759412
2463 425936
75345787548498 4636294
164692607 8852591911
13 1
9883661042 6366098878
8048553 7226511870
3843 83966183030
82094858055072 90
638822654259 5840522195836
48021 16011
530072583504 93
620 724
32584905150 59830513218
1638080493 966570003
