200
66618120905822 12640940056982
90038471398320 390209601191
4733 23548522957327
5 598681
7846728184 8362
540619248009 915
8792531205 6198907247448
9110 592
1 53091401
307 1
2 1
68951 4201
72086683 42
43063023 98
53731 1
103097222 51548614
48933188 75139060
441772 336908
58357361981 5
8842 21694
9 14101969259325
96 803419377
5089212371 906812432635
86633786898 4648
206510162799 8401307
172400902609 45
13231 705202
1208437 176
1856 1954
39391018340 43342319452
6169666 7861
89249478 933
66429036810280 42
4697304329 76496624534714
230598 291690
37191091 384308852898
9489366915208 748832230214
2204683 169605
7 25
42077860205 1
583721 14864735
4 7695092531
190224029 41906363
995826371446 489728872238
99181 1
5553718454 5889
509284 20470117664
1 80110223142
78 8
726735310 768263186
30522 6277693
1912676 1434514
50922574 59437617522421
774342 1969726316053
22304056745 5657892775
9663 3225
29 78748299022
9202248639205 54120106246
983048290696 864810120644
8353128460687 9103429440
5 303158298769
48395490019 1625179421
9 4
28733891 496143192
12685775906383 37568754029332
3679346868 4909643052
5872 5536
80387981915128 7265
65634609078 700719
8236155 6
382821 18
401 4
390356 8
668843896829 197316
67782574 469522338480
75321588075 176
7406140781361 4088775275727
134 7902604980366
8075776037965 4258297338
11946443 875664437709
74307682313977 685
841885 260291
469004092036 387635243348
9841 771
18 21
74339008621 8092473144
67 432877187365
162171510824 312175372
101 9
95392 110240
66 78
29842 2708920136
4 429185
995 95362633
77 19
358528 355982
574432403650 9875745428215
411187 9
35085107195830 3
853 1
854 634
266036 507194
266263217 9937
8380669 761891
46612859497829 1082824305266
6780010624 6795264746
290189263 770298
518 233
98694596 3134111333167
69863 22118834436
3018443969 35140515
168 1
2162370935 1642
984 1536
1138969346 582219838
1010956 7617
96 783184900366
6897 3743
52180281 93307
3351319296 125146250
338063050 84
44890108352 4538588561723
6139 432930402
201886663201 11471871112
788631 475750
110151534527 666844353160
67795096623171 106684239860
5947832 766495562
1827470378538 3131342406102
52403809 9217
96423893161 531686616925
187345 729953582717
579605731281 862044051501
12612400477 603933
5310364 4303436
1790 1
72619628877 2768
25426115177591 566674465
25205471 14641
67067916016 23669
4567084 322912703195
303830425893 125227161307
2151894018732 2873384312628
34 36402851808
127 22090034052
73 95662
72987 4417419464
484919 2977
8 7
636034969 11761347
556865 958914241122
65 927792568536
2961 3330653420
148610886 148610898
144662979924 7254311917035
635501264 597665716
42782706 35
7 64146592506149
8230422078246 8230913365578
95849 9823
106 56
37679021 2216431
68340805 19976627
11820 27578557679
56319749 941443648733
80317 83184280
7953 3663
96844 96692
43308 69252
9043159 1
472946264 547329736
3 6783
80740 104732
5188 800282043
41948798598 63884305818
38459 5257
527254785 411210495
82 44
8522928412 778430158748
8781 302807868
7905060095072 36031094
460 812237297
65 19
36 9
98 6558752895024
5 1
19 1
1958454279636 380252
161458585 32291723
2167506 3275694
8424 500970506
61154 30580
57 53
74698435 27745181
8651614945408 305658
8620277933587 32887963
4569142516 3428662572
45288995338516 34794798325484
591759884 446069524
8800 14636
