200
446453 25089239606
4491962970 7286430630
85828 33234565381
87 33
26585579320 33257311400
1 108974504894
5767 8936476006
5905101605 1726106707
52 122791
98 73
12289 550
31574627 89003371419869
8945248515997 39631969222
882183 313049268021
4411223556850 2
81034646226738 85602076429134
51244 377383
7218755 1676989
36969861273832 2921217646
33 9
39745 334
16687819188664 122161008060
4 75083187
658427969 72049471
62202 80070
4527 2025
143040 1089
5692037541569 7088738332802
728733862323 360292537677
831 93043696
602123876668 521055708033
54154277625684 74278720261356
324766413795 213031780125
511467654 511467666
9085491750 13755304410
866471 49
27 13
7 1
770 946498725581
898283077503 26783147226403
45536839019532 49
6489134976 10747630824
2992596797 900989655
3801797138 2088899782
66495461 3391467934
67446504 129113496
73940521825126 47053445977322
1431108744 92167118859786
556 2524521178080
874 566
73723505067394 65168093204606
49 944
96142017309 7360219
8 7
33407874600 486284800604
9306229 47053254
832 585975
8989832715 93498857
17676 893404
375 7
19 1
80367 573393808402
31572733 416393458
13333347387 93417
84940236916 64737
92109142771606 7094903
836 844
141953 23233
23 1
257423342 8479
428281455444 5600
63798743124 105099350604
81464 9486
2923047526 88454762000502
82297430699118 879828469774
40235301 2838
37 1
17495156840753 47319235
452146020 689056
64710563318 37849191562
80616 951
211 4724444
2775549566639 435449739
730172371925 9665788114853
8 7
3719463374834 96204047645195
9 61716292
8881175 189424531155
162 9387
9600554622786 659402687844
91209 30407
19634824480 99748518
8276 1122085690158
23 7
5709853 14306617396301
3269768738635 8174150425401
24261337133 3
397461533060 530255702140
34087990484735 721969232
307191611302 99447569790
2 612
74032 90144
5462394751 522835073
9 78267291597
89 95810
5768 7532550
8935012523 7900870
82559094 82687866
348210548 88060067
5457947 7990932
480057055 113337569
128375080973 758
1087 1
473026050187 1996836725
5695143 441348
632066 18998616
2166620 2424484
1501 99
23952735 88184597173375
6324493998183 2662021063065
94692053783 1
25 37747820
99563158403116 75868476
15 9
49256800 584792223
6179852105 2487021751
313315376 348919768
16540089397 9
153037 3603
6235294 5361
1 10474219532560
84325707865 31320977207
73483887319843 3120457174231
9273 4263
3316 10
720162719 37903321
33479526850 3246
7200436610721 316354
8670906 891
47 50923291576
89 92610422
6 278397732869
606 618
90 579623
327920927 82
94587 34773
8 388923
47 1
223517169785 109869056647
36537688400933 41017
90 69869145
11627648288 2898
4 60
5634 6612
7738907309389 7100
1562 1030
123 506819579400
4 3
724049988881 3144983
950773198034 7054065403868
8 7
6869522623 190875832
16 4469098985132
4494524294719 1251053
540073 70276630578890
427824249642 76290178475
66266803 439005
4 2953542383
1045 176
54179729031904 69553650920096
694355502 940694763615
16772331584 22076516122
388 298
58 512847819632
5033765 596745
54296235 54432021
89987 3
189 131
4344 73
64257986575467 30940565552533
756162897279 252270812721
56 1582
31978646 8067874263
683 1
345371460445 122461781795
28425520985 5
9311 42
427270640286 39936898532
2688950 495
402 860498
77969827 82
2107969 70631259
587296494 779188626
76609595706 7
94530130556142 1321292862
24918383618663 96439950
84 886179137
882768 1447440
911111835589 8779
42443592377 62713650331
