1000
77265280 832719
68 75
12578 22
17 4
417 624406
21 234365
2789459 9493317
250866 8
289589 1
619171 93629
80939 2821
9 4
6208798 9
462 690
328 3216
253914 81211
111756 154804
6332853 994
1856 7502
9546 10518
31615 6329
98800 7271
7205 5947057
680588 8594811
3829698 4533930
1317060 8871
9 379
38539127 33496
66777 22263
9590981 237019
31 37
90004166 5123368
8929511 88513
31518519 376039
438 450
95200 186032
514066 50
3 7672
4 659
8902 4454
27225 26374
330 128
6900027 6356562
75753 5310
341043 119757
543 83267
94 7053
3527148 8
5606301 958512
7 1
43523861 100951
72903655 30826
814213 51634119
598 60000
58381922 90565
681392 675664
5990 4810
45 33
34576709 157530
7256257 67
83788 62848
5659 1
53893 7707
55212979 25061
35903779 2306621
261006 7099
220309 1611
634583 23113
50663 56236
945 87363
794950 354
828043 72376
821 2361879
16 827
31061 439
8 613
150 222
99869 28762
13 1
1487869 54371
496586 248296
166 86
8727 2913
121 386770
40190 2
76491 2153
443 77102523
43129 4391
862805 2
3471 9193
473524 57689686
67 42223332
3 32
21408200 3
7316 3
754 591
5204 5155
9393931 44733
77 13
45598 36
50450 4695955
16960 24188
967561 6045577
45545318 150137
64745455 7719
16449647 8329
24481 1
235272 515
8 403
2 30147
6305 780567
45094907 5
2895 703811
14351108 10763338
35214 4
73754270 179526
6 5
751 1
545540 600136
54076105 176
154 134
78 29
45906 552088
569 1
19 1
57049450 939098
20523 1602764
57 68
417629 9232
6663485 1452451
38160590 80
90199 1
51 86
615325 71
2 77
590286 600882
1217 313
28688098 15507194
635528 626452
4643872 41
197777 8623
14 10
9284 164
749 115
956265 616023
11 29811
771758 474970
4 2
929 1
406 3
6333 61819
5784666 6235302
17 19701227
71 701487
81978 94758
900192 1463064
2362 1184
76238 732743
2442665 2160703
615 2093480
4449 34780942
881 9
667821 24833752
8036 8722
53458 150
723264 91356
4 2
53008 49726
4 86669
8 7
3322986 3765654
6844364 5133280
1 99805
89508840 5
9510946 1836247
7 91
22 77
613 1
41709 13907
7 1
1980542 31
140993 787
5884 4420
61526 7680072
3 1
79342727 191
7 1
6257 1
4032331 51451
99768 149712
994 71
71505957 26404251
308415 95
1637061 557883
1 4
218 112
2 1122
39557 5659
548060 5
4290995 1082221
9 3
5443185 50067
35337 600
392 2376
627907 94525
5262519 83
57826 31994
3706 15428270
87220813 2028435
4647778 915
414 896478
289241 13
5 8871063
98924314 1047390
6 24152
7073 4
471 93
2 1
526901 18199
1 101856
6518 9
32 770
63040 87836
7696 8796
2 1
643863 4218927
7849 13589
7 262146
445 1526222
35340332 69430196
73 1
6 62804
7910 8506
282 56
588 1008
23 33
2152831 1
40752 48
6644 6124
9 4
95 25
62577 33363
83090 38
5480 304
2129975 6177360
8798238 10264650
246704 4990
1493429 11495988
64084467 8054767
49968200 66677980
9739247 1496209
3502 280
1577437 9547
5 953
195 7
58135909 8094
87 33
90305 18067
50605 3558
649 71
193899 64637
1 2641
8164151 121921
12987 59770
14583334 8242826
991662 78
4572 83878347
703370 597598
21 30233
6750019 5
9 3598639
96817 13839
9290790 6045879
3 9
7 863
4 2
8 7
1 44323212
59765489 13355399
6240 6315778
653 81
9 4
9270 25
96609 1485
690143 1
7434357 3894219
85 81
419 3856
2238452 5674
799 6
1172 886
770 56301
11570174 10455994
5564 5020
454581 215127
4340 54953
61587 80974
61 73
7 674
4 37
7 842
20913068 19011964
5 26
402384 5
476 303543
3 57
632 5049
71 7482785
81790 65450
14 757
3303748 4672744
22277641 5269012
9 22071246
53001 4976
64935188 514458
76 619727
738 37405219
1569372 31
7047862 37
39402 54198
91 8710521
9 3
62224 116
4 3
35 71048257
717141 25099725
5 1916
6741 4491
570 870
2 16417354
62 73
21 11
9056981 16651
7637 951
77255814 1780540
4356 64501
95 25
41155 4676136
991 7
8778 272885
64 748284
9 4
67 1
4 1
1068866 556618
183 563775
172678 5605
8386607 10969
1086353 573152
27702 1075
829 1
71 4650
73 5122
422 3066551
9578256 16753392
37 1443727
83471228 63216292
6 336
78561987 870745
4 3
741 2
9799 281
42 54
69 49736
909 75149439
9 4
18 1025
6419 48505239
7427 3007
49288631 7041241
87209724 71032005
5539 78603832
130799 3585700
872 4874
82 39177062
297 183
85583 1
9005 1807
30293966 17820034
65 17162113
29580 1039
18 69
3 35609732
732753 508207
26 31526449
34944 54997
75 1491
3290135 668938
2254 1850
668964 473
9624 47
70945391 11120017
130614 154506
855 705
459 261
19 88461488
43554136 3145
50541543 195171
9 307
6871438 466
79833 3
7300860 16063236
85021 7009
51845135 10
21308 21364
4577090 5007802
47557128 6156
47857603 44754973
108 73
80237 7123
300541 72423359
1958694 1958706
2899240 874
46179741 521
97 75779
93351726 15
761495 282889
445 95
64 774
372938 186472
9292433 6367
22519725 14879667
3506 112972
428771 81562207
23571 1892715
63 273488
62222 17
141 2260
2609372 990
6493 88
690042 62061
2521 1
64683 510681
25969 91076
40554 944
874 31300927
2 1
96178632 323100
453606 548634
6526751 1756489
74 40
7235769 52128186
216 68499863
662 334
750091 44141
8348385 8
20928 6056483
6272217 4082023
158339 1021
9229 851
488526 855
888491 28693
7799523 43
418108 869340
531 249
97979 14005
54924 53171653
639 4462389
356950 385190
613406 306706
6074 419954
582 594
16758 4400
91656 173544
58265769 19459351
822990 2
8139 961
604469 74743
80542753 189
22 14
8900 68690
51 54027984
55 17
4497512 75324
2312 37
21228437 1
2 3
5323563 4027317
939 723
7 4965353
221846 110926
274 483128
441 780
12 16
192255 4444
476896 7121
56 731
6823 16948606
20 82
8 7
8 7
763447 1
9 4
1057 159
223 1
6592904 2197
846 1026
79186410 74013
16152 24288
62586 86214
6663 157891
65 34
1838054 926434
98 24016
8472 58
5487 2193
837 443
21427198 2513894
4 61273
10 8
45 33
274139 70925
90362 45184
37 8888
8318 234463
13036853 93132
765 639
92567903 5900697
12215737 1711169
802308 114
2944292 6920
51932854 9705867
2 4018947
89 1
702 93432
60372 112108
92000979 30610
1775329 1
34 20
71594715 38185
664 2302
4 4679385
6150961 1
5211 25660
809890 647930
64770 101118
130 522587
33205493 1630987
237 83
1327187 7
97601364 546
327 740411
6535164 7
30160726 212752
767 73
8 3
67822038 79125750
996 53
8 7
535 113
24286974 7509830
964 3
85864 5
6581 1
4083 611
177972 9
751 66
575 169
868 924
437905 80
76 64
944 559
597 203
899 28408
3267 11
31891 1
714 80
12663 9097
3991651 234821
2137 8
10836 21196
5307660 1
6 85490
599 1
722 7680368
2683270 69595
5062400 19825783
8 7
62 34
86466629 82381337
527034 2012
76684096 75486034
3 3349573
47 1
710532 96727
38481 13743
456409 25
8 19
815 169
82426 41216
7 6150
89262642 55964486
55 5591
430 15701
192208 190580
74 27
439205 150475
296 258
5056113 1978575
2 160262
29 1
722 3536
52817 86
63899242 48075158
3136836 4229628
91961 22382
920266 6101897
160 4
9 4
3 2878094
63504 75
5169 1
754580 167345
4558 2570
4137 4
999 521
60417 41841
884 354518
420 9
1734 7
64200 64180
890510 712426
6147410 4917946
563384 1274265
5346066 6318222
6838638 6241
53376059 7702344
50015055 30009057
5555804 18
2482 1514
5 1
12769735 35
9688400 14079052
26354747 1
51638980 57527420
3114110 69
930406 649
895799 1
493416 1191384
3018 7
2 742
91832992 88963274
9923 1
8 68
15 6352585
48 2
8788326 8788338
3 8097900
7 85882
4 9270
989203 7917
51153571 7
9855 93377059
529 304
64 63
8519 342
1797866 9332
47 1
316669 2175
44725 10765
1 43496041
38261529 24
6328 7352
88623212 66667588
82 44
9369552 9052265
63 41
69881 11719
52605 52227
286427 1
496671 1
268631 24433
1520970 826537
44600685 26760435
477 4590
5 1
2748405 654232
503 827
57499699 2312141
444386 222196
84412 66788
43110229 5630
5357 395731
47 490312
5 1
50673 98809
1478 598
431483 33205
5223 1
4623417 3
9170123 8
314041 38
51 87108
6534 9426
914508 80656
637 41
299374 9309
27750 8783
78579161 7
59 11438388
5 403
20403335 4116985
65671 81
41931 20229
3703 61424172
987 759640
4436 101
624 1112
51078 954
1076680 4440552
55598698 9
18807488 85417
408 89510485
350 477
89415 2
543 185
153 81
49166 26
962223 865438
9260 7811472
38 22
775 217
5845 9628
5449272 59144
2311191 1027209
44968 61592
44618 31894
697803 238965
86 46
3764 5408420
74 40
762944 5257
6428968 8408792
87107 1
5462856 243010
62469417 1580147
7 586849
395422 642
83 5982
9 401051
62876 1934
29824 29846
66 78
681 231
8 231894
231559 9003
22 6
482 2821
7 12561995
98332 522
75303 36
486948 7285
882106 441056
318 330
289 5392
1254 9187
20175585 3
81074 60316086
458071 24129
2707 2875
69801338 34900672
47116 35344
113685 200067
57681965 7
5807832 8711808
9 208486
1376 1
474 9944261
8 7
9328209 45
7032993 1008816
599 50381177
39 5854404
7 4906081
1782851 31709
7368072 1
6493 195
3238941 73640
98095571 3
95 25
332756 264064
357197 1
36231142 1
79535 85330
1499007 40562
62324 46750
2913 975
9 13405672
946763 32677
587 10937
7994 5734
60044268 84891012
53172 2065
2563 245
10 8
9 4
57747 19253
3607 6037254
2899924 78
8 7
530 32
85609150 714378
56708 741
25 795
40 63727609
980 1414
82 1395925
2 92432
88831 633
72725869 140111
832296 1248504
24216 7676
19 1
5 132
8 35023
4 752811
43 217440
50472 4
4 1
5059136 5070892
7 1
96 156
91 21
851 61
3 1
59 16
50 43
26955824 33327235
467 2622
811 191
64 63
88671 40353
49 8
557799 253593
10 14991
755 68467
4724 1684
7997586 5197445
2211267 737093
658 2
6547303 1004857
935 413725
4424205 2654547
99898 51302
10 40664723
96 156
2083514 1041760
8116246 6
90 144
550 566
323 37
743 437890
4752324 22155871
57 88135
9732586 68442590
6109823 53740
242014 79076
92184086 7946643
77 820630
7 7440427
5788 4348
5 35
798751 7269
920 98828284
808 722
889498 74694828
88878283 11470133
72421235 417778
7229829 75460904
5979315 3587613
9386310 32854
426042 43866506
245 828257
65151315 940505
746 376
88 41783036
1 518258
450 3523613
80500867 3984245
624 1112
546 798
7 31274231
4 561535
91523109 31140763
3093487 1
7660 1541339
918 25
56540449 75712696
218 112
6643 787430
31 3710291
3529 1
20067156 1108
4209521 9406542
7 1
339149 709540
848 210
96272 107584
2999602 53815
99 57
28 28
918 1242
66 78
79061 631
2 4
3839 636
9734663 307369
3779 34138
18613 25
84150788 63267784
6425 1573
5761 48439
444 620
771 70176342
514 79
1509 61
3097 18054492
792 1548
48 76
680 14
86407519 8190
5 19830
80673046 9557694
842 17957
95891523 6177664
78770618 46772902
40 50
15 493
152830 3876
328971 316
36551 705220
6007 17
1887805 377567
88 92
2118632 188271
83354244 62877
9857473 318015
6351696 1
60 3697
563 340
452213 9
4685602 2357294
95113796 17349
9357 8361
258585 76245
13394047 1
2 82
2 65
74770 59834
32606556 9
70 74
16545891 73737555
23424161 571363
5 23691
98543390 170
54530 66430
545399 25297
3230794 2307734
407 49
73 47
2654 802534
2229 2720716
99016 6997035
7 1
3028307 880
89988 120012
557 3341
6 455
723113 1
12518215 2823545
5 1
775 33
2378601 55
186 198
82156534 902
68944 25731
874306 430
3098294 1560154
57175641 8919075
3902701 827236
41364 55787764
8634 8383026
499274 63150816
334 170
67412631 8
378515 92460
6311551 282426
8 7
10932 14604
772 586
2052723 758365
391 41
89055874 45413054
7866 58400
2541254 4491078
18 829078
200966 375
79 1
69581340 43509
414 5028
