1000
927588 5
94 50
22604878 41
338782 162853
755691 94237349
7918494 8305266
17319 6873
7167029 1
1590430 996584
87472 126800
88 2
165676 479
18 21
75522 37138831
97705133 194799
21519 4
1 2919834
971 1
85 738
41602 9
229 2270
4427 1162
62525723 4809685
42 54
32354228 85
91347 136385
3998711 181969
7661 18602270
4592348 12105583
1 45996133
520 740
10494437 4
33081450 697851
87 93
56 24607
3055307 6
457641 12326
621192 96
6551148 8734892
1 78
31 777
484 9783
754953 48
191678 4
7883013 862
8 353978
5788146 8460942
77 6788
7203 6
9 4
974072 1018528
69 27
8757545 54412006
7962144 12938736
8413 227
62559069 20853027
864 1656
784906 534769
781251 673
6740 7456
524372 73962
4692915 536896
93 52147
37 24
88984 83
42 8836
693 14
10474262 551935
62350239 10
5 1
769 1529358
5374844 4322116
8 98
45 33
3 1
650 652
26597093 703
251504 6
955966 1232
7 1
7542 52997219
177655 35537
56120 77800
45919159 7490617
43056 2005722
4 3
71 3
51514264 45154736
1246648 1270832
15 428478
25566012 4
3347938 2308382
229 1
4147 893
82314441 63
8017163 1978357
2471510 2117626
76 64
263299 65
2 1
473 76
8 9702895
1 6
55679 5888
66495174 73494906
93598494 12
233 88
4 3
62966371 4843581
479014 253226
712 63996964
6646938 2573
66 78
36 55
9 47
6333 8
8 7179453
371 61
56146 21273394
33820788 45094412
9916295 33446611
9 29671659
19 7495946
820 970
848 8
9196 83
58436 408
257 1
346666 207734
34581839 76766
4 328573
11 97765069
1 2
19664 6
5767077 1936923
405 20289
978256 68
1 87261323
464 25864809
179 13412693
291 7473259
41 87094248
5662901 995
5723376 9062136
8068 6058
6570442 3377654
965550 1503042
44 40
30417487 6980
3 505
42302268 66650940
61 3169
702736 84821
915083 93925
16115 6
1 9918372
23 1
39773477 446983
175 440
12065 9
836225 98319396
93 2
45345334 338846
319440 85432129
649200 98296227
34491 8
81798 81810
9861 58365
8 983026
8 7
1083 84
2433271 1632
82651 62805
2008742 45
26619213 8966347
7510406 41
36 55
2791 17083542
88874864 22630337
1057757 13993
67761 30129
9791726 9702479
63902493 941328
3652325 46
6 84548
523165 987159
84 9462
1458 1278345
80744350 68556969
698740 4092
71336969 48
28973263 9668
126741 78135
88629 41134610
18775199 887521
1 5635
24948053 37955
72 34919877
5169039 894
7 520746
2 349982
4159080 9708120
7460114 100
5235223 3729
2151719 35625927
4128574 44
369 4
8650 5926603
235 31
9 68926
2294629 62055
35 13
8162 7390
86 49
6160 36728
435708 94727
75157565 8
5387 1
7863 2625
6467 253
60145013 4239787
7167644 76
5442 5774
11402 659147
75003459 101
68779473 36027375
6 853660
1534 4
487 92581
169 14
90679 1
6192829 10655
5225 89823
38 22
84992 86956
1442839 2985
29 91055317
99450595 26910269
1970 7898
832197 281659
583 65
17002 78344
74993045 15466051
688 676
9834 11766
702 1226452
657 305
58718 8
96692731 422469
28423 94637
74 40
2762341 3591
55933 2977871
90356 5
55 7996611
1500298 73
709 2
57 1023
94 81
70 74
6997707 8418
756 142404
6771200 10766089
7 1
877 14723600
1551 7
822581 19170
8617 5
17 9
4815333 2140161
6474544 21921
260 26988
339622 2842052
6 82
158747 13950
231717 2461
61340 36200
504323 70
9 4
7 844497
7 1737231
94637660 4
47 515874
1165508 4002882
10880 82
907480 1472840
33392793 53
6602890 45
3942499 9
797390 3
64436699 42
29 447
39 3093456
717 243
13 1
442669 6675
9589581 737
494 874211
68543850 16
764 580
38 22
55131 7
9 550288
84 140
6 6
706143 79374
1697219 89533
596658 910
2 65983583
30619828 2597859
475 145
2834 1786
7529 1
910 1106
57694 49154
53 1
49719 16577
35 13
45275376 75462928
729175 61200
5434 717905
411883 5
32127 53769084
3 1
10 8
81268371 37534677
3688 3242
99 4893477
89102563 3
211723 89237284
61 6098
5 84
47061 1069007
855148 50
569 4490
36 7
87258912 8807
63 23225
23367884 93876026
8 94
1982607 77
31918295 574
297 20
885082 563270
1 249244
8691 78
1 614814
9103 91437614
7235293 71484
9423 765902
1865 85
1 586537
59 1
974076 1298796
75 1623121
11 1
31372 1529
1 714
32 31
6750794 793
20842785 16833375
74505750 55162720
40 7
3 339604
5315 34
78 90
3301103 439925
436 41975
3434466 4415838
611 71396489
8 674834
3095765 814795
66457 3
47 1
742000 1347152
2678 1690
3816870 45352221
43985 9
4 99415
4508 829560
93251925 91250155
46872 219117
9189892 927673
51 21
50641 800
94252 70696
2753 1
30083 200719
614958 687522
64033 1
72195150 8663
181484 4761554
969841 52559
91638 790204
348953 348142
7 265
2 1
4439 143
5 1
50911355 36238277
21125 7423
929 87648
85 7
17925 11835
988136 791
38368 6059
5939 252
4729128 8049432
92480 82
960891 418053
39557276 38728204
382938 583132
90 1163812
319489 1
9598671 37
8849 60563
623912 5846
66023871 22701633
762530 610042
7 659838
2474 367
931415 186289
81765 67995
25 6
956040 983408
4 4591459
34512888 81901461
203 77145
80691 35229
61 81644
98658936 956296
19190 27
8258 4132
42356 80152213
26229 24811784
67168 6125350
168181 83862625
165162 165174
87229805 30605982
8 28729363
6244 293
535 113
85594 42800
39719074 2878
3792 4
244048 1310
80 86706354
9867 3
28282 14918
228649 987
22 64093861
25883 4693
24306382 52586348
960032 40427879
578 50
38337715 82
659797 24965
2488493 30312453
6272 8263
1010 6839998
3459963 1575557
7 7012524
1 62041924
4 180126
367005 234915
79814 57034
12108 9
9889046 193
40368 67636
58962943 4535625
4 17254
20539 2501
574 434
31 60
50208 81840
4104504 137111
3840 8424
6 14213595
12 16
3 807031
57 34797210
10265447 1893
76275 65085
110 9792814
390 618
13 1
98442 120438
496111 160529
320 65657
29 36
52624 72368
894 906
9452207 2921806
20 497509
1167 393
894 1504707
385714 89
26125057 7
84383 6505
4 617008
58 7
9260488 6227707
41541742 27452690
83 29984
13138 6572
5501 1
47 1
9 800428
36 85583300
52131 75044058
538052 2
1355 277
75 55235
55179509 2
94 50
54 66
3378633 64558
53560 6
3 57
9283 1
1547502 1829010
98 73
3 1
4 4
45 825641
971406 6447
95918233 3
988113 161
61797 22
905 21
485829 246747
371 61
369644 361492
82587 610
2824938 3295800
46474450 4602
15 218
50 25
8692 7184
4 3
3 19608
72020040 72
601769 98305
3 5596778
702 5
17237540 18961336
671 68
864 71674
21043411 52
43454436 61915164
17 1
211484 257740
816230 150
36632 35968
86541658 61967846
6738 6750
66565087 802073
2 47314820
8 3623
84 4
725661 322529
6 99
893 67
685 54009464
7 26
808 6
91694660 2
954 1152
5958 6990
6036434 3752344
81688 71492
5565438 211
613300 121
877302 711424
9 42
7 332
935012 100832
3853 59407
33520971 15967797
85195129 1
923236 787592
61014 773815
366 378
4 3
4 3
55929 812
852802 426404
69 827080
8696 709146
8812028 98965965
83303396 75961948
4 3847085
70918 37442
328863 109625
1071001 37928
6 847284
5 1
6348 9136
66409829 28977437
914 90
2879 1
89 6
971 624
13 1
44 6146835
2595 66
462526 477
387 4
393862 293558
243981 108449
40045 5711637
67 637311
5 75677
8 7
3339187 597
6666 6
55612514 6
4170 369286
54012 69994035
2389 1
2946 2958
96920 8002
3 2701550
8058 9222
657740 635
54 6311
4 67995
1620 3462
741 6
323 5
7 1
853 89455
2358765 4775714
1174 554612
30748733 1915453
4459 5108
8 7
139241 378961
8 879
7477 412941
24155857 6102372
58 32
592611 201693
239 1
55 57657
370841 5
22874 11440
9400988 4163
22258530 63948486
88067 8
77949417 81674
540121 88
27 13
20801 3007
2481 912
24505 451
843963 740
1379301 321294
8 621105
1370 5209
26 6
29233 32562292
3409742 2435554
24764583 1054
8274391 5239
11269806 125
31213976 30097624
54339203 1
54 90914403
36045 571011
5405 1507
18978144 30839736
7662031 589401
4 714656
5 2483
6783969 17549453
793737 551607
7 1
73 194008
57417072 22
30202 8171485
6654517 66072
2871 429412
38 22
825 663
868940 75728769
832843 94
7703503 506970
269842 542
766858 383432
163 8713
3 90221608
4762711 69709390
410902 220610
7954713 66421610
95053165 1
54 66
499 54098372
3 2259921
66388 66444
33458070 7375
65256 530371
49 8
1756 38405203
896 61118241
869837 54643
4366888 4042892
154149 65076
14547 6397
47366464 47007744
35009076 46678796
490 282434
3 2
3 1
32055172 7
16 15
6156 10784
76065 56991
63126 4619
5824 528369
7 1
29 1121
909309 329091
24 36
93651 44589
496308 683052
6 3
935735 223561
305 67
214169 2791
323 874071
30809 320473
4002767 18
80 395617
767534 383770
623790 93225292
973 363
58231767 9396
51 153
58119764 2
65954 49300
96 331
2885 1
7572541 20749
78 90
2 8440
490 4
9342 11538
975768 842
647 7472
78651 38961
595 269
315 309
49 8
5812 4366
8134732 5
3509223 589529
81869213 5432
27999420 50651460
6502666 4
6660 14088
75665386 37832696
1505677 8
3116 2764
82379138 41189572
4232292 2455
931 209
364693 6587500
6 86
748 503531
30 42
85694225 212
929 402258
493 47
4358772 9
826747 61013
4416119 571
28997 379
735 633
972011 9541
4206 4218
25016297 3852540
620466 8579774
6 6
50 3833
25319 7996
6484 1171
91999 529
8820631 360233
9804150 8525
16 21805937
5 59
45945271 435
42 14
19097 10685
230 7322
452 346
263174 711771
93957540 44446
4293154 38
9942537 84046
6026268 14
2 1
4539 872638
643845 386331
8 7
28344489 39
1872350 3071
453 155
4015 1313
8666 678
3564607 72899
905868 1384056
8317587 2772533
2850026 1449178
719 1
9331038 36796
37 1
56 58951
45117 27
76 64
145371 52773
93 27045017
9434365 31304211
440 585507
2 73331236
57110 45706
56605701 18913083
48598 556484
73 1
65594 7102
4448 4372
23671 61796752
2683713 908863
68044 81
13286 202748
712 638
543 691
54219698 39085822
790040 1
5 1
26786 19691860
99951912 1
475134 84
8285068 8568692
9790 8452879
2 87368
1631 241
77278 38642
992 1024
6 9506991
98 73
388607 9569
677 27025
56806542 86329458
6629696 6720544
946 638
446281 8246
8 5827
765 639
2139 6795
298744 268256
22925 6374
37467136 48146592
470744 5
989 9999
76264 66746
68 58
48 4
66 62308
40642488 197064
4849523 8326
86698278 91699117
17 1
5 39649
473 3
61 8
73154 38206
1958 1282
50 9987901
23 1
32 9125
561 159
4347259 691589
5882306 560
6 6
6653700 14204774
94 50
6 1
921556 691174
993 323505
2 1
24 36
12543959 1
1 40961
7867589 916962
7110 35055138
8735 5
69 27
914 1956
61916 18232
4630955 25323479
3 1
38404338 51173262
45406 5
232 4658072
36801100 59303860
292407 891
2 682320
38021 391
820 944
3842981 1
705507 6827
38397 12803
32 2936259
66 291396
3014982 69630
8370 14670
6 6
6573435 4900485
1 5507196
7 1
9462 53552
46582411 98
54 92
8 7
7402 3704
216 1626
259372 906507
8371 8
7076 3779608
426102 134950
79678442 43182358
22 21239633
8 7
36081 8374925
78 90
48927771 35145
43 37079
233 49167
30880394 15604726
54 5871946
1 27636
6859810 6589
9913981 2527619
38486943 1
5316721 7
693296 649996
4665 2823
17 1
48 130
26835240 743409
671 73
9332 569
78822 2615087
4483730 3587002
563352 2
1686 74
7107 2877
574174 71
37 1
76242191 3988
29553391 4221921
542288 3
5434113 1811375
193340 672
1823701 175883
1698 153284
7089 84
63322357 69
40925439 19704881
51 736229
83 51380
323277 21847
20593680 64254
517034 410157
80 96358472
78 90
19456331 8
46 26
290 73827675
2605 1775237
5 1
434 334
26645330 21316282
840019 1
8 1
948 1292
546 90144
98 78344507
14522 7834
41 93657033
29222 68596
38253 14163
810 1368
6613 3850
46332493 47326959
862 6972675
3059 28
3 62
