1000
619 1
709918 524378
4921 1159
2 17
339 991
519 177
9812882 2
34851 6
960 7806
4 3
19 1
4959 2841
895 185
943 65
85183351 87
53540470 42832394
88454786 61
6801218 90367067
67 61
526857 187383
84704278 47293322
1 132
58 82431208
3892 993419
6130048 6250712
5453 1629
4369 8
42435836 31826884
2 1
1 58782
462 68798
23 7782
731495 64710947
6 6
588 1008
7 1
3733377 1244463
23863184 1033434
16 6
9300 9404036
93 12307700
40373 907
6039 3633
37808 48911189
54 66
1047917 3860
88947 39545
5 1
41 1
6318375 6261465
1 1678
884983 103433
209 31
633418 512922
225620 921932
240084 9
97179183 51371065
4738 4403
27 13
1560885 936555
963110 71
57 23
8965 5650858
8090321 62225
8 7
19859227 41653
868719 199592
7364586 7364598
545 115
627 7831470
9070826 9
58 8875
8 7
6303776 3
76311381 25437131
2232207 91824
4295029 1
6 737
7 1
43694 31234
89616045 53769651
26 157396
47111917 49199
514 260
4 3
2838509 82391022
350 9862735
85 23
877262 352797
408168 724999
72644580 18
66 78
80748 123456
2197 183
773 1
191064 942700
3778 8311
4184 3676
18 21
8 642865
3 1
8415746 93843543
6250678 5166709
540480 9
30320590 26133170
491900 575740
4 6116115
556909 29331
221 8
2 1
813 60631984
90 144
72 123
76 205337
76948709 98638353
7876 751248
50607 7
2 1
5727024 10943412
8 383421
2315 469
992380 1202540
8275676 6867676
527 92298
819 637
270127 47393
71317 8706
2991958 32705052
9775070 7820074
3414 381
9199562 65374244
6845452 5182508
3001810 921
66980426 33490216
89606 58
39 17
54 3065675
57 2
5537362 2768684
8 7
8 268945
8 7
19 1
4 3
66 78
3229 9759
69886508 52513924
51296544 699069
7489 28
60 108
89 1
134 2211
7731 81931926
6 8101
985826 612574
5011202 3618430
47 1
93 35
8504863 83059
32105 537052
71 366795
191103 2101096
51072168 96239832
546279 9
511731 315789
8 7
11285674 6189014
67 11
5379 2493
50195 10045
940255 839429
32 31
60 108
24216 77
4994 3214
645 9668913
1613 60
375 5
8023 31399402
90971681 1
9388829 7
65 19
23277098 866447
1646034 1982766
804381 55323504
1 7
348343 5837330
3371526 16964448
52096299 62
65323880 163
770 958
57 992327
704447 1
611 3306
23 330385
428885 102571
47 5
2711 4971
8361 1
6819390 11519370
9472 9946
3 4992
3 1
9466 4736
2039933 9
6207 9121449
934 742
7 1
212715 436358
72 71443
88451963 36877
40715 56
59056660 75296636
62979185 72
53923008 745
4 7343236
7 460
3135335 1314265
8995297 1
7164 62569
41928373 2738
95776 194
59527559 13737241
2 902
613060 919100
84748680 8786
2054 161291
90575515 53
420393 173175
1029863 4101
76 64
2103 705
738666 902934
559512 1039488
3 78
396606 588354
79845700 25579
5703805 1253339
4 3
1756642 894074
1484051 1
40 50
15512 8686442
283 1
3659 1
40825 272
6053 19
9987 403
99473933 41856348
43 4
3427 78041
1452 2
6535 1313
8 2
741837 247283
1153 333
6223 1073
5351768 7769
20763084 2273
62097 83504563
64 69634946
8421 4443
87 33
2 5040146
3716157 37
40601390 3
93369 31127
39 17
6749318 3720442
99 57
4 3
38154402 54
81 84605124
8879199 386
78991428 851865
51272582 47062
814 554
91 21
976 6656382
4170106 2085056
375 1
6618 6630
68 58
60093223 43
998 502
423 7274778
3803448 6570312
12448541 1799779
71 1
96533235 528307
2 49652
58566 61818
17 1
2346074 28529635
495 72065932
5 384398
10 89420
26406 76114015
8003 5
2 4
9727345 2246
9747 5493
1814 18102
36 55
9 7145
926929 6371
97859230 1435932
4 8506
58269159 36986841
719 25
756362 382714
551 49
921 96
8275 2017
47 1073605
738 900
4639 742239
74495493 33275547
25338270 34
441 67103
11 1
2069704 859405
39147 78
9981 76508952
9 8069
9 67086
945688 92486611
921 311
1139 8576
442 56344
871555 9945
3193 135
15290396 2652029
927292 2697
94884 9737601
20563202 2148106
360 810
481 51
94475 4254932
72311997 24146563
2705 87382334
1875316 58
66701 1
8709737 1
5 34409577
558 690
935465 102221
4 2406973
3 14229896
5169 1727
53005 54659090
54805 12958010
1031808 448664
137 1
695 145
7875 8349
766866 833838
194 23822650
2818 29337
1678 27086
5074571 973
44784800 8
9 4
77259 49973
19 2742098
2 1
94409 3
207699 1
7 9
70520 54625
554572 6151
7570 6074
81320 236
70 74
283876 54
6369 88244
77364376 72323624
38580855 331
4 5
13356 578359
77215 89195549
57774 57786
188 148
4645 509
61896 39868723
23674951 1
4359 1457
402 75763
551464 32127432
645 411
5428196 80578284
6679203 2951517
70122 513
401 3699
9193216 9157816
23868044 10401
7229 84
96 466
225 787
43217 80
344130 481854
5762307 39899133
390389 8
24293039 2160961
8422343 205465
6 6
398689 654
3010 91885349
7596 1965989
60 108
16 995
59 19107405
61562 568
3 1
968 32
1 13529
4258672 4742984
666 8
1968 19543
841 3
66059 9445
4250 4174
75 964
19685 378939
64 63
6823438 6
8 7
63882832 2770
5 5722324
825 663
5508081 3184239
37430855 10854
2975905 595187
6636 784
32050 2558057
96763229 1224931
45081 6
16 15
799 96
9 298
43990992 430
746546 373276
539 1806
350 394
30188406 99915
1196 1156
954611 136381
2809714 1458446
22273 203498
74727 44145
190089 84497
602 454
56 64
90941 349910
613994 310426
32055 5
5 1
295 1983
62063125 80242410
57893874 368186
1831331 1
81 40
323938 278
26543 4177
2786 6276
176 196
57 3626203
97575357 44952963
22946724 27855218
57622596 3585
6 3923
8386 17735
3 1
450 1
357149 33283
162 201
32169521 1
471 161
34031 38
90183 3945
8 7
50484 84364
40742 7163466
4 3
988 84
922 478994
3566 237
47677541 653191
76321 10911
2170449 1045071
7511300 9320956
274802 99
6192 959033
1695634 7
2 32184288
27017 792668
43 3140271
6611 13
78219 846
37271783 695
582 98901
219 4
127017 8484312
66627 25578
97 9
83 9
26228074 4852320
6914 33154
4 3
3 8746
4 3
598 410
4262 2134
2661295 1269905
52801469 8742115
94 50
49315760 86
2 75195234
98132721 46003215
420 924
8044 2135000
6 6
55875018 662
94795538 403877
5419932 32762
29206586 11
1 3549672
76864297 10687776
92102861 305101
2059 101
50369249 52001
39 2
4 5084
83582436 78951098
455453 1507
756810 1262070
72488 59
41203 99536
144 95887
684 1136
97971107 3
65149 210
1897 279
65 50272
43919423 744457
532901 4999
85760 290
3 23
6783572 1823249
21090 33630
465058 295982
94623114 9
4575 86170855
837 443
8 7
2362 663
4857510 208
6196 9
9152145 56993
93043055 9027817
6 97161961
147503 1
8944983 59023
76456280 97650520
704 138
97607828 73472032
4002 3852592
67500 43
125628 194412
9 71238498
866 436
69684228 3730682
94 85
8466947 726
6685315 3369485
243 121
5783 1
264734 57
13169222 7780
2075501 1588
1241 91
6 9481393
14429462 33
20761 1611
295035 249285
773 1
462124 192390
73284987 219040
44028 67356
156766 82
916488 413906
50382 62874
84164 31289688
1783 1
2229 747
2353 63
20201 925995
4 3
19 1
68 5353
5 14
841720 1225400
457 1
8256272 60
147 66413611
263 1
1997 1
89019 38038609
3 1
68176 7547
76607 1
38486087 879007
9414000 2966096
8278 4142
800420 936028
57230439 29977881
3110277 1036763
9927439 72
3 1
2240 3856
31051 1
36645 9421165
27149 1615
8 7
2065 92
80832 133544
366074 6
85245563 6557365
4636854 5924970
8127 5953
54532 40906
767323 1
930 1374
9 55679
14011536 4
1 117
5126 7
495 1273
717654 952674
9276 12396
26856813 56994287
75121 1791
82 44
648 131
8962 4365862
95600 135040
874 8
278366 2390886
76768988 6
5827 558
62 589
8 96
459 261
5523 7
67 64
19413 9387
250 218
357795 70789
875 373
27701545 6985751
88175080 421746
537517 6077419
16854 17502
3990838 872448
80735 330706
9597 75978
73203800 96995500
46 72752524
1466 4070
53305757 343
970 794
765 9991
45840829 38793210
12947 1417
1389297 406777
26588993 9129
6370 7994
411719 226
264658 132332
343444 26869
902110 9253933
68962522 677
12235 2453
2222853 740955
3669386 16315
57554 85275
287 49
21 178263
7691 1
85722118 5
43873 7419
4 8324173
874 580520
26483591 73
30813 10275
99509 811
68535 254
60795 15
198186 87882
4611 1869
7396 9629
282588 58080
9967 1
16509 5507
65 19
65135 290593
727 174903
83892 111884
40 97374405
9323697 8156
38823 12945
583257 246183
66200580 58
54 66
710 586
440 640
16 15
32 85250088
64178275 16292857
277 60
70400827 7
3967 1
51 1183
82694654 7
3 1
5625 4528
5771824 62061
76 64
7198 3962
14549066 424
437910 709482
5 1199
58 207
46 26
5 8019237
75856765 27106
4339 1
33 83002470
9072 20936
98607 7435569
84 140
1 64904845
1616310 2586330
22023757 3396275
5110 32167
23718 46
6 6
25 9
9 4
7123 9294867
4 3
620 724
86141134 85
707 4
51974108 7795
78471 2470301
321407 11113
3139846 1569926
18287673 6
860575 2924
1 17497
1647906 6687
649864 568646
59108 59164
8 7
84 97705
7004 23782
71 4353
4 71583228
153158 76582
61749234 516
5 9357
428 42685
318943 690030
75848 932179
78039 1
178 56201042
214 110
98768797 25503984
669 227
7356 214
94 50
44979 5689405
381957 6177034
98050754 56994046
613369 38701
1064305 369359
6 257083
86 4949
2271 761
2765 1075
622679 3912853
44918 24394
1212864 81
225 939
956 258
506346 616602
568 512
7124 8
64016 73
49987 7
862065 632259
5981 46113
31472 38464
56 64
5456 7
8 84
216640 749
227934 366114
353 1
2420 908
7993542 3
10110 1786
1702521 1939577
34346 8
671 17382512
33 15
6 838
6447 7300
69954468 93272652
34 927807
91 26728
1923 73
9673 470767
23899719 763447
824654 68
8548 6418
421823 949517
54100025 3674713
53153 16
3 1
51091236 794
76358 80729
3215928 5423172
6821 3709
79013174 40411714
99704111 7669561
84192 968319
62629294 52994354
5 1
2837791 77056597
509 1
25 22
92 8050
7988765 1597759
105 1
1484 706398
18636 24876
820 8508241
564 780
259 2726
9 4
7465 977
40088654 20309914
38627000 4896564
332 5
7 8
531 249
6581 16
51728352 9060
2530788 293
39 8202887
141969 52591
5 1
17422 9650
29 960
573 195
779 4
752152 669848
46487 66532269
68 58
11286713 75973679
94179076 70634314
39342321 19932879
4807901 63587
29148997 67724444
5373167 334347
88822 46178
2468805 1481307
54713 103
68 8844198
46338813 900
179 6290486
75160795 2876198
9590754 3
319825 657747
8050038 36931024
4469 10656
80 19400
871301 3
70 3
6406036 9
710 586
8832 15648
38728608 64006752
24 2
425 59780
641 1
410082 25
85 50320930
3010 3326
83795525 30419821
86 5
859750 987
4 96571018
118 53752
43 550653
619 1
842126 62469814
676 605
32 156
9763 765
4021 1
84 3
25654 13514
7 6684
88779 549
2 1
4 3
428 328
8366854 4558586
3 7413553
8976 17808
1996779 499
9 4
13459 76036
96295 19265
8 524076
62 383200
283348 250752
74639863 14
2432 258206
517 371
1 8232
65299 32602
586 98
424 4877
949 87
73200 5531
62236 46684
38348 28768
852 955
90407932 17396
5947 333
899521 47089974
51 21
15766 4209124
86575756 38614
21547 773
5883 27562219
78086 39046
1 2040
9462984 64226496
64 7046163
9790981 74136978
594790 40
1671592 91334726
1 27320371
55118 43186
51594 58664
4009629 6
878 4978
6473459 9
48480 105744
16494 16506
398994 399006
8071023 2872977
3824084 3532678
66245 13255
6349 518531
486303 5279
153308 114988
795 28
1905537 703999
29378 37
55233107 1
88 4945766
9964262 17
226592 230284
387 886045
83 1
14726 8074
17868029 15924848
349 1
211578 85
55 716320
857 972706
85 2
33 4047699
304 33
807 273
398 202
8 7
69685 35147
83665 3300
49 87
5491572 37552339
8401624 12127016
1 891328
31830 44634
