1000
4833339 880079
3 376700
3 457
63032 55168
24003 16957
96785577 7
16 875
2801 1
7605 512879
59694 86
8 7
1128875 915234
62 34
279 303
649587 7505668
79567 82000
3942 3968611
19 8169
4750951 1
2742873 1612839
25 7966
231010 9241
2 47063
81 171
627 333
3 353
609 44
19 4
48845072 61
7765 50986
66568509 50165667
7 1
79 1
21847 480838
2443639 246
77436722 567
2250096 3562776
9 33593977
76673719 49
70516335 2961030
6917211 4794789
36753906 51240462
62991 8
67 1
7998029 4882
185 43
34 755662
983866 24644
3561078 92
28304 216545
71049 55066779
659 1
69 27
35060 2434
41860 43490379
5611319 3
934476 1297908
899 61
5 1
547845 328731
8274 72
8795 1765
497061 231
6635 1333
3063595 612725
1004511 405409
9 105
514490 15692
81277898 50810422
9 716
370 314
899 61
22909027 276
896802 9702
63261663 84
427 69
1671 561
2954175 2974017
69357838 44336498
42438 50298
3373464 389
49 8
785 21455958
5 1
78 2770
6369149 19736242
54601 1
9732900 66
748 32297429
8 9583025
1 452
73600 27947
9850555 57107
22615217 5251
5593758 5670642
950977 4719
648680 810940
515 109
6 13
7153923 565
438952 79435
737758 526994
97 964405
16553 43407
641847 4
832594 594734
216044 578803
42 3357
42 54
7 679136
2530464 89834
217 71
24128404 292
723542 7
67568801 409
8845 1414
887389 4564577
270020 322684
538365 368835
9162 679536
4780904 2
7238959 1670641
77 590
8893 1
86287927 8
1721598 47200
76811759 44
76004 639947
581 91
66293709 92
9 7899201
90471491 8224693
6510646 3266378
34342 30170
64542548 64542604
9394719 52001
7 49635
6714754 3499454
648666 756816
1 8
29928 72
85010 68026
90 2
5608 19098
9814 5
3905 1279
615652 4332253
843085 7085
407253 16231
9881 3932127
6 6
941724 3647916
186 606845
3951460 407
577 9
925807 3129
2 2182762
8357 4
9950387 278
91 61
15478162 11055854
5530 5990
349 49
300 20894797
91 1354950
6105307 578293
17286 25398157
337 6670323
4582 476
40753 45
954 796528
6878 4042
23623598 12636010
9445 1642416
84044 63040
42267 860436
664 596
4 3
8020265 33
80 20013619
84 459
50 43
380417 1
779 61
85747111 17
3776 3844
87854 449732
38441 2971
83442328 977
421 3804534
55734099 20859309
95 25
94 9339257
5 1
144 98599
74586 79782
6 6
31136188 24276092
422162 411558
15 93346709
852804 1302986
329 55
77313666 2437
670 554
676 972
3055 6
86247807 28749273
8132709 7627
9405339 3135117
241968 392044
65582 9535
9047302 592
53585 7
420238 355922
7 77669
913914 19699
2 87368
398 8414745
8073154 4036580
4516252 3995244
6 6
50 838687
861 35
42026769 182
2440 3140
51 21
32 6095229
96 156
84 15346887
38944164 85
3 1
64482 76350
79 302821
551 49
272 35989
5395 1661
687117 233907
73 1
54497393 326
67807916 568
99135522 2
1221508 916138
24346 9536669
51 21
9669800 9
766813 1
13 3326752
918 21539786
379506 3
46 2
842 546075
1367054 841306
4 114396
3 1
4769 271
8086445 69
102 74343
9505110 3887
75655397 5661318
6870 9690
5 1
719665 171983
2 28676519
61 4615648
77 19
42764 385
480271 33162541
21703 88419114
86924839 97
3006 95
5 1
35 13
9188 516
36592 34336
60061683 5
20880 80194471
457457 5019
283791 110
94197 38859
76595 32
5 54426412
679718 424870
78 9374
6210 648389
2 287857
757314 22863
8726 165855
7254 6118
9441 4209
4 3
347 1
19635369 1140
735 73731735
1 41
9552581 1
119 25
34754 16314959
5 3858113
250 218
82 6063
57 23
7572472 8
1990 1610
199126 37
6 6
1809591 947913
49 8
4375 7400881
29084185 927
30355 8957
9093091 4
40381 3683
2342 6253777
969180 1843140
383 2497123
45360 560829
3123339 1217781
99623160 8024612
4773906 94087069
35539953 11846655
48185 2000
86513594 284
39 8
3511358 90865
43 1
690353 40627
60094508 8529525
97645357 7279488
41 1713675
8 7
578 92
46561542 46561554
568001 93823
711 3622
9584 1406636
64017725 724347
64 63
5014 2906
8 19123
4569 1527
150947 8386449
671 73
504 512265
2 1
18 836777
374286 565000
7874225 20289
53 18
5239 617
3068832 5818
660775 158617
585 530
4043 4345
1 415282
540 62530
34 42
19694155 919989
3 1
453729 1
73413858 99840606
91773784 42721033
20626756 16309836
8 7
4 15035127
49094 1
9 4
7951354 8839380
901830 1358394
4197413 10410
7048 232
70675667 58807403
14951 70673381
177242 57180
6217926 9971472
7 1
2784 75922
13487 1
65062335 3468690
3457301 6362
133666 88598
1 7544
6225178 4725
29 1
71085754 35542880
3 6238306
634394 68
5856722 1
7310 6946
9 528834
64 2
42 54
5469534 4776
2811 6796069
829 76502679
65575 18993
93595391 799096
782 770647
3835340 9449
41 9802166
24478 741
3042601 737
6 66564923
392730 695910
5 1
7 937
51 21
97363 15953
1328 1276
59 1
247 6
6707 59
85 73182
93940789 3
972 1697743
89 44
7 73365768
82068 9613
5 653
598823 31537
55023 18345
65 19
70272 80635
758 6111
265980 637188
738477 92152721
589412 586
52963430 51654874
4446 3022
460658 293182
1 8033695
3726519 28
46611497 9
39 13502
183 65
495341 45647809
47703425 26047807
9850 401898
479 1
92 76
5555070 8888346
5436103 126465
921988 7262
6 17754618
62 128867
9720984 161166
7051973 297787
923311 10
4661 8211933
944 29222562
54670280 806
91125736 96009464
5 8
50328022 3
42 82408
94 32303
364 420
93755049 443147
1753185 1518495
339 1175892
51987124 138733
6176 6
222 234
69517 9939
88254 103002
228700 4
1707 938875
19 1
473 80782
3481108 789056
466326 544
98014 40
714 169
3588 432998
28538911 1177937
474 486
66 1572
285 195
299 37
756 4109573
409676 361108
1173035 747915
45905 6
37550751 19769697
52634991 915
7 1
85975652 85975708
9711147 3527700
25956 54306036
872 778
3 1
332355 199437
69786 81456
864 97756263
1864 1646
37 9197
31195274 19851574
47 1
7188921 3327559
45586 2
2995391 427921
82 3291432
923322 923334
5 1
83854194 77678931
49554 307929
446 226
4095754 2869526
899 87625
1 434992
84649516 84649572
246 73250
45088408 23
45141617 88102811
210 2670125
3880 4940
98248652 73686496
166 86
7519232 9675568
24775414 13083914
611838 784362
4255629 20439
2857 5554
90619356 99964909
2286100 193090
538739 1
82914 63
44 89092204
293954 146980
12166103 577705
4143035 1241557
42423354 49634118
20743 4561
9238385 4807
6586 3674
54421 9506
109887 36633
3 974252
9054493 564
3631 1
130020 87065
69725405 933160
4 3
1864623 1069906
8268 928462
47803 6837
96368 100792
11644 294
8 4524426
18763 2546182
87 1807
8 7
35245 561736
59032304 21
89744280 7004
92243295 19770
60106 32378
83216 101296
3926560 775
9 89229
6883399 99
34 53
51835 9274454
793093 121019
41677806 139
35841228 47788332
39584381 7451034
1506 1518
642 1900584
58 9
49046713 1
1801063 33
49377 2
7738522 6701
4 48361966
87 451
2 178
983713 79548327
702 82
890371 1
29175 19185
84647 594
12744256 370473
9148702 4673498
470 7
4822388 3910924
88 25
3164113 28115
655 137
717332 951916
6090433 1
2204539 6890
2175618 19
525867 77220718
5796 905
28 6623
9532 7156
963 22428292
35628 1321494
7022 8
5293 11
1 6859
30785545 3248
570688 9795765
2506080 810
29480060 1608483
6893173 5
59 1
1105 21353
636806 678844
13 1
8725944 47
9080279 698497
86520 213000
939 317
723765 417
17976 9209
45936 77803598
177346 750769
8639294 4332154
5601502 41483739
5 1
43 9
10566187 170015
6 226411
293 1
927155 1746
73817271 2
7106 218
852311 3422
1453 2598
9890193 24
537281 1
7 7291
41 1
969572 727186
492 85300930
8 44251167
155997 45350
4198 2102
971996 90387
799119 29
33166 4235
68463 51353
9224 8086
4 15900335
85869225 9157371
8 6304
6 7
431 8090701
9621 81323076
1637975 393145
7335560 9169540
4602546 84583
90 144
973326 713
3197 552318
31764 31769844
82401486 65698105
65 19
436 2
9149 23278327
5048915 462095
6 7413750
827 675602
157 6675
53077049 899671
7 5448
70435122 2877376
91 8
357 45
592227 300717
9856 1
957355 433685
6865 1379
3028447 70473
816197 633
7063341 5
1837 179
465039 85210
503749 35713
58275 5
449663 716
35615188 1555275
7587362 6356
921 15243
703869 166588
33163307 490541
9 4
3 1
56 60072400
40 50
55601 14671
2 9781
932 788988
105090 90
27 77265
454634 240346
637 161
7 1
4761400 8630600
29727 81175
99214239 33071417
8062265 1650823
84730 72590
54712026 64452474
1602 481
36 55
7048275 3
53 1
1935177 51229003
2163936 265
363082 561
9011 47116499
36553205 9
72323554 5913584
70327 1
3 772417
8221 1
34881638 22630222
29215245 17529171
20567081 12583
3707745 1781218
4509404 3382060
5020517 2
47606618 33
15 9
34685882 34002118
81 40
2099 872
384 636
1 40491
92336765 182
94582 1904
185450 56
2158 761
72928930 58480790
33398607 15181233
73013 270
522 648
353648 10509
2420550 9548
92 75143
6533 66946
8815 767289
5482010 639510
57 23
1168325 366175
72112515 43267533
482 244
146433 89087
501 857
603256 3119
4435 85956
52899 4755
98189 770
986 911849
93 9746227
89946106 5023309
65822096 53553
519180 1023060
3 1
84 622762
39064 943164
26330 4
7296171 41769
654 666
682 79
48922003 513
60828585 11788995
9 82
85 23
793177 16261559
5005328 4733632
15 9
707534 3221
4854 36
1 7
337220 4820
72168 75511
615970 529118
17664 8234642
34111 805
44 32190
14 3434
30333 10115
2774 4
80 925285
605395 98075
99289232 506804
262159 253921
2 6793
87587 1
64897 10879
860 988
4335 3033
5970 8430
73900 6036
864585 7
680 940
87 33
27 13
58569849 34486023
25904907 51778100
6291 450
8362 4634
7495793 693739
31041 993055
294 8
550 566
645 41
3435738 978
90208879 3110681
60 64
80926974 2
471 27
9 4
19 1317237
2848 2822
469 68
68426 34216
7048332 3804
4865 17485
9 9369
1230150 1894650
6 57264
38 720514
73 1984112
996 7
6723 58182417
24490612 53345794
4289217 1446207
43029419 1
70 6301
35519303 731535
7680 71656
57644 9095
28371 26
2955 1797
9929805 5957907
221 42869045
51627352 61187288
74649 8
534152 511288
124 757
6 6
80207 9
9 4
98 73
4227 1413
2142 3474
35778977 8630
18781109 9
684210 8087092
24 1746
8586329 145591
2 36
267 86064
134010 214650
8168 7162
7030836 32522
41715 33789
44677 1083
2743243 1
308 364
9418701 3483699
155243 15529
63707145 33655285
465 544
92738755 565
43776528 71174448
84 271
201978 9965979
9 63
78615 6
6881 991
8 7
32 31
337681 3532
798 1122
4442 68180
9266 1313
3584682 4381398
68292 129724
32 1268
4 1271
97559948 721873
972 1576
3 1
129060 523
91 5168029
51968841 19907319
3641226 98000178
990031 72426802
6689737 41285176
4 394832
86082891 29767413
67 76
56668684 48335180
8062523 4577
242251 1701
41979918 41979930
4 61
77 19
83439 792785
245 4529392
694 350
6819716 47025
348 5041226
502995 7
2193118 1096562
952472 861088
3 1
145 7
320 1
8 7
1530 681
57 25989
9 82150823
163837 8643
35 13
263064 79812510
7353 96
3361 56761630
32185272 59773128
2 12
17688 5357108
42 54
8532 13868
51315 9850336
4471276 3353464
65459 50
6570775 9671064
8 7
44 40
97320393 303824
9 4
8 9
88037 1
858 403
8625 7810026
3768252 67107355
675952 499
390572 45196
9 5121647
1553 45885
372602 5
3647 77374823
5062563 2914965
852315 84517980
700886 76260267
4020 2
33 554572
13 1
833381 139
843 75322
99254563 1901275
928 962
463 1
1587 625
3 153
656493 233907
5654 3634
748 111125
77 4
501 171
9959 457
9 70416847
8136 782
569554 5939066
54718 28442
2402 1204
3012967 147113
13663621 5683
560587 24613
567057 8
84649 643597
375 2187994
94602078 579820
36 633422
56142744 51098
73 1
580 680
5 6513147
2 173
9460 979309
4 3
1859098 65708315
98078908 9
8228 6173
407 102
843 285
662225 1193
8 37682082
431 1
7188326 8209
5212 4
706 356
57 23
3312738 50536
1926 2286
