1000
6 66
850 22028024
3993 2
2097 27373
5215453 31
7182 3427441
27 70975
6005 1207
9230520 705947
99 38
9100251 4044569
5 23764281
994 63
9012 672
683 5075
576 28033
4 75554708
81 40
114693 95111445
4 82
3400114 8414
77029 972559
5 6765809
8626 37978224
4183486 2243378
298699 4907
9604 10003
696 58457
92880 434451
67652143 8590
99017 7
5 4421527
1090185 71
1293029 3
4560 77626
344 742881
9539 2
460 32339
33929181 748
17059076 61776
95127358 5935
421 1
89935 6
10684189 1
633280 9745957
410 2756
26224 50596033
8437850 48
645 926
8 7
8669 3150
36 3862228
2072899 278607
98836 60993
1779 45874564
8135 37344
75 1847568
754 506
8712083 1927
34672 10992647
779 9156087
33411136 6451290
6 73478298
756088 78955
3750271 800
8925492 11900684
3808895 761785
2195 4993
78782232 58
9781417 857
1868178 7114906
4890131 3695356
9783 4361
3 8006024
963 3157985
304942 203090
2304 4339
95349 96
237 83
24229 3787
91 6411
720909 8
95936229 42850107
359 35
76 64
95316707 3576733
5568787 54018
973 147
4602 89
327085 49
852254 524506
9694 530
2 1
55842 99584810
75206 17988
7590 13146
53 1
16374 106122
108 92
51676 38764
26541407 1
612166 3893059
67 87553
1535729 9745
949 655842
4978 2942
2071462 8
1 951846
4 3
38826 17031
123 264
15181726 9712245
1835 5635
6 71478857
7603 7
894 9025565
5956857 9407716
5077 1
2287 737
961 1210408
389 229
6093538 4222622
2208970 1767194
51720 729
3 38214
13 1
61123229 912355
8672 8464
39537 20367
12 91746
59583464 52135546
4805 6894208
803 652200
8803 1
120863 1
30 440
3607 9086
81065 19543
5111 75051243
62991 8801088
816844 816900
3123586 6
324 7
94762698 7817
506 358
2194 869
37 301698
664 596
7 6
786981 51209770
3118 1562
22747 1585
4722803 120637
7096283 1597
49885709 1
6506183 6
4076163 614791
93027 42333
7927 1
50740658 8
800047 12009
16661 1
903024 9
869002 327246
92863536 9566349
4928 7264
5325 54282
56352 997
96108 128172
94 50
555 68
34 20
3425 4421649
75 240
429 49970
262487 82
8988244 2583242
3406 511926
931714 686461
553605 865150
570354 1870244
31871326 15935666
42 54
95 25
50099 242
751 1
1573 289
174 186
2750872 27329
86170220 513
553135 185585
207372 320820
68527740 6
215788 167532
214013 70961418
9811 396486
41753888 71227501
35496395 158324
127 1
8 7
32904 77
32021966 637
46582 23294
64358 86998110
662875 94
29793128 26565052
1156 2
12324412 10405988
90651345 2682
612836 643804
482 5205280
771768 9494
497569 344962
449 65919
55603 1
6 37
6309023 320
42 2236
4 3
95 5218528
2260 831510
8695006 921
7840715 1568149
35 75802
910936 1029464
1258434 1492158
746973 95549031
3 2
3452008 5
833549 46561
661 1
18408 31992
426729 327
72012136 99
93029173 55415
392114 53535884
9 6
64 5536015
6695201 87523
69 27
8889 2967
12689027 1051345
229997 9
3 57428
620 724
91018 36207174
4335509 75
39 17
2510941 1
6 61
84699888 43
265 582
59815528 2853931
88182930 96187
9564 12780
86751 70641
2631 881
416 57287098
52874 6852
85639257 49307607
80 155525
124906 73976
929 1
4 34
5984451 3445749
265 59
76156850 32931512
8817922 42171249
3 79264627
67097 775796
21214 3929685
2785 4823570
389613 3
70658355 47306445
8714558 4878322
7 418041
10426 268128
655158 8962088
31323 11445
6224544 443652
5207 77590
33307 92114
89 158
170857 65920118
13167539 754731
376935 246056
893 67
5 1
1 685
29 1
34841 8755
54730617 18243543
91973 50809
2632 3128
306389 3363575
32162 19834
54 4560
480 62131
6002 436320
10 8
3 478
665 3591736
9 3412111
93140279 105416
9 83
89910245 10
69913848 3940776
65578 32792
74 7133078
696055 151097
336 9669
432 423
6014520 908134
1771 533
52541364 70055180
80412 3
70646894 33
40384932 67308444
183 65
49012 497
62918 37852273
264283 1
2678 638
88 92
47779 861124
913 95
6 6
7 22452
622432 629504
61237 9323
778 6
5 1
743087 15
45668818 32551982
92242 884
7893505 1578707
7220 5113517
696334 351914
15 233
97559 26929
76 6292
485 4760124
1574 452335
897 447
89 5
52366 6318554
876645 6937684
26295939 60
63209876 53914432
245 97
503 203632
4 7565
13540706 616
4502887 8
1302800 235
8253 35689
2880 7026
395996 297004
4780 3
1744 1666
4 3
3204 4986
52023846 69136602
46 84
7103458 3
8 17180229
682993 45007
968 45638283
105327 25
6403 46
483 285
49942 223
31866052 40798303
106869 59115
652263 217425
53037068 2182874
826311 292153
9787192 9400088
74092085 178
70 88042721
93675004 1016486
77258265 688325
87 13826
5635229 2758
37501020 80
14824479 709
67044704 28053
1985 403
2030930 295
22492782 31638498
9236 9301
62 17342806
88 697
226307 97
891865 260783
87670694 43835350
95333653 9
975 761
6533 49
10 3925464
61437322 30919094
805027 28403
65483 4
978002 489004
458775 986015
4122154 8
4 78346234
43025391 21047409
13310 2992580
3905522 1966954
387 99542
7 1
6226708 4691724
97121437 58277
4269 58
75 9172
34163178 50746902
1100 1504
90 85382
251503 75593832
8261 763
1797271 886
770427 524841
28971 16629
64 18
68900506 657
630 20738297
951650 5842
493 93614
878 442
252268 9469
5 1
566649 22
22 14
924204 6675
78 3
926 4735029
4318939 33101
800 1153
19 38537
31425 68718313
93 35
2681 391
721624 2
7494214 6341594
39126872 77
51 19656205
18390 25818
2 1
242 196704
660424 618296
60 6884
4270 88
551800 787400
88 92
90 9
5 80490
4711075 3614
8 8
863335 276209
57 23
2451 193
950450 817480
65491 229693
81 35
30 42
603 380681
128 127
3163 3824
12555887 866035
8151 5289
25995 15621
26712 5
20199434 737951
4 657458
50011031 43500
70696 61874
41977 34875900
576757 7946
68810 72886
5788566 1
3686 49455
8513 1
47708684 35781520
3081860 3428476
32917 1
23016 468144
168106 84056
956 92
4 8780
68854327 21913961
91 21
9266 5098
8107 937
3 560009
9007 1
5 1
5368 683680
6901 50
308863 89
99836 36
417559 4472
787571 66
7364842 4392470
793071 391761
947446 473726
19 8360
206 8
996228 64800
101708 80404
649124 667996
9098229 135667
101 4788911
21571325 5236855
507 47
2807 695608
5167 99602692
513 530
79960 2158
5756074 1
447 14226
78177 41631
785 163
55267361 196963
91018 394
3 9093
18 34151
5 1
346 176
32056299 124802
376 241
5518610 51778
114 126
796457 1879
85 3451
5065 1019
194928 874323
97 3890967
632 4
664542 96678322
41930 44470
2272038 2315802
156799 1
71 709741
9 1273211
76613808 46176162
4827 1613
92883912 265524
6666921 3210039
75381029 9
4645493 10027
4618522 2309264
2 7652863
44658409 1
4950 13
2 1
54 147
948 631
605 193
42 97
4445 3217475
7482 8358
51518 25762
45 76604
2645033 26739144
5491913 1008823
9512 9388
1 229616
478 925566
2231 51
30 7083839
3967344 512
22175 5353
61291349 424
8 7
6917254 4383146
9 4
73197 35283
5619371 97
3 1
28 1839324
61 4573956
9253 507
87 29880
14036 36557
7833 4135
59582532 79776604
2139367 1
11340558 7
734 86979492
18274 7704
7653 2555
19310 9879221
489 46930
2636 1984
692805 1526842
6174 80006374
3 1
150 95
44 40
139479 56361
43679311 3419489
1259326 2405
55 17
4 3
76725257 10960759
2588 6074799
944905 2
47 94741
81191 504
113419 7362
399850 9106
7700 13132
99 57
6815188 5365484
3794 421693
2 224
59650190 47720170
58534420 84459200
6 6
54598731 40
61749934 5
77455459 7991
107 308
93 144
601946 4
94900 129912
15 45
7 758
5 3586
84795096 4796
564 2997
25 86
642463 27745
423808 8
35994 221496
40 50
488223 21
99 57
251082 94721724
924 1764
9 769
45 9369878
227 1
75651430 65806970
43636 30
113317 250
6 330
1 85
7898 917
760 881868
4849 387
22380 40452
97 1571
64 63953159
119 358587
8 7
765429 460299
797 97459
24 706
596 454
6 5447854
89846797 1084147
79422 111042
6544090 6918182
1 7
153 81
869 91
1661 49
34 4678185
90 144
5535252 6858
993312 2
27 36841
46915245 936
48479 5
1 2986
323096 282724
6 6
30 42
8749399 5
31116 41516
9257 14224594
158 42717948
838986 838998
15441256 948843
3079 3
1 1
24780 159785
89 10268
5 1
6453690 39668553
73379 2670
92 3058
79618 29
847843 981094
83511 101369
2192 5
6948347 1067
3590848 3912312
103902 510
86737 581352
8652 14644
23 1
249771 85656106
33516 70224
8403849 83730
5567388 5205044
1469 51991
213 1980036
34 20
3015726 86
38843 1448795
1 1
6 6
89 9
86 46
107 16
1 796202
808 722
171 85
8765 1759
36560676 5
10232 8968
833381 5311
2 37167
4157301 1385771
936 1794
72877204 92720
66 720621
9980 5682844
7866831 725417
3476667 1170757
6921 1284
55259403 65692
310109 2680
830 682
91 619
66801 35023
4730 4774
40789 5835
7388 5548
804993 421695
684913 40307
3118897 4
9 84285
82 44
38812 31524
5368156 4053564
9 496937
1060781 30
53357130 133
3 18376674
6724470 3389
399 241
3770 3790
419 9
400 561
50373 25287
21714921 4
6932 7455
3 84
1004 1942
894209 2157923
641 1
9141 4203
1 40884
6023 22259
1039 1
16 15
14746 8952188
80251 1
178763 542200
21925013 351
28198 4354
762999 981432
17999921 50534
12941 41636
26 16
6466 3578
185569 1
334974 562389
35681 1183
8956635 5421861
4140080 839
4137711 1379241
8365 3155
79252 2
81 6248396
6773 264304
6614 42199657
75484115 30241837
406343 58057
8 79
40545 600
12428750 18184929
18044 16060
20112 723
95 90305
26236 26292
42014128 46882960
3422 1978
74 40
93227962 78712156
3463 58
71 1
8 73
52893 26241
4861 68
4 7517763
7981 343970
641010 966030
19892769 10449375
929 1
6155 1237
910951 4241
3 1
14754567 5099113
57287334 49
3624 8115169
1878 5
18 23
7402645 1854827
95 6408
1812 2444
29 1841243
81480 44623
1 2
6958 9052602
987199 86866490
116 9225495
2786 844525
89029 5255
585508 28
17657 2095
87439585 6090379
688 676
289189 4813763
52703730 4769259
5707425 41113
33878 57328
17 115
6252695 37775583
89766 3421
47 1
521615 104329
976 92
1 282824
518 79
6339458 3511552
73134 6111
237 83
6 64
4157 126558
2 676970
676 605
9 1195
5631381 3664971
1868575 506273
243101 19
31824 32
25073560 32546600
40 50
2 490351
28545964 3
9091471 358529
6 917460
604 460
79020 5817201
8 7
6603284 86702
5 98482
925822 462914
59428 7593511
919 1
28 28
891710 21501
96003 915
531 43661999
807347 5143
7 4
8376 9
738579 8935239
2 6
131 12411069
482924 17667
5 3774
18779 146
170520 21933
26293351 52816727
526 266
15870 3042
289132 52
61326985 28580
261 57
2 8684429
11830 79910082
13588656 21515496
28726 11310400
2265 1383
79205 34459
22980367 6
41673 15927
385937 2479
45466 29038
39012 300407
3451 869
51 95318
343177 7190165
12876304 23
973607 57289
4338431 1
6648504 69673
7849 324229
820487 281440
5311250 719430
3243 87
89721 83
9080 5
676760 9
49 40120
367267 1589
2890 2636
4 161
43883817 26123
265788 459972
58566 31135944
356 274
17883663 1181
942867 2270949
5673 2263
546190 445538
38729516 7
67 5
97322490 7
50 68755
25 6
47 84
7648746 639653
2025199 3197793
6430 5162
67 1
5310 8730
44545 6803519
235958 6
89 4
5392843 1
781672 694328
845829 8
500275 120097
4 8496685
15 350
2124246 403
27649 687
702060 91494856
45665 380175
3667487 70760
8570 6874
34 9
84390969 41092935
29 1
3262719 698
7037590 831690
11087 343
44372 33286
11 1
42513 15855
72674668 68347556
4821268 4112384
4625009 59
3 97966258
815512 63006
19575508 916366
58 32
54 66
6 35515
6281231 1239121
3523 285
754318 6333150
83167479 42303321
12094 6050
660 1
2143876 2331644
5492203 70834742
89769104 2718213
1662 1674
79193 426
578988 4082
16108 8829367
6 6
8295177 3848631
7513177 13765
93646154 554943
46 4173921
79637 919
955527 323193
1619793 1102641
58 32411069
8 25227025
62353023 514
