1000
75648648 56818350
57201 22479
34 20
16370391 765637
34 20
53799592 71967128
5 942487
359806 179906
11 1
2 1
77092456 96
35 184
5877198 7894602
54 316990
6 65
9 4
2918609 153631
1702728 30216084
3821 1
759 23
2593974 3272588
56763010 48902462
2 677126
6894189 401498
1 6755894
68447 1
5522 682
42 54
94 32826447
94247060 9
8633 370
92451 30821
60045 36051
83322583 36745
262 95258593
9 642
577 1
6301 1
16821546 38500385
494252 41
6018225 628970
3071468 2303608
265 65933
59 1
569 1
33800969 1
4 470
90365079 47334121
10 36137296
10278 2293176
378 15078460
82954 566
1994 4485
3246 3258
601951 92993
42758639 57015556
35790029 865
70825 17029
96958415 288
68795 68570316
339287 210
30 42
5395668 7409292
8471204 1697740
20901 6971
7699753 1
586 296
21 38969
31 41670
77214 86514
4947359 83
44936 88
355876 77
547 1
6 6
60 49929926
91779 8
36528041 3674743
43534775 849439
117584 110266
2 58
83 48144250
9458 9870904
612326 60906276
42 54
61 25301
4393757 11359
23 92353605
7072825 94
9 4
1898 139084
29232970 27434270
519821 34579
1080555 3784006
18220 20084
7856 7396
329755 488275
63711253 2987
746511 75
7839222 8380218
9 23302176
543555 57413337
93 35
9706 75
19594 3266
712092 53564
391 40776125
842 516978
26670281 3698
8025268 64
7 27646
140 80
965180 1061740
5 1
22 14
6 6
67 1
997533 5525828
8091 98032423
4 3
9682 5294
26 16
5419532 1379
53 388766
5526227 53110
65775 43097
2 1
2 1
2 46130328
7444 5590
6 6
4 797199
4918 2462
8786817 7208
4275784 953571
45 33
8231617 776963
286432 277544
61 8
529 24
84 140
7245 79
6542 2258
77586865 613
14 10
64 3
3442941 1530209
7 4
1041490 4
20808 767420
9907536 24
27550558 52051702
71158 37994
96024 2437137
429036 572076
78 90
6747508 5953292
43947870 70
3 59177
6462 7578
2 5
48655 245
88219 85
73772019 10737
3913931 559141
1060 1208
5111 32530
73 94
658 199
1722 7360
25888130 39407
26585220 51143676
67 28
5838 30855021
7656 13944
2 1
732 1
7965 6435
4396 219
27605463 98
786 798
53 1
37881 21639
9630 87
29297 1
7 1
1 434
651 373
271 139050
80668472 70819768
90972403 1435
364689 90819364
7371 6181
63 7075
195301 11201
50743583 4613065
46385 68
6339412 1
59012818 30318842
900 1348983
576430 41
767 27429
8002893 712
14363653 425723
985 27
77008952 98243706
428 328
1 43
4131 2421
30591375 629
61831 16905
364 19103420
65215 13049
66 6420
8087 1
669593 94787
55 17
300721 98
16985 952
797032 720728
4 290
17392561 4
55888 93058466
89 316
722 99907
47591 81372882
633735 464817
46526 25018
72965 14599
9855264 16181376
19602328 61623245
1217 1
4 891
97212622 121945
88 486033
1444 1223
784902 30308
86 150
5564 1
4566768 7374432
387 1
634994 9340
7 1
225605 45127
93251 4415352
487 85
79919764 59939830
54 91
96 61
316523 81910
678 690
2 31329831
225 7
2235532 2002016
127 1
52314 4583
146562 15530073
945577 1
807 273
621500 706
6790 7322
4863 5
4791465 78470439
719 1
33003463 8101886
3158589 1740675
6476127 80035547
87405 736509
964 63663991
48296601 89321217
2928 6
551300 8421090
544561 48
2904066 930
42112225 10106965
5209839 325
63773 1
1225 542
58 32
130 63404
927 425
5 71433189
208 970
26 3470
9918 2
663 60616
794 670
630 1242
492 6520
524 400
334 99441714
66040 12
8842218 13207062
36517 7975793
64 22
90622727 7081033
517433 39123
17 108
84454640 8155789
2032 1936
520240 863600
66 9
58 32
862661 51
64096267 9
7780061 50664447
9 768
2 1
6888096 12700746
2370136 39
348223 91739668
778470 423
5358490 320759
4073 368575
17362 8684
3 213388
226356 9
71616344 2005318
28472 24928
411453 565339
253928 222202
46244 42124
54880 96320
450 759
17988639 521
364 486982
3741720 94604946
42 640
51225 2
9 145
7 1
906 2455
69313762 670
8560749 522869
67428896 5783
806 538
179872 429
15 9
117810 286542
7 1
28438 15122
8764956 9182
141 51
50193500 194
58 324
24 36
5493003 669949
23724942 24735090
177 3543549
8845917 3488163
2 115
48146206 151847
349 1
48679 7
57923129 7049671
97913 5115
352267 10932
14585674 20461128
91 21
56888 58192
41709 69
4493 1
6 1
865 49582
9910 3507
9 897211
1677282 1854078
512548 99069394
5639556 234
4046506 2342774
54255769 85630
43249 428624
458 2885843
295 9750451
3017 439
328 54479901
96285789 46947483
8819856 16946352
3986 1996
84436404 788830
7371 6181
7955710 36752991
5988407 43849
5 376
1 692
618017 7903
6416 3589
92711180 7
5845 3214572
605 636
79 40
759730 737150
938 694
87225 87
74031235 14806253
6 86512532
27 13
957068 1101772
4604 3460
1818 2160
682046 307474
53 1
684 66056572
2297 7477
8467603 250733
277 1
9161312 9148504
3233610 6051510
56 64
992 1024
62206360 1834067
98847582 5866
7784304 2694573
319487 13230427
12526 4
5984 63160
181 56501336
9635 869937
434542 3253467
350 89215
1 26283
8341 2273198
5621 2279117
82 44
59731 27906
64 63
80309410 1610
4783154 5717384
979 7
30 4525
1 1594166
144053 33355
33 8168
34 429214
3259 1
43538466 712706
4 57792718
42937 1
2199582 4170978
76 64
232922 116464
219739 66
9683423 914249
3158867 995
240346 141434
642058 76
317 1
9995 65
51483 17689
8592 33
7502609 3586300
187676 16931
8739 437
7731737 500
982095 601617
90 144
693 5975350
2392 95454197
13 5465682
79311803 1
5006615 1001329
86943 3
8 50933756
14290817 7208530
8160269 737
234 312
8738871 4580196
54215242 96
1037 7
446828 381244
548 418
870312 1305528
28234 16430214
599772 813220
9823 2
94636022 2
5022 9059
18401244 966390
5 9815
27006 1
37012317 12473379
59005 452477
39 17
96856 139
917420 1284724
598657 94192
2757 923
5 1
4600022 81
81887298 1164
1734 553
465 7005
8078686 96791
7 1
1790371 4512532
60206 30106
56 64
54622 45621004
38438678 19219342
9688303 42537
81766519 4303521
9082642 4541324
473 85040499
1542839 30104355
814 82216124
782831 896552
276418 138212
25796936 8952807
545 78041
762431 2233
99 57
35 77
76494072 2412855
288649 2136282
26171617 707379
98961850 99267650
951766 492194
8796405 9682781
41018423 406225
3372951 9201
21051 2534
19 8198
9 4
262 134
7147391 44381
30 3591
1 4249
14 497553
35237833 154107
93946 537
6703 6351803
44 518422
817 47
229034 158038
9 4
9 195689
12550 3760
40296643 1
69704 24202
195 141
3389409 65
9664 3894
4622 2314
1449 14
55 17
44098 88123
7545701 156293
470389 605228
2 1
95 108
8033000 11482600
91772 3348597
98830 91911
83724 111660
4632972 4
70 74
92 983425
49159934 7605040
8 503
580 680
7 41354887
5 139
62 8727549
53504 4858247
733 1
8442 6930
85 67825608
61224612 4
37699 142632
180902 479
133989 475
5121551 556
71242075 17098129
24 36
525 467
97 1
6181537 75945
805749 551307
55304278 59519
69 61172
1 29192
76232313 43450887
9992548 80
814 554
77402057 766459
37840 9
1250 63
3 98440699
1987 11
8282 4570
823 6
83145 20440100
1405 64639
156789 98102706
38 3
63801 36999
9140050 4269
421351 138
48659 3
83 13724
8852 58938
69210196 26
213187 430430
1812 7077
270 450
92 76
53468 40108
7189090 20819
567318 616938
69358356 59880266
17 8237337
16 63733
15585 4230
340435 5
1051 81266
2 66268082
4 7807535
7032 80
109 915
588 1008
100285 24131
690 1038
18414 27666
30 143557
6 273
4099931 83559
58403252 97
2399 1
1 71464
25 3590
74818 99224336
594157 8
955 197
27 306018
21833349 43569
34097841 18956303
680 2211
1 1
4 574444
14 183
533 55
9 9
9 44
6464830 5346770
26111 26
1 963139
31 1
173 3023
67 1
762 774
717 243
1251685 1967183
40304942 588
728 516
85 23
12 16
7 8004228
681 231
59180 76900
5584 5266
8184084 3539
734653 801159
6263205 4529115
656 646
934870 7100218
728750 749104
5 1
25648 8192151
30 42
72 3268
4515299 71975
88 9
4 3
41308 100
3985 104
6 1794
8408 92132
25253 1
94777686 7677
4608 12470723
5653340 5
5 1
22274076 34423908
239 123
198 270
1578913 2978654
2 64640941
822 7346494
3426826 2435198
9471 6657
47 1804
2889 871931
4929 1983
41088 28431939
466 43
149 9465565
66469 96662
91712 361809
75135773 730
8398699 20090
850 50
53564 5022
637 6983914
57378 3669
925773 330929
4289 2
6 6
8943 4113
31 4551070
65715 435173
3 1
2237186 7920
27 13
7 1
1819746 9280120
67929982 308
985 203
48163545 38
6 5826
6689097 3044263
87 33
4631 433
661 8348824
95994 943028
50 6721727
37 1
6427 3970582
99559741 7
1751 121
69909519 694401
6 6
5227 69013
639 297
10819955 2222557
4207 609
23 2510
4238661 2858377
771512 674482
7808417 6883
25 73542695
124768 156464
698 352
3 32220
259178 129592
926394 758786
93617829 71794188
9066 76344517
1 9
8672 8464
1 58975770
2348078 6
309 5352019
88576 9
904 2
78859733 6
5 1
26802 6
38609 94593
674 75029621
91 35904
3814 42327
3495 2121
35818 17912
8 154835
21 11
66450867 18
3786583 51945
94948262 152131
25659 95990858
1 307
36407918 19536082
2492889 7850294
47 1
4366379 1
879819 4917
62579644 7
4397 71652
45556 45612
176962 100094
54324 86796
62 34
474732 21
934 30
6041289 2073111
188675 4827
373 1
5764 7
98 73
70 765
320 442
4 17526194
32 31
91140 8
6619 1
633 74843
5 8
87859187 9066733
73 1
89138334 89138346
7644 8602114
9476 7996
265 59
90324 156832
4 81031344
853 4
48068 400722
917 139
7616372 9
460 548
78110 65746
76 36648254
8 8470102
2 100
28 90
18 71339
187089 104751
72 6672800
73 54399
79219 40103449
37317167 479115
76178 91
8719603 3660890
8 2948627
709 1
6 5453031
9 4
37692 64812
23 8540026
29 7830754
689 67
10076852 9522028
17344 87299
2 1
7363 237
7282356 278
139911 3787
15 5687
83 9784420
617230 7655
52 83
5 1
4957477 7655679
341075 2719981
3852 5976
793 8649
802 372
83 1
266 8484434
82546 42554
564 55410
2714 1606
30 42
2288 61001
3 57878
57 90408130
874706 660718
2666334 27
610 5795001
58 32
1289862 751
305 6283984
7116 9516
962726 481366
3765 8
34 4864157
935 361
9 5
653320 38
5 1
1359923 9277
6699 8411
2597087 4076587
8 4862
173 3962662
29798546 5695677
1700 15673922
110 106
9 4
48247942 59281
58383605 378
57 2438821
85245959 69
399 241
539 145
1393 207
6 6
493 47
788 85215
358123 9717
5008855 5
298674 365166
4703952 68618699
599 3403
7 8887959
782 20115
955429 42638
46697976 2629707
12 83606456
5209207 71433
5813 57
318 330
497 3600100
5 5839120
429323 3
2 22
4 55
338 211
63515 41588
8624 17
383768 12303013
59821 531
31 1093053
1168 1126
2 43142185
80 2623
684 1136
582292 14408
94406 206
90 144
643 1
31182 31194
5735 1561
89 7551
42 16864
957421 41651
2 27
33 9
25980541 1
7548 5206014
55203 369
1650 27106020
3 1
8 62
531910 1843
8258070 11561370
30851 1
92 95
47455 35273
2527 521
82551176 76355704
9381 4
60 108
29136 9978
79817 3364
8229 2
82857809 1
41764 20
945989 88682452
81149 9832
255724 2113907
390324 6489739
3 1
596 9889
8577710 8452
7 1
3565773 241449
970476 2225679
8 65388
614 310
578747 44533
3520 79
692 26
185968 182312
84957 53553676
9100866 9154878
63220804 9618
3 63379
21367722 24049878
12356 9274
494 346
96589 1
8103 3145
45 44541873
259527 116
6 20715936
31 6
6499938 67527
2169431 197233
60361303 16457
49 9
7 8
4622 38
5568 1333782
97838979 52699773
26 16
5159930 98595
2779709 45631
3252 63274
96542 48274
1878769 8297562
84 8543
4763 3701
7748 6952
3529 1
8226 135920
847 217
76 64
34369 1
6 6
50946 65598
