1000
774948 63003224
544472 47
7904 9736
62563615 8112
36 55
96234 52
8985 646845
6628 4978
470104 411356
3 27
638 6
38526 3
6967081 32
2231 121
43 563227
635 133
8 89
947 1036
46254 2
848 21218250
6049078 10288
824 736
654677 3799
467 107085
68806 34406
18031 2689
62 34
989 67
15857 400328
273 5
13056635 5640
4 752747
822580 9
386479 20361
908857 1
107820 219780
505337 82561
50841887 8450
4244544 7923326
174 3130072
799 7
8180637 2726883
766825 210915
69 27
17 49565
968 54946704
31270 4778
54413 1
986847 65743
520 1
106 3803031
484 447
1274875 642053
310110 205935
9487 68075060
453 8984689
77931 27
178475 9258
3 45050
4195316 1
84 589557
94539511 9229193
40183996 74857842
58385 67
1567870 97853
42854 477
7743 3057
49068 494549
11227631 59
743244 7570
45031 7409
69244 71
925459 81
63841 863
475 39480934
333 161
5 1
4 32
658 4060
1823399 36
73 1
65593361 6687727
7178518 4942
98 73
18035740 19839356
7321 52
60 108
78449296 6175577
7004 5885090
14 153741
38 54656010
48627 23453
50 14981284
45523 258
660046 6370
3910970 4789
5449239 8827197
58 32
6493963 927717
721515 892711
7 1
29 757363
70 4409551
28691806 22154378
7816 7
576 1075
6751202 15145305
667745 7954
921964 711500
7 81
7 25124
567952 6
41662 22634
767267 5989
1256725 6
721 29
133 27
72679201 730581
89317 1
9690934 615528
8879 66822109
4598733 2151564
536 77139230
78405 38395
9 4
97698908 35900184
4411 311754
809 81
907227 607
19 1599032
718331 63
937 56
3737 30912
264 46
917 139
535 46695
8371427 2978
7 23598247
4508 5068
1136527 169873
1233642 40
55 71185
6 5418
472228 354178
655 97
47928468 99
3079201 4451
35457 12927
2344 79434
15247 4975870
6 145390
19865932 14899456
33312282 55896
4134395 5
2668893 7888
456 744
42368856 63553344
8437235 5656655
43076205 39443859
8 69
46 3350
56803 1365
422564 530000
48 7454672
468252 715476
2950 6603
9 452
516486 534714
8 69
4 3
44515 22
3984 6
2876 785962
8 1373
41 7
638 8
1708 1764
957886 478946
179880 9536301
7 70847
87 33
29148141 13391187
251104 44394
93763380 5
12420 5106446
275100 641508
2477 92089489
3076435 804365
3225444 4874844
479132 359356
6712 51094
272 44656684
89022313 798285
423 2927587
380 460
994 734
794814 6765
44582463 19814441
6790832 6723184
3903558 4036602
4066 2414
508 388
7 5046
815128 75660638
8457 62572157
22120 1
527575 77
40347 7559500
508 6323295
924549 900689
31802 874208
1 44073
754 8
52 6768
94062442 4
23428144 21963916
40367255 936390
17320784 21
82 44
18 21
28661392 28162848
9206394 10007238
480 58
387 10315
2 1
1344830 74374
45455603 24005
205 47
37 3185
1230808 869162
80 898461
506 52
22 66799519
38229066 48325662
9363476 7022614
2400399 1066857
4407440 197
11317292 5111006
7 1
1632970 388215
3 4565796
3 1
9 4
66477544 879
8684169 95
2402719 5
9 1
67 6497
7 672
428969 9175
3413 1
49 3465395
33009 12917
8486 679
63487452 5287782
71635 88
271 1
5524146 6751854
4070190 96857
638344 32848448
2578 1292
58 8360899
853 1
49 2912
21 97216863
122 64
8515 2573
465 967
31405595 58680
35856055 476219
1103 1444146
1281088 50322
67149455 49256490
5221807 83922282
79 71179
190125 5922
234253 95877
2497 97349511
43 1163703
61 8521930
8 38036424
10523044 11324600
85096157 2974920
37717 6
48845467 1997504
282 2571
136 134
7791 960578
94405 102114
30 54
327 113
59671448 52212532
33076110 46306626
44900 384185
6931 76313
7431457 338
1461 2110
8166 90
942 954
85115 20725
7163 3
16304966 203
846 5404
229295 73945
381 131
9486 12978
3936 6648
2564110 2323106
128 98388
58 5144
86192 8738476
4813 9205718
676 605
19857705 45828
3293 75
55512361 3265451
7 622790
241 782850
8543 1
3434569 710136
52 470
7 1
1428061 66497528
825 663
4 45447219
37482466 5
6207 821559
365 1461487
24784 23266
70383 26817
811 67
5 1
46525 937
204754 9139560
9873268 7427792
957845 355819
2516 805
61 3
5976762 73
5938 2972
355 2346952
31 1
50803 16435
598405 85587930
88 92
5 1
903 814
31 1
1 53764360
372 524
72 28564785
2 1
764 300156
3388 4060
6 37587125
5378 2692
93 4809319
64335 2
9852 91340762
431260 2
941103 773
1544733 686561
4 71681
34 50
9037647 503
9777398 6585
21 6789
2684087 514633
1 2610
3 1
70716 13307281
1022 754
8643728 5
3932 2956
87139 539758
37254431 8
7 1
824067 95584
5013369 3608102
7634436 59971683
611233 306
2025 223
531367 8
71 79
7175 574878
34507390 3
36605916 38
448 568
77779 465
5 1
736 776
724732 543556
35 479465
63257 95
60006938 30003472
735902 399898
973 529869
14564 13324
824 736
1 35596
2071291 1
7744 9147
911 9
216 615
85680700 5413
268348 208212
457 1
7 5
24364643 88237
207895 41585
190767 8463
38 3980787
55627478 135320
10763 67
1791270 3227562
73300 33782
9933060 8628098
64084001 5
8669922 8839518
80902701 417
29 6
6414324 11595276
2983 55082753
5 70
690 32
163 884
954 74
16 33
5 199197
14408085 182
5 2614
8315245 1721771
7658656 7419386
343751 2161
426 2
6 3
231 71565
795148 607484
80526 3
712966 367178
2 1
5 1
2129708 9
474352 18224
6 93
14263261 1262516
6344705 1284799
174840 378120
25868740 675378
57 52768608
9555332 7635184
678 690
1 5
37521076 28329296
63 23
122 76774530
9770990 58117253
354372 472524
88190 505803
2157 723
66834 9529
6 3
29 9426953
722 8965
701702 350854
14 10
56 80259
718 362
896128 87
1 87378
8937 4343
732841 511
7230 10194
1 744
657273 695888
3 8447
9898454 46
4 1
85775 83
49614632 49027288
5811671 17294948
61 558731
491332 986658
500003 71437
3668511 2430177
17051 1369
22139 2017
52024 59576
3664626 4711758
498 36
2061981 1091871
54622 89
15339214 32358
46768 47472
2 1
35 13
3956 462815
6200660 6870580
36 34
64299 27
7825099 89106781
65821 11890
7836 10476
14413531 1500773
146 9
13 74
8392024 5028432
5949442 3220478
923 4821
189100 21329
4 6419552
3 3798
71697658 6351
665612 499216
150421 1583248
67192 31064476
169 682966
2669 8
7 974923
594174 850434
736579 2141
5741478 7905402
484 2
9601171 49941
9 60608114
58478873 1017319
57 23
2 912
813 90490494
45325214 528
50353945 8465
69 153
4013 598144
401871 2
878 442
109 1
80 106
9954 3
52 69637437
45360 134688
853 7
39 1203
19284587 3372229
486 606
9482179 4111
684435 423789
47 6046
7165 833
75772 9189116
88444 30
4 42739621
80949157 31225115
7276 6332
862389 5
41 184
9673759 16545
8 7
8 7
30389384 20234452
90907 955
3405498 4
4414 2210
83115034 41557520
561685 7833
92513122 753
7895 91530
78372 148764
42606924 57006324
31861 91664
70608 111920
2948 13
6375158 3461482
907775 320569
2574894 17
150427 8487754
2715 1653
73057915 37644
3 677833
44 40
88 7864
783048 1520952
2 551484
884962 563030
990243 471165
29819 1
58344481 4488051
69 10
7 37373254
936960 4
47413 2807
23 525
5026 3614
5847 9159344
80 106
85499180 178
845307 17133354
912 1568
355 378
22974 9
45878336 92
9877 869
98744 25202
8 7
950479 9210800
27249 63983
7262 534716
86036819 31850
4 56996153
5190815 2055481
2570708 4503063
64484395 50
5936 30796
3 1
554 280
8355530 941289
4712 4888
514119 201273
580 3046
8039 1
9304696 9220904
4 3
82030303 55385
7876 8978
24 842
185 823
7 2654
5995747 352709
753293 7
406 314
52627 1
111517 18083
51073 56
6 6
491 1
8011 43
1208610 800
36838 6
4 3
39655 94946013
730400 18727
99364 8856
66560902 34009634
4221 7
74 3
830716 1737
10173516 13798068
186 11454445
6283571 1181389
5 20761160
3 1
1277950 104
667757 3
88 92
2763912 187607
6 6
37 1
31 339
6896 5
3 56909107
13654156 10240624
8948 783782
7115445 52044
7031091 1784507
38972630 2228423
631 1
5181 4
490 673556
64449282 3
5 1046
78 90
57037671 25430689
28 5722
74 40
3 7251
387 62016200
6905 1387
60 108
49096356 410643
9 3
5 1
5500125 4416795
5 7
4 587941
7736 6784
74 40
27420 168807
7 1115
58 32
76268 63172
79837 39079
2758121 60383
227317 4343
2 1
98576 97468
4276 3214
35225734 82862
73528 4
9608117 14220158
9 11104144
762 385
86801116 79228580
6 40894938
6786346 579
505 107
812 868
2106166 3669
22 14
4210 67
89411 99
57016 91218
69 27
53735 9873
5 7794394
76701 3910
78158 39082
8935524 36524
57100 67024
8 86
57598156 817589
13943978 8202394
25976 77713
8240859 98
489 167
679265 147463
9004 659734
321152 25984242
135 317
641526 7583
48 76
35370125 719225
48386 29818
26656 129242
627869 62401
580 2073850
69 6
383627 7556
36687 17222
2248446 6
23438 11722
17124 5
7993 41
59 5
5 1
411 141
64065 38463
2 226629
29 6086
4 1547
4 5
18186906 29180943
49 291535
90138 640
891112 923288
305330 273550
37999005 30479907
616 824
9122 41
898 452
7 1
610330 50590691
7643 69120541
5191495 1131689
461 98114635
8675328 51141
8211 490227
143 25
576 1075
5688841 7089
50533231 15130769
7991 740940
79 1
3022 6581
497296 7434386
870661 79163
26 7
332753 1507
277 1
53 56475587
57001 12119
973626 24589748
2 96
9397 1
616642 33
3088 37
997114 80
51177389 2746830
7202913 3581612
4749859 853
9512726 4769458
3 72156
250636 187984
93 35
718 362
17105718 3018
481067 328
289889 1
3123754 63656
65 19
8602904 2377
1226 53430324
6 139
8 7
7883534 4763386
1988 7
489 9388414
387344 27138
836 649
7488814 36291277
810113 6
87122 107
148 273994
55 17
93277 2559
2594 32902
441 5391845
9918 13482
98066120 5
38775 7000549
57989785 8501
4004753 5
1172869 26351
68569 375537
1098 45370
96989586 96989598
1979 1
2631631 83915
714529 64043118
518 394
64 225652
992153 5858
8326 4778
42666781 107871
1674 9343058
43 765
92 316773
47251727 508143
18012 4461495
39 627
551187 73517811
1507236 2277468
11462833 8
51934 4
24703 1289347
6102428 4576828
76850452 3438678
75 453105
31810436 31810492
86 10
51646043 7856
17681 57629
502 7
80728718 58959346
50 70
8416917 32
73 974
721984 763916
2625 2367
214067 35629
343698 5389
9506088 17076312
18488071 2641161
96 5
2482520 3213400
20287 9917
18447335 63
5825 30139676
83613 30435
1 55099
57 23
4068118 9418221
6 82
710067 262429
1458 1821
6 6
6082426 4
24 36
16 8
53721409 7674495
927 120
5 240
99 57
99031 761
831173 7244994
19350599 6515
69 71605
922865 6
93465580 8
62936 212530
3 8
70 56
15 9
49082 35590
1992725 893995
24605815 4657239
93 6924
51146 26614
833 193
9157 42
7773 2595
5363 7451
26 648237
71088929 66
735798 946122
50126041 60270
82 5900
8956803 2831
746 77249546
7883 48
50 6369
97403 637
10726196 861526
51767847 25995657
9892 329515
12 16
575 257
43203314 39
3 91
26955437 1
3 7182
16 319957
3884931 38956759
34887210 5036811
2236 2076
39 17
9113813 142987
4768 82675669
83712 5
21 11
20827725 13607571
444420 939900
3 1
2846697 2723920
8708 8764
35771 42428
27562 13784
533762 288634
685 618754
7997182 9
693477 343143
61316657 4640
23 26
432981 192449
56 64
6204 113330
7542 17
774 942
814906 411578
1 95747434
9875 2605
64584210 7
54435100 1363
28841422 8087
86399 6219867
92 76
2 1
5615213 56487711
2070709 206
740 856
90620490 65777777
3814895 96
7 99429703
82240940 386291
83863377 37
67 98
792662 9488
77 19
7205991 3
26917 2459
25 6
36466 48
28 8166
589 54
692 23668
2653 7
522 708
7432 4353144
30067943 503713
3 6303988
42575 9707792
710 7475
3099 73530574
21185126 10592566
7 426825
36393618 36393630
3594 3606
6839 25
51548577 20800383
990 241
9744585 7
9233640 8
21628689 7913103
883 9
122145 85215
86 8440
28870 23114
4196998 2617082
7267989 9627
98727 30748736
6844753 781470
80329951 6179241
