98
21 1 7
23 43 2
6 59 2
47 38 2
37 62 9
14 28 5
73 3 1
83 57 4
49 71 8
1 38 5
23 21 1
70 68 1
85 32 4
97 11 4
95 74 2
84 3 3
57 23 4
41 37 1
8 34 7
4 21 2
28 40 10
94 48 9
12 73 9
30 11 4
25 15 2
96 75 4
57 71 9
97 84 9
64 90 4
19 35 8
83 35 9
12 32 9
26 21 3
88 26 9
30 99 4
84 6 7
97 93 1
32 51 1
97 4 5
95 52 10
14 1 5
9 70 8
68 47 7
56 18 6
36 52 3
88 53 2
17 29 2
77 69 3
25 94 4
20 2 3
93 66 10
59 89 1
86 93 3
33 21 5
10 7 3
28 47 1
53 93 3
92 93 1
85 71 4
69 22 6
100 76 2
17 95 4
40 90 4
96 27 1
88 99 7
10 27 1
4 2 2
71 77 2
87 70 9
88 95 8
3 39 1
67 91 1
60 26 3
23 87 1
70 71 1
39 48 4
98 38 2
78 52 3
25 86 6
51 87 2
46 88 5
54 36 2
56 74 2
89 29 1
40 48 1
12 32 2
82 27 9
6 96 6
46 28 1
90 8 3
47 9 9
20 43 8
12 72 7
16 89 3
55 93 5
66 81 1
98 6 3
97 67 2
