78
79 57 2
55 86 1
84 86 3
4 82 1
78 33 3
21 48 4
7 27 2
49 40 7
44 7 8
54 40 1
76 91 5
96 1 2
24 11 3
41 56 7
54 73 8
3 83 1
85 82 8
44 62 1
77 75 4
55 16 4
6 1 1
18 85 6
100 79 1
54 3 6
73 13 1
59 11 2
63 50 10
77 37 3
64 40 1
57 77 1
50 94 4
10 46 7
45 10 2
15 1 2
90 45 5
37 23 2
31 19 1
3 80 5
27 72 1
29 4 5
59 2 6
17 5 10
53 85 2
77 42 1
13 20 2
50 30 3
16 92 1
35 77 9
24 73 1
14 27 1
65 38 5
67 85 4
32 12 2
24 8 1
8 41 4
37 55 10
4 15 7
89 39 3
8 7 3
83 86 4
56 12 6
35 43 3
36 76 4
45 19 4
58 27 1
86 2 9
40 92 10
88 45 1
79 82 9
81 10 7
20 24 1
49 84 4
28 72 6
31 69 1
15 73 9
33 4 3
15 35 5
85 42 6
