100
9 60 2
17 84 3
8 63 2
8 29 1
2 9 5
5 6 5
24 96 2
5 21 1
7 23 3
15 74 4
11 98 5
1 9 5
30 82 4
3 8 3
6 71 4
7 85 5
19 73 4
5 25 1
2 70 1
37 78 4
6 7 2
6 39 1
6 7 4
2 9 1
2 9 2
5 38 3
9 83 5
16 20 4
7 8 2
5 89 4
5 7 1
5 41 5
3 9 4
7 18 4
5 87 4
7 78 5
9 59 5
2 68 5
2 36 5
6 41 3
9 36 3
4 91 3
27 31 4
6 96 4
4 5 5
63 75 5
5 9 1
69 70 5
2 56 3
43 97 2
3 33 5
13 64 4
1 9 4
64 89 5
6 26 3
8 57 4
5 9 3
7 8 3
7 8 2
17 60 5
2 4 1
1 97 5
3 8 3
19 56 5
51 83 3
59 99 1
7 78 1
46 55 1
14 19 5
2 8 1
6 20 3
8 45 2
33 41 1
4 13 1
51 66 5
1 50 5
6 9 2
3 99 1
3 6 1
5 7 4
10 74 2
2 6 1
2 5 1
2 14 1
37 78 3
57 86 1
9 94 4
5 34 2
9 10 2
7 87 5
6 13 1
9 15 3
78 84 1
7 8 3
3 5 2
9 78 4
31 56 3
3 96 3
4 5 4
82 84 4
