100
31 73 5
2 9 2
1 24 2
2 7 3
7 63 1
45 62 1
1 5 3
3 6 5
1 3 3
6 14 1
2 3 2
45 49 4
28 85 2
8 76 4
25 65 2
1 13 5
4 7 2
1 92 1
8 17 4
6 98 2
5 20 4
6 83 5
8 84 2
6 28 3
8 83 2
42 99 3
5 9 4
6 59 4
3 17 2
4 8 5
9 36 1
12 84 3
4 87 3
3 4 5
3 8 3
4 60 2
4 6 3
9 29 2
1 2 2
7 8 2
40 74 4
33 96 1
46 48 3
6 86 3
2 8 4
7 43 2
4 8 2
23 72 5
6 48 3
1 72 4
6 7 2
2 9 1
28 34 1
7 8 1
9 35 1
8 40 3
3 6 4
97 99 4
3 5 5
7 61 2
2 9 5
7 98 4
4 9 2
1 7 3
9 27 1
7 97 3
6 85 1
43 80 2
8 14 4
4 89 1
49 86 1
3 81 5
46 82 3
56 68 3
5 7 5
5 75 3
34 38 3
6 23 3
5 9 1
69 78 4
22 95 5
63 87 1
3 47 2
9 72 2
6 39 4
1 6 2
3 24 4
7 8 3
33 76 5
4 15 1
1 12 3
7 8 3
52 92 5
5 97 4
6 57 3
2 65 4
28 72 5
18 81 4
6 9 4
2 5 5
