100
4 79 5
74 83 1
90 92 3
8 37 3
1 9 4
4 50 4
2 69 5
4 65 4
8 71 4
8 97 2
56 96 4
3 19 5
4 55 1
6 62 1
1 4 1
3 79 1
8 99 4
8 84 4
54 62 5
8 97 3
1 8 5
3 19 3
9 65 4
4 79 4
6 53 4
8 96 1
3 99 1
1 6 5
8 61 2
3 9 3
5 8 5
5 37 5
9 17 2
35 61 2
6 60 4
2 48 5
3 33 5
2 61 2
6 97 5
4 12 4
57 87 1
2 8 3
4 7 2
5 8 1
16 81 3
4 55 3
1 86 3
4 27 1
7 90 1
7 71 3
6 89 4
4 83 5
25 35 2
29 30 2
18 31 3
74 96 5
1 28 2
28 47 5
6 9 4
3 28 1
24 68 1
2 16 5
24 41 5
25 46 1
2 84 2
5 43 3
1 5 3
1 7 3
6 61 4
5 9 2
3 61 2
21 74 5
2 25 2
9 98 2
11 50 2
7 93 1
2 41 4
33 56 4
9 17 1
20 46 1
8 9 5
9 94 5
5 14 3
2 7 5
61 89 5
4 8 3
38 77 5
1 32 1
1 9 3
8 93 3
29 63 1
9 73 3
2 9 1
4 8 1
3 7 5
2 3 5
35 45 4
1 88 2
3 64 1
2 8 3
