100
6 7 3
3 89 5
66 87 2
18 87 4
4 10 5
7 13 1
6 96 4
5 96 3
16 27 4
47 58 2
35 72 4
7 58 4
2 9 3
7 47 1
3 96 1
80 93 2
6 26 1
21 23 4
6 9 1
83 86 2
6 48 5
38 91 1
22 27 1
2 58 1
3 12 1
2 4 3
33 63 1
6 54 4
27 67 2
1 76 5
3 45 1
6 94 3
19 56 2
3 55 5
4 80 4
8 48 5
5 58 2
5 64 2
7 44 1
7 8 4
34 74 2
8 9 2
1 7 2
2 4 3
38 82 4
2 45 2
52 58 3
67 91 1
1 89 4
7 33 2
4 35 1
3 28 3
1 63 2
5 47 5
8 9 4
24 41 5
6 19 5
43 79 5
7 67 4
5 78 5
8 97 4
4 74 5
8 44 4
6 46 4
7 38 2
2 5 3
1 24 1
42 80 3
8 9 4
17 60 2
8 64 3
95 98 5
5 6 4
26 53 3
5 9 2
5 6 4
6 66 4
54 78 5
8 16 2
4 50 2
62 87 1
41 99 5
52 70 1
47 88 5
2 88 1
8 9 2
39 88 3
2 83 5
7 61 2
5 6 5
25 99 5
5 78 4
7 8 3
46 47 4
2 68 2
1 27 1
5 56 1
3 9 3
8 73 1
35 82 4
