100
5 11 5
5 6 1
3 7 4
48 75 4
8 71 4
1 7 3
7 82 2
13 65 4
3 6 4
5 8 1
3 4 3
1 58 2
6 69 5
29 93 3
9 86 1
5 6 4
2 75 1
9 58 3
5 16 3
6 8 2
5 69 1
1 55 1
1 3 1
8 99 4
1 4 3
9 49 4
2 7 5
18 36 3
4 8 2
3 6 3
4 29 3
1 4 1
1 71 3
79 87 4
3 10 2
2 5 4
4 5 1
2 7 5
8 99 2
38 69 2
17 24 5
7 46 5
7 74 3
14 46 5
2 97 2
2 82 3
9 33 1
29 32 5
6 33 1
59 76 4
1 4 1
7 13 4
65 76 4
43 83 5
25 35 1
3 10 2
2 45 2
4 44 3
50 71 1
9 11 4
2 90 2
46 54 3
4 43 2
57 83 5
25 26 3
46 69 3
11 57 3
5 19 4
5 52 4
1 52 3
72 74 4
4 74 4
7 90 2
6 7 3
15 35 5
2 4 4
42 99 3
33 63 2
9 65 4
32 66 2
7 25 2
40 42 5
6 84 5
33 73 5
9 13 5
5 8 2
7 68 1
2 63 3
7 16 2
2 94 5
13 65 4
4 6 1
2 46 1
3 22 4
2 90 1
15 77 4
49 86 5
2 35 3
13 87 1
9 64 3
