100
9 72 3
5 7 1
5 32 3
3 40 3
2 44 4
27 28 4
19 56 5
76 98 1
1 9 5
5 95 4
4 41 2
3 89 2
3 7 2
4 24 1
8 9 5
6 44 1
5 7 3
1 5 4
4 76 3
1 16 5
8 70 3
2 3 2
3 7 4
7 11 5
7 76 5
5 6 3
2 7 3
77 99 4
6 7 4
1 43 2
3 5 2
5 6 4
5 77 5
3 44 5
8 57 3
27 79 5
6 7 5
4 65 2
20 99 1
67 70 4
2 5 1
9 82 2
8 73 1
76 97 3
2 69 3
60 86 2
59 88 5
4 6 4
3 80 1
5 75 2
4 16 1
35 77 1
4 92 4
16 21 5
2 5 3
56 57 4
7 95 3
5 8 1
1 9 4
7 44 2
6 7 3
8 28 4
54 96 3
23 35 4
40 72 4
57 89 1
9 30 2
51 98 4
42 47 1
4 5 5
2 86 2
4 41 1
5 63 2
9 82 1
22 72 4
9 12 3
3 80 1
1 73 5
76 88 2
3 4 4
6 77 2
6 9 4
3 99 5
59 64 2
3 4 3
4 80 3
47 73 2
8 17 2
3 7 1
47 71 3
5 6 5
1 9 2
5 82 5
32 49 3
9 59 2
23 88 3
5 86 1
35 92 2
4 86 2
50 82 1
