100
66 98 793785010
69 837 6653
847 4275 5717767094742
7 6356 22279513293100990
248 569 66377591
866 2680 31795753
7 1767 9485636491350
6 2104 1001119883
2767 4173 9915809078570902
723 4522 80
2 65 65655353262384327
9 848 558983571428903
175 9889 636518196
191 1184 946723531540
1 4344 59248864998
3 68 733
4 101 88780724703102
1 8 9064364844979
27 994 77642860989153439
9 59 2621235555297267
9 433 4249
2 915 179757296914971
3845 5634 5992531636357071
76 789 21068743
4 6981 550479539538
722 2122 403452
40 174 78673150285615952
65 688 124625403364
9 83 11563239569376714
582 5871 4022337181698283
210 903 83
1 5 66241150541360
11 289 6719
42 586 341966372
93 4120 98
47 7517 857968754576680687
2 545 183058
2 69 6419396194166
76 839 790
6 237 28673654727481561
50 219 1201859
4982 7911 5
3 93 8283103505356
95 729 3301127
1 1038 9
256 469 8095159670
6 3056 86570531
3 1764 1936529549666287
3698 6810 7246159
3 73 15687578
7 56 975679
68 6084 78
3 8619 2
2 59 16885315187469562
3 565 103334733
26 48 6583
81 5521 683938298826
13 97 23088380911
2 718 466482011
52 540 265
68 8037 381547677980
20 627 3285207
4 36 689948936971164
35 74 750387
366 934 2296
5 78 258102252
89 7390 7602
3212 7003 7394646696881
2 7 48518557591783277
72 5564 4159879
4 78 1785739
7 409 5558
5 9620 2051
991 3880 6060505307158091
33 512 1246362581561
7 31 527182571898234
697 9032 58830645
4 43 632156565899
205 6802 795361334
487 751 100450
878 7249 46
99 191 965490
164 426 853157
61 628 54021622360
4 9 254482328535062502
2 6647 381
3 2323 455083
5 558 31175058076720
43 788 1324821
25 6212 45635848
10 20 93
2 4473 8395864
28 170 91791
7 4010 41236304
4 393 905212333208211962
4 385 3525512866
40 924 453
4 765 494
4 38 206727941313
7 9 1782413840635
