100
5 9 7334685983
145 678 9823758513163
79 563 72659026
28 3803 815780399797198
7 564 690232033
1699 3865 909757597519612
278 9457 107797697
4 956 87391555240
379 7899 5052614391
2 56 967465544753461
1635 6990 8674070
96 9394 308535161
12 2681 6
9 2533 598840793
5 81 4838662005530932
1 964 2
8 6107 93610010895888
90 6728 588475450843
15 168 93813542759137
1 749 49
32 467 957013652173660812
51 6117 10159851108
1 694 863241462599551
102 3170 54322
413 8095 1254072589520
377 5713 764496754210
1 9848 851
6 6212 7065945707
8 9386 58772956488
231 8187 10775539151
403 929 57938
6 8823 131
9 902 141423307
19 101 180025136
8 4272 26009
2555 8174 3575
3 8 17
5 51 1619948569235710
9 391 106327749358498
18 432 763622
131 6806 275436353
43 856 2
8 3599 8375112665292725
6 533 5115734068711130
727 8485 35707
9 7180 200421940080804
7 48 149057
876 6943 7009819170
1 62 93680711143841
2237 8162 85329132
6 1474 183466
6 70 950805
1 7665 9475504042829146
21 543 42918123818514
1 796 1436836289
4 212 3264
6 7 12480345
2 9 28619813598
34 96 382586158656
360 2101 1924
9 96 29405575353610
8 271 394
2 3 9330757522
2 46 20
1 5 3755600715023510
309 7226 763774
9 303 2759223229
10 734 566450192456834
5 771 384
27 520 838169605200644504
1 2 507622541025621
62 63 1959952700708126
3 8 644339421970
7 9103 841899678603048353
13 6269 11339079965641693
4 23 57686317423733632
4 4261 59674361948355790
485 6338 712
57 83 41339806597340
2 3 407749
353 5282 2076795257
9 17 5408608367
186 2875 620201452
931 967 47319187
156 4945 616145945596
16 155 358942338
48 254 82144952504096265
797 999 28243186526271
4 6148 2340622487
219 962 25172506578
4361 4369 2329947191828
6 70 14
3 618 735
4 6 7
19 35 2980369
64 2879 94706302919628549
93 658 74353670398
40 914 49
11 3566 593068
3024 5407 4395
