100
2 8895 290622221935
1 56 478
724 808 33341
95 542 361708196
5 38 4788212481
5 808 8110950
209 366 898034155981197201
1 6 70357
425 771 282
95 853 4
1 856 931726
2 9810 43
2 8 127123
4 61 1059449776
93 3556 973806306231
6 1861 922107740097825090
4 7570 3327
6 55 345
19 85 10419989
7 891 5
6053 7836 857427837018238
9 5302 75
4 25 700150187127
55 271 2464153708370305
1 6 20977975104769842
7 54 148
365 764 14317
8 74 10144487057253999
8 6372 2057
3 71 3702779224
5 7 72596646315
5 269 94253490735867217
871 5172 79367792152157
93 5757 243
8 62 26225166909
8 689 4
70 4110 3
588 763 9778178214837269
344 713 9835722690071
4 6335 9
9 705 905330
1497 1683 36101342248127
961 4408 4049
4 176 84106
1 6 234
11 6262 5
30 67 95717
5 509 53876969596741
3 93 9
44 310 37285954
9 6293 10668905
85 1270 1041791320713106
7 3808 101993
65 934 76540072681
708 3130 6323957
22 176 9544477512784098
227 715 802164020488339
89 1825 62
5 380 5
6 783 18309339787932751
34 2731 57839245
1260 2872 777886
13 43 6194539067914551
67 7651 7174629716445415
291 582 13613406342641
5 970 9614726
8 92 3584310
44 5635 7281520916561705
54 217 8226870
55 2176 4258
8 4587 901053832183279
4664 8330 67
57 191 892
322 924 605
228 8045 8990
2 90 938072483
44 216 405626628411577060
3 21 48669330586
1 541 461789777
517 9530 10678533704
6 652 3149558143
8 743 6550556038
75 8216 851986621441
4 8747 6550
6 655 8
231 509 44242
5 2630 2
85 803 7734799819
63 7632 527724457702
4 85 34
3 1852 1010290736
71 154 1771378322
61 731 431
40 176 928
99 899 69270
537 3041 781
1 68 13883737876021693
3 1961 581222252
9 590 4
6 5978 801766169
