100
348 406 3401463418
1 485 45
5 574 6582226450
38 96 562
467 955 85294448283
45 7415 67
218 345 6565901
20 33 98725
62 8870 2
5 684 17709292
34 921 28707759830486
25 45 49484
4 12 6970840870258403
1 60 74
199 9612 32931735431594
49 70 86
55 4559 161437282351973066
4 8885 20170
2 89 995849822808118961
2 613 594899107056
18 48 6918068441858
98 1701 14254344683964860
60 80 9047129984429
66 458 74
3491 6391 53084
6 8 50
5 8002 3428757158913110
97 1136 849
3895 7486 67662782033508
6650 9605 20768217072774910
3052 6966 391319913294
23 6309 694780968519
70 421 2716
655 2366 74952024901207638
5 52 28573342104
34 9530 49
5 9 8103
1 53 767806368211
1 96 914725285501377279
2 3282 9946517001730202
31 5916 3747948084623
3 37 771524
231 1951 25774358730
3 7974 98424501672
1916 7742 60425491812438939
9 96 684887
6 7935 9636
2 5 577682213252
3 76 5131424
1 6148 54968093717124
32 837 30363404440309514
28 61 40896
46 742 6811863924361721
4 815 82934
51 94 707543815538
2984 9043 6
130 1470 448055813
7 8 2253
1 8 748605657330818140
4128 9388 4788568
389 1308 6
40 526 399
117 6299 4
2 644 340667
13 35 273804295051
83 97 4516357866589
77 4264 274254780741
8 4739 1109179535963
1 407 541330637005
3 2960 99242061951614
4 1682 346897493505
278 659 15463288
217 8953 9915372
98 218 74404556654661961
4657 6280 60004
7 906 1043
4 5 7246250059
11 7021 27
1 294 98072654164
628 1955 350199
937 5925 9194601
5 27 67
1 881 3521014894990
31 205 44272250507
115 403 74005241296
107 1838 6040
8 577 1908179665
58 958 436198
3 6460 773645
2 4605 9550
85 5189 112561147671848
38 730 943
854 7431 15853583164
7 4678 4740371058696
9 451 285951
72 441 3567527
570 9361 1013524
9 51 893870065401585
14 288 9
2 3 34959921
