100
23 266 883566625
8 6960 95
85 2989 9033878
9 8490 918266833
7 63 999
5 527 5606
6 9020 251295124
9 2861 81213825
67 9633 22
179 6511 9485628
7 9 67972469697319
2 9 7620549104645354
21 9233 714518280337467843
3 68 12788033
18 7057 7
1 7 2862899043
4 519 65950658600562
3 8 61745698793160330
717 986 353323
440 6025 2
99 5825 8372887142591739
53 59 4
2 63 5875
65 993 65056819641
8 4220 78350022645
7 622 5099165448
9 13 75787
3 1990 434843110
64 9849 108294
74 533 60435
6 914 796508710656502
7 9293 901042775
128 9967 4
26 85 865305632121605081
6 9 7
64 9006 4748592
512 3343 8288453450
945 8138 7730361004
32 96 58
30 38 198
153 374 863611653042014362
1 521 3
4 14 77879624766791
25 5969 5371665822993
48 5620 97518497061
8 59 6696249090832811
4 99 9208
2 2439 7251464
9 68 999548
5 405 5343465901
4 448 322
88 2670 91
8 48 478064649375791698
90 8722 933240279733882373
52 9847 224687924241136
47 8426 433590714172
34 5152 988
37 653 2609890
425 795 5031429598
5843 6546 16964068783934476
29 4620 672770468
4 5 635871654529568634
7 41 36
6 85 5
347 3857 35989348678467
909 6982 213
869 8296 4917876714700
39 4774 36616677187
47 9438 28669256
13 295 33483330
3442 4723 3630846
3 4 63
76 662 687676932315599
9 5679 7100894332109
712 2214 7642732215435571
6 34 6
21 5861 676400838365836940
4 44 76429668335
2 7313 55580817
87 539 358313099602401389
5 4732 227944530880776
8 812 420597821
75 508 73472241
5 4595 617421
680 3735 11323949611477240
48 4238 4
60 69 8646539
76 83 9405436
572 3028 8877527293908734
4 1762 409681971956140
52 390 21118957
6 7 185272106336514516
1 12 909108
67 364 15191627334886
258 9135 71536431
8 22 48066
6 318 834441716559665190
1 487 474317
5420 8181 287799971741326
194 6161 8
