100
448 977 58571
948 5122 7895
770 2842 9081752298359494
6 213 530
2 3 789877208134293622
6 526 549723424
8 4171 25613834498675815
80 84 2
228 364 374310
322 3615 5408308
689 739 565
315 822 8
439 8033 58732246723
2 44 92818943
840 8286 3497123657
2847 9501 2
14 62 372270515284132503
83 572 39961445837442627
347 3147 6778
5 7143 664
8 146 497848532021830613
21 402 1506915
19 716 3073
9 2465 27175691
5 540 17
174 585 23853
583 749 824756240716754
91 382 365415017454939
96 6679 87987149096
6 8 298047683
20 98 2
439 2124 35107289787
93 654 583427854161133
3 154 89526782
2 684 29007130671433652
876 3819 6856666
3 6 417
228 8634 692705700396
3 2083 660
5 8363 51293
76 349 68385942651309671
6 2150 503686169948
83 762 221643980002250
21 724 7
93 3233 8941142366726
2 50 55288
6 8 324697739225964
48 54 834108227973761
48 92 445584080316
95 1486 4102220
579 646 651089
1 456 4748770090
20 6676 3953837307484
321 411 62767544183632
872 1033 946277921618372476
83 2853 484160707691
54 418 7480455228
34 9974 6087054
9 95 226972312643
70 1965 9
94 805 5910082427060
2160 2821 513087906036072
631 9885 78141
62 6184 84635
79 607 8774075491
9 13 280665302233
448 1289 2006151692698
235 801 78189580230
7 34 360854281061
3714 6202 966524943541215
31 359 250551
177 708 939361412
6 7428 71594682324538487
58 931 5466660932410664
4 8 1
65 735 7457
2 5 649167730944746
16 91 579773419
2 92 47062436080827165
7 2189 453993593119792
7 6096 8290571818327
2 61 2814507591143
9 436 4439
4 5922 157776487533298427
722 9121 361931627215968158
90 7549 42090819
9 10 576834185872
851 932 113706170189762
70 4832 9431
5 572 699612411237
3 9 4123576
23 166 2758919335
6 7195 7099602195
2 6 87918
72 7529 3
5 3080 80910407676978633
2897 3829 374074370358237
9 4748 47477667644
66 3819 3973330099686276
9 589 1980
