100
526 668 50280255
2 37 5747592314198936
27 5700 61630867454397
497 830 1
63 8537 9
4 688 47394981504864
676 7061 4009523718650
60 3585 199849569581453927
7 783 2116345433950766
2 4 9500550
596 873 3
8 212 7081
1 5 7232493426
62 8511 86356
91 1914 84019435182490732
4 878 1231
204 3731 559098
4 99 67457
2040 4581 1528218310147
6 3678 4
786 6586 1839132265637871
3 6 300975683
676 1193 234031
574 685 51049685990
5 17 68
1169 2329 1709
63 152 6649055886245188
57 674 194667
7253 7487 2950
38 323 3
81 4087 41
8 1513 584
4477 6485 5734
3 479 74
1 3073 88177436394020708
59 230 574
2 62 8
3 9 12202902693
9 9639 75587709
9 7774 817708054893
28 7938 97
568 2052 394499890294144
347 7232 86528969500719
141 3836 634403950570650
8 7018 160566886
5 812 35824346277
15 19 4157211
9 956 3436994183673
2 4811 8010489
329 694 6120
1 4 566647060
68 6194 715108628860
5 88 38730
2 2135 885285813
14 52 559154370523003180
75 591 464927730293911453
43 442 63856512569
1201 6161 65
5 9937 9595130891
134 338 635215
5 7 6752
1 654 571
26 819 791633315
449 508 77278
319 764 15
8 716 18298
998 5498 8737574
97 559 65415206
2 2669 2315909
1883 3765 607985063049823174
277 723 312384104801427
1 498 7826608170
562 7217 3173702752220
6 7 551177
1 668 69
5 706 984445226179457
4 35 531319715
2315 2329 44
139 5790 2
9 7260 663250597104387276
137 591 5587660013
2 726 2451279
5 816 655031
55 870 66542365258294592
86 4700 88301
68 93 45577
45 7553 5493012325
85 711 682
39 43 544
3 88 33124477
5 77 15
78 5894 7
7 9 5962602
12 817 7314251134712
3 4858 2402682070601148
195 6304 3417
2 4 6261
18 915 4249713688
75 692 874383267392
550 831 896608334503931
