100
33 5475 56453
47 83 33300
77 7278 65469
52 6798 55792
449 4719 9172
4 8544 75037
551 7371 24940
6 6335 49115
183 2734 36463
1 29 65785
3 909 82901
7226 9598 70623
9 2143 65864
33 6263 29021
68 71 77006
114 7878 16833
7 69 84576
7 73 45423
43 792 92423
11 51 66838
7 65 81050
7 396 28173
941 2698 20633
1 76 96988
992 7720 66628
96 98 38071
50 5667 71166
1 4 14524
4 1291 76562
736 8035 14402
165 640 35353
466 5119 6737
16 468 25438
6 83 29313
35 476 63764
2 79 54971
97 1579 52146
76 896 33035
3 8683 23222
5 55 58284
60 321 5430
48 1126 7488
84 918 36810
7 819 8542
4 348 48910
51 78 33639
2 99 56633
6684 9328 43958
534 739 17800
602 7380 97643
33 2881 13484
1 3047 55813
6 3596 83321
5 3348 52818
5 30 16401
29 7630 64121
8 995 51811
20 3821 64956
905 8465 78972
6 8 21845
4 9 80504
258 8503 62539
7 360 77372
46 70 18552
9 1659 92297
829 4639 42125
60 409 30296
94 9606 61595
693 1564 56954
9 1182 96921
3866 9305 28188
1858 6479 4739
3 5099 29323
66 196 76865
422 1025 79778
5 563 63212
2 9191 11058
34 8858 23044
1145 4807 79967
2875 6847 48816
6 202 74002
501 7054 16079
349 840 65209
98 2546 4624
6 96 85067
108 912 16310
3 213 17572
4607 6620 62388
1 9377 13010
121 5324 46331
53 273 59813
3 84 60786
9 1281 26233
2 754 58347
515 809 22970
4 5 41393
24 1493 90947
61 180 65909
99 9683 63058
3 7655 49172
