100
1 4 65006
516 9350 10552
33 4883 41842
18 7056 24705
9 31 64898
85 318 13362
1 894 13578
8 911 72731
19 25 88506
5 636 48394
76 4774 3150
2 392 8544
2997 5302 93204
56 5533 95757
5 2277 142
6 478 95461
3 54 17790
50 604 65647
6 61 42912
1 355 83084
984 7365 15352
8 2763 96604
4 5 46146
87 8429 90831
1 8 51383
65 4602 62814
2 3 32205
6 77 88111
9 1352 60477
5030 6258 84570
599 876 13156
8 3679 99164
18 313 24616
3 496 14290
482 6010 59056
99 7701 57094
645 4642 31906
3 8 455
3 7 93109
2 5100 854
4898 6134 40136
36 4962 51831
10 20 89255
3 75 34908
8 8993 53714
6 72 1906
5 63 22719
350 1529 51512
76 2723 2281
5 9575 83541
8 795 16414
2 3 50342
8 6877 94507
287 6455 40522
49 2834 52283
10 9116 22061
6 9 63755
43 608 43908
58 1682 30140
3 9322 66880
38 671 16941
4677 9015 69775
1 54 57889
7 4135 44235
8 64 37217
3486 4632 82883
141 9196 6145
60 729 56834
5 22 16993
67 795 99143
8 83 55536
5986 8863 2304
890 7775 67252
2 2837 65058
1895 2925 70886
6 21 52251
7 5276 44807
1 1587 26612
7 1836 49085
68 1352 95874
26 3478 19860
918 6971 67189
16 6484 53591
6 843 89984
38 800 5279
3 13 12765
8 54 72331
7 4829 16433
3 8 4407
72 514 12716
63 197 16656
87 3912 79999
48 959 48213
9 184 62054
343 1050 57328
2 30 17487
168 877 4983
6620 7224 5858
3 674 20699
20 8018 67917
