100
656 9704 64715
57 3258 35234
7 9205 68770
767 5724 48244
120 1960 97732
870 4196 28424
88 521 98293
5 9099 43221
49 2772 43154
778 8407 37279
293 6220 77623
67 984 53075
9 788 2319
7 247 95932
8 163 166
490 3282 50467
26 613 22542
353 933 74035
15 33 4596
62 314 52335
4 20 93996
1 2124 61198
45 1490 29277
51 277 49550
6 7 30845
4153 7369 48637
9 454 99072
9 1539 10625
219 2638 11904
61 558 68113
1 278 38579
8 9596 88551
4 3800 15334
7 602 71487
1 6291 91233
2777 5787 26066
79 633 5634
57 4366 9428
6 293 64372
15 628 88056
255 408 68008
5 6 77181
9 3712 41931
306 8784 10819
5 43 34694
297 1248 95904
94 7963 8286
737 6166 61365
2974 3653 18119
9 8046 23968
3 4 58458
1 3 29027
9 81 61543
1 5127 38703
2 8208 29532
1 639 9910
9 156 33908
4 992 17751
61 408 39731
14 85 50442
8 6108 23244
88 1328 8291
3661 7343 48032
79 92 84140
20 39 67005
695 1828 32568
3 769 88979
6 54 19684
8 5561 81236
2 8485 94108
5 9023 60926
93 394 2112
43 9729 23426
30 47 62502
2548 4635 26570
6 4756 55870
633 900 31637
203 9972 62714
788 4432 23573
4983 8142 64149
5 69 9667
2 6166 35381
16 6888 54958
25 3875 88906
2 3199 4103
19 8843 54268
4 573 6239
1 938 30666
2 69 78854
2 108 47704
220 271 41541
962 2624 85165
1 9 37991
109 822 78333
3 619 11632
17 4919 6730
818 3653 29894
2 194 88441
1446 6568 56673
1 82 29269
