100
36 366 39924
2 2625 78970
1 45 86505
5 58 57674
2 287 80836
5 41 26698
6 4427 74553
8 307 93435
190 4753 88585
5 9150 87601
9 10 99922
97 182 35113
136 314 92014
7 4061 52081
16 226 87333
20 42 63607
32 3510 95934
7 40 50064
25 4867 50974
63 777 54363
22 1797 2285
6 161 33394
4 2172 52559
4 4902 43147
4 956 81621
57 734 75139
7 780 24847
381 8185 52500
8 964 30262
57 746 58722
23 97 61300
58 290 95
7 85 89439
4 7561 8820
6818 8122 78215
82 3009 23710
345 6997 26041
3583 8752 66238
58 90 88639
5 7 54944
6 4290 25071
8 39 81375
2 107 2705
218 7263 47808
71 896 89959
45 400 58222
5 6981 98085
3 106 9631
6 9 96102
61 977 85449
99 7936 45821
6 18 76601
373 501 28032
95 5426 83961
883 7502 58804
1 9889 64082
763 1779 13232
4 74 57543
66 81 62459
156 4725 3207
2 594 39896
2 6244 10963
773 2480 93244
1 81 32537
9 176 8514
8 5591 60426
80 525 49933
92 7594 95610
286 4751 35110
796 7885 12726
7 675 44883
4 78 9583
23 3469 37006
1 323 27734
359 851 46585
3 2387 68538
52 986 35537
2 302 13182
93 2896 90038
8 7518 28831
57 716 91435
3 50 62179
9 3118 48560
1 720 81193
16 660 50552
71 109 58522
74 3415 57459
17 8988 40627
16 320 33734
85 783 71537
1 4343 2501
57 7735 77187
6 90 98786
8 42 64362
4 66 35634
2 7606 17592
1 5 53915
9 545 55659
3 8592 2029
6 617 778
