100
8 57 48954
48 6457 39587
3 12 75789
9 76 31831
7 2497 8948
70 673 51598
45 56 96340
4 3893 93006
1 827 1356
7 3812 46045
1559 4080 17489
3 415 794
50 9700 6973
34 834 49256
8 86 49342
277 3552 38203
2 23 87986
91 666 79070
796 977 57121
15 4193 38274
9 420 14849
9 535 86653
8 492 36322
8 86 18952
979 8147 1836
52 778 302
3 3836 2621
6 5649 89046
1 6 52055
5 217 91108
91 142 81039
4 829 92778
263 1658 82355
144 8824 93738
74 793 22433
3 51 78748
4 540 68577
5 4731 41533
56 598 23341
3 536 76571
7 567 44493
1 476 94631
3 189 46771
12 26 34343
3 5151 61940
7 848 4786
164 8397 38670
723 3317 83323
2 3 99624
638 1497 85811
215 331 96409
30 8675 22110
5 338 58979
6 52 20195
210 878 7843
7 18 24368
9 941 79001
64 6138 8911
395 3895 88387
7 4142 64612
9 10 521
1915 2357 25319
826 1395 15515
8 82 33553
8 734 3616
2213 5014 22237
78 1822 61033
29 2539 80810
3 1167 47901
5 4353 20092
94 9978 16857
5 51 92623
749 7279 71220
2 85 6007
204 4377 65256
84 4997 57340
7 8 66716
845 8284 73068
3 43 15419
7 6964 89704
8 9262 52217
7 9 47554
7 606 9857
18 3434 64809
2 5 96037
82 258 13152
40 88 16016
9 51 60526
2 8 94745
7 30 67362
296 573 98712
1 1825 3801
27 967 2272
796 6641 90025
2 442 53251
8178 9890 20669
2 69 53468
1 3403 61899
26 36 50189
2 68 43288
