100
65 2298 52183
6 8266 85581
39 84 63512
9 803 89073
5 59 15824
255 8837 40875
40 305 9210
72 210 43177
160 3930 84541
23 8957 6166
1 81 47600
2971 4303 71168
6 924 82996
197 6375 43132
264 915 16298
355 962 84937
6450 9719 76709
3 75 67701
286 3272 38756
34 6276 84356
138 1340 50426
796 8639 93014
12 3262 88114
6 9324 8967
77 3824 59338
38 498 55590
8 9 84429
5 6 74765
9 351 94132
4 498 3092
1048 5868 10981
9259 9885 79396
2 272 39726
2117 8743 6919
803 9571 7887
6 241 14790
23 7698 29553
851 1096 90875
46 8647 70442
5 738 30686
1 3 55609
946 6980 7084
198 2900 11177
822 6550 52784
96 3552 64726
1446 2846 9153
348 835 79130
1517 3439 20221
474 7053 33593
5 7531 50711
6 142 70813
51 8804 78411
8 70 21477
4 15 60191
7 4197 21420
2 56 55240
3 122 72890
452 693 27154
1 62 28854
4 542 44927
1443 2552 90214
981 7697 65681
25 4907 48963
89 652 44724
8 862 39581
1 31 66693
88 609 24997
4 347 3264
2 67 25134
9 89 85762
32 609 17778
9 2825 35155
38 651 66399
4 569 88674
47 9801 60625
7763 9621 26810
327 8511 77788
2 222 6031
3 64 39784
792 3119 43453
6 7 80980
77 9148 6368
6 380 68375
6 1301 83005
18 78 88779
9 10 17396
4 138 56898
2 1498 74082
3 17 49848
8 986 6227
71 5548 30852
8 5180 80001
92 907 61651
405 7839 78706
694 714 10614
25 4055 50905
173 464 62909
66 98 96907
2 8 35049
84 3816 50494
