150
204.491000 560.422367
240.643000 563.533977
164.037000 389.730513
133.371000 350.353329

-182.627000 130.298046
-140.321000 137.960322
-51.419000 -110.530327
-187.230000 -130.606894

184.122000 66.051478
238.307000 58.698163
236.978000 -129.258769
103.776000 -74.061974

-277.610000 681.326390
-198.184000 615.077641
-491.412000 403.286875
-524.672000 411.407014

680.856000 2.171237
729.934000 -83.373348
566.617000 -286.999561
423.723000 -205.794529

-61.778000 483.293741
-13.841000 511.183438
5.570000 266.355164
-28.651000 276.527854

38.182000 703.418271
100.029000 635.695423
-106.757000 366.981109
-223.926000 453.028033

344.051000 73.417312
447.043000 67.903914
423.587000 -252.967654
276.472000 -215.520991

-81.233000 -384.870926
38.255000 -411.258155
-108.311000 -602.494367
-139.478000 -651.330018

115.289000 -217.747733
184.297000 -219.292147
94.366000 -553.114900
-20.216000 -487.971255

344.059000 156.231033
434.722000 141.654079
370.438000 -65.970953
269.661000 1.282924

-612.062000 -171.195861
-550.844000 -176.974773
-506.560000 -412.466802
-595.838000 -443.987670

34.680000 -56.302129
131.372000 -64.151744
177.946000 -376.285621
141.955000 -460.552630

-534.352000 318.610153
-421.470000 304.843738
-411.007000 78.245055
-508.627000 51.894170

108.407000 119.962449
304.416000 143.964912
77.601000 -145.041603
37.700000 -44.251461

198.237000 1.609863
235.254000 -32.786505
198.673000 -277.311439
134.235000 -394.088455

69.128000 -77.696157
125.751000 -144.467729
91.178000 -343.889210
-189.221000 -364.402453

110.080000 -64.877602
200.782000 -118.434343
48.807000 -315.516282
-26.554000 -240.093656

-483.124000 174.782906
-413.912000 144.048807
-529.137000 -35.731486
-594.522000 -57.921700

-452.063000 388.986902
-265.851000 326.646178
-361.829000 163.820670
-491.918000 135.730537

652.311000 419.257585
700.843000 361.920873
520.016000 226.764954
489.672000 262.272754

384.832000 420.789262
597.117000 361.816701
444.176000 194.988965
376.962000 232.840261

-313.236000 704.977928
-29.434000 666.146098
-125.740000 432.230686
-208.389000 331.748186

289.462000 409.241561
345.400000 364.351965
233.101000 205.286771
185.548000 168.922415

-135.346000 534.780013
18.656000 456.724572
-113.287000 228.023899
-176.769000 240.496895

-121.503000 -199.447099
-71.753000 -215.497935
-205.341000 -546.552208
-322.534000 -492.157471

-428.864000 -197.396734
-290.260000 -224.504238
-433.174000 -390.142702
-481.234000 -385.310129

572.271000 -292.111183
610.862000 -299.948195
607.043000 -535.412660
526.219000 -535.160527

183.829000 -47.162823
219.449000 -124.927013
-74.797000 -307.635046
-137.982000 -316.055549

-541.269000 435.278017
-460.681000 442.744437
-342.055000 104.516880
-648.724000 44.833962

255.963000 605.742061
286.685000 606.189933
278.418000 375.126598
247.107000 377.926782

398.092000 478.985320
482.979000 447.143831
436.906000 236.619481
298.431000 194.868163

-264.078000 114.494129
-216.981000 48.648458
-259.495000 -83.097863
-445.440000 -40.148005

471.650000 -115.997200
517.576000 -100.519744
643.140000 -326.384453
553.488000 -451.128122

-269.054000 54.336235
-200.228000 48.360611
-273.771000 -235.541736
-323.124000 -313.754271

-311.300000 -230.674978
-220.705000 -187.561571
-300.827000 -441.087002
-350.850000 -435.162530

-306.419000 -257.160264
-271.695000 -317.620463
-440.928000 -501.105453
-532.077000 -510.051274

301.140000 693.709990
498.736000 583.831930
232.460000 358.161541
172.053000 334.578438

-631.960000 -295.143638
-514.414000 -269.344289
-488.493000 -514.825791
-679.679000 -470.200052

292.703000 375.755260
342.155000 332.520039
227.105000 133.309441
147.211000 111.801771

304.923000 95.317943
501.840000 73.255512
521.479000 -158.277522
430.523000 -301.595852

213.851000 312.387687
324.058000 324.251079
298.568000 117.770837
174.090000 195.421428

134.035000 625.555062
289.970000 541.473681
117.440000 465.343457
86.283000 531.407114

-29.736000 -295.730735
111.661000 -233.007377
4.723000 -574.550164
-75.497000 -443.661424

-506.014000 178.887261
-461.544000 187.813900
-556.479000 -78.609219
-595.067000 -24.237670

658.633000 361.483095
719.540000 321.767623
507.306000 4.237118
464.935000 -58.382400

411.724000 -314.076515
510.532000 -419.306655
436.916000 -646.064342
178.608000 -597.738929

-510.560000 437.826716
-474.789000 435.570414
-499.906000 108.029011
-634.247000 173.003875

12.711000 531.100228
111.939000 492.291314
-161.549000 219.401069
-194.438000 286.839057

71.102000 -142.456826
119.800000 -191.375270
-73.371000 -330.257573
-104.606000 -266.237784

-639.644000 629.805362
-605.261000 664.550070
-371.565000 408.609835
-501.489000 352.006371

603.343000 -143.390835
634.694000 -195.777948
601.546000 -348.526643
449.907000 -388.676697

174.167000 64.535420
300.184000 -11.679298
234.365000 -140.263936
119.278000 -183.541082

162.315000 43.141290
271.485000 -35.794364
137.939000 -229.700030
47.545000 -243.221563

349.022000 131.968505
385.685000 126.463618
269.352000 -136.085678
219.431000 -133.748062

-332.188000 336.375610
-171.243000 170.245375
-362.669000 -14.301119
-497.517000 69.782498

587.814000 -45.587150
668.327000 -126.982032
520.423000 -394.177738
456.210000 -463.985183

448.420000 602.514430
716.261000 536.472658
639.762000 344.883599
492.294000 247.763638

536.103000 593.315663
587.633000 532.052859
482.166000 339.778761
382.439000 361.651436

-51.323000 -21.211615
114.879000 -165.813627
58.498000 -331.824034
-61.736000 -433.991534

540.676000 -475.507122
580.767000 -527.244576
460.426000 -696.824194
360.504000 -635.543497

47.302000 -148.298221
101.849000 -192.578701
59.943000 -377.454828
2.279000 -393.891095

517.105000 -139.017779
577.961000 -157.996339
535.058000 -339.715298
462.609000 -423.791737

-47.643000 -73.108931
-16.878000 -160.611495
-236.576000 -370.019801
-397.479000 -292.529105

321.398000 160.080644
394.523000 130.310664
260.120000 -172.147285
166.554000 -115.649589

243.781000 -493.159928
289.899000 -525.141059
167.894000 -693.199339
119.709000 -654.445838

495.450000 243.139798
532.613000 171.120464
316.766000 -0.500987
238.972000 81.912425

-268.160000 -287.615303
-208.951000 -327.399149
-222.020000 -473.049732
-374.159000 -561.974803

-344.457000 457.800726
-302.756000 393.750265
-613.800000 178.726276
-676.361000 306.267115

106.901000 -165.135089
208.781000 -97.059772
411.478000 -381.901836
188.955000 -452.567947

-438.448000 578.991613
-400.768000 573.633784
-486.858000 339.373738
-520.557000 361.031039

-574.923000 247.798672
-525.177000 242.289177
-473.838000 -33.127302
-540.831000 -61.789413

-185.020000 576.045200
32.182000 503.802381
-109.158000 313.092408
-176.080000 268.338564

-395.153000 426.742023
-336.586000 457.697385
-269.545000 121.887981
-330.672000 57.636673

-145.090000 -22.950858
-98.038000 -49.704055
-230.005000 -320.445271
-334.062000 -312.380993

474.661000 670.141984
513.299000 630.734795
425.472000 459.481996
342.701000 427.858894

-112.845000 44.001848
-14.590000 -19.607175
-229.136000 -215.542383
-267.661000 -168.355052

-86.051000 -222.166501
-8.717000 -198.046683
95.005000 -455.100871
-115.766000 -543.157492

-483.971000 616.477201
-344.351000 638.112053
-408.538000 396.437958
-473.989000 421.242092

393.745000 122.132556
426.503000 79.388223
200.929000 -107.418457
153.747000 -44.754838

-530.446000 -293.389790
-494.627000 -360.652363
-565.285000 -469.995708
-633.579000 -468.285912

-569.995000 -364.013768
-472.964000 -402.725256
-644.722000 -636.599805
-704.125000 -572.120724

-118.579000 -104.371145
19.208000 -196.504714
-220.043000 -453.157167
-271.986000 -481.223325

357.739000 214.903394
430.964000 155.292975
145.001000 -56.642910
109.457000 -24.728158

465.815000 -253.651771
498.135000 -342.034428
451.381000 -484.667305
310.561000 -601.994463

-230.255000 -132.147895
-53.518000 -186.133107
-228.136000 -390.772961
-288.686000 -341.608619

123.415000 369.305861
181.715000 333.933632
-70.674000 89.513050
-105.673000 153.746452

-460.773000 -343.329529
-416.684000 -379.764950
-563.548000 -553.535677
-609.654000 -511.899827

-412.234000 722.086125
-341.140000 676.253686
-353.075000 485.027482
-508.995000 384.506522

215.897000 -401.143782
287.361000 -428.960892
209.002000 -642.995884
156.788000 -630.671445

143.316000 16.171026
199.770000 20.977250
186.419000 -253.957640
132.627000 -244.477861

465.507000 -158.064095
536.611000 -203.182875
504.583000 -385.790851
347.276000 -365.989277

-392.982000 525.586683
-341.312000 533.668459
-360.044000 306.443327
-421.246000 331.005576

-34.956000 -264.755018
53.339000 -233.890372
100.701000 -622.887216
60.748000 -719.676755

478.864000 -223.027278
588.950000 -291.744567
447.003000 -552.891639
325.237000 -580.984036

1.655000 -54.881650
105.946000 -41.849673
92.262000 -285.642045
-20.295000 -334.888781

-558.926000 335.885383
-418.361000 241.468065
-572.586000 14.178818
-650.640000 38.666620

83.070000 -377.767764
119.628000 -397.226263
87.317000 -618.709521
26.388000 -626.044344

-343.681000 -350.055526
-192.164000 -455.237423
-299.821000 -678.943419
-500.787000 -673.857946

302.447000 448.380103
368.515000 415.300932
242.576000 248.707284
208.597000 276.323575

-396.845000 650.837256
-244.415000 633.782502
-443.053000 368.294240
-495.914000 448.017288

103.897000 -125.921642
150.954000 -119.002898
161.751000 -432.559618
59.260000 -488.122022

-506.959000 402.565671
-467.057000 377.482133
-627.634000 207.282872
-662.757000 270.200198

67.814000 -146.493548
103.252000 -197.676006
-107.064000 -324.451135
-138.604000 -329.941991

620.548000 -264.044037
701.615000 -306.320503
663.565000 -631.555834
391.033000 -536.342672

-456.917000 -341.952708
-426.811000 -414.060847
-498.542000 -550.487655
-617.941000 -647.021134

379.725000 -240.655166
442.664000 -283.449290
205.943000 -545.188034
137.029000 -408.203929

-293.907000 199.774953
-230.486000 159.076392
-367.807000 -36.739774
-410.395000 -10.848687

548.478000 -11.858482
599.751000 -77.582505
544.087000 -206.545007
414.505000 -273.482705

-464.750000 338.726215
-406.541000 290.420748
-513.516000 116.315748
-590.347000 153.922834

555.496000 309.989702
593.806000 300.384901
625.472000 34.691315
503.112000 11.058027

-253.754000 -249.217046
-219.296000 -298.235379
-303.844000 -434.032071
-359.330000 -426.434957

58.262000 490.931667
93.466000 439.611022
26.946000 301.056703
-78.132000 259.850919

-203.095000 132.653682
-63.147000 187.961931
-100.479000 -199.104546
-227.108000 -206.312301

178.452000 369.517198
351.823000 366.577184
283.433000 90.370542
188.191000 108.536097

-520.703000 405.981909
-391.309000 401.270708
-529.262000 75.278214
-612.566000 79.946899

247.987000 627.706035
323.996000 541.343934
129.910000 352.335037
64.487000 399.776104

131.813000 -365.609752
163.185000 -404.118845
35.719000 -545.127818
-9.035000 -603.048988

-216.311000 584.701660
-175.993000 608.274538
-129.265000 406.197229
-240.790000 468.499680

57.731000 556.674266
151.056000 594.627609
52.915000 315.587742
6.886000 390.864782

201.239000 -427.996142
259.807000 -411.043674
248.953000 -761.431012
140.378000 -697.058808

69.363000 218.137656
107.944000 127.873611
-1.763000 -7.789862
-84.513000 -56.549694

206.600000 -111.787005
391.437000 -147.865759
212.247000 -406.686136
168.338000 -433.476507

461.822000 -197.124528
614.954000 -206.712560
592.408000 -358.049437
469.138000 -449.295270

227.710000 -180.346381
288.175000 -183.603165
248.586000 -516.999493
129.222000 -467.223449

161.521000 29.505260
211.621000 -25.986084
-46.639000 -233.541761
-82.670000 -254.109744

-184.006000 61.880006
-123.610000 -37.183240
-319.069000 -260.202221
-435.236000 -203.447871

-221.405000 454.811143
-130.195000 432.579262
-284.466000 228.454921
-315.416000 191.988295

-447.282000 -413.898935
-331.982000 -435.640177
-380.866000 -694.136141
-463.474000 -689.234327

-272.657000 684.564070
-215.552000 661.379995
-307.857000 424.963253
-396.970000 415.627179

-182.691000 -2.563707
-145.796000 -71.463000
-251.704000 -233.046023
-316.660000 -231.003956

575.116000 669.309068
610.815000 618.425548
592.206000 467.613362
334.756000 496.031083

-7.780000 161.340957
85.155000 52.683527
-33.550000 -89.720779
-167.576000 -76.792503

650.876000 521.044423
687.767000 437.264708
503.057000 229.133953
406.581000 191.675493

123.744000 432.694135
192.221000 392.342906
163.556000 233.992289
126.826000 219.835365

-541.809000 500.964120
-425.761000 526.038696
-504.115000 150.276249
-565.117000 121.934099

-74.868000 -314.957937
50.923000 -292.715481
150.497000 -614.755438
79.928000 -657.909974

-488.793000 245.498564
-433.042000 197.909555
-506.392000 -22.640511
-661.609000 20.074413

187.001000 -216.495812
237.306000 -196.683895
282.002000 -448.729487
229.716000 -447.835954

151.031000 368.971001
276.918000 306.415688
135.344000 66.149234
62.131000 15.904637

-67.421000 595.846018
13.905000 542.780803
-47.064000 318.729767
-147.585000 223.298854

-40.649000 516.937459
37.994000 484.988745
-10.605000 207.543987
-167.931000 243.176698

-580.320000 564.944937
-510.395000 540.545949
-628.807000 327.451614
-668.553000 282.670329

49.945000 34.592354
187.478000 20.496973
-17.509000 -220.094010
-49.766000 -213.226884

113.793000 594.943747
161.819000 621.932285
255.752000 417.492421
89.304000 462.507257

237.008000 566.980037
324.674000 512.471214
199.070000 371.607018
155.120000 337.192350

103.717000 -63.122011
192.292000 -101.789608
177.658000 -304.752508
75.554000 -329.106688

-252.006000 120.050007
-59.897000 90.686175
-255.344000 -77.183917
-293.783000 -109.458235

-270.315000 98.944681
-236.035000 19.837036
-345.817000 -97.883143
-440.373000 -149.370345

-179.590000 491.370461
-24.579000 385.113598
-256.095000 228.845401
-311.753000 257.893378

