150
-563.280000 421.025914
-323.833000 369.201521
-512.774000 206.772979
-572.105000 256.876160

144.272000 -347.272501
340.179000 -486.812166
114.617000 -648.579179
28.573000 -631.641645

261.546000 655.710509
480.283000 561.623172
367.623000 305.432162
159.315000 386.454716

292.595000 461.234535
488.194000 460.783308
303.533000 112.990232
258.663000 54.168149

-16.209000 364.832363
15.553000 328.703963
-70.610000 181.056908
-166.230000 161.834151

112.523000 187.674430
271.097000 176.053600
56.866000 -45.153003
26.691000 33.333217

-338.255000 386.427385
-306.307000 367.729621
-387.841000 181.780664
-422.874000 132.426853

298.381000 -384.695323
335.308000 -401.818723
203.113000 -645.269962
152.861000 -705.752508

511.419000 -177.780103
555.170000 -194.973685
501.028000 -411.573123
447.280000 -403.601832

438.108000 547.548407
488.165000 521.797150
361.554000 271.989866
270.100000 348.082393

-468.856000 -181.245951
-242.050000 -294.778494
-344.523000 -484.598159
-494.094000 -466.700756

569.428000 564.992028
630.275000 553.218275
484.436000 281.424443
431.555000 342.323623

369.955000 59.361570
518.741000 39.123521
470.361000 -248.519708
293.493000 -260.603958

-97.613000 -252.621319
-65.538000 -341.210056
-116.819000 -480.134796
-221.673000 -530.828931

115.670000 -359.176519
263.918000 -361.163795
80.293000 -602.665552
43.064000 -543.015874

-464.228000 505.213584
-378.656000 518.047377
-432.127000 286.133155
-511.975000 349.871799

403.221000 645.569440
543.606000 652.281684
517.319000 440.683411
407.987000 399.775368

298.160000 -381.105249
342.070000 -378.208905
477.523000 -708.873457
168.212000 -751.953300

162.486000 57.594614
391.531000 97.038165
251.690000 -238.231450
193.848000 -210.349078

-404.844000 15.141114
-290.407000 23.876052
-223.816000 -311.326906
-448.869000 -363.825780

348.132000 -133.296623
531.801000 -179.938460
317.673000 -483.015576
238.843000 -410.811267

-493.664000 267.223868
-411.327000 240.437054
-469.254000 -115.455197
-660.622000 -49.487882

62.916000 -181.808481
140.036000 -216.173084
-21.115000 -438.445037
-75.577000 -451.422513

383.936000 713.688372
434.011000 669.443617
279.918000 461.304670
240.198000 481.365300

513.515000 488.028316
595.845000 401.266637
527.696000 148.629520
395.499000 43.164950

-102.858000 -468.833297
-5.930000 -409.964195
174.290000 -678.711579
-137.110000 -624.889062

-539.770000 56.026750
-409.616000 1.774598
-598.765000 -149.766150
-631.118000 -93.530936

-529.318000 -194.175906
-409.797000 -306.794269
-476.859000 -433.389244
-554.770000 -528.605283

549.844000 538.143704
692.589000 493.647805
621.655000 324.950825
485.825000 409.890851

408.076000 -31.546601
457.378000 3.968576
595.675000 -247.279271
492.940000 -270.300233

-506.008000 392.114184
-472.269000 379.343423
-630.494000 145.405120
-668.552000 96.859831

-410.510000 -360.081885
-191.401000 -441.836477
-301.285000 -579.635218
-438.864000 -502.123343

277.939000 -198.014123
491.437000 -257.230184
398.224000 -421.974855
309.759000 -502.312932

327.336000 -91.390457
414.435000 -131.691014
314.275000 -364.972896
181.329000 -306.036275

-98.303000 370.771933
30.667000 373.403800
-59.634000 176.527647
-131.103000 173.265365

292.543000 752.046895
540.363000 719.828360
473.763000 419.758880
372.227000 353.756136

-33.835000 247.562357
1.558000 187.943248
-175.359000 81.749708
-212.624000 71.735162

-172.399000 690.229105
-130.914000 648.801871
-186.809000 392.535517
-398.397000 419.105633

480.282000 240.772705
523.659000 231.888505
491.364000 -59.753249
407.006000 -46.296662

-321.217000 546.075572
-255.198000 571.583309
-229.241000 322.997363
-320.340000 347.255905

199.811000 -412.874100
247.975000 -508.510146
209.469000 -600.839023
33.940000 -692.236121

286.718000 -400.897504
317.194000 -413.302791
190.797000 -624.295584
139.073000 -652.171674

579.995000 -399.407674
619.163000 -423.632517
554.311000 -612.416915
452.721000 -624.846656

426.515000 370.908529
476.090000 361.333902
499.059000 174.582568
439.060000 54.295687

193.324000 -347.969283
264.852000 -409.710946
158.003000 -640.105447
3.579000 -668.996017

513.454000 108.688044
545.335000 82.622997
540.532000 -63.991190
501.219000 -172.383749

-100.946000 129.807075
-53.086000 91.764213
-205.060000 -74.675815
-240.874000 -124.991724

294.584000 610.107832
353.351000 594.912402
339.884000 233.820213
159.824000 211.632252

253.198000 226.281914
290.279000 224.946891
168.649000 4.467432
136.433000 68.676917

-272.116000 73.019776
-105.944000 53.470119
-216.268000 -185.265774
-301.736000 -143.818027

134.057000 468.090982
178.846000 422.663728
96.126000 259.167008
24.263000 182.853786

-428.857000 48.252282
-397.235000 -29.186884
-619.117000 -128.730357
-651.778000 -73.475344

122.190000 3.097745
172.294000 -1.216724
139.675000 -239.970670
88.085000 -229.764586

-149.748000 -316.926757
-117.280000 -314.083780
-62.554000 -565.975515
-231.459000 -606.549502

308.635000 91.910929
406.691000 36.681685
244.407000 -97.121863
211.496000 -123.851706

-210.943000 -372.233860
-147.744000 -366.713895
-110.787000 -546.088807
-218.588000 -611.086375

-212.614000 91.346297
-113.980000 4.830343
-262.885000 -237.971290
-386.343000 -187.653118

36.205000 206.521975
75.418000 165.838873
6.158000 13.585611
-67.204000 -56.220163

-55.509000 -140.598798
138.489000 -109.929559
110.295000 -411.727767
-59.723000 -364.906830

679.345000 167.500825
713.322000 106.704272
630.869000 -46.374470
506.331000 -25.943673

-328.696000 241.541454
-242.186000 189.898743
-262.463000 38.832990
-293.003000 -66.490732

-382.367000 14.597583
-308.992000 29.326741
-263.080000 -207.375193
-354.615000 -305.705636

200.294000 694.228349
262.350000 646.374107
81.633000 499.905612
47.498000 572.216494

-652.499000 -367.152017
-538.621000 -354.441431
-430.416000 -674.350172
-589.791000 -833.435329

-405.692000 197.001398
-257.136000 168.582200
-320.072000 -191.627526
-532.017000 -107.723998

-100.718000 -115.191390
-50.677000 -123.240637
-88.096000 -350.852207
-122.027000 -419.623241

-383.672000 -125.148391
-282.556000 -178.263919
-293.241000 -354.141892
-465.570000 -430.866774

-25.949000 431.095689
108.605000 460.991325
86.600000 203.605023
-29.870000 184.815711

-230.552000 14.296274
15.075000 -127.048521
-50.641000 -326.967500
-303.138000 -410.482321

-355.304000 674.572984
-259.137000 708.296817
-304.386000 477.531295
-381.047000 545.913951

425.195000 335.644256
501.660000 245.955329
299.235000 97.654975
239.498000 181.467657

511.672000 213.626824
598.003000 194.491912
523.750000 -30.841107
468.727000 -14.651861

-131.060000 728.989080
-21.980000 638.288893
-232.109000 402.467402
-307.934000 455.213881

257.007000 542.995810
332.969000 515.363660
168.881000 338.028101
136.839000 316.984385

510.729000 630.219945
541.423000 621.874880
514.176000 342.365683
439.696000 268.222195

437.209000 -407.422603
496.643000 -502.293968
394.838000 -686.007012
245.852000 -729.318126

-674.998000 -186.522400
-410.991000 -291.444846
-682.478000 -441.328289
-714.705000 -403.180642

-510.579000 24.418396
-476.956000 25.509125
-433.191000 -259.074270
-525.248000 -348.492448

118.876000 -329.328714
225.120000 -415.126919
43.711000 -549.028838
-9.716000 -457.251021

-67.918000 319.802427
57.241000 333.014736
-33.492000 100.402437
-69.308000 119.231743

-248.013000 199.297731
-209.805000 132.944984
-305.378000 -29.976445
-413.376000 -100.764704

240.782000 695.749636
325.877000 671.972640
337.254000 458.842125
238.651000 327.397258

-37.825000 -143.286628
-6.995000 -144.792027
-76.611000 -406.393849
-109.951000 -470.283739

-88.941000 -249.907953
19.666000 -274.073506
-25.659000 -466.850465
-123.189000 -448.855040

395.938000 664.970566
488.465000 650.033828
374.873000 316.608516
266.213000 393.128061

-462.243000 -300.321274
-431.103000 -323.143180
-643.168000 -636.454798
-721.967000 -657.613036

-212.065000 172.349149
-163.960000 72.003674
-287.938000 -131.749631
-393.625000 -189.597383

617.466000 -171.115200
680.770000 -269.573891
505.467000 -383.377093
465.607000 -349.802305

-541.515000 43.899017
-504.160000 47.946948
-416.657000 -195.773357
-574.737000 -291.931017

-61.173000 695.610775
51.924000 658.166248
2.654000 438.720232
-83.195000 354.540631

268.722000 -405.471108
470.251000 -399.267756
394.692000 -725.793216
207.054000 -610.749762

585.678000 -404.102532
618.306000 -428.571843
490.622000 -634.280699
421.848000 -663.005704

119.259000 288.484639
224.761000 250.733353
112.642000 22.263480
9.339000 98.834164

194.387000 -328.774641
324.904000 -420.917630
156.528000 -556.400338
114.180000 -604.818498

311.158000 656.170999
353.237000 663.772657
414.540000 334.374509
292.221000 271.078295

-590.269000 442.017166
-414.492000 359.952504
-442.489000 143.063203
-514.814000 101.054362

259.254000 197.348842
290.495000 144.986011
87.690000 10.441382
56.574000 -24.071097

-48.059000 -94.660277
61.313000 -95.405939
9.002000 -293.957880
-80.069000 -312.569861

-656.965000 190.326877
-575.401000 228.059807
-443.825000 -99.214245
-501.265000 -124.094802

532.646000 69.116188
573.099000 22.101883
500.158000 -144.734106
452.786000 -149.376791

4.916000 234.972667
131.528000 183.543189
-26.115000 -109.622879
-141.215000 -126.503541

-237.228000 18.721570
-179.774000 12.971715
-93.334000 -301.202120
-403.719000 -284.143550

45.286000 317.460397
337.616000 208.145094
33.161000 28.334041
-25.415000 46.956148

377.435000 125.945249
464.147000 62.593641
398.713000 -177.809078
353.798000 -280.253388

367.767000 -155.519082
539.970000 -194.625522
514.028000 -448.618688
365.732000 -557.742936

-179.800000 152.578871
-109.719000 64.929848
-226.261000 -85.868186
-261.390000 -146.495794

-76.924000 367.443989
53.860000 394.573248
154.912000 127.217132
-38.256000 70.358144

217.851000 -415.731039
293.355000 -496.276073
212.591000 -635.856622
81.381000 -580.684979

295.843000 -368.528749
413.022000 -396.990004
403.806000 -553.870443
243.582000 -633.333147

509.691000 225.023855
623.082000 166.613778
646.476000 -72.750396
520.032000 -245.255240

-23.124000 697.987183
93.546000 655.623403
-29.116000 346.187229
-186.162000 461.192815

546.245000 318.343804
655.736000 238.776150
430.782000 98.354282
399.882000 169.650796

-409.188000 -266.921790
-315.515000 -355.020910
-403.560000 -600.628519
-532.663000 -690.908834

-465.135000 647.151759
-283.017000 574.232960
-292.842000 393.213441
-435.528000 230.565824

-337.176000 71.243323
-297.237000 52.310397
-501.832000 -233.524295
-557.076000 -157.040267

-228.883000 -159.350879
-150.462000 -170.158231
-200.164000 -451.734199
-259.711000 -442.976065

1.707000 -19.971257
250.677000 -109.293329
90.837000 -303.879756
-8.210000 -344.876443

-466.993000 -328.985873
-370.553000 -317.449966
-415.665000 -547.603519
-447.514000 -594.456271

358.904000 326.934157
519.153000 313.496106
372.783000 -49.225705
251.093000 -24.404287

-79.220000 454.944410
5.392000 382.614218
-155.423000 268.076135
-193.175000 320.689948

-548.669000 -394.007016
-341.681000 -397.401149
-450.471000 -658.960364
-584.477000 -670.838835

546.048000 -20.463617
610.940000 -63.646049
463.528000 -288.022450
407.658000 -346.578635

-21.423000 359.482509
37.698000 300.160120
-36.065000 107.967579
-161.218000 121.957328

242.116000 25.991020
350.807000 -1.481462
307.435000 -283.759417
226.469000 -345.424168

641.009000 -66.258239
732.716000 -147.764632
598.847000 -432.169434
461.857000 -473.301691

-12.001000 339.533088
62.528000 334.216462
4.516000 44.369297
-117.324000 67.506504

287.619000 721.446094
364.086000 678.727380
345.041000 472.030762
202.435000 356.838132

-284.476000 429.736593
-251.879000 397.406176
-282.553000 215.619287
-406.868000 200.058807

65.407000 320.741951
120.733000 204.524112
-157.679000 64.275576
-216.591000 78.482344

273.594000 -88.091797
355.215000 -126.894982
225.199000 -309.331897
161.493000 -243.831911

23.352000 -71.124175
92.895000 -197.646647
-43.767000 -399.164692
-253.035000 -404.259008

99.103000 699.633888
216.351000 683.683549
136.103000 403.027793
101.634000 346.696268

-638.120000 -212.814094
-524.952000 -212.269871
-634.125000 -437.149169
-675.451000 -405.878010

350.157000 223.635146
382.702000 163.096446
216.565000 10.125544
174.236000 32.932457

531.628000 -276.905034
664.717000 -321.078797
612.873000 -543.631963
454.913000 -506.502554

654.078000 690.143681
709.528000 593.892324
618.714000 435.215668
476.249000 391.148590

540.957000 339.637561
593.510000 304.711244
510.941000 89.650748
408.579000 49.022128

-3.684000 -168.286637
118.694000 -161.495758
207.476000 -451.717300
143.194000 -501.283013

-78.504000 -4.032166
91.730000 -117.072196
-22.381000 -374.403921
-209.107000 -335.222557

20.423000 -75.805431
67.425000 -110.528667
7.368000 -329.232165
-32.740000 -335.981221

28.164000 -415.791305
177.488000 -368.229424
248.483000 -622.062462
201.473000 -653.794677

215.208000 -303.218569
319.543000 -282.786323
304.372000 -487.214805
241.691000 -479.748801

437.251000 50.690505
499.672000 -15.078015
464.409000 -170.566071
386.870000 -286.636010

-239.542000 344.421580
-99.210000 341.658249
-31.274000 22.168933
-273.694000 -87.321346

-656.424000 -418.043197
-455.012000 -426.109185
-452.031000 -628.758183
-643.211000 -650.181391

-136.792000 -8.864404
-90.711000 -32.371773
-106.281000 -228.504604
-148.632000 -243.585904

404.771000 -76.271200
462.853000 -46.663856
517.009000 -261.334562
473.389000 -321.665490

-18.855000 56.058854
36.676000 52.548013
-36.191000 -161.350588
-80.732000 -187.970229

476.819000 756.060289
610.013000 665.580007
278.812000 455.956548
247.176000 465.695723

72.100000 770.748530
182.561000 743.070300
-52.164000 434.490208
-106.751000 527.030009

