150
-118.807000 302.858922
8.649000 192.178260
-171.450000 39.178259
-231.698000 82.670072

-208.011000 -293.379028
-126.554000 -325.609954
-169.126000 -633.137386
-278.903000 -698.069502

387.357000 513.708004
430.284000 515.147773
316.415000 238.290642
273.326000 292.569846

-172.890000 85.545681
-83.321000 98.404685
-32.044000 -206.133653
-146.088000 -218.961627

253.619000 214.581606
372.353000 171.804890
359.752000 -62.666452
230.794000 -171.178535

79.005000 -353.999262
123.671000 -401.411410
42.129000 -615.901299
-33.640000 -714.771313

270.382000 -291.642362
387.435000 -334.915973
379.758000 -484.196474
190.698000 -455.765075

325.715000 244.868232
386.357000 225.750888
297.343000 -0.912511
202.118000 82.531388

235.008000 -209.550891
268.260000 -269.983803
-22.885000 -437.121474
-65.360000 -351.019833

225.566000 319.909390
331.971000 278.242002
111.853000 16.541605
64.331000 78.231628

376.312000 73.628114
438.549000 111.043747
610.446000 -172.908247
505.483000 -219.541071

-564.072000 268.356046
-445.124000 216.493929
-457.667000 41.247949
-682.108000 113.646201

-511.637000 -444.495758
-374.876000 -491.948859
-430.875000 -703.425806
-549.557000 -694.456110

-250.555000 148.724432
-150.345000 106.246723
-302.857000 -169.228287
-418.629000 -104.876137

-68.286000 -198.575606
20.423000 -287.273068
-37.351000 -388.914030
-119.412000 -475.470598

389.894000 -181.989942
433.786000 -166.235211
532.206000 -472.853866
385.752000 -465.727604

104.399000 109.416109
160.222000 68.314106
159.798000 -122.815506
-38.975000 -197.467005

-271.251000 -181.947046
-124.806000 -241.597421
-293.169000 -476.818588
-364.063000 -428.954907

-153.214000 509.376300
-2.918000 452.152488
-52.001000 240.469070
-121.790000 223.002152

-428.504000 478.748657
-183.255000 493.940634
-347.644000 160.911600
-461.130000 174.285844

-31.196000 708.719242
157.564000 735.764562
50.073000 379.483650
14.624000 390.157683

-310.356000 -328.919012
-211.106000 -406.298098
-437.039000 -570.724654
-471.670000 -610.622832

296.238000 776.813463
412.809000 727.464008
297.759000 413.261831
238.909000 323.745688

-208.670000 673.293804
-142.756000 671.944904
-154.568000 349.830097
-203.973000 278.912526

-529.677000 702.406924
-434.104000 680.118634
-499.484000 387.865593
-610.658000 418.493625

-639.865000 340.483409
-547.667000 369.706518
-388.494000 51.172247
-599.711000 -81.584668

391.661000 -213.985068
507.572000 -254.786081
363.480000 -391.598833
327.155000 -396.854921

-146.316000 262.582124
-60.418000 207.135113
-327.653000 -12.616617
-360.084000 -31.854620

-460.358000 165.489230
-324.339000 149.144086
-464.174000 -8.850997
-507.938000 -22.624935

223.123000 306.146590
283.587000 331.681219
289.366000 -24.865184
173.406000 50.338844

416.150000 617.054287
502.301000 635.463569
408.894000 418.086117
362.049000 499.035803

-71.821000 710.825712
61.356000 648.932603
-21.595000 336.098781
-233.177000 350.238147

-104.703000 193.568472
67.206000 158.480367
-89.725000 26.555188
-123.801000 62.736744

241.373000 -61.349163
284.890000 -110.795287
259.072000 -332.707207
207.388000 -369.883430

406.368000 218.615796
484.971000 176.908159
395.565000 -72.173632
332.177000 -65.003456

73.186000 409.066428
213.572000 401.793317
180.432000 110.334361
29.174000 65.232408

-185.880000 279.542882
-79.117000 218.416784
-192.130000 67.222767
-227.250000 79.072169

237.423000 -325.008960
315.411000 -357.607879
171.600000 -530.852787
139.428000 -496.675794

111.608000 118.704691
194.804000 141.168514
191.832000 -87.488723
124.825000 -73.346247

235.858000 368.382157
273.235000 374.992523
247.767000 173.920427
203.018000 197.863566

-545.078000 9.490128
-502.219000 0.222178
-672.987000 -270.935836
-707.271000 -221.927672

91.474000 486.838241
297.680000 468.285999
158.262000 205.124065
73.983000 247.994376

-13.718000 -436.442127
209.647000 -499.594843
189.980000 -677.541680
120.389000 -725.180001

212.965000 -252.030370
339.163000 -232.257392
394.873000 -458.233313
176.154000 -512.140062

131.062000 141.628503
190.539000 118.855559
180.641000 -202.376562
-19.721000 -244.054710

-376.487000 556.675870
-308.690000 544.178223
-288.360000 303.384336
-503.817000 393.462101

410.840000 329.814942
453.561000 271.131423
412.560000 161.322247
363.979000 72.315664

1.655000 155.218278
145.570000 84.188099
94.747000 -124.446529
-107.221000 -80.849538

-439.915000 -348.070749
-356.568000 -363.425358
-457.707000 -573.056141
-503.301000 -628.079582

8.529000 -266.107445
272.293000 -322.572878
240.051000 -475.250494
5.646000 -539.628395

-209.459000 -388.111299
-87.688000 -356.203564
-171.420000 -686.880904
-229.938000 -648.305911

208.220000 136.668482
243.728000 120.473731
135.178000 -95.967666
68.894000 -118.414936

288.410000 -202.734616
393.880000 -160.237803
505.144000 -477.097161
248.210000 -491.639794

423.738000 608.372047
552.961000 578.980849
517.364000 418.170408
380.957000 455.490486

507.700000 439.290322
539.762000 392.739376
371.109000 110.128966
175.164000 174.493190

-359.722000 -142.134176
-270.130000 -135.011266
-316.063000 -420.497350
-446.258000 -304.065307

56.765000 658.295429
92.322000 599.497406
-90.904000 418.128209
-162.962000 381.297663

-546.587000 228.601493
-457.212000 280.692014
-321.205000 30.798934
-524.742000 -43.100117

562.581000 -270.440798
632.530000 -320.887929
584.550000 -567.414774
456.813000 -656.761006

-382.814000 581.836395
-343.785000 522.270860
-406.583000 301.587500
-640.792000 245.076265

-466.671000 489.682023
-223.311000 496.801329
-261.714000 253.758759
-377.843000 140.092675

117.181000 235.666793
158.802000 252.837267
201.666000 26.872123
122.313000 41.101891

220.371000 -239.490816
270.665000 -215.019355
213.573000 -491.269695
167.890000 -430.712582

-262.290000 588.893772
-223.202000 523.355120
-255.059000 388.565450
-353.570000 341.246965

92.656000 -104.603862
230.473000 -185.665470
130.888000 -317.782147
81.338000 -370.304306

-368.290000 -113.830292
-291.264000 -230.406380
-444.270000 -378.369678
-536.475000 -331.059896

-408.974000 62.837155
-343.794000 79.769680
-301.500000 -252.626091
-382.124000 -249.255476

-307.258000 -414.786040
-194.968000 -458.177578
-249.346000 -620.569721
-373.010000 -576.854990

319.664000 376.055929
379.781000 273.711233
323.488000 95.393240
173.464000 -44.769009

222.261000 51.500276
254.502000 29.182458
84.720000 -140.401209
51.205000 -64.011275

104.475000 111.315624
159.957000 129.368449
137.033000 -135.120617
40.111000 -120.780532

-47.227000 -179.785369
-15.830000 -211.940215
-127.746000 -527.786159
-325.862000 -551.413535

-440.740000 -389.908722
-317.711000 -457.294174
-417.960000 -628.730357
-515.720000 -588.688905

-119.914000 574.215907
27.076000 603.023857
32.266000 224.117705
-26.881000 219.571574

-53.868000 -111.000050
82.082000 -177.179172
-12.260000 -451.889167
-70.465000 -456.214703

-139.695000 -338.149366
-71.110000 -406.785078
-185.227000 -592.772665
-289.011000 -552.037427

-74.079000 396.634683
18.470000 360.169279
-30.246000 176.477168
-63.890000 81.005452

-348.411000 449.517385
-123.266000 454.878830
-146.165000 193.875298
-204.845000 121.434855

-14.353000 -94.672665
18.431000 -169.803515
-160.200000 -303.810344
-209.155000 -269.874376

185.238000 712.070527
242.459000 642.622546
197.802000 414.267454
-86.579000 392.788903

391.840000 614.983454
423.622000 611.853317
285.411000 384.058747
254.272000 405.103280

286.556000 575.856439
331.535000 552.591912
121.528000 309.787098
84.774000 277.757834

-51.193000 747.446304
222.872000 679.589466
203.048000 475.863816
-31.669000 426.692615

-232.969000 -331.024498
-114.319000 -376.353018
-191.466000 -552.927185
-288.324000 -585.456402

-568.392000 260.991712
-508.965000 248.564372
-691.024000 6.566310
-724.675000 24.710979

331.626000 666.046034
396.132000 675.737540
402.402000 358.747738
344.213000 363.865182

-441.596000 535.943813
-277.358000 447.289636
-378.807000 169.233183
-465.367000 91.152446

-28.468000 -233.821964
91.254000 -334.726654
-239.782000 -534.260249
-273.885000 -539.625378

-338.493000 712.082114
-303.925000 657.799064
-521.228000 385.159070
-576.806000 404.050375

178.033000 4.105733
232.006000 -52.576530
94.645000 -236.220140
40.625000 -284.688153

-41.502000 590.977497
-3.376000 530.537804
-51.158000 407.884896
-107.852000 389.165901

503.977000 -89.198239
558.443000 -145.886553
428.917000 -284.978403
362.114000 -271.306642

-33.815000 711.725124
5.664000 702.303798
-34.636000 468.222451
-137.687000 449.316461

329.047000 51.637031
363.884000 18.285975
288.869000 -161.107339
182.878000 -125.805108

358.360000 419.291323
398.981000 356.754882
153.286000 144.603282
102.471000 187.229838

-259.121000 560.780516
-135.959000 522.936408
-172.864000 363.342374
-288.068000 372.801651

-293.604000 480.825600
-230.790000 423.845620
-308.233000 279.528864
-395.169000 241.336306

-336.397000 207.090050
-156.305000 167.811568
-427.519000 -99.714270
-462.232000 -137.225202

303.263000 694.850559
334.506000 674.114507
139.415000 378.797953
53.171000 393.692102

-76.237000 611.459365
-24.085000 569.090938
-230.462000 407.926303
-260.481000 425.350595

-364.638000 66.981767
-259.505000 22.875273
-248.487000 -182.766052
-428.576000 -302.062116

-210.776000 560.462014
-149.394000 474.506097
-220.787000 250.041928
-494.696000 303.330650

-289.390000 455.523920
-179.051000 448.268733
-244.214000 260.085409
-334.174000 319.872257

72.411000 686.403599
232.213000 641.185932
237.234000 442.772222
114.420000 385.021613

489.853000 -427.799053
550.129000 -471.530451
441.974000 -661.492373
358.419000 -680.854143

-192.127000 -248.034113
-81.730000 -326.445246
-124.982000 -467.683736
-287.448000 -500.066429

590.499000 340.485067
622.625000 329.577649
661.071000 80.284428
585.234000 42.459674

-197.490000 581.612888
-153.422000 494.338700
-229.129000 324.610660
-387.850000 252.309600

85.827000 332.020102
127.023000 259.962059
-121.866000 124.012795
-161.631000 205.984710

-139.464000 -84.643487
-101.486000 -99.610999
-64.257000 -406.652707
-133.028000 -544.474609

508.451000 97.669889
552.127000 105.999932
616.469000 -110.831918
461.453000 -159.665321

176.252000 330.929802
288.992000 357.392312
287.175000 80.265652
139.837000 69.592604

508.713000 352.311659
559.170000 331.325546
516.764000 154.972533
476.703000 155.081504

-81.754000 611.425502
-48.979000 537.408704
-260.066000 404.560197
-299.296000 358.209034

336.248000 -195.193801
493.364000 -268.405740
257.340000 -489.004597
209.092000 -430.897459

-419.527000 -67.153474
-147.363000 -165.295971
-285.590000 -332.803227
-359.019000 -324.478778

515.301000 609.274843
593.711000 539.353023
527.514000 308.607491
493.826000 226.128530

472.501000 -373.092218
512.067000 -376.577310
469.254000 -700.766625
321.770000 -586.881731

369.567000 -325.918945
409.727000 -358.747732
333.383000 -592.077033
202.501000 -626.971435

-154.648000 623.682473
14.829000 617.081981
-200.193000 336.484908
-243.915000 404.936028

-492.737000 553.774457
-448.491000 541.096368
-518.938000 251.158424
-562.866000 259.763657

244.553000 590.371456
318.909000 581.605462
226.809000 371.019069
193.256000 303.467657

172.267000 432.166962
223.277000 397.967197
80.035000 191.248763
33.740000 222.931547

85.440000 383.663381
287.750000 347.061553
202.333000 91.445003
13.326000 198.292582

-585.350000 505.443781
-419.118000 459.057441
-515.447000 304.138987
-578.899000 320.296749

-335.740000 -6.899750
-254.177000 -38.620786
-429.376000 -319.386250
-460.502000 -298.488418

6.985000 -8.988751
67.424000 -82.702954
-67.725000 -363.808045
-155.677000 -364.393638

-212.477000 368.959962
-135.467000 383.267845
-204.425000 174.611020
-250.309000 217.103651

338.558000 -300.396848
449.273000 -334.177188
295.947000 -556.018285
242.429000 -595.689218

36.887000 -84.263849
86.366000 -162.347467
31.724000 -283.127147
-129.666000 -309.528343

160.767000 729.084394
321.566000 661.132381
176.799000 366.013309
72.951000 400.089184

-169.731000 572.803720
-131.189000 513.978123
-315.815000 277.502244
-457.279000 392.655339

475.584000 -379.709126
542.793000 -472.205232
498.827000 -660.203641
322.839000 -710.922989

85.967000 -56.636549
175.135000 -75.428131
64.571000 -361.896607
-54.545000 -317.867728

626.113000 -176.479583
664.637000 -250.193739
593.721000 -359.861341
515.411000 -357.158938

71.271000 -163.983448
160.854000 -288.400079
-129.643000 -463.677643
-174.774000 -505.703804

312.356000 -289.636058
386.466000 -292.991436
436.915000 -593.618696
224.322000 -574.899493

93.250000 -199.488816
185.778000 -212.778273
121.315000 -486.994037
-0.523000 -507.617656

-366.387000 -171.467180
-284.229000 -137.042391
-310.134000 -379.499833
-400.911000 -287.392555

515.343000 285.999648
589.987000 251.373603
482.044000 20.077112
418.431000 45.926958

487.114000 72.644197
599.118000 44.696347
503.653000 -175.393587
436.836000 -211.025819

-507.912000 -86.579645
-390.080000 -142.335782
-483.985000 -312.889639
-556.548000 -290.832825

54.501000 -56.647606
100.514000 -88.441937
15.300000 -392.854540
-114.749000 -437.698149

518.905000 397.710161
555.993000 409.348638
568.214000 92.882967
522.710000 104.623082

-343.012000 228.176920
-266.837000 167.062953
-330.364000 13.512885
-373.441000 -68.867759

-389.980000 389.345737
-313.504000 326.743524
-490.559000 137.252929
-542.436000 180.628154

-515.104000 -379.021917
-438.280000 -412.044709
-568.154000 -564.611088
-599.578000 -532.012017

413.040000 539.529018
459.774000 516.166587
189.270000 244.587740
158.838000 316.502081

-322.065000 316.014436
-270.422000 260.304108
-537.302000 69.356866
-570.274000 48.052508

630.169000 -38.051966
662.901000 -52.409360
538.239000 -284.644101
486.127000 -241.075067

