150
-592.862000 199.808982
-394.047000 187.021983
-648.018000 -59.932262
-680.874000 -61.045950

-65.058000 626.266455
-2.736000 545.885711
-24.564000 372.291866
-280.704000 333.029317

336.508000 -214.351334
405.776000 -276.256281
316.066000 -501.103541
153.664000 -506.489402

152.014000 125.328989
184.073000 83.465320
41.438000 -136.757063
-11.696000 -209.820911

298.458000 132.247029
386.389000 156.903164
388.347000 -142.819964
344.215000 -138.419613

354.381000 -374.536768
400.378000 -414.907788
310.441000 -623.715335
187.195000 -636.883527

-68.760000 -224.483428
-36.711000 -236.487956
-59.144000 -480.887743
-173.888000 -463.912636

48.222000 430.582854
80.779000 358.063792
-28.599000 238.051192
-138.402000 245.952472

-346.278000 -39.881124
-59.160000 -58.958537
-92.454000 -296.636979
-257.329000 -420.702506

-242.594000 -186.760876
-173.259000 -237.905209
-303.489000 -521.941516
-471.544000 -407.408417

370.072000 -82.776557
460.326000 -114.603119
383.402000 -297.999252
336.368000 -369.413842

618.906000 -114.568740
682.483000 -160.331376
590.281000 -380.029148
443.596000 -285.997581

-176.651000 168.846660
-143.605000 90.097488
-435.699000 -41.795052
-473.005000 -23.485869

-172.501000 290.327997
-141.427000 221.861212
-184.920000 71.134806
-329.242000 20.470022

206.264000 -453.357647
304.516000 -401.743877
283.447000 -755.247474
160.787000 -630.238244

218.144000 389.814727
287.182000 395.676505
176.697000 177.829231
142.229000 231.714308

-419.951000 -450.775474
-350.777000 -415.256731
-430.244000 -683.392695
-470.828000 -659.413987

-196.317000 -104.019307
-166.113000 -172.176595
-293.711000 -276.991832
-354.906000 -305.825691

394.351000 199.350700
461.754000 152.654147
338.710000 -59.871361
243.720000 0.710438

-578.161000 351.296717
-526.331000 329.111986
-546.713000 161.854364
-661.086000 105.666647

-79.401000 482.720504
-22.957000 491.913472
64.056000 230.393312
-97.048000 135.225682

-182.646000 41.264259
-66.656000 71.542385
36.186000 -180.056428
-99.606000 -240.570434

-542.761000 316.707901
-503.920000 324.435800
-410.735000 0.353153
-553.035000 -74.033087

-10.611000 -124.096936
42.405000 -121.861448
73.438000 -356.366615
-53.674000 -440.993908

-19.829000 -191.224837
30.008000 -235.934899
-114.379000 -449.859760
-158.079000 -432.238994

248.801000 500.166467
281.582000 420.215779
-39.597000 254.900623
-88.420000 336.868619

-135.123000 694.835446
-23.692000 624.660338
-124.494000 467.089088
-180.299000 392.194241

328.411000 -273.717421
369.722000 -320.935798
219.773000 -496.011329
137.117000 -468.816667

256.078000 -231.885460
333.439000 -230.901472
288.190000 -433.709140
248.046000 -505.409924

29.042000 186.055420
97.154000 162.299468
-149.790000 -113.609040
-185.615000 -109.838822

79.424000 476.280949
130.668000 517.674602
318.629000 252.791324
194.952000 122.372552

464.512000 29.856094
514.855000 -17.167264
215.579000 -227.765173
184.877000 -142.894493

87.736000 -1.198452
255.521000 62.411041
298.765000 -303.504661
124.265000 -360.186640

-184.641000 90.160967
-141.206000 65.710798
-247.172000 -183.069506
-335.309000 -137.871663

-316.091000 -291.575850
-266.681000 -267.198905
-322.494000 -539.449347
-358.830000 -496.735069

237.276000 -371.279158
324.770000 -471.890352
270.118000 -574.194570
146.909000 -620.392220

160.066000 -480.495192
217.019000 -542.727324
70.866000 -675.015061
22.443000 -629.923865

283.327000 578.860787
359.997000 562.876405
341.738000 267.595973
155.612000 332.167601

-506.503000 176.795949
-466.974000 132.075980
-614.313000 -51.315117
-691.787000 -77.351156

583.729000 -270.879769
645.984000 -318.932672
620.300000 -484.957259
468.931000 -487.447389

103.318000 -300.554015
151.720000 -371.536765
-176.704000 -541.260217
-207.878000 -444.735660

-4.747000 -44.368040
110.995000 -119.366724
-125.509000 -277.756603
-157.210000 -273.010526

100.475000 -376.788557
148.049000 -401.627811
59.141000 -761.275564
-98.501000 -776.360259

-383.061000 579.916968
-111.715000 472.576398
-261.985000 230.252511
-415.842000 222.435157

618.752000 225.124747
671.412000 172.196212
547.295000 -6.117824
452.405000 -24.838481

-272.677000 -411.326134
-212.246000 -438.605066
-400.630000 -641.744776
-433.727000 -577.986355

299.015000 -308.164901
336.608000 -338.738579
339.896000 -601.729462
106.288000 -642.353553

-613.869000 46.999848
-579.565000 59.278216
-565.035000 -199.445999
-631.464000 -173.901862

427.701000 673.075843
674.742000 586.405946
436.605000 430.118761
398.745000 384.578504

458.161000 355.354400
666.029000 346.819352
540.201000 65.873362
479.018000 1.004198

195.884000 269.124965
260.956000 260.100776
222.638000 8.517982
150.967000 22.565302

306.909000 309.697137
343.696000 272.910859
277.278000 107.662426
152.943000 103.375790

146.098000 278.594072
212.696000 237.965088
37.922000 57.904792
3.578000 101.123321

-67.805000 -154.653401
-35.707000 -187.969512
-66.884000 -374.662950
-272.886000 -394.491529

510.303000 -408.143664
607.106000 -419.794222
565.826000 -763.836199
507.304000 -763.363343

352.294000 -121.835813
401.767000 -183.654420
253.140000 -373.573909
168.433000 -394.579160

-42.339000 -308.009232
70.645000 -271.354505
174.887000 -542.359675
-77.281000 -513.182279

489.948000 740.768388
625.223000 747.909544
496.316000 388.560511
407.239000 461.322290

-246.090000 777.420811
-129.471000 698.144545
-452.548000 462.399686
-483.422000 439.848860

-293.751000 723.993275
-128.111000 620.705253
-242.402000 414.637115
-428.159000 443.313585

-34.546000 -217.507447
43.222000 -267.831855
-145.306000 -521.253588
-221.947000 -451.070796

-495.664000 646.992306
-448.363000 636.311169
-477.636000 416.627645
-545.169000 338.473949

150.356000 -123.001928
471.072000 -226.325170
244.580000 -462.772985
119.356000 -382.292053

-605.373000 64.043055
-418.995000 -31.737305
-672.694000 -161.714634
-702.020000 -184.829724

-426.400000 -467.148028
-326.775000 -560.205494
-362.994000 -653.462239
-410.673000 -676.832360

337.651000 315.331725
420.534000 343.815832
380.630000 116.903451
305.732000 186.358192

173.436000 -69.349051
232.188000 -146.522637
-32.221000 -337.446184
-83.393000 -267.550333

48.188000 -294.729195
104.225000 -328.560015
5.022000 -658.336327
-109.915000 -637.241670

473.939000 -424.421612
522.168000 -521.909886
320.693000 -686.968660
232.419000 -682.892043

-313.700000 -185.092412
-140.934000 -205.361161
-93.237000 -474.610662
-406.937000 -465.567812

-136.526000 50.641774
-77.401000 11.625858
-244.780000 -188.269023
-277.763000 -160.269091

308.358000 585.932675
374.215000 508.114275
311.123000 363.427811
251.501000 286.049377

180.642000 -326.005039
306.996000 -375.339984
194.566000 -691.568058
115.918000 -679.652188

309.863000 -117.339191
350.641000 -153.366725
305.137000 -316.957304
258.879000 -326.999934

409.366000 673.999576
447.728000 669.180097
414.898000 358.110122
346.188000 371.021889

306.879000 -162.909356
338.071000 -195.733201
250.249000 -403.804315
206.725000 -404.616894

604.284000 702.784608
638.734000 677.007582
596.533000 487.725978
457.397000 451.471478

635.174000 637.584236
684.410000 577.458263
516.530000 455.110188
481.673000 421.109610

-698.331000 604.889546
-454.625000 591.426077
-641.661000 288.321535
-765.311000 437.194330

-490.162000 679.889830
-455.249000 658.049794
-443.342000 463.545273
-676.003000 453.270686

475.885000 541.075720
511.748000 502.089543
429.196000 341.801730
398.393000 269.431447

261.425000 145.941911
306.044000 133.841286
214.365000 -46.087797
177.657000 -85.204594

-94.937000 184.771652
84.814000 111.912850
-61.885000 -190.955198
-243.037000 -154.173262

-287.811000 -279.427432
-254.196000 -363.592627
-339.230000 -557.115834
-401.128000 -584.873728

293.790000 -330.961063
422.485000 -369.875754
250.417000 -664.667975
190.955000 -626.600599

3.963000 135.934504
107.095000 19.299144
56.820000 -145.481515
-126.707000 -173.395932

-369.955000 -129.784110
-310.682000 -217.337993
-565.593000 -390.554994
-610.835000 -416.531285

-11.518000 349.256074
152.905000 346.279126
170.829000 63.625716
-33.555000 62.667385

-528.704000 212.983334
-412.684000 116.998759
-449.564000 -68.291785
-670.844000 -164.879035

-531.791000 -50.755981
-483.319000 -72.517252
-515.666000 -292.675324
-630.783000 -276.852491

-274.419000 128.956502
-188.078000 113.254308
-208.312000 -109.048949
-247.838000 -116.930133

211.147000 212.095837
267.370000 256.458957
252.318000 -49.995580
201.610000 -1.635619

-16.938000 -16.090203
25.463000 -73.137699
-100.668000 -287.234884
-213.013000 -320.601329

431.378000 734.030444
663.982000 656.656582
344.077000 427.312433
312.516000 485.496317

402.423000 -242.365688
493.845000 -260.676894
433.360000 -522.541632
281.494000 -393.792538

510.935000 456.091571
633.769000 454.394553
464.454000 137.959047
410.570000 111.308255

-354.283000 -97.646916
-258.211000 -194.496005
-290.583000 -355.598393
-376.329000 -404.628879

-480.684000 -340.447985
-424.395000 -360.385731
-504.805000 -577.196540
-564.083000 -552.914190

266.488000 586.810452
393.142000 501.529384
157.794000 331.012290
116.682000 398.384894

335.239000 709.453501
463.098000 717.662311
330.970000 444.964207
299.948000 469.094597

189.533000 -388.283416
228.437000 -463.634569
68.948000 -580.807926
26.028000 -646.067045

148.846000 258.204044
363.377000 141.938138
332.963000 -17.582055
290.192000 -55.939617

160.885000 347.484178
296.842000 308.365989
320.789000 59.671155
177.931000 -83.895922

-82.097000 -20.602959
19.159000 -36.493714
-106.624000 -277.104676
-150.915000 -305.265881

-457.780000 147.535736
-289.801000 150.348163
-454.750000 -65.927927
-499.557000 -80.172150

15.280000 184.716205
249.727000 178.645317
100.447000 -64.099363
27.287000 -92.044811

387.827000 -167.886631
444.299000 -211.506981
361.116000 -451.068814
272.717000 -543.833315

-170.773000 -174.712608
-17.882000 -140.936831
45.686000 -367.002741
-57.501000 -510.619400

380.068000 585.899058
486.376000 595.093217
470.054000 377.474339
360.536000 325.829706

140.953000 41.397793
205.519000 60.970619
176.575000 -151.717331
103.084000 -138.997475

-300.383000 653.271467
-249.183000 610.825408
-381.399000 464.060618
-416.654000 491.698849

-54.531000 116.768733
131.966000 136.243165
174.971000 -188.421890
-29.833000 -284.627360

-93.243000 123.289409
-60.782000 123.291599
-102.687000 -246.217746
-249.380000 -131.865124

228.116000 -409.037639
336.598000 -473.293846
280.555000 -654.424405
134.420000 -629.849135

-328.920000 -431.176576
-296.582000 -454.849946
-454.063000 -679.353245
-508.544000 -632.744346

-669.054000 161.105248
-596.630000 183.998450
-638.477000 -64.746447
-684.987000 -86.007140

-494.710000 647.189463
-371.599000 676.600658
-436.065000 322.984184
-496.998000 350.380855

-25.816000 -207.031224
35.968000 -221.519891
-68.271000 -452.657223
-136.041000 -391.885510

-296.273000 44.013290
-265.774000 -32.730785
-508.785000 -167.129945
-545.759000 -183.224361

-309.490000 355.072435
-130.389000 314.710905
-325.876000 129.944796
-356.556000 163.699776

218.373000 66.331605
256.482000 31.649148
137.278000 -120.264358
72.459000 -50.337641

64.650000 -134.424311
102.571000 -219.397455
-163.092000 -368.546225
-213.304000 -299.257048

-108.743000 -390.911684
-50.706000 -425.630323
-160.399000 -606.815086
-199.731000 -683.445154

-276.034000 574.002370
-205.182000 615.315094
-275.626000 403.534123
-307.974000 486.410150

259.971000 648.614207
464.977000 711.713757
527.049000 409.697160
456.972000 277.666280

26.489000 506.943033
129.211000 410.544227
-108.345000 249.339800
-158.038000 333.438157

499.082000 735.967466
556.660000 722.801974
532.188000 448.555917
487.048000 444.274705

11.454000 644.391024
221.063000 529.128359
86.573000 344.109575
29.669000 297.782493

-427.980000 -75.678470
-360.213000 -116.557564
-539.764000 -330.915164
-593.124000 -320.639144

-413.346000 461.866315
-347.238000 380.553627
-658.600000 173.937742
-692.832000 129.834937

216.733000 620.984048
360.579000 599.769796
260.771000 387.707691
175.445000 435.747678

-329.106000 36.451672
-248.779000 67.952832
-232.416000 -150.242630
-329.050000 -185.506672

327.412000 -375.921872
363.687000 -401.622533
340.589000 -557.397924
246.690000 -563.260302

-138.133000 -234.072002
45.933000 -378.633589
-45.053000 -577.481542
-256.122000 -552.388231

181.844000 -85.038033
214.062000 -119.724651
183.902000 -257.533306
40.133000 -301.483023

11.398000 622.076914
202.533000 558.571079
134.706000 301.659827
80.406000 286.882990

486.987000 205.467141
597.069000 236.481614
459.387000 -36.150822
426.725000 22.104365

-26.238000 -433.156634
7.660000 -498.495589
-119.580000 -630.195375
-183.672000 -600.806016

-573.347000 -405.344257
-419.380000 -558.808235
-455.025000 -672.909909
-552.423000 -806.950280

-131.314000 591.187303
-93.469000 556.957440
-136.207000 355.973612
-250.487000 295.936981

366.399000 -126.248247
470.262000 -153.171970
432.590000 -366.520602
338.884000 -363.070831

51.102000 -187.363640
113.086000 -219.675704
-35.231000 -538.538099
-137.303000 -478.935941

355.293000 415.202108
392.559000 414.493353
296.082000 125.308094
227.848000 201.565121

-243.709000 293.373573
-209.151000 235.514808
-304.855000 70.726897
-391.749000 -13.649693

525.673000 -381.040607
582.277000 -474.828033
379.967000 -673.638293
337.464000 -657.437962

-354.588000 251.223656
-271.147000 132.611922
-510.447000 -41.863958
-576.469000 19.152306

280.841000 -99.056019
387.796000 -242.144110
213.485000 -460.520856
89.935000 -425.873160

370.456000 157.572188
459.730000 51.468749
413.076000 -116.398996
149.539000 -72.634162

-201.594000 -74.691505
-158.900000 -94.325087
-209.433000 -294.767931
-270.587000 -286.742394

361.302000 737.726892
437.950000 742.175926
380.606000 346.322979
212.051000 468.523296

