150
296.858000 377.820651
371.765000 367.888821
300.236000 181.372781
244.375000 137.382979

-442.377000 569.630040
-410.859000 559.852131
-520.131000 195.643952
-576.680000 216.551637

-511.294000 89.941892
-422.098000 29.315434
-698.931000 -209.705602
-733.117000 -226.288826

242.026000 675.434077
397.309000 571.149162
346.240000 409.202452
218.146000 286.629703

-178.120000 -233.360466
-143.416000 -332.269448
-359.104000 -538.854639
-406.518000 -527.565834

463.444000 230.056397
559.640000 244.857446
405.322000 -71.763880
369.664000 -111.336745

-438.469000 62.917301
-394.282000 56.194053
-496.457000 -299.407055
-557.470000 -268.114883

199.029000 108.454807
253.600000 38.313068
226.510000 -125.092843
13.631000 -211.345749

-134.445000 -312.511220
-63.451000 -355.931622
-59.155000 -615.712630
-185.326000 -672.840769

-129.723000 -374.066659
-75.309000 -387.190185
-98.536000 -578.308169
-222.148000 -570.642932

-146.997000 -41.137409
-65.786000 -121.041555
-210.978000 -286.519474
-252.798000 -270.014014

-311.980000 208.690230
-279.308000 221.502266
-246.833000 4.382638
-324.239000 27.724633

427.438000 4.770093
551.742000 -53.051173
371.753000 -222.522568
336.709000 -184.413192

-11.501000 581.940007
21.217000 505.968999
-147.052000 320.200231
-250.044000 364.045644

-147.264000 123.265629
-111.172000 69.411271
-401.202000 -98.717200
-433.384000 -85.620340

-39.579000 383.983965
66.703000 412.189160
37.715000 196.000369
-2.720000 203.814475

484.860000 -3.322916
572.295000 -5.059033
437.842000 -238.867378
404.682000 -197.647018

-152.468000 -240.545400
-29.514000 -330.635476
-185.479000 -630.537800
-307.069000 -598.906875

2.457000 -288.378833
58.827000 -334.175029
-109.657000 -536.173335
-157.150000 -570.252406

116.548000 -148.080325
284.091000 -155.578713
237.829000 -330.292822
100.995000 -283.680499

-120.747000 397.776490
-35.624000 278.753565
-181.304000 80.390144
-287.938000 101.739903

-36.155000 -425.571503
191.882000 -466.154767
94.702000 -678.316361
4.131000 -670.130229

-312.571000 -46.921307
-281.037000 -110.085467
-327.251000 -258.365087
-439.856000 -297.682217

14.685000 153.571381
162.084000 105.331192
135.663000 -122.916133
53.638000 -240.856872

-202.497000 623.076079
-86.618000 628.966442
-42.065000 264.298861
-158.130000 147.362572

-560.450000 306.921806
-484.625000 289.407663
-628.007000 -76.986983
-710.457000 -23.944672

-506.130000 -226.454208
-435.948000 -253.772727
-688.839000 -507.644126
-718.625000 -418.709371

-139.255000 -83.023226
-108.883000 -82.590426
-92.230000 -370.932666
-219.072000 -427.055155

155.779000 139.833109
285.481000 30.997115
216.713000 -212.416310
167.484000 -236.434132

-328.371000 681.197420
-286.840000 699.108556
-262.086000 491.115051
-330.432000 453.325742

597.804000 265.188276
719.604000 153.337597
619.590000 -96.922107
527.302000 -113.583989

202.458000 188.438879
297.816000 195.534552
246.219000 -107.289015
134.060000 -41.190805

395.449000 -213.830265
517.136000 -206.661441
601.727000 -528.794135
356.064000 -548.707383

-384.606000 602.700989
-353.420000 609.489543
-261.514000 382.471091
-454.201000 320.396951

-58.567000 -408.543865
-17.880000 -430.344702
-77.351000 -714.978039
-173.955000 -706.934066

242.260000 368.711475
299.957000 382.960958
299.666000 159.031735
186.757000 251.239409

35.594000 503.745554
172.192000 429.718785
92.980000 154.849236
-46.426000 157.122110

-193.364000 -7.143449
-100.454000 -159.735541
-418.315000 -321.935492
-463.659000 -267.084131

15.894000 381.854744
85.209000 429.747267
250.860000 143.196971
167.200000 105.752113

376.583000 -276.903582
433.309000 -258.064281
473.086000 -463.668453
391.912000 -559.932644

-628.786000 39.929209
-496.269000 46.399713
-587.664000 -275.794002
-641.158000 -255.224821

-453.169000 -237.987702
-397.241000 -296.038328
-469.031000 -450.128571
-562.477000 -437.636083

-519.564000 297.262457
-355.321000 262.343178
-407.520000 38.535869
-503.021000 34.407149

-471.092000 -218.543737
-201.474000 -386.377103
-273.165000 -551.923970
-556.123000 -514.437192

-600.990000 432.587323
-451.575000 466.148121
-443.347000 174.648500
-491.871000 165.085435

-247.148000 528.802870
-101.909000 493.205176
-298.172000 310.730815
-329.388000 269.626553

-24.071000 -311.457814
83.611000 -369.150282
53.199000 -510.347577
-73.988000 -573.394003

-277.493000 -400.009085
-213.922000 -418.276741
-301.996000 -647.866529
-360.673000 -681.628331

534.636000 333.938554
600.943000 321.084710
535.557000 24.038244
478.436000 -61.677966

7.098000 -472.671137
62.098000 -523.386305
-2.422000 -664.440289
-76.730000 -737.010376

-223.843000 307.464283
-141.934000 281.962037
-138.658000 116.924313
-287.621000 46.181027

-397.969000 587.990307
-301.616000 564.328275
-467.113000 201.069689
-563.339000 278.466174

-285.106000 -422.333083
-209.595000 -504.290054
-248.145000 -710.082739
-335.646000 -756.889713

-386.210000 413.786344
-333.325000 396.016078
-435.192000 206.582521
-470.732000 231.021762

445.290000 -260.109907
615.889000 -296.856236
493.529000 -529.359585
448.566000 -612.419734

211.692000 -23.184644
304.450000 -43.155169
146.002000 -381.736123
109.894000 -361.147837

-504.674000 -168.013547
-447.354000 -224.441288
-488.353000 -443.008263
-645.296000 -561.162609

348.608000 205.813291
387.111000 135.020260
303.598000 13.233835
167.358000 103.690123

365.074000 -372.993795
399.135000 -427.831151
285.223000 -568.850911
245.894000 -630.515603

614.261000 78.391044
681.587000 29.094213
605.913000 -127.935569
516.335000 -97.825048

139.076000 -253.317686
219.299000 -350.039267
-19.161000 -571.589224
-73.952000 -614.771439

-489.218000 -230.992757
-413.182000 -234.426491
-395.649000 -434.534061
-545.633000 -458.810794

138.720000 -11.013825
169.864000 -16.171922
167.979000 -220.417291
107.667000 -220.900802

481.108000 568.588146
542.578000 557.241363
577.034000 367.785945
399.712000 289.661929

-263.036000 -78.050881
-76.566000 -55.394373
-37.391000 -326.895690
-150.058000 -465.974238

384.722000 -289.058486
416.770000 -354.862699
365.135000 -471.463017
237.980000 -543.911499

-494.014000 -326.417183
-354.661000 -357.789725
-398.884000 -526.856657
-475.530000 -531.126336

21.543000 -78.198890
123.064000 -141.497573
114.706000 -311.872271
-101.572000 -385.998469

-560.557000 -62.649135
-448.804000 -123.022155
-643.106000 -368.885478
-706.053000 -316.520646

50.577000 717.509527
126.519000 647.356979
-87.227000 452.257630
-122.083000 482.792396

553.052000 -332.012958
622.192000 -367.137415
443.255000 -563.818178
408.277000 -516.595814

456.387000 -308.609623
536.261000 -405.761251
306.869000 -596.043725
231.635000 -514.722379

-78.143000 217.999874
61.558000 167.310914
-109.201000 -10.207405
-160.562000 51.665949

515.233000 375.514413
579.833000 295.792893
404.569000 124.012412
319.926000 203.608848

177.388000 378.695539
247.725000 409.213871
353.822000 187.974350
145.852000 149.607859

169.896000 -358.499885
240.495000 -390.284575
98.066000 -579.215692
44.196000 -508.321583

448.613000 536.389004
513.803000 434.089024
397.441000 256.559677
365.906000 178.111838

-288.234000 107.845261
-253.879000 102.172653
-314.218000 -186.746954
-439.160000 -73.494692

-45.002000 247.335483
-14.956000 183.472281
-124.138000 -22.769818
-346.702000 70.230458

559.441000 485.999117
734.284000 339.888304
630.624000 146.700121
491.010000 95.998835

41.174000 -120.769996
126.967000 -70.507035
231.832000 -339.704370
156.693000 -431.975330

100.813000 -24.362969
142.041000 -93.909141
37.089000 -211.982441
-53.381000 -207.767676

416.245000 480.848060
511.147000 356.974116
274.611000 219.085429
238.950000 255.217149

-297.041000 575.600424
-255.859000 473.236066
-570.118000 303.453208
-604.864000 246.490635

249.053000 659.478463
291.446000 675.039587
411.985000 411.005382
204.875000 367.640564

587.580000 238.706735
656.227000 164.649487
454.234000 -16.519711
384.174000 71.746350

-472.384000 435.768742
-422.675000 428.148057
-435.875000 203.650823
-571.120000 266.400140

343.911000 491.301406
392.183000 460.807409
379.216000 289.434279
324.344000 266.157178

-556.672000 614.055977
-441.874000 590.717938
-441.715000 341.390736
-496.326000 318.148366

-103.347000 613.109600
121.876000 517.292643
31.646000 273.366622
-49.738000 257.089980

-312.594000 -109.487229
-270.975000 -167.369147
-422.257000 -430.151792
-576.045000 -371.837526

154.172000 191.799935
285.495000 116.815821
238.753000 -113.873615
193.074000 -135.228083

299.610000 -76.293387
524.473000 -204.338806
421.739000 -406.021449
277.136000 -452.810118

-268.258000 -60.261204
-227.887000 -57.360573
-343.350000 -294.212276
-379.288000 -267.202150

148.721000 533.485967
253.733000 491.179583
204.609000 294.301957
151.893000 187.265298

-240.861000 339.910560
-194.717000 289.780721
-231.059000 103.301035
-450.795000 145.354023

-270.302000 -343.012167
-121.294000 -339.807057
-175.616000 -535.480897
-206.267000 -536.326191

143.100000 708.804721
244.407000 664.274306
100.308000 475.578704
59.666000 505.001412

-225.028000 477.999996
-140.639000 436.181163
-193.702000 270.725940
-314.748000 315.597017

93.447000 161.237701
167.261000 114.433812
99.666000 -40.277517
-9.892000 -67.288706

-380.118000 538.392620
-332.171000 494.782835
-518.419000 274.645274
-577.479000 325.609733

189.747000 512.076636
224.854000 489.975898
43.042000 274.424873
3.588000 238.022020

-172.349000 590.082421
-99.684000 629.706872
-167.956000 401.484809
-207.813000 420.203735

-133.572000 221.780440
77.750000 93.656645
-47.829000 -63.039734
-104.655000 -113.402360

595.514000 214.201414
660.928000 137.051695
574.441000 1.271237
458.342000 49.581932

519.209000 -332.128584
623.804000 -356.521205
505.197000 -641.534892
387.478000 -592.633256

-228.774000 474.815458
-165.606000 446.221158
-182.234000 107.558396
-412.761000 135.574344

366.213000 -7.654493
464.983000 -34.584960
399.573000 -203.783745
331.525000 -182.872203

-231.228000 88.563780
-193.679000 67.601863
-222.421000 -135.164598
-294.994000 -216.368224

99.205000 151.461482
269.356000 88.685237
129.620000 -85.618832
94.288000 -161.952589

-263.180000 484.999919
-106.578000 409.016901
-95.140000 179.116791
-280.579000 87.777956

-270.040000 755.388661
-168.249000 682.858897
-216.906000 440.405511
-289.868000 341.671853

322.146000 242.720610
402.536000 180.418691
245.767000 -58.778509
147.916000 -76.547136

-432.967000 146.662704
-391.434000 52.553512
-547.941000 -112.971915
-613.988000 -96.683172

18.414000 242.800561
89.324000 245.719063
-70.587000 -47.380156
-103.477000 5.606449

-25.438000 521.994426
187.160000 522.308294
-22.428000 330.703295
-58.553000 320.751949

-251.809000 60.976918
-157.711000 -3.700783
-197.329000 -130.203198
-346.643000 -90.257534

-431.154000 92.871523
-212.359000 58.093672
-265.719000 -170.716720
-424.583000 -236.428333

-318.655000 553.725619
-252.523000 425.863278
-374.367000 238.629376
-459.699000 137.532585

189.216000 -362.271394
365.406000 -454.181545
163.340000 -569.027809
124.931000 -511.890780

-373.352000 -181.704201
-332.802000 -178.170527
-231.126000 -436.068148
-319.323000 -480.587057

-515.120000 -392.132923
-410.971000 -341.087037
-319.493000 -595.607899
-424.306000 -709.815093

-447.619000 -69.718377
-342.628000 -74.962138
-350.008000 -308.493949
-486.043000 -359.998393

58.932000 390.696333
287.559000 360.550811
131.195000 98.205402
70.212000 121.474670

-135.122000 -263.239170
-85.477000 -288.077442
-167.855000 -476.453101
-206.572000 -535.951117

170.671000 407.502078
210.715000 444.021016
170.027000 207.325704
138.067000 281.123959

-617.252000 71.286274
-287.142000 -15.587557
-519.439000 -211.911646
-551.217000 -199.491177

-546.461000 392.476374
-361.715000 402.816041
-439.575000 114.175674
-474.310000 116.393519

570.818000 88.903355
627.513000 50.637495
524.270000 -107.634715
473.356000 -177.170145

-476.295000 120.531238
-285.265000 37.186523
-363.377000 -208.759736
-493.925000 -268.482762

-299.794000 334.703016
-171.836000 211.424375
-300.403000 -0.840596
-428.113000 20.495231

468.894000 123.954429
566.497000 98.634930
594.803000 -200.244494
397.522000 -295.902550

155.479000 666.346011
193.200000 678.686229
183.243000 395.477984
121.076000 429.061278

423.836000 692.696003
514.187000 705.295480
385.578000 476.418068
353.887000 533.600423

81.943000 454.869660
118.558000 443.033278
138.611000 256.416845
-12.151000 261.382470

-611.555000 439.512920
-565.677000 471.706060
-569.860000 220.182131
-622.735000 264.010558

-143.080000 -165.848022
102.556000 -146.978509
14.715000 -470.314084
-131.282000 -425.700687

372.670000 -461.565043
461.284000 -464.370505
484.713000 -633.260551
331.283000 -680.038860

390.146000 255.697742
567.147000 269.873937
416.393000 17.619949
373.954000 53.250284

-255.722000 187.808215
-62.363000 124.298185
-294.127000 -158.985360
-344.058000 -207.285699

-563.593000 587.908509
-455.877000 554.156454
-674.165000 291.514173
-707.567000 334.110239

-71.579000 -154.713133
-11.417000 -213.732298
-146.106000 -476.518824
-280.025000 -427.620182

-511.092000 513.195857
-329.625000 572.647283
-484.669000 217.254363
-536.059000 273.651384

-447.958000 -213.708372
-389.194000 -229.084171
-327.638000 -515.537981
-517.820000 -657.860311

412.175000 621.031624
560.267000 613.931953
395.220000 278.320330
297.768000 316.145951

-591.476000 509.822525
-539.085000 494.541967
-575.794000 272.072507
-675.399000 298.297248

-335.817000 -387.027092
-158.060000 -526.780127
-263.855000 -745.237347
-364.444000 -759.260905

-31.815000 325.018776
29.190000 341.997289
23.844000 100.156698
-49.053000 49.394197

-380.326000 -20.373621
-338.465000 -43.672290
-410.080000 -393.015794
-551.462000 -372.050459

-496.806000 226.885897
-437.091000 200.014523
-457.779000 -132.167062
-735.487000 8.956437

