150
259.274000 213.979242
414.599000 128.565727
293.721000 -141.166904
100.110000 -118.371643

-246.275000 697.391763
-113.274000 726.371194
-73.886000 469.878318
-134.443000 355.209176

-5.767000 536.678791
57.724000 562.691047
30.202000 346.930960
-13.279000 280.309330

-414.144000 -334.360372
-379.670000 -415.076958
-494.532000 -570.974071
-540.001000 -624.114427

-148.290000 181.514797
-67.616000 124.011347
-315.827000 -135.112943
-378.731000 -124.868018

313.846000 493.612993
439.880000 396.994557
303.868000 293.088249
271.274000 310.596407

273.666000 -236.256028
307.986000 -279.493185
255.698000 -426.988677
203.593000 -505.991240

505.690000 -226.248626
578.136000 -241.681009
422.765000 -469.867415
383.783000 -492.626463

-462.836000 -347.611414
-338.927000 -448.994260
-573.108000 -672.845399
-670.809000 -525.127086

365.690000 -48.086117
476.188000 -73.192346
359.042000 -281.944772
313.244000 -254.707003

-458.780000 617.802972
-370.271000 661.449341
-277.807000 413.923077
-329.016000 304.101054

-632.712000 350.429065
-468.938000 389.028976
-560.640000 22.366075
-680.696000 119.778761

-24.182000 -489.085273
137.955000 -503.538668
124.921000 -699.557519
22.755000 -722.505691

414.782000 469.877111
486.302000 440.696492
292.175000 161.580737
247.509000 149.280206

-289.902000 -146.651500
-133.119000 -171.564637
-254.820000 -357.136058
-303.509000 -417.748700

-566.467000 651.220351
-530.983000 658.923701
-581.924000 466.686047
-623.386000 429.939291

-512.575000 469.009262
-481.519000 445.529599
-519.357000 193.299318
-594.131000 176.031223

-205.431000 24.505722
-165.078000 7.436480
-306.071000 -278.696392
-354.175000 -304.800334

-340.546000 678.275187
-68.800000 592.648926
-320.390000 345.023234
-406.535000 330.998743

44.086000 309.642268
114.162000 328.972602
57.247000 47.692223
3.438000 24.658304

-427.096000 659.014796
-395.274000 580.564866
-533.224000 438.066592
-662.676000 562.687265

-447.866000 686.917006
-388.073000 664.760997
-431.514000 483.057820
-514.219000 450.915921

-524.591000 283.699612
-453.585000 266.987583
-454.885000 54.257521
-537.940000 -47.027420

-148.331000 21.068541
-113.949000 -7.706799
-235.254000 -288.977556
-331.646000 -322.479126

-34.929000 664.761807
35.634000 657.830619
4.319000 345.163283
-134.011000 346.568538

281.744000 617.070400
337.994000 544.363841
151.449000 387.707305
103.494000 429.830538

376.069000 535.489128
479.544000 555.433479
404.254000 239.770108
362.290000 165.338717

-268.704000 -414.046511
-157.740000 -431.063823
-180.335000 -670.804323
-258.725000 -747.348320

56.382000 319.277433
107.596000 252.068220
-43.291000 -1.401345
-162.904000 31.500336

213.593000 615.928388
321.059000 523.360494
150.129000 367.816352
94.451000 409.739521

-165.025000 75.839216
-73.097000 88.711547
-128.921000 -113.467691
-185.244000 -79.886780

249.736000 665.977605
344.118000 629.160315
356.282000 332.703606
61.948000 297.228169

249.199000 90.039994
334.852000 67.580116
245.684000 -107.271889
211.592000 -92.098264

277.467000 354.999040
400.380000 290.229415
325.974000 66.991088
170.274000 105.515474

-183.721000 -186.592284
-145.632000 -247.990457
-209.189000 -434.289263
-282.619000 -460.263610

-252.005000 537.803205
-57.041000 482.616112
-201.633000 338.045538
-271.960000 390.917446

-194.335000 266.386806
-123.188000 269.106031
-98.306000 -28.029536
-304.145000 82.646121

-544.305000 -178.520578
-368.241000 -166.928412
-372.254000 -372.190016
-540.268000 -361.550458

-414.234000 352.741648
-310.884000 349.980323
-337.265000 158.729225
-408.117000 164.261166

38.135000 114.027152
69.392000 85.205677
-31.059000 -168.720252
-146.052000 -137.697685

-556.752000 130.958019
-402.757000 164.387452
-364.694000 -135.836167
-596.711000 -165.528637

513.371000 -285.679901
621.616000 -269.173658
603.114000 -468.644878
532.919000 -459.344617

-106.778000 569.620060
-66.293000 555.804008
-108.425000 330.140627
-142.106000 330.215257

99.628000 71.371660
199.084000 93.765187
216.335000 -124.110357
81.797000 -89.333154

479.167000 208.110000
514.283000 126.846662
485.120000 -9.740372
379.981000 -150.955623

-59.680000 -71.647924
-7.653000 -71.044369
-53.274000 -359.441742
-136.995000 -316.449741

479.271000 726.571998
517.824000 726.700615
446.697000 464.376952
368.568000 549.089460

-93.139000 -36.054603
-59.044000 -50.585450
-170.134000 -242.520628
-201.835000 -217.887501

371.264000 -127.833539
636.559000 -190.491714
450.759000 -387.993699
366.587000 -336.929071

140.405000 340.945809
221.353000 299.829867
172.597000 133.094829
41.451000 185.839969

416.280000 -95.577431
488.821000 -168.420348
447.557000 -410.168436
357.087000 -516.422043

111.507000 -18.265447
146.942000 -20.695354
116.608000 -289.957693
5.041000 -226.666556

-418.109000 640.975341
-366.393000 557.247678
-521.302000 449.323129
-555.267000 474.255789

-238.361000 676.000270
-190.164000 615.655059
-389.959000 392.503196
-457.448000 367.089336

-54.058000 84.118139
-9.652000 44.187171
-12.827000 -158.195805
-50.289000 -255.745598

20.150000 -409.123450
80.451000 -412.014137
29.139000 -676.179546
-19.429000 -661.171146

-121.685000 669.631599
-72.425000 652.602147
-160.675000 398.420155
-193.123000 407.302751

113.689000 525.900770
153.892000 491.761424
-4.421000 347.116652
-41.248000 416.277324

-482.988000 635.973583
-394.396000 612.715322
-394.483000 321.233602
-435.814000 303.878581

-481.420000 397.121005
-379.984000 392.846080
-496.659000 197.113777
-537.870000 165.869937

-544.646000 -17.344557
-360.967000 -119.232331
-424.141000 -309.914032
-568.994000 -325.574513

36.015000 -168.291278
217.100000 -250.718168
187.878000 -401.276961
-10.208000 -410.581842

-425.894000 491.927981
-348.871000 410.271553
-520.070000 265.037956
-555.613000 290.696212

520.519000 678.452679
562.667000 601.748604
450.831000 394.542597
405.206000 385.361221

504.002000 478.468492
565.334000 503.329680
512.826000 283.241131
471.907000 238.926162

-443.398000 287.145448
-397.123000 245.136017
-488.390000 48.843162
-624.023000 136.497617

367.124000 682.381076
400.766000 668.101084
257.502000 479.358275
223.149000 474.851199

457.265000 585.956125
610.961000 479.845988
490.398000 270.741376
309.081000 296.078604

-20.610000 311.332716
11.154000 292.834957
13.199000 88.812420
-108.004000 64.633753

153.287000 306.282122
193.873000 262.975883
-27.435000 6.515108
-85.835000 50.540644

-480.994000 -306.767040
-360.053000 -279.337836
-429.461000 -540.259424
-467.501000 -523.236933

81.929000 249.724479
176.086000 143.042335
8.132000 -39.397408
-109.916000 0.930480

3.202000 -226.696339
192.514000 -246.720300
95.190000 -431.888643
38.569000 -420.525578

-252.669000 338.443931
-177.787000 307.654591
-219.789000 72.674962
-392.369000 151.540731

-376.494000 577.047741
-290.431000 574.647635
-311.134000 317.520153
-375.347000 320.604098

316.954000 -410.843165
349.674000 -432.841109
143.033000 -744.193525
63.697000 -748.548413

338.696000 -44.401044
381.816000 -131.316795
241.361000 -297.863240
128.624000 -339.898720

-94.438000 51.459394
-45.938000 -41.414923
-217.531000 -270.372556
-369.326000 -275.776761

-320.208000 86.069378
-272.146000 25.836226
-337.137000 -222.714963
-380.281000 -315.178179

-345.433000 12.000948
-314.517000 -16.669717
-421.851000 -186.159963
-464.007000 -265.425856

509.804000 74.432547
572.503000 -16.413452
424.563000 -134.299669
384.545000 -111.116247

410.806000 -126.511943
460.303000 -161.256107
407.241000 -340.687297
260.071000 -237.005117

538.874000 593.643514
694.648000 527.018919
583.951000 305.668071
449.097000 319.155852

-304.340000 -90.165346
-181.882000 -137.601360
-236.128000 -404.207141
-403.688000 -376.234211

-144.396000 385.954398
-76.698000 400.545565
-120.087000 171.775892
-174.923000 114.808381

-308.091000 -336.351450
-275.736000 -365.019775
-428.258000 -597.006394
-493.596000 -641.296962

-153.099000 539.464013
17.754000 467.697590
-38.931000 321.665405
-192.205000 298.739001

186.008000 -100.651111
235.065000 -90.000018
208.714000 -323.034978
118.774000 -325.384232

327.161000 623.111128
522.965000 545.122129
309.250000 336.872585
250.629000 390.031050

23.785000 -303.639848
72.332000 -383.366616
-112.443000 -557.037150
-172.125000 -522.689898

194.015000 629.285964
253.435000 538.169500
-46.099000 361.551403
-93.586000 442.377520

449.964000 677.954169
539.274000 671.061516
510.757000 343.449903
367.695000 385.165319

-284.013000 194.813821
-117.689000 129.567364
-368.754000 -58.336790
-399.269000 -76.032007

187.361000 -128.505219
262.023000 -118.376809
196.074000 -494.271502
116.423000 -447.917312

-102.091000 -45.396377
-70.934000 -66.259792
-68.437000 -295.533392
-116.358000 -324.909943

-561.895000 -33.029963
-409.173000 -17.913498
-414.823000 -268.878220
-453.573000 -379.501761

15.855000 402.575883
77.463000 373.868282
-109.699000 67.608998
-168.022000 58.890144

-519.697000 246.598801
-462.634000 226.926926
-399.834000 -31.744749
-446.217000 -78.768924

-330.785000 -380.193961
-248.230000 -331.003768
-165.685000 -633.700671
-237.497000 -700.077068

246.198000 696.498796
314.620000 661.080068
266.485000 493.568291
235.235000 414.002814

70.814000 571.501862
184.249000 569.788956
141.103000 226.734027
85.407000 230.485089

201.165000 368.811057
238.343000 301.501406
156.898000 190.783743
85.107000 143.957391

6.870000 294.563446
79.218000 338.974465
75.737000 22.113633
6.069000 -24.717603

194.931000 240.572937
238.002000 217.237915
25.975000 -71.221009
-10.859000 -85.853169

639.753000 421.664227
690.857000 367.222977
564.086000 207.107234
511.604000 232.306014

-349.422000 189.359200
-196.357000 166.028052
-312.340000 -57.920146
-344.714000 -146.665994

-116.404000 -70.671226
-40.626000 -60.568503
-146.621000 -399.256454
-213.847000 -330.834850

-426.772000 105.761394
-394.979000 72.966798
-554.173000 -201.819819
-599.134000 -242.270278

625.074000 698.728273
668.982000 673.680771
557.404000 493.755046
502.946000 538.519374

506.499000 84.275197
542.426000 58.560647
493.291000 -172.035863
427.350000 -180.006394

-102.496000 435.277413
-43.137000 394.043493
-198.827000 89.710792
-298.769000 57.875263

215.262000 -72.093766
271.502000 -43.933210
229.640000 -399.356379
148.107000 -304.013263

6.297000 -458.314413
258.427000 -515.430759
168.825000 -745.916546
-21.843000 -750.774319

370.364000 100.455645
539.762000 163.826642
469.564000 -156.555392
370.941000 -93.244128

394.374000 442.167679
466.637000 494.198448
596.496000 167.045154
413.617000 119.973498

495.238000 -52.111846
544.027000 -73.972401
473.806000 -438.932494
396.719000 -437.456466

-462.660000 -219.915323
-405.422000 -241.353697
-562.161000 -445.764646
-600.020000 -389.858328

431.636000 -416.562620
543.957000 -450.547149
343.800000 -697.635884
291.334000 -696.838223

469.830000 -250.707265
544.991000 -262.341714
567.207000 -460.864461
400.287000 -448.696786

-280.408000 -130.171859
-249.850000 -153.848776
-331.020000 -404.044375
-468.752000 -352.680951

-285.794000 650.611916
-254.309000 603.117610
-492.282000 455.829216
-526.062000 526.619749

-559.294000 -50.146497
-476.536000 -44.202843
-439.605000 -400.056332
-576.725000 -482.530127

93.564000 -5.494881
193.865000 -96.137892
62.742000 -229.169301
14.642000 -272.978797

300.333000 392.251585
334.950000 372.953235
229.449000 167.296287
153.611000 232.095985

241.429000 -225.016022
385.135000 -270.481574
242.938000 -601.134963
185.028000 -664.058531

-93.643000 -259.943712
25.469000 -363.784592
-118.239000 -572.894936
-234.525000 -527.908035

-441.368000 -420.004315
-406.187000 -446.609422
-407.910000 -647.142533
-449.215000 -675.902863

472.277000 399.759140
513.281000 322.512679
434.402000 146.793334
308.564000 132.797880

-108.479000 32.384672
-48.056000 -19.585534
-94.166000 -179.818113
-214.662000 -227.508080

-392.955000 355.339338
-359.668000 381.586173
-360.707000 137.010164
-408.431000 89.481386

354.003000 -262.136806
446.061000 -283.501980
244.381000 -576.797676
200.153000 -618.544526

-79.500000 159.444432
164.712000 98.888727
-76.858000 -85.561838
-109.669000 -127.515255

-490.354000 718.704649
-401.010000 650.768173
-554.607000 456.511090
-610.511000 486.836340

289.631000 313.732393
337.909000 287.440143
204.894000 68.228262
168.337000 34.348206

-314.305000 470.712449
-96.669000 456.595037
-188.629000 135.910049
-367.381000 135.663773

-240.982000 624.990947
-208.583000 575.682668
-316.091000 440.239713
-366.216000 359.958366

70.847000 -370.119098
117.544000 -416.521106
100.025000 -547.723223
-48.851000 -561.104027

-232.310000 -441.853977
-176.548000 -489.275501
-326.691000 -744.664907
-385.728000 -792.872964

228.460000 -265.563445
355.941000 -282.677679
283.725000 -476.938038
178.362000 -489.050154

146.141000 16.979534
179.580000 11.198228
84.245000 -189.727715
35.822000 -124.008970

-134.855000 504.603686
-20.444000 509.849032
-134.707000 263.319297
-176.037000 233.408319

-16.156000 -170.911911
22.035000 -233.827137
-93.094000 -376.994885
-135.512000 -368.608038

556.757000 596.950380
636.190000 564.695888
556.831000 385.047381
461.469000 354.914938

-33.250000 527.419622
22.415000 494.401358
-225.698000 274.069521
-255.027000 351.999020

171.822000 628.627931
261.950000 598.956315
143.604000 253.716335
111.601000 208.336749

214.592000 11.606230
319.474000 -79.049635
137.534000 -252.043941
99.220000 -309.802441

-347.611000 -476.002246
-314.947000 -548.216743
-363.231000 -666.826517
-552.761000 -641.627887

75.640000 612.315801
124.640000 551.760190
42.801000 411.202451
-46.645000 432.529807

-191.143000 -360.774636
-99.569000 -371.783508
-306.809000 -648.516178
-337.464000 -589.391601

300.182000 237.862414
459.628000 141.565099
414.949000 -61.030817
382.840000 -82.027462

