150
-218.947000 339.965856
-173.480000 295.255542
-226.936000 71.214987
-302.864000 -24.995890

-213.895000 279.876969
-177.730000 219.642996
-306.135000 40.122905
-374.689000 -15.180227

-143.052000 7.007781
-29.221000 -4.075575
-93.262000 -374.701052
-270.555000 -371.511189

-521.362000 162.727096
-490.566000 179.815765
-420.646000 -75.274547
-478.667000 -71.845732

-443.112000 527.533824
-355.719000 518.670387
-474.975000 139.034560
-509.804000 152.924780

-474.621000 -354.137625
-399.288000 -437.579004
-534.812000 -567.713122
-605.810000 -611.480510

167.213000 -68.217739
222.829000 -45.413127
229.807000 -248.976423
177.017000 -232.911988

-433.542000 52.536539
-278.536000 32.764897
-376.263000 -274.995280
-443.230000 -260.614576

-339.997000 655.272311
-307.110000 629.767012
-360.313000 461.222135
-463.775000 431.956178

-117.238000 587.070311
-55.612000 615.383398
60.972000 326.539421
-61.517000 308.021548

-328.356000 -425.335544
-149.712000 -434.479579
-308.140000 -716.690479
-387.541000 -699.840246

-410.590000 -468.505952
-204.044000 -524.702564
-223.914000 -686.526146
-302.363000 -732.726406

342.864000 -470.661528
377.095000 -522.889309
163.708000 -718.649265
94.820000 -724.223127

407.551000 648.505919
479.694000 584.906062
324.425000 439.456381
277.471000 484.673368

-239.017000 -143.290037
-184.985000 -114.705435
-123.315000 -461.874424
-194.772000 -449.796828

-260.776000 72.427321
-158.868000 4.662645
-242.794000 -208.560058
-346.328000 -198.832870

-468.757000 263.997404
-401.860000 188.193703
-499.647000 2.248871
-610.552000 20.590578

-112.948000 -132.003502
-55.359000 -143.285198
-37.232000 -428.096612
-109.283000 -447.929573

-189.692000 69.691722
21.818000 103.142226
-177.597000 -137.431470
-214.433000 -153.153148

-154.393000 -19.266922
81.874000 -49.256659
-156.657000 -199.988923
-187.442000 -123.576193

221.728000 -123.185662
289.081000 -199.420547
227.833000 -448.582428
177.604000 -474.815725

293.333000 -305.147751
357.831000 -381.546013
185.080000 -499.968656
138.703000 -477.456921

-467.531000 -95.707976
-429.650000 -119.628316
-492.411000 -304.263773
-563.073000 -288.057820

-484.455000 -412.190874
-406.805000 -373.146466
-456.247000 -721.395855
-509.076000 -734.928321

-328.843000 141.517717
-261.882000 91.852885
-439.055000 -187.589048
-557.463000 -177.851366

660.860000 366.275896
699.885000 329.077676
399.026000 103.716171
365.105000 96.646647

-483.902000 308.793795
-387.281000 216.886424
-618.113000 67.471099
-660.730000 141.701698

-164.009000 -157.494381
-129.783000 -193.729117
-187.553000 -402.755047
-316.064000 -453.951350

-436.081000 -25.759042
-403.041000 -33.925014
-501.960000 -269.979308
-537.663000 -335.269494

-228.285000 423.448893
-197.057000 348.604546
-307.738000 231.046679
-358.399000 241.321001

229.683000 545.753126
265.906000 453.306038
89.218000 244.333213
-106.311000 391.161557

-206.728000 -411.704840
-161.531000 -436.211146
-312.009000 -622.993249
-350.303000 -653.257255

-539.838000 -238.113297
-356.036000 -299.877671
-543.613000 -590.929612
-644.956000 -613.985952

-496.946000 263.104964
-422.786000 228.973334
-590.755000 -57.839052
-661.654000 -63.787073

22.752000 192.197907
189.510000 200.445523
128.069000 -180.568219
94.640000 -179.950426

13.686000 693.055847
51.589000 653.506792
12.934000 498.470273
-59.384000 384.564846

-116.546000 633.527326
-83.108000 589.802460
-259.722000 410.135080
-309.837000 449.814056

-470.951000 666.092484
-302.509000 652.456552
-394.751000 287.099643
-562.520000 315.971672

357.834000 -421.391587
399.587000 -480.870634
272.880000 -622.355904
195.029000 -629.041281

-395.377000 717.020902
-345.989000 656.349809
-578.312000 466.751772
-633.351000 441.947235

-325.354000 -313.698322
-282.030000 -416.980215
-455.649000 -570.450393
-506.505000 -553.592758

317.393000 161.195196
483.564000 92.197962
291.870000 -219.119119
183.655000 -150.765149

575.678000 307.790001
726.931000 225.436213
596.720000 -21.508971
507.661000 -3.278355

-348.455000 655.998674
-304.099000 646.605556
-401.270000 444.945232
-432.709000 390.590301

119.204000 -225.449706
251.144000 -356.203807
-14.872000 -560.262515
-61.339000 -598.563996

284.486000 521.866797
421.464000 501.967530
393.661000 164.906787
302.457000 154.752719

-254.253000 703.551405
-207.410000 657.653837
-388.278000 392.544816
-464.782000 432.805155

-385.419000 -380.894885
-307.349000 -362.042730
-232.933000 -653.061258
-362.969000 -665.089167

577.939000 -417.994186
624.212000 -485.746528
430.716000 -645.379132
393.683000 -710.828642

497.132000 607.846720
622.427000 542.095403
543.744000 284.940831
353.631000 259.345387

88.912000 259.863127
137.567000 224.572629
97.688000 32.090006
-14.923000 -46.286891

-370.928000 -230.486414
-322.831000 -235.750414
-402.656000 -468.366658
-476.267000 -466.137074

247.518000 -282.813177
285.413000 -374.179094
126.380000 -550.964952
86.763000 -546.920986

53.787000 412.955875
121.460000 393.641735
134.075000 207.974751
80.136000 181.310308

-80.106000 170.144259
-47.872000 188.800219
-54.912000 -61.686605
-104.140000 -86.111476

19.093000 223.392790
275.907000 144.973983
92.227000 -152.587577
-75.233000 -36.976007

385.966000 180.508631
442.664000 143.797695
325.860000 -43.535063
263.022000 -81.965294

472.180000 -103.712362
616.961000 -158.799028
604.636000 -317.339633
568.320000 -409.762073

441.643000 -150.648934
586.897000 -195.966016
481.012000 -475.694105
325.602000 -387.864495

396.231000 -229.359351
447.842000 -296.600643
429.796000 -478.851104
203.985000 -623.564077

-485.631000 156.523259
-414.886000 122.673496
-545.974000 -57.348899
-598.073000 -66.477858

-619.183000 -331.694293
-588.846000 -330.070661
-712.179000 -664.211231
-770.666000 -638.289380

247.844000 563.763537
301.727000 571.384368
238.920000 360.326365
206.881000 306.931819

213.167000 286.481908
321.180000 278.924878
224.246000 -42.990010
145.072000 -4.498937

152.275000 -115.290057
184.812000 -193.119545
108.877000 -315.707756
-20.589000 -297.681068

8.520000 -112.883473
57.027000 -154.607418
6.702000 -333.965342
-108.943000 -326.278298

-485.889000 609.577918
-419.956000 598.293182
-503.159000 414.951787
-538.005000 436.248322

511.652000 278.998592
574.209000 265.133593
416.453000 10.263579
383.855000 -15.456424

533.638000 115.604210
570.605000 30.546752
401.461000 -118.081590
317.256000 -136.674615

-527.306000 467.762348
-389.939000 398.730345
-467.505000 203.484885
-584.774000 220.065059

66.312000 657.167084
131.191000 548.054533
-80.056000 319.389347
-228.549000 423.773898

-538.938000 -340.198935
-400.608000 -382.894377
-437.622000 -556.703892
-536.338000 -649.711027

-63.686000 557.321943
24.823000 436.090186
-120.422000 215.453295
-260.084000 161.057132

408.809000 -354.659654
458.644000 -408.183838
432.153000 -635.475632
309.128000 -689.821361

39.295000 758.830590
122.685000 706.533484
-50.841000 410.464549
-101.022000 430.128131

85.218000 -151.841652
206.064000 -265.965506
-22.707000 -391.222366
-58.836000 -338.449824

53.232000 327.644623
102.793000 332.592115
7.888000 74.353247
-26.786000 110.382877

162.209000 267.161428
233.967000 268.103535
176.283000 -26.113146
135.626000 -64.484273

655.988000 556.328823
717.175000 512.482627
648.774000 256.953964
533.466000 260.726449

374.648000 -197.825456
422.638000 -250.382549
352.231000 -401.515842
317.193000 -470.934696

-255.288000 600.650750
-224.433000 551.031141
-449.778000 396.824472
-482.755000 386.229474

-367.329000 49.022749
-337.434000 -42.930660
-369.973000 -165.106110
-659.705000 -207.681419

-12.516000 -212.572868
44.471000 -257.314404
6.614000 -471.212878
-208.438000 -469.714460

21.242000 -272.972028
187.476000 -286.968808
59.823000 -548.027351
-13.742000 -563.920656

396.957000 83.954380
435.334000 32.796152
281.860000 -139.082007
197.896000 -148.885362

-177.890000 -25.801193
-113.887000 -15.219563
-155.119000 -311.298092
-262.609000 -217.240876

11.135000 304.265639
168.324000 138.714930
129.075000 8.901164
-78.960000 -48.082432

-220.186000 -185.141145
-146.305000 -172.035191
-33.745000 -521.308644
-272.827000 -516.165003

426.078000 -48.759077
554.864000 -42.671674
398.917000 -345.593596
363.920000 -399.733716

530.610000 58.542202
575.799000 -13.315388
431.765000 -150.572182
400.062000 -137.643672

233.996000 -125.522571
316.072000 -219.460007
159.281000 -437.998433
35.796000 -381.620285

390.945000 183.079283
461.290000 106.062829
314.806000 -61.710893
253.122000 -31.259904

-225.440000 149.601554
-119.653000 198.427206
-226.453000 -136.674836
-260.224000 -161.671185

77.058000 93.159841
140.867000 88.440924
212.960000 -249.490721
-57.535000 -214.606491

475.494000 -162.084032
555.760000 -247.559378
418.954000 -529.527278
250.693000 -488.777572

-37.201000 -253.441630
114.286000 -251.911785
96.749000 -549.802327
-83.491000 -503.390662

-148.074000 678.367847
-107.549000 642.906356
-150.118000 410.413113
-316.267000 415.692341

-167.750000 460.899698
-132.187000 398.254179
-271.336000 161.313030
-420.437000 198.195333

-330.634000 153.709629
-220.045000 131.779747
-242.850000 -196.552875
-465.240000 -214.343786

-517.425000 -152.571545
-374.720000 -157.207736
-366.564000 -325.182953
-519.245000 -336.052951

308.390000 402.937372
344.386000 403.855583
371.470000 206.066870
317.323000 197.657619

56.025000 -373.298198
110.002000 -434.031038
16.311000 -584.427381
-69.229000 -556.869277

257.185000 -109.733495
404.831000 -135.390636
209.409000 -474.808143
145.992000 -422.233394

-143.368000 -348.194018
-90.636000 -355.553379
-185.220000 -619.062548
-240.668000 -580.976394

-386.272000 392.310462
-328.422000 372.814340
-470.263000 138.390005
-503.634000 166.395346

-184.076000 603.283532
-155.914000 542.279377
-223.702000 424.707778
-318.587000 428.587821

160.970000 648.790403
239.364000 624.974356
237.436000 435.592234
55.889000 494.187995

-299.127000 501.867278
-250.815000 460.750638
-391.071000 226.821734
-467.741000 211.015126

377.279000 -370.057194
502.060000 -362.066652
518.593000 -718.428579
408.744000 -726.189602

134.985000 590.261080
172.829000 499.064188
19.894000 346.173031
-70.888000 325.676690

-559.776000 -127.080340
-443.803000 -180.686767
-468.071000 -381.282452
-692.342000 -375.071804

-516.848000 457.641768
-388.050000 387.945648
-448.490000 85.415491
-671.676000 113.130358

207.452000 -114.329256
260.523000 -112.722044
303.824000 -291.380821
248.305000 -315.377717

188.797000 689.405530
285.366000 707.458967
264.560000 326.108601
176.867000 286.807406

-250.835000 593.148753
-208.130000 571.081587
-293.453000 331.044497
-391.010000 283.948993

119.629000 471.184874
229.515000 405.646484
217.617000 190.156318
164.985000 73.271156

-44.465000 442.421237
1.535000 451.818964
30.573000 145.518507
-61.094000 100.876584

-500.328000 309.834238
-421.184000 233.138631
-451.889000 115.534740
-520.943000 -14.559403

115.890000 663.691444
216.152000 595.615094
17.139000 416.684140
-39.090000 423.235740

496.486000 360.436950
584.878000 282.013034
453.226000 50.394308
419.168000 -32.362558

150.683000 454.993955
196.434000 429.187734
-6.508000 220.439149
-37.130000 276.017283

-175.599000 359.963406
-11.853000 258.378634
-245.041000 21.773413
-344.585000 143.713644

9.452000 110.919419
161.765000 113.379602
161.590000 -61.529035
40.509000 -178.183587

395.007000 546.067755
597.738000 415.714580
516.384000 221.387004
451.135000 198.662678

400.916000 325.933002
474.603000 382.036596
720.057000 88.837116
648.933000 -70.435434

-527.977000 -270.945484
-394.011000 -226.692222
-383.023000 -535.279364
-524.553000 -557.373739

527.210000 -200.464681
687.815000 -316.359608
361.313000 -497.684457
330.832000 -430.349543

-584.951000 -295.075807
-485.315000 -359.876769
-569.249000 -500.327484
-667.180000 -545.409286

-521.519000 294.998764
-453.956000 271.942435
-557.885000 83.430527
-592.893000 104.070783

-414.662000 -218.955541
-380.727000 -305.972025
-553.071000 -527.661087
-737.569000 -444.714055

-424.233000 -25.123013
-362.724000 -85.142511
-531.449000 -287.189439
-604.672000 -232.942229

388.166000 -466.642179
668.456000 -442.289209
592.260000 -776.866688
477.118000 -773.582919

165.965000 104.480830
220.107000 29.624999
-43.643000 -155.515643
-76.221000 -202.230760

157.636000 644.602249
201.154000 605.196868
-5.088000 294.943024
-72.109000 329.965819

22.784000 123.951080
108.724000 70.647426
109.939000 -109.074521
67.857000 -232.512567

101.268000 175.693676
158.353000 170.421770
91.431000 -61.817445
60.929000 -50.154411

566.546000 577.964545
651.219000 546.850908
600.793000 216.993466
517.715000 211.332573

484.184000 222.397079
523.124000 207.964928
508.621000 -30.989895
353.564000 9.646361

121.169000 288.443534
158.270000 204.631716
-64.515000 64.483249
-103.904000 99.582840

180.803000 -440.100376
264.010000 -430.158073
324.720000 -692.186639
164.210000 -758.389218

-88.830000 -113.294319
-39.733000 -79.890566
26.743000 -369.801346
-91.309000 -322.116073

111.798000 -32.537494
191.451000 -54.113433
157.486000 -260.802128
57.634000 -338.037550

286.660000 -196.407688
330.069000 -234.211497
116.146000 -467.060012
77.873000 -519.153105

-112.976000 -399.009302
12.509000 -429.564042
-9.888000 -620.352420
-97.394000 -719.944238

87.988000 124.086211
130.729000 71.017003
17.877000 -87.886819
-20.247000 -179.636876

-79.530000 468.352522
-1.227000 522.664885
118.169000 195.871417
-48.109000 217.841040

138.284000 0.430342
208.449000 -53.418181
160.052000 -243.104420
-32.739000 -239.271007

489.172000 324.336724
589.193000 320.604199
682.191000 -0.551383
549.933000 -68.190332

-121.970000 -124.274668
-3.725000 -199.420733
-20.740000 -440.974091
-282.685000 -509.153394

405.502000 451.058920
468.670000 455.165625
436.658000 175.309819
363.899000 109.368304

