150
470.499000 -407.443186
526.518000 -407.628804
449.145000 -709.152587
369.963000 -650.120854

115.966000 -112.783999
175.757000 -120.601972
43.441000 -329.561671
6.532000 -263.132707

-258.763000 -272.490593
-195.346000 -344.839608
-310.678000 -507.978257
-402.591000 -469.728949

-319.202000 701.354033
-286.587000 704.998874
-318.120000 402.409540
-360.374000 418.293201

-597.919000 488.411626
-503.193000 475.969184
-530.198000 227.113077
-626.396000 160.768341

357.180000 136.362804
434.505000 160.870420
384.936000 -64.385257
352.623000 -44.631562

-60.245000 -43.981346
16.759000 -139.059325
-47.851000 -276.042036
-108.063000 -372.985457

224.362000 662.883296
259.186000 652.665011
270.564000 376.768369
150.594000 366.859175

-80.240000 72.554417
123.678000 5.786978
-77.046000 -111.389710
-114.075000 -142.715307

50.932000 -113.843446
202.480000 -174.405257
22.576000 -399.573028
-54.382000 -421.644415

213.243000 379.930466
267.202000 400.550454
306.683000 191.199613
233.365000 196.301552

-552.980000 -298.928955
-416.287000 -316.901334
-448.857000 -580.270530
-564.481000 -665.367608

60.138000 124.013944
186.581000 15.179228
-112.826000 -157.346263
-147.913000 -84.599820

-466.677000 -232.067120
-402.468000 -284.262985
-708.989000 -541.157622
-743.620000 -542.466204

452.599000 521.328659
584.697000 509.240159
511.587000 244.073076
371.888000 338.192898

-342.182000 229.966059
-270.965000 203.597013
-258.184000 34.565428
-297.463000 6.092406

379.995000 479.174010
412.170000 407.609966
340.662000 277.110321
303.166000 265.431726

46.390000 604.380310
135.005000 670.628497
176.631000 324.664742
68.967000 373.365320

53.999000 271.750427
99.518000 202.939310
-88.464000 73.706667
-122.759000 48.827810

-367.623000 -186.830093
-261.332000 -238.594753
-344.870000 -560.573138
-379.653000 -566.460399

-224.470000 -270.074130
-169.035000 -298.496176
-195.352000 -584.230910
-395.749000 -550.612427

-16.261000 384.703689
33.723000 343.050289
-242.436000 124.916401
-276.509000 108.139359

-238.037000 522.687495
-183.084000 473.760860
-313.046000 286.142840
-408.225000 281.406289

-386.845000 -386.019921
-346.507000 -368.195184
-261.123000 -590.120183
-434.390000 -597.941583

-607.560000 -240.509408
-379.550000 -273.409175
-622.201000 -474.224923
-660.876000 -407.562376

310.016000 -42.555107
343.178000 -91.837437
123.597000 -266.130742
83.756000 -280.677431

-425.577000 -210.398588
-368.764000 -267.642983
-439.104000 -498.884270
-545.677000 -511.072333

-236.288000 -385.348340
-162.254000 -403.245778
-205.888000 -631.189539
-329.476000 -634.818833

102.468000 251.632234
184.614000 124.918189
7.400000 -70.939185
-148.287000 35.294183

-157.363000 441.535495
-98.627000 423.920447
-184.842000 150.862028
-268.343000 189.009494

645.689000 -320.460562
679.898000 -383.827472
512.061000 -482.287480
478.415000 -507.757809

-11.467000 180.898303
24.771000 160.860470
-138.798000 -27.904913
-174.515000 33.689511

-289.913000 135.996139
-248.336000 129.931219
-329.840000 -164.988021
-432.060000 -135.254337

593.287000 672.046355
632.636000 641.087611
599.793000 479.229302
547.358000 466.001908

-473.592000 317.297059
-423.829000 236.550724
-723.009000 69.367543
-766.357000 77.613316

-75.169000 -45.080500
-42.972000 -49.807535
-3.304000 -313.055774
-54.124000 -394.672466

64.500000 424.651881
261.419000 376.331956
145.208000 174.064640
65.323000 138.798460

99.016000 -320.144138
187.858000 -331.322686
160.630000 -700.674861
-50.040000 -694.298403

208.280000 -70.578926
346.359000 -50.237386
203.788000 -314.064662
167.081000 -272.899008

-60.897000 47.650728
-9.099000 84.924498
-23.683000 -189.550431
-90.439000 -193.046885

439.835000 491.164639
475.128000 416.915482
430.044000 303.751427
382.125000 222.632726

212.050000 373.732528
246.977000 326.058900
28.729000 149.456812
-2.626000 181.211297

554.521000 -30.045465
623.697000 -78.809072
589.633000 -308.266870
469.535000 -409.606718

464.621000 552.797127
588.114000 535.195695
382.042000 201.218790
303.231000 296.462671

-216.582000 425.817320
-94.029000 340.785061
-152.175000 130.715851
-280.148000 113.211333

492.008000 -399.069570
524.545000 -449.601327
385.817000 -656.973894
318.913000 -730.829084

103.486000 125.966874
134.795000 125.928935
194.041000 -79.765519
66.690000 -94.654976

121.653000 -311.611875
156.170000 -348.818954
28.997000 -488.080215
-10.136000 -458.408056

-281.930000 -10.675581
-230.036000 -74.626467
-394.075000 -251.176224
-473.510000 -185.541026

469.360000 -331.078169
500.268000 -382.741460
282.894000 -528.601799
237.946000 -521.153740

-104.731000 153.182852
40.328000 139.482298
-126.267000 -75.529562
-167.505000 -22.722070

-164.414000 424.517645
25.411000 330.120358
-186.404000 228.638147
-220.219000 287.488461

-34.341000 427.554998
-3.863000 366.974347
-149.928000 230.569628
-234.949000 311.698026

-654.593000 -392.695655
-565.018000 -359.363858
-477.032000 -674.205691
-646.911000 -755.767958

-63.714000 -15.445021
-15.581000 -83.530138
-137.610000 -213.715078
-194.942000 -275.718363

-493.257000 -149.539891
-349.199000 -180.615432
-470.164000 -488.238796
-589.706000 -493.678198

512.276000 305.584270
562.740000 272.680801
551.259000 123.755431
483.359000 98.008712

430.853000 748.033004
483.757000 725.906472
289.290000 462.615009
252.772000 413.347100

259.456000 467.616563
295.246000 388.190375
-4.521000 229.805187
-35.008000 269.498458

143.955000 151.028626
174.825000 151.171175
124.601000 -109.202616
36.994000 -103.581854

202.102000 228.536506
233.048000 202.697773
236.997000 -46.449238
38.912000 -192.145521

80.266000 39.294039
113.218000 -12.199885
58.939000 -152.958243
-36.878000 -235.511000

-469.556000 701.199353
-429.529000 703.109309
-359.438000 503.700133
-555.506000 486.394146

574.915000 466.652343
633.602000 377.022990
507.629000 159.493372
312.927000 239.706320

411.787000 547.898315
451.222000 523.396695
307.795000 309.777997
237.457000 303.219652

-392.548000 -105.702016
-287.532000 -86.148245
-459.719000 -370.324704
-490.276000 -284.262221

-490.958000 466.056822
-425.238000 430.286334
-538.779000 262.581797
-569.867000 209.433225

-232.215000 180.449240
-67.195000 225.544916
-170.950000 -70.692186
-260.202000 -38.710796

586.958000 -293.388106
624.164000 -345.618839
578.814000 -490.790851
395.360000 -440.848148

260.007000 260.040375
350.547000 164.261217
14.198000 -14.071416
-15.413000 -1.962935

490.876000 546.889124
591.017000 580.999999
495.483000 283.686450
459.253000 319.333588

605.340000 -177.602148
635.392000 -264.095023
533.715000 -443.237903
399.700000 -454.066016

485.099000 -227.351721
529.973000 -277.344301
389.190000 -471.213176
292.054000 -400.707772

-70.773000 -312.946680
-13.576000 -406.902601
-186.320000 -566.272982
-243.580000 -538.179052

88.756000 632.077740
271.634000 629.935336
282.555000 439.304058
74.612000 353.274888

104.603000 -43.661423
239.645000 -53.650754
252.747000 -280.749602
147.804000 -403.178749

-8.134000 -169.962997
118.050000 -175.587835
89.646000 -405.705360
-72.458000 -418.256385

114.658000 -13.526213
168.299000 -19.005782
100.796000 -300.612588
-16.537000 -251.545794

256.060000 173.620866
389.829000 106.891564
368.907000 -163.815779
139.993000 -229.389417

89.754000 -248.160637
124.942000 -248.000110
194.874000 -505.842972
42.549000 -519.265999

205.505000 480.538218
431.909000 460.030472
211.429000 175.671370
180.743000 110.341346

-670.666000 -456.198212
-593.960000 -426.185022
-517.015000 -667.738881
-625.994000 -748.061857

101.158000 -276.496100
133.258000 -271.162432
108.438000 -547.395895
74.379000 -534.668445

431.559000 -4.211684
484.034000 -51.050756
347.575000 -326.980835
292.270000 -370.768162

400.784000 -207.222811
449.890000 -204.146345
370.428000 -436.211574
331.364000 -485.767599

427.826000 -35.226192
542.657000 -2.149717
516.490000 -244.990975
396.943000 -251.518759

371.431000 599.145177
465.598000 472.769920
205.187000 255.839161
98.789000 298.714966

3.098000 -267.245877
125.298000 -237.755846
151.271000 -566.350013
89.940000 -573.637708

-556.048000 193.593205
-454.264000 151.297681
-522.688000 -11.712797
-583.660000 -2.922758

-207.852000 -32.714653
-153.615000 -78.422206
-215.009000 -274.281830
-381.942000 -204.677478

622.916000 406.607691
662.393000 356.002363
479.254000 68.354087
368.973000 38.899996

120.893000 307.013857
234.348000 197.561684
-7.974000 -71.413206
-82.882000 -128.473657

-254.784000 -80.313480
-202.950000 -153.217102
-387.039000 -374.796518
-501.357000 -298.922430

-526.460000 -474.533412
-489.159000 -449.113386
-429.194000 -715.997680
-524.295000 -679.481655

456.074000 -344.804146
591.390000 -346.124259
431.241000 -689.921550
399.685000 -718.392712

-628.364000 -249.337379
-591.422000 -223.434781
-460.420000 -540.083831
-529.490000 -547.108445

-396.692000 86.389315
-309.803000 19.179957
-351.458000 -106.475998
-453.944000 -197.414770

35.072000 -321.586002
69.622000 -359.933736
-101.496000 -638.711841
-183.019000 -705.604491

-424.891000 256.756756
-392.937000 269.875973
-363.328000 -10.757292
-441.593000 18.199067

84.604000 -132.517865
120.328000 -163.627552
97.385000 -440.091320
-195.991000 -369.791700

79.054000 -352.273595
141.810000 -327.874748
259.025000 -609.472722
133.464000 -636.591695

411.053000 281.006809
557.184000 248.274288
438.487000 -103.890641
383.686000 -94.055952

498.667000 -411.984237
549.045000 -441.291090
371.827000 -657.615505
325.976000 -599.339741

-288.762000 -296.225405
-254.990000 -293.012786
-233.250000 -607.204793
-299.961000 -603.047205

306.768000 641.724702
338.413000 564.852604
184.501000 411.647668
141.865000 422.656033

115.200000 690.967592
242.341000 622.304108
164.310000 383.910551
110.491000 375.007206

98.079000 135.996312
177.440000 105.096174
102.687000 -93.940881
4.081000 -43.925984

-27.349000 2.858095
92.958000 17.928051
-6.209000 -160.344694
-53.257000 -162.742999

227.252000 494.762429
278.632000 436.189510
127.313000 183.000285
60.548000 196.355329

-592.895000 483.035981
-398.199000 510.827683
-412.783000 216.095471
-521.034000 126.022132

60.599000 203.347913
152.794000 246.807543
86.983000 -1.549627
35.892000 4.875577

348.679000 432.207952
417.371000 389.555913
420.254000 177.594543
283.782000 126.180654

15.097000 -380.727753
87.725000 -422.387397
39.689000 -690.476574
-22.696000 -704.914728

372.555000 373.962356
499.255000 322.645779
459.962000 180.194888
317.981000 209.736900

28.545000 -152.693052
92.622000 -220.167039
-27.279000 -425.525493
-62.753000 -509.041235

407.544000 -123.029865
459.357000 -135.881406
465.555000 -308.348337
350.761000 -391.803062

-446.063000 -278.717288
-390.834000 -326.411159
-466.449000 -522.595901
-573.119000 -504.487729

-453.861000 363.512970
-209.581000 405.179028
-263.037000 84.270510
-427.358000 121.840465

367.329000 -233.637746
503.160000 -256.135721
386.948000 -471.113772
339.258000 -515.365123

469.645000 535.308906
549.053000 494.467424
300.010000 196.968470
249.823000 162.560154

170.670000 -313.282425
211.411000 -354.708998
71.269000 -629.969465
-46.924000 -586.975279

-63.371000 -160.346940
-32.981000 -180.375173
-23.377000 -396.671509
-68.525000 -499.080622

547.708000 -118.069796
603.903000 -128.632465
461.805000 -346.378742
423.004000 -278.000571

-5.778000 77.397183
37.390000 59.912447
-98.283000 -230.572939
-172.407000 -176.121791

157.180000 -61.890302
222.514000 -69.979684
167.117000 -342.877217
131.322000 -336.699459

-169.873000 -330.865331
-73.028000 -339.800277
-158.255000 -529.126925
-220.790000 -480.746335

17.584000 689.010877
60.408000 627.871329
-1.771000 472.322149
-59.541000 457.046026

14.908000 45.147800
128.580000 52.279541
153.448000 -137.790548
65.705000 -165.340863

627.526000 -448.757637
663.204000 -516.886630
567.261000 -659.991139
425.266000 -662.609568

451.607000 296.414835
533.882000 252.166067
411.634000 -75.916008
269.924000 -18.165248

-562.466000 -441.921866
-466.114000 -433.031681
-415.668000 -633.151398
-562.545000 -656.034961

460.836000 -390.307487
532.839000 -429.785931
415.964000 -582.888830
354.907000 -509.436135

439.146000 -450.669081
478.824000 -500.798945
402.060000 -652.460661
300.195000 -723.567646

-246.585000 -199.070780
-193.267000 -309.731628
-459.008000 -441.042287
-507.720000 -443.866080

454.046000 707.778929
515.560000 677.829991
453.609000 358.104028
376.836000 256.531142

-463.315000 -132.838805
-403.931000 -118.003334
-385.182000 -376.773129
-471.580000 -358.439049

415.680000 -448.597907
538.703000 -497.299976
383.347000 -695.859840
344.157000 -764.004692

-46.172000 601.243570
0.126000 552.540683
-27.525000 371.210045
-147.881000 334.648963

504.146000 568.111041
541.785000 550.955492
335.998000 316.603227
302.674000 310.054642

-248.453000 523.992972
-198.173000 525.928906
-171.246000 201.430042
-375.488000 258.628410

289.575000 615.444857
350.508000 586.327456
265.616000 414.890717
208.084000 443.083931

44.472000 273.271869
216.262000 264.895199
-13.068000 9.549553
-45.245000 -13.380401

36.764000 630.782511
158.614000 664.034491
146.656000 413.518216
53.318000 343.334041

493.402000 508.827667
601.909000 420.934151
436.835000 282.090442
386.639000 236.057294

17.204000 40.006429
63.929000 -24.862219
-116.111000 -282.723490
-227.495000 -287.513315

-551.042000 -138.395717
-305.952000 -223.469129
-496.770000 -375.845600
-541.047000 -446.740010

413.922000 466.391891
615.861000 344.234630
514.058000 146.488273
309.803000 215.144327

541.650000 -203.965671
625.809000 -195.133497
693.083000 -419.402661
657.619000 -445.504547

284.336000 566.222782
382.770000 552.204927
354.767000 334.721261
208.187000 399.185582

255.129000 449.567233
354.232000 362.562124
225.581000 190.074554
102.289000 222.829802

