150
202.690000 479.669896
239.022000 442.753397
154.557000 215.844589
34.408000 236.188919

-294.299000 -436.636181
-253.394000 -477.096318
-377.133000 -676.229479
-452.685000 -691.109515

73.201000 437.011690
182.236000 415.076113
180.892000 249.744127
109.962000 171.004207

21.995000 -23.717353
53.956000 -11.745787
159.485000 -374.672120
98.758000 -477.927291

-496.994000 595.747172
-457.171000 536.421273
-537.573000 375.176564
-583.648000 292.051591

-27.084000 -171.614709
67.577000 -223.794297
0.177000 -436.930015
-69.260000 -517.815106

-482.211000 584.794049
-377.384000 482.266528
-543.309000 375.048315
-586.308000 417.545937

-519.821000 344.517811
-399.726000 214.868862
-668.037000 58.583408
-712.105000 116.490957

-505.078000 100.928473
-436.569000 25.860758
-587.045000 -87.024985
-618.624000 -59.821355

446.151000 224.465298
477.498000 141.624737
359.954000 -24.635184
175.322000 60.899836

614.222000 -176.513316
669.421000 -257.261235
546.698000 -469.917945
379.176000 -410.798271

-141.210000 641.210281
-108.100000 649.674674
-168.939000 475.186625
-200.500000 462.962570

425.656000 -369.969953
500.140000 -468.113751
329.898000 -664.071708
194.910000 -549.809250

622.492000 -258.747822
693.834000 -339.892993
566.923000 -587.150484
508.606000 -589.716901

548.483000 75.097577
603.198000 85.762074
535.266000 -113.511774
500.860000 -76.191920

-358.262000 252.790554
-315.304000 247.837890
-355.726000 1.088662
-404.973000 13.145201

-568.209000 360.981143
-510.780000 365.355378
-580.392000 14.414714
-663.261000 -9.444913

-341.412000 -233.412488
-273.121000 -292.361152
-475.892000 -491.486179
-519.519000 -506.926712

345.821000 95.090102
405.420000 73.567399
382.886000 -169.463999
243.464000 -224.496608

-448.362000 176.075544
-378.109000 116.072976
-422.731000 -67.122177
-583.725000 -155.055525

256.101000 -474.401975
290.221000 -539.413714
253.640000 -647.948339
210.249000 -745.740995

471.539000 363.926369
572.444000 300.043257
558.736000 70.256649
310.492000 69.021075

-240.655000 -43.405061
-164.049000 -85.605615
-272.377000 -256.656376
-352.201000 -185.913545

-308.595000 715.763613
-192.149000 626.135181
-382.173000 411.254522
-469.063000 479.292522

139.618000 144.256206
263.006000 60.135062
223.604000 -34.797000
174.484000 -127.344994

84.165000 -50.860376
212.762000 -86.683853
86.731000 -256.128481
22.008000 -191.634802

507.640000 102.446018
539.983000 72.686410
505.553000 -97.709683
471.358000 -111.218964

390.474000 486.169559
527.820000 550.787076
554.751000 155.797307
523.617000 155.452802

-501.327000 412.940850
-467.681000 382.087164
-497.053000 239.614280
-531.684000 135.864274

-222.878000 736.790179
-152.690000 723.244046
-273.978000 453.259087
-321.415000 486.141613

-10.451000 276.344240
176.691000 258.475797
36.748000 -33.656055
-87.681000 74.993616

367.891000 -88.053488
402.983000 -111.584960
397.446000 -255.732383
279.289000 -365.591895

-572.019000 178.075056
-408.541000 115.467344
-488.191000 -201.975116
-643.819000 -190.689117

481.146000 50.321136
550.894000 -16.079498
511.311000 -249.984825
251.330000 -303.727038

487.442000 626.892648
530.001000 581.130486
461.991000 306.472092
430.538000 232.793659

-167.945000 310.289197
-116.104000 273.667613
-165.003000 90.797198
-286.943000 114.570984

-534.485000 -280.142790
-445.077000 -296.700643
-501.245000 -475.886886
-583.169000 -512.599886

-428.426000 137.540324
-397.466000 123.317883
-413.938000 -76.279874
-533.638000 -59.025542

-415.304000 456.062597
-384.542000 413.271275
-636.056000 208.863684
-689.984000 285.036830

598.955000 87.044105
645.281000 24.160463
596.646000 -86.370285
555.426000 -98.723891

514.281000 -487.084789
608.343000 -506.380327
590.247000 -677.524428
529.476000 -688.108283

-509.643000 -189.040578
-447.523000 -172.456494
-546.136000 -475.273720
-606.623000 -410.381822

-578.692000 483.848267
-445.681000 454.886660
-606.075000 249.318049
-652.016000 242.161790

-567.840000 8.206734
-485.389000 -19.921521
-632.222000 -356.905761
-728.938000 -364.804296

439.323000 -287.661424
672.066000 -302.512772
661.696000 -509.309705
571.898000 -619.321221

131.273000 39.819731
162.010000 21.491648
-45.341000 -257.987991
-95.343000 -200.230921

315.129000 306.424045
384.196000 277.950541
265.426000 56.639081
195.678000 109.243364

94.078000 655.580488
149.330000 677.477145
173.346000 374.043639
32.412000 383.966908

-44.797000 417.508957
120.079000 367.993077
70.850000 256.191245
4.204000 245.782332

72.238000 -29.898807
113.367000 -64.293058
-0.483000 -215.914808
-35.069000 -196.065886

47.681000 31.134800
101.025000 -35.775308
-189.383000 -270.938248
-240.871000 -287.359648

-282.900000 -394.991167
-240.182000 -442.273581
-364.040000 -584.863299
-417.385000 -548.472134

-528.319000 618.644268
-493.165000 633.036804
-543.582000 430.545507
-580.650000 491.202923

-9.265000 -398.464917
22.952000 -444.706974
-34.022000 -576.896293
-80.347000 -653.947145

207.070000 340.341810
291.476000 284.894275
196.087000 119.005323
148.938000 62.008455

430.395000 -476.082628
461.845000 -485.473391
450.606000 -689.077917
328.022000 -748.341128

-107.603000 -366.142152
-52.750000 -388.590133
-181.267000 -635.044888
-253.761000 -671.096012

502.763000 371.486638
730.281000 272.236361
419.797000 60.684399
378.048000 54.065781

480.338000 -123.906058
511.833000 -151.132414
287.868000 -472.107008
248.472000 -503.824501

444.170000 -321.710903
545.137000 -369.305241
573.052000 -610.230424
416.245000 -691.979596

164.840000 681.238750
208.764000 616.851779
11.694000 430.048435
-46.444000 472.587365

92.416000 -343.616534
182.151000 -417.306543
143.626000 -534.521834
27.907000 -540.744936

-525.338000 -60.659343
-443.595000 -63.083945
-566.359000 -279.670498
-597.601000 -338.158031

137.256000 242.128149
190.259000 204.410513
156.563000 -4.595375
60.615000 -21.645132

540.298000 40.663632
589.128000 21.581148
587.093000 -250.778278
509.440000 -271.993438

495.564000 -8.463121
577.204000 26.819460
559.513000 -226.635930
463.457000 -228.050960

347.020000 140.783522
468.927000 38.104679
263.270000 -209.331307
198.707000 -266.991041

109.946000 442.944466
246.809000 360.312859
40.136000 166.749817
-1.906000 202.968488

351.094000 -400.567253
605.146000 -427.324581
625.451000 -682.255241
562.518000 -800.904979

382.213000 424.799599
417.558000 403.831491
390.385000 81.162249
259.851000 64.937742

460.661000 359.200518
582.358000 409.913947
623.559000 43.449573
424.079000 87.239253

-113.055000 -13.461106
8.740000 32.995584
0.509000 -245.741178
-56.075000 -319.486860

458.423000 -382.683874
655.967000 -392.952076
495.404000 -651.686160
425.480000 -686.938054

516.202000 582.498532
563.074000 598.534234
523.800000 399.109851
484.685000 434.378666

-208.990000 -326.525674
-112.076000 -312.645038
-78.706000 -558.427151
-221.930000 -549.046976

388.331000 -375.863409
432.969000 -419.617149
366.747000 -591.455111
298.558000 -592.452707

63.369000 -34.341380
109.144000 -52.799874
68.150000 -350.455954
-116.086000 -272.878461

422.600000 -112.832263
495.545000 -75.168158
499.443000 -349.471487
408.684000 -295.245109

434.751000 -154.258486
483.155000 -146.010841
446.332000 -455.163681
390.440000 -483.329192

313.153000 -306.136610
490.735000 -261.077021
471.649000 -557.136544
414.309000 -560.876230

-110.960000 122.733012
-42.767000 63.774071
-70.963000 -119.636525
-151.120000 -224.127810

-319.077000 365.554125
-144.824000 390.179779
-203.632000 121.532120
-288.967000 73.855661

181.820000 -264.944225
237.125000 -284.615684
249.550000 -500.481387
67.117000 -485.944659

463.326000 598.332315
652.607000 476.520055
407.115000 371.765522
375.473000 430.766802

-302.895000 -147.284443
-258.224000 -175.021004
-365.327000 -339.343123
-431.666000 -348.361187

-401.013000 426.455259
-314.366000 449.932340
-263.221000 242.375403
-307.097000 223.303715

26.363000 -118.577620
292.145000 -114.264003
295.542000 -329.543594
260.819000 -362.842239

-69.563000 -68.004901
82.820000 -186.057659
-130.454000 -317.003884
-164.046000 -284.235814

-25.449000 -396.680280
40.402000 -420.031661
-15.096000 -787.319960
-116.829000 -852.105625

407.239000 78.655807
439.235000 8.397226
241.129000 -224.630741
100.778000 -149.366645

-420.935000 673.570450
-268.288000 613.123168
-288.568000 378.071218
-499.359000 312.025476

-561.945000 650.672069
-527.035000 655.943847
-635.609000 419.653335
-667.287000 496.638188

22.551000 396.021790
56.922000 353.806974
-83.508000 59.807935
-213.556000 87.769389

234.893000 678.910036
334.913000 643.619900
293.197000 399.110863
125.305000 354.286658

469.157000 -175.640431
577.209000 -130.010348
633.248000 -430.196951
569.480000 -439.707368

404.303000 613.846495
483.200000 506.990856
218.376000 347.852625
185.449000 386.136036

495.127000 -442.203276
527.667000 -468.140106
376.830000 -646.294023
333.877000 -599.601818

206.288000 602.352417
474.221000 576.092807
455.410000 404.745464
173.575000 431.490027

329.436000 546.759920
425.508000 558.380903
452.686000 352.587006
313.384000 363.238770

266.376000 304.663919
434.638000 246.454291
153.680000 -6.362444
115.187000 -26.024168

-377.646000 38.858692
-330.616000 54.237802
-227.333000 -149.727439
-262.505000 -274.152622

462.413000 448.575916
517.354000 405.184568
331.877000 221.342294
293.080000 194.679906

392.830000 516.765543
451.350000 482.167582
387.179000 209.468909
342.836000 103.002170

463.644000 -402.828352
528.498000 -427.006709
397.303000 -729.710730
305.192000 -667.922065

-218.696000 -164.592733
-130.779000 -212.377446
-179.856000 -409.338362
-264.444000 -415.553627

-133.392000 469.561558
-102.819000 404.640427
-196.759000 278.635486
-300.293000 314.249168

-285.167000 369.019287
-228.720000 294.647287
-370.049000 147.643502
-457.325000 148.773298

385.972000 -348.091699
420.259000 -343.170318
518.333000 -670.049492
273.072000 -602.506376

238.608000 353.270205
298.054000 269.779965
241.039000 94.530422
108.083000 66.057434

0.691000 -121.536197
75.209000 -104.004511
92.979000 -426.884423
-74.714000 -425.250651

-502.795000 -378.462374
-378.825000 -499.042748
-453.034000 -635.569514
-627.407000 -589.065654

268.551000 -190.919787
300.219000 -225.175749
286.150000 -391.010747
202.703000 -433.970403

570.072000 575.051932
623.918000 569.397438
583.766000 340.006453
526.847000 279.324645

458.665000 282.779389
522.663000 192.525165
448.494000 81.325018
330.565000 116.659590

-530.155000 438.606181
-478.637000 370.036014
-543.486000 228.149939
-587.963000 217.151952

-388.473000 138.021880
-347.676000 80.759566
-633.455000 -138.931183
-691.821000 -103.549769

271.227000 403.299453
323.228000 415.947887
262.272000 234.345374
225.496000 283.304527

287.217000 -305.777100
362.130000 -294.291613
336.680000 -507.948958
242.141000 -521.690438

35.344000 687.765326
122.235000 628.514600
-185.488000 389.392985
-220.767000 481.105943

-389.184000 -450.630498
-305.560000 -503.253360
-369.720000 -716.008314
-451.787000 -796.278995

111.148000 559.419422
142.744000 483.692193
-19.254000 309.219925
-78.374000 264.408653

22.148000 659.120099
69.184000 599.591452
-207.069000 376.383727
-240.691000 353.270011

263.487000 -199.394579
436.618000 -172.046286
296.439000 -448.432325
217.571000 -415.114053

-226.872000 622.882712
29.562000 573.581734
-203.239000 276.949345
-297.174000 362.595173

-320.153000 21.064804
-251.332000 -53.899758
-298.976000 -277.990786
-345.942000 -306.140755

-202.044000 714.677703
-124.686000 637.844790
-247.126000 443.220029
-314.105000 363.985942

-160.140000 436.132662
-99.781000 371.248962
-311.154000 222.582905
-342.098000 184.471204

-45.538000 -222.706801
80.635000 -208.570865
65.432000 -398.787557
-65.487000 -425.789524

576.210000 -398.719659
614.423000 -449.567096
452.259000 -563.109943
421.475000 -603.522388

542.743000 422.838081
575.229000 349.288013
456.683000 175.728727
317.603000 213.716999

292.499000 -390.202540
401.424000 -433.951737
285.004000 -667.188711
220.316000 -730.892318

-400.731000 73.382639
-302.160000 59.840381
-341.028000 -238.954273
-448.494000 -299.390344

-545.438000 -272.122096
-481.420000 -306.472468
-644.699000 -484.585594
-684.286000 -424.444973

-341.187000 211.413673
-270.454000 188.359154
-335.524000 -112.832276
-473.127000 -63.316570

305.423000 377.688046
336.215000 323.027384
269.546000 183.063191
237.193000 173.375526

-503.149000 687.630866
-411.445000 727.884256
-491.115000 420.883322
-537.462000 382.018146

-457.105000 -360.516740
-377.508000 -340.651980
-461.217000 -556.582291
-499.047000 -608.087441

513.177000 8.245367
544.002000 -35.243803
393.187000 -180.296510
361.798000 -243.515763

186.909000 -191.237565
217.841000 -249.392024
-74.465000 -480.199476
-165.244000 -430.920821

-426.010000 564.043030
-285.150000 607.668905
-285.795000 250.253397
-322.517000 249.670073

509.566000 -344.727149
542.294000 -366.457308
468.251000 -632.731168
428.338000 -634.388811

-575.599000 280.991325
-429.886000 257.960808
-645.683000 -8.492351
-687.280000 53.595500

-299.965000 54.946333
-249.405000 27.297029
-433.413000 -158.588284
-464.979000 -189.921989

-230.082000 223.618169
-141.462000 178.254204
-199.467000 -27.466632
-305.037000 -16.405514

607.061000 -102.775237
660.172000 -139.114212
525.508000 -361.811555
455.384000 -318.089299

412.251000 131.371858
457.004000 142.926049
400.466000 -54.440678
354.148000 19.294902

367.788000 -97.409419
410.076000 -137.265978
246.969000 -348.502939
170.711000 -375.437912

291.763000 -314.642738
356.596000 -322.320192
190.296000 -579.594537
159.244000 -628.537821

-528.533000 103.212392
-493.205000 139.592489
-291.985000 -131.956306
-518.519000 -179.904935

330.717000 -381.835405
385.578000 -458.120007
262.778000 -623.913497
192.858000 -669.806445

