2
65
394 741
198 552
521 996
247 867
52 91
882 952
704 787
854 856
735 879
813 933
413 758
73 868
8 284
616 769
868 933
337 380
796 914
192 222
567 739
709 855
805 896
881 986
614 878
562 951
174 585
834 916
943 998
485 939
888 891
278 389
435 474
219 956
898 924
705 862
371 795
733 937
688 998
64 763
5 381
990 999
670 785
594 657
901 931
2 30
909 909
703 804
744 915
145 609
945 945
536 679
970 975
355 635
3 995
544 903
506 929
205 234
164 184
874 987
575 833
327 678
108 550
953 959
635 881
762 926
543 988
74
895 920
293 894
520 539
470 856
289 404
977 998
883 939
647 761
967 971
33 743
897 955
206 564
586 958
297 439
764 891
930 976
658 870
791 944
240 675
479 523
69 589
120 989
410 477
382 914
539 797
764 879
296 825
148 796
610 801
460 600
383 755
554 599
10 716
778 920
754 824
762 910
919 998
729 900
79 490
477 860
963 986
653 736
592 983
381 960
265 903
609 809
13 276
457 689
830 838
24 301
654 959
894 904
610 997
182 210
859 961
941 978
784 787
450 829
862 864
151 991
902 920
748 910
822 948
820 911
187 787
14 788
598 693
447 586
957 980
499 522
723 941
839 862
823 950
21 314
