4
68
202 669
950 956
235 297
157 980
923 945
384 934
891 940
55 427
361 558
154 217
686 704
602 842
709 952
703 808
593 672
424 567
254 490
804 909
43 578
782 796
736 993
875 979
499 889
49 382
35 668
822 829
200 804
523 541
98 141
122 862
909 964
794 817
832 878
934 984
442 497
773 986
686 953
921 986
403 834
657 769
214 990
678 930
195 621
820 855
140 848
680 698
802 997
603 785
375 752
6 261
765 802
186 640
789 882
405 512
81 408
831 899
926 980
734 854
590 688
264 612
699 912
186 850
813 855
41 238
74 291
265 847
90 355
97 767
82
312 578
546 755
136 529
226 751
909 915
973 980
11 159
959 980
364 535
428 614
689 902
537 627
615 663
832 907
157 842
916 993
293 897
591 846
62 105
810 970
913 936
275 610
822 836
713 966
883 917
188 897
162 533
314 874
400 672
747 960
802 802
26 887
415 812
375 424
331 543
21 175
974 997
313 394
695 831
334 800
894 920
487 672
803 953
269 862
613 616
889 965
874 888
352 761
435 505
750 927
912 949
236 387
80 222
778 852
823 976
532 537
120 791
596 949
379 481
719 769
773 929
489 699
16 386
410 599
686 999
846 920
173 829
760 771
280 902
518 558
825 829
370 715
942 953
960 983
413 558
730 845
950 965
546 859
326 987
806 918
857 869
616 972
14
124 812
500 864
6 377
929 952
960 976
983 990
907 951
444 898
416 427
185 809
422 916
477 731
592 650
400 644
80
619 690
179 372
109 507
566 781
791 866
350 555
615 784
25 614
48 549
983 992
132 962
864 996
438 928
393 609
368 574
203 907
159 717
843 852
250 920
162 688
519 709
913 950
657 877
523 548
641 983
73 268
796 799
864 976
602 953
2 155
730 989
113 703
91 898
499 825
699 996
437 569
336 781
173 376
620 852
528 973
569 799
64 995
576 978
657 888
994 997
976 980
99 162
340 381
861 960
840 911
880 896
79 385
813 824
79 529
267 565
988 995
500 842
138 888
66 499
937 949
337 781
700 849
563 884
676 902
371 645
965 968
142 174
918 969
531 911
356 571
562 903
241 911
508 807
507 650
134 496
688 745
887 966
8 935
38 881
374 725
