6
66
783 884
830 833
677 726
811 927
851 908
337 989
540 941
358 380
250 682
313 721
981 986
712 812
570 876
823 841
231 257
50 345
459 490
669 674
704 877
603 899
545 554
854 964
932 951
356 511
998 998
139 723
278 680
793 949
876 951
177 713
191 932
546 639
514 603
363 588
623 791
608 734
772 902
685 871
63 781
352 666
325 608
766 983
125 174
284 695
368 635
333 736
825 981
803 834
304 474
288 598
840 908
496 874
306 955
575 996
775 842
981 993
46 113
956 966
162 526
288 956
724 868
794 829
619 810
819 985
573 590
36 194
64
593 892
502 674
919 995
443 775
606 957
305 466
668 985
793 800
796 850
281 943
56 313
60 347
177 595
475 794
563 737
986 995
104 279
977 979
662 729
613 640
243 660
476 659
292 544
480 781
197 404
866 892
540 968
239 524
322 647
529 887
367 615
557 914
679 961
712 849
875 912
336 886
388 785
763 870
96 773
415 519
759 762
580 717
419 631
146 146
854 988
100 802
959 960
25 185
141 543
851 916
543 987
17 394
158 712
179 966
159 831
762 988
482 907
143 770
574 874
379 556
301 355
154 420
109 623
761 822
81
796 839
955 981
990 999
621 909
539 844
275 714
237 497
705 943
533 865
513 518
36 275
913 964
157 498
474 750
414 468
700 860
187 797
727 740
847 983
331 855
475 975
165 617
684 870
820 997
219 220
908 913
54 550
577 620
911 965
22 334
71 598
899 949
887 937
927 946
442 938
43 267
462 861
474 998
587 918
89 754
504 763
621 754
382 581
471 577
417 833
858 892
310 560
701 963
434 482
571 720
652 657
632 758
325 430
296 327
161 734
361 461
296 469
867 953
795 946
388 619
757 913
2 205
23 433
251 464
962 974
378 450
272 782
576 845
363 836
658 814
56 284
9 403
298 578
827 951
872 884
984 999
109 229
541 911
101 617
110 604
485 729
23
695 922
780 847
597 996
42 909
330 848
823 907
589 908
784 808
34 548
368 621
692 896
65 538
277 905
605 814
818 894
142 608
174 966
81 754
493 502
298 625
476 560
378 907
688 978
94
888 951
377 610
86 808
264 958
937 991
164 987
219 818
302 501
118 443
91 740
323 573
269 920
26 406
95 765
23 937
156 525
474 724
864 976
633 753
211 572
698 962
915 970
102 145
88 683
346 467
18 203
97 196
262 496
420 595
232 261
61 602
96 789
5 559
461 479
585 663
471 670
867 952
374 600
660 799
456 751
656 870
289 706
544 597
471 965
730 896
105 733
243 393
111 740
591 638
70 622
602 613
139 733
778 875
60 612
226 991
567 811
388 650
732 949
982 984
431 641
549 680
219 337
40 539
960 990
322 429
708 869
474 628
674 846
190 682
900 941
170 272
595 879
533 816
165 652
35 665
475 944
582 610
501 971
328 969
215 562
342 614
82 540
718 968
396 458
686 885
295 841
321 907
786 968
480 989
606 646
601 756
458 565
102 230
562 677
73
330 381
795 891
555 760
374 821
897 963
255 699
251 440
409 565
371 720
805 846
212 699
823 852
399 959
879 969
758 844
996 997
805 893
475 737
229 666
360 822
860 891
324 834
263 891
740 959
812 969
331 835
156 782
60 324
302 361
518 728
587 607
583 745
727 735
896 995
450 850
385 990
876 990
983 994
297 387
553 884
692 813
989 998
763 775
176 478
322 944
861 945
351 566
888 985
524 640
709 782
995 995
178 255
620 621
538 704
855 866
322 986
185 972
52 171
985 990
556 679
394 806
800 861
86 912
159 780
645 880
954 975
143 420
952 957
211 438
920 950
973 974
912 993
474 671
