4
390
501162999 650535637
109666906 811482060
149936336 845970216
230045534 1325788154
1148792766 1266127831
78151235 1019383888
1123782048 1185012000
367109666 1329282125
950956408 1404165313
72967217 1388291688
1020321895 1334169415
149831437 397397115
551413674 995954538
164299347 305415056
325091698 1306528973
373417787 405847217
67564957 210260887
294226099 465460379
619319737 741188419
128807162 533110603
530127466 720394834
746570716 882345212
1263808666 1302856110
250789580 1160350186
397615389 1342273557
699165603 706260992
521541264 884742653
1272550030 1391055203
759235107 1269522877
609806401 829322816
749089009 752541901
947547727 1348968677
306935798 941310742
572258343 864370059
1144813730 1219479257
421782440 551929442
1382168285 1397990403
1347214400 1401066420
154558295 659498431
454429319 686340300
194343205 378735052
403055759 456815544
478962879 555891886
205060094 512218805
723899168 1191055527
135069268 433192199
872191667 1333407558
192348492 391397500
473512941 562356892
642836764 1032309343
75855200 838017852
1081745211 1235668035
278972848 1236792688
679739283 1157044467
390772180 899970766
290073005 497466845
1181418963 1243909654
827472058 1370383987
548678555 677052438
693878477 1167399703
538737527 547979045
316025363 922927476
649072429 968756667
898718019 955038777
487015459 1055341601
787819203 1147693267
1135716711 1271979113
690667644 705639031
1125862507 1299818016
950430657 1107432965
524696934 1303867649
7423423 526826116
922217484 1107515172
154335404 1017682398
654088261 745247211
212542650 448299845
319848113 1269607295
155733170 879464126
1087645657 1324397847
905707960 1246697999
391306356 1185479865
1256851140 1348949344
52318012 343168975
132163498 304798819
726299334 958411235
332422138 943937583
514826710 868173690
88481717 1098829458
50744389 383576202
233904857 979253990
578134838 1035857800
396491755 578003472
428505031 730448401
135032305 535392491
1121417176 1270452015
459502190 1110687915
219923572 283119651
988737516 1394788589
125213888 644319705
859669009 1310570816
1377593058 1382845340
370018061 660163760
941317507 1392862106
649231693 1063651212
843327626 921578251
669340114 1085862562
888035863 1401561789
403033074 1152047178
1280774360 1310564101
36317715 216665922
327942030 805801833
1181463597 1271659700
302468326 637324052
735496156 963675383
80444573 873986547
723643028 973466501
277728406 1148979799
650200296 1152227197
57564284 359523216
1252940116 1310173393
187193724 837266997
1155634547 1213211575
316177569 354558842
409425383 428460833
445300214 1172188010
971478727 1157828693
73891646 234039944
301608097 368396370
1236384839 1253224125
445552567 1146009020
521277076 1132823300
527382840 1040917468
361772955 1126801890
961886972 1092196101
292984480 387382945
144017151 856500342
1339231820 1340917900
534405908 775690984
139165824 478488006
486730596 1288537073
618317529 1074573039
1013965594 1315162439
846738601 1150193392
346504469 1077950717
92020287 907236293
606200784 714902907
1314619117 1371905875
1240734139 1293994969
259834066 360411763
1353721772 1359135196
618478781 636980854
607089708 1094640126
317804476 1009540967
561426604 1179942735
1018322982 1037108706
295219368 1161298617
1182929819 1306140333
881858146 923609011
766545838 856455884
172308562 578493220
46831141 76300701
872152664 874552051
1121043656 1158432837
161230103 791769076
381515398 1243238731
343965885 1086896401
1150629032 1170461244
85490363 646032580
1186873878 1226390726
619944718 1071271672
325714107 1192784361
483323283 1395816242
266164356 806161913
546139695 736820957
82144744 483837068
760352605 1037100296
666077308 899768727
508425483 596810658
720156544 1376600904
1293556250 1319706518
688684965 1253845182
508093635 1378850161
676318310 1097579055
955592911 1196462619
547622457 627317420
1372964622 1386837298
272832228 951522160
1033217470 1179980415
1045843125 1161116678
248313654 1008620888
54676808 876809313
1130089812 1136626642
1396321140 1401591775
613675485 1165927079
185330438 645235518
317434094 1151507536
310350329 326915718
450145168 1064462922
1144687677 1279588197
1140738094 1210102994
1287084418 1407603153
905704879 1361007972
873278135 1215259560
274134920 1217480094
113733625 465136990
488061247 574309473
548398516 869490074
706279984 1088363585
652742243 1051514022
16462510 429333608
482861892 1243408967
615949733 948307565
1230442358 1378530806
1198259616 1260536977
779864032 822187150
706783360 783921730
695142624 789650199
650105685 1225375891
608443019 934119170
1193274911 1328674901
778682228 791800393
286588438 1061837858
29611437 1078795269
358426778 886149866
235727942 965276419
1255525358 1373636846
956706423 959629041
577787345 1044027112
656607846 1117225199
1095832202 1319337301
197880448 735035784
1136678045 1243392854
1196223167 1311429883
550704623 558475803
1043084504 1280132620
259221143 261300030
59018601 763826626
498019192 790645998
618416608 890471340
372314808 1383210651
927333695 1000353732
1442392 1396050087
373544591 928720726
1001735 1031647384
63006895 79089577
184029804 200753436
102191600 924156479
103659243 421553380
135375892 1025603121
565726756 1250404276
308412699 1325213242
566207466 726709852
203680757 666249926
1008021502 1115096516
1267760078 1372521220
50192889 686146214
492119826 1250902397
426937237 1294508586
490124682 634856610
493229168 749107512
437815830 611093662
636553814 1376728392
260225223 513334440
1363738775 1375500931
677214291 1144201169
612178828 898658373
641603503 1242721013
676656664 1199827641
9664204 521682667
843516688 1253628355
557436776 1307121390
14310880 338709238
1255058593 1375095785
351590890 529324483
694129876 815875520
282229087 1086605835
1098047860 1163822643
1313248190 1337400560
1399872370 1402421760
1063329780 1259221171
135836783 730627798
429755342 946703820
854304937 1260244331
1091483685 1134392751
784816127 912495240
1041033164 1268982945
126160805 1164997776
612093407 1329436814
747317360 862913042
120641262 427239455
116535208 1345477267
242837202 1090711795
1363065081 1395804168
734522093 937568279
752409698 914981323
1027845565 1283437805
365655256 655823035
718746839 785832263
242711999 696838647
402315569 834056181
216729518 671886050
34377470 188545003
975634992 1023785856
1269185044 1397110175
925203999 1085981380
1400417589 1401642518
1262019689 1339610157
647703051 849509192
423843176 792350359
1361959015 1390374078
1276561180 1378011739
1000728939 1142589558
380798588 599724810
12552716 290706890
662119194 1143579607
744768638 777888485
510054094 1282897456
723472385 1364485116
208303605 1374831744
678132515 1327621118
374085349 1333809347
46925050 679782628
944589060 1049196684
607665683 782123989
214940759 283423253
1343714657 1382475842
1266960992 1386306593
297531520 1354753297
188263103 332531982
83745900 642323141
979864383 1132514800
380818569 709340691
28188901 584471242
175254715 680664310
685754571 1130062167
37849340 235936460
1292279061 1386468527
1213184976 1262659032
1019965001 1107644709
845498968 1218304869
629571948 878889860
367575849 983078081
385859903 450249383
999942353 1059145933
255548032 782942138
887635400 1005377194
271613414 879677214
614447371 1155276313
1113206982 1209877180
457707650 770741697
672602123 1317383583
907974836 999510600
713325207 827186425
52177746 71252459
663079504 1020016818
291889194 993444744
1193625 163504434
1348943255 1399316184
114511683 474553552
297812446 1185547355
1193882639 1329543841
646223599 1403987191
704671192 1299035387
1354968080 1398072843
1004171349 1299220373
471114248 879910571
201898033 348005350
1233295684 1325568137
623345255 1199369012
206929610 954043310
1281699277 1392583839
17655637 1010016531
119625565 296126106
217573499 791175005
278590341 551790753
701966614 904168786
143535157 1160805244
79786197 633760066
669360594 993293495
505881095 621323285
155632445 1333260855
732384342 996781986
251715451 858333320
1019831141 1026678499
1194469650 1220080094
731586537 1197587451
1013347452 1093963624
345163173 1269397153
30331650 1104889466
426356742 523810683
750
398859387 871567778
230048469 660871417
460243256 761118527
364736686 637117883
183707676 674342139
1240463430 1247731774
837255028 1141144695
862549124 906563856
385251996 1248938736
331906995 973709292
480222785 702221483
259494197 903404250
1407251955 1409972053
1033049701 1061125172
874704099 1280975594
54803510 1105835237
122943175 802153955
307075846 997565587
585614262 698337129
1015591504 1310607626
1096266883 1135712426
407400169 1145891329
215360489 1025539923
974309835 1357714141
509673039 678892614
481583787 690727860
92671177 887856023
208495256 903019286
668863210 1016719395
617163729 806999364
820201735 917164158
1284059513 1369023191
682925108 1354472945
439966063 766919759
706074890 1263135266
150295447 656530899
191613422 462624847
465450739 889087019
1244992064 1257163935
589281529 1205051845
245051889 350701064
65780901 200263265
306807329 432907325
1131015398 1338249283
681838297 1256421441
638502519 1375692001
570123811 1145280484
268565502 998018140
623688965 1000639145
158416444 391385048
537865462 539325508
1273034931 1332540824
440678493 452404808
313372500 964362424
1366190022 1380327446
22372207 238738470
813364250 1351171970
374138477 431495298
700442942 847989040
1039938680 1094263263
944425153 1057092271
999287010 1082052025
914510506 1033949215
373620338 993558604
576056029 684030600
544004070 718742767
677762669 860755662
620958991 968084019
55400496 747645332
841081966 1199084229
1208568207 1380149520
185269313 618190934
312300419 347125693
333388180 711481866
1066520880 1188556141
712689932 762758972
439968299 842043279
766628838 857851043
502732591 1205473536
241412548 788905100
100094204 148250808
937441508 975052747
416610350 1117203179
683642975 1224689028
481063223 754244179
1397352070 1408916925
189579235 879476162
1369542154 1374586142
602913990 920991957
49112996 558102460
216996688 688759674
178032720 468184245
228767659 293240632
1217433238 1405779467
629642051 1051618623
170733684 488105550
295139206 442978853
573624415 1369982916
1042158697 1177912743
718090935 925720817
1072921776 1099711612
979164983 1216849995
114305183 956375461
85950405 158628658
291632937 1281794220
1198848083 1347618242
668525655 807593412
661169029 1041959740
1125558378 1350354466
1310059831 1336553002
1061632361 1406572108
708422891 1324475198
153140690 926465961
625268202 832975187
644354931 651390069
431781792 1045873237
328254031 465487084
118290929 492853487
676199579 812682939
690036896 1059106627
483664991 844925479
1084794561 1302897999
108488848 562444171
276703238 529113088
1301787815 1314636250
724183867 944138017
39278062 138216286
334819027 461315797
482267045 609676791
158718012 1130538074
331728215 1364706089
1008698423 1298154283
365990976 1290184961
853181283 997252502
1384166421 1387626534
733335255 1235780464
482026323 796245394
726016423 914743271
646811390 810595205
686277359 1019734906
897010498 1380699256
648255540 1131052452
981611734 1108504272
665218921 1288253540
76808573 199732803
170393310 1124538874
342801039 1314347355
1082958901 1246857052
385583673 791789001
1096740864 1271614157
1177253395 1362006598
1115340159 1272652988
526914022 920382955
1146996365 1300207776
300441463 647252507
1369573285 1382576545
374219329 1204403044
1354777547 1409127295
253261506 1041969223
674904283 1066547807
686197719 1211836502
1375425257 1399761799
422534046 1119551030
499275281 788433434
349890416 504186852
99193193 322571855
267380424 462862210
376894830 1122812489
111539648 354243411
42900487 376638985
723603413 1099578109
1043265903 1146668746
874125906 1406730567
200646839 827478705
648425682 999807421
909879442 1251910882
255315315 1179090505
468075190 878983382
1108660158 1169507117
1245765133 1245824235
819063724 1196024377
396011235 808996438
182478078 1212140734
1026552062 1336176580
1080919056 1225659035
28112613 452469065
369844249 928171665
189380627 802271913
709569878 863761467
66821808 171450710
188407695 1084068024
866495635 1163035098
197072030 1348482967
1308337302 1343080804
1047251584 1316389279
645112916 755661256
542489418 730331305
597001430 1367592245
1234187892 1379917432
227870448 1111947835
663259215 1055247368
520633957 1189853354
350833039 1118441556
322214755 491525479
440206309 854493516
1142047591 1332576789
325017807 1320489642
740285391 1203386078
836021106 1291555450
1337826442 1401262468
434769011 921322230
636164615 1210239609
541998656 700361035
496413503 1362424921
86601556 357476968
527176763 1117284442
151784974 1096020668
512053111 1358680101
384924915 861192200
271531484 973083216
28182993 1025905658
596490878 1010442691
748798111 852323701
1366458747 1380743385
121704229 179139688
915596535 1106650195
491156173 623687223
65161565 551947409
1120017950 1297811823
671516446 835603457
531732612 1032694909
710364391 1364143359
133209522 836007416
1053814499 1301794128
643765148 1408828900
313864750 931691426
664209841 918808051
259727481 826544640
491137316 791688250
531936102 916595884
470898242 699594175
464000603 1136306100
171825679 1177724919
631988402 975510060
551823140 881615608
531991288 750213397
758640923 1114279744
475483101 821468996
351550530 458941577
79987338 192168843
1085990814 1307118254
681127911 1243022857
566715241 1082314406
966961334 1172682954
1272446334 1396927077
404666188 1218081143
387431932 689893085
664389125 745081956
578122663 1232476401
146693279 680958447
872702006 1299926939
723215943 1047173761
172167879 1282521103
846015941 1263530317
760351278 775782552
830555544 1012979524
1154785010 1336222995
157187828 1223261342
337811875 1003567600
613608041 1401379198
1047873465 1260345594
243152690 1150764471
709183083 972821741
471237577 670442584
705066660 863814794
400468240 1289060322
800723437 1051295527
389090287 1069987864
251623719 501491194
414444245 1217856496
82379019 728953473
570506170 672844308
915856796 1162615722
168899138 830270033
589080168 705935082
1002111113 1034213052
268626346 290617418
508632245 989475823
561842650 645259232
28618426 988257239
339219271 772303016
1128610138 1215819165
417205404 1134578602
901180345 1004800589
63979583 386982956
504675242 1203786850
309916774 734893116
3564371 531629719
631408334 1184347963
551472469 1380396515
504919698 518534646
202173641 901397690
1302987990 1366727986
1281235814 1356521222
938713859 1347555414
340893917 575102906
924797371 940498118
406142802 1332148055
1254010189 1314098985
437475012 976920800
1323137489 1342003986
170288414 455873909
285025660 1164397314
917234356 1102836160
6825231 572484023
454885591 717046685
193261669 760581699
1230679440 1234699617
788535647 876594953
396557855 1366078878
194303583 938649341
140334559 1087254155
247734197 1131638837
840654176 1371183895
498953687 625707037
757120764 1199291792
326401491 1055071394
1334678299 1395277264
302265869 1241018923
53214291 304014906
501483880 805508785
83755575 375008621
154862851 760650799
180007663 438825338
1330138078 1379904271
82408274 438945211
156156515 1028388694
232119495 944130310
654149905 1275331126
644554651 974415647
69665747 1148638492
849587602 1306899238
212390338 349678036
306685559 636443502
967086618 1077207925
271815166 808197070
237111678 574677829
672004661 1366908144
947466500 1288423674
542670483 802172512
370870869 516981358
119516268 1342609890
710598350 1220502757
10110132 122079739
262236042 1274179003
590205909 922120178
212396719 712006954
651867248 1150336920
433152791 516303196
569479623 1394761015
157366449 599385536
718267152 1200364142
204716223 740228566
572972671 1307260396
690728940 842299909
423431874 1211694962
1326400524 1390796526
993588253 1409038080
114830059 167369686
1075634322 1291401078
580595025 761212885
984560829 1332040649
6430894 551717946
739048110 1311380182
987947174 1129280348
87006510 405608452
677729193 1044331432
955204013 1238122189
183158924 729274417
484980295 620145700
441161405 1366728287
360878153 423827681
224892031 955938173
1122777017 1231025028
814735061 1356181027
680157642 962427463
263041721 610522908
1046575084 1118861697
263755499 828201938
727141393 1206417401
1042006793 1097290777
858593601 1059908749
452769397 492750752
820869875 871344895
577367895 1263993793
337671635 913548729
523708784 628368699
367839095 1175857624
1011089720 1395682147
625457031 875917302
1227490242 1393492234
126414331 784810165
973404890 1225593015
8007423 473417946
508071017 574820603
530886512 1119494518
696072191 1189207267
976746707 1250327577
438921184 620321149
59863602 243678957
393641673 552741462
35361052 796743607
636753807 1146054568
1084936208 1363524050
423630534 888703875
63666713 1365165880
857236293 1132908607
286425008 843833524
443596608 473335222
1333947304 1391062246
618526736 1109381943
642087994 1066468611
731911381 1380117021
1251332557 1271751874
991653588 1145966932
638734111 1128733177
204008688 1374391534
51470681 1068283068
5801892 136842881
531565643 981852324
682830996 1019128507
49114788 372061912
1348273558 1375419417
1137852951 1194881092
132939394 393018911
556716753 724946540
452591029 619526596
161339108 468966185
317928398 796578036
885607684 1022249672
850413097 895684846
1188675341 1228274701
1174840415 1368444147
735330721 1385157166
345106895 1249564553
434234041 876678249
647723989 885109923
48969302 667238130
530543320 800196811
382518201 475589828
87662068 819295828
1038903968 1327960278
453485090 462549704
1139024995 1286893939
360183947 901676883
747371794 788672300
152339296 557901596
550241573 971358642
828527444 1094336976
506668664 772241131
612792645 960458863
1060413259 1363613357
1269351786 1310922962
433795241 1225082938
91683676 373566994
707297322 1311610270
799673931 915017478
44687260 598523786
35478042 349718308
117083292 213783654
970824552 1240460808
26395687 715872270
903881835 1256521919
833255830 935614300
590212575 1022262365
766068841 993667272
386792667 1109354048
338999103 1295530514
547046090 1187996087
341519033 945321483
1055877869 1313104963
1225115843 1344566088
1013291837 1399712487
750247096 941153721
39477344 400421828
1026512865 1268800270
664571883 1217909039
474361058 1331012756
956761213 1165231993
47835089 1352357049
1406969611 1407803581
313424281 570482666
453311111 1064494210
1387309075 1404034353
278421989 1390762028
256789917 892038634
352429840 610310736
1214383191 1384744467
735374896 854434385
511761011 528337171
49269441 409903660
756810593 1072335224
710552103 1196090376
356536873 1256098094
352577473 1216228309
618408888 1308257574
957498621 957901446
778201698 841237270
895313381 1336944075
660592007 1397763524
1099141125 1370591152
177095612 253806870
930723916 1149231777
718564842 1152989337
322795476 887623931
707504359 735306360
586349072 1021711012
1252078756 1391017308
660773665 990587633
460664311 1304408525
847468076 871878876
151351775 530309388
646278178 788774152
358636772 844104594
40825285 436374440
1182783111 1397725364
1009342403 1055073570
938639650 1314350765
7854708 431591888
168146535 192897819
891204824 1109770603
123915488 555451741
42969396 425848582
806416379 1264277949
1175689267 1352130273
1018976061 1319352838
589396285 858654913
328964788 1035338260
161062221 1003373055
765199261 995588316
320697515 1146560005
725117224 1289197565
578233821 981016870
795553496 1195864583
282677218 1136739923
527960404 804955588
1250844036 1365973223
355715060 1053004632
485482286 893205370
390114811 662468182
337664381 446293609
645932722 711337018
1178681539 1328367807
391921859 887443468
212382438 427619783
580605697 589738533
379442256 434686136
417677722 613972346
1171057957 1205489700
1246998837 1298426157
524083151 1395049658
1391785096 1406974965
389607526 1159896826
139766682 1374703169
26227739 157008548
794561517 890405431
78625597 812464206
208650920 1070115443
304231079 770169401
773317087 789896087
138519817 329437087
179251726 361558710
363001911 592661372
80483363 469947234
549707107 854457929
525105468 1055276155
621799299 900168212
565621478 1039602802
526714862 629415123
530356024 1373041645
334028091 944205838
1069802317 1242421719
661667393 935423247
119485923 433750277
436371886 667950988
1290440548 1346771330
947987628 1125155968
631967196 944648124
1271477027 1380209745
1145272844 1378420144
154693952 1409465742
37755114 833538379
390307505 1132212809
706115086 1035482712
259918629 1274863893
199421255 1323888714
475332602 929317173
262108216 931035407
219185985 1038259244
719380847 829191798
355353407 412462177
14779748 284990267
682986954 1231796442
397018179 1258956558
1207262119 1294833652
716602788 899284690
511267622 796585219
1214054032 1337471201
742256299 1101791280
547129105 1043121071
240641348 439253931
332589915 432165748
1294908403 1343112341
323286757 707898367
57714004 1132913424
1174927736 1264031575
77785133 764194380
1029897438 1244283554
596418694 1067554661
141462881 942691135
228516778 802103919
104764715 859045878
110089511 123086879
731088683 1263776571
515903667 833433409
454386222 814950025
186937437 1054379591
95753539 1255436674
183837686 955175102
670615578 920047651
741586759 749405993
270009634 1392041984
89795704 1058314556
874093822 1173814000
635976015 759375523
169779253 602923061
382627558 516550814
594320584 677653593
721282027 799782868
410391477 1284472066
1335183162 1402724977
145694084 1078532973
612323079 1033409724
1156113175 1398806526
1000299026 1116472949
972387493 1071079651
1115651084 1271864682
63322452 315394318
303843866 1034706843
673577795 1407673016
1271217164 1345229982
276580920 562281680
476878972 697692415
652627851 1158121264
721837192 1286203367
583831936 918184120
536232495 1177107799
1364075205 1377507412
212405505 1020175576
585326167 799860252
581381781 690162875
566371279 1052325630
443642399 569553209
282155676 574884302
543990467 661985703
1345807043 1384142959
1209202234 1388030222
175878643 1369323557
264934252 691375256
294301526 1303483596
465273206 496454056
15066501 937934614
473619003 1363705225
128112630 467853336
500581075 1066834106
1335851509 1336618831
919855636 1068728544
48511183 1375731916
506171882 765001082
644731385 1258993838
618973352 717829139
1182471769 1253953117
1131961368 1265263430
209976465 1017860419
198048292 805292122
497980375 1378713636
39208554 414752098
198691524 730906755
1313256203 1340857385
188974870 1391286679
781667449 895144852
93570427 746102677
204010103 976904862
1238053705 1320242767
1071210280 1077419765
416711870 453136239
471662145 535846674
281301468 646112046
884515020 898948141
907369077 1274762190
495124738 1011635238
1196463234 1236459516
110243652 402775178
647410577 926455828
254428314 1007859560
709606625 1097507779
1404502797 1406201045
322231058 953424632
34207475 865223960
148300479 1339921925
628431188 1117667311
737723224 986935118
498770202 831698922
141454937 178689324
807971207 1145842961
306354903 675514781
692801498 1145916362
345411968 919009131
841911791 856363393
188161521 256190041
259963761 888903568
1303343747 1407375247
773497187 930662170
1346281630 1391318314
540436252 1367697242
550545664 1361466590
342020872 950199457
782591795 786464093
216665998 824322942
305047876 928262429
576386989 1132243066
422310480 1321449405
1224664701 1340764855
688275372 1183086124
640266060 663615961
560122598 745106989
31582192 1256287057
377767497 836419500
295288759 872669903
146240472 1117187554
1206319332 1343270890
133249967 307871670
113908835 464527208
381101958 1076979801
351369619 971546317
515844788 1360393997
893830648 1086696707
226611321 255233731
34114625 562551757
245249925 269637166
724
311844461 835241791
65943829 68550331
384382435 1245192508
997840717 1161835929
1027894452 1253901174
168086138 623354910
973979879 1000465009
217903931 637530026
47304506 280746915
766090836 1233806625
1165396117 1190643211
213089007 1040004737
108127883 317232526
121478043 599170489
858611178 1191436022
849583331 998636453
708983729 1134001271
67479046 372699971
581353683 1046000148
278548285 949477782
419010826 1032131799
544380902 605793747
645647006 994820431
1327482416 1351147200
33146384 714567573
208756942 822897295
472255245 1094596324
253687257 1117763174
496357704 510405099
269742082 760901172
224942590 648814895
242288750 763773921
290833227 708443680
1334617898 1359182640
988348305 1163472152
1301274435 1338844411
998949250 1071147076
528936907 1072120156
481882195 755841671
87765714 735705729
884030253 1031400284
93221761 1308478541
917566119 1188293779
24475586 373170463
606784167 614239484
1155765486 1268314661
613299874 731156167
350931145 429221989
424329487 790694798
164184322 603717017
809655545 821097104
722857669 1183019052
680271328 787422210
827102678 991281996
533455300 1279940816
1389936215 1397942301
399759345 1087627231
1221059181 1251590319
62178092 1029110244
336552966 427273906
579760401 1075756570
1398958084 1403133583
1301467202 1376558087
558501274 972778034
510572834 1129974268
337714101 1253769944
97350580 719892757
505140529 966737859
847806817 1139745735
990625975 1243220057
60680683 812167437
161752158 673832469
467874909 803839766
268231021 821948530
189038068 895821927
264280878 1215067991
29751979 246058314
567423740 775173446
620692520 1038503797
672436452 1234741268
805438563 1354329089
530305331 555019847
520895874 1080826215
878759427 1294937993
402258685 501365200
28427784 580495846
963960326 1298401416
591012007 1389507472
133460749 346107661
643645902 940670555
239175866 485238655
1286324834 1364912295
1401366787 1402110634
673868548 1323930735
470642439 953652930
175936592 367147363
194100190 1265323571
774304337 1090926176
618421639 625437037
831169467 1179650304
706229378 1234519014
76081444 654244397
141156258 232081298
1303713737 1325556477
882801688 986313593
1399462646 1406799925
166955877 550118564
607179258 874215076
1201690554 1309241164
176168738 667935824
419458699 738697490
1218677086 1368666648
1297509178 1306206592
891959020 931824956
483814818 1324840825
399671777 744390454
832763089 1126945143
188662032 581866116
606217647 1230913676
707731203 867752432
116610829 697303766
102014459 125278015
997477593 1397760055
870649582 1121247156
1136593462 1203561135
86272396 597961489
1200204268 1244322598
316119216 586791178
160250401 391132065
184611070 1191250735
70091441 536748176
1209818619 1282268428
186000643 693160111
416866638 773829247
1384255627 1388551078
1339100901 1397798051
88155088 778146296
152524869 430211449
719268550 1325930750
689204056 703374050
238851153 282021197
28882953 645957714
326865267 1183448404
540895293 1231436382
135627957 504705416
413313731 1264325985
87559140 1169583919
208118682 566575319
658156695 999895435
677308 826036714
1093790993 1325974430
462176544 787525744
623194780 1190681934
672695591 1153755870
117006446 717708728
1224304116 1340177291
548903422 703691188
86334283 522212564
623076622 778575862
99591318 244047819
1388463866 1393850254
142877648 200186093
261146890 532077294
1084223299 1210621994
241673386 1131255694
543781244 981155694
125822630 505043095
467899700 906169520
606976731 859375545
965425799 994522908
652679296 777462728
306162842 364555903
363351559 904043158
1300557139 1381442129
1409973723 1410020564
1335352610 1380266768
696854344 926996613
932339002 1067209959
97269729 1312393471
384799874 720825271
35367446 1062849482
721845447 1092254466
215925832 497131851
537796670 1012892437
371234089 1111681799
26425458 518600275
796611034 968721636
42264001 279349583
382366635 871100295
264518350 953507531
77436604 784125455
38074205 525484961
442894257 1357351072
210342066 783866174
1155764316 1278967107
66889432 278801142
545722028 921625826
404083152 747733065
476064921 905423614
1292946344 1373896075
626015282 974983479
84019132 309079354
557224800 775491062
608116985 632859731
1237974868 1246553865
192764779 1147586678
1286698972 1383545938
532423955 794949535
704429690 1083182028
787976859 1142926307
843664383 886741745
733102530 919572974
1094358366 1322530491
784344222 1323006224
201080051 1233155055
478615280 530335667
1284451496 1340267476
316948386 1279275341
1253410497 1263381771
52726380 836699732
1346765382 1371436221
654357828 1116247811
233442627 829347328
259420576 441551726
652898688 1100104180
542287663 556803688
25779233 691731323
966581171 1136683511
401545580 579170681
434876916 461530471
482753393 819410864
32198750 292740031
17480753 959162299
690554469 940326083
699128399 883958053
524499285 966091311
168437064 293443635
1329506103 1345720165
102096994 170919617
128862764 611023489
1363798185 1369746003
412016288 470076852
640705339 1130394918
172511256 960490546
640829584 814908313
105494818 673991911
436277246 502001427
1380504782 1401491279
1220389712 1263339920
1098430695 1246751978
1292241347 1310607549
532561291 1066794170
332897879 1034007445
1220361794 1243835841
1147280546 1169592556
833007856 836726423
1297759059 1377263158
616658986 1131906085
1014272316 1079924794
327152714 381969821
275566643 1011251738
855722220 865821302
711351396 1026314560
50062945 930225320
1179244122 1401486013
699021648 971401589
422049303 550893246
1167138801 1200892549
705410386 772470527
667359718 991752260
509510386 1231092517
950257515 1152316475
288901315 1020483390
59193406 1315039941
583203544 802717990
130338713 1133048446
477473172 1267697926
1230853989 1398426329
923937623 1149294974
109742662 338849138
985433436 1159713011
27326625 756823223
99307589 422489900
579314175 1331013367
698563490 1075388275
560771963 1261514299
729599060 870465843
1032586149 1219305424
175001488 240941114
971221403 1007982654
506203081 1000946584
592707137 904779809
1405830393 1406460082
78276812 217855754
1370547852 1409109872
1197137260 1263105262
696310545 754773005
15247192 731146325
1234350880 1260372416
273346617 1272937353
349487863 366867415
779517088 1129896225
426448748 1204365911
830686315 925779606
46797837 1303842329
1147717993 1191917296
493512751 820965471
1318927214 1405492765
52059103 570873441
434267497 725941591
154453947 589471990
522554446 1376094287
41418443 1232939077
275435793 743744244
1066211363 1354516325
657593263 1087476161
521967332 984307794
303260805 847977543
1271405833 1291111392
439886993 479869962
285491656 1141932238
294659675 1282443338
635075791 745267501
447399479 674725462
114951715 1069403450
590113395 1108550819
1109692595 1392740898
1125857700 1266127697
1112391006 1297697819
878310173 1241103194
934406966 1367434392
871333501 1327803377
136016284 185657354
1350768727 1397509415
337056704 352926025
353257766 453233992
214953951 276548064
288327371 589281138
564786792 1225625642
348266905 775021662
188981811 847002838
461659620 1049832711
1224828521 1270503219
500076589 789903375
328428827 1217734429
334729766 922395390
369804676 899569305
335272773 1099547301
1152308118 1293474358
777335447 1059851060
294791786 360930098
1326887615 1341479961
90390661 1114459115
35165656 399227900
1004962819 1128154994
458710908 876192347
144325692 640705629
901567835 1200288572
537392899 1305583025
726113120 752646093
159695022 623988998
462867148 1205140325
278922049 587811308
111517620 118230574
169716291 597759126
692690299 1302412842
1001208254 1148352137
717759920 792925733
160432993 352200273
269262726 539452621
739529786 843838552
180003501 1273110192
1033103451 1231071920
85643259 153995306
295201514 820108213
596298550 1059948806
500817175 973056981
457093435 1168933402
171361413 867357141
112474612 1178380579
497392048 923842808
301049931 1072345549
184690904 689504571
97943874 780620044
285403908 940246033
864915417 1034932773
802391437 1049841757
442969051 797790297
868100035 924651910
617336651 630295237
1285807313 1373795565
456189665 863023211
358089362 378007975
315621337 396905468
737100043 1072017926
492822839 1219301278
522780997 850359574
54823869 222145885
133322953 524039099
1303614973 1334095350
475163987 610812533
1021444343 1342642114
392805804 1098988727
70591895 883072902
1333208306 1369940367
179618569 490940876
451231949 813993850
382994060 697077151
698632326 800813359
218742992 1239011421
121129736 629251340
510394671 1024641010
1036239716 1402057766
432096602 1052861253
397703977 971081518
966650592 1106132277
1061624567 1186506756
189376580 1092824623
276310981 1223243715
455242577 1218675371
847356637 1082838558
689522714 774998027
525909594 1401314149
1187949592 1394466500
497170554 1179273909
460231363 533417783
87272698 607938496
1380696203 1405671128
1217580060 1251486802
73715154 630643476
159080352 623890264
692172193 703249532
909330889 1107445371
1233857145 1367352770
1380276692 1410021284
897967959 1051115346
654296861 1402714591
765962839 907459290
251025771 264468227
825310941 1346443569
475344885 1087273314
147006547 428048852
308789872 474889520
139569781 861562495
10972893 64356116
323068515 628439269
715140208 741637924
12332517 623674336
1039546945 1108796132
186875602 765856690
850808048 1075373145
606632915 780678195
1219765021 1322120944
726983030 749325537
89109119 563025167
636571235 1215484901
23996798 883914614
1269058258 1318203072
1165128664 1301005419
704148245 1012425569
797368091 866495947
293578031 666650931
296721939 795954744
410622858 891738603
240786407 1135203470
280187165 1219534585
1121088664 1186601626
433284806 593391226
235968587 449975205
1153547489 1392753645
1021074851 1062393536
117323815 742437744
1000557687 1177148260
100537304 890422507
521794905 752656704
623181577 832592973
699738117 1296672229
124395681 606382406
228201908 237003288
254914519 925115474
1043361979 1194422443
226023132 832183579
158198020 1365280503
330567944 1124878829
313388865 897102697
21601948 303008794
618669198 804261849
1141238863 1352926648
605386780 1086556081
263398876 1152577407
131527823 1137320435
692661733 1277065141
544423729 557631278
1140281802 1201378744
103502543 181795638
298560965 412160932
541354921 659964234
648386410 1249451567
1247115375 1395202264
570681420 768147607
1201220086 1201247223
827942165 862149313
1053856671 1192411445
1311219059 1324572885
18102626 796781023
1311757278 1354287012
920188261 1276240595
224535473 461039363
167177794 793435977
999256505 1215660727
652008371 1080180086
601604408 949276212
1146750448 1277232955
610317074 640191484
1573736 256291795
24094740 645886254
317753584 1223550581
454316055 1333300289
190330362 869623548
539756372 1383890087
1074395119 1208019995
1235571707 1272759057
371231203 525178154
489945451 698075920
97156007 1133736600
368642528 920379504
838131991 1046058158
748526910 1149365084
500675483 1177922590
1401167145 1409607952
1179166751 1309254110
119962032 146032622
257417066 317071108
1151765651 1160011921
1354498188 1406073370
1381671068 1406747915
264648201 576325244
1200115984 1387361700
554419446 979538574
147970173 515715873
700119604 861288562
219130730 694092471
1386807460 1400190007
16618830 739547690
275881696 850962332
371476794 1221138295
365516979 1045407895
1066953542 1378639430
390363779 1266836768
1344584587 1409831835
37834782 179423954
1230826394 1348058304
1130980221 1226132325
1379666773 1403503690
1250496574 1296181907
1393777983 1398446364
115538916 228125031
828603815 1216733528
693558919 896818705
268160383 1319725393
308284062 968019829
1409202967 1409327923
751605885 1210656857
167705032 821188308
467722102 627435432
959555563 1101930959
92651105 348737065
537413127 751539329
88303503 1195770020
37382145 718429178
399295720 980693050
1027533948 1194267831
195452792 482312731
1116549977 1406682244
588269049 853233816
400198100 1164161736
9590720 486776724
46838268 559858513
45100134 450670594
1284918766 1395533049
1286911163 1317849524
420121450 1208543829
31516157 421139211
577034167 756926556
509744618 1232234753
461089756 461842147
909186920 1089267902
1375551459 1401992701
1303959851 1354146352
1131789086 1210519227
186166482 708413421
770232428 981160324
283247018 1300565872
1320493740 1328099165
573336110 778177980
489586752 1040947877
637807165 1054784259
270041698 481411836
950087070 1312565066
11496550 1323265440
554828432 974650290
177931500 1307624867
643954268 1083865074
119739788 978941919
725803620 1171618043
723450571 1082813559
532169238 902585492
175851210 1191501508
128520628 1283972508
129523859 303706352
1087601338 1106366886
191039499 958609383
512184451 1291002841
143456950 274462046
257678850 450595880
627179630 957329963
524371137 1036997837
815863558 1293208753
272463942 309585501
617813625 1172231531
408457306 1203413353
189601220 887831829
198182787 464253665
448248330 686372365
460575111 1045250708
989730267 1062557153
624280423 732985767
1264079199 1285632995
507506406 972891294
232580524 347590343
631760649 1107528878
2206848 1091159770
1378319601 1399388039
338319224 805732838
1018641519 1339965778
1034639370 1336879263
136415693 992529495
188090983 587217034
513920540 694082393
273385003 560170717
24542359 568737189
1004623509 1267178197
526898772 1113707128
747409939 882090788
518875318 1344753044
532764871 579213657
390262721 1004305736
181454957 1146929725
316960177 959306122
710044570 909739860
1080033953 1142015784
209201289 273581411
1152139179 1231785568
218795608 370260288
369441211 826822526
226376765 695516293
956996751 1171931085
75528911 731158313
807700910 1058677332
548413885 625715466
454165868 1241951021
516191661 1377528028
666077553 1221268228
1143160030 1352310392
1050191770 1206426148
1369069174 1393423115
340635140 449018121
338161308 1383572102
736919748 1263267356
1381878260 1402949894
212016030 268978418
211691439 921115604
507794618 717646860
675426230 852341554
421600775 481385421
546100403 1315478841
1188483031 1296764629
713068801 1270695472
860720560 893578817
322097173 738577423
994965576 1407671256
677342564 1284560949
304882400 1053575972
832220102 999716893
660985972 816891099
1113936541 1326132919
335293427 1094108966
1209892482 1242817402
454861943 547761377
392834990 839570557
399931288 1103690577
655824392 1403220995
814633038 1320991007
434325568 1075114164
42639210 818594765
865590690 1077116597
424109112 1119750400
362706848 451296374
632088438 738284047
234136042 667160642
225419347 900470223
842890272 1018013356
442933867 592070960
522898574 1068589293
1208865950 1291720790
502549885 1217202858
932464279 1297747184
1194757260 1336048668
984974808 1096631718
91077280 807412110
532048629 557764350
1141543216 1323198345
153311167 1368294549
1199876344 1369895509
525770694 697340718
723298244 1082139858
818666723 1093242104
134952214 617634077
898934208 1162164844
1117893049 1225087434
309895167 771986076
418953816 1346600264
1398393478 1408083708
556660422 716431761
520
291041199 433957964
1272229893 1365166380
222283132 685142448
872964249 1352966489
325227839 1057011864
396747764 491787326
1095867754 1303716727
329424961 474222017
322024906 686978506
167549776 173923737
530784408 1033166803
7492968 178731041
1301901932 1395789609
433355790 663810183
651509337 950545063
525743493 1296507735
1059626538 1266882367
784637780 1031160765
680771239 815089326
361049946 1254526814
1361935577 1403118572
789995185 1137153437
153904612 501775748
506647394 706375978
248696254 381749891
284794610 636034413
1318901025 1406343502
458388683 774497674
273833639 1023404400
158014767 593996492
273558822 744863324
583885867 1012336794
1187760444 1273129304
966969787 995622798
354180900 692966964
1108762570 1293889555
529590444 868633031
959261479 1147106449
731405012 1141784793
860178499 995255961
753534709 1382148826
497351264 1186834807
1063853693 1305906075
1231452856 1249208278
1041056136 1342885489
828759985 1289038147
720875000 818306742
322805991 1376150711
567101924 1098822251
702668607 1201890179
176839383 613251655
340162026 868017824
437015422 1017719249
399528478 462268738
339595318 977696958
577557848 1146015484
1269069070 1303626031
1262289969 1335520876
307153371 567445918
649423146 725470737
782021658 918885874
5208441 1039243022
613156518 1047721982
629439867 807109535
834818621 1313395707
1026192496 1213609829
1060024184 1409721450
283812903 631955192
657672367 1267502217
1114936742 1234731741
742557741 1306342495
1139395800 1192753457
386044653 967440598
1353203634 1396403433
237043998 416431528
55451868 835774093
284804748 835150270
886356275 893407887
158821485 528341186
37671194 349802681
1079442073 1084004633
545516913 833836930
959843088 1268501412
398026444 466546063
1343211024 1354937208
48121561 290529637
293355069 1206767558
169071330 690198903
547253584 785587089
312406367 1051612368
452920011 707211902
191895102 622124850
607832967 1293910512
889270680 960116502
1077491879 1179691634
79281178 732135677
594365840 898762717
990524412 1212924164
1169087843 1333719211
86766174 323710638
452862142 918927862
246324894 450630397
1047856512 1104372005
869066407 1223632067
493500529 1191119774
17739374 745384744
866605317 1220680211
231608650 366059921
1379914375 1399044119
57754552 1306433118
133861503 737032685
638667410 1090329139
1281887003 1341446146
563722346 966820174
1156695151 1232727044
374134027 972373480
468439275 1105036413
920479101 1005887623
313133537 1282642712
1079763599 1221574714
672464012 927681611
1010437980 1267844042
148808582 554759721
816598133 826075746
720168244 1019753555
266806328 964885749
1367073703 1382813950
1050286593 1231427266
1359500966 1376205921
328161719 748780014
1046753251 1373045799
512263942 1398345480
267398335 1116144728
1201182292 1311296602
1244021836 1325436085
1345050459 1391718818
1129635204 1385811792
309778792 807894933
249737354 327893926
1274357393 1363499144
121815977 123637620
181789604 260580604
826339861 885138449
281499128 969139890
262975530 1181898863
1205399687 1392289245
424116111 466669332
424611320 480401307
674702893 736370304
377704487 1139857996
554595815 1015966095
346145362 898682856
289299821 675903834
792712992 1363692691
934230227 1329664207
1339206579 1365607490
510103521 635773231
466209194 727131197
287645870 1399934202
397182906 507515588
1245567038 1396084894
1191594291 1192430695
1236876506 1359061040
96593757 869766923
140996544 607774831
177956580 1355271879
520986183 956913401
469376608 627231406
822260266 899270584
966628323 991863734
292847251 461162037
41572634 1274321638
196528118 907968062
532745061 1330082551
626313474 956359615
1356774630 1358157063
309430070 833166213
609768647 770390273
544226112 809989965
594937331 1194275827
1215543421 1345241605
584265508 854552796
302264485 749467024
1356845121 1392687122
1076381182 1095052093
626802283 910632319
697370471 971473352
780966935 910395697
338228105 1012614832
669153448 961056972
319314947 1310193126
6730015 406118115
499375915 687794250
530529544 1221171680
320621506 854701536
1141184020 1181440148
352896692 807271562
245264634 876565020
678397977 894767906
471992742 1372242412
195805990 736889199
832837200 1144132802
113235278 460958402
169715694 1325274788
402497547 641810126
79261749 1195873965
612192184 1145721381
177568427 712988837
62601504 185211743
1378097025 1400040665
683799386 786765960
1307956518 1387193574
531169744 613716312
666007990 670630949
285635271 361931658
34463573 506602146
116804203 841685882
842917007 1198487778
1059950239 1371656137
563895996 618723765
751520795 1116750674
709914388 1392419023
348693494 614447583
1354297889 1394378221
654159118 1076203897
798684038 941359545
1025807476 1357522632
501445632 1223292415
294841144 587795464
1112722596 1250796999
1356454941 1362610493
241393244 1215937733
1107075260 1409330548
395116305 1034460408
151375100 1036427764
591337831 1242908553
287232475 1069117097
595846860 805002824
556101137 868756044
407369992 502284248
905080062 1026570710
848471860 1293263024
1350015848 1360383619
552691783 575746827
379385374 524704072
1335720667 1384443322
457812491 746971909
1329056809 1371199559
53804992 716131661
201093933 958866190
1196934985 1207062498
418125432 1161069922
428388421 532121780
186190514 928199268
718643098 786299138
850434946 1179506874
391522077 494020174
98919295 552597406
205281768 800910386
492009699 1384685948
1259337301 1364308879
692794880 831095723
462850346 703833230
244737466 927205171
395369841 725257123
884740915 1138347764
77117094 268766874
1181884420 1331461386
533617529 942739165
350091309 870806616
33843211 672860446
294863089 892954730
1257238225 1384581287
548283191 627839195
470098295 698208010
726862165 1079154995
46888491 1231264232
1284014597 1409659131
1386609670 1392512735
671797692 1173750734
369221292 406707742
353455858 652410100
226275934 940978963
568788121 1095147093
1235867686 1287994124
74658293 1408911000
766621062 872348750
150760344 756302927
778460375 995522899
7887109 419936252
786636011 1170492248
331389993 386190194
533820216 1384906573
592688639 1284512032
473223493 548050506
1353943478 1380821424
1266956492 1396071535
422370103 472909605
782568162 1134649108
476162842 706784615
1324217803 1380236569
881466978 1393274893
496795784 535333373
1258338121 1377169883
695643726 1387187051
1327860864 1371166951
206657745 296673882
465211480 494710390
1311322688 1404929305
689534941 1356222535
524680419 824254086
1402576430 1404736094
768075325 845105883
603725916 1212539224
161757122 974316581
674660778 1138844851
414736412 742270666
499410094 999767427
574710424 933937053
492887817 1110903951
581858003 1162030091
928158246 1243685919
290337520 773973019
1032906154 1206860750
441898492 523946173
986253107 1316447423
961080426 1379779835
112423372 1221950427
1195781652 1286385566
1181964230 1404689661
507785368 676848207
746058646 1086837560
245159762 1378721233
371609915 1264635005
707702797 1312161244
163207597 533874876
331965850 921530407
561630825 1018338436
497181882 953763723
978545700 1337010048
1294273781 1394546515
603163395 650360736
382580258 469158206
672606082 1089393706
71637667 147273236
1112336501 1340116508
1344782599 1400612630
776546866 1386757030
578497406 1197115069
152420571 508425159
814364851 973664172
550119823 1176805146
188037496 857757679
1036579760 1224161606
1288170690 1306632189
1190286952 1377356181
718801503 1327327359
133998205 1160203644
1243333450 1377991130
1280610230 1303101530
292133647 1242495427
994908799 1201289660
1211713460 1341267116
1124730054 1334288839
1004725988 1320886044
586305296 855218892
1228319626 1367759509
364088102 742315562
19018761 56985935
247129957 314998607
116807477 835709643
217643805 576738313
861146598 1047886413
92387533 692134494
324722003 1215349281
540826721 581163413
1407982570 1409258264
316272028 1262551280
679027761 871665109
173562738 1377021553
232569685 693995381
147231580 1336946014
1387509115 1390575454
617481911 737957762
729127865 1147066797
849254895 1073449896
132981064 928661155
665443665 919006696
836820619 916731618
483477463 1056259853
767002123 1326598456
1345924150 1362690797
1323123398 1368088342
1378021035 1386491207
1367997431 1401422548
18084111 280734857
711618166 1374562698
1173100925 1203156205
490413837 1328752645
1164330228 1319952162
970048737 1103498746
474910152 1347018511
410787774 1227081412
246451178 1032378515
132626552 649402269
1091311112 1275036206
1159609055 1309180035
257951953 985474536
375922887 882425206
417018936 923774183
637613670 1074835885
676126754 727629021
701412649 914877031
754673851 1322074971
599543067 1116301597
537123492 907718358
346890717 1272527949
597935472 873234871
1065537609 1179445976
1101669372 1132554830
448612821 1348540813
977888018 1071015541
101785352 753978709
885654478 983768880
692923458 1033920571
698017283 1073103519
172055468 389121863
413501106 671281918
480803283 717437910
985353767 1302098108
738960524 820554122
1088315206 1232743336
62941726 209385652
527677572 1240744718
323375636 750456437
635449921 935330010
497580699 670578551
500684729 882058154
362904772 871201007
273584895 723582418
10715465 387015828
263311234 818756441
881399489 994125462
826461496 856043859
1133580729 1291928958
657829352 919482868
274419973 1294301407
38166211 391013383
1335804990 1344199171
31652796 427491484
709147943 961217438
1071943531 1199473104
1355402100 1387215723
544513174 1005603036
1315028365 1350198135
335366019 813287557
699675980 941902371
485005679 874815829
360482406 628339671
671904903 1129194606
669446490 1100728515
540491642 590131010
1087565474 1188268814
1216329219 1257664457
55719714 750724361
955653100 1010016597
301037804 334482524
1201839008 1403122790
551614342 825475686
285620188 475647183
1205376336 1236468554
143613946 1165409513
896574882 1357814624
349005378 1145748606
742072585 1257302551
96455336 196373615
875504573 1364708146
254267642 395333162
953915052 1053990316
1409199774 1409240717
160821762 662764634
309715994 594075526
381697439 654534138
231546060 942478076
358762832 813429453
696774175 1143406176
309773472 1380297361
867939742 1086374026
1161257262 1309556533
10198468 396418533
25244621 85439657
53407431 364245843
518294732 912776629
121366887 131908763
813027149 1213685806
743640447 1329130039
96603017 869247693
685191793 1106975966
268714174 1033969300
464967700 643839630
772149881 1028383189
1363505695 1398395930
236099054 1409890976
808544371 1158758109
1250888934 1269408594
1076401037 1187834561
397684848 956633023
196798489 1257615120
81807014 1120247581
919785964 1338843618
1051647561 1097528530
796874891 1354805004
314790882 852887942
963139668 1158372426
692641932 786273178
1281162806 1368208730
722924210 1093109590
1289785220 1394734630
794315193 816256359
122719848 919160477
