4
748
129916042 198382433
1346256463 1372940409
695664578 1235641364
795527673 1116312953
383843877 1030853610
452926130 898037674
211400517 1195792904
1298111962 1346717676
968039776 1383667094
667102842 757043214
1255255793 1386057604
1339799933 1360622826
1008346285 1390623086
1126426067 1221983723
315824511 1277860764
1249456072 1395976470
1844105 652169456
1246404179 1259768773
529132981 992594288
543538522 1249709109
157307748 585581020
611194268 858148987
390590070 771126175
424533739 1201403914
594127217 1221179606
498384041 581904635
357824364 761531343
714383122 1119686812
312851314 480849591
1248196486 1265825329
648307952 1244592582
246296235 475667913
61177012 283283193
610809322 1168752255
935433377 1149799602
319548307 484154753
432894712 658650241
1361813974 1404428507
1013446353 1202947372
154106450 1123640783
357808552 645425693
339619408 1245552778
1125567384 1376193752
64385060 730738225
1193361637 1403862294
580696277 1296980988
596857172 608994202
1036460892 1236694103
429680678 1118570018
32601343 408142466
386016473 1227370126
332563712 591658448
858078061 1053556633
1197060772 1202572075
452374171 1155102795
131610419 562825345
643415157 1118012156
1190784839 1367261641
494434971 964255920
1240731851 1410048484
219195432 893954049
1319372969 1333840983
474620870 660938790
1055962911 1074388776
562285413 1348259211
612366059 851618645
387008045 932915663
274136031 819124548
190510304 462175232
333222251 869726526
184173138 219847121
598124955 651854784
787124373 1196645911
386553450 991182014
1345068595 1366268463
595171912 1196009847
677280797 737435911
1304741395 1334955325
51851275 217803027
853933015 1059410330
1017573866 1307010612
723819117 1031602382
351451362 504846209
1059662765 1074197291
1106032696 1135697056
136344173 394186027
591995981 955961881
362015399 717422718
1114354467 1151818005
190932764 1060488871
110527772 443195479
602090471 702037729
460602431 1395918123
1319444087 1350295624
444059067 1216660816
467428765 659387763
198153389 311403370
81212580 125759289
437374342 810080296
1034004345 1076749165
1320117615 1386082626
97542271 417649959
416848744 1264037196
42967951 1199637723
665953428 1254933648
1008764337 1014699212
1063262328 1164583147
1366460109 1369492897
597962847 1274214085
623066826 888213666
96309345 427169175
651692880 1175146226
1061214372 1365716832
167580416 1127495525
733477862 1047098838
906080056 1004958208
256203996 1059151556
121684929 1337492170
1045094571 1321620924
1402746818 1407847658
727520447 798761339
352890610 727491847
502356019 598261620
913160404 1389015057
745207659 1105423716
165468093 283625885
407990951 584050156
193155635 592065331
854359117 1257375494
128332859 354845251
546823400 1377146850
137614365 541526140
1059471223 1270952933
414596940 685032196
411199466 985409140
1390703099 1402826437
520508906 1363605145
44876425 386193332
10667624 235851150
1227897438 1350922948
1216855346 1262448257
1145832708 1198891464
1249431670 1261035012
303118459 532691608
35226677 854083908
1177790540 1184826560
1046126455 1344833246
1100039149 1113522329
20002331 1256198324
1048047089 1131161596
728544111 984662592
626182228 759528551
808289993 1399931063
1401631864 1403694374
607865290 1113757674
522197804 784460821
132066096 1350113737
1075521403 1337448907
4610082 315799635
763235055 825405077
1132848757 1280000187
1318661984 1385260979
651628648 1118706625
534897497 702745768
147494866 996500336
27850218 369666950
492188317 1311394516
129835869 155330348
431540102 459521186
159544725 781774151
1097137930 1191106993
800586288 969565727
793671758 1024491258
666444392 1261763402
645158540 1172379051
388617587 544920419
1155458377 1212241362
644234192 1147081582
973109599 1361627086
148937552 316416555
777516823 1014893723
838792083 861766933
708299677 1353783491
1003180087 1220050156
1215752643 1377828793
199594741 851751402
1255799100 1328344003
1279890541 1402803577
491676588 1017877630
1039166374 1182255744
1067048520 1158705195
401839779 517242576
1102693507 1264903778
463186706 925036250
884652728 1032044883
1279351127 1371913460
452628000 468685569
511984412 1086436072
786134012 954070855
656306595 1108181324
456607659 629057870
1044954224 1144939904
220461369 1362080087
1148622529 1226970922
871563875 1026879915
1248427754 1289968845
1189890502 1227962770
337337964 519557375
230043167 436420454
739431861 1128305062
258554984 676486124
653673183 720389543
763464224 952251915
295058755 883110182
566419541 723023680
486982684 1120418396
824151530 1042559459
325803532 1399078573
886510604 1044851332
81594052 417753424
856162386 1352579189
1287275496 1325259124
611497079 1182065491
361868190 458582225
247567811 489077784
551734872 1141445761
36532707 76911050
723892122 1335482555
279395724 600500939
611641095 1215478554
129785589 1250593182
1388455146 1404842199
1057953984 1095827271
488972408 608650803
570519635 1276992201
281966231 728855781
1358738395 1377518482
387431319 845746298
430974700 535464656
371285123 1244430075
172301123 297349810
856190870 931067133
104643853 983014990
828497616 1395775468
648891752 1083769417
652148830 1274990975
1011040642 1390018020
5769280 232045933
282280957 589638769
1100285056 1226617528
245202599 582180084
391923650 971525288
864427183 1255353571
487408736 767147749
1195131404 1255584515
243449459 394226438
1306106927 1380720484
290105610 320679959
286219281 1217667053
119901114 648838772
748502402 762420475
20343281 508799533
462390692 1147007371
406046276 799604761
555147789 1175741268
826596740 1210074275
410798340 698901899
555121922 726739257
1251337619 1269299421
779023697 1268432119
421270825 1376883592
31433838 56280166
1097572431 1346557197
677014327 720078273
766096976 801548604
301212882 662040683
557386694 657137440
197288394 501898739
629565606 970635863
405019442 1249674264
688081401 825193322
184986351 527116132
506507560 819153417
484569891 1376791917
1236053284 1283725951
579780703 1097166596
388789039 1014794148
68139185 1061338170
1278768434 1315726283
91388555 559934622
1033583683 1043969291
603578925 975719346
619291257 1332469301
1237229324 1402451835
272448031 339120201
251765359 945278351
620160114 1193422847
1264880808 1371356725
1079420416 1088589149
840763606 1173180911
984414624 1197296497
1124730765 1186195172
71891657 147951969
1140068680 1220055198
258452653 511577533
1375890762 1395071228
482418277 813096192
40081102 355745804
667667840 1243625929
351487150 628721039
168672662 795930131
23710870 224088295
612388821 639183568
955195026 1382316132
143811600 787782183
5680521 875771241
1342724009 1389706226
318313776 726613325
474100102 866780164
616531883 1131605692
174808679 271731378
118163596 337756274
100286228 606755281
756566271 968890100
996699819 1229744628
40096555 193868447
553760553 1038600294
1193773211 1291880535
276955955 683400992
101705463 647726754
504404172 757947029
1291147063 1381058098
651444239 888861215
251848470 446852724
1278431740 1324340947
1382009677 1408703440
549709910 617819361
450784301 1144540779
632151933 856592143
949878180 1108919859
408471803 1067775755
1102478650 1354989180
1334611764 1401491611
863880154 1075968759
594862159 1017081821
377047044 832087581
74454285 1215534175
54068037 294371897
141787278 680300782
686946509 856205583
304329975 495397515
1013374775 1141051083
377377362 898247241
175102408 534256257
164005756 1159033695
933705364 1141712716
719560414 1339957747
496860038 802462879
310321402 859550031
655998252 1259920375
120842418 237611974
1040606269 1235312648
61527663 556954225
425955919 1262813688
687076255 862731587
561961161 1011783287
1050197396 1200036878
355007130 1208128085
556828814 762644506
97186474 305554036
1099081862 1372812043
310813677 497917562
1254077315 1331815265
1353390942 1379859839
781873213 952227951
304104193 429976297
1193302431 1214419114
822314486 1000427486
465974201 741304653
145443592 704252222
1083847479 1205367972
723535017 1328867548
284158063 419446410
384315495 1376026102
603411755 712111254
257420490 410468044
37518220 134919261
393913452 896587900
1401036569 1404429091
694186104 762701577
485661178 752983254
3154035 429833535
647664429 733835222
93362630 573048670
522898497 590559919
341482507 770649598
1117035150 1125755713
587425884 1185299997
927751622 1320334516
883789288 1103723251
235702445 630743708
430687932 546404198
151689701 256364535
1340166332 1385064863
946511377 1283668092
671060371 1057206540
603595772 1269485022
222771551 507775398
1148340795 1180045339
121056253 1165099009
882015831 1107909976
1329653938 1359431970
338217699 340043320
741647465 1147572401
957750942 1003779956
331177041 718592729
789277077 979571707
363885225 541728658
869978417 1281832026
567081434 940391042
1353500525 1363936075
551354434 976534778
496223116 1374081986
1200296308 1363369091
1221224836 1270062701
92690713 467239389
759185572 1171046482
1229690091 1269900927
354547529 1058487716
458497815 1386839518
213254380 878445524
940824920 1038583779
1056928471 1182355448
313998406 835222223
459066943 1093043748
690618971 819313834
1163272703 1314218582
534748051 803087209
545852176 1180638287
157846101 838679670
658498970 1124211059
682443074 1119540345
491367063 503307996
367729676 1077568500
358184806 591364193
1029191850 1100380815
520092340 895824643
431069898 1161573153
249519464 1139054153
527312327 1164225194
439442161 611982444
1205449423 1285423480
667107506 1319630943
369447373 566982932
1212009145 1229382180
1389921443 1392788703
1162451956 1328314235
716810939 947531330
544038852 816467777
508825263 1155193992
708475193 1127974079
60357271 1158828428
1284467772 1384678203
468057383 638069929
666347713 678060373
175588312 1049233331
188356396 401439758
1377397006 1407802916
313084367 1125885675
702211359 939979875
568590375 936837580
639023129 1156596641
712274162 1367491072
703816532 722294047
1388973648 1403261775
510795652 696400777
83089894 219447241
582672828 715498833
111613221 256246610
1229208874 1369537904
277750371 862505604
124653715 889677483
1319015598 1332070227
281033364 569252492
1382902085 1386787333
98791266 395070992
880923913 1039323275
661780131 1261568063
31796443 74381675
181271788 314416502
555612246 970542878
678863654 1067442780
974658937 1035266256
797811599 1382780577
412755097 671450092
978782321 1254274296
416947304 1283116962
960509299 1247332097
458126853 650218765
915808722 959259082
204982765 873226693
268726462 514359872
993309897 1023251161
1196433008 1372385421
173787123 192049005
575319258 1027503139
446940231 845424529
1201668851 1409647902
1367672232 1397151385
139384417 1212731916
477163626 1112211477
74730759 861876088
716898041 1067966401
718073932 1230796788
380636263 1268286503
560921224 1319462924
709808588 877204267
1093798256 1407340631
555584816 949095865
580074251 1330554570
322301299 709935875
445976169 522733815
56755291 258664522
1268228835 1343196686
998625184 1033473698
74285190 1027022803
906043198 945795611
669381626 1188088691
597068001 1250050304
287204161 1065793141
45926557 515830611
13807899 1009584863
834301284 1229432699
1183497848 1259376745
76003852 304747505
178295151 1083299580
482435476 1149129397
1212183636 1264901924
751359211 928082890
377731674 774686844
942674115 1207105757
897411731 1006959928
672997815 1047781411
452747000 889433184
387321611 1023142690
1165262777 1310845842
321715952 559936469
682632423 1052416744
578630129 863528310
557382991 1053808838
486639572 647748175
1304257312 1352106600
177931924 715022302
1096289584 1204645952
1337842144 1398403968
614382597 1094186115
1271749239 1378122105
10747030 750969559
562075282 591890711
952017118 1229964835
105659146 1315851993
598574169 1065778498
448047617 1401560265
928529816 1146406275
595854000 1226933520
176730781 247982542
605184344 968705300
532885566 1076484302
1033321665 1226718158
1408026344 1409562516
125689621 598952784
893716644 1046281786
641140964 1047689777
1257514562 1363679775
295165390 534751271
421011797 620198925
446625956 1201818396
570739185 967958129
937734332 1293196918
582143874 809665370
1004074278 1147431979
598581237 1323367014
45311059 483519399
1091307673 1327500018
958988664 1117294773
666961206 679935396
1055011772 1403782491
1021098223 1395940584
431085762 488098011
1180338736 1199020363
536944344 742516416
386588513 1083897575
626219602 735284522
32322431 231247760
689974072 1237877166
29231855 1322785426
358239339 1298430360
1221540992 1402331951
914075945 1108486873
730098641 1395775327
843765038 1133479956
383232786 1051473268
591721674 1103151717
642336355 1037075355
485883922 647821328
156635150 969156439
168112556 934169549
674897659 930990908
544736453 598069376
1114858776 1381224419
631700121 1260798192
920404610 1395687959
134367078 625730836
386522305 418110824
1343789434 1409728268
400369758 651956656
502882423 573284171
348487470 1192601293
1040565841 1197850182
1081844501 1190512066
1099142646 1306963417
1279973850 1370899259
628678393 874226943
59596197 385322798
32226677 362816427
86359526 852791839
237180929 1255712481
247582849 814435450
702574106 1256585594
124239162 1326323769
456894928 1155343842
179728819 661171103
723648521 978449410
1057234794 1287021843
394439670 592062426
581983379 863670018
347148648 856041210
517918738 1158288894
276297552 1193910107
410105346 667088814
430557209 559830124
976039196 1367407590
656869998 686948687
1303620397 1305342496
1369311724 1380444443
464416821 874583026
1238738504 1260496061
1089167688 1136887162
653958085 1217735118
189943626 841225778
128363594 858204263
341407149 1251005256
297044742 314102226
730423534 1309325366
293122369 1226672568
424096364 712201343
521639741 527999874
933832171 1102673569
401259422 1370569171
583549987 1133139453
759577832 884451142
1284451943 1368670516
500226608 1363005629
429401787 516649646
493635774 929053275
64287083 621233978
463712054 627805046
1245936471 1374199667
122198489 809926876
196173462 961928640
654877316 1208070232
1352321669 1398765097
82529212 272050543
897586810 1091012496
954327037 1364779524
1263034016 1354206315
336646148 753881550
1134718647 1269499011
670784177 889369815
362040031 611062050
234501689 1282575952
1003992055 1382441474
437920607 1289818916
409030776 1240901623
313312022 959056387
1219818585 1378541344
3261469 1016988688
1346426838 1364893835
29913929 534945559
327024090 1203521511
792343940 1223306235
81748199 899375323
379822185 849898010
1038747881 1196987568
338502778 992945877
348299734 1405326237
541229498 783090811
220960805 809213435
1064711820 1332284859
1010566334 1331808547
653077740 832779593
709964510 1009399887
514593162 789533787
11651424 720045933
1148954102 1264558956
279836924 1341966023
560142756 601744093
523403407 1259786280
503177145 810100421
1069284183 1310585474
409926747 1151840839
850896926 1227881570
710258181 885963092
1350674593 1389865806
1354136848 1386476080
644881021 778667624
402187333 1106112243
49043296 516842248
834228958 1380011011
82421292 207538735
426105534 497764726
178383528 276549903
734481959 969281978
496827865 1092413402
35182418 585193690
514131881 658660234
386780919 997040517
396243641 894670603
1351911719 1399852724
418584332 1256988429
1222477865 1317310071
60213118 1163727014
909753733 1058656531
77995488 369177068
335308271 859198447
1092083438 1268187672
1166021377 1236001177
230395509 460237705
447222042 454743762
702275081 889765693
429794973 937593230
228107909 630158081
1138305887 1276267243
435123760 885918702
470960508 496876527
438964335 1092841502
1063875436 1240414135
993502418 1299194183
753
1395295948 1400237901
68256397 1208532227
142010262 351323686
427999714 1394233560
688115864 1034528897
1197819038 1363911840
1108142065 1258220637
1228085997 1319017663
1182621515 1365758841
405823766 438999041
884436308 1334327128
999966182 1244348204
349933959 692869682
639739877 1348143371
218118361 375424651
1401293451 1403437218
41594153 829984299
257119367 854100556
108166811 722210921
168909288 1231288235
657078556 977233573
1269022528 1275219632
137661678 772114719
541599405 550432402
1001581239 1402050113
373903170 1180844426
550720123 1325884838
630625363 948977778
32109649 933781841
468471291 585614782
325351845 1279880345
425785660 1011443764
1140525602 1217607164
393378196 920935782
423820135 770780310
1378128279 1388131240
639396551 902086903
118691409 385298287
689070000 1258352753
767941306 1162070010
351800305 941307900
584155217 689518454
300655815 825410281
101301315 1228797821
10392576 525921646
1359530233 1363005193
1384893250 1407889551
483724832 618755606
516381890 1028544109
901364990 1268078278
167674795 462844232
332786797 360784238
710215515 1326310175
1406660036 1409473743
63783632 645606573
127021982 809045509
21296453 1005399814
647980712 804026683
329584994 1096276549
295374214 1172366549
258180552 1325112066
476296278 1119383092
224310095 916199592
717615411 935233080
629409643 928343473
178948677 1385428722
250622744 352649748
637908355 1359015770
93269053 281199131
375464957 1162847063
354252013 554021462
1088655400 1363365692
989027296 1145323060
810103230 919485563
240976236 938052815
487279708 518065349
1150070244 1319342032
47250860 205683306
660213574 1108624659
1399336551 1408763894
1407298220 1409848798
351796372 365684723
637520650 1163635417
101200628 618342368
256831748 1307881620
375820035 376787867
227610645 919839835
678799006 899731830
1406833186 1408311586
316014873 719157285
449991983 1322233326
879703119 938011533
365060524 787832229
422541695 581899351
1295192935 1308490203
587904596 1320039025
52993797 1361586027
170356045 556747449
197579074 1285851059
1016337459 1164054185
597699850 631512737
1249328323 1314997908
261718077 784524632
549237964 807842357
1332143332 1344000028
207382094 428281688
907718218 1404653167
1184592407 1392578627
889677980 899660515
662962935 1240594906
582877362 740337990
258890183 1231228220
761766332 870889407
270779762 835803530
434967941 1373891979
147106675 1086299349
635684857 1181092985
1026471503 1288095753
149265571 268851925
503725862 551699583
522273739 746490858
727931383 1368431728
1075289307 1317782761
335303796 718060934
806939759 1116262324
554712736 1148158640
997932486 1166692642
175805541 588405653
1094379689 1151095080
323607100 1265177038
1368542811 1379813113
67708412 215489382
1168308566 1325813948
1245034011 1320732561
370279497 1270401167
366403311 1055537477
186468502 685650787
1213794237 1272801330
620290996 657359739
167282700 786699137
1369434141 1373564523
712332323 1294472548
246706909 493808574
780864078 1094974221
513007877 864608071
1404770437 1407283164
1345454251 1368327759
502909831 865043323
789837588 1275875255
134587707 205904243
754997589 1087783302
1244973894 1250062343
385155432 389958751
511323475 1113426584
12596102 207881468
397515340 1215284871
606038516 769646301
302074639 1031149664
21913772 562187291
327566516 829336629
150804789 998642981
501134159 1018140165
121339511 1381323222
622823596 1155926569
481275680 1170062413
135483295 1027606641
134987661 899579449
1361092951 1367415261
313805342 672616688
22064232 345989303
540605707 957258813
1325939522 1365443666
349763745 459722904
55702151 426575620
430779998 497568961
321659257 687971630
467479962 617891732
1393666367 1393778114
604231811 673573167
427381802 1024276843
189490153 1161910192
975920981 1179674726
765714874 1073276083
191220585 925717360
431405203 1242285462
196125623 933345383
489833020 756199059
15338113 471157726
330472255 1248743619
15879184 22640537
846068344 978667770
503288279 555218378
268557409 1223356530
513814815 772600642
7472900 257933007
453316441 975727884
553333754 633744953
679751364 833349228
1258198555 1307385790
1394515718 1407626604
1292695541 1318278871
381825785 1403958837
376793720 1171084003
1408589558 1409397364
1274819689 1344706927
949838147 1093263351
689986256 813750207
1167807468 1269084462
656183373 1135079711
64757081 433512674
288097616 1089177758
30965111 265617140
1208976512 1278722466
947668458 1110507774
54351317 475961613
1325484564 1401788787
581254930 807906951
623641063 1140226281
393941430 940658120
519257551 873778402
1346362432 1361988665
22090900 565536644
1016864625 1148900124
651373422 824753737
1342532232 1342660366
1352108659 1379707264
1154607241 1169171319
87085592 396602593
110677719 158823470
609662622 877665063
187303769 544518012
1408357109 1410007419
809444772 1399238629
124975669 808376845
1273281200 1402177413
520930386 769321851
667454848 1299997128
1382941963 1385545785
184774803 1075931073
1089141045 1197254624
586442609 665479786
463022227 1335385656
1021372752 1120889320
1183929967 1341357010
32954652 914799884
918133702 943544306
7661532 580853242
1081380773 1257931492
413910176 814617396
303111318 1226649282
1396831255 1405057830
365848770 445231836
718828940 775041527
114715904 688956904
1065832321 1322783181
408151527 1264836583
900059750 1321386515
1399955443 1407532436
1408360558 1408830816
769886657 1409397926
788877755 1065660173
46545823 890117730
570333118 919720906
726701016 1213014211
920394116 1271617663
227575987 1345067133
129632440 131719857
1186042421 1211064862
89031545 955472519
113841117 328705844
394171020 468662918
74190732 1376724791
540156057 1154804259
518766702 724458795
1344290433 1347429764
316539058 1273207499
171839993 962498610
296330482 638651348
1045112312 1322871412
207991318 1123025784
152163492 764613898
683181103 922584188
199762610 480496728
868150137 1102309311
580927008 603218814
313444061 417545468
224381940 695584360
53904948 572386567
531534549 1026623438
211757038 814247048
896759474 1233898477
958274478 1273732817
1067165571 1288963875
324456277 1251562940
148234900 665083772
685296602 1331512620
43644540 1025902949
479048866 816634518
973273500 1158484675
69390575 647627721
1399657770 1409831784
767420614 1392734813
429655007 1255348691
829256593 1277607819
440672853 1132592251
564966390 913547399
183181402 287413532
286895170 817754222
611184900 759721631
52187761 373472783
85824522 565185528
1009532085 1263948190
1311554551 1332052354
296187031 1030897194
736264127 911054773
621234535 864628019
582809889 979231841
1305177257 1390781419
51870011 791094012
374475157 874126259
1348749453 1365518068
671478297 1120125801
557091763 924833766
543746427 697723417
665614758 1373727544
507539503 1396710027
147555260 294028812
673720420 1322406382
583948740 691000644
640113543 927200197
35076664 175837569
214320641 1288315682
379816569 1323966847
771387296 855311710
119370166 468592399
739671056 1305108827
477626873 495670556
957600635 1137100921
148296074 425898383
173764419 307496130
567404458 1115607347
110806536 168250403
547737952 629996190
1012218865 1401379392
1154221727 1238146287
454651105 1222342124
17690666 669910997
445529356 1406263293
506259358 551188724
644789645 772434815
285652139 756396060
528370001 1387908786
842871785 985934435
1336936271 1339518943
648245737 930892995
42298562 47486179
463064561 858123678
617204023 906336878
371799403 1053876002
80575957 818557519
607179940 705931092
681875965 934246328
1084648686 1196837317
689055711 750535113
513294859 1405974021
558197973 938430573
713294085 1368520363
79504830 221538014
1119533397 1344065989
302815315 469753129
548552130 897852217
777926073 1346286253
298606730 505847447
52962812 140684809
51584641 192832652
1133697294 1299895890
1104009622 1241664300
1195779869 1388140101
173550916 1038159870
697802683 742542610
725133901 726804086
314561825 883442529
716165691 1390885343
241426043 1167702658
252937892 1139096712
306481487 940818352
939253671 1366879596
650780388 1242651003
185973830 427295342
263345621 311143933
421929446 432202585
421593928 732795081
464594483 659874161
1264546672 1377207452
1037539187 1221637307
1037000108 1246315191
881231635 1185761069
1353352473 1359999764
1159136311 1369764763
869769979 966717826
430404733 1075730416
213342360 777174010
978134892 1099456546
175124815 1237300454
590638397 880425616
1109851335 1156931644
456721128 781687061
339171820 543472955
94054530 1135798906
527078412 1379071540
367210123 763447431
430569821 1125364381
132986694 830993159
696195879 1116333984
381340231 656439242
267018670 813923995
173043092 999740258
134114946 883517246
266278111 707663844
1083902143 1372175554
1397393508 1402207243
1281727888 1282903876
219345226 249071156
79501904 159078654
1243690264 1393428803
738785770 946832581
786833537 994106213
510571266 624322784
988630793 1110957958
337118513 839657102
487140616 989710517
20389775 116055877
575323005 1229335739
1004360426 1375573345
109106543 1175988037
621890828 1008496524
561417237 1104624543
830666987 1070931259
369019581 1273669039
888486084 1090862544
596844408 877576204
158160615 371007763
660764522 712618107
404316201 857572094
822781905 913448167
1263383381 1409444895
484258642 1233262606
124462798 382042211
1271912052 1303547760
640964016 697475168
990328028 1038138609
1104226935 1207796103
273435552 1148092014
341338061 1396102621
1348012868 1388750512
424807101 846949795
913492299 971850514
1108673987 1273774086
55594403 390529332
696119206 1175969704
1246459757 1394548146
220366254 1040506348
202775085 580095850
508278890 1038288605
409787436 512309313
952757810 1028322416
544951530 1391267354
330177818 355890830
115689945 1300130958
1126543521 1272680990
14401701 1360199872
1280382952 1314020390
41896128 536778325
1290033436 1336453949
254105850 277022071
1012733031 1238838878
1182839322 1315117391
99160331 1103704130
141048763 505795113
521438412 555671405
982114715 1283534526
1077394893 1107682678
925850629 984309925
1087008560 1193319013
905183909 1097385413
447678347 556936231
784708824 1132673827
584433237 711227381
138224082 334021109
778916206 793734490
614740202 917281166
553486166 1247494066
430906248 1010593583
352429742 434156095
628558118 1211750171
709089130 931366854
203199444 697866239
256453979 1192083337
487809787 1131451789
2018951 268832422
704233353 863819791
461570467 584081881
207695732 575246971
714175877 1110723287
209118866 1217857610
786971152 912972130
1150533564 1191488149
294284340 1209530211
161777395 269616090
398537492 539844165
122239886 894019924
1256877409 1364205993
187545540 735143428
48228785 485166647
160885151 562087957
417109200 910483213
987607862 1009142180
385026860 499578650
1005383195 1284558979
623857816 749119025
1285399169 1380689311
471451954 485565406
828249786 963838232
1157408122 1180744107
1015334441 1088349196
1150037921 1298676306
126389237 506304381
627515157 691945267
423688459 1263134282
753196824 1395424373
513278589 1209414384
614760194 768164804
395782172 484583461
1347805411 1371861297
860954607 1319215899
635452257 663170807
1274118355 1330127961
410360540 846173148
954456413 1058398257
683733818 1143811454
265930650 1172317747
201128814 952672670
769827377 1246827186
226352336 789062302
895973317 1017726953
489914326 1026441438
176996744 705781557
502308795 1196099850
787901937 938381853
1178106925 1389086756
727198712 742245440
409690757 1285846412
170787266 1376004409
94244585 380168997
708353918 1250651194
290355444 531104144
527590248 603800553
529776384 709878296
1296111323 1359882286
499956313 911938678
1307288925 1347211651
801571233 1318655090
47104452 801537607
175650971 848090463
991418947 1095720113
33598043 273625341
671208084 1292676460
1286694555 1355274520
118901466 506306437
1198490125 1333696053
342821498 353064979
324660858 583185226
1394300786 1401118266
654300932 1029691520
379324471 589963686
185914786 229755749
489823319 866135401
972088867 1317097587
1344382456 1380639775
297396894 903707323
593112072 853700402
1087537896 1164300178
882125291 1005039173
256185932 685431649
1271094855 1285534803
231898569 1044094635
442602859 527888384
486923217 735721771
436073060 1232717763
834657811 1112996441
625232421 680359635
36095057 807776043
171056925 1243266715
549061236 868089425
143559774 684826094
1252757890 1359417422
394514980 1403904411
150019258 851002208
118423892 434810365
20255598 648699263
670445866 1106687308
420029291 1364077190
1282545747 1291867556
506432517 828212878
707784133 816827325
591173995 1098922267
293815569 580175783
565573745 672385777
1045723599 1169682447
183920030 976170903
146542923 668148112
407379489 1276696007
25747717 1113522171
626074199 659686410
535044039 773626276
572753697 1343402703
152074458 234062840
166467094 239269939
877887047 1106909683
1222473489 1230264045
717223684 1060159220
228732081 800197085
832563165 907447628
370117632 546128001
373006103 843656244
806534675 1102118774
174269660 515544099
80196558 592591438
437296928 700570303
24842543 390712486
1406655823 1406829589
859117805 917216161
175561531 1121284704
519518129 1398057038
100586144 882347255
208588474 1032740461
508192646 1056603321
292492458 626039641
941513940 1065803352
1272382362 1337495253
247708649 636055690
755567157 917995676
87364527 196982616
689582258 1270226029
520898700 952445224
674549712 763827804
989497201 1248507460
417701094 612964924
634145292 906429271
432901362 1087088701
1314969890 1374437578
166497899 901286315
870427575 1353657363
762341630 1353620641
945696147 1080447444
261665810 1265381371
94203485 607709269
624450506 961233835
692481668 1021374695
66086193 344127242
816081291 1067476316
501091115 697445489
209577120 813957495
847120581 1358816065
649345328 1053829244
561828944 679759928
701670712 1342739726
28587536 430564844
1406523665 1409369559
547546355 565321856
1262103036 1305849351
1389648649 1393256003
262065016 444641697
1203388029 1206164155
300657907 748738830
721447489 1024832055
1274341400 1282313808
605546185 661609479
970409634 1053556234
1348142083 1359685041
1115886595 1274188819
1364106252 1402900860
253542421 1118115408
207392769 490276973
1302786867 1375624556
355481388 1076158912
664494622 1206478229
505644700 1262700913
331687932 1161940036
282935651 676631036
534941464 1106210143
476285638 774436504
163377270 1217178411
936758292 1106087456
885308429 1146301396
915228413 982168826
815720865 1205414698
525651756 1052928753
540553703 991160269
1015026124 1182784323
673283049 932008428
1098913894 1377514364
162975527 1288197111
125801457 213658481
401128501 495886169
1048122224 1135636884
847383104 1084855313
485310458 898423006
1106134203 1316350280
1382102160 1383698905
713355430 1269723839
701500688 1119149230
243138614 1180296227
54563186 1321580492
340704776 1219244813
547249192 1288724696
79956535 635235727
34908473 438642484
517904209 1271146718
1234961631 1336723401
367259333 763699729
212043513 583959042
879764634 1364124065
391892164 408402532
265141094 1286740366
1323822871 1389783526
385428697 520691806
1190198710 1200032698
1334913872 1352501747
103945826 1237316172
827183650 976756674
657340869 1002042469
100643956 492524861
615093971 677740168
886105299 923868819
383317134 1050724950
357580407 913090423
754641966 822455043
414693342 1215144594
1065413650 1083742050
17028319 1065468948
255460377 345094272
824304671 1340557182
309922980 1136901363
404891945 1084197479
82386750 1172660573
238147691 755836464
875312428 1092083152
440334665 1206272825
852330165 967118417
175893451 1376725454
175975175 609092943
1226845958 1298742550
143
127682419 980448745
344044729 402900732
1173240390 1394426460
1027482002 1251821344
497731464 852888963
774998598 1045912367
22694066 133885860
468213271 746910234
1231251508 1301285219
48649902 387003472
1378812344 1383111479
184650917 1105493694
233755742 563492742
603609935 922475139
353140483 1211131892
380865761 1315491483
537462617 1160546718
521029821 980246261
641653071 1052507988
393364010 693350914
334274532 904775842
620608335 979647738
1000203817 1021156950
1337470744 1352386096
18762909 637645368
647198278 1407481163
369608781 816090818
187703259 532182099
388900853 654581905
440235408 1016847733
618747612 744518879
1081020774 1366719242
1136681002 1201092152
510712717 821330859
59485859 168781191
1359976390 1373480012
576589509 960016531
339786845 821235337
1079992053 1114877344
597998293 1261337476
667351470 1286825362
838501788 986428990
521626325 665303515
161039687 1335838716
1052692173 1294982167
89407906 977781549
1338225046 1379808804
324192989 443479165
745620950 790143230
987566716 1018831259
994473225 1150309266
52559613 753836215
544295585 887039218
291449204 664021387
681893360 982822139
729967131 813943190
6296896 278218251
492807344 622944559
292819528 821471140
395685078 998412825
401698735 463871740
508819789 1287642964
371375026 1250270856
347810925 975029667
958727113 988695000
284669181 877407776
529354473 610597435
753076519 1172858449
586241771 767632421
245640984 954491781
65808432 229701444
290816956 1150434526
277393240 743601441
99300745 311057506
451234593 563927608
583943118 775932296
496273003 1364772226
945478428 1185224136
901487403 1203305212
694540854 1407651213
545444106 1003373247
669754672 750218122
445108430 591997380
710876764 1404989603
1193415405 1231525657
727999383 1107786119
376016462 1166253808
366708528 1194894215
1064041419 1157893951
487833158 888075870
274919780 812347465
509058131 671089218
943125575 957484905
945307961 1150274083
473503305 1186208041
441893244 693832113
1068348260 1215645750
475808640 679890913
1211077372 1264112395
156115554 1346507935
35667906 1329940516
240085862 549628697
260354219 1179088832
163980892 826157831
680683239 1123769310
294130241 510085579
1226060713 1332828852
356834251 839838443
609718116 1146938961
45022011 57646503
484197721 674850458
1074566127 1395888199
201351567 1091679431
548441393 843456418
722392548 1204002671
1233460391 1378909428
536665383 917181177
1325474931 1356808148
1407590071 1409152512
652053057 890537587
543592723 1365052573
993219093 1324183444
701153572 1211247914
1278282853 1322169506
381890844 800883819
438524674 513232589
105713533 386103876
362435023 667281082
321711186 492766503
638239234 790909026
1019063732 1168018449
1260806963 1344288812
592717169 1199465071
546779270 954977905
700673336 1114427530
1063215789 1356176247
12975485 49482700
1283081924 1283795035
241425058 634786268
266632582 943306825
316782449 845021911
187924616 496289611
340532848 1247565554
962
208926948 832092043
573369397 1244435690
209117146 996021430
1153404196 1224997463
906697844 1181758008
246725789 1095046076
934163371 959281887
313957386 1316834576
306203415 819331562
608733286 964380912
621204375 1323779519
1047506148 1201897168
215147290 228215717
946831493 1173172542
440537678 1313132000
359452274 1399515381
420870097 1029341324
1159759730 1266522835
1258364257 1327643874
987357881 1275603644
934356617 949559231
590783984 770428099
241724783 340016843
364348194 1305512972
423825075 520136489
233426674 335924711
472219509 1360236423
390806003 949970621
233392505 463115658
499746076 621680747
776842055 1325641925
870467179 899638037
4555450 1279360432
1103012852 1106963051
637579550 973721016
52604086 779110327
210593582 812178850
1395207880 1400957508
35250639 586027159
606634570 1142472826
674580775 1159751506
1246623465 1347249996
409149199 786143232
143126394 161669353
632793919 881866874
208880307 262281808
444182241 929712428
49452642 248546701
803706339 1258929969
1375748738 1378320896
484624138 660258479
694477638 707867850
716437111 1315029394
841083036 968824055
340754228 468229972
552692282 1235141922
377975963 944720567
1164536981 1395187785
201659898 382259874
649208223 986163518
1372527562 1409463215
857700040 1387024893
1099267900 1322704407
658743471 957359830
221479256 460625562
395711476 714126597
717122383 948923179
508004680 812861454
875780214 1271841267
132987126 861487389
930754785 933611617
760944546 886854781
989988825 1054962906
126521929 913750204
97096909 762960724
741827233 958153167
1203124783 1276621363
329675470 455100526
681583885 995126619
473628392 1157390301
85236836 645180641
965589220 1291735564
505116068 1196967188
541022943 656889261
365419124 806561920
56984801 92390446
149682206 607988534
654687599 793601505
428283212 1055835398
276900752 794376766
543106040 989448309
449925354 1307897560
58020344 311668788
919194379 1268084003
676375600 1022211323
565697444 698096860
646435854 1383953743
386669655 1400797421
151562157 492859394
242261763 427514832
1295008557 1392928936
1305957216 1308661244
260734022 1253093860
1143739926 1407845126
22631677 522286766
732166997 809269499
354497960 915253415
1271426077 1300318003
1063000805 1277731136
583223442 1158888267
722065228 965633934
119174993 1176662093
301708443 645400677
319842673 707219817
1135370838 1158999723
1392086020 1406219689
1117465108 1184705032
204389072 363839560
1004107252 1347414737
22732784 1342832063
684302730 1250487653
294543646 786123432
1388662435 1393867391
515592485 1221857796
681925546 693772276
1398559273 1410043512
1199101556 1297029662
786961405 1216555042
577612300 975853088
423261212 1002136161
488869432 1085296010
579957543 869104041
441129357 810766956
134041949 690675115
223492378 1231075531
147133560 207193816
496913458 1125403480
454097194 818452870
58145319 62157871
118816059 840483555
448517035 1045298733
213782587 823779655
408903872 1111665355
683749417 991891390
175627160 1033966604
441825469 790592522
547451627 660150486
264377127 890714804
488732716 632468269
79025261 256420839
236491293 1170816297
70266531 360584419
395248584 1274844112
811735979 963092582
501833925 1259188425
246939652 962986239
211282874 1320204416
776581063 992985943
429225195 1335482090
706279567 1273879423
210028078 418191856
550126301 618602978
758532467 841551216
513316298 663157158
728584433 993555502
804113169 891197535
657024501 1385147899
1361113128 1361241425
737930931 1003255029
121759471 1365822390
613624389 768233072
588357774 1266223912
492947929 1342582485
242245707 399275130
266486003 1216585419
1229951226 1231941079
12445167 100314734
926974681 1036867721
384848272 969320925
295298162 761881183
767704714 927712911
932480879 1101631780
446226767 1332299171
269177304 839157313
1103580145 1174295585
747772045 1295848855
35816058 207637718
290319721 588528810
1134724077 1286501383
546694322 830802931
527363259 941607986
1271174157 1333201880
657399472 1001366675
405508753 620781368
584980005 1279873784
182834078 1083684473
699333007 1108087644
415434549 837125752
81924774 515053185
1113615066 1126858424
366984974 751541830
491699609 521228449
362738988 405559890
443260847 1258758265
1187134863 1202840263
214883141 500675861
979494812 1371875113
849994259 1264877428
267960184 836006180
961798419 1373489441
719625361 837054393
849370505 857485220
842941884 1102188431
561794819 1195328474
659262309 660548303
578547471 1102852368
1385906983 1395364717
607448518 698858644
1231679725 1368853270
1013866777 1123718220
1122688183 1379545510
179047575 239510306
82971925 545152170
488101581 1252999068
611819770 1307160719
11007308 1021323554
1075591954 1303179749
524757930 745637191
211035707 536022679
130619608 458910341
1188908027 1332220601
693813328 1396189988
145743079 362698567
1122633125 1376938103
985367803 1020497418
1207995652 1222335240
300329347 383877090
846186865 1030227781
1374143577 1401455334
71255616 1300194950
1365534484 1398681270
821633972 1396567662
333412895 1332898453
1351264072 1389470523
363224272 502386246
257948038 1078327847
1294221065 1357104728
227148479 572956321
1358843778 1364535369
1344466883 1344899687
865390108 1194363362
731265157 1005176951
1273761015 1341246363
677704649 1000116077
538187511 707120467
1058267264 1167825626
485226836 925367156
134511357 1159651202
1287981253 1326691845
378933515 608281705
1335955495 1372389600
275467546 1220357736
392147830 1155163921
277435416 487508910
141972664 1078363583
952029408 1157950726
1100240512 1145197899
713259383 1123111579
934982325 1219949160
181724830 262130947
233239156 249453755
1026607239 1119288366
1358206569 1406275525
596550591 610486789
1204468747 1218890201
688285571 1041955618
52650253 1379186685
1143599692 1207665100
534472074 904879719
328131075 1045377300
560927693 1323658933
673336092 932775352
439085209 1192103769
563957892 1334866491
58822079 830000973
132928765 1316759647
285749479 1250522550
856885754 1398228678
713634478 1101684282
1109375785 1388858926
1053409608 1366206223
280295609 975480080
144673447 706808231
478310641 512245835
748213012 1165371237
1276429143 1281773503
506838928 1062173380
713537571 870485864
1120571644 1357347916
633529913 1269809194
35159089 254993305
221799386 616349081
1091064988 1127445191
1044726265 1203890462
464702880 815609942
351091891 1285002556
56584073 450018088
325624513 929374685
1253376442 1301797541
543539037 716364879
271226502 1257695871
1000643696 1247672272
1229800267 1333473143
1349974615 1375050644
469801794 992227159
1190840083 1234466188
411005449 1121795861
143811342 427931483
859762353 1344398034
309440238 388476752
528945759 1072581481
66631355 397974096
522066920 526584093
22260545 256624843
111739621 162020115
1203610339 1321022705
1394421007 1402140299
56074876 534995599
486587092 1365194010
351456524 1162699662
184366562 430095603
391082631 1339112266
205663957 578465414
804693304 996861175
721046706 1373652396
381872989 1037787782
1351448363 1361408391
724220492 726408218
535654638 930490711
157084166 931946631
406967263 554972068
428920628 517219643
1364602812 1369193590
850551237 1206192029
456224118 1314146292
1050835876 1155055450
457511182 883361495
653291800 695851667
217143935 536457627
1067244216 1314954682
647023923 1054374086
252629936 1016041708
436419555 710311207
455836084 556613121
1347565807 1380808910
211797641 221139366
404021168 414371686
720108752 1334167255
165672856 1165704417
608827142 728169544
915270654 1386896545
460431308 978970879
1322986645 1398333507
93336929 1349792510
679268616 1191461916
251343761 954514616
267876217 817854047
5919488 733922115
721741696 1385125070
257872449 1369412708
912567150 1392993497
486231179 1212966316
1158410746 1242567556
377444989 445545598
812242115 1123406429
1089365939 1302189760
543547832 1271623004
453468833 879694356
662451393 1144008004
352995364 757917101
644259132 743062451
1216634975 1366855170
368299533 472853473
581697263 834400691
990580889 1368971528
1315088622 1338927263
289943922 438621652
933326737 1311859911
356909360 640839709
1038141864 1396534974
500710554 889963570
513109320 860149404
235854946 512484110
1409848542 1410045118
436152877 481100490
359693138 1123430200
501610113 1116964137
178103873 511138630
125683808 167435490
1021078122 1047552859
192297180 666308537
1345385991 1358983922
1047600357 1301395491
157193604 910938656
27917264 166525797
104996315 498772526
183791306 963633113
1251665818 1271170206
1313273655 1360373412
1166279186 1265004882
1370774703 1374434665
1360064551 1371469694
822845828 863799286
721723847 1015994152
221613931 1221314205
38129535 510181977
280520588 360823378
813519844 951152210
632859390 664593518
715828270 1063648593
579016875 608822825
413970221 848097598
34279802 439353350
895433249 1065147803
33775845 752457921
48073416 1346555915
10276144 155617491
1096850475 1257609047
792591365 985156111
486654180 541972655
1201025347 1371292589
388526118 484865976
219627263 378699816
350793868 1381052840
655024524 1197941651
802034136 1049686910
377435678 1239432169
413515685 711913495
33382493 161763525
225114186 300456272
954918029 1067464226
499029424 751408729
113299078 140918628
640269637 1069573999
345904012 1356662096
270058455 1096115417
1332561859 1365058422
130015764 940511870
11887908 672460961
1098322539 1321325657
435414887 1346481325
111128781 148060665
77191242 661439068
250700727 831242634
795323094 804857794
468934849 640924770
130282947 1052919645
854758360 1184945827
1259894104 1334487055
118147270 533146679
1366104871 1384171662
721971486 1031229930
672766500 1347132329
689805695 1221158898
1214897907 1290466706
297465852 1127582016
714699710 722965732
651935211 852413177
1289650781 1335800422
276273572 1144116164
216467740 774335160
744171459 1215417367
959511432 1370718245
516583383 1125311597
483542779 499144064
81240445 1262187113
1274389554 1353064638
732954716 1272189458
277664153 838530837
200753915 217156835
10538743 325663879
1027411572 1284731676
194164866 224886697
735951409 1375611558
564995787 764368954
1238295538 1372273395
943796297 960510386
201272425 886233260
629712461 1136297680
91071473 176065257
1139822416 1375831365
1104867522 1290011364
41749000 398987489
663431252 934232227
218935537 718816143
541366334 566476427
59176644 944381410
202254202 511594745
1130630075 1165158365
440169298 512812583
1352929930 1376670899
574469846 1377851906
190325127 249148210
129881332 322276505
519175405 832588877
295667538 523929301
563389855 733518170
721625728 1013874874
1302350025 1365237856
1295619017 1298630187
1059691315 1323657808
559628266 621303164
168182652 805741394
1193956809 1233653357
629827560 971329734
657687355 1333704463
659846995 1231097284
533353631 904403283
656822307 1151353976
857398821 1314547176
1097561261 1232214005
1121534519 1355153660
598388855 1327751647
589302857 1055255763
667775766 1105169239
27042164 380359022
617366846 663097402
457455721 1391112424
39109959 66343042
126275817 565183066
867949408 998047805
1261605537 1403881635
591848669 613226315
19006761 1342270827
853910196 1335792685
523979133 677230535
381569080 498436759
431533339 624309349
1199495308 1356384894
509039459 859061674
250750670 1126060779
684194544 787911531
675163751 1209762556
520575408 805315802
676430291 689408371
798490581 983371402
677980846 996108651
145400475 286344959
549019932 626756916
655735886 835409463
14062385 530998485
74759830 284505055
382102944 415583249
428884706 793635324
170566297 653359457
119214542 1397633205
401194188 814330809
14346920 1080381752
276643856 948201741
1223123469 1280481036
397008339 1229326711
507764395 770759177
564143600 1382021018
563982624 834560418
1054931847 1089115767
383190854 990256967
725845525 856965242
662286189 1282982814
1257622359 1332064837
562857490 1284524747
858254388 904471664
487047775 595212025
133191592 508084360
170680520 1345961405
1397363792 1398073689
1082789373 1341912828
1238734204 1350354391
490811226 1305310348
628459825 700619676
659026081 1129829462
696671046 1159320676
273404197 900420066
18182265 720783756
1241366443 1262565110
878737463 898261022
632187122 701715248
18791353 602998377
1265543109 1305275881
465576307 494157773
596934436 1282236051
478118796 512504748
336898802 679409440
371389447 1266375566
642866516 1166521582
1374646220 1385056004
495437455 886024931
619597950 942265119
1378446914 1397028030
901124404 1329360458
158612225 396912334
872002163 1038190997
257185992 1048308779
252117784 857984844
118658715 854279109
808042609 951897709
63585325 749377745
598662423 773765177
135821604 950400391
430479910 1144633519
478300215 783261064
1165382345 1171850544
101773553 1280341579
269246601 968803435
397612707 1329791714
370097403 743712704
355959395 686982023
52231583 1102621057
507945973 861574929
66887110 893516713
1018139248 1019861749
778011361 1303634978
656772316 760231884
436072139 569872895
415983712 637877052
1360911240 1375446623
146348413 684654118
502010426 724948029
334073575 399376112
97482035 705818557
191150956 649139486
847903094 1180393875
815468648 822792596
1261950886 1312313503
427875124 892017779
191548811 1112032835
1315263968 1321765193
747714993 1216600033
188890527 286224251
498077612 1130878836
1317993427 1319159779
1018813275 1169249690
1166860583 1308191483
497160600 771044991
1115034691 1269637805
610283262 833745251
584331090 1070484682
710365039 722113317
1381856395 1389896975
310554835 926976525
317446592 1096438936
1281052263 1397735426
572706200 588512803
194416192 352258807
292316746 741233440
273195399 1266746930
220679391 1301411351
832158657 1007583313
495278453 726640829
208173858 1395742008
677002262 1376603284
322672212 867413703
48548355 977471781
351918042 1258463930
706115970 828446246
349172418 901119105
592449664 741763812
862853489 911877995
313950822 899974046
774171418 915016266
364154115 740273731
416724363 1274898928
544270556 1325020761
653603924 1066989800
469166468 608195137
69340730 583603084
99464751 709122867
24908759 126544956
527500952 1136453004
680328200 1267418989
1331022467 1377438095
1017034345 1156115324
1314031672 1377187913
56243890 1249966489
1406470731 1409508145
293308350 329349042
263125036 304283449
180387818 558928744
1194384886 1391613580
169213856 1050591349
293338891 526112496
151143626 1007262896
1154474946 1182119694
172995470 447062428
295753980 1329246682
1363988661 1407722342
188007324 993782253
865241359 1341102388
10291899 319151856
978730498 1407054400
1137558661 1315118380
7372623 1008597027
956767066 1214332942
215045750 593417345
943790830 1154115835
791457705 1389105717
492379903 739947088
1179170706 1330238053
298632927 580610427
1194102569 1212551782
1251378790 1305451964
895556659 1235197098
338318583 1218731603
849631308 1222735534
75340558 608978016
254694124 1285535042
365249697 989215241
256888412 406156995
184890176 1103496935
235730498 543415260
434970095 848866795
1171683677 1238400286
531706181 1143812748
1165975963 1266143844
432749839 698627551
821758791 920102851
308922558 458774496
738238331 1242684872
729142577 767982049
655210762 1121522636
480920740 843983018
1160202117 1322979785
453045378 1341973346
77070237 692672134
396151956 1321560849
792949821 960285728
636757594 699744499
379276061 1307544605
1013552996 1013802055
1161110146 1333742572
226292951 771213801
1295657894 1394798832
71814408 874071471
314732119 600494164
588286629 1230920507
631907709 1008334115
1177974141 1359855728
340671056 719850833
26162552 144632571
1053558698 1229246489
73894411 282479982
1299112142 1311989120
392980881 917986507
1057317426 1377158574
1012814378 1104025593
291543011 697447894
620103248 754660312
832236139 1290601659
294627554 1193733989
526332535 1165695841
221611956 886240046
867900964 1165232339
340547427 341322483
539878166 856455018
1314400327 1408385030
531735492 730421598
428501311 751339448
132428408 1161369057
378862284 834036848
173719382 462011764
1174348384 1275464701
206595503 607462141
773670574 1006576266
730892892 1339570450
1127150300 1138695915
686457237 1070131734
286157339 1294810233
654124493 948405364
115201037 317430092
726265546 1077899947
677479481 787074372
994941828 1126708479
913620631 1136458260
176846705 653139103
417738211 1140122224
327096865 469907951
1198496889 1203992172
997536143 1004371658
1386685140 1399522087
237374494 1300530855
538182137 559611049
1369418383 1393825491
113289532 1244591582
68491401 542511750
39048271 107047086
272566879 391302435
986846503 1212751360
20196780 812014592
667438152 1313577743
828553798 1021502521
948897047 1156493350
82583453 941766761
1058428729 1216895584
23384384 615905097
738211034 778294581
444344950 797060343
745747474 1066917651
672233862 910184190
636093301 1202777718
1198974381 1382871700
323959374 626052108
700548276 833049461
50313360 431323815
1040903123 1078562108
1119544367 1183729593
364653945 971800608
730809835 1053203263
1007134641 1074877748
530225517 1141204980
276661231 361703622
491617444 1205259760
688348547 820637625
1154437959 1393129318
944534272 1048543418
24155 893011442
871605461 1384460479
245106343 946187384
795701087 1392457412
1335071133 1409083483
1212161328 1219603120
992005322 1240736868
448394775 979993917
670956776 717098891
127874472 187050937
133702290 928194901
106322587 696860173
1030968166 1388783383
526738688 885074975
576867951 642131498
1195050495 1220230543
1216164383 1361688949
250555868 493269869
38403234 835301845
445505182 1394337017
93318197 1284318179
62177359 80380247
60628259 1035354308
387425630 569563414
519909488 663781161
362681263 887132175
745523840 1350952338
462816113 1042235188
1150127676 1177758019
73521532 784917001
759809153 1338925214
341521700 977854720
415401932 902338620
1011914717 1211175776
260781401 532286091
83142693 601246017
465005323 525017899
410873813 1191463944
32003005 542220294
778391899 1061064054
191531662 616748695
1088784716 1337934592
729997349 1261862080
328582187 1326537106
1055940530 1365705325
696337568 829117054
1269633802 1292789273
730419917 1247778173
18981530 1122858002
568933170 624979626
908014064 1228775131
1093581064 1314027191
417880230 1032133371
452045373 518076854
222071941 921710715
874771587 1163439540
797473210 1207576102
418707691 1144131979
1356869411 1360347192
1256839019 1281306838
607217748 1113539233
320756839 949853476
324317075 636064904
1388481581 1400717578
1064806459 1070729050
69275245 763831867
1355414716 1368830208
1209670290 1235965911
1087447928 1186435622
626276496 1197556386
1152046526 1215937005
613096533 967021726
453443766 570635997
431803464 895544897
1063013516 1102696586
1135933724 1288018425
1399940664 1405781139
1313086812 1399246887
1141464081 1166406380
808783733 1231062119
14873646 1053498884
108888666 423377466
1187687793 1310344190
1279912485 1339245644
460324071 759142599
131235887 573422639
383591405 835506275
437597941 1164504023
443439439 1103416619
724160511 747799522
1141017223 1167332162
169409999 242041466
1397035926 1398493634
601271264 753099970
169005658 615917984
1229813992 1258143113
791405060 1114254821
168038655 962159963
1285456981 1295406992
699909146 1354196521
451484506 872222546
1274178435 1379614903
8938701 74926609
383004619 963492491
209675825 937977516
517896704 1351992713
1266592511 1309340068
466663708 555498497
38330444 1020389889
1096148057 1280502760
562933381 629943969
32561916 61729835
564309687 1011347858
591030168 1352601944
818995303 1322536749
777346457 1064487891
442017608 451324053
251288008 1083314179
311570743 1367653912
333730598 477136028
281742260 630119798
269847307 1096763873
970484053 1284197821
6680310 1386062669
910038636 1264952791
1219967616 1319754374
54614118 68684769
124556666 421009989
103272691 634968975
1234738062 1314494413
95909011 118711566
209204608 1058962626
290605896 763626329
798459326 1311311137
1018011153 1134501992
1321219280 1340728025
623424426 741834270
359188281 578989968
48307980 743659632
