9
408
247635882 1248344075
1383339679 1387512409
124524292 1363439142
384737211 1218171745
466140842 568774004
326630062 1026213544
712746196 1047405591
425206004 565368769
957423948 1361752816
840280785 1090387722
471910166 1272065068
856760833 1053026043
489296785 714151850
595682896 686925882
100093651 115158023
56722833 973772266
895427092 996270550
971517885 1335929808
246645205 914656853
1118536715 1229581545
901860155 1309427733
733178335 1051256380
1357780719 1377177692
3746860 54420637
352753977 1024845778
156184881 377126228
79586035 1335204656
158802717 844534118
152788774 474604642
1252412901 1276026606
43890893 761859920
429010692 575187539
1333925434 1353095162
223633080 1050235137
383415912 849046702
215942157 767503805
1338169069 1349030719
226737619 733803490
980852304 1215262827
659447890 1084066637
58045562 849355457
268233159 511603610
727976203 766562439
1371835427 1372306715
725166106 834618046
506945853 1209122337
12356564 972931967
1254702249 1278142876
72257527 154525864
1294693598 1402169900
414073107 962279840
730901441 817670537
1068647573 1295440297
1221086129 1244185103
620702143 1128961836
1365880998 1394232148
572043842 1189286018
645003980 1216910211
90614156 1014127791
761958863 1089464133
1036353231 1232769071
1258386978 1386336825
58238603 448028837
670486762 1181595723
506071701 803833532
250794221 1112196460
793528238 945715109
678327050 1233444784
256091793 443879234
296778948 887586363
146637884 976607964
435715935 822359177
716085272 1226869752
752455553 1042151895
756404530 1198113734
145341446 1348196205
303247729 1078302011
410034315 975259395
188330043 1037284070
1391835342 1405050838
312797524 425333004
1137662728 1300345647
91387517 736766928
652659977 825071404
700993033 885135638
1143330608 1162884234
61019299 1302685488
512696764 1303895138
838479827 1023698069
185826731 492532642
253179842 546681124
228403893 1269507355
144350395 710992001
959800511 1072383348
372612603 643193540
1287408017 1397103908
867694315 902080628
512665523 1231570151
417815574 631758862
203194993 720098951
519815487 1089867024
150274480 1155677954
309662807 611004815
447874840 1128554026
608825520 1125057390
1899015 1368628050
664833377 1044622325
875710890 964965722
530874307 587876683
525618325 1095826737
951357152 1105076461
154800439 679393289
103978008 287939432
296094146 1407608688
1108614215 1153084844
736077531 1195411253
1022333133 1316024325
689451591 1071808957
597559518 992596751
850358022 1171514622
233640780 888209885
827402175 944928276
766565116 907620753
317423456 1176843918
17897145 1250681116
572192679 1231006855
431983380 1006540831
379844135 736433104
175594781 1406770012
594820944 792953197
1023254011 1376819856
889368859 1145636280
88319983 1315664803
95131634 661635242
703602836 986801522
543008358 908393039
418056366 543031544
338524897 1182300581
248961461 493547905
1250577116 1366418193
584383669 1408014853
1004333705 1012523479
824875525 1203017214
252674489 957008231
209187399 502844964
695374267 1005965439
728928291 991601323
74840735 347380204
407985090 864952919
23631718 58022304
360960582 1195536460
10446709 84704041
1303558222 1311573157
225137105 525113343
236106052 311832286
348016773 1213345851
416845936 904535345
578388220 646470228
736866187 982778569
45162968 740415289
944545656 1073383755
1344364690 1356470359
391585173 717353781
626210231 657203614
531594647 1009734944
26734273 771086062
1192286173 1223112379
217890025 831393374
142079258 168943472
537294283 792407244
473198941 1104857370
200794612 309330738
609855517 1353568915
307535658 758808398
398254091 1327833695
543107470 1043000142
326679213 1193595062
1084737427 1155359533
231299066 1141573734
1149787898 1328567686
232120366 595319204
267758658 823559837
1339595780 1375991101
296879108 1200139081
550789499 1164319266
101337675 721196284
29734420 85089915
414872776 957333904
440228894 577446510
209648083 967768777
115807135 321820227
466500761 673265765
969169277 1210238984
533042073 786333728
535187890 552299074
280594832 1206539962
685294588 736260922
945584127 1173487324
294943437 301860514
1242884524 1321499328
378467932 968063165
47339400 707263133
1119029067 1393119451
1053591690 1188394336
1033795791 1358717166
882703756 1271338640
912288824 1020258756
391904778 1004934812
357872039 1405791433
746803863 1043946759
201687735 827000856
521648782 1246576997
1110813306 1318141220
41167000 95628489
223901011 544421182
1213141632 1314967983
199258417 420526126
349629422 1066119047
966951695 1163103859
112159602 1395366569
468850515 850556924
153636082 163421791
970760907 1308598140
542898644 1061574761
877873302 912356049
1266178701 1270720990
481868929 631994487
302196551 1128093745
498597988 804369373
1254839026 1262040986
96609388 866243235
134856176 431485469
681453819 1181798450
299798672 755336639
207169283 539710235
363337288 778363985
1210633554 1244182493
11891167 1333460501
142662515 894819328
738621799 1378998785
151383523 249575292
658049918 723755517
429067512 1001494835
341672620 462956037
693039870 774353238
690204903 898570963
908432962 1175118288
113608781 823331180
885524045 997516013
82162846 131166379
1340730563 1369154843
636506933 1167075745
570804161 678246112
996148636 1305430337
670288019 1335739657
230986561 617855519
652646624 1387928964
468060261 468898724
444866632 461017808
545858966 580371298
89841758 534855726
628335363 1350949644
735938303 840556132
370651107 1005478107
1315531352 1319447918
152024030 631650604
886897998 1082619538
1343910812 1357764494
277240997 818372284
540258339 1034066528
424231172 780371191
716478850 968581193
11627802 413126202
328953644 1207959845
287024600 863533281
708358694 732853985
153023153 555664778
378629425 722926001
1285383280 1377637648
218994965 846848025
672575724 1327104217
861957146 1137743790
1184653160 1274732009
131135725 215785625
314171363 1260286527
221482563 592410101
666139958 735803445
398478220 863231567
578701796 648794479
192947109 621642329
250615847 495689915
136745490 1254169827
212898432 576171902
216267390 675543667
214543538 661588948
717435238 746814780
1221632380 1370515563
1065538978 1218621012
337362180 1356698438
181383293 277833914
650752764 1043896478
489128683 867611554
632087386 1180258805
615606929 1241789615
1169122518 1372450502
363719029 564052857
1184300977 1275116357
788424707 1055889965
226843637 729624192
650309570 1067543740
378812369 620016410
385451419 1362305204
259064617 745665768
663629498 889617699
181402530 746396831
296993373 1161194858
962481109 1035971252
339661646 841155066
641199743 649638515
521285932 935043834
859729755 976626353
49003803 176966835
1247135963 1267950544
310086631 685462767
1126978340 1364420902
504274266 1227132410
436329585 883819595
438415049 1122121939
1362532294 1409523782
607063570 1409292687
1316910018 1327185186
50344749 809211359
273588867 576138483
12468773 943535609
803833027 806431672
336851441 1032932261
195420976 373478629
338552790 1087924187
353209556 1299703263
489084485 1048680078
1216287568 1383291617
1016418276 1353677372
665582446 910802554
316805745 677354954
841343454 1180627213
635939898 1232324435
1304785727 1401016520
963926259 1401815160
378365446 562743215
487063003 982491819
350556275 750069837
24518929 606882774
46346732 1336816190
728978085 1298086194
425101692 537028573
1346182809 1404127230
537164080 718675021
585658349 1186152837
278249101 1406104820
919145871 983780769
145241529 197079708
736945177 1166780570
1254055608 1288474649
529646324 716450709
1351368732 1362732624
107344333 353186296
675906611 1093957072
1070865631 1333663415
595698572 632228398
344310842 553854852
1350979658 1363606338
704375973 825666237
144648244 945374783
186041517 343912189
1373169179 1386541805
188443321 1055090107
76715363 1298440208
284662377 1234254101
1148954104 1261046362
518205574 1278322642
1351904251 1402930878
665593467 1274636912
668939809 733913190
714272113 1199781483
678924271 972530101
557229550 683197753
593281081 837893551
827448519 887627512
313886412 930729574
745425332 1037687690
1090233748 1131330658
153050922 998781899
410900404 811145059
430979107 955565933
796643162 1158837827
514420453 636062035
212784162 940750756
77316282 1254213127
80979455 151773845
216681270 1160323289
504587107 1175589598
540853177 996975418
478192286 1393795570
649082708 977766121
897519024 1007331941
797845424 1096663466
265983816 884189748
494875364 786416345
335
741788261 1175475808
316241283 828076978
804492957 1029225644
383833727 864277519
521391462 1074785624
467579892 470083120
588542461 880540280
61465935 267830468
243683775 1109800615
599846650 827031563
556467617 1220895272
321024603 677710977
5830585 841177033
144904889 1405211067
571984643 1408137664
657324109 1141995266
1295340461 1320642290
1382610222 1408007222
375644990 729640724
297414584 1237376730
294998121 1040309178
525249566 580092120
687054796 1263886741
328104319 1351850101
550301512 1136940192
175446930 440683953
988475844 1161923456
701107828 1161779872
640574665 1053419046
370696313 908207147
574933891 602039805
228715349 588127632
544411684 824862563
1202859137 1320887484
763767790 963806770
51249787 543804343
504073279 1171970685
123005532 759900441
1216767667 1308848976
998617588 1053211261
485842947 963680227
470673155 1134962395
761698384 1197976311
396795575 574228720
116851684 167612652
306963085 801220246
1160311963 1346157938
825816897 1034346207
1218466354 1369253887
44826822 557045501
1229883975 1370521018
165425626 1002764890
371451755 1287375145
265685920 580467881
244528501 263718056
152933420 761981512
681972659 1236162530
1074470682 1395610407
215339876 341613736
131856389 356395421
691519037 1126183452
92624948 1344249439
216030403 785924229
1358648940 1382951897
1338166039 1397577245
1215714845 1263864084
501237834 1213676011
507749455 1267044965
161297371 176967658
115616439 497573777
70874766 683567397
718910863 1141971477
356410138 1034566834
759528696 1166480207
206162974 326319792
533338395 1227271326
985428601 1177871730
584909285 982901268
29490854 588395921
180680295 713262129
16448250 551503750
782526009 989948994
554743122 1133067143
443344480 500069452
658388680 1091956201
1060200646 1063839435
234469599 334314326
760986574 1243991185
516362120 1325631666
179496784 229565589
1260570381 1404753597
421859502 1057395667
125260814 508924319
167197015 820893444
1159104843 1313997939
245559256 794988214
630804469 704297610
205035037 873206710
370579961 613621141
512001078 631516743
70605683 1021905788
110034125 455769892
1190548329 1335731294
51752003 499058247
679673189 728928487
1363088291 1380589182
415120282 1021086368
845509254 1227472606
689641859 876164901
150772851 869864833
650791763 767757489
684944735 1361030725
1225684006 1244365820
2648792 1229923051
682216208 1120705083
397711938 1163746536
969093373 1198242987
677442081 908539910
753726445 1144283596
1313122885 1340473078
563213764 824688011
940987012 1354718686
1278461554 1370119181
319247265 767267947
114457033 160050645
961475415 1283537602
86836494 310470035
810003819 1330437457
922897083 1288038304
161121614 585755260
144071557 1172242928
600644822 640012501
1159152439 1332941701
1293052395 1303605022
104623266 637909793
1230631061 1392326295
226708212 394734104
151932625 1016725466
653824772 690772419
170347852 586716443
639472767 1274861626
656617817 1322407197
485318084 964174366
890872607 891334140
43071489 247360438
650743011 1382553471
242944343 741256497
823540418 834794308
520589929 744196696
1385787305 1390769882
1039610079 1307876134
38129071 708382639
532930564 1371410141
1169641451 1275436307
312542168 1084276601
187855685 685052610
721225 433468422
66330875 176764649
348435402 883376163
558019117 1174440124
29527151 523399321
413772110 943715631
176012670 851229899
523567868 561314134
281253410 1315352624
455431335 1222767080
321458382 739746015
401297199 871713410
736147290 1120857377
681679622 1209903644
98399762 200916671
1264530651 1349353806
106655256 193631768
1095188211 1232263409
1183639491 1407194563
192076207 699826500
1193089721 1352937094
274073416 387501371
612844254 943113859
482617647 679583657
262456073 315252974
76287614 422625657
186900500 891018594
74405931 77431225
503528505 550052980
97427282 1192333537
79504340 1377003825
1270786307 1341755450
754030714 788958476
2434082 161371052
1333768902 1397854126
1196667410 1202130037
272633053 679165391
350075981 750783082
318990387 917320622
492221797 564961202
554744744 739458195
1221252247 1256568734
729388929 1391810245
348781209 459721655
411424601 594976034
114782538 653543064
1361113518 1367886302
281241984 1066882304
1018562025 1405056243
316249748 967357583
119524234 986527916
561498599 1072381184
400471082 1048318656
930311520 944013987
250566913 574334991
861517468 1210765762
997494843 1244560451
1197101219 1255014494
21728706 683548561
534295454 664515680
42703466 215417117
372896998 1219353943
553756434 1220903911
125521144 844579399
292582168 785213294
793270656 1043768352
398771865 1357194900
880072133 1268897051
1061857369 1176753300
184042692 907555450
28533118 142132999
885222512 941935800
1293192574 1365143104
31307294 62526154
1359115016 1403824586
451993342 1111241623
313303724 962364332
308603618 1346449853
1357301174 1370875821
412987418 978349755
843360831 1404159375
680198210 945381210
1153673594 1313657248
1000878893 1324029325
1197365651 1337557319
1327016631 1347698037
1259465090 1321500788
1378580395 1402098309
622868093 1273543204
525683909 1259040244
554996669 1015006475
1201177964 1215700600
1169986168 1408923470
707998961 1012768411
1237974032 1307734392
350504379 491572737
165715053 942390433
1152067677 1225677226
754997475 959495152
522603106 1063941871
2108803 270825883
842154296 899280789
114663032 1097699255
374309357 784633513
260915547 860832395
344078877 704619273
124240429 629783006
329089518 887533696
82000332 350271005
329310475 805949694
765278906 1075361368
999369194 1034754871
35914196 756255323
418690681 1194060699
79389156 1244410701
328418113 870133009
360872797 595783329
877105857 1280079777
218254405 661558493
415288387 572039940
185507624 800839740
1335191024 1405655769
403636022 1294985572
1030755898 1148191012
553158108 888200699
910003100 915088494
86213860 859567185
332499997 1117965281
1266426133 1360065711
24047195 311349756
562223634 1282934242
1067748657 1173858000
952039162 1061913547
807709698 1170773822
442854717 1053850691
697389263 1232032352
965314223 993145969
642841027 1135903007
114365943 844812730
520179223 731082270
58456994 1378586188
88574153 1338140803
886624190 1081178184
122885189 659201855
177572242 803513114
550603242 1213184584
563363520 907775048
605530607 1291974728
411376345 451608233
1700004 1389675079
952345869 1180131834
484663129 711836463
645406270 816957432
114401117 958632555
195799672 744250026
1273221553 1407299213
899621222 1383165719
436756653 657099560
263429360 1027812880
569638636 863326476
223578298 860099151
1169621803 1208939977
1320565534 1385254145
566850421 1094514479
110821680 1018278263
948218627 1195185125
1068298926 1231953333
448310519 602090739
1310853235 1344871413
1252045373 1364404166
1297640292 1384815723
332722951 608786725
160323411 545211641
243566229 370434639
697776124 887147740
387392603 804373091
81521236 729994562
1167711550 1191210534
263721334 361587052
255
582727963 1057281303
203163554 458961459
1280216943 1294865321
818784550 1203040792
682402715 1245788902
953780512 967486339
868111310 978011668
521908035 1179210108
657529945 957659990
1147308109 1193044395
22113524 136634276
580962256 747385468
1119322858 1313474238
67737206 166180560
565984615 612620823
317935795 1048550273
1373176831 1401282566
628229159 1347495827
391684287 720410865
112821276 954557222
404420645 785287971
56118304 924048547
66702047 738219027
1082139610 1326940251
345186290 671690205
1255722257 1286968258
1213178408 1380510956
788677084 817951405
356508528 1029758340
689997095 842964039
537850576 591449956
563684465 834293881
674537778 705689691
601442167 878747084
905339961 1009176123
763076016 807674166
569339011 754330808
858263558 1300635406
175121404 799655303
272863756 894455000
827494518 1205339214
984256453 1136255220
675703040 763066227
1124580084 1292809784
735494386 1297250375
176462550 907061941
388369351 753185198
1116793620 1216986267
787949794 857978988
327755770 848727415
548978648 631006459
1240016520 1258030162
391202850 983657785
50219249 766919411
547742973 996332188
565560858 1371381385
513010165 1236457557
115578929 947177074
5137808 435997091
383425890 1093304062
43809769 340932687
995662134 1152433692
521631272 546959382
452640868 833905095
633918368 984104583
86872404 422370314
1239453059 1305777303
473756138 548142379
712830164 934956942
54652883 440961494
171148851 342284666
32235735 127462728
1276116869 1381296763
289397946 406460005
413623975 1184362946
137062177 228309112
75341100 216095253
121023117 903866057
650584712 1266120617
256876066 283508112
134449770 536363191
1182144485 1194145643
134654835 634868110
681436309 962797062
231393676 1189541431
4217516 1023487572
76272024 137944907
497291069 954143915
1238008014 1300946580
563874640 1008481856
539348930 1146372036
1275991595 1389745514
1217460797 1322655740
1022597983 1166092125
494589135 713472089
564203818 960646732
372530611 584887127
282481462 1192314735
716798875 1067755793
85906078 757315201
1307505706 1333271774
6980538 76331613
529177838 766783975
472301833 1111051405
681609866 1295001576
398768498 1158217670
424411620 712504741
1115646944 1140595915
784249996 1283780798
505492277 1321638667
614177760 1017051695
216712570 236508521
1391009630 1407702474
27421552 888928454
1397838345 1398208954
664943676 1046751752
124091967 354560420
362187705 621936329
145849064 854469862
600964676 1023335701
62439953 669450018
526254872 615300499
471294852 858487333
1051767625 1219817946
319818685 692856859
675220548 1152201063
16150598 766329030
533782867 892186816
926542806 1227133731
196746711 474835856
235897430 1063927517
266288549 818272803
1160833234 1380125705
1123330827 1301015708
504831819 1052749118
330320875 449061285
60718040 480581659
326124714 1277271102
97493871 328638687
682326651 827415775
539479791 791828399
466498093 1028508686
708826577 752898710
1177294663 1259997677
752373251 966330661
564651066 752063764
149534720 1347478250
359022046 1360308389
483033899 715292190
204692984 964838599
58023457 607186911
108436337 323467625
1116826879 1131210556
93498364 882933851
16823987 24219201
546811620 1165913423
371361021 1216569667
63097774 1041862276
548555845 1150124088
1313079130 1356423930
653087320 1112898703
1006567276 1117390488
685181401 1222559461
1342777496 1395600533
684825745 1092233916
280668131 409205825
1098558924 1208783786
518572387 1340020803
474448849 701706566
829185089 1072365058
947523965 1206238498
169127084 824282220
1402388433 1409583967
737535834 905504290
1101397748 1153621127
94300940 671731751
1013562587 1392541610
610144445 739637460
2184296 962893477
863440643 991254464
372844825 537715115
229414267 917066756
564848703 599189112
647903999 903617005
376553291 1230313479
229745921 420623049
419921671 761417196
365096193 1381360642
203106970 633418652
83002188 1202791120
864013171 1372996197
611204210 750382301
668123685 1162938866
138970730 698150113
79086416 85240212
988327841 1067547778
127620453 256014091
711746039 827673442
358744853 1352233058
517274304 692636897
891751843 1320942498
539208716 994765828
233495673 991382892
284091245 601778170
388736797 1189867619
114569186 482283961
474989364 1264182896
61965398 260638078
940827497 1336447599
595707671 1002970305
709009848 1145712776
633932066 792708840
82599273 770234174
1008844616 1050968879
600858302 679448873
533567478 664113342
39405011 1204234487
1329072756 1373658160
642043603 794719265
895126071 1208244396
1403039223 1404532734
845933933 1386400980
828137519 1362341123
1357510458 1395777338
725210498 1145097846
1402344515 1408470218
412433841 1079561554
145828912 764250241
170272318 625695269
695058769 985840184
96622763 760657229
607216998 693338990
233895952 874849734
220272773 896777210
591898575 809055570
87035309 510306632
626217443 723595639
591080689 1041380676
641192076 1381461559
180206980 628632606
364075757 1357704010
100886462 101762975
328602265 595143995
76791891 1131108546
65423058 391372557
540739612 1225685104
1126473825 1393735040
1199764180 1398665557
955869541 1286215976
1086032050 1275979017
1289091526 1360568673
284879487 937635781
1107723774 1237487213
881712075 1074921129
972933446 1017341719
665
325597455 632045302
870437725 930389559
708004430 1394784029
727191765 798111289
392975331 855005095
417961800 1167817813
568380489 692278271
150752693 313835350
780746318 1282461966
348446971 488932235
1313927366 1375438752
66739420 422333422
227908746 322226215
180787358 1034971059
183314385 203702175
692385005 1225807183
1287532272 1344246983
288300353 734868164
1507499 720017220
40618553 793893973
92297563 700184442
1074900899 1139379725
1102519727 1309511575
724026425 871300247
498865635 841971525
123150916 806729578
471474740 1078833678
980497089 1111392292
959803281 1313410705
1308871813 1352279070
189449409 1064889210
273236374 919071136
581461857 1281908276
672775783 993136252
474860040 501271197
279158984 730980172
732913592 803858573
439554624 1404656289
319355503 1293899830
105661476 637564292
1282038826 1292184222
574411104 752199705
1109395995 1164015372
683406188 1038356741
473108782 1067821436
274670740 361339523
494060740 811957793
320023890 863271498
118925590 890181676
283469040 325498632
725648574 1298204593
577439321 813000504
43654532 728601086
367051081 1118047067
1345862172 1358820415
401085697 820860507
918137351 996405554
1265157222 1388926601
466880692 1215906945
39135243 145171804
593310402 739144339
1058690985 1061755952
407791991 1207644523
232273821 515427968
720098101 1356640104
653279701 1057332648
1141966195 1348540448
468570511 900202868
320734080 545532830
167556394 803805288
596343391 821534698
619473216 1279320109
316214233 459597665
724039675 1274857163
1177335424 1273783008
863596213 1236242631
1365095391 1370003722
1306797673 1401823543
309911405 1190606171
118076616 1086215415
472944946 928501481
656436223 1095179591
471292119 1131831548
368672204 926599857
1046869589 1113116302
177944401 219810823
1388660334 1401450149
635560419 1098664434
53476576 333790734
344175055 987045905
1187259785 1305163429
74115538 1363079934
366568293 1304030366
1048137091 1218460457
1153282339 1405065961
662790442 1169631853
1325980076 1331009152
718093904 1284988514
913348702 1370241531
359675421 1251636603
693207845 825106360
63005698 581189059
131048851 531992869
68745509 1409786075
834916758 1263325693
558764602 669811546
550147489 609308642
1005060746 1083721836
655895456 891881042
193653511 618363810
529859848 1284152666
1268065107 1301041623
464651347 899917592
1148615862 1233463357
786243073 1060934268
27551524 324622404
1178723111 1194480844
188371753 913529646
1159133341 1208778753
742755376 939199170
345239828 458905338
1258132671 1320791552
361514905 787271483
566963769 1332566691
723431779 956315285
1157597868 1279977480
34751089 472673258
697038129 1054855879
1149001402 1274641406
1028551729 1396201199
110621437 742211895
403145738 1377295478
466104916 545930410
2003999 719496249
22405740 1132124542
175358919 268535502
623607138 1064534280
592052130 1271274318
95759237 847583096
756507347 1245012849
472087083 1136994347
303504677 679281720
10453411 1398363822
537772104 1113588967
602267712 874888124
610074089 1143822193
1251451280 1258768077
373540463 436685255
564487415 1209314135
171671682 860984881
434558818 736176471
456496113 620773197
637686504 1023194535
355418735 910250804
775759357 1019114950
354986588 751249830
91946296 392576468
302865003 797702149
1295190724 1313392125
1357333714 1360027578
32464102 466824015
30178612 524081743
414181815 1050359746
1159108946 1200967315
280923214 989821876
274981373 978108130
446019566 823514767
524826290 781417346
486557371 697436106
81045390 309286480
694177876 1029823210
477709643 558155337
1390170034 1400188296
938035977 1090518421
466032614 903980331
367565824 1400528703
149711665 839407237
643786926 814879194
387133673 1118076348
720318214 725606993
503071276 888644092
607738642 1353839784
1295956479 1381779409
535957933 929497274
329015304 623102592
170499279 419700471
890518488 1054990031
76672005 1405064327
136459200 764421135
1151059060 1166301403
719866358 1392434666
212155671 643311999
1327911174 1371906729
1310272060 1363942087
41472220 583297317
704811543 841740707
170603412 280334597
666717937 1311067215
480433545 779334275
993541846 1131743030
140035174 607593219
220481270 304667479
57429011 1190160197
627628865 1031412981
512432805 1051976889
685547597 1288770769
194820298 199728785
694313381 864243169
431530893 1115017299
474740261 1082184301
513374523 1344880303
179864897 1138047022
622040665 1408855327
1158365251 1283080763
1190266875 1277777364
1096346660 1234020721
362091325 719826684
429543497 1220124224
781224962 1291245201
793131895 1042986339
394762729 912078936
890584753 1399693171
530895379 1156378986
1227322548 1300768901
975595013 1001297313
405083415 1392439344
1082093676 1172918880
441769562 1023417870
168032695 1378192770
248141558 924443780
1403387594 1405450139
190771771 890592610
806747170 1351986915
1243987490 1397258492
716222048 1135128609
390430550 401250423
137610091 879175955
112448403 406891797
288041825 313131831
1152438509 1237506076
222389167 484967864
5706040 824607245
165406536 275790571
49482814 175280575
1384876538 1407969064
159341835 756620700
1359001826 1380414105
588602902 781104058
638106677 712688779
652723579 1114023192
615179477 806050521
669745447 991784158
325760133 724554223
189787896 996292785
1035862815 1074596034
1098758606 1200544822
222592159 1153611253
776758838 838861572
408890329 985058886
1386425282 1388933862
36032273 1257430759
134764133 262860870
669683501 1216252234
325580224 822732085
128905850 1167827694
341603961 1339305647
647881278 832096741
523902784 1346350429
957402150 1202637098
786921556 958076281
1401336977 1408297841
455582679 544300106
289055139 536962327
1023504469 1267607393
326997787 791200314
936551326 950551018
1059054134 1254070426
235476887 733377011
631510023 1117389644
423545850 1012253142
498212669 1091426501
77451004 294567584
66534374 290184363
1061487481 1126791099
542578678 608764290
1355370702 1386440941
40703701 154574629
1113730995 1241848884
1110526749 1381383708
185670265 598514629
1406229948 1409329545
659166045 1018655454
766259844 1303709806
522419124 599352872
635853258 960204125
72334056 1408916005
500638321 848011606
533636147 776300269
50490825 1220395874
135780748 239780009
125012079 1133824507
1094049942 1141140205
256364250 1111751407
163423343 983727563
622663398 1244574458
518040374 1198646358
1096591313 1206037708
1237953863 1291258269
780213403 1223879958
154581273 1181315185
79252546 635380049
831280579 1039233664
988406024 1249645152
444966688 550706656
202375628 616918884
19594381 1079789129
364724222 552759441
231804716 1038335124
28112995 227757003
988991645 1048048890
683474210 1268446520
66466015 386051434
665022367 1070368458
280660823 1094056998
880654651 1381050997
323885372 1251297462
1041935656 1085218122
254591370 1045138917
707132755 1374980462
618441767 1254822139
72593917 955553411
1375981396 1389855397
493505822 1255687806
1192518318 1236841184
1326040585 1372074319
917631628 1064874109
832270375 1062584083
681847959 1105655601
341092177 1345043082
409724705 1334754316
1115972323 1129878901
44521343 729561475
547173294 682623323
544716967 583615867
1063426661 1358911365
1216117160 1344706803
795512277 1328023509
253186033 742751842
384985975 635526765
795021874 849163523
50894896 1173082328
434243440 833839352
990231386 1206932463
648142934 879598144
184165818 688884728
1238962371 1316232529
880439918 1224793741
547683062 930716378
52976367 568040396
791929248 1153220323
974738026 1189220582
693996928 1352498081
1233590897 1243615195
185709068 1243583330
827045885 867257827
716165892 736056259
918146825 964589778
175151506 696384188
535939337 929893278
70600705 195698694
433780242 663303108
1302057175 1368812936
336645810 1390339358
89383738 677252620
1094669169 1328378495
1214430413 1223044909
326353930 545215348
237522328 638522777
625936852 973973116
599833704 1070821639
288837649 445892154
579006714 968324521
632527764 1001548561
76227966 864399088
741817163 1279813834
480294257 1344710353
508486322 938439347
58423641 435509164
739773211 1068993951
544816183 1314767114
204904362 617253805
391216379 1055996158
322909891 1226191236
1377837949 1387983842
99536158 977118670
1127318841 1219218457
49109912 738997761
120606154 1268265402
196951961 339170635
260201009 1049692686
763482079 986651507
492320643 1389603860
1268007638 1336404547
92377499 1076385722
227926354 1197787555
1368464633 1379907721
516723572 521601033
115278624 511776848
459658827 820121821
1402073829 1402393242
866600404 970667637
729280936 1110621270
377857567 1123476384
208473929 859716740
617361571 641774259
27964486 1092688717
1144338184 1149000830
26619945 394910404
440016730 722497391
1182668081 1285056719
774615502 1278840695
322523513 649536946
863540881 1208431762
52703497 945106429
592250091 856949103
916267837 1261772615
1082518038 1398331528
619265075 1277154080
517609202 728341698
728087750 1061158052
605724169 828303726
446771235 722361549
646045038 1057782494
832215411 915336408
261981810 1294364671
44796385 517710265
1037918075 1294006146
1385630570 1404102734
974210599 1319885636
1209980676 1325515254
1178092767 1318764682
242256958 996101439
1238012898 1340241621
565811743 1123695324
1250211906 1326741225
402953043 1122163614
640403938 1211610321
1036902189 1109409081
771581174 1349178425
110400930 419746163
421830257 667427715
295013514 1326139026
111262296 594134532
28919311 385695034
98488637 982459198
437435540 1385855972
294664371 506441001
1306969456 1373868847
583027534 806357325
1218844647 1327243417
1308305730 1328313521
1162055950 1218986681
611413254 1073715405
223874031 1164786357
277125290 1021454667
273228336 748389997
456131459 1063380185
448773407 592714429
681098510 1183122259
172467454 735098008
457985084 1121982050
342327319 1093646730
362895009 427073773
255822023 440389726
178293702 622054184
247132330 281999547
1255603007 1350855274
243633020 329599362
1033067021 1406180907
507461963 1386177249
562464652 707033228
408679908 1356401071
4576359 420145524
154668422 916102018
937623959 1192732333
1387027955 1401835729
505394028 675007789
439432577 1282963673
293152494 1065100608
485879842 1228857598
602584146 653822444
1147520150 1215375291
158597570 634073707
1407955142 1408818952
298689357 467654232
883321000 885591845
592197246 592349315
539787742 1019357955
756655670 830271826
433147793 442083551
180226261 403686941
16035233 990331219
450113649 1293601769
977972214 1052355972
391065929 441301057
1251089888 1314231116
601582280 871333605
565653083 1273000758
756714926 864432135
1373748248 1409545681
284731350 880556869
633691936 999058742
210327829 817161080
424063396 919700996
530816793 689060931
190695913 595625086
614214963 1344867229
732193659 1104694038
533035718 578492107
1343945360 1395805739
575851820 992825574
1029820529 1330177627
999195154 1181406933
964114323 1151405008
1002290015 1177482554
627187938 1172044079
562202482 711605530
1366532523 1372670472
698137987 1141796989
466864686 1282430664
358485001 1186548851
443372534 1288862799
1270958146 1398093763
569054339 1256378389
60913475 271900111
520605689 591202016
578272566 660183068
907038943 1175420776
862118762 1275709750
576997433 1022111015
1080637380 1311067077
294543662 684126191
1164017060 1197047495
329636949 1082343806
1040136041 1069690824
781641721 855280149
343158159 1276632110
540167388 1313796995
435815258 847502583
100519195 1136814566
906054290 1169419176
706475297 904286818
585245062 1085381585
821359707 1104730836
138734233 249626527
235366665 747769592
690100356 1194861696
374334182 1327622270
733659043 1406179094
1150421090 1212702864
1132898755 1169494252
269735955 1382913465
364917633 1061757007
405458259 758086942
840782643 1102675340
141252049 664539443
987212472 1029291266
1060414190 1212719697
1047598371 1197097035
1094542545 1327392324
90336561 1348382152
458161404 759111687
52265744 779065695
348385328 1047352910
1008245078 1294396981
380464516 1192299474
68587448 1282602169
877325350 1092020470
93729730 1043722804
711227564 1329168986
689259145 1128001808
835450666 956241663
689283973 963286696
682656491 859328030
244606546 465222409
965473391 1369197288
1226416336 1261901226
209797552 632377960
1218637520 1232927753
625068712 743708110
7450973 1249119512
403814916 938803224
58603648 1193074316
136919435 1082288559
1029737463 1105737789
30116013 139541104
882393009 896805167
545020025 850015946
145988126 707114960
611515113 835095352
219729395 717658736
348217403 775202400
946283611 1052507019
440639187 884721817
608029241 1196488251
105105858 629053365
335305726 1237596981
188584434 1174662500
407971391 661673360
466009940 685431662
1385285205 1387976284
1345238153 1372547941
21061954 897663844
1087942047 1374625152
397182837 664813816
80680897 322075311
430569960 458674552
156343704 873271606
708218942 1287688344
1373258904 1389163838
868291300 991851846
394423304 880492523
771464501 882518357
194466130 679422414
569604069 901441652
1194325850 1283829619
225060176 1174025447
564626125 1076526556
845361579 1270621509
524307432 1091421215
1184812486 1299115850
932461298 935312676
499370599 749153038
1369599706 1372168205
1168969127 1399630870
19534111 473339396
346062015 683760523
286255990 771513229
581384613 1117140526
1088358731 1096556939
366966283 585014799
762470994 855352508
267652702 995664534
449537611 1128558689
275011029 1115069640
461564365 1328634246
1183602971 1220595799
117999447 1318239008
33891939 303824393
240756437 901966937
540643528 647064039
287738087 652945288
378459156 497287891
676687036 1286915037
293014172 1359185605
701083736 727875504
971640532 1068964937
862212816 1179034024
150648763 946536877
820104708 946780403
717446846 724797698
999412172 1207044627
158716615 883583676
457843920 584301000
58517218 1009201347
821
238968578 479449360
610916116 763285833
440148483 555696319
620282497 1401706514
143330169 373038075
875472118 900721988
95331113 1252923371
1369650986 1404911648
782048705 1165957727
210639327 1335723522
583690728 624571879
164146908 337364451
689823205 1034766731
1217601720 1385773341
189690669 301219768
52900858 495416054
100414346 340747767
554845047 900088309
1402474185 1402669815
332116728 830466037
1029087358 1248957829
275640525 1215114185
551904417 1029476834
683694998 1063707305
454385584 723961641
634580010 1349319733
569657606 736162806
58544889 204647114
639925340 990953423
813167301 1198445330
1099875168 1242987496
241780650 688849131
170052036 655745104
24129308 1108205627
198654717 980531111
73504549 297387792
73996502 1287154743
199142121 242791174
914582156 1102698351
726011822 1351963434
713592187 1002198710
77559466 195201309
912208816 1368951356
264190840 1379992966
146450060 1235889676
638310443 1177634716
389987506 1309319277
230998367 1189449698
691707801 744376387
525221032 685888969
657232678 870324405
528012753 1330835994
891824378 1321257810
556870020 839745090
138982194 892422963
524922229 1050676204
1262761708 1305832325
1220488599 1349477300
1084096417 1399568776
1153066467 1369966777
643545494 971029173
6167477 231768245
1181345798 1246488646
716516208 1204971835
420127825 1145231401
344016317 350881491
310983330 1225084342
483606973 864556469
551477118 624172817
848469631 1216231500
175867070 196909453
148299695 978229668
868893895 1287698411
1243600690 1319888043
896578737 928996001
564513285 889979246
14789291 870696606
673631301 790998747
754959827 948211408
1096760979 1370527247
392231052 740617546
539841494 1066496804
585759483 649920577
1071517927 1276384544
814760380 1132790533
59143948 219090059
405376336 1294947703
906804200 1042481320
381569605 608246010
49741355 466462425
558699951 1351612908
330999462 1017421853
1274187073 1396746788
789956095 992721118
1060057008 1064595817
206179690 1301699125
88486198 503753873
369880108 371325718
825802297 1037234333
1344257749 1397887727
21704600 74975261
428460619 504630006
309348894 699525663
809497466 861184435
1192761731 1401732511
336121601 1225174298
41291830 266708857
447146323 946829798
238378065 393730396
1184664175 1267530813
1261194480 1305737844
996535046 1140721134
628406655 669211430
677931683 1201101354
435813441 960027798
887445971 918606252
1052430888 1064795547
921427704 1375630316
1273382269 1344840539
928114578 1014472172
400628480 788910775
147192948 1105388360
239047556 943372736
1062482219 1128311003
940190337 1392158744
261653419 1189091086
589844021 1116596320
647863411 1099100556
671165391 840269956
205210544 994335264
196543263 550525370
174635840 1309613707
1205185908 1278640907
457694224 1308335355
95996930 972682584
81296439 1079002042
326501389 716381331
543728354 886337400
31627857 767966473
251399328 715395229
638046565 1104872712
247199353 431140612
638087173 1248474970
1172792631 1336731529
484885947 641984556
27577651 144533574
55097963 553939868
359213776 860656575
87722279 966233245
1060964462 1187140286
1314436238 1386758780
40693331 168256052
1264953408 1317565972
381097647 873870398
519196576 796928714
1055839804 1386008430
831353772 836385808
1012131709 1205805825
926676071 1285680749
541016795 1380661394
428558081 1220762765
465370735 1383807161
454705550 502373540
350488792 763429264
9482308 212830891
919161217 995067579
209100653 396254965
300567727 1153204336
897102328 973400144
510533039 582540221
598346398 1297283588
1333803112 1377844653
600079967 724492075
41240404 668977866
1298055024 1384406112
675391348 960835369
1215906677 1262810259
631743200 920373591
112034086 302469156
212752263 519507532
672348131 1069035778
787975397 1352359553
526512230 854592749
331316232 1149971139
835186116 1031587482
716868486 1152669589
94289259 535396691
882462772 1304009685
529003790 1340590468
946773442 1015379961
752216800 1321910391
49296159 492858464
670459904 722649155
343187498 552331030
56157013 623464863
1099049786 1257777205
79493343 426285028
454258955 1176500007
369400788 421158412
556903943 1205463791
725260512 869210391
777384208 893453521
1212431104 1378663711
70693660 1219697571
315402509 675974581
61433811 822003057
250447026 1199465055
452730006 1125678739
696363665 1067556477
77674237 575769948
1123791639 1306736353
185865663 1260959807
117353617 1387913075
49111270 1369980825
627243709 726961896
378734417 1367299437
1266623143 1323984047
121256649 1403813345
721269751 1404970297
41882568 129281347
235788201 1087759738
730695942 1379303087
426105015 539029574
1212150954 1300201746
459616529 1133372106
30811899 943097680
1161351836 1176191278
389892241 856014699
497130624 1395334714
221079176 253750667
658588127 764901480
565718149 1389175413
1035399442 1403516608
127566387 978751764
989249126 1025302499
484806110 703796938
282297173 699836937
964128620 1326094776
1406985512 1407478463
244455628 1156701547
607855454 774412707
1403213211 1409195547
51737754 163276822
1041482284 1252417263
9670948 606879397
1003624655 1183063449
834766804 1041004989
842815048 1184924032
1120319523 1155774377
1279373878 1290315284
929975482 1166786225
366448831 445082501
1221848047 1330628263
590919384 1181910067
736609858 1148498337
476521623 724781882
387782717 1247926608
537345047 1092895653
374942886 1378911744
1232120393 1399667073
158387082 673714202
397222919 682404787
1322144288 1331362789
606698572 1331797426
800110688 916367562
1038011024 1119284381
85853062 307916471
344196432 1404992242
456300012 852203827
401150714 636108983
1141490901 1385752837
395174478 536770022
966130006 1211161923
1347811399 1359507379
157715079 967236952
351721768 1183181955
533178905 1096353530
40824209 813140074
977217862 1135348776
106617676 878079093
28062796 1008114454
270560820 307576914
255541852 862425714
314700475 403284233
1363024014 1398492143
44051596 777028360
589985758 664943217
203450988 1165182085
141556258 283827107
371707025 1162914956
1270252685 1383986674
156803542 1118293462
285562944 965566155
1100141193 1300773751
1304312801 1328743759
408739360 1182660385
125803732 609594918
151064752 786578775
3173279 60165970
1104995905 1286606907
224126751 1147238793
857550198 1337106731
299468058 756793864
387194404 455452788
619767268 1003149997
783689414 1043774571
1212159211 1364356448
1057170291 1261513450
404864304 485391854
255689068 1294117922
730007737 882547322
736213430 1270451759
1400186065 1402959877
268367509 549675163
179451746 986012635
1333359092 1401556448
407132452 505639431
119584758 573414459
422825120 539100725
22139109 986636199
148310179 588745383
461094418 1045820958
130648581 515624469
258515317 1174782402
1228471693 1362549009
417263297 908441701
1086863322 1164906197
986082337 1106373450
142836599 1379353636
107891936 863959114
1044442423 1258345851
597097089 1164691560
869291409 958516331
1102490817 1218676967
833215350 1186565300
93155559 797078451
1171588892 1390109473
955814871 1080160777
366290384 992522312
926326513 1020906886
190521388 753401256
1311335608 1321096733
703210151 1410059059
654572189 1027619287
1059288518 1068843315
489864024 620341853
1177748740 1337539738
703996921 729154253
692986116 912027681
665773103 1195998472
401162534 639720702
1088859815 1166523246
454942136 899904846
177574816 779720451
737010715 1165105944
355181797 409326740
109543874 253110792
1034890710 1102367952
657377010 1088591064
871788177 1371943881
4954893 935778272
651562492 1011814683
176174815 221381637
1191009679 1221701684
101895927 864282349
14953052 484594244
1319308368 1397021683
539127674 1263140161
1323317890 1402770841
452357622 504518342
585075699 607700992
250460019 1367304103
698132376 858224269
590116508 1250370364
77532439 686014240
377264538 870648011
392983636 495995756
67423588 367024789
394595806 540608163
101137515 407524566
364762615 790895925
315181649 628293474
1017754185 1060131178
216928007 806640926
687313440 839415523
551693915 831905870
1003569136 1056781307
1205098032 1328913254
369495375 963665190
111288867 1270640848
520512773 835887362
494187663 507714116
892815064 1034019971
373287465 456945676
841507312 1284889329
675835237 917755060
644105947 832334113
292765737 383177001
490787242 1243284774
154094547 691991143
26709955 1222779645
27069466 81025277
705059215 971091273
607375210 798977628
1029544322 1097999928
349789649 1148164862
482317921 1346272943
709574019 878888841
563449218 1100281559
150908745 505830489
361137332 426507593
525979082 933262576
730678011 920282992
286809656 824381177
313213926 648586057
1359645384 1406919887
102607910 572208592
106690112 362627567
280806277 897753782
81232486 984893905
700209551 848947805
390176754 1373063802
160467866 508360893
1394066646 1399962090
32987480 790066870
373089173 960957660
921897291 941280513
1317022511 1345216478
839413087 1214805749
44283186 823785052
285539814 708395102
152417718 626532523
1301190524 1330271867
1126980211 1338439328
1064083222 1237625709
400007345 896840386
330382397 1107689921
815424870 1351153154
335714292 628193913
688222511 885884493
636930294 949411295
679709192 816241857
1364510516 1398465613
500701735 727779868
35267328 1373617263
120047432 470679181
494357403 1371683710
480682206 1247261236
1338296936 1366693286
712550117 1353845371
152637551 1217014460
630732380 903794914
604866430 1037068986
20177475 1211661176
433090732 1145932940
161729157 483295522
486726406 1323042676
535721278 573631998
785610780 848354210
442447894 616647761
752035317 914108359
1360703069 1378901459
403175054 794254772
1143795573 1324929164
162492917 609434192
822347564 1037822448
1328044532 1372876187
352135497 1407064097
1092343070 1404207810
520415613 856501844
361896201 833872971
969493550 975034323
774893490 945697674
319425993 1364802967
1275136182 1289604185
1266763755 1378036550
585699246 1358898554
513418531 672754218
412626818 953655059
491633452 656279004
477362827 486796745
587586617 1094155886
625781405 1062104518
899191663 958958865
71968381 677927785
1223913353 1408333627
414455147 700319531
1086205399 1337777941
18821404 112712183
301001639 404204036
593605781 750739161
586529268 773362058
314490408 1249054911
1835835 1299763659
281490178 1117028637
232635058 272609934
374847973 1107268529
531860268 686098749
12263242 122870853
501713950 840852852
1281500995 1343577104
593569799 1335256053
1401324906 1407087962
105159573 262731028
440145621 994446421
1164578460 1205494289
663833851 891930039
426199703 450935373
918487073 1165594214
122677355 1257318955
597186811 879181406
143723327 1109759650
22974467 700965972
566248264 1162868593
632190743 791894995
289164356 1245589914
254503702 486415076
314694247 1110288182
500759790 633954350
190943462 1153925579
1073891407 1348087475
658261409 1230283316
599935666 1107662110
976373790 983076319
104792149 481115295
1152832183 1215498257
240639822 1184584559
312725785 737283513
392005417 1068921251
308300498 865797664
653458101 1323527068
1007146426 1206936484
197100111 1075959473
269763979 1058853799
326089783 945944933
188521142 689575815
69026392 539967449
234741057 959305450
96106215 621841935
1351810943 1352272097
270878634 1100547511
753795980 1013887258
693736294 738054400
578787097 812927000
222398160 1165891591
152966906 477715353
1274615486 1316832797
26571140 371739052
647892402 820042894
485005938 1221391099
308255492 921936565
612368491 995435870
1005010831 1085283931
459825416 863804673
667604728 937767924
950714398 1181426006
509114990 1105791088
481836005 559752840
1353367252 1382629078
276028716 1183886737
63100309 533886211
88611517 1013561056
313272586 980746751
907885847 1268501051
496390438 1364042293
346071520 569236058
906283676 1243013608
178924513 366274097
612433878 855988188
1084509153 1226153649
1187000143 1224648487
647285396 1167966988
795149450 976445245
1323124593 1328537300
971241184 1047254022
436996582 864020894
41867839 1093179334
1304380623 1357802676
1124794634 1166210509
156571298 468604937
111353187 582943250
990791928 1239368734
567183085 722141348
545748092 630149064
870001354 928779313
96136066 688972942
589517109 727891339
1131518580 1204480290
110461115 701882192
1355415226 1369907302
951333664 1288439340
1139933943 1165764666
392927139 1194539266
565473410 855983098
725586711 1323298526
258835536 1213179090
682105009 820922322
425847025 893319616
925239960 1085197413
23829795 502959050
393295169 1368110282
1087313613 1213276217
411538348 1095613802
141113112 1199262512
963448512 1140062300
635584585 1202856127
801911565 1101126861
730182850 917352811
1279027112 1348562530
341141923 589616933
464740046 665305235
9281172 410393417
654342812 744396647
687893940 1111783269
533033493 1009352082
132262223 588498884
1227796909 1269569977
51945278 315108453
320353087 1310454201
29185881 475845209
339698840 925743790
545889483 774438102
635316890 1147178849
563662038 1114304498
407471417 866675254
181489520 850967554
459147362 1346029016
323039591 1098559543
423367331 1105056396
643789696 1269143561
501183930 1128708292
5391626 1034480105
992652202 1001358886
55279941 1007390648
592428255 1032298397
573241445 1126219622
504264375 1136824542
828015168 928022802
1312284108 1384193060
702077819 934194257
1280092470 1388137185
964035181 1228022267
223061237 1221419225
991486103 1088078443
1267935734 1390489566
1343336341 1394233039
1274992347 1391473521
270573563 415803172
81292895 1286477411
530172855 630595533
842053555 1061769925
516088699 954959846
463200055 710011536
442339861 702226777
361016140 911222325
344600627 1154639312
1371383407 1383295694
270273879 778056960
555235819 1280086348
425959176 812183781
535284781 617138638
440939481 973023324
53160927 378919062
99774309 1180037421
7596546 523509257
75055664 916130074
186086901 331940972
702976688 1028847884
447703059 531368046
596801103 1044241743
945308158 1029385955
139460936 1264663386
698023065 722173530
1271888126 1336352072
349309763 604229060
856981749 1015324134
179690226 744362795
1019616637 1035236346
749555537 1194355642
1072090930 1376365464
1334316100 1397946134
489981556 567800607
189758652 382119058
550908093 1204623363
591156317 1162360440
124356020 1006574307
1083559326 1296594537
192376393 283013127
440175173 913490336
600447801 1174815066
1339258088 1386758590
435891522 450418109
376644808 437143249
413933220 472206924
88497659 311069415
373092860 1383095567
1267178449 1400414473
722028769 1049217347
151697121 841135830
172993470 1025810316
354566254 383204398
664778473 1238720191
304170568 319219437
262327702 919221446
1021428179 1358698624
227340482 397367833
428619538 633365252
70548919 366782996
275758771 651894089
289035010 857988290
1303198712 1304634919
576488456 1138218537
254420669 503713130
591581127 1246902687
1220392648 1364825677
635348733 779207231
622371106 1393085907
11841190 321200121
683430686 918845642
677368032 762222659
476111210 1202459494
660198940 924409004
1391140235 1397605414
657649230 1252118474
1127733491 1251846878
181202834 1016174211
1274595533 1362254695
256480602 601948327
648442882 738562031
1291718103 1393034373
387796800 1099365940
545504176 650709910
626325010 1378503698
736088265 806217601
10308558 147190870
699944119 757499602
1260170735 1364735121
698150784 1180847241
423607833 1372370975
738555760 1071135882
752382654 1376314128
554786091 615173142
649078400 1295882622
126315181 364287104
143721450 199122007
955358089 1232517844
204792658 1261158137
651763915 1019662936
183790265 531698612
496759950 882352003
365445429 1227975753
539859725 707383469
387599610 1394210089
1369915322 1388698266
733152703 1063914000
57227080 142485801
358447345 1291810634
283447857 1121562313
116298665 719295521
698784136 1225815049
664700822 1026629553
45333372 911280618
747815192 1251333154
1071694268 1387068689
535975617 1403789343
717830058 1049121541
1090331887 1355275942
166686902 641325514
405797320 661281904
703471129 1398194713
464408868 576494233
544819708 905893272
672260036 991677096
1336500019 1369832499
130570381 1111086767
290786099 388040411
72705891 552899652
828724706 891202683
199755674 288241735
102882357 679702385
41614628 1207271297
485901426 506795073
264435697 399927204
105559541 841240420
598506811 994688431
89208650 697968571
1173216225 1337074845
1331045624 1392722244
140414855 1021942602
323646106 1235616199
500327217 1246769800
402622156 540685212
209331311 229853134
698220260 1395006529
248373145 945481230
247239919 288309297
833540721 1021443498
449736457 480559528
1210740757 1358946333
362475013 684298297
344222917 751896687
1248357706 1310467243
1131353819 1146291471
495573304 781363619
138681426 664715921
156694343 244081711
449662577 1120440747
723145285 787994932
1152764162 1177723231
614886403 1174131010
777176939 1375830101
42429303 383222077
909217275 1207810383
296425850 1342379597
39209152 405176592
831754640 992251977
194521187 1371309069
825543231 1406805967
1283325329 1371040270
568576137 678756594
361436353 595488895
122
28566703 675513716
1223393945 1322231246
213693635 1082058958
445176724 694019101
194733672 867731109
630495647 649832903
573820089 859499207
560238316 1273155776
1234492824 1262293788
1061541190 1230396115
590410487 908497018
406513012 1131196752
205230303 924895067
408357851 1114011010
708494954 744874718
305561200 1086880805
61982930 404140737
132456354 988592533
891665881 912343253
805078079 872200674
574157138 785628111
385545713 625045432
163701796 616266576
571991456 855156975
297344523 755365688
639462327 897950998
181106071 934450304
533846140 792541567
486218744 815476304
1150136082 1390476910
499174196 951800803
54270914 424425564
521880998 758196946
600458057 636851898
498289763 505127693
180666221 615457926
629695384 1268259113
1005701717 1267198804
171829114 379211053
169451495 301720666
396261893 1361102477
903198939 1398106751
331821322 614011910
283231059 418839420
506835162 854571900
1104554771 1106429179
1120059879 1283017752
385891673 766091996
661926583 1122342837
693177133 894324119
106527559 1154183938
853959614 983274896
851150642 1161289829
209445665 284367449
1026679915 1304556069
143119259 500734455
1048081608 1099890266
1162468849 1303568075
1197159643 1286469061
658821399 1162761988
421686833 1232974591
683699682 1271185951
266397171 762695183
505631001 981607711
1081996011 1192801807
279350020 1277867614
214677083 1085668979
35918370 272798792
1318512220 1403326336
1345181512 1380563656
134729148 987363709
486828902 722915694
101948595 216821771
215002847 369065351
687083189 894739771
141565628 990977555
21168257 250621052
850206101 1400401193
130530527 733808846
1085841432 1336441341
867186620 1090031610
674604924 994056620
619736188 1017011177
344602267 926778105
557418114 752458444
402432268 1313979093
256759054 1046814359
430553419 1058742612
723695075 1261430256
879197325 1161358232
442342377 1318155227
8945471 306604436
91048092 1313859238
828904567 981569762
425815961 1014665505
206599334 1257726734
612759391 1356281890
117288979 856670975
221219990 992201599
997114866 1150376674
346485295 375718014
295973259 1408750621
221954985 1121048932
1324700705 1374744271
1128291309 1165029941
414290505 844812616
1034461695 1217725771
373536491 1195340421
522684677 1164959259
1219580965 1249999356
432261822 1105295443
307456837 486824781
208024050 341490947
936493047 1007978830
364065203 811764165
417494660 741426978
226377219 722848414
707656551 1076393901
891714135 1138694025
331599894 670146822
479831691 1387997320
703807003 1311420565
459
357965701 1175324830
318722276 392170318
1383659176 1395271059
712293637 1033521145
240425836 900390415
124701180 294665129
1144483769 1300731154
18234088 243022065
1243483242 1315879615
891331871 1019198732
613241054 1255885337
1123697697 1371451593
1323631003 1392166029
616859496 1216724132
16273546 249964865
718604573 1002440065
102861494 377930051
345850934 891267905
421683210 1390626999
229977045 311895496
374171941 1007189233
289083241 812136676
95520693 146409158
622904775 1299205273
462082778 1295464623
1066814590 1258094674
66725938 328263248
650734007 901658093
147605403 440999363
462046763 584115340
1409920191 1409963679
218354541 388906675
549368357 646372806
1261520126 1356000797
641934187 1218559380
487146003 1346914537
53616501 826415432
1254498824 1346639442
1094930634 1254209757
822439115 1208424968
73333544 237701115
846615943 1033661272
54851967 966721128
477986750 790012499
652077206 798243588
645506110 666381277
307786934 1100577855
173712038 556854758
124496178 1099155243
1042525378 1193580600
370476889 1058869372
476787871 1141078829
397759849 600929237
43695379 520170073
1228717215 1358832715
678899648 1045689231
613834192 969774381
295405357 1017956878
186087753 848719212
1356985805 1358924132
107363215 403629890
23095913 1151559159
805621660 1189792678
807665142 1006018160
1409447763 1409803887
1325873657 1383934924
842902276 1150031375
974353014 1037674053
171081487 549522456
637430703 740572017
794632911 851928020
817574806 1075820866
139520889 1304465557
502174951 557895234
1065131138 1157247878
68019289 841215312
380598033 1267834105
427121236 1404475270
414608063 1262256055
527727570 1079727091
925629699 1383233038
1196665339 1215931879
929310360 1325578629
303389945 305520448
175977270 797226555
905190801 1250620307
272230909 673561304
237443435 300213274
1052605298 1193350250
1402303014 1407077256
514072169 735999875
972010106 1298730118
1186750560 1292628309
701703341 1165134982
692568095 1098409171
1358770813 1369795548
364304318 364778290
546079202 778645388
684144282 835383426
1361817385 1385238393
596972579 992945784
418111140 475715628
938679280 1048134436
590189702 1298250894
163441956 1194315608
70906026 604257867
984563034 1116140871
937682610 1207228057
1199018413 1336250469
772940354 835405616
314558476 1286306434
125947787 1332557168
31341813 477445528
1299547761 1362066964
1375614514 1382423831
567555067 969946086
558295877 1152041532
36709800 574602607
932194470 1112519887
73993069 684260849
34698371 156100070
129833460 779893035
1232906916 1253716720
610582196 1371012388
761683790 1184450411
689834038 798011253
530663863 997946188
617069163 794168032
504565763 1019238826
146583295 1334107360
405687438 1354326852
454394767 636829760
1160334310 1378660727
1075984872 1187155349
124934249 925401706
1254173655 1282928805
654156172 963730269
1399174050 1409587910
85378403 906480976
1023363620 1254228067
1257985016 1362693448
351524638 398623764
525841099 1239924205
58449387 598223909
71298850 267795600
186816339 596260187
682708269 1309524253
92439426 594253686
332846319 849275514
241442766 1217596348
945662180 1154626901
317664713 1057637591
62697146 1397218575
398360292 564384115
1120822355 1258623155
1143854182 1398232102
141978605 180319832
786775334 1170092492
445645309 536662005
262919354 1334969973
1011302244 1069646204
229664915 656094204
871091002 1348162286
779384365 1331282814
272774543 1161369058
686638229 1143357873
671087937 971853100
636969348 767929552
276986483 374008037
454148817 1344810874
405508773 595998493
369452383 1138530470
659845945 825287580
676522817 1228898939
1093343400 1196618477
685138169 761989452
847720364 976934297
528760102 1325800908
264502246 1198228255
552085745 1200273002
132459768 1095901647
1179983082 1347215112
160926001 366333423
453544098 664064026
134053774 380950418
702772695 1396457088
1100070872 1332893147
377678135 573244221
1208157924 1331128556
1278183744 1334265124
238012258 1044050066
307238577 1182381744
457781914 710389245
513526682 817036614
508175281 896134904
7435638 1287603452
685770008 1085959534
689044116 1371226019
529274643 1207148933
803437063 1073043703
255012022 1182127123
740637215 1011332948
255124109 725469961
138779434 233239953
625916202 990361166
137284871 183335086
155368848 871514170
552327532 822969770
203159434 305587502
180279438 715298741
277509843 1243987569
533477877 897952935
292769862 603711932
847871257 916472355
213296379 483026816
700937464 1377388350
550502132 1237234533
457608435 937520732
230493790 288021994
183525183 1083234456
565507249 866297827
74192041 170430211
160909309 721667239
281709736 1201528471
438557316 715449546
828679055 946109220
1094276222 1384101808
1007692925 1037470643
1227794943 1328642568
159653219 323104252
279227597 348497922
489842455 861369841
262011665 1000724848
347464994 386717750
480909492 500438031
855478048 1349150359
1071798971 1336159770
511358867 1153690488
272691826 487015838
409472876 698901732
473173818 690371354
424561417 568244342
924679492 958790783
10496316 1121950229
213795488 753471580
1079333992 1185884497
747666266 845440422
15416685 351242901
1192044058 1272319642
1378732136 1394003882
563881114 621145887
1018730960 1245827753
723085412 1272737593
1256874667 1308842362
334728262 1290366650
129276612 1393449368
821372657 1399350282
394932003 619879989
84911204 1050529062
642677698 816315770
409777677 581288246
566877392 926704651
1154025067 1246131176
108622958 192631674
364095703 385251370
19524567 320030127
125312407 756260817
776179322 1336361066
529214160 1075388648
342101891 1032851000
1013218299 1350792613
1399899981 1404863798
415546758 1261683291
437931950 624206818
1369011235 1408544488
244351810 567264603
1083860343 1230819701
312585114 1233595180
270694879 963811012
334718718 570455280
549403186 1154056579
760814389 1134135310
106968454 1217314928
508013106 1055342533
613061220 747440405
1027417713 1170431238
830560721 1089164187
69311929 757743109
710146394 874237175
1176812804 1282668541
535509282 975784646
380587493 805150492
335968265 1129146254
276454335 1015430949
777433018 1408815311
1356795005 1385969042
450643133 857953019
984431465 1110371475
166797666 1025843855
240594112 1375647608
412083456 983317891
264649664 1208109800
852054363 1134617058
44446291 757963017
243158603 1129135658
1157390321 1375361266
262517935 533472672
241239810 248507005
1146584736 1148968567
8509663 624375239
295957318 892358765
1294913992 1403876870
1281701666 1378312268
507881441 903787808
502629673 924759008
119920739 165098006
688053038 691692439
591918027 1292757430
456151576 1325338500
523003787 1055038361
126546855 226162558
174299291 893505696
415745577 1304977448
240576625 1210028973
754897539 1139634017
497218787 866229983
225102617 703788185
887349565 891410225
366487445 493783266
408239856 1011621050
247918245 533980477
1332845718 1370125808
838851674 900292914
69589550 1004930549
268437252 1082046302
307605361 486331603
439459114 621090820
763195487 1360398672
408786756 608180679
267576005 488021368
402191124 615834836
558979234 1303319557
257020475 801188022
741936583 1068325880
435278419 1337759300
31767869 465388018
500737871 677194782
556337114 1166138807
138540559 1168340379
1242236903 1283529340
1358740786 1399268189
506385480 625152497
1182009067 1307313973
525675207 731848624
672046955 1139746154
404284570 885113156
755779212 1119102529
1070808966 1372757009
847484979 858530899
295747808 910258211
1059923724 1251203497
402471 850856713
221225242 1153822171
528235635 1397744246
163272225 219091695
285619323 1113236002
354917732 947605156
681499654 832059501
264619097 383511034
792584545 1054294656
503427602 920285829
668653782 1011650674
819707310 1090287461
151883320 571971857
481560608 651162841
710839190 712496275
115340647 279396243
343583529 1304109066
547730002 809152165
1039676479 1268025097
576129004 911523030
149393948 551920675
338409626 1242398895
324918998 834316057
733266472 1217507669
549427883 661916297
1107385357 1180788952
170650613 1044042127
635624061 1284790078
679735361 856578933
884235980 1162922288
535570071 1126628113
1278837866 1309641469
171540540 1332331224
333615207 549358951
707133288 1238873960
1324982410 1347518895
88477906 247061964
1162045359 1383795818
45113506 414339201
1080757076 1383550944
478170105 917911787
636089317 1211391344
332653639 469754903
774937074 1326546608
386246832 737515162
208250821 743907031
161982768 354715841
563000574 1148953683
452573002 581399483
174223823 778746986
749163064 1093210479
127351298 779028854
68150429 659096034
623082985 642097232
494771614 530073080
537885964 543467877
1170036316 1350891104
135461169 932110568
620120385 717904841
964083890 1296619596
485216705 1157578518
1070328177 1366451293
170362708 234023814
1280511832 1358060650
799864963 949426676
1101885139 1342234895
404985306 1025506693
704708995 930644777
1302986402 1361803693
690875031 1184779362
712445382 1042441659
533861803 1314875613
61017733 202907202
1199865571 1242105337
265549236 729484410
398658246 1291542866
176284551 597637377
799499305 1330914950
1067308714 1395959557
407950199 1216313223
811495891 1107038745
211257710 424615570
1238089759 1256371711
136304794 680695300
1380560199 1386642124
793544090 1005719864
617046884 1117069545
266115759 838776821
221757359 1035202811
557608107 1004418270
625448228 887757027
569104974 932870014
452803977 471574710
260145223 731223858
179660424 1041679458
40576152 391971461
466709308 1076523894
427019286 534043530
193
1091999439 1221030161
840933741 991940812
1163326949 1336690228
285308975 331976953
916015528 1238656681
79306574 1359132875
614388363 901780944
1070994730 1261331917
533837473 900388823
936743712 1264440973
553987740 840559377
203789439 1203155835
521466150 1153077750
372052118 999990999
5735757 659013177
452592404 722549993
164190942 164441271
362525526 1190644138
616307168 1384350632
1393412402 1407870417
1059779633 1257919772
438532573 1175491276
1350428105 1374537841
295745295 889665796
1408426158 1409723695
86061124 308325610
306686337 1077461691
123259565 1072689546
158509999 729159800
658159128 673822847
430294345 1295568542
935903786 955802749
196289974 218223498
154853479 663060392
82213686 476734322
1005717321 1110281628
566551163 1010396619
732945055 809651573
524347222 545997178
201123557 428209872
82531200 850839091
798693067 969274837
716846767 825953796
186424490 753636882
854446758 1242883655
592883568 1239529214
139922805 941971925
1329220917 1395514649
179046462 198656182
440304377 573893149
557095097 993889051
368545380 710046530
817366883 848446369
4006530 440596141
665935717 1031203214
447250319 837943391
18954164 146592325
1101249397 1229267266
224366163 1038786549
162585850 1352889342
1123069620 1372744187
652627258 951997892
1268209358 1287004658
719113128 1290222826
614712164 1315933975
340463087 1302278619
114613956 1191895293
554510414 911853648
311665116 1240795285
254676732 1222721690
113853819 1244816808
434776631 1266503409
1241137401 1266155034
155593711 571646882
967612324 1183601320
170164301 731491120
197359483 629967635
358396889 1042315156
148785407 665474288
727937137 894383015
71813611 872747118
1364393789 1370873081
677888497 1263151776
21281554 598729856
25363063 1366966966
195716685 630143992
709289698 1035089118
303964792 914237434
96798557 1123943794
1270972626 1289165588
218839824 999005820
710767450 1150073974
280390815 708106484
91991860 374836547
731589704 1136124261
681777564 1318131350
1355235644 1379805182
205440359 966490359
778904779 1031906927
446847570 704661947
520840186 959823652
478877366 697680819
113121298 624306297
190987638 242842651
1286677398 1352446250
201979560 831051650
863918944 968122221
1194319815 1402299546
301013477 756407297
652393845 891578198
1019876979 1390535925
585268970 1153454816
407573809 757435723
676984824 1183170461
366045296 586859876
722903980 812902199
195665637 202919539
540377274 574393467
897401114 1161718612
464977913 1366674427
420157013 684120285
729585116 953914306
895888887 927995541
435600382 794317298
419378736 858631519
1352913099 1407394794
906081978 1029009552
1018411893 1215284988
490153698 784532673
22685440 573335286
96103496 1263859365
126932494 503611012
44196866 1126902194
804724829 854540238
262005024 263273778
1163370385 1173108748
1274933903 1280146155
1026755016 1246321427
67048945 181510693
1210918416 1289275041
33976727 485102852
922468382 1386464791
389110974 610446323
349895244 1007924689
1119615606 1379921143
1374077338 1409005644
565975218 1050878447
461953057 1236394291
734247414 871458529
182835551 1081496812
1225012408 1388842249
63255219 319730422
719523538 752895991
1197016743 1394003046
768015961 1073292304
1117884816 1391161728
1010672238 1136275864
846730965 938315927
845543017 1375743536
782554636 1027780583
357015540 1228424313
412929894 450502435
572149935 1027440539
147222939 961891687
9082320 1408265650
912804477 924316551
697802597 1180264949
879996882 1197491738
160332170 1049969727
722170522 1245365962
1185041234 1372201647
148692082 825802479
157540703 849797567
573062036 1405517704
122940654 890708474
438037386 609674527
321164039 864918624
626334978 696064554
568195731 1043407576
693640101 1401953676
704065168 1260384683
876455855 1132622339
473468922 698322453
1148094339 1288167048
147667032 1239864512
408273312 844076616
503359052 1114601676
780709607 1356702451
44253292 663044392
60641779 64032078
51438753 1269754347
479079269 1222753604
262749652 961012145
872
456576197 660676726
971650223 1262230753
1103119947 1147244927
692675239 1197538134
502783185 824268208
160130421 439347982
371308714 1368315823
297931599 756900839
191102990 874325317
1396503184 1397328369
692372835 1398960737
1390703422 1397505463
325493736 727769053
1116665719 1253165798
384705320 1340353814
1100224621 1122976191
264467351 1003474595
807391570 904312251
50554024 705700927
724274558 1259070903
404777363 511413653
457453520 1334233314
686097613 810488602
1166065537 1249560777
25918723 1255409016
969140020 1101346717
214935772 507454938
824298123 1109206889
442399426 572327661
1073624584 1202558063
352312007 856462376
807971034 953772006
726885621 1363973598
1344756076 1394056963
548941014 852139742
932231405 983047066
246978108 833683136
563418089 749844495
633877051 1125429058
479050715 951410929
1327285498 1406981138
439598948 1336793106
266188606 1314770452
594283984 1043465188
1024193882 1321490210
27172720 782896599
650418746 1217783869
710367073 1017048882
41518041 493201827
1190797874 1378240920
119104869 872073165
489929550 1301047185
728290478 1204344012
594365081 741088027
215229516 864363081
346524852 1042104994
1370344259 1395162534
1175215992 1193905840
121814614 659653940
776062674 1351357417
1083154319 1399539379
424457212 965113509
1184888514 1224454722
424946696 581638912
250279434 944413705
87447149 748728437
731668755 1265229676
271840885 713189572
801743260 868199865
658604836 755470485
953769890 1205075163
471218572 557797685
995443112 1223263401
351383116 1054598923
567533821 701816497
197514355 1011841661
1398530336 1403939955
81117118 400913376
509302590 688240223
546119167 981287718
819380802 1006418103
982623496 1220654130
392488801 569972200
421406631 578610999
896894315 1027272515
473746066 1321666015
458082686 681426014
1098804685 1199403300
90050585 525195088
1234183494 1395257820
475541817 910317032
537579544 684863479
357428241 636459878
258227018 792824520
669498588 1241732801
891605456 1143107743
655117651 755902013
1311589036 1377170707
1176096786 1178790857
746182283 1018258830
589910042 1350642174
282252801 319496768
281558522 931077583
897207416 1341402364
895628111 910977109
681514869 779279870
1009653036 1027448210
478901801 841333876
304202263 1158218970
841498529 1091594932
30382834 74696540
1208327841 1298129206
252158537 803306404
1171832404 1328910542
686065073 1347759949
46195494 579828521
777261096 1069314507
479747080 949313785
1325348176 1397026594
274818784 803558970
379418234 1336882312
560456613 927016790
1323424553 1352796668
374775169 1096257519
123079923 930503413
1366931708 1389023218
601358773 1062415682
1050838625 1346845481
890088858 1357331638
587547876 722061351
57794327 89221909
163180231 997568567
1127761018 1355973699
1197361398 1272468970
712879143 795917198
509757019 836908026
1391826908 1396131116
1319916917 1320909233
423936180 935766760
888834535 927423927
1342674407 1365904919
108181669 1336640161
711675915 1115907559
602902784 783063295
1155710788 1270597188
625610683 1146014419
960764913 1334151576
395675661 1040584791
276810048 1218817423
61311556 434304983
1337234128 1356180463
1043732736 1315630517
44641400 509655582
803576174 874371772
1186628744 1191386644
580620682 1239167385
1185286156 1292526176
500698568 827993326
1367326789 1386616587
113776290 134643952
325887989 1096771063
96593488 533166152
1242685516 1243783416
1072103885 1251950492
904134619 985996521
954469584 1009341521
439232404 499586980
442772821 939327601
116422320 469253615
729636889 1329790385
522237856 529794773
704834919 1213332469
265776581 622663092
1373268310 1391775544
533094385 993336940
561176798 761020082
523435311 1345970841
1245878976 1369066867
100380434 526797879
314873106 796017465
944484806 1232508138
146107976 972470995
794606580 1083442950
1121832200 1151800065
223245299 1033305995
1136782349 1155839753
1266240823 1399720189
178144464 890593195
395893019 1063046409
648437965 963419048
1151861401 1249318681
548624106 1260840965
238375026 1227615825
195174763 1032014614
8055701 127766732
1213083150 1392367089
208947832 500495364
1093919091 1260242585
826172659 1400844138
717747880 1153875402
6529374 362230950
1338562326 1367855934
659823062 1078357324
297952216 757999438
96789295 683134139
327976979 1098953759
990479240 1349355672
199940312 966983530
201012579 425122949
405840776 1268960815
485389843 1242804677
51182612 538368324
207299657 389975354
150455695 724871051
398668378 1180107460
407470680 586692531
505106272 987829508
281171516 1182603955
1379986772 1404579598
262365391 929109758
625004174 747411245
30987855 592778651
270444183 1309709208
294068680 442791069
684693227 1124508275
62242998 114826727
567173949 1042791155
190241930 1198404208
1024373858 1314930717
72518816 628628368
1325574396 1336836521
308691330 1051939635
887000167 926684847
638691548 1027663199
1075026910 1239012672
590640302 1020893994
725085356 1338214457
702781884 707098045
996480999 1138124323
1064513822 1244237559
1295147876 1335962366
239824792 1156191633
833993405 1095021641
557580514 942617907
1340686740 1396744684
39489738 68386639
28600324 727462950
1129305489 1388629190
561560196 1376991525
417303237 680284812
1344088573 1395065962
355017369 902162732
263504442 298771173
134569599 303395079
245847736 855936261
1404625598 1405571143
478979002 670991241
501893482 1077148825
694571199 1293399985
939749259 1303921806
1370913354 1381929152
896755882 1333710440
689496367 1282740721
307558828 349939950
1238535175 1383846954
485408069 1317416100
149970845 835415081
197371472 922417869
1333345938 1399589147
1070286973 1328084152
1385460508 1402666509
859509304 1276971256
676887956 1320222088
552017045 1179520767
207065711 334698451
1034038258 1188677952
1067392362 1406324091
699472551 1334194811
161865758 1330441349
419741536 534551951
24427319 401903372
335909700 976499507
156975634 1180779416
144414114 730474820
1399024159 1407865040
344547379 880464100
917257935 1120333694
528749831 703361028
991169656 1336475148
396583497 501296312
42004870 1107123452
670216554 1068085065
1260976699 1329490870
4223815 121142201
404585617 639699799
58465886 473376427
862626024 865453315
713956445 1068604648
307376409 1291756507
1256338666 1298243315
162331583 678867407
1328042635 1393026882
523456750 983741014
526623679 1158745316
374023671 726187613
338352904 1008526599
600414926 1081028927
452072748 1225835668
95209292 431271515
605159048 866407343
865852344 1010261463
619148079 1334143830
128107050 489039893
29900522 344562194
1123840745 1185970852
235959932 879831237
892538156 1216157068
633356207 994982965
773125319 1109309326
345024076 702468448
493936839 1263400964
321696335 785630654
157674410 1015723375
1386349386 1389397834
648718425 1041047979
220480570 381210640
897254511 950464930
381667563 893376151
603433191 1232439349
975632673 1147903481
1231805234 1275558643
404116770 656284924
943792733 1332062806
1253135585 1344606108
1163008921 1188972366
607154977 750169703
141389557 374964476
1284094231 1290781405
712097431 1252774009
513923747 825790711
506234674 915102830
673892173 737214966
302447244 795968840
341817841 366709796
421114775 1140312591
68368688 936696168
570228003 635785287
209937808 1165636111
30263285 242531044
340924760 722715923
653767007 715272801
630773105 1001290472
1176419077 1182423205
237721470 923290335
1104632502 1313462656
313543645 1095249302
953250721 974175969
750521384 1233844371
50893085 669104167
327578516 1342259241
162179028 894737341
79809603 804692990
152459372 275827698
635101915 829250019
53102752 262519515
234385927 1178577732
907342991 1329910623
368061027 636411293
406188058 1343867090
1310576971 1385728171
67035729 131683005
1341848407 1369668314
534639186 746079548
217115144 916002750
429579191 926514544
742273243 1319443561
1409460240 1409699126
944298150 1018708024
1193480531 1248546666
666359272 1187963588
859452797 918193413
1202993281 1376762469
25540844 123200994
455152970 577170394
273209625 519286491
734937494 870226772
478701663 806635286
1071752738 1208203782
414434993 1152194124
1003191114 1082683506
898258611 1097359558
844398646 1081818374
318638131 1286676792
560943836 1032486338
1214170023 1349355603
666976242 1211328397
632982917 742565825
1052315849 1223934916
589135163 895539240
208239323 700398724
1039077076 1283511797
1184862541 1202682626
795218192 1312737280
428238326 667466870
451323866 825351740
629342412 1163695255
1362989694 1407140758
296909868 324661718
952456509 1118440158
315666862 866869941
1232848084 1308521645
1395077098 1408078353
846868463 850740420
1061274151 1156735347
267580442 310844076
235834211 553843669
596195626 655657800
606379226 1168840598
459259211 1169105095
211282980 287553607
976973945 1241580790
275989557 857442545
1239061972 1310281060
1062200090 1191876344
854389751 1345414226
163252544 401095780
1267140834 1381496731
244605699 618868035
535096727 1214656217
86252289 175776618
108231614 170364188
798911481 1180973963
716644147 945872510
208002215 1207042334
515759419 645136458
461952917 465071222
27679158 284735037
1005798748 1068307792
1344848655 1365029893
108077540 622459209
524994193 1077001533
601222452 1366129205
920645245 1061134720
73919514 1163144929
630229347 641307073
446738350 990003573
964155569 1046698908
1244987066 1337192637
54241888 1186784372
547830986 1259342519
905455054 1345843183
566719928 818128323
365073677 856979457
616763026 836840879
790305895 1330669687
33935786 630539718
78851404 527648768
1131129262 1345110114
674066940 1301034601
1302083114 1405383113
1028466601 1033000191
1138631756 1319122219
134191020 736162391
172374525 1198986221
527314089 949826712
154078084 1363258995
1371010372 1371651226
766834300 1064957860
145841480 279013837
181284859 997697308
1052053308 1350265691
639021189 1085678389
746312217 868008024
246699898 531746127
21077859 387252178
942458322 1229147791
990698649 1169142165
333438366 821231333
758744650 1097820429
307185285 684546539
42201512 56522891
185136873 932840328
987239083 1058169154
595694404 1077877874
1079281238 1256027008
1008331239 1027463871
353315419 724585204
1200769332 1288027829
835243850 1190459889
1080699671 1270321915
1303268206 1384629562
465651131 776453563
625214876 970044004
198547669 409726410
408845015 1224851650
454145215 1082025807
946051787 1145126227
331743596 1305940977
915086446 1123668040
1266262238 1292776858
308185140 1288035382
985857570 1134923896
32849728 98618994
865342938 866234144
425836847 1306049479
1277236947 1408706243
584780695 726487412
933384723 1165073511
518242751 1213318868
498791024 685169450
691117845 913414120
30296300 873712314
1377451634 1383217966
918158715 1408653422
572519894 753596873
964377722 1128923237
391330009 834920837
63000657 1025912586
274165348 927007808
703163823 1172860093
272635585 879155838
545846239 1042159732
1367731480 1378117824
385712903 1144629795
1231666457 1306715467
223007757 417557187
996966914 1135281097
549916264 687001562
254416406 883430508
1246341135 1259035543
598586251 1352630642
1303146396 1389678645
861582610 1277597364
691714370 803872865
58440315 214734175
298010035 694092307
1281480004 1392211426
293326433 424358738
1286730481 1361348058
780871219 917119270
317173549 907361750
370216258 1190352906
1249662108 1356264465
966680014 1078801903
615109488 1281442351
177293895 404641184
1388492586 1402894890
172232472 712368599
93988980 129248252
534940998 979049471
15792831 1185622942
412551281 512721029
887034609 1118124043
132078740 688638083
235368179 647953184
477821727 804818581
392375379 1273706924
113955695 234801267
1101648297 1362196130
647775803 858373717
128258209 357007906
561445368 920113906
25208251 740518313
664670465 811895430
538189880 639009392
731345286 925883818
34230324 82286817
568602788 844381695
1365216409 1407723381
1270928596 1343616209
903584191 969504811
321814186 1402342855
173381154 1294578683
772616344 883700414
193286269 1264525534
664586619 1189012991
970681174 1369524599
1186262350 1220955997
369273149 752639378
193887654 668280809
495311141 1236942020
948976725 1169824441
672551405 1070715794
661488377 972675505
1203885645 1384769440
199159484 1226123600
115022293 1141127206
96513421 152457879
846059212 1124807034
372595003 647187271
1378910911 1409072564
965704522 1286004128
326082285 547278390
571830614 1390225226
160991532 927227463
457591684 814544519
275773557 653089981
164612240 870394151
1397865559 1405030828
913231553 1089662851
696624899 842738600
143213364 917447047
312550803 1034094222
606492103 884707405
422919053 496102153
1187014947 1193021170
551509295 1027906556
1193939837 1243112734
292671900 366828579
528610202 1327911669
937846279 939227731
373115454 425734893
647970750 1208749650
693150693 1269596269
357095289 795909571
1205323177 1220404903
759873341 1154301545
41743245 728480027
603500603 1022616048
661053210 1185938422
294043149 416815817
87403328 454131990
900311916 1259586385
450323266 1100541902
178477209 1196069049
473148086 1039390928
811922393 1204183225
575534222 734773714
37931988 256762891
982267963 1100608508
472342588 905970921
145162859 295714348
729148075 1082036012
959557522 1292312912
154283516 846440060
494926458 921805909
630085829 1333836353
506379387 1159069461
1367789244 1371677214
430251343 548595867
921786172 1179105991
651019759 1102524600
314560442 998113658
766028097 1364519850
688213683 856533782
32041976 641465601
887279794 1275802555
37037706 335872042
1338875095 1380847870
1183026856 1218305139
292673272 735102638
235294859 1111819753
1060590184 1202778936
233650575 578002101
856500176 1007652315
353180959 570245328
416011562 1184031997
1190411206 1276586662
687624276 1366501055
666661678 983973123
1331147868 1357898694
137137502 330790773
737226589 1070897941
822814465 1305142408
412337354 1343816240
1297304534 1386190460
681935174 925596473
161167120 988881746
1307670602 1314377688
776852448 1150175409
659467145 859800845
26147105 860182314
580781939 706511466
1270023060 1391832356
359034222 975621966
736967716 1029705259
641843914 751703924
326921444 771900297
257018224 1045986109
257440772 500163103
918655914 1180886608
639522022 779805492
310770177 370510955
987064676 1120050856
114214849 811139896
1408650569 1408770272
988553922 1010750899
473268212 787774789
1277139140 1383739145
514918937 717228592
229881459 628416484
1343167206 1347100621
599417036 1344264158
426357382 469746524
1331779612 1400120417
868811691 1344602245
410066541 1305468188
473774197 691736863
370822464 654491311
48749552 413402053
370445964 618088076
1018520316 1173393850
339252496 939793876
386636954 1206473522
412130433 1328194283
88737044 506672397
37707759 1340138492
989763618 1321306553
291247084 1192148194
1405510173 1408113129
380054738 744437013
586492844 688823281
70894194 123363479
620510986 1139569984
917706026 1355538591
1270410914 1401466724
693900864 1118032449
1394122578 1406822902
167410320 719200445
17437099 488022656
174431476 1137536854
1109952987 1261415032
401621025 818176436
393482850 1024001721
1096234333 1147730336
536907448 1217531820
198982789 827220145
15914515 185710485
644548915 657922465
1143868211 1322563261
508425205 1283143654
170884705 436728228
126114466 1219272715
185481890 1316012547
359369891 540239435
415680403 943975337
782382185 1353300360
721494773 1030507203
970078837 1173314616
607633671 954892297
1032867289 1048822644
47066349 513434317
255791608 454588835
739376374 1365267667
828679905 1227910201
1038467215 1261414286
607547624 1032691032
479105409 557039027
433829657 1235549700
410808089 543582129
1273642427 1390402315
1111598526 1221881176
306626914 1072020100
584778914 946920955
1172652565 1392315128
65999417 270703422
213373064 603957523
802339891 910799101
72654594 1155638708
47535403 183554581
254801936 711057635
18077165 131923976
1058643053 1310237656
1143696194 1376230343
635281166 921176667
694147982 1174482065
1021104165 1227833466
1263970009 1317290021
232972720 860877608
873706626 1271552756
5368681 1062333150
841953255 1005285555
980838635 1181179115
1144388407 1317583762
1330605264 1386217315
810642427 870131578
584204890 975828747
556582490 692403886
28772108 664238310
19116602 1358982974
827923789 1210575055
169200982 895595135
39036867 1050970065
486824960 506109765
455434400 468950228
233169951 718127855
296908954 811759067
987387826 1235116146
20717500 1184701961
1385556784 1408299639
594555694 724369183
25290724 1398508087
301322249 1104422056
393883974 1259358610
764903283 784588460
540605907 1077761350
1403088507 1403362283
104699169 703420009
426842840 931964929
176335605 1379326382
279080989 1141723217
304140934 865615853
606512417 855852333
172841449 581854249
55826137 419814386
735158841 1308956457
196340429 870317277
30535740 73731104
422910647 1204404297
750990725 991837233
1261639556 1291980944
307297985 339927204
1024514664 1301723885
117192392 124976543
912066003 1286703161
696631128 1271822813
1260922075 1386492086
1182586081 1344221819
128434243 693228373
607941502 622923440
467924005 882903929
691127456 1112683466
558422662 913288920
698004473 1243600503
1125745910 1167012550
606054265 792877295
1325195343 1351344708
948733553 1033647755
79153284 1292707043
42833961 49417929
402028047 906859451
589475548 651498447
220521851 937558392
296600074 330361147
680310434 856477229
1385285372 1386702099
1113015154 1125512025
406440260 938416092
1298762661 1329075985
374674267 402769876
262500093 1138342202
498958873 796092665
1051301152 1104064533
352768391 1387469355
767502141 1115342620
650643192 820493152
256418713 558997388
619756670 842189939
491454636 628546801
683720993 1134452107
729065141 1350789426
1388238973 1391865405
246810471 498897506
114120937 806534472
204585261 953411148
370817191 1165812743
1139707458 1170129580
545703697 1371890243
726173062 1205833565
16946514 172442635
257984107 1112145482
11507098 387016149
1008102904 1171275195
1409495739 1409627192
241776216 325074490
431217438 1104668850
648577120 660824295
345680031 511250206
395360611 666675198
92328071 861991485
477754905 480475889
366248927 1358030435
