16
981
49 73
496 534
526 347
216 852
13 329
847 704
473 403
235 8
885 594
188 914
640 324
31 899
557 493
735 150
958 674
8 592
956 808
86 416
927 817
250 543
112 735
87 204
341 907
587 92
229 304
374 737
582 506
711 168
339 431
9 732
880 97
61 381
288 914
162 695
419 353
4 743
35 213
562 378
516 514
590 299
556 560
826 623
267 400
331 289
306 625
854 700
662 412
351 853
382 246
925 643
205 764
330 300
298 320
124 325
739 370
573 217
194 637
976 788
697 333
223 349
934 936
61 17
757 454
966 850
764 439
534 126
964 691
650 13
153 852
47 158
231 392
339 459
948 540
195 496
753 365
508 862
934 886
566 171
114 412
488 339
899 115
199 536
99 868
800 213
790 317
509 200
541 228
117 631
336 936
32 262
382 350
718 68
964 497
420 769
540 39
683 405
413 132
938 445
453 600
40 635
319 29
937 415
658 570
910 155
806 862
716 85
928 356
713 670
632 449
863 809
7 301
322 267
456 279
167 692
754 211
160 697
952 518
805 306
248 91
688 43
814 970
678 828
337 528
979 597
897 511
297 955
802 397
461 255
339 454
69 338
906 552
776 238
74 577
912 98
410 248
602 58
664 752
814 547
685 494
418 110
803 800
779 128
896 430
201 866
774 69
855 786
905 521
144 181
723 141
109 911
904 203
621 444
691 364
271 519
771 349
613 298
881 50
4 567
402 215
43 124
474 362
143 311
947 752
979 701
412 869
771 706
213 445
399 936
793 427
973 848
264 661
419 259
849 616
620 336
876 630
714 561
487 756
696 161
521 893
455 731
964 674
885 211
573 688
783 292
484 364
370 727
699 752
879 86
399 748
103 412
649 971
479 933
594 615
366 475
172 337
721 606
185 364
267 611
369 495
680 838
414 394
700 862
883 345
504 326
902 870
671 243
834 550
237 257
568 290
95 294
617 31
433 805
106 913
109 471
585 17
324 266
801 778
165 50
47 787
691 427
806 189
296 725
99 917
896 540
200 438
395 207
290 65
248 40
832 93
736 499
689 796
387 189
245 561
552 33
37 426
84 402
971 401
678 864
440 223
288 391
537 673
791 829
604 349
832 524
498 623
401 210
462 18
873 227
216 627
736 769
51 879
464 667
762 900
908 351
340 937
905 539
744 756
747 59
393 610
929 449
37 101
72 177
942 90
674 760
239 814
50 981
421 889
684 730
892 407
459 390
236 640
495 615
894 960
440 456
644 703
645 490
953 703
953 753
502 295
172 588
94 441
739 625
843 209
125 14
740 533
530 316
391 885
284 739
348 54
1 910
628 248
945 657
79 526
9 97
319 439
10 766
295 796
47 753
124 276
91 706
681 327
964 759
556 8
577 192
521 933
909 314
299 599
855 69
936 32
370 624
756 254
175 766
639 824
397 507
283 377
262 49
83 670
683 687
773 408
567 418
143 890
729 943
707 473
745 190
301 580
248 672
521 817
542 869
484 249
163 805
655 764
25 819
7 6
519 789
526 100
973 616
796 89
241 612
666 901
98 735
649 886
738 917
65 121
954 502
141 295
48 933
964 159
312 455
875 100
634 128
198 277
375 487
366 959
30 235
280 165
244 498
189 432
707 862
343 8
63 915
42 373
123 18
308 78
6 326
561 538
460 743
75 531
36 26
305 785
10 132
284 357
767 230
944 154
493 843
141 768
577 320
389 258
265 656
336 913
652 546
349 206
886 881
946 485
342 845
475 635
35 794
461 403
89 407
887 688
132 497
883 24
822 99
425 292
460 201
687 484
16 753
222 407
189 8
738 474
400 862
388 170
400 354
418 196
504 608
547 648
607 515
962 623
789 787
154 184
167 651
690 572
429 31
574 455
454 823
861 342
196 49
164 452
17 112
336 402
270 856
784 852
899 297
80 223
635 492
569 586
151 422
302 145
666 666
482 472
194 645
844 273
185 49
856 867
419 724
124 826
770 120
575 37
235 443
443 111
359 686
807 587
592 510
154 481
539 319
542 165
207 819
969 127
19 103
872 441
888 109
217 432
958 934
402 728
738 461
442 453
66 342
746 294
898 530
496 666
824 771
192 970
108 746
487 207
567 271
852 705
414 953
650 574
951 163
96 220
24 529
139 330
777 507
849 571
286 7
572 766
814 824
3 266
732 402
644 326
816 463
548 144
74 958
34 418
795 410
918 118
612 9
629 538
630 451
865 144
974 814
254 145
948 286
545 592
387 323
333 89
422 166
400 926
877 865
225 753
786 582
648 878
118 660
173 757
466 710
381 516
703 188
692 45
503 952
771 943
117 174
65 156
821 356
91 259
737 314
808 234
524 457
633 626
620 215
881 711
155 378
696 590
686 153
550 95
16 617
547 249
854 167
226 390
516 210
900 649
29 189
827 182
658 693
705 531
502 205
192 278
743 498
177 365
935 901
720 656
377 95
399 637
481 200
184 328
490 57
689 760
176 314
695 888
175 477
689 693
445 976
169 113
495 855
783 390
776 917
820 438
287 448
955 518
129 64
677 9
888 63
353 686
875 711
113 567
677 148
684 955
752 15
914 717
18 779
322 268
852 852
470 557
975 878
753 300
809 126
191 525
839 409
62 975
159 82
859 944
779 125
142 677
521 101
698 291
249 733
652 799
859 248
405 756
430 84
506 75
285 873
361 209
488 234
611 272
521 672
844 885
848 615
824 416
914 54
557 739
400 690
980 245
174 572
136 110
74 769
880 116
604 232
250 545
529 338
628 439
190 597
139 266
918 498
827 65
593 134
630 274
656 750
663 639
398 370
708 475
348 706
864 714
14 328
730 137
897 176
509 742
65 67
71 975
17 258
17 519
858 849
160 801
589 218
287 469
841 107
738 897
769 345
353 967
25 772
262 296
458 965
24 112
785 622
560 799
307 659
388 775
693 466
307 704
603 292
627 584
894 481
685 454
694 875
100 517
472 739
488 576
184 208
222 317
117 408
319 298
524 860
251 12
901 605
588 796
818 875
315 374
414 655
856 107
121 361
702 721
558 350
970 688
199 707
856 562
137 6
459 977
250 780
976 308
526 452
280 896
231 791
109 453
798 369
696 469
635 878
154 96
41 738
113 512
728 640
381 274
899 437
103 455
230 12
586 446
765 78
965 579
183 636
941 435
521 503
714 411
278 488
130 958
214 45
725 113
806 459
16 488
967 589
947 600
117 565
266 445
616 798
85 93
444 235
861 99
974 406
882 209
91 342
89 382
13 646
77 93
3 122
222 589
526 166
110 666
155 840
332 678
690 348
487 188
953 345
580 466
199 124
764 26
553 781
812 542
72 251
643 243
162 186
715 923
714 335
948 26
411 499
821 574
472 859
299 517
610 768
612 746
125 408
101 70
908 851
689 522
848 849
692 340
656 272
620 195
237 711
704 974
967 900
56 288
452 176
317 926
606 95
418 612
318 787
756 37
628 354
520 381
683 747
249 915
38 208
641 377
59 159
556 801
327 647
189 640
3 756
21 272
409 484
735 947
958 534
589 785
921 592
591 927
37 526
861 588
582 651
327 400
931 299
256 521
748 747
342 83
234 59
954 864
90 747
191 501
157 707
813 525
117 130
251 84
894 889
412 515
500 198
283 143
730 335
425 816
886 168
354 231
570 443
656 139
707 416
418 899
649 485
119 1
486 85
354 15
280 946
720 812
245 250
861 874
623 180
208 613
704 677
404 361
275 844
694 584
103 669
916 635
208 32
390 571
246 826
340 349
132 330
366 489
442 839
247 839
496 789
23 425
939 761
795 537
732 632
15 922
738 669
854 375
827 301
266 758
920 600
650 1
837 302
13 364
191 978
834 660
139 132
747 536
143 640
943 20
352 923
775 730
612 931
133 356
275 939
505 908
842 49
729 846
542 127
733 981
923 86
128 926
332 128
908 689
801 539
390 807
610 899
708 943
158 901
944 465
137 981
180 311
675 27
979 604
282 107
382 716
551 469
59 821
155 231
115 861
701 914
675 341
311 628
864 957
504 711
191 441
279 432
912 342
155 107
138 666
859 259
341 722
27 375
406 579
868 603
539 877
38 846
693 547
105 146
153 524
829 326
462 647
228 99
892 181
784 422
905 611
226 864
682 758
3 899
943 946
836 916
626 144
896 727
913 850
74 447
2 828
668 453
809 159
596 541
171 412
142 336
579 144
574 382
521 953
702 926
400 527
239 756
194 147
739 252
864 775
529 191
572 182
8 108
408 378
957 101
871 467
747 576
538 663
977 486
591 151
234 814
277 297
542 106
29 532
742 90
38 349
347 196
351 422
946 676
284 610
225 712
948 640
409 168
456 463
229 380
376 353
434 604
529 453
386 122
738 187
228 224
683 830
725 334
497 190
631 539
159 207
948 156
657 27
725 606
781 384
236 472
516 786
60 874
615 315
391 731
585 366
813 539
477 534
267
133 258
37 212
123 150
61 168
132 250
226 126
261 90
140 96
77 248
5 4
9 170
184 219
246 110
267 153
208 197
219 164
177 19
88 105
32 109
9 264
214 187
80 214
50 144
134 128
10 254
118 29
179 103
248 151
168 28
231 43
257 179
15 69
142 9
208 120
53 260
237 147
109 52
179 115
194 243
233 213
218 181
207 68
89 36
145 57
197 151
209 253
214 162
116 16
47 24
60 224
193 206
25 165
199 19
236 32
217 26
187 264
140 152
17 45
173 4
235 5
86 168
89 158
226 207
238 34
222 246
213 142
103 234
227 226
243 86
252 47
114 46
65 18
114 209
33 101
124 249
90 110
119 164
191 261
92 178
1 95
155 181
168 41
191 6
202 59
45 79
165 190
266 214
30 200
58 66
205 187
211 185
157 80
204 214
232 242
57 150
6 196
266 65
196 244
207 149
156 69
98 13
244 111
128 97
239 117
136 173
58 62
174 113
158 236
222 158
19 188
67 96
7 149
28 204
89 235
174 219
219 23
235 91
229 125
33 164
26 147
61 152
231 80
227 100
42 81
197 266
28 66
247 148
98 125
234 178
5 148
239 37
35 5
259 193
163 259
65 25
189 148
9 23
71 159
87 75
198 116
160 231
239 6
8 18
115 32
15 220
141 141
31 203
245 55
209 262
160 26
222 235
45 213
152 45
244 113
48 10
185 9
99 107
86 3
254 75
178 176
260 59
49 126
228 196
265 40
209 118
19 49
171 9
119 76
182 183
256 239
250 111
267 83
117 184
242 22
256 158
188 223
237 236
193 22
204 177
130 194
225 11
184 182
43 126
155 74
229 145
113 237
223 52
59 5
221 15
28 117
197 196
142 80
103 113
187 87
129 24
228 158
107 133
13 251
200 193
170 263
198 232
187 62
109 162
107 119
52 86
260 73
21 133
56 233
14 179
73 151
239 39
252 215
95 163
4 252
134 260
96 131
27 69
167 240
187 217
141 97
267 118
26 63
2 222
137 233
253 117
42 137
150 135
57 145
198 172
164 29
184 252
37 134
111 147
51 154
17 266
208 220
41 119
66 109
6 242
209 208
170 169
120 134
77 145
121 6
33 224
79 78
36 203
175 155
23 3
92 149
157 203
42 131
181 2
173 178
5 137
33 127
164 13
28 168
226 202
140 242
60 130
151 161
224 60
14 73
43 150
202 101
138 33
7
4 4
4 1
4 1
4 2
6 4
4 3
4 7
146
1 74
75 46
105 108
102 63
39 112
49 86
7 132
55 79
114 56
66 69
2 4
14 85
42 62
126 106
13 39
58 41
46 7
54 129
131 82
91 6
135 87
143 138
120 52
87 140
121 12
116 45
142 110
125 103
90 130
62 68
78 3
57 67
95 84
34 37
48 83
12 104
45 35
19 105
29 135
33 24
16 127
97 144
47 32
119 49
140 48
83 145
5 31
134 107
89 14
127 93
100 133
43 2
138 25
74 70
17 75
96 34
26 53
56 102
106 125
24 116
113 134
92 40
28 27
8 1
27 50
99 124
108 16
79 59
72 113
128 21
118 126
40 137
10 11
52 80
104 123
6 22
61 64
111 109
38 115
25 141
139 111
85 18
115 72
71 42
109 15
81 120
132 136
73 81
141 55
80 65
11 57
51 101
103 90
123 117
50 17
63 66
15 10
44 77
98 28
93 76
136 38
84 23
107 73
86 122
3 44
110 91
32 13
112 33
144 36
18 119
35 54
59 78
65 114
130 5
133 19
137 121
31 26
88 99
94 143
30 95
9 29
53 8
41 96
20 43
117 92
69 30
68 142
82 97
129 60
145 71
64 51
22 118
4 131
60 94
77 98
101 139
146 61
124 88
23 47
76 146
70 20
21 58
67 100
37 9
122 128
36 89
370
246 240
110 51
144 205
326 258
55 278
241 3
263 261
102 355
120 22
99 327
54 263
255 58
19 293
175 42
361 260
9 70
319 32
316 188
74 272
94 158
60 44
156 98
300 298
230 14
65 194
288 123
89 93
262 223
91 312
287 114
150 155
296 80
348 134
13 337
200 95
174 341
283 314
101 161
104 27
38 307
137 81
330 249
10 265
26 7
128 330
298 334
346 142
286 137
272 321
216 353
130 130
49 102
254 247
152 68
47 313
107 305
341 262
85 156
244 21
71 112
46 4
362 242
363 243
52 97
285 94
301 17
43 279
268 25
42 145
357 126
309 89
291 154
340 207
208 144
335 55
126 270
196 228
234 269
18 179
353 47
321 211
181 287
78 72
370 344
258 274
186 10
149 285
313 309
221 20
103 349
169 303
2 99
70 160
79 87
163 329
76 115
311 9
236 147
132 43
281 86
317 195
315 332
368 280
98 295
351 328
69 116
204 189
73 153
178 277
366 104
329 132
157 273
44 196
160 100
305 343
172 214
345 133
205 264
256 201
140 2
136 203
356 185
266 35
58 34
191 177
240 335
8 235
117 164
146 163
222 237
28 182
235 152
59 103
337 191
261 54
6 222
86 310
109 352
105 232
201 108
297 356
344 120
168 370
350 5
39 331
16 16
155 170
277 234
166 149
153 326
290 69
271 345
66 354
284 233
187 347
5 357
48 26
112 250
63 244
81 227
248 317
118 304
334 248
312 322
217 256
25 140
250 252
237 361
41 315
192 33
133 351
232 74
276 113
306 46
282 118
327 77
349 284
141 166
111 125
314 169
92 300
369 181
295 131
231 291
100 172
161 75
333 308
188 320
194 226
318 290
253 175
299 306
364 129
31 209
280 210
185 171
199 106
324 148
273 275
218 218
195 41
359 282
162 338
304 141
151 64
332 212
51 365
278 119
182 167
197 105
180 90
322 36
147 71
203 350
207 30
108 198
367 96
129 364
7 333
20 294
173 301
339 117
138 159
61 325
67 52
97 204
225 292
134 336
131 208
148 296
62 6
68 59
247 15
257 13
165 82
294 62
229 192
11 359
56 56
224 162
252 174
307 121
36 311
114 111
233 83
242 127
212 245
87 40
355 368
193 254
308 366
336 48
121 255
21 187
33 109
53 101
227 297
179 219
338 286
342 271
145 168
243 12
17 318
75 50
219 57
3 230
35 360
96 215
27 363
310 39
360 45
95 362
167 288
106 289
88 206
4 346
83 342
211 202
127 239
184 138
358 135
123 19
198 24
177 268
269 107
32 37
37 146
22 61
72 183
210 302
119 180
354 229
142 253
15 324
82 369
267 231
139 267
303 283
122 236
209 128
124 65
183 31
116 73
159 92
50 151
259 150
331 49
40 281
302 184
223 217
292 143
275 76
325 124
29 67
93 323
125 339
24 85
365 91
154 38
293 110
77 193
30 78
213 216
190 225
251 1
14 11
226 241
158 197
90 60
84 53
279 136
115 220
45 139
352 224
220 257
328 88
320 63
80 200
12 28
34 213
171 358
343 190
289 266
176 176
206 66
264 18
270 186
1 178
202 316
323 299
143 238
265 84
189 259
260 122
239 157
113 79
135 29
347 199
170 367
238 8
274 173
249 348
214 276
64 251
23 319
57 246
228 165
245 23
164 340
215 221
506
102 66
49 52
285 207
340 429
247 402
129 224
393 114
14 218
460 208
146 493
330 119
446 258
52 499
485 329
18 375
370 187
166 57
245 114
145 308
296 365
463 409
345 101
210 258
413 20
377 22
309 119
447 87
304 196
268 355
69 246
409 242
450 485
241 191
356 460
355 442
32 103
167 296
183 105
14 290
390 420
20 395
96 451
37 15
48 114
132 268
42 24
117 124
428 217
47 324
366 473
471 498
321 37
432 217
151 280
158 5
431 136
418 274
167 492
404 280
211 346
374 229
486 493
362 30
245 295
390 506
155 130
137 250
3 63
258 442
142 366
405 248
33 149
249 93
292 288
2 273
314 487
476 301
326 77
297 305
227 383
58 296
461 440
439 329
128 135
302 6
338 60
428 117
394 201
204 356
90 53
88 173
493 166
71 343
369 178
107 159
181 92
242 102
390 143
195 365
369 453
409 460
258 240
81 237
208 80
204 343
139 175
238 199
304 476
496 114
239 91
229 59
434 331
485 251
41 247
321 427
33 387
42 160
388 90
104 41
143 390
55 473
497 466
277 357
158 459
448 266
214 157
306 347
402 333
11 194
445 410
477 365
448 74
178 177
155 265
458 202
76 398
67 202
249 63
314 445
210 468
296 125
215 187
48 271
387 239
347 418
200 434
381 137
501 50
414 393
467 346
232 165
346 222
49 355
60 362
67 122
339 46
491 16
186 463
286 158
159 362
473 150
92 85
362 308
413 239
133 182
86 174
82 473
129 444
153 138
46 368
493 191
137 193
281 33
498 386
392 116
427 149
349 67
297 14
58 440
422 221
64 323
383 124
15 329
162 449
180 95
479 214
373 398
302 158
8 258
61 24
498 372
188 388
240 281
186 415
132 2
177 304
285 48
67 414
158 424
138 233
401 493
226 203
482 94
421 102
445 128
503 405
456 75
337 102
233 251
279 331
185 476
462 247
248 256
136 273
150 40
444 425
7 27
457 425
389 9
396 128
456 384
429 460
505 496
48 5
10 435
247 265
402 217
422 472
31 493
66 374
198 461
286 369
355 303
504 127
486 98
61 456
288 216
262 160
448 485
169 109
170 149
458 79
349 374
299 22
471 150
231 317
477 249
399 258
437 362
374 368
270 251
242 338
474 423
402 151
208 351
98 381
10 14
413 222
143 150
39 452
364 476
186 39
435 132
81 181
281 274
9 235
243 274
448 181
40 160
316 122
50 447
456 438
409 434
191 246
449 430
447 53
49 52
256 376
213 265
244 394
241 434
378 375
185 351
32 436
252 219
256 241
479 247
454 166
377 163
335 384
154 316
140 491
375 112
217 119
444 403
98 60
461 53
321 445
83 135
198 480
153 394
312 504
400 398
210 271
21 247
299 167
59 450
389 504
34 141
208 265
5 157
204 206
193 66
40 38
157 167
152 421
248 456
425 236
163 446
130 403
30 2
338 363
353 62
384 27
90 250
31 96
57 495
140 28
275 411
327 135
385 198
453 227
245 442
422 146
320 300
322 415
270 277
254 335
121 223
280 242
345 222
324 208
268 167
141 335
204 413
144 134
93 459
465 288
442 98
136 231
163 308
239 289
166 220
152 337
12 176
135 448
440 138
463 453
14 422
202 48
68 458
91 41
30 391
368 311
233 136
275 122
145 276
89 380
386 196
142 64
389 202
316 280
186 400
330 22
324 241
433 426
463 267
196 309
231 295
465 116
215 191
206 303
423 369
293 60
289 79
301 324
159 205
73 160
378 302
488 370
493 254
457 424
159 278
445 89
155 342
461 324
67 97
269 411
79 452
195 472
435 356
296 253
12 469
180 155
1 368
106 93
319 403
55 38
240 498
99 30
119 389
251 480
28 72
446 212
502 127
354 39
438 392
235 230
181 343
393 64
118 348
103 144
259 258
481 33
115 397
100 402
152 204
225 347
222 137
473 223
115 335
472 224
444 289
55 171
13 463
395 174
40 446
87 444
82 264
75 131
300 56
79 128
409 320
431 442
50 106
486 166
305 225
240 393
334 135
322 410
143 421
16 233
204 235
218 434
483 117
21 262
260 104
54 130
482 308
62 450
146 214
132 49
400 166
354 286
256 114
29 87
354 493
105 82
368 483
87 76
430 145
303 471
377 188
472 450
281 329
167 12
50 334
221 447
334 253
24 13
278 408
147 15
465 39
4 483
147 471
484 458
290 455
495 431
319 72
266 267
434 54
200 117
254 1
51 496
159 243
326 1
319 27
78 117
306 248
377 324
424 151
266 322
139 367
63 149
124 423
344 45
120
28 14
70 43
55 47
80 112
73 38
31 33
9 66
94 94
41 28
88 19
86 86
1 47
6 28
45 101
64 61
41 78
47 77
65 46
9 13
36 99
6 106
49 51
72 105
44 91
14 32
67 51
55 76
51 96
92 71
73 104
100 59
40 5
17 90
62 23
28 26
110 12
63 109
77 79
58 70
84 59
82 63
7 83
47 100
97 5
60 35
92 91
115 100
42 119
113 73
16 31
84 93
70 97
13 87
9 93
2 80
69 5
5 12
44 9
36 45
112 92
88 57
111 4
74 14
91 67
103 4
100 90
28 44
106 81
59 99
9 2
119 75
55 85
97 87
119 3
114 72
91 20
81 82
25 26
11 31
116 10
92 88
20 81
82 28
64 31
1 7
109 102
120 62
57 92
1 7
21 32
61 51
13 68
35 45
119 51
12 15
114 109
40 56
23 109
90 87
99 65
52 3
105 114
35 45
75 78
65 72
11 56
106 38
58 81
31 94
118 21
83 37
3 108
55 27
12 57
37 120
34 48
80 36
109 92
97 70
31 112
42
20 8
30 27
5 22
8 13
21 40
5 9
1 40
19 41
29 7
21 25
31 8
40 17
11 29
27 33
34 8
20 21
29 6
37 16
14 6
1 21
34 36
7 30
30 1
33 1
3 34
20 27
26 5
35 4
12 35
22 42
13 3
11 8
21 24
16 9
39 40
7 18
4 36
17 5
22 40
38 11
13 7
17 16
404
67 27
387 59
369 40
2 316
321 77
34 37
355 251
31 222
402 305
222 238
283 304
389 383
59 225
63 323
295 355
263 277
247 43
239 50
103 376
386 171
172 38
372 324
225 152
398 351
108 29
137 220
292 284
141 79
328 345
91 63
270 162
335 356
101 360
397 352
275 192
22 213
133 103
337 64
71 132
165 396
46 18
9 349
191 358
396 94
352 89
320 93
242 380
298 11
332 58
48 24
269 273
226 393
260 318
285 32
205 312
284 275
174 297
365 150
333 180
401 332
336 116
307 109
251 137
84 314
240 41
290 401
404 339
185 253
163 265
177 30
40 48
187 343
79 230
299 334
87 311
117 92
364 183
384 2
374 344
223 160
238 234
11 298
82 207
161 196
64 35
158 404
385 272
351 60
157 97
362 78
361 69
97 315
171 51
356 131
147 392
265 153
12 389
125 184
4 398
390 252
308 146
217 391
301 353
293 367
221 21
244 254
92 124
114 300
367 286
129 108
43 212
340 375
347 57
150 257
90 17
119 156
322 139
200 368
195 233
76 104
100 62
127 140
381 289
32 22
257 46
382 15
183 228
68 214
36 16
261 385
189 381
70 306
94 241
267 328
95 117
288 120
206 86
37 8
310 224
199 90
72 191
315 232
305 130
395 255
6 186
232 161
134 325
123 65
253 136
23 294
344 302
370 170
258 378
194 209
237 187
192 218
197 372
323 320
139 129
231 66
326 1
255 19
124 215
184 264
201 326
233 347
317 216
120 4
135 280
243 307
153 244
331 158
73 75
54 386
376 243
327 382
10 100
116 31
343 189
118 364
104 270
272 88
280 34
207 331
360 159
152 105
89 102
218 176
330 292
62 403
57 285
58 28
140 249
246 141
66 85
85 295
324 3
24 157
19 135
30 12
162 23
176 138
143 165
281 56
93 310
318 198
145 217
212 128
156 258
349 278
3 113
77 47
294 151
113 370
399 388
16 111
149 338
286 106
394 373
215 164
393 134
175 236
20 10
25 262
380 166
198 359
121 194
259 274
196 36
203 14
350 269
45 267
42 293
144 26
105 6
211 45
154 219
35 402
334 80
131 341
264 123
366 33
38 240
193 282
248 226
353 61
311 188
210 208
74 399
245 67
379 99
181 387
309 250
107 390
256 248
316 266
291 329
266 246
241 327
338 319
1 400
378 71
69 44
357 25
106 379
329 127
99 122
359 350
254 133
388 260
179 82
164 190
274 276
368 336
5 348
229 70
214 201
219 397
142 147
21 5
49 261
319 299
306 173
188 301
132 112
220 179
86 357
18 333
122 169
227 247
83 20
138 290
228 235
182 181
160 374
273 73
303 263
28 172
50 145
170 366
47 288
78 143
148 337
400 55
173 322
126 205
373 237
110 115
304 168
271 149
96 91
268 83
29 154
278 53
55 362
249 144
392 107
262 174
7 199
51 9
302 395
282 72
313 342
341 121
314 119
27 309
230 221
146 231
325 303
33 394
354 291
250 371
178 313
167 204
312 369
128 365
339 110
289 126
44 155
346 13
111 185
53 54
276 101
403 163
383 317
375 81
204 223
186 52
98 167
61 283
236 271
180 321
81 256
159 193
60 242
168 95
287 340
296 84
52 87
80 384
345 210
235 377
371 175
202 68
234 354
363 259
208 7
166 268
377 296
342 74
26 202
15 195
300 279
88 49
216 96
297 346
169 335
65 148
102 211
39 363
391 118
252 245
17 177
109 178
130 42
41 98
279 125
14 182
358 76
13 281
56 361
112 330
190 229
213 39
75 308
155 287
348 114
115 239
277 227
209 203
136 206
224 142
8 200
151 197
565
44 361
512 564
167 485
132 479
414 529
381 266
202 275
53 74
532 374
9 318
409 4
27 59
420 522
344 429
366 412
499 259
78 168
301 402
271 133
164 129
502 64
510 279
61 166
142 504
42 155
446 30
163 194
445 407
353 411
341 500
468 144
513 197
139 111
105 322
493 128
10 35
439 401
279 389
471 269
69 491
554 484
368 375
162 242
15 46
24 324
120 201
221 153
487 287
232 346
98 232
393 244
217 405
410 208
250 76
229 221
102 356
500 446
92 73
452 339
20 540
404 304
75 278
485 547
369 262
197 525
137 502
403 423
332 300
148 3
216 390
313 562
474 228
86 373
31 85
497 163
146 416
56 63
124 449
506 126
37 209
18 392
36 233
378 164
30 301
4 546
412 454
342 48
477 189
486 119
536 109
174 268
177 21
284 437
379 171
311 117
166 245
463 25
481 397
12 475
377 175
324 517
85 240
52 436
103 198
483 203
382 32
225 284
170 350
192 15
306 54
392 50
125 253
315 543
482 131
549 509
421 466
338 289
413 258
62 226
523 97
46 536
220 121
68 323
245 297
424 28
17 99
355 358
189 499
58 173
83 387
168 312
419 537
159 370
200 455
541 140
213 195
67 365
358 438
545 199
302 439
304 141
121 337
372 526
395 494
469 22
173 334
518 114
2 19
429 113
565 67
461 31
135 250
160 406
40 447
66 206
321 36
16 282
563 520
215 441
400 516
89 106
55 276
387 149
152 207
285 231
100 382
72 177
458 91
280 249
346 112
442 315
308 552
292 165
553 328
319 565
357 61
94 452
131 532
415 186
476 352
434 527
252 286
11 360
205 223
65 298
511 215
411 469
495 542
561 515
310 251
265 20
340 310
376 488
270 79
112 333
278 243
118 252
32 204
259 456
111 460
119 467
528 367
261 433
436 127
432 39
157 183
398 84
449 425
136 498
505 353
48 145
556 150
113 1
127 52
38 444
151 205
552 24
133 388
194 380
287 548
407 38
182 100
101 71
479 372
76 220
524 476
390 288
41 69
99 158
219 448
389 413
343 8
443 146
80 45
87 458
484 33
540 396
418 420
559 167
122 239
175 10
362 90
525 103
108 184
374 348
356 443
440 541
517 347
5 227
185 464
417 179
204 316
254 7
325 518
286 23
462 236
234 191
564 528
447 213
526 181
237 364
183 440
303 256
50 229
3 404
180 160
8 544
453 188
391 503
480 480
81 496
435 185
375 539
288 283
334 83
290 274
456 182
535 130
491 368
428 216
13 338
380 72
363 187
54 80
388 293
130 115
533 123
515 11
258 462
71 169
329 55
191 292
444 212
214 217
7 248
228 101
328 105
451 378
19 326
93 410
161 538
318 246
59 303
263 560
172 254
550 473
519 319
79 66
531 403
354 386
239 445
330 384
478 357
455 5
240 104
226 379
145 459
110 506
45 330
508 501
209 371
106 219
141 96
405 34
503 344
454 313
165 325
296 486
269 534
309 314
235 557
253 78
396 366
104 263
116 12
534 154
438 40
326 487
322 176
212 81
255 343
35 451
364 178
274 395
529 533
33 53
14 120
74 152
82 457
475 422
150 417
402 267
370 342
247 490
299 62
43 295
188 143
242 435
373 369
126 393
416 385
305 137
169 399
464 442
467 193
134 136
509 495
298 156
97 483
460 553
441 489
314 336
179 58
345 383
521 545
333 463
466 26
211 510
289 222
117 550
457 296
547 426
276 47
249 563
548 148
91 327
266 291
176 418
25 514
243 230
401 474
154 134
64 359
198 17
360 192
320 306
123 89
337 549
394 332
23 285
236 102
227 307
520 41
29 349
551 273
335 431
385 524
351 98
206 86
431 351
223 558
336 281
222 468
178 363
473 311
465 14
300 478
90 75
496 535
281 559
114 238
397 247
516 362
147 18
539 376
365 556
472 110
371 225
22 398
312 531
140 280
260 381
238 77
272 415
408 317
558 118
282 508
203 471
128 497
84 68
501 335
115 477
560 264
367 511
422 37
107 377
427 321
557 124
537 125
294 200
522 88
34 428
514 394
459 521
143 260
283 461
218 95
488 224
88 419
383 6
433 135
210 271
349 320
6 400
498 138
60 142
399 241
156 512
307 122
208 13
507 523
241 272
39 70
359 161
316 309
187 261
494 492
158 218
199 432
181 290
248 507
425 554
196 147
450 391
295 561
273 49
73 257
26 331
504 211
277 2
257 139
171 505
195 329
262 265
264 174
489 93
47 482
244 408
57 421
201 530
293 107
51 237
21 345
350 427
246 82
231 51
268 60
426 270
184 470
129 196
49 453
291 210
109 465
138 355
361 162
1 42
347 555
406 519
527 159
144 409
470 294
384 302
327 434
423 92
96 513
186 94
153 202
323 450
542 116
155 235
546 551
230 57
492 65
224 172
95 180
70 9
348 341
267 424
251 170
256 354
63 430
352 305
317 56
430 308
437 234
275 255
490 108
297 414
331 214
149 340
233 299
555 43
339 16
207 190
562 132
193 493
544 481
530 29
190 27
448 472
538 157
386 87
543 151
77 44
28 277
665
83 529
194 208
445 169
355 190
344 583
381 212
654 83
369 154
211 83
587 490
195 417
437 298
611 20
177 362
484 297
237 160
484 251
597 366
650 310
318 488
127 24
129 287
254 548
369 154
55 623
324 327
305 590
415 284
43 533
479 656
637 239
39 62
151 294
204 298
361 150
626 656
565 165
627 617
650 631
33 192
521 567
659 639
502 259
544 664
434 129
297 605
106 14
207 591
330 346
293 99
568 235
548 548
155 374
518 386
88 202
484 14
226 639
632 318
607 479
641 257
189 612
448 6
41 634
352 438
332 20
290 203
362 373
577 10
548 359
408 365
494 401
175 91
641 563
341 284
517 475
192 393
541 588
282 148
631 75
592 460
115 450
202 561
433 44
570 513
618 85
352 652
14 32
659 453
223 567
630 33
505 376
597 632
512 207
266 609
641 111
57 80
601 229
38 408
199 585
424 217
314 350
433 467
475 275
52 224
339 296
592 379
318 209
345 317
501 528
395 175
30 501
444 10
393 613
18 502
449 186
409 637
625 241
276 147
463 258
388 158
555 555
341 140
407 416
220 79
459 67
403 570
19 160
628 616
202 414
193 136
27 416
631 266
414 101
374 260
69 31
49 315
121 643
307 497
382 490
25 25
452 246
517 231
427 120
553 476
457 600
399 127
263 93
419 358
650 456
529 663
12 644
435 527
534 416
388 245
393 362
129 196
228 268
418 53
334 293
160 214
216 38
114 494
290 145
15 56
585 613
525 270
479 81
445 661
18 280
58 532
276 343
643 453
347 636
396 540
149 20
617 178
284 63
626 346
282 590
342 207
178 530
451 504
343 405
3 345
134 621
631 644
488 499
534 492
456 144
38 383
470 541
630 309
614 466
167 346
272 144
476 180
43 219
132 380
636 633
413 26
390 589
544 322
202 632
139 65
322 425
450 247
274 506
221 579
553 453
32 175
365 326
311 436
340 529
209 78
591 52
109 527
586 176
77 600
259 610
149 661
58 337
65 159
505 37
405 161
481 129
306 568
206 150
222 40
561 361
204 500
637 525
337 516
428 225
286 248
557 407
317 476
401 615
640 637
598 125
386 646
495 492
475 122
92 441
580 220
46 313
506 414
34 86
483 326
317 34
309 293
590 177
19 559
234 462
22 120
453 466
208 399
504 420
544 107
437 203
249 372
608 336
175 490
33 620
261 172
283 136
489 531
5 88
174 614
598 494
366 251
256 367
153 80
237 356
592 478
509 74
434 303
166 281
241 146
464 584
56 345
56 111
477 657
561 658
315 572
510 264
177 307
151 553
65 340
142 53
60 418
315 32
546 133
293 424
144 488
519 543
611 543
512 241
506 205
506 285
92 473
181 371
165 291
221 363
150 460
442 659
12 320
338 124
302 113
391 142
371 48
534 67
519 475
464 648
204 527
358 209
624 49
167 376
342 32
588 609
281 653
10 465
651 66
115 181
190 217
12 363
581 98
448 469
175 341
627 425
197 328
141 400
387 78
559 102
592 420
147 100
569 522
271 582
151 460
113 23
95 414
403 625
136 149
355 538
553 571
467 254
487 305
309 569
602 429
205 16
182 428
27 46
123 354
37 64
569 500
501 95
580 21
158 184
167 53
105 531
424 290
444 195
322 515
311 627
513 237
353 320
54 328
335 160
97 47
571 261
620 237
115 348
542 220
596 134
489 633
503 571
621 410
115 72
67 603
195 75
80 539
227 586
239 547
594 551
3 53
175 452
364 541
621 376
79 116
208 22
419 311
28 452
449 499
643 247
140 615
154 317
367 190
359 649
89 374
416 234
26 645
301 570
244 517
188 548
372 339
216 24
654 248
522 533
447 594
579 98
355 182
579 531
149 396
308 326
261 152
618 403
20 179
586 327
136 147
594 81
215 310
535 137
615 31
140 618
119 377
562 193
274 458
343 165
266 111
614 379
98 546
460 262
663 530
653 31
498 364
446 647
316 256
594 474
168 61
377 170
158 39
498 326
106 359
443 660
424 435
386 371
367 2
156 382
61 400
63 166
208 246
33 286
632 181
342 432
661 118
647 561
502 382
574 342
80 323
390 111
587 472
171 603
618 497
153 228
348 188
373 210
68 154
451 379
47 90
158 172
471 537
158 242
339 75
491 19
170 197
135 579
198 654
651 665
374 484
318 287
509 242
658 106
215 386
584 497
57 566
267 580
291 211
521 200
330 344
219 177
41 73
641 172
138 342
185 653
365 164
408 209
147 531
502 394
140 52
97 648
347 601
176 392
119 189
605 390
256 562
499 593
465 628
620 558
665 562
432 530
342 461
295 495
307 601
201 121
57 5
384 439
450 448
498 83
357 478
48 600
281 625
535 517
601 452
303 297
404 390
512 443
279 579
28 653
210 658
567 322
223 399
136 409
435 234
595 236
613 472
108 41
101 336
497 396
374 389
472 503
614 175
276 590
650 493
587 141
44 463
99 657
230 166
141 421
601 24
339 98
447 19
66 594
52 246
236 79
14 607
555 657
627 416
143 412
333 71
359 512
622 79
280 241
14 561
244 538
158 318
220 320
84 304
555 212
464 55
535 577
192 578
550 109
423 484
10 461
413 663
89 576
651 154
241 468
123 78
178 190
592 160
196 465
379 493
189 628
473 535
411 10
162 461
53 91
652 482
637 572
556 493
157 270
50 603
72 462
157 396
128 460
314 545
610 273
593 457
391 113
81 287
593 316
275 613
376 141
362 219
435 330
39 498
548 415
94 549
261 39
36 551
511 135
343 662
565 196
420 359
433 371
148 170
271 83
95 1
422 303
52 644
382 71
122 281
357 372
604 128
125 211
240 49
90 453
556 425
175 514
415 419
113 146
549 448
117 349
434 57
563 604
63 586
400 626
199 327
260 533
38 415
530 520
382 37
643 393
171 376
400 103
79 481
210 458
433 342
21 435
105 591
517 91
632 135
657 302
196 504
449 562
409 283
143 467
416 515
277 30
580 110
132 170
609 510
517 339
30 117
271 553
964
680 913
823 611
40 941
39 357
156 113
883 788
690 240
347 121
34 588
897 128
914 33
501 723
210 314
786 399
648 434
65 586
491 720
809 646
925 372
316 601
666 691
857 615
548 197
622 506
320 382
902 398
44 110
398 174
191 406
137 180
509 910
395 900
91 369
635 178
946 596
323 642
929 835
556 249
150 339
133 420
293 645
349 154
55 859
470 862
772 2
221 376
645 958
684 157
631 107
437 367
527 388
612 94
796 19
719 833
673 288
736 258
20 245
247 336
552 177
935 790
239 837
43 41
181 942
357 953
148 330
765 439
373 935
446 708
419 904
297 361
170 564
341 144
744 963
685 916
657 501
808 227
361 377
787 298
490 516
675 749
88 119
322 503
163 787
136 629
643 300
182 232
955 533
183 529
954 208
427 933
408 63
6 552
389 707
658 947
785 553
284 460
801 320
270 585
7 80
243 212
438 801
256 544
68 293
598 509
887 231
116 650
688 92
702 884
274 513
707 365
275 8
363 618
471 191
209 176
139 145
113 649
639 579
337 209
529 17
814 793
475 570
219 138
595 225
106 693
581 713
550 374
759 305
760 796
950 456
229 74
837 163
618 568
936 705
83 685
779 821
483 644
32 140
558 4
329 31
211 478
49 651
459 343
653 508
782 654
855 548
531 264
180 591
301 765
420 500
734 624
440 432
46 617
715 488
343 465
729 905
212 926
896 268
452 937
949 342
234 47
502 261
281 296
864 20
536 220
171 60
141 496
226 964
575 311
920 480
254 482
103 396
382 271
672 803
380 868
858 169
164 494
841 921
660 806
757 741
708 281
885 210
924 463
215 536
127 593
630 792
35 46
433 626
466 474
710 10
157 239
328 112
54 959
667 186
767 164
617 770
751 290
145 457
375 190
193 569
206 302
640 784
941 159
436 587
93 130
806 640
123 312
126 318
547 443
25 851
336 455
619 538
722 429
747 789
564 195
119 170
374 715
664 823
379 677
333 728
512 699
511 744
731 911
107 657
774 667
824 262
460 853
365 419
467 307
207 199
534 878
294 732
866 472
712 514
753 253
525 960
818 194
544 643
756 778
508 866
656 3
358 865
677 93
78 532
573 583
64 717
917 860
686 845
912 816
414 294
368 431
144 842
378 85
291 846
554 438
763 347
31 869
189 602
45 768
315 647
52 831
311 487
41 189
590 325
73 166
931 22
151 275
98 578
260 368
839 256
898 236
766 753
454 43
352 664
94 739
248 206
739 192
240 473
624 512
727 378
616 633
636 571
569 523
13 795
795 954
203 758
586 892
845 214
253 815
911 265
541 766
290 391
932 309
161 762
908 575
614 824
385 590
424 495
47 18
891 215
650 556
907 627
594 57
435 832
230 689
693 876
538 750
758 663
402 698
634 924
516 938
735 326
58 802
646 725
190 923
129 730
405 558
266 738
298 565
310 198
771 273
791 616
559 379
613 800
309 444
721 250
431 613
95 340
604 462
948 416
280 68
844 58
11 454
678 747
443 920
822 442
843 172
69 56
326 150
546 502
321 51
117 24
962 61
473 100
498 219
366 452
533 563
87 577
84 407
258 167
371 299
220 30
637 322
797 813
407 671
288 142
919 711
494 202
877 328
711 889
605 603
482 251
38 772
238 423
551 648
732 779
19 445
665 634
62 761
67 335
682 781
593 263
278 609
565 97
871 373
332 810
849 619
99 469
582 639
951 1
147 392
514 848
750 477
865 7
158 716
388 735
859 499
769 450
537 931
135 441
223 228
942 847
218 237
233 653
568 29
138 712
697 811
134 814
860 355
784 408
236 266
714 276
776 395
601 584
102 89
81 928
105 356
179 638
905 610
505 680
252 567
257 115
741 425
831 886
577 724
861 148
956 554
561 562
399 359
563 79
132 203
493 135
746 297
542 165
8 867
351 522
770 709
588 773
169 505
816 683
439 504
874 87
562 267
900 908
227 861
904 486
895 226
915 96
416 943
287 822
789 329
811 345
528 116
810 530
465 394
752 193
271 272
873 389
53 687
964 737
600 90
422 118
506 764
749 200
3 669
61 466
894 826
869 957
863 852
484 559
2 510
59 854
304 409
662 918
387 111
477 912
36 411
120 692
295 756
267 697
913 490
92 820
854 252
522 829
142 797
788 81
699 424
16 528
886 729
819 403
195 919
246 233
674 767
360 124
115 15
620 637
340 850
165 600
496 224
842 541
372 734
817 101
762 295
166 841
632 26
507 44
687 684
706 446
489 668
671 291
676 782
237 681
469 592
875 344
790 843
764 901
793 280
821 308
777 834
566 152
726 594
610 62
313 370
122 864
953 451
79 825
110 25
167 126
517 187
892 944
838 678
867 696
521 6
418 402
889 35
626 542
530 244
289 483
927 873
803 286
60 608
587 807
872 906
241 269
447 55
196 894
187 218
813 229
30 827
479 123
513 686
628 771
775 493
401 589
71 179
303 757
101 891
442 555
649 950
910 32
307 75
353 903
149 484
121 86
780 147
832 492
705 28
450 722
850 182
57 914
724 636
421 259
815 422
830 877
961 467
608 52
111 421
703 306
268 331
923 481
228 498
29 946
848 332
846 783
22 659
853 665
12 871
244 736
835 433
345 141
679 105
430 748
571 471
21 743
480 844
85 849
178 883
647 42
798 316
602 582
155 246
261 870
396 168
670 117
500 566
80 621
74 127
455 675
947 682
926 98
880 364
539 706
578 353
807 940
725 83
18 160
716 519
524 661
354 547
26 727
451 430
124 34
425 213
70 289
681 381
14 162
197 363
638 301
200 961
276 674
75 817
523 390
899 338
128 872
888 809
940 413
922 384
397 255
386 631
104 888
393 284
916 417
96 775
963 414
50 896
177 595
615 196
456 447
335 23
409 223
319 201
28 313
172 260
510 136
66 129
694 183
15 491
893 380
829 635
367 317
642 270
851 818
543 507
515 752
441 78
143 902
532 881
960 428
939 660
255 173
222 828
9 248
283 714
108 386
449 838
89 882
499 106
596 518
168 679
754 754
476 315
492 348
701 718
560 875
584 158
826 65
629 721
306 531
906 13
692 143
224 540
921 334
881 858
696 292
369 337
417 153
426 805
383 310
876 247
324 690
597 534
944 230
410 254
282 274
342 751
176 188
4 856
114 776
495 622
202 426
549 103
56 605
346 67
700 412
201 915
957 632
100 917
154 235
204 341
930 461
799 819
579 560
487 840
704 282
82 241
192 349
609 146
800 573
217 641
952 122
504 688
862 745
277 36
394 719
572 71
406 703
205 82
812 936
130 489
526 387
390 576
412 524
339 385
214 405
488 515
286 102
362 550
518 949
794 545
51 155
503 898
591 930
263 520
718 607
748 672
231 458
659 181
463 350
825 333
781 27
583 907
299 909
879 623
33 39
623 323
242 243
262 549
153 327
429 939
334 73
870 786
198 704
868 88
140 733
486 49
709 879
175 371
472 839
364 812
611 303
118 352
669 539
576 599
698 175
852 222
403 666
535 557
654 114
481 746
833 285
773 234
627 929
934 673
17 808
519 572
72 597
174 836
890 798
285 769
317 279
464 108
5 897
474 574
413 630
458 726
928 354
553 925
695 731
804 780
557 951
567 383
404 53
589 415
159 14
661 207
269 620
901 156
434 139
327 217
391 16
384 287
314 205
603 606
146 436
245 69
355 890
651 76
840 410
937 763
733 319
112 899
350 59
264 479
423 453
348 581
737 525
574 109
644 95
27 70
717 785
1 397
738 948
828 628
292 580
945 662
606 221
633 700
199 418
279 440
462 277
444 132
663 84
720 346
432 804
485 358
90 366
77 404
820 283
225 448
208 521
259 830
909 740
545 459
10 655
958 658
580 400
655 45
792 151
308 161
318 134
400 21
23 857
768 863
86 535
933 211
411 50
325 149
847 527
448 54
641 476
250 945
152 204
188 77
42 104
232 9
540 517
338 64
428 885
728 604
570 437
740 625
453 468
755 777
856 546
621 895
461 887
683 880
109 694
445 99
265 137
943 216
592 435
272 12
884 375
730 171
783 362
745 614
305 755
97 37
938 962
312 927
959 497
162 278
743 133
918 257
76 702
377 393
742 48
520 794
173 40
802 695
356 537
836 321
216 242
689 511
599 304
468 66
330 475
24 72
376 5
37 742
415 449
497 38
555 710
457 324
834 676
392 701
625 131
827 464
131 125
213 874
235 774
723 598
48 360
359 526
249 612
903 120
296 561
302 799
805 922
478 401
652 932
882 759
184 543
607 952
344 184
63 485
160 656
370 760
273 238
194 652
585 791
381 470
761 91
125 956
331 551
186 855
668 955
185 670
713 427
778 893
251 351
878 185
300 934
691 11
604
387 310
264 306
368 454
121 233
565 600
19 49
453 358
1 35
237 375
285 79
164 341
392 94
434 15
314 451
346 405
34 472
582 388
371 358
96 192
522 314
226 544
177 215
557 213
553 471
404 67
394 384
406 344
413 360
259 507
38 35
394 285
388 460
483 199
49 297
491 594
341 138
214 551
84 48
277 25
81 217
295 343
348 576
561 360
227 430
529 330
317 83
37 225
158 482
109 362
489 154
196 100
77 554
452 35
272 66
172 212
271 253
355 176
255 117
476 10
158 468
548 450
172 231
299 423
527 253
310 304
4 162
16 137
45 298
578 538
391 327
266 146
503 421
66 152
464 390
96 169
582 355
103 11
368 422
168 536
410 2
474 384
50 366
149 431
425 366
343 60
121 493
330 205
414 179
521 222
267 176
306 243
598 256
61 349
226 49
587 140
326 448
27 510
87 316
457 233
503 148
461 484
213 474
363 290
1 85
169 251
361 130
99 321
206 57
342 429
446 561
544 75
70 202
479 426
202 121
537 568
32 100
84 187
539 239
594 443
229 314
8 294
177 469
216 36
270 157
16 319
77 106
186 195
229 482
162 376
148 465
68 170
400 196
254 193
166 67
557 569
364 107
61 435
543 337
473 427
235 68
261 388
489 41
208 302
179 490
597 573
94 93
183 590
403 566
152 47
338 319
34 233
254 194
453 250
55 95
11 168
207 308
300 598
593 565
465 446
238 302
594 374
66 140
486 230
226 50
127 588
280 483
528 40
211 189
26 420
180 190
420 506
214 511
387 424
531 352
264 299
275 109
530 257
322 507
68 450
602 63
72 214
363 103
582 556
486 267
435 316
109 424
506 417
235 143
39 533
532 535
45 533
405 477
409 307
54 102
378 520
392 338
602 310
70 462
489 255
251 138
444 98
112 519
234 508
261 327
468 383
264 92
540 343
519 139
450 15
4 238
201 537
104 285
396 543
281 123
554 62
369 153
492 26
5 475
480 276
26 69
185 137
497 270
79 136
442 453
444 55
168 196
463 198
38 341
591 302
294 466
604 562
170 429
51 371
112 110
282 242
467 400
49 115
479 258
262 145
93 117
140 194
256 366
103 420
254 455
467 408
369 604
137 183
261 371
107 493
595 362
208 4
520 587
536 188
426 604
256 383
363 372
553 47
284 299
2 182
39 516
566 242
193 533
210 2
350 453
85 390
230 574
370 373
190 344
595 412
309 467
95 475
319 172
70 42
479 28
512 597
191 285
467 590
515 592
595 85
340 440
463 410
386 231
196 401
94 357
92 575
388 204
6 8
34 250
103 300
434 509
406 490
216 468
497 361
410 40
203 556
361 583
293 579
255 268
377 123
132 47
434 451
319 136
365 524
337 488
420 99
592 286
364 128
175 121
332 384
540 270
272 534
539 355
33 450
492 472
164 545
404 277
402 43
188 441
248 546
110 96
335 514
94 289
587 144
337 395
210 315
273 75
469 17
461 132
362 35
114 460
565 147
204 348
575 15
468 246
359 27
151 464
9 395
423 224
242 417
10 480
411 499
375 131
562 368
463 135
159 370
145 22
218 53
6 33
251 125
346 53
217 232
437 231
488 380
515 591
600 413
38 193
599 241
542 229
276 320
464 387
598 347
408 535
362 202
252 305
272 89
337 389
439 585
54 318
468 474
41 106
320 190
86 534
72 555
299 536
123 186
495 199
143 225
462 39
222 536
10 203
394 382
234 291
127 248
233 544
249 507
551 170
7 321
295 259
20 177
313 154
116 307
397 558
19 265
176 339
289 77
327 529
80 406
268 588
400 452
427 232
393 327
392 336
49 32
537 387
329 215
69 450
207 524
10 15
184 530
299 83
167 153
187 297
333 406
466 273
574 311
6 54
107 46
340 435
278 322
78 345
16 564
81 447
563 261
338 343
450 447
99 345
172 31
291 407
45 196
243 518
53 451
233 397
571 95
169 462
322 368
48 465
381 266
445 390
588 93
536 175
153 109
444 140
302 402
122 99
393 285
486 543
384 281
503 365
364 226
244 342
358 305
169 191
513 1
239 484
219 160
537 277
337 47
154 204
82 475
288 182
197 480
326 126
582 181
15 357
441 421
54 272
228 86
81 65
435 77
238 233
172 353
435 520
466 61
524 482
498 315
445 404
486 138
601 301
424 451
148 465
394 195
110 205
179 592
230 92
445 517
111 179
139 291
385 568
435 432
163 283
437 146
340 527
350 206
19 84
592 396
226 139
248 10
305 573
47 461
279 180
143 384
525 531
231 278
423 59
598 475
394 561
3 508
593 576
32 395
555 229
249 329
440 373
103 122
383 189
318 581
509 593
553 557
45 559
171 314
397 190
243 469
128 79
240 58
18 338
349 315
432 580
463 356
21 24
235 182
415 265
148 520
259 298
170 571
383 103
456 256
131 77
265 472
328 446
114 429
553 160
103 140
304 344
588 53
251 464
309 61
479 579
187 51
600 87
154 97
189 149
334 347
324 532
425 554
366 267
77 106
91 196
474 463
551 210
189 296
374 564
453 592
371 1
507 225
462 585
149 341
347 54
285 487
238 168
55 576
292 567
315 72
288 503
488 295
231 260
324 283
273 401
426 179
236 116
511 175
293 371
42 234
341 219
546 137
551 271
335 379
92 412
428 445
374 389
102 66
540 480
122 244
30 292
391 398
511 544
174 50
357 397
551 374
331 359
226 146
301 44
191 466
514 245
103 64
74 15
160
88 110
77 125
65 34
56 120
84 155
152 69
85 32
39 160
20 66
138 38
102 40
143 84
69 81
142 65
78 45
111 93
66 82
105 138
4 144
54 61
91 18
14 8
70 101
42 106
97 92
37 54
86 142
83 118
64 79
16 139
115 104
110 131
107 48
92 154
74 108
108 122
28 44
53 111
30 56
82 1
116 68
117 134
26 114
2 67
71 30
113 71
79 62
127 47
51 39
73 157
48 159
114 9
123 91
31 49
87 100
98 57
47 14
155 17
17 152
151 80
36 77
133 2
141 6
61 99
24 98
50 97
33 83
101 96
10 143
104 13
22 36
148 135
41 35
44 137
93 55
89 105
81 63
139 107
147 53
128 124
136 86
96 10
72 148
9 43
112 46
131 133
49 151
94 153
67 146
118 59
57 28
13 25
55 126
153 127
19 113
160 21
124 12
75 147
80 33
6 15
122 5
99 52
29 130
156 72
68 78
34 123
23 150
40 109
129 41
25 85
154 37
35 128
15 156
149 7
52 11
60 136
8 116
27 89
159 19
76 145
90 90
45 112
106 26
7 74
59 73
125 117
144 88
140 24
126 102
62 23
121 16
12 42
120 132
95 27
137 75
135 115
3 95
1 4
38 70
5 51
21 140
32 141
130 87
103 76
119 149
146 64
157 119
46 94
11 22
100 60
109 129
150 31
58 50
18 121
158 103
134 58
145 20
43 29
132 3
63 158
540
189 444
415 456
488 334
399 115
211 234
268 435
338 24
421 187
499 332
246 371
349 3
346 348
182 330
489 485
241 476
471 386
286 64
28 311
315 481
379 143
330 157
204 345
390 313
505 207
386 287
33 440
528 316
383 467
233 491
251 313
356 269
472 360
269 440
211 283
45 167
309 330
221 460
330 462
155 107
185 401
431 430
303 81
401 128
162 184
260 297
255 447
269 64
214 429
75 131
254 390
214 289
441 367
306 310
408 504
39 170
504 531
135 518
511 141
113 466
279 456
420 124
177 217
270 445
250 508
164 318
374 241
219 306
537 137
73 186
505 426
45 237
310 281
366 363
228 230
492 231
345 35
102 179
177 381
436 6
88 106
44 117
265 331
281 296
255 290
386 289
63 125
468 111
348 479
22 388
184 295
143 290
8 91
184 349
337 10
340 248
142 410
380 219
63 152
529 145
491 126
478 329
522 244
61 137
365 356
535 127
368 146
34 50
47 251
49 270
433 282
374 411
180 537
51 77
444 251
63 203
60 9
77 523
456 483
374 95
220 162
99 129
121 381
151 152
268 486
145 205
145 406
419 338
399 384
194 254
86 412
21 64
372 321
107 118
182 268
533 95
321 327
172 287
298 144
492 38
30 391
217 487
478 437
475 18
384 528
245 493
45 106
39 375
480 289
106 162
383 293
267 197
122 376
296 129
457 454
486 135
404 366
437 346
493 44
2 227
476 49
307 12
162 467
266 295
84 421
304 364
360 211
335 121
509 537
456 515
94 354
483 346
225 508
266 416
381 124
329 106
167 126
7 85
251 118
39 391
264 482
76 252
351 404
226 358
305 297
203 130
346 425
202 307
489 486
202 402
215 278
306 147
431 92
94 531
273 392
54 127
325 436
389 325
220 328
321 229
487 494
244 78
212 147
389 220
37 183
322 280
70 464
202 208
497 97
259 190
328 135
52 351
124 520
390 417
41 302
94 221
531 259
289 482
141 515
312 500
481 433
136 353
364 17
531 153
5 75
153 255
215 264
77 240
381 327
221 423
104 383
508 476
428 117
288 426
171 9
418 135
63 65
104 293
136 507
533 376
473 344
234 35
202 353
295 215
342 139
261 189
150 121
156 343
279 482
259 317
502 131
342 140
170 206
502 462
337 278
42 156
141 335
351 47
352 450
36 345
464 329
385 307
494 227
348 289
134 96
323 515
438 289
136 281
389 227
257 221
176 466
486 439
170 342
245 418
462 444
283 459
172 28
203 411
80 30
56 522
171 117
180 93
132 99
334 515
411 136
202 525
404 216
506 419
38 358
137 353
523 271
364 487
437 159
487 32
396 528
319 102
285 98
74 4
27 157
225 27
538 469
453 245
190 196
261 373
421 60
484 427
133 34
233 184
371 288
64 405
366 211
331 247
462 501
250 150
475 336
269 189
401 449
180 176
399 347
205 193
123 357
265 296
495 247
202 368
133 351
429 10
363 464
522 354
49 154
466 468
191 124
441 77
153 60
60 165
9 407
328 532
435 500
265 420
47 388
152 526
53 225
280 321
448 455
305 476
369 53
357 193
427 359
96 179
56 127
179 153
479 136
407 125
422 354
506 363
536 211
29 394
514 288
489 502
18 404
449 30
493 488
22 504
185 45
475 155
190 188
10 268
407 446
276 100
502 26
342 103
58 417
506 139
409 307
431 405
230 531
25 401
388 251
477 21
264 438
431 85
490 68
378 323
341 431
44 168
299 437
145 26
254 443
345 274
385 494
485 461
303 207
470 288
296 429
178 478
187 150
464 540
210 508
496 448
269 417
253 210
129 180
278 236
381 68
247 343
370 460
159 281
422 261
2 378
356 412
124 125
443 41
416 178
61 170
540 300
509 445
510 325
92 251
452 240
357 98
418 502
270 199
467 351
371 33
31 457
240 127
232 512
270 308
296 389
34 176
297 365
169 91
501 514
527 116
523 372
81 214
208 294
317 535
70 485
460 371
29 352
336 42
515 312
395 348
43 530
127 206
122 93
430 537
142 128
274 240
265 118
489 3
453 155
193 142
506 196
538 288
271 60
170 270
499 535
494 371
172 318
294 215
371 370
418 472
425 388
193 525
28 131
228 431
303 399
455 209
352 300
200 145
476 15
246 326
352 53
381 157
123 356
250 437
444 436
101 431
431 473
38 317
166 218
100 486
160 189
357 79
37 489
421 426
51 151
221 337
501 410
345 290
156 396
539 409
31 61
62 512
338 169
62 258
497 428
424 536
316 491
1 374
211 15
386 500
156 58
146 412
140 339
341 490
103 480
436 265
346 465
342 496
524 396
458 241
510 428
353 72
393 512
49 502
488 220
359 263
105 277
479 455
35 94
275 142
287 170
187 367
122 455
29 339
530 410
418 126
252 221
299 96
529 411
395 497
336 107
372 163
357 198
184 495
218 259
516 400
485 355
45 113
183
94 126
105 90
110 148
148 70
152 3
140 17
94 94
154 60
147 11
6 133
24 62
4 156
29 1
77 180
50 110
36 170
101 102
120 94
93 153
83 175
15 29
135 117
78 3
104 90
156 62
50 178
91 109
167 9
49 14
39 166
146 107
13 14
166 39
159 101
83 92
6 133
172 36
130 30
32 116
53 61
92 59
43 63
67 19
67 76
64 138
89 59
62 174
21 170
120 13
164 15
81 11
56 30
44 96
32 131
73 174
39 80
9 29
109 61
18 33
183 88
69 35
48 132
182 109
17 139
134 9
173 151
85 20
136 182
76 5
50 82
96 69
114 26
56 8
11 109
104 86
94 4
161 16
65 34
118 175
146 105
163 57
14 97
105 80
36 153
103 138
104 74
79 177
168 103
97 135
131 66
132 71
91 37
134 104
154 4
8 34
81 170
170 70
167 37
44 21
21 131
127 136
131 151
84 153
61 132
162 123
48 174
107 23
159 92
13 73
41 5
171 25
119 105
41 13
86 35
41 79
2 62
43 130
50 80
64 30
163 151
71 11
69 116
5 158
75 37
83 56
20 77
23 87
103 41
96 108
176 115
178 123
16 154
183 100
42 130
24 108
70 85
18 61
63 140
106 95
39 8
95 84
96 18
133 73
8 13
124 158
20 181
31 130
166 167
28 40
77 179
138 142
83 121
13 20
131 94
63 103
50 104
96 168
39 71
76 103
136 92
46 106
19 12
130 43
82 25
71 69
111 42
83 134
64 85
74 20
170 32
31 172
132 77
52 150
162 133
129 15
67 34
24 180
143 136
111 71
177 177
176 83
71 51
96 67
