2
410
199 28
206 199
233 87
393 380
47 208
200 396
21 68
226 34
406 45
223 339
299 261
24 221
293 337
40 245
59 389
243 409
253 242
173 393
30 362
341 401
287 302
55 113
190 37
120 46
260 9
228 160
57 54
264 70
354 53
338 308
284 127
29 69
329 292
266 144
9 350
314 118
164 39
130 141
242 317
345 326
38 66
62 169
48 159
99 149
30 224
299 58
223 339
373 249
328 142
23 289
177 351
210 339
56 139
306 331
175 183
316 108
148 131
191 356
205 365
90 334
374 64
227 391
5 305
4 406
264 103
324 306
6 67
104 365
9 275
197 259
398 205
251 13
48 159
58 346
119 330
34 245
146 337
106 408
217 71
223 103
394 259
70 89
31 216
54 56
233 35
329 184
350 198
241 251
351 178
380 337
35 296
26 198
320 206
343 185
67 370
323 149
126 342
76 122
100 68
389 220
219 183
30 82
281 94
374 161
373 241
230 45
122 30
405 203
123 25
267 70
130 44
80 370
31 265
160 256
389 231
385 360
352 359
182 283
348 239
327 226
187 358
4 301
125 338
281 390
241 260
58 222
82 108
172 55
29 319
95 71
177 389
1 407
362 263
90 276
290 321
235 230
355 223
387 108
161 42
128 118
35 178
287 59
370 320
152 70
362 226
277 307
249 382
370 80
331 357
239 252
117 26
131 173
295 91
78 281
265 361
51 238
278 249
111 275
271 258
30 3
408 135
275 22
164 129
304 226
119 274
386 340
21 67
163 391
244 81
190 158
157 113
315 89
128 125
227 61
261 304
404 246
91 99
113 133
100 155
257 173
166 3
218 368
61 96
220 219
6 191
339 160
143 21
317 150
328 46
26 120
302 87
288 299
138 322
268 106
118 283
358 115
333 58
351 8
182 221
281 175
167 229
158 99
356 354
81 321
298 74
27 352
162 201
81 170
372 134
284 170
132 232
45 71
220 383
220 335
384 212
295 170
288 47
255 318
158 79
54 132
345 346
108 102
325 178
304 264
75 46
381 224
334 168
223 86
30 96
245 190
314 25
375 267
6 373
402 253
36 236
347 330
133 56
197 3
363 260
40 314
173 138
310 123
214 276
126 181
221 205
244 59
203 308
305 289
97 236
396 253
112 184
207 151
185 303
337 361
325 339
126 134
188 354
373 194
357 402
21 359
134 109
35 369
270 183
289 226
285 215
270 239
289 69
338 26
247 348
269 386
148 4
125 79
155 275
142 196
399 325
53 374
162 211
266 164
230 26
9 317
370 227
252 173
302 7
407 179
49 38
276 287
189 405
252 358
390 255
11 373
138 145
242 163
151 377
195 360
13 197
356 197
81 162
177 249
62 261
340 63
236 83
172 292
145 117
42 154
69 84
310 57
204 5
319 172
369 381
236 136
142 197
78 218
195 382
256 30
231 95
283 398
11 64
90 352
264 364
24 225
205 287
35 231
210 345
262 242
158 22
407 128
328 121
288 163
229 66
186 336
357 360
376 135
147 265
57 274
269 89
74 337
239 55
175 265
377 168
30 303
250 61
21 30
142 276
181 184
218 364
11 180
351 286
198 213
127 99
169 109
326 203
327 117
386 137
16 34
391 297
164 88
151 223
161 177
246 262
106 355
113 351
310 117
20 132
136 357
371 76
93 56
62 110
237 262
361 402
378 194
14 387
284 273
380 249
293 333
336 386
16 115
303 315
37 178
377 272
150 247
384 372
374 249
396 52
32 368
11 46
359 264
52 68
14 372
38 16
150 341
357 379
335 9
354 218
391 279
107 211
68 374
298 108
249 86
280 262
385 4
78 112
331 41
163 171
385 251
60 134
277 217
46 373
385 210
340 173
281 287
759
398 695
563 658
533 618
420 198
117 491
625 97
425 574
237 664
411 575
77 252
656 74
447 362
653 199
45 573
35 685
260 35
604 508
658 123
642 331
191 420
515 553
511 333
200 551
401 411
291 409
702 9
409 716
161 597
306 275
604 179
157 107
737 697
398 107
612 603
711 757
236 525
661 187
701 272
667 654
48 241
43 61
510 126
360 122
745 350
172 268
289 712
127 210
489 143
384 96
17 464
253 436
31 489
226 487
289 419
506 408
615 659
147 674
537 386
63 484
279 393
501 414
368 105
160 77
743 324
537 462
254 291
582 578
332 608
658 365
44 753
374 454
674 295
124 426
703 25
669 345
721 85
738 627
536 285
753 71
518 40
736 186
279 445
81 730
180 620
531 647
125 254
455 675
270 626
716 157
253 2
378 441
350 512
412 296
703 82
352 153
127 748
226 62
76 398
3 53
33 249
452 187
629 52
279 479
85 671
78 240
230 681
347 369
730 362
480 638
119 413
224 34
31 472
428 603
592 364
697 569
695 181
62 166
591 263
294 710
612 60
404 120
136 188
474 671
60 489
753 660
246 410
161 376
688 351
168 671
759 94
79 721
683 49
682 233
100 649
551 386
486 71
125 141
71 60
482 391
555 578
95 718
679 675
97 268
34 736
695 497
409 184
25 449
627 121
403 180
136 527
64 754
106 453
451 310
241 487
185 259
210 58
489 593
397 278
213 101
314 625
219 425
580 260
503 86
421 138
196 586
375 278
626 308
705 58
384 295
383 272
261 721
259 434
29 190
73 679
535 749
326 255
721 187
37 259
205 172
285 246
99 198
729 703
110 29
413 541
75 629
515 160
629 678
350 155
715 666
240 273
635 695
743 311
713 472
90 138
217 106
38 703
181 486
79 305
4 21
631 397
732 690
482 16
575 604
127 103
177 197
716 340
110 71
160 174
578 135
18 552
703 499
553 67
198 133
252 333
218 427
125 255
22 425
566 17
661 419
352 512
230 242
53 576
128 171
304 756
389 184
757 599
560 366
521 526
327 505
216 498
553 169
216 305
67 86
272 653
188 162
303 173
66 686
156 187
388 246
446 361
251 390
649 58
438 45
248 552
489 574
208 33
272 249
254 260
464 737
644 534
92 372
329 682
460 724
112 92
23 235
606 405
86 49
133 441
623 667
118 509
147 182
506 553
603 263
622 553
538 336
219 262
672 439
651 753
413 350
535 227
527 22
209 1
638 179
475 90
389 350
451 311
375 704
465 619
756 113
89 447
652 157
504 263
742 747
360 730
220 577
180 596
11 80
527 582
26 249
366 374
27 519
616 307
721 529
220 494
36 750
458 157
132 426
185 77
405 336
631 259
492 505
708 639
380 426
155 139
243 251
729 362
491 363
226 119
735 235
616 563
56 569
405 264
567 375
499 360
193 528
674 621
77 125
60 35
435 422
391 586
758 199
556 674
419 340
324 442
530 433
191 33
200 454
146 159
343 209
670 218
753 496
51 672
490 119
224 750
286 175
149 7
330 352
751 354
392 30
281 69
481 78
389 729
274 458
709 392
315 77
444 721
664 579
318 721
212 608
525 609
103 496
748 27
680 561
561 462
41 685
544 311
113 55
82 42
23 51
582 9
425 618
477 618
214 143
707 545
585 344
606 361
503 683
530 304
195 226
569 648
396 249
505 121
359 343
560 97
290 375
216 467
453 673
715 339
253 632
169 531
584 73
23 165
106 5
680 690
696 427
460 326
81 497
8 732
686 6
368 219
292 409
507 532
742 409
112 566
116 508
32 538
726 534
630 480
114 177
689 654
342 460
700 259
200 45
744 718
427 343
96 268
609 11
172 115
624 285
34 373
474 329
637 199
530 351
716 413
594 224
99 115
655 376
276 277
546 750
701 255
593 367
509 250
530 407
136 241
124 120
482 494
605 399
526 452
453 60
258 732
725 519
748 249
80 75
697 181
218 374
291 530
749 116
444 269
750 313
508 508
159 97
354 549
397 412
537 540
753 18
49 135
404 224
114 738
581 58
152 337
573 60
185 510
702 470
410 648
17 679
94 551
530 203
697 373
152 117
28 510
376 622
578 250
294 20
746 65
630 714
602 56
71 576
409 265
753 232
429 36
398 444
208 72
669 561
499 179
194 355
687 43
441 16
22 534
563 641
333 708
470 259
99 193
655 529
277 291
8 675
100 540
203 27
635 138
260 644
475 485
261 475
17 8
528 708
580 734
505 465
131 57
595 143
460 208
699 525
104 537
203 216
44 603
579 359
241 286
514 559
128 330
720 167
755 594
370 605
325 343
396 79
695 185
666 360
61 517
616 338
548 213
644 372
432 474
238 46
149 181
275 511
185 719
234 231
209 348
145 585
371 414
399 292
361 36
486 518
494 511
648 202
454 188
280 636
459 473
648 520
739 741
326 376
686 399
668 498
184 572
385 643
280 349
177 508
538 462
228 726
556 285
75 154
403 734
122 426
148 265
589 164
307 754
573 674
39 521
759 581
691 441
419 183
563 421
283 294
605 595
159 550
204 321
727 326
372 65
48 253
492 728
527 706
387 526
707 292
164 342
260 257
373 736
729 734
603 416
742 285
710 411
635 278
404 423
46 694
628 274
291 612
220 447
475 220
133 508
88 317
72 750
547 407
698 255
723 278
49 107
570 444
283 54
222 153
328 461
17 123
421 721
633 3
306 165
421 668
740 39
571 645
186 83
201 748
589 460
280 458
504 507
641 436
13 617
236 532
62 369
722 41
117 533
191 15
502 407
272 481
287 36
190 260
440 464
86 538
425 326
571 685
732 481
109 472
371 447
645 359
128 704
283 453
329 385
224 96
613 77
266 521
437 283
417 115
566 600
110 524
113 249
304 621
627 55
436 336
301 714
213 734
77 427
516 450
238 78
620 171
465 141
324 377
589 511
249 404
399 288
25 29
620 546
191 566
15 81
745 647
718 389
531 629
403 743
159 91
688 614
690 365
707 404
452 72
707 162
146 158
214 29
442 275
366 537
292 230
675 462
619 52
474 337
647 321
235 527
674 671
402 194
505 323
18 169
676 132
710 396
268 302
349 120
547 435
568 173
95 233
6 628
265 680
285 300
541 667
428 105
750 124
484 718
481 312
493 701
580 579
106 158
671 465
97 52
157 666
55 382
668 192
726 695
558 386
178 215
683 114
461 755
416 248
154 170
198 512
269 535
363 312
88 510
702 357
410 400
14 25
556 476
214 669
253 78
567 599
147 569
53 143
382 385
755 568
634 725
480 87
562 312
298 524
499 213
345 124
44 10
68 486
330 98
501 444
281 511
568 647
114 129
199 407
205 367
580 142
485 710
192 756
342 525
516 66
380 472
243 78
585 625
212 191
160 658
6 240
173 109
696 122
374 530
580 556
665 68
286 360
354 241
293 216
631 467
271 100
