200
450 400 1 9
70 237 9 10
139 320 6 7
410 70 4 7
397 82 10 10
38 394 6 9
329 347 1 2
306 192 1 7
452 328 8 10
229 456 6 9
405 350 1 8
147 97 10 10
498 476 5 5
41 172 3 9
174 391 6 6
277 161 10 10
351 352 8 10
483 274 1 7
94 493 3 9
165 143 6 6
199 148 9 9
177 347 2 3
441 42 6 10
234 282 4 10
280 7 3 8
438 36 1 4
282 31 10 10
61 483 3 8
388 330 8 8
176 438 3 10
103 169 6 6
437 469 3 5
464 388 9 9
427 454 3 4
90 162 4 5
82 167 5 8
81 241 6 6
445 171 5 5
292 417 2 10
330 313 10 10
381 436 3 5
7 438 4 4
82 16 5 5
233 96 3 7
375 77 2 10
38 111 10 10
372 230 8 9
327 31 6 8
105 329 3 8
217 118 1 6
368 183 5 6
421 105 1 3
398 268 9 9
300 14 2 2
466 296 7 8
259 373 6 6
318 417 4 8
163 119 2 9
398 213 6 6
167 441 8 10
68 466 7 10
23 174 7 7
365 68 10 10
133 293 7 9
415 156 9 10
429 128 5 6
357 486 4 8
355 295 5 10
498 280 5 7
207 228 4 4
118 115 7 9
187 217 6 9
380 171 8 9
253 314 10 10
112 118 7 10
21 215 8 9
28 5 5 7
216 257 3 8
448 326 7 9
223 124 2 10
70 84 2 8
214 293 3 9
329 440 7 8
339 217 10 10
467 10 4 4
232 288 10 10
436 112 1 1
126 49 3 3
366 318 1 1
190 173 5 5
290 86 5 5
336 57 2 3
181 474 9 10
333 141 1 2
213 377 3 10
389 135 9 9
105 375 6 6
383 118 10 10
26 297 6 9
392 201 10 10
321 112 3 9
203 90 5 9
359 172 3 7
213 61 6 10
115 19 7 10
273 90 4 9
178 72 5 9
425 20 8 10
500 313 2 10
342 44 4 10
335 162 4 10
491 51 3 7
257 30 4 9
464 39 1 2
405 85 2 9
310 124 3 9
402 124 1 4
367 47 2 3
378 158 1 8
439 55 3 9
225 44 1 5
342 53 3 8
414 73 4 8
187 53 7 10
404 46 2 5
370 32 1 3
137 39 5 7
350 8 5 7
360 95 4 9
57 25 2 6
342 205 1 8
358 160 2 8
217 49 7 10
355 92 2 5
399 52 7 9
465 48 7 10
449 62 3 5
419 169 1 4
487 36 7 9
177 4 7 10
276 110 2 8
422 82 3 5
319 32 1 8
363 74 7 9
300 60 4 10
303 97 2 6
426 56 4 9
478 202 3 10
282 102 6 10
432 83 4 7
462 16 2 5
268 130 3 10
478 22 5 10
154 12 4 9
473 360 1 9
211 63 4 8
426 38 3 4
341 112 5 8
229 139 2 7
192 17 6 7
77 23 2 10
459 89 7 10
260 137 1 4
464 120 2 9
401 198 1 8
339 151 3 9
393 241 1 4
443 236 2 6
460 172 3 10
493 138 2 5
400 19 8 10
405 85 1 5
279 112 2 9
426 44 4 9
344 102 2 3
394 237 3 8
151 3 2 8
117 12 3 10
427 103 4 9
305 200 1 9
433 65 3 4
438 3 6 7
272 227 1 8
265 29 4 10
485 70 7 10
307 56 4 9
336 208 1 7
187 47 1 3
354 25 1 6
222 20 8 9
464 47 6 10
119 34 6 10
264 45 4 8
413 29 6 7
477 4 2 5
300 38 7 9
489 93 1 5
482 175 1 7
259 9 2 9
295 16 9 10
ya
