1000
1
80403800784
29
4688205784
2371607
602784
40355
728743720784
13
56784
9103
4784
73
2784
6
3784
7812157
5418784
480302952
7784
3
5784
2856403
3784
15645
21784
7094
227508141784
8
497964140784
22380
3784
12489
9588074784
4
8645460784
29114759
72547784
1
73784
7
370784
5
3784
849410
5784
29
9784
4505
70812816784
6853
5238784
5
61480784
870
4784
3
907533784
347366118
1784
731018
4784
1461
48164784
460293
2029784
415942
5784
335216642
548910122784
8
4784
69649
1784
637
992784
967
20784
4959
910784
28558
71842450784
237668613
8784
24319592
6784
278066249
1784
76685
5784
2733735
9784
7
733412896784
1
386019784
74436
321980784
640752547
81784
5620
43707290784
4
5784
5343
846103210784
69
8272432784
2
2784
242188
594260784
8
5586784
4
8784
510
2784
519710438
945784
47150
3784
9772
4784
801834548
29506784
55737
67784
8758837
6784
6
37784
8
679422784
45318739
529784
99834401
2053678784
9
583784
7
571784
3
2784
9255
4394784
26
8784
17
2784
6903351
161255784
225
334784
675887
556810527784
4
5784
8
803719110784
10449410
1784
5292385
57784
443625
30512784
2544190
2784
376532722
85700784
611640
47529238784
78
703599784
38581076
72302784
9
57784
7
2784
31792038
1784
7695085
19784
93549
47922027784
6
7885621784
317686
40784
4970712
598300784
6758
267398784
7
18784
5
81380432784
192
1784
775420000
9784
619
56784
5
2340810784
486
65082784
88243899
29488784
2052
179284784
963386345
8784
3
2784
8710168
795615059784
6
50124784
11342025
74784
728533794
4912784
4946
7591495784
864332
900579784
391853228
520784
173044005
4784
5
1784
64
945234648784
9
847548606784
55762
5784
5
520284784
1662836
188784
5
2784
2
8889784
6
2784
725096091
8784
7
311961784
5
45997784
74
784784
4
3784
319080162
1784
3
242880784
86206
189209942784
79104
87889784
9
2784
86181919
7987679784
2
121784
4231
235594971784
9
79411784
592538
5784
880
5784
4
766147211784
4
76319670784
823
723784
288415
222691298784
11
30784
1
7784
47719
3784
8621482
4784
4
75784
868162641
4985784
23156088
7784
651844
4784
99686438
8784
96
50763784
726973654
78784
11100235
57784
25083
59854784
932
60748022784
5207
24933784
477818702
3474784
54445
7784
34
84628784
5
4784
7
7784
2
7129211784
58
6784
4
7784
2
385784
7
72784
9
4784
1378
6784
716
9784
7
25393784
634956
4784
95
94784
576160828
334821422784
1300946
49249941784
62976
92784
884927775
796160358784
1
923056967784
6
2784
335
988576784
3025702
887489784
9
63784
42387
915378784
7250
33605784
5823
8247766784
5
5784
318597001
3784
7
479094002784
860271504
2918784
4401952
2237784
95668
3784
186319212
7992835784
5
9784
3
122474103784
669637
459710784
5930106
934784
86094
3478810784
171467521
9490644784
2
7784
446
28431784
935947
867801784
73
2784
323
238117922784
4450583
469784
24
8784
6
94422995784
29567169
445058855784
4
9784
9
40784
204249135
213575028784
2881
9258303784
77738
27784
285713
974462318784
7
521784
1
2784
451359
77562386784
6
4784
8192
3784
663829
6784
54382
5519784
501
8330972784
621310
926537784
8114
29784
4
9693784
5
790575784
1
482200442784
472
79509784
32
469784
1226970
55423058784
5
4784
7
2784
6845030
3849434784
37
4462784
9679472
76159784
2
7784
36
169784
923233
650996784
41303
2784
6
5784
4949
7784
8
5894510784
7724696
60749372784
8
74784
7
4431207784
2556
9784
99
4784
3653
516784
8
832453784
91853
243732784
2901
498784
5
46037328784
5
665003784
5
186784
91934
534799784
11234055
5204379784
3
8784
3976
4797861784
19
448662398784
418369473
6784
18271444
1375784
82104649
6784
86704018
8312784
6
775256844784
9070
604784
260823
6784
8
863597399784
62672136
238010541784
17
12326523784
9
89329784
773020
74784
7
297020784
6
4238784
5779
9784
764002039
95877503784
72195639
390784
71241384
76784
6
374716784
481399
2344217784
122409831
149635784
1
450327678784
354
3784
42447577
4784
98853624
1419613784
3
8510415784
9
55997784
3171
90784
355
2784
6
1784
17
2784
786874
486544738784
47
285026784
3
639831275784
548864046
5784
815136388
264179784
87553398
77731084784
1554
3784
574696
3172784
72383267
1439784
4198153
326049784
3
1784
77820
92630171784
1
63230908784
3178980
45784
7
6784
3170564
5784
1
209055784
1648155
3784
254
816782784
831012
4976912784
1
8784
71
6784
9
9784
37930814
79732069784
742120386
416784
478066
654424369784
4
3568784
572922
5948784
7694305
374784
438
98068784
7273365
65784
564622449
5784
72478353
3784
72976054
49148784
70
6203784
8907
6784
246
8736864784
8
9669634784
68
5784
94063
4751049784
29
29473784
85440204
1885571784
4
3784
443
95063699784
33805370
6784
601620884
1508784
40240340
8784
1
55659894784
7
1784
2
18428972784
360890773
932255748784
72
401822367784
2
6784
9
68339784
99
97679784
896
8784
17304455
4784
5713208
7784
154
2280231784
7723
71784
220409784
54784
857
5990784
35582769
4784
812938340
2784
712
2784
10237951
40784
3
78757149784
98267
8784
336
9784
6796
173267724784
8563995
547394374784
4
853784
68
93549381784
383118704
5784
65
8784
7
321791784
4
40784
2765860
88784
6
47557784
90166442
831451784
110113
5784
4
6784
949
8613784
850402
9784
882
4784
4
1784
7
7785784
4
232332812784
22765
4784
7997
7784
717375083
2520784
3
43784
871891170
4784
933320
3488784
53
3321784
25
16708784
3139
341784
6530
6784
80
39784
50556
5784
3
904233779784
92730485
267784
2
9784
8
232235517784
427225
5784
2239
4784
13603663
9476132784
565601044
933461784
7991600
89747784
4547212
7784
4553
95784
7755
911659784
6646
89771784
18
3784
9
7784
73416035
6784
5
36784
4
43209850784
560
648772918784
655056206
1784
893891778
580784
89910485
53784
880
473802956784
362662
7784
51
9784
2
5784
280
3784
694
79040461784
850021002
5784
8
5784
1
5784
9
83670490784
3
4784
4
6784
973994
9784
95
36784
5
93401784
45547929
32724364784
6
9815504784
3
3238954784
1
3784
3460
5232784
85220941
5958784
184930042
23479756784
27
913784
56816853
2784
133697521
229622784
706
2784
3
73340046784
21473
87048146784
674912
94784
9
6784
809393188
64784
26747838
8784
188985
39547462784
4
83393784
54305051
30786784
5
48933784
621585
72015784
1426
2658784
6
2784
77708
66784
306913
5784
901813149
69767850784
6
1784
4
565784
1
8784
39
60901784
9
48784
1639
9730784
85
2784
647
478920784
6
310360521784
2723
95915784
936
932917274784
55311
10882784
81
9784
99760934
571191471784
4
50784
11
578300784
3
5784
52874174
33784
8499734
23784
6
7784
64938
8784
2
7521784
5055293
70784
8
9784
8054
1792102784
6
75784
6529106
7461784
694877
6784
4
23341784
9
5784
19256
34956284784
5
6848256784
5947557
752784
195780083
80000975784
37867
895784
7
8784
67
43784
38453317
82784
2
559672137784
47
68784
6
1784
1
6776784
829788150
9784
657417
55784
