10000
83501
34830
48309
85442
29394
98969
65040
62815
8571
30318
73719
43463
75029
61502
69969
18959
56123
38669
55865
16311
5976
16960
66772
13622
47045
47517
51183
97346
68901
11135
75765
68753
45965
40425
54194
91710
55745
19233
54525
64315
65902
44595
24129
40930
6096
94098
76241
78571
49118
48457
94881
55093
65416
61653
68715
12460
9169
36249
9805
94421
63736
1922
63174
26052
42346
17367
17761
98091
52952
88637
78757
18853
33232
19238
76135
39327
13335
68727
34249
78804
17183
29130
33896
82598
90782
18962
95057
16302
55211
21214
10722
18946
23135
73895
61349
81832
7614
79109
96274
76917
67746
75031
12121
17329
94268
88255
73007
23954
56981
7256
2757
74163
36385
53004
56760
43518
71966
68169
59819
43528
89382
70540
78825
28868
60787
40173
10699
84752
19281
6973
61668
3378
98355
73788
20706
92622
62043
93713
32927
35375
17320
35683
9538
53704
5038
82649
97221
77003
67169
73391
20530
72902
60282
99354
1769
37420
39526
28820
22171
75159
35792
83838
78536
50498
73978
15594
43119
36020
25658
92397
87746
42977
28079
13635
13032
33116
12636
26604
26471
79804
99994
47000
69058
76627
62706
87178
14047
18583
15997
36217
93741
68140
20055
88629
18637
94032
20574
78107
46403
62583
70503
50500
21911
14933
64135
34942
64401
76770
61545
90871
72925
77890
54222
41982
54516
16927
29160
68562
51862
61508
4779
45602
29648
41185
50582
64636
51568
87507
42743
14322
50089
13245
64821
71999
28178
28955
23292
8930
22076
1188
99800
95001
79077
70373
53334
49945
3652
82493
34858
55513
60353
55988
17466
90000
97172
68048
54635
65091
71906
97377
95764
21995
26974
60585
93993
71503
5891
17285
80432
27967
18472
96583
39319
13901
66955
92652
80197
70606
91497
15054
26118
51849
71042
59936
41848
84565
44335
12834
66008
16240
26563
61771
38234
69888
22355
48579
41390
28246
65863
21821
72564
686
18403
11882
30938
85357
4533
11134
72315
96029
42540
14784
47877
13581
74719
6076
14497
19053
35262
80504
35293
61824
42275
73526
31711
80981
22104
89452
25578
4318
11272
98141
21356
46026
26374
68645
47734
30907
96131
36400
43287
38670
51184
7516
68602
25902
29943
83098
44955
65204
79954
80247
43379
38580
70124
91441
19560
8580
80892
45138
12897
8515
59630
50604
70892
86004
19249
34978
33262
15379
71377
92900
70400
22560
415
55353
48462
46710
54802
9768
11913
34755
6366
71644
73334
76489
79436
9246
85068
76680
54383
14317
85194
30364
64920
72438
16367
520
7415
65980
32250
78791
58880
19001
1351
75646
74353
66164
22355
29155
92283
50620
80261
98648
38615
69947
75136
18050
79192
76556
94729
49926
7224
96275
80289
88495
68712
13008
5367
92478
78987
37616
71268
54218
72969
88970
46216
47321
71485
68570
92827
63767
35541
73088
78766
90507
59386
70254
8557
38577
46809
19637
88502
70384
15911
85142
58878
974
98149
64244
93451
93488
18212
81071
47705
91180
86392
93920
54852
74229
78842
47679
54347
30734
37118
33113
21241
96503
3366
46149
51431
66526
65785
39932
36909
98048
41425
12138
99021
39574
76382
8824
49413
10945
6246
13469
2124
8989
7389
73327
83217
2582
21005
37564
33315
74474
70676
70907
70976
90393
17055
38758
56918
82840
95041
93826
80887
36466
5963
96259
92391
98696
21434
41803
9640
27679
55271
28115
36668
79011
1442
36236
97944
38798
90151
31259
29624
77178
18517
16951
67570
35572
55709
24487
34763
50749
34664
32001
87214
40627
44611
79604
55674
66045
37758
81666
10075
93029
9780
63094
88391
27573
99330
86335
82723
89480
33945
12346
66658
52461
29296
50579
4384
85004
75066
39146
35753
9729
87498
39318
66707
32109
18922
38733
14505
56679
20398
24579
66059
46529
87673
54450
74102
3354
57136
73176
92833
91080
85521
75842
43540
31168
26421
64276
16172
17838
19773
68276
43918
7271
7593
26977
55731
42866
65709
86587
15897
86106
11165
98307
32634
15189
69108
23087
18542
26243
96262
27727
17322
98134
19920
77214
29302
62692
41489
61825
80529
61261
30100
40799
84883
54044
67775
56965
13262
33483
43551
29158
35940
71068
43816
84925
86256
12924
8012
21150
39166
4273
65228
72840
2407
1499
50053
48060
64191
7893
9884
61071
85505
39983
1869
86740
10378
69643
43704
23639
19477
3607
69148
55416
74674
12964
40341
77281
42239
64704
14782
97756
85328
96361
70595
4086
97860
36999
52145
62050
44891
62028
23120
30396
18362
41341
33487
28740
10983
93542
68730
46812
97148
37878
18579
88173
67193
58919
81806
25783
39974
96587
23538
25302
92948
94133
29387
90807
31131
81532
69208
92374
59911
8679
39121
78273
50019
72607
23364
77354
66148
92093
24165
79648
46322
42743
67820
29866
18014
49625
55648
57987
62564
79186
83288
71863
89670
12675
62669
37152
10558
48228
29525
70468
56906
84997
65092
6925
57603
88455
84278
40103
96900
24794
19750
59573
67536
3921
89439
85549
53546
45086
43536
16109
40623
43175
87971
46644
72201
66991
148
82758
31570
46024
69578
88475
31021
51021
11751
4975
55828
12380
61429
52727
37173
81178
12299
21061
85099
1737
6609
54996
63175
66496
87456
20149
26023
91778
83145
98223
58768
83292
97333
6689
29315
83262
95163
76687
34282
23266
98014
90109
51997
59442
42835
89170
56972
71486
10230
58422
89574
33190
13417
69100
16038
872
89249
42060
92649
88745
56634
67768
88388
53966
74456
34054
37227
85970
10741
71509
25587
8754
77969
77584
68195
37156
83105
41518
8641
93334
99939
98214
42875
13355
67314
58912
30578
72914
17323
23226
78010
73957
7345
66397
27922
98152
450
81501
474
27542
69361
26060
36295
47329
19995
20842
84484
3099
62359
9476
12784
62298
7690
55659
92004
91355
30922
22582
80620
48245
62159
58629
38553
69504
41377
66474
84007
41826
64326
84480
69368
33686
26892
22014
97367
46886
42855
81850
66337
21566
91326
79120
83863
15367
34778
75866
23073
65700
14799
3692
30296
76958
78672
68848
62813
20048
51673
46819
61873
15999
47651
47592
66036
90894
69606
63402
54131
28812
61604
20467
50377
69281
99587
50591
84647
50716
42809
24071
32767
57607
27762
63062
50916
6433
48261
13728
42832
99934
76899
21056
32284
24549
68648
98319
31794
54605
78073
85924
83416
39676
6391
50145
25308
22329
735
26306
73044
59895
50376
5811
17502
78137
85224
68417
921
33485
98497
43752
49770
75395
64807
82053
16295
49806
96723
48088
4410
91147
34011
4178
47174
56753
54322
72481
79081
71408
98786
52125
31303
49161
57935
65156
43649
59510
33572
44569
92994
48420
4672
42763
23814
85831
41167
40108
51988
54242
4547
56398
45388
38558
60575
92562
95310
31248
65042
74391
2655
80180
42867
33957
29340
17153
99112
72989
76662
49036
33909
69656
13807
54933
28770
37621
57115
86289
94080
9102
40530
98627
65499
85917
37184
42425
94830
48845
73672
76224
39587
92679
56403
82453
42987
2094
15957
58451
91434
92619
7486
41695
78626
21292
96627
23747
75264
53741
10035
69344
79194
66916
84322
44693
69185
37857
3469
64014
86701
93493
56589
42640
2523
12991
41444
45509
31437
57401
3959
22870
66371
27796
64564
61348
65440
77542
85094
40703
47634
11481
26398
26828
78396
10719
87872
47580
48575
7692
27946
51628
17536
84534
94267
20058
13877
35710
65567
45313
9462
69525
84534
75832
97321
65450
37179
62760
59343
38625
19814
6977
50105
46212
50156
28500
73282
54379
92432
21857
62070
20377
73484
79606
21262
84102
99663
51490
36163
81581
96802
45625
51106
97688
37808
64778
79489
91339
27537
38831
46315
47350
62159
96419
9913
28666
41270
83195
83044
50053
21403
61466
70429
94886
57423
8043
95339
73437
59532
31501
55018
72686
93477
6123
86725
47637
87252
66213
55327
14788
5043
1641
78489
83554
14411
88402
12219
55680
87948
11615
22085
9350
73080
92513
20587
46854
16907
15925
20290
76439
63777
75307
65476
73606
97781
52200
37594
85032
18412
92920
16171
39806
10912
94660
23359
25322
99413
51930
97353
3712
79896
19437
13061
52975
28302
49999
99828
45208
82275
36469
37998
46051
11776
19825
36008
25908
72024
89953
10940
90435
82872
27110
46593
10135
38121
86303
35456
53885
54584
49161
57596
34479
68597
70656
87453
13250
37006
3632
74810
19280
40101
29159
81683
68228
48984
17690
94135
21007
7643
5074
27794
6866
48536
74386
17001
86656
60688
68808
40541
31624
34320
14488
66102
19269
1496
69907
32518
38501
73538
7327
57781
29990
36486
39463
98217
1821
73504
8704
22827
81146
13777
50620
4364
78664
41357
37716
81672
18397
22875
22212
50020
57195
53051
16121
76463
54546
86027
25332
93047
75917
32659
67179
5906
85496
6641
20475
87316
80144
29178
26494
77642
59306
77114
82005
37970
34822
36072
19641
53218
58946
58204
3237
16140
11254
35710
8954
65800
21736
34286
75198
97652
83296
42376
19910
68791
65368
40384
72458
45511
69561
15303
39504
28866
8768
37860
66835
43590
73931
2827
96807
32877
61030
16396
65368
72284
52105
74322
54435
73840
24959
45984
87844
8254
88359
7753
93396
70078
48136
65853
31940
34048
97507
71444
62913
6275
9303
46100
49864
99586
48926
63022
48814
9956
79417
14181
98591
31521
4854
69377
21713
29812
15360
9556
38065
20070
33660
31460
90147
81795
13664
22086
15842
27523
9881
95106
33797
19184
41205
83660
18769
6483
46681
67582
32790
42450
98114
31380
90322
2968
17108
12034
49131
32467
37941
3548
68888
71600
51359
59034
69746
81375
97471
1939
8897
7352
97045
42693
42887
54601
42704
78007
61083
5736
61940
93872
48185
60053
41603
38507
79372
58710
66892
44855
7528
21185
48402
76415
9136
99760
51800
78882
97486
49271
97172
6382
72974
94216
65426
15860
65169
8129
93866
26251
13865
55805
36475
62049
32209
78077
16907
11581
53139
151
56435
60666
21335
21188
37081
30470
37299
88880
25703
34785
54502
39227
57518
27475
33442
22944
59686
98610
31072
69903
41213
44936
42059
94039
23337
74268
72115
56595
2200
41605
56745
74986
2271
78079
96173
39351
24901
49823
44582
66955
84607
99084
6181
42125
42910
55975
65068
18948
70936
12491
88850
12148
73779
30909
6186
13467
5176
94653
70061
23727
36257
26806
98712
54879
21236
11236
10581
46136
61058
55163
13091
45665
70598
35623
4141
29859
91597
85560
48806
62533
14402
37656
91032
88180
84916
13570
1646
90091
24574
88059
30169
60830
14864
28880
32061
36099
56467
42641
98587
17524
97803
28029
79540
84752
63651
32
14611
71600
85591
63416
34132
99993
17423
41515
4524
2338
55084
22522
8780
79657
10580
38948
56839
41795
84179
88899
77893
40645
31539
92831
74521
45694
37211
54060
46797
862
70444
61407
72461
56034
41175
22944
72378
58597
64458
93254
77287
35894
15775
86066
15550
26354
41366
88740
68148
25544
77638
62392
82541
25529
71575
73413
87574
8785
43824
34370
25998
14267
12129
14810
70301
53303
37753
59030
28251
18563
52283
21889
54456
68057
24307
86357
10762
65672
75097
95261
7567
69086
74005
6459
10966
45579
79871
14891
54363
23695
49261
80361
37961
77741
95170
24613
47395
49275
99995
91997
84189
52277
13886
38644
36686
38192
41352
63799
3863
32800
59060
27781
18238
33064
34240
29203
78642
30462
44094
49356
54156
9706
46068
8469
87446
57590
49433
34840
6864
49427
26836
7404
18056
40721
62399
54741
95264
3750
18539
15478
52902
93950
43259
71139
27013
93850
16693
22006
24311
60786
71362
94819
86843
33781
3287
74288
91370
69071
25479
14585
18498
52315
21988
36553
9387
84386
7645
21003
4488
42535
36480
57389
36485
96090
44879
79849
89939
61571
1855
30602
38709
89568
41772
25551
39700
45058
99839
31070
30480
41669
62006
48977
93983
346
1881
19722
1083
9525
40724
5570
52060
93555
79310
4896
89645
24188
84744
95935
2111
2950
42888
40819
8869
84659
66369
48569
46068
82559
95990
76548
24228
74347
41876
34562
74692
43757
70635
75775
53281
27710
97696
21692
21265
77006
26587
27261
17545
27683
39547
36007
46984
98787
76825
72205
99797
43194
37125
45865
42104
33114
38764
66331
7460
80639
17245
98504
40747
87879
74278
94028
15589
71973
32071
53205
65330
75010
80465
82875
2692
36363
18881
66027
35149
12058
38231
34946
71603
91707
97162
13706
24820
52277
96389
48632
32915
13633
47135
90014
1511
37764
84041
33451
9736
16111
86655
75066
7472
83471
74292
26515
19834
9524
92542
71334
21581
47124
6279
9535
38831
19792
23241
80002
72068
19629
44985
21335
49613
8471
11348
67475
46234
11740
926
72322
44202
3932
47387
51674
87403
38030
78188
23588
63905
87081
94921
85486
34205
17552
95020
89387
53695
34612
69388
25763
70592
30725
63449
20204
39195
91148
87679
1781
2887
4956
74102
47088
8887
21488
98761
12641
75869
93301
36228
39773
80381
47501
41610
30937
81404
52982
20323
35098
87593
6063
77212
58185
36787
57012
94740
92333
48159
82418
94113
51045
87373
68214
14485
12612
6053
29597
25252
81921
22897
77832
38046
19630
41684
79655
50566
23087
32636
70889
74536
36581
76951
68100
11117
30089
41463
5856
22421
89622
4626
16534
57018
8350
84747
87854
20961
7152
17451
62565
89072
56699
40396
27117
76328
98431
23124
43246
37869
72111
30486
28756
25043
23788
96855
36159
53876
54670
58367
92648
44291
79344
9181
17660
87693
10280
5514
8654
17431
39316
87570
22854
96014
44317
49971
88694
42747
89446
48291
80615
61556
78776
9370
86599
2563
22577
39109
72790
77246
97475
65437
37888
76818
90970
55547
80863
1249
77412
5868
35031
16727
93437
57884
12741
37753
24206
17786
80499
13651
66076
77465
91559
61203
86834
78157
80117
9410
33617
52906
3007
47444
34694
40894
24261
42015
12793
21475
43263
90204
27342
94645
6931
20778
52529
36023
74882
93086
53808
55380
23089
36235
49196
14647
13789
36030
9155
93905
61791
42771
63162
81150
90214
14207
22043
30827
56222
34835
52301
15836
25039
95995
10481
31969
16772
63009
67991
91654
72446
38150
63385
95534
90736
12581
10180
4524
64962
35686
14780
26752
94809
77941
24253
85022
8499
46296
32200
64720
97482
853
80556
22520
96847
91036
70840
29970
70396
55182
21623
42841
9683
1360
54727
418
30292
81258
21293
95253
16944
52424
38356
11752
46716
62609
13125
55215
8904
45325
19934
6385
46177
489
45257
59375
7876
16096
89344
78271
87630
27319
37464
97312
28678
92190
14082
58969
73447
51726
54221
6742
4150
8928
18493
50865
71536
31618
6079
96791
93294
26013
19528
39470
42853
81136
98844
50729
13583
4539
45351
1212
31857
82814
98524
60534
91355
28957
35854
81154
80682
90074
87895
84831
15354
6388
52048
86889
54357
58126
32
47650
490
35911
87119
59695
17046
2314
26775
30628
6852
72125
31840
55061
71291
46715
15594
78997
75671
51448
60150
72704
57873
48045
73887
73226
70784
25934
76467
25140
411
92850
72789
17253
28760
76259
93299
45805
94924
20073
76432
18127
8549
24623
73187
96191
71337
88781
91540
63359
56580
51689
52415
30804
16085
26301
4030
86868
68586
96848
12007
85348
89697
1147
2600
18456
77405
12250
80612
72328
32322
73395
90455
57223
98018
79993
69765
85706
68773
61304
49065
41704
12993
17831
72508
45429
44131
92889
32297
29068
89736
60655
14415
95784
61802
33367
30591
39206
45616
11202
27886
94290
84596
34692
67864
98965
14684
37628
84671
99809
98932
50087
41512
28276
67917
30371
73704
28399
23259
22352
57466
29346
83007
88232
41481
44808
21598
72071
365
67214
99624
44602
77855
572
79293
45718
99536
10329
83345
558
10137
98628
50644
68000
43255
34912
98371
16959
79662
37981
39310
37127
67327
38668
25359
8807
99827
63308
97230
192
46873
13205
44793
24727
13776
40438
70444
29664
50766
70141
46573
77254
68768
13569
45253
12023
48480
59975
45333
28142
97956
994
81620
81634
39662
23330
6792
39488
86638
20373
56031
33510
33578
17176
74589
63705
57613
45032
93368
24730
15172
39941
1983
292
53509
47235
28666
18340
7210
90350
62833
21517
91343
44453
3150
47356
84134
26293
3196
70771
46666
59226
20633
80243
76401
95221
43947
50365
56604
53667
75094
88128
9959
77076
4771
79819
40663
33436
98158
64224
23785
77343
85740
31479
21795
5241
95187
22280
31533
98382
9403
78198
57607
30035
74792
50360
41607
18739
17076
98210
88757
92170
86337
98715
85597
91107
78533
26259
40894
93042
6834
81030
70384
92573
28861
8530
97813
24047
30810
29346
22428
40212
23895
96386
86598
98687
46745
28204
33777
80173
42765
22533
88694
45454
21247
74290
52912
16131
16901
93806
9172
23734
91187
95908
32659
20047
20789
30471
44093
51598
76168
66520
8161
16415
62906
94758
15101
26002
39313
65229
6174
98430
87761
94867
43883
25359
85509
96794
41489
2409
90599
67012
42494
81786
79271
75152
18184
60
21975
62277
51657
14494
28796
76170
30908
91701
87279
62360
34055
26592
27588
40228
25021
31700
51447
85255
57058
36955
82048
14898
39363
88999
98262
98208
87136
77532
73360
5319
77591
95334
67595
45600
9827
12743
38121
57087
4443
25399
19446
54849
68342
63386
95077
9714
95085
46523
94968
68495
83477
93368
83392
39191
82366
98005
37398
85853
75537
27109
91171
69479
38794
75118
31430
64973
87860
69550
22059
8654
11301
41504
63503
95994
21241
58579
5708
16326
21453
17027
84820
21281
10394
84563
60471
9111
82568
14220
11315
74456
57681
2486
60286
96474
93955
91716
61446
81814
77617
99856
6819
5269
57712
70321
1263
78952
45251
23322
95277
66703
40348
96448
4335
67094
81011
81157
92556
79930
95377
3871
54385
69409
22708
14670
65882
16662
22737
43680
98475
354
43535
21645
5622
1246
91966
6884
80198
37216
30205
75474
20271
86905
71922
40957
53998
69284
22114
62905
49213
33842
66775
19949
3250
89482
34618
69131
6143
57355
12810
20969
74060
72697
42614
79681
73942
50931
2917
54139
88146
49473
45965
24768
36377
34238
65725
6726
3521
4190
69631
69085
38031
52757
89033
41280
42239
23650
26762
64733
97356
55924
2054
71415
28620
61019
51096
2561
11949
70364
73052
16446
19836
19016
57566
72565
53253
39642
95642
73125
43831
81624
42209
81861
34381
47593
39492
92971
71242
66253
74055
84950
38528
76108
56364
67147
53478
23811
86060
65426
94174
59111
98224
30362
78126
55789
19278
47730
95430
14919
20854
39260
96543
79414
37472
47275
27006
76963
40245
14599
59567
30651
99548
98095
23111
72264
65241
76588
96074
51300
58366
6600
10410
72941
53313
4887
28729
72590
52616
40510
87508
73469
96121
84050
52882
33592
47676
96239
10554
87920
10838
70120
34923
26737
84566
58033
99000
49807
34620
95074
1106
9337
18025
27868
82277
71337
32754
27357
43926
1722
67866
31433
75190
80338
31835
44424
13929
79510
40662
40834
83782
67851
27306
35056
94588
11871
93088
93587
78029
44059
5012
95487
53396
23036
23354
52024
10724
72459
79381
54649
74180
63598
2434
65722
43936
50620
10145
57864
46481
67158
15050
46614
35009
58707
81669
45948
70577
91108
55886
48606
35167
60898
44092
4914
285
83797
73289
11009
56255
52669
82009
46787
32619
794
12508
76554
67765
22652
50769
30598
6161
82170
77211
57521
40876
75232
3468
11453
66339
59354
76410
17857
36603
36853
39122
36887
20649
12411
64247
76903
81431
62608
23689
14049
79753
52548
6954
47518
91551
74075
78115
97712
56244
71677
55232
97120
46908
75052
24924
29599
50757
1333
63807
87359
38185
2929
40597
58833
31691
21196
52087
13121
155
92128
43522
79907
44675
66827
27424
36226
40901
21890
50289
97145
93567
21872
10616
56826
13275
35539
2776
64031
53223
66583
67741
91407
85863
24690
66591
33905
45885
35029
47025
62391
43508
6898
42297
4535
90077
86073
57112
30977
7962
7400
44473
17880
45623
55088
91058
58898
90626
10185
22928
60200
76767
7021
51606
78981
31710
34548
12885
93946
69577
76262
56336
29436
99511
98632
33970
89587
84704
91081
20564
9018
14832
81388
43249
60455
36476
50658
19352
43453
60843
58631
3653
53961
65651
71610
32942
13712
22510
45826
7657
92086
38439
63992
37873
37950
78976
71843
27536
80031
79275
64451
5400
10459
62191
65001
87265
98666
15658
6616
58470
76500
81598
78474
30461
63601
50084
79754
77312
72593
41931
1321
81030
80370
65312
35254
34671
60639
7096
78558
57022
2723
43009
62421
13181
21551
27421
16797
36568
43079
23412
95037
35930
21361
73511
66390
84961
39946
62495
78625
28890
4426
79945
26271
84795
61608
61524
35817
22247
84972
14374
79268
4046
73734
58040
33578
95284
85461
50374
31851
44891
90137
26888
80820
11497
16750
63562
12810
73047
26056
91434
18288
46833
87730
60910
47979
49337
22433
83795
87935
23756
98169
83554
27801
71902
41594
77730
67186
43406
28103
15388
88296
34591
58627
85467
46088
91728
65380
75249
64774
7788
83034
99413
54620
70763
60322
2599
20099
82755
86393
24386
22862
913
7939
67015
89167
65884
44744
72704
9289
89199
88091
13936
23789
46718
99403
86228
38445
81134
61476
19571
88921
44509
18983
43541
15271
79305
62491
51722
78411
65235
76107
17624
66148
397
84638
55314
66281
29382
28017
91921
34932
16107
5857
58720
79176
21611
44948
33973
2744
6423
53543
91665
50932
88877
51557
82554
68181
14047
34275
62943
79281
26733
80567
61780
27130
81556
17093
93410
10937
61461
85330
45868
93920
7538
20940
89447
29148
65887
23419
48244
88661
76961
39908
55944
65838
7816
38498
50370
21862
89124
29665
17494
15857
26583
95626
42986
8138
12718
52747
19075
90531
38076
81294
84450
45614
18585
73896
91113
84471
13667
39356
73132
90627
79263
29075
72816
3430
83924
39538
41643
73048
69202
59137
88904
95784
54762
48241
3921
83831
987
39347
90713
39062
36993
91514
1027
55577
65410
92140
40048
79076
31495
29531
86054
27110
74957
75222
30539
58881
14759
88534
48280
83960
64022
53535
79743
35135
1775
15
18965
2761
39362
26030
58174
76354
17543
59201
48282
99304
67692
88329
78379
15538
34211
80785
42647
9168
56006
89538
84400
70764
94423
49031
71075
58444
2565
67169
93578
4339
67183
12542
23451
22896
38571
81624
15601
72466
57176
63883
71769
24867
52211
66500
40405
2774
47284
99403
28293
19641
5292
29044
90404
99714
78074
77830
58157
80638
44998
51734
1328
12180
80628
24778
35076
35550
22753
50676
8015
79929
14558
79784
4795
83121
46283
61551
2246
9918
77306
30538
29558
82597
59581
36313
82311
54006
14142
56819
50995
59139
24905
68674
87670
5532
93451
39097
57433
32555
6125
81800
12483
37034
77935
33630
36506
24217
95180
38751
50486
72485
69288
96395
71434
45220
32707
70096
15577
63200
43266
66571
38690
68170
35244
42711
90053
45046
81808
47486
77601
4284
29285
6435
41317
7219
40064
77823
47787
51596
16573
14624
40432
2213
11018
11865
63784
60076
98312
79361
39627
41578
62283
78316
9747
13879
37378
99800
75276
19185
63637
69228
39820
92921
75663
81137
16491
32078
58959
80629
83673
91883
11604
24105
94095
22621
52321
74231
99048
50633
69943
38674
92210
48577
33341
1956
62455
70718
18107
54083
6255
81743
23310
46074
91015
15324
27210
23857
47402
2520
4485
31074
94403
16088
71530
4849
55060
23851
95431
54107
74483
65373
9132
66692
13950
42472
84999
92756
29542
3106
63190
35796
84848
86500
98221
75863
18175
41783
99719
65576
44302
20556
13002
55056
52995
84531
76257
8055
8381
71687
78513
99215
37060
87645
65906
67361
46468
50905
76468
76009
54010
39658
11804
55209
42509
26377
47423
60683
68159
63494
42611
28812
401
71964
83868
53395
56494
60124
77801
81227
48162
72666
80441
85221
60310
62699
68933
23129
13603
45401
99138
83964
1410
27293
55524
43918
53669
2947
4600
38179
82792
63562
66991
83192
35525
50858
52938
8371
27333
30739
89597
75494
3404
86389
77067
80065
49087
62351
3193
79041
7751
18682
79356
25512
45975
51232
69429
15995
70530
90381
54174
53321
53942
21164
36512
5819
88373
89449
14189
32057
36539
20137
23902
56294
22877
968
52710
71964
79671
55903
67356
87421
90936
63064
29285
36910
14295
98713
69257
84824
89093
23430
38144
59387
60945
91007
65205
65669
96807
95745
97725
33346
15881
21626
89639
38757
38946
42349
27072
18616
14603
10780
22388
21890
73843
51672
58800
4489
50385
44408
89312
55829
67837
43807
31567
45133
34813
13123
10801
47971
8867
8525
97668
41099
46502
87307
96208
85447
46007
39631
20414
76961
50410
42802
98850
40604
10825
74001
45092
77561
34760
50755
49742
2596
94561
81308
47728
45725
94431
58528
10048
19649
83404
7715
77100
29906
11373
89659
31704
73731
29289
52118
50691
96051
11271
65893
53006
22095
56245
14450
99656
91005
65204
49397
9952
76117
47056
74032
21841
57838
48911
31888
77487
32315
39603
70938
78572
67327
60596
10275
41058
89884
78744
91748
2286
90014
73992
55292
28461
46589
69741
44468
53945
51296
10216
80248
27412
57271
54279
49253
15109
19542
97492
8947
51856
53446
96236
46779
20773
56831
73405
61830
63066
52149
69929
81704
42162
60273
36995
86974
23213
23087
31441
77157
74382
41656
57404
1794
98927
28035
67398
30387
47576
81241
55685
15783
51039
51920
78913
88163
25102
52317
66344
88167
4465
36272
69870
62979
12896
23216
49952
36108
62654
97745
13264
53388
39400
87020
71533
54678
31406
55282
85064
95333
36522
57100
11115
3912
9019
6379
92074
50472
58695
58417
38639
79512
11041
24860
42490
23936
64428
8793
60044
27081
6537
89659
80468
45937
93030
52000
614
24435
7281
2030
19767
60155
59129
47233
64066
84500
53611
56140
34971
12306
30908
89961
91817
41948
31173
50658
65884
95600
59450
42279
22680
82339
31937
3148
44627
24967
71499
45240
65753
78780
63621
85520
55286
39102
32752
19351
39953
2715
91842
91275
31372
22750
81236
39540
81049
12408
90197
63284
8007
65998
5562
47038
48336
53851
50185
9314
78817
38036
70906
60921
33167
34526
46440
88452
89979
95544
7802
29931
98258
15996
21206
45981
38745
2441
85520
36145
31200
75716
99429
55558
58065
4990
2595
22753
58840
69132
32066
54008
7167
2971
14929
40333
37497
61368
28784
27475
73263
52937
57406
87872
68932
94963
33852
7676
97403
19371
43821
44954
11438
43249
511
69503
64590
3105
92255
23430
72236
24320
93789
95754
27291
8717
36086
81139
86437
81221
24965
76051
34158
98722
63923
3089
93684
14126
27117
7438
33497
87289
52391
61286
46889
69253
47140
11478
88710
39394
51259
77297
80066
45048
73051
23708
70116
25488
21198
56552
6709
46162
32603
40866
44884
12877
60306
54919
27002
87422
62357
76850
91062
31099
38136
37950
352
85275
65780
5413
41021
17038
82709
37438
78437
55759
77497
48553
81247
98694
5104
4307
61207
54058
61524
6090
66934
21829
77361
93936
25603
39717
87137
16664
87167
25272
54614
3870
26899
20393
9282
84271
53782
91991
38060
32219
64101
15556
80771
61699
30601
2226
82357
91807
56284
43880
14249
39569
65709
91609
49856
7663
47677
36993
24326
34843
78616
95291
55065
21866
32035
64346
22488
85817
72688
60547
18035
53141
92454
15157
14839
23054
33734
13548
31213
6369
57427
45461
45938
39487
37069
12145
47149
84745
65489
87827
35939
44105
83117
91003
82322
15152
71701
4810
17320
60740
81708
51706
13880
90514
83214
45071
29919
16947
58618
61131
23316
16044
22943
69253
71883
60011
97749
19031
61107
63238
6857
13398
7342
6326
4400
6015
37829
92452
27176
55148
53192
8884
23205
67071
15749
6418
28493
45667
23364
87110
23150
46679
19506
46092
32283
91388
22455
30032
26770
83561
93269
49979
13310
16962
56304
17710
22976
94132
26513
50152
65631
79704
75387
88835
63127
7487
11604
91619
69505
34967
95081
92654
97998
30938
55098
30280
22325
77552
76663
65446
77464
69931
15424
90774
3244
71727
24835
26220
82210
51347
92723
47840
31051
84461
53026
94177
91947
64629
2147
77803
15948
13579
70457
13945
44516
25554
60576
83192
19457
37239
48638
96920
23521
64061
87693
26765
52140
12527
69336
34349
63874
78410
98541
11276
62870
51566
21804
71168
32547
23950
48970
64846
53881
35778
78790
98396
77683
55717
81588
97139
92955
46577
94059
16476
26989
98103
43240
79128
10630
28927
29829
90855
7336
28369
2130
86557
96286
23933
57724
45184
64234
23045
10029
34466
75175
5170
32862
52857
60887
30801
66348
70193
77377
76758
86668
4365
74860
46259
99845
1841
75185
29673
92695
98872
74393
11176
85428
87030
51460
59503
32214
15694
98900
58594
50159
74074
63764
99372
43282
41002
30172
25981
11194
23900
2738
97862
44617
77598
60472
44461
95790
52009
90485
88485
50880
64877
99660
36308
51906
51120
12162
471
83165
11061
59065
49675
1486
39180
65399
44768
80181
95570
70748
7726
35822
89838
21939
80438
83787
82411
24898
79576
50771
15382
68060
1650
96610
84072
54309
64867
51543
66471
65338
51059
77531
40754
17085
79017
96285
82483
40136
92817
94405
27235
542
30226
17072
22481
10663
17210
21243
51912
96786
72013
83645
81197
90014
80254
81620
60675
45120
33162
27145
26809
572
21027
83914
17657
16395
80198
139
56530
73014
94543
117
89908
24768
33540
28740
35430
50750
66334
3693
47535
54698
87337
45083
44711
67590
26703
5385
29062
76216
48881
72222
76788
69908
56136
94444
2654
52685
94582
59184
42051
89125
75652
31958
30244
9191
77049
82026
59940
43382
85718
7474
98079
73055
68909
59141
56996
95611
80878
2409
88178
29758
74631
64965
16017
47118
59408
18671
99802
70342
94206
41852
75818
69857
90161
6061
79047
67209
88086
38987
10590
90156
62812
25020
79562
48072
84161
36557
43682
65038
38966
31860
11147
29948
13176
27164
77065
72584
62186
76866
59277
56391
35070
35094
42599
25230
41154
37997
8791
45592
76983
35732
52099
56147
60752
31660
4218
44912
68216
64252
9949
23533
12463
21095
69832
25638
64610
46896
14573
26795
40114
73849
99537
75183
25294
58487
16764
66448
96484
25554
28391
89818
61286
80489
45964
22037
28500
66534
83300
13067
47137
9600
36600
59599
47046
6431
1588
11656
69679
16161
54802
9792
6361
70691
1326
31655
29177
18089
14454
25660
59995
59196
15478
37632
56036
77793
76020
84535
60678
75671
97601
7814
85270
50552
67412
32315
56983
69000
43970
43013
1512
15124
52804
7872
85814
54129
55878
31342
88569
86683
57002
64915
45878
88831
18898
1913
82975
94917
86447
43653
70587
400
51466
55856
50951
35230
88171
7933
20581
48492
67297
22092
63615
20100
46315
65780
90580
18545
97122
95501
5227
70475
60415
67457
59305
79313
69369
58631
90581
72168
18635
61168
72567
86453
33375
23517
21682
37897
47802
58614
2741
15098
97057
82707
51550
59723
48487
42129
78267
45608
37629
99846
16082
14396
67302
91738
93708
53022
66720
84288
25189
85355
61807
14107
88159
11534
53976
9840
65782
18129
84805
68522
49578
81861
51229
1127
41583
99715
59608
36202
61674
13588
36047
94107
27983
3348
2196
38042
72721
68915
38682
14262
70621
16840
28368
58779
28373
98695
84970
94155
33175
69774
79028
82753
51634
30256
231
9569
46322
76190
45770
24347
6130
98168
18453
50464
17867
20648
88506
90587
89563
43539
4848
60183
60378
49568
18962
5103
48262
20283
15609
97789
90057
94636
80541
58042
41244
97123
67610
87565
89665
29731
28264
95794
27898
46716
46257
45764
83716
51114
52703
73278
94652
57550
49812
71382
7117
85125
76484
71731
5408
8444
69519
11816
3079
66411
69857
44322
79885
53819
48239
69549
83549
76502
65342
27799
39569
27951
89914
23284
79064
42616
12913
90068
166
62725
61449
23634
64201
54284
95364
85960
62727
81234
97775
65805
63996
67632
26479
43881
37802
91069
13429
37702
67570
95123
65500
7138
23073
55414
46774
2136
14381
59686
92203
14546
38762
70003
54532
2963
24286
66247
5274
3364
47481
3049
85521
27828
87032
11999
71708
41185
3067
1489
78886
86988
96611
44386
10477
19683
16151
57250
38170
30531
33288
46725
61429
72049
16727
15960
91363
57365
82206
96637
60728
46038
16037
46248
73866
19420
74598
61925
60604
94016
63413
55841
97355
76375
226
7832
96057
32728
81433
50579
63259
14720
97303
41039
3121
30381
56998
94483
87745
55555
7471
64825
17945
23507
27424
91810
59278
2022
70086
36233
96037
33499
92074
93392
9873
8651
17575
22282
41379
99007
89212
20989
30079
86514
62027
33199
33246
35376
27681
20991
7282
51504
2167
25226
91362
29590
33387
50640
31611
3473
3224
44000
53323
95297
53743
63195
20300
87669
1828
61678
86675
91039
99018
33105
93904
77396
82655
27150
29123
26688
64492
36404
78191
66658
77982
69552
12599
11368
36543
44210
31192
39767
4561
84514
51415
74655
64061
71714
62323
65888
49743
65349
73279
48760
98454
67182
26155
81108
10683
55277
7795
75174
8033
2337
58183
86014
71889
70782
13733
24783
31343
44925
80901
52255
45790
32316
26909
9850
20381
89231
92090
70124
54579
65368
35235
69384
48901
77742
66844
75936
49370
90990
51109
57402
93327
25644
59767
65215
12777
89852
6349
44119
34776
87250
12725
96917
19565
39633
6767
56297
45215
98856
42772
99793
80575
78007
85529
45827
72100
52372
21762
21469
43361
89223
95223
36687
31218
54989
18253
43994
44840
24602
4464
95967
11851
17188
92884
47767
73172
16002
20415
18386
31209
63187
34530
11783
57545
20058
73961
29644
72429
12075
51112
15790
1297
46334
68828
32514
17675
87081
76507
78866
28034
97322
74833
56236
14509
84068
20354
87680
69
40768
22417
31277
20306
56946
59411
77850
77004
49723
7493
49432
61797
74957
81573
63093
37642
50401
11958
55316
53833
4816
50534
98218
2137
25366
54453
16645
25785
91158
20676
25853
31925
43092
73481
52231
38
32891
30080
93393
98965
53925
42824
60762
45233
40749
23854
82874
7501
52164
54542
77685
56979
5075
75902
59116
46792
46706
92112
72576
37863
12788
14780
86139
72231
88260
38369
88620
37502
84801
82012
36466
55077
41188
97227
309
98288
37433
83182
5788
89596
54075
99824
46574
59149
75725
22041
22292
38782
14153
94867
76644
43292
9646
62782
31874
14257
17503
20494
68110
18655
18857
4576
73731
76396
18154
90391
74683
71938
89924
96822
61533
43999
96645
24459
19499
88721
46499
41791
27502
77003
36657
20497
20294
62655
99631
52168
93263
33485
89013
61373
52139
7869
82300
42221
617
453
32611
75299
88743
22534
72121
66627
82884
85117
91085
2383
90190
53936
44173
34043
47290
97181
54540
67584
59835
70522
36103
53098
20358
25115
30822
72496
49335
13121
31068
49951
29925
80030
41602
18667
18915
30074
85294
1799
31542
92730
20533
21731
63017
64705
55774
10307
61885
26665
94242
38072
97186
30344
7521
17543
71810
38342
6390
37496
67814
53809
3799
97738
33838
45400
32757
52752
91825
18050
70902
23366
27131
91434
45097
90148
72490
17222
454
50727
43886
94695
88798
57423
41390
12670
91317
13199
51011
14058
50694
35176
67866
70844
32913
18055
32595
65669
87158
24419
70
58060
47785
27201
65845
9233
17348
38335
26454
34153
5413
86691
45199
94210
44113
86588
6879
51781
99786
74241
65838
66831
9416
33703
54027
58680
68109
86621
40701
55266
11040
40770
29677
75176
84322
95522
760
18021
50208
27213
52173
55620
30255
97371
66181
90719
310
73059
42499
16447
63651
8336
99630
73066
58390
53656
31745
26498
40276
72445
81763
51315
29567
11440
42842
13888
23313
43601
31909
89872
87165
433
45491
17419
14156
28023
8137
14465
1081
50635
30912
81083
75322
30541
54148
33711
548
2244
76560
40823
91041
74675
8490
36959
2466
51331
67198
25778
11284
15458
15649
98448
15891
77491
32219
46398
5513
40355
60862
22945
7342
8125
4027
99015
55017
74526
49078
55564
93121
25637
12739
84161
311
21228
37471
2776
88910
4669
44905
193
20126
76905
14993
36016
54395
47211
98765
76259
3917
75979
99203
27610
84103
19581
26625
55472
10458
75702
27387
3579
17690
40125
4091
18001
61352
41562
37128
66614
46230
82033
83158
66355
58937
98150
18723
29684
61712
17487
5942
65629
93465
21497
9590
93920
57429
36214
65743
67887
28267
93129
71465
45957
33254
75555
80309
10957
17116
17436
77570
79697
15820
77080
62404
91109
75229
97478
37144
36941
31316
59437
18921
24781
80933
28510
35052
38362
81076
794
22600
9342
10274
94064
71650
43527
85970
51958
70836
19438
85746
64757
99134
17917
41836
77889
9025
17065
75366
62520
70357
6682
21957
5629
47814
2889
34138
82865
57602
31565
10
80201
40907
10283
90616
12556
70162
76586
64514
57349
96023
66611
22105
11508
84527
63941
89397
9904
97357
64762
72423
84065
87795
94379
89693
35608
13620
40182
34824
87573
71747
34833
84126
12653
61468
74741
41560
47981
67678
22425
5329
80052
89035
43785
7912
73562
7725
97308
99817
21433
78421
72239
5497
66216
82970
95189
18175
96589
35371
52999
513
7117
4183
84638
36121
65650
75731
77680
29982
43408
105
51662
39812
5491
95447
47723
79052
19523
61382
78868
40956
56154
67459
62804
22369
50428
74345
40544
63368
26067
9894
63880
49535
14076
64870
85655
96078
40600
79686
26059
84007
96142
77721
23818
1633
89519
87892
97036
9041
49273
75904
66348
5427
59714
29152
44147
10141
3496
1042
73508
45914
10935
53739
95448
25011
18608
97454
21088
59207
77139
63498
59566
89633
41218
99735
91265
30736
87627
88300
56129
53251
80555
22476
58677
40268
51627
2824
50408
71474
3865
40267
33739
31152
10358
29186
56162
28965
42991
93601
4524
20130
57098
80441
26114
14668
80175
17378
61755
84153
22029
17883
37404
2584
40359
96080
42851
8337
15255
9611
96163
35472
66229
29901
66623
76586
75439
39136
21903
18429
49088
42778
54910
6185
23218
81023
20852
19744
98400
82607
3897
20429
489
41300
39364
57199
53731
82214
81888
68986
8176
78050
20809
74405
24302
3783
67342
99740
59270
5596
34521
8357
48373
89430
14541
87942
86805
51745
7686
1556
50703
27934
38336
67543
69233
77699
24742
39315
76265
22981
24652
84440
1030
45460
75196
41683
65594
58890
57775
24863
64485
92295
33219
29210
98076
64112
33503
84880
32208
57540
86436
82910
85473
24771
50452
54705
2470
91545
94020
95086
14525
18671
79525
31906
80483
71073
89941
46076
29962
47715
70939
10798
56361
20509
56359
54436
84620
6214
39316
16827
63753
42103
16088
49226
83225
82892
20282
2046
74436
14301
97131
5313
49324
93008
53570
46158
64080
43510
92233
10393
7576
79523
37542
63936
16384
10253
18372
17355
16466
74039
50534
80218
32493
66621
45795
15717
49512
66077
17763
40300
96729
14893
61964
62404
7900
31885
8561
88331
91747
17146
98723
99322
13020
52617
63258
29403
62869
97981
63110
95686
72019
13643
92255
20863
80263
38050
36579
46127
20478
54341
2778
17206
85586
81093
79610
9837
12977
4522
98168
4723
38019
13242
20397
51039
65858
83654
96793
45078
97986
59902
40763
86356
89896
33018
7218
70159
87419
43796
32637
7896
14489
51766
25101
16426
32858
21062
26262
45834
41936
40781
66909
79954
70375
87305
47344
36232
87310
44137
97662
85295
20390
38424
88002
10286
87793
95219
96796
75211
55366
45784
99458
86206
97549
24559
2631
30406
61972
45245
92591
3907
2377
59499
213
72751
63155
47556
25335
66816
8044
22996
52110
44786
77771
56463
55071
81916
51681
68218
57126
23399
14001
56584
9604
11549
97494
28587
58306
75817
73831
50896
96076
92559
26747
96288
65310
6253
60195
6996
73069
68239
46343
41530
13024
24113
97993
84446
6028
66025
52663
79506
89423
66663
52441
99027
94563
66286
43965
52868
58454
34147
20115
54529
26705
63213
67168
8366
69466
27363
15361
42534
95601
61703
84063
24976
2168
82055
9421
24547
48080
78435
20404
53854
45097
72844
69232
56011
55481
13196
25230
13935
47342
45344
84815
74047
8557
51983
98764
78022
79345
14125
36907
91297
92179
20969
16272
94346
19376
42044
35245
83807
20478
55648
37660
81926
44844
6892
37936
324
36439
79517
30610
83781
41212
15425
74179
49768
83759
72942
44141
63103
3418
81047
54399
95597
18368
87022
6294
37743
29065
41538
37901
65894
13538
75560
47819
58381
98803
2106
75056
35242
81622
22018
35374
39185
37442
25904
88953
37552
15197
49445
654
18615
46844
71404
30563
65211
74777
53208
19305
3841
11098
57205
86086
24635
49116
33904
83015
64271
52361
74422
99512
50334
96439
51237
89518
50232
77140
94822
87783
8688
44267
88436
43654
7462
76191
74216
72672
50967
43776
8328
71159
54873
81884
57244
79507
30999
7499
78873
95269
59859
53294
11132
10192
49733
78720
16062
99964
72211
10883
87747
80899
71501
92534
24552
78962
85077
15120
67985
36043
58895
92664
23554
30119
74547
80797
25977
5546
88296
4849
17166
64506
74494
44650
91050
40578
23369
7111
40542
95580
34345
44640
92830
5846
53525
33733
1159
38601
48852
85496
90996
24098
78159
14549
54216
52706
95345
80192
74603
99992
1392
8120
64498
75886
52769
55547
16463
92490
79009
73356
4421
13353
34347
13602
19198
87872
47334
36709
42824
96186
22204
33819
20283
16714
64719
90851
85771
76416
71042
76725
76407
72434
84845
57256
48319
53965
12802
81133
62806
91810
54489
67226
21515
5187
80827
57064
93058
28161
93772
52234
40698
32327
2404
77332
49041
67123
68182
34811
59890
39224
11536
52648
11657
12732
9904
76327
66696
39057
73811
29502
47219
44651
13079
68733
49838
10258
25796
59247
38418
35920
27832
95467
68246
30236
72798
33638
13710
40980
84801
73599
80203
96336
26246
8211
25419
52501
889
92114
91558
74699
37967
55128
35702
67398
40212
85539
77655
82359
61137
16072
18278
88969
11538
2876
19204
84335
36513
49265
25314
21313
39215
21868
34000
65460
30078
59418
34313
47318
67884
42222
22017
22202
97349
74070
89599
53912
75960
67253
36270
37096
83324
54548
42416
11213
73775
61619
11900
10287
27235
53565
47952
66449
75433
98303
48261
21862
74073
82573
69180
41956
41146
7548
80509
54846
97969
70108
8757
73928
37360
45026
11023
37036
15925
53439
64600
89699
31409
76499
16338
74996
46416
64289
41444
38200
78943
89704
60061
53015
88628
45592
11322
29773
69491
91831
84618
67459
61938
93374
41386
15649
54752
68761
52684
70676
38551
33636
60375
86311
10134
93064
61306
72901
73704
2750
11100
52646
8805
87513
22013
97433
33104
33334
43557
18947
41516
44527
2757
3453
54252
44143
35454
9003
29255
4489
96031
84157
38124
56405
70467
64610
65820
48125
37510
39523
50874
48610
92168
76030
36122
14180
89814
85577
63866
33371
4523
5381
77897
7280
25186
32148
67774
60639
57503
13380
65127
53533
97536
3251
26289
84354
67860
92108
32478
21721
31630
99703
70330
23797
75733
22803
54329
65546
8380
18194
15268
29254
23574
93164
52885
48759
41664
37010
9397
99166
50389
90876
52698
64276
94126
78986
48630
78337
71093
97459
16409
2722
97162
86739
42870
72894
25893
97198
54791
50624
15391
70059
96230
55317
79574
49114
4075
21237
86124
29824
20402
52864
20699
89451
17140
31176
68436
82121
25864
55880
79579
42272
74953
93092
45362
17823
82337
71255
31372
37128
38230
63115
23538
34459
18431
3111
83573
38857
24348
86048
68680
61101
55263
5730
50552
88754
36905
35339
70874
62768
91219
66805
21392
66171
59896
66753
345
58585
54359
31717
95712
92589
94831
35601
27047
29613
38711
26971
68469
79410
29370
37149
40511
84633
42878
7414
73386
96135
42752
60612
75254
50322
27416
96645
16493
3663
63398
16837
62247
17756
64905
74310
26696
59735
9910
53743
89347
64973
97065
74168
44382
26435
27668
1244
11067
86897
25009
84452
83031
84113
45063
58285
34434
88830
71281
67278
8845
34678
467
87443
68786
65371
61753
95481
41458
88014
65575
47156
69338
62640
21323
13720
89074
48990
31315
140
35887
56324
943
35269
40436
62358
9905
74869
51187
81186
58499
60031
32215
58965
47474
17352
24335
25578
12833
82144
29943
94759
29300
99281
57398
50622
29352
62823
15964
60666
79314
68202
33341
80257
3470
73776
42614
13375
64997
10152
10912
39847
70183
43126
98811
34008
60478
39497
75937
89662
21641
5879
84420
50940
21511
58170
17913
50862
37344
33876
27880
16658
18429
61220
96914
21899
51348
55879
51625
32696
66030
62536
72542
52564
5661
87704
2923
82490
27200
78859
72151
65192
84738
72923
32483
22600
47444
50396
73462
84787
623
1341
1444
19052
78912
14709
57302
46611
86939
8926
79306
52969
71461
68199
21884
93473
55902
24807
92315
99454
3665
80817
64645
4754
70091
97128
27354
17534
63875
17167
18673
80849
34859
20116
99900
13770
51177
73553
60381
38115
82478
56038
7435
70290
24237
45671
80115
96490
70477
88781
95943
90493
69597
76940
11599
39688
90419
38952
73573
54293
72470
92245
35141
7328
12361
51393
21097
79889
24945
97829
18003
23775
70219
41790
10416
94455
87460
6882
7296
74288
95662
3239
64780
65259
96530
76378
4946
86948
31681
78518
41240
4150
87115
92732
11477
99475
44124
48926
95715
85421
63106
30069
25547
33324
71858
35962
44130
75669
42844
51426
49956
38505
71016
14736
20115
67545
7465
41412
54492
55498
36282
95731
59647
23396
4814
87476
39222
65290
52753
34936
50710
32210
65004
76256
65534
53214
28569
9663
28882
87764
61088
78838
42621
48455
9925
62735
15999
33741
20499
70490
89238
56780
82572
65237
80175
87386
69064
19396
52675
38168
70683
19736
70377
35686
12343
35910
5251
40911
61925
34133
28675
39364
29322
87647
87819
39246
50381
3817
72986
70879
90659
78576
44010
89582
43812
24184
76967
29227
59931
45993
67394
46965
82080
37770
99003
94422
90032
4253
51685
68308
38385
96711
7671
67706
84357
11841
23303
51089
32010
12641
21968
22668
91216
82329
12249
51379
22865
5568
96957
99147
67912
64350
46112
49992
18471
45114
60765
24854
65718
12449
93161
20455
9159
17184
4512
93515
45376
27815
44604
77385
40455
82923
16404
48022
65251
45005
15752
88115
66924
12708
3614
51187
77057
49725
1178
11879
11190
61943
53085
76907
74391
62597
13713
99902
79780
18225
93416
41508
46039
54371
35244
2845
37293
51648
50866
18896
13004
66617
23362
96279
95676
26975
47465
89084
76699
48643
962
4240
26937
54046
97499
17679
16643
11211
17580
12774
29435
10996
70633
75473
65366
5877
94669
19011
73876
61886
37906
86879
44854
77619
83157
40529
4594
46973
29612
97644
95615
30574
1884
38903
971
99382
56582
33965
10592
74161
63091
56379
1508
33723
48203
83226
55951
42872
18588
29826
4757
72845
33056
49611
50463
32564
90139
55056
79537
19751
69052
91503
66676
70935
30406
83998
86668
3339
34315
13611
77499
13757
69989
95359
63831
34544
78584
19782
77415
97171
65959
82171
70015
15367
48133
36829
47930
38272
91885
43818
74374
77288
35321
57401
48222
82078
57750
51241
85416
92064
81203
79266
5820
67544
90976
86003
2087
69559
5784
79501
83081
88094
78023
69447
3460
26156
6276
51390
80779
14512
11559
71504
91799
46879
28904
56372
45308
86653
23964
47075
95069
5166
26341
888
72709
17316
3242
74795
3227
25377
70647
2659
13471
65022
72106
16930
91177
94733
84671
88307
9244
96230
59810
17394
59460
88713
90117
4768
91717
14080
68194
86785
19245
10886
4025
8306
28202
7266
99452
47780
32643
70099
50438
46113
51472
38895
79394
42648
49979
64065
30954
75574
76646
7115
92967
36105
95827
83083
57224
87543
97162
25418
74328
32759
36303
94704
41064
80856
1969
56867
44987
34611
43317
11777
97075
94788
50671
76469
53787
17002
40533
84740
92575
17178
8206
85542
69634
4032
84976
26858
7927
98490
68627
98606
31248
21281
93309
88663
2137
95277
61881
63475
46240
5198
75251
43314
99985
42274
36134
53772
59275
76666
54863
51849
10195
63069
53742
96181
83452
38718
39390
7730
53559
8016
6335
1158
45648
15995
6172
47784
27624
68052
11259
73863
73249
2861
33528
89586
45134
69662
59709
4408
62679
14571
56257
89226
93991
26350
85406
77443
65067
41147
85172
34977
49162
7859
36134
11161
23853
58657
58945
51476
26709
86555
41690
16309
89415
91570
5894
50901
77583
65602
55308
40261
96525
27916
45838
90515
54266
47595
84309
35684
88741
85833
70661
54254
93691
23146
65415
33895
81803
40711
1723
24863
43617
59764
41171
49383
51333
63417
283
28915
45370
55591
85528
41894
83506
31365
48761
37771
95312
49421
73455
84052
35253
60467
54658
45295
83612
20072
95542
81766
77134
97264
6628
20750
57027
47799
70132
24712
27567
86767
69978
72936
42357
55505
14830
42214
3222
79942
96337
98533
29362
86143
98936
64615
46609
53593
26261
46572
90016
21802
28338
67149
35417
34965
87898
8796
99115
74382
33507
26681
61148
3484
99617
3504
75341
30798
62069
78562
10739
58405
93446
56452
44547
92381
21066
7507
62326
63679
54079
52341
85480
98768
19490
20897
50084
23739
29692
65551
98120
79550
92231
59267
99385
8199
79122
74725
55348
57543
69638
82438
15947
63083
38890
76846
71816
76307
704
50493
39985
71134
2833
41817
86253
38674
79065
36337
62413
25108
1887
60532
4657
10469
36151
20393
35020
15272
11470
6719
89166
81107
89157
5113
60542
44398
98310
48709
37056
15365
99201
77041
86499
2033
35209
72751
40707
14273
25439
19471
39380
27325
80002
44036
54146
32504
80780
5517
64128
92249
12235
53293
73356
1391
74757
50249
62140
73066
98957
99196
4783
14509
92588
91281
32893
27796
80383
73599
42068
5822
9421
81447
49498
89423
41834
19995
38278
22613
25511
2405
14862
37746
55698
4569
55488
30454
54817
17628
19872
70125
33175
24654
985
25762
32286
33877
53557
12668
7476
95624
34841
33248
93422
691
22670
35255
20685
77300
74219
46196
79704
89080
293
35401
10000
72132
82207
81168
89759
2078
67644
39285
26731
68628
65046
75368
2505
18602
88035
26332
30577
39228
59579
23998
39918
98601
75604
76954
75900
49823
39501
55603
55254
39793
7356
65254
11925
89562
62773
18035
91639
30417
57320
34721
99044
38717
10088
1548
73671
14474
44231
20599
53701
3810
60949
9970
2410
36552
86924
78309
2726
26424
50263
57980
82569
57618
39585
94493
47179
2357
28879
55169
32773
2550
89889
48169
57619
16328
66068
31289
30802
10299
51887
84502
14108
12835
10824
32869
65739
97747
27529
68464
24170
77791
42795
6738
51761
82379
17582
15291
1088
46461
70460
50212
65362
76700
98380
22980
93028
64448
70620
23829
91098
22507
24682
21557
51693
35505
54425
33783
49603
98305
2247
73773
92447
61393
96862
44207
43772
14444
75850
61211
77256
46309
11422
58969
23008
9802
81949
32387
90601
68920
72567
98050
7778
13601
19606
59471
65457
90382
9605
15060
88686
28203
5184
97484
89596
2045
58043
49719
32840
33892
10929
26447
80200
22350
85416
19559
32151
83716
68298
39103
68987
40864
37152
76765
54464
73109
52587
19921
63490
62191
51332
68527
90394
56515
66011
79989
74911
40405
29707
7751
74296
56987
50549
70847
79336
52316
6757
27839
52383
75054
66941
21370
15918
20445
98134
86733
93553
50720
6653
73395
12910
57984
41921
3303
30850
24283
99643
5761
64687
45701
29863
55334
2687
80411
42532
82023
32727
49289
26213
85109
24342
9505
6478
56611
29949
20963
43344
39854
71682
49996
13248
84592
24332
71520
4246
71533
12155
20241
77293
93193
65941
23507
48527
84980
3918
91058
83354
52996
56698
9566
54456
81040
19070
77286
37650
65371
98248
80993
21576
69930
47341
34823
70873
88024
22694
75118
75908
34848
95358
69553
44393
77651
93059
92919
62630
13328
328
62335
66323
57026
71900
37131
54417
7321
14416
8418
89043
12663
89411
10618
82592
53103
61792
53464
57478
84486
44934
33385
35685
56643
2937
80077
34293
95996
89347
13274
25675
6027
75608
91998
63052
63859
29128
33820
71180
59895
42237
60222
72557
47999
70840
71501
1101
48983
41316
74930
33468
2601
8315
85505
59244
27603
81933
9888
39950
71280
23162
65625
77306
15121
73974
56709
78980
19453
90528
50159
79347
32764
26732
51903
80763
13923
39755
98215
62906
81071
73145
12725
83671
97811
98229
59266
25413
80162
69154
65363
67793
92315
47339
45098
7435
21312
18158
2766
40764
8685
69276
20110
57800
96008
88364
54914
9930
28119
53129
89187
25541
42625
1912
9211
40435
16492
68477
82199
13005
37630
47561
80797
46296
11251
42246
70082
32562
60403
89200
89677
85439
58475
9786
43239
54482
98150
98152
80764
42620
67632
69950
68160
26608
88213
93722
67042
21057
62198
49241
34061
16179
13153
31210
78826
40756
89807
65260
73317
50210
54459
62994
52000
12933
89131
95238
83767
3632
9742
64530
46251
93725
50831
30762
20333
39044
24484
3726
60100
3033
69318
10512
19212
82471
58073
14389
23226
47880
96000
12894
14441
50458
92239
66440
79743
81370
78030
63509
1353
87771
28038
63956
97847
95220
94717
34531
34263
19200
38257
10714
22233
7574
37578
57796
6396
95650
88536
29621
59881
84536
58867
74321
51345
51105
40761
31087
48826
18790
94595
50179
22912
38984
14134
37110
34204
25202
71641
84818
44402
9897
11884
82986
17470
65813
57133
23866
61462
45668
69838
37695
30203
45056
12015
81548
12513
69127
28986
61338
87916
23581
27868
27179
78916
58353
64289
29471
83555
35929
14289
44308
62177
42524
43645
79646
8336
777
19863
86149
46444
6053
23843
92999
51108
52210
90898
63620
21336
19883
41310
25604
59815
69177
52782
55083
43882
33422
84553
43788
85702
98841
4447
47878
41364
48091
27524
66051
48867
63738
52200
11662
69790
76042
21012
37250
28251
11909
869
49587
48144
58530
91542
7958
27707
60675
63040
87940
94097
63945
48079
79798
62785
52525
27676
20501
615
71551
86551
65833
51640
38750
77494
21430
31144
98506
58679
75746
26766
75899
41684
74909
34429
33225
99219
78487
93900
78610
82778
87996
42554
30856
84145
21691
83380
28172
58543
83994
16074
45093
66178
67714
195
60023
5495
47690
58528
80525
23435
1646
56423
65119
76554
7203
98343
92124
2041
92242
87086
84818
96589
29639
15673
97086
51329
99052
25257
9871
99397
57683
71316
81926
25396
87862
41949
47242
35551
16828
27766
58985
18473
540
24103
11379
24095
38798
3502
26135
47391
90587
10953
43980
36578
42977
57417
4258
58381
99025
30481
74129
56707
1796
56055
98454
6009
98003
62047
41559
14830
89812
16895
49655
6704
57350
61033
30798
96147
80886
56932
59889
87825
84236
20220
24402
27213
77636
28659
85593
76661
75491
59721
49719
77286
15775
48173
99646
30129
10219
41204
61311
16383
74451
10965
23086
31800
71997
70235
44298
69234
27166
4186
57058
11402
24406
81459
38614
2041
26470
40558
95053
1960
278
44772
95598
32405
9296
95243
62533
35866
52799
40195
68600
27249
51159
8037
75400
39507
78271
19697
8741
5437
40234
82150
33190
64639
63609
71803
83032
6430
12360
94436
24741
28989
39207
20338
61393
64854
31933
40278
17072
1083
80472
85671
44683
47983
93708
36434
87489
71978
72482
12581
93766
12715
94731
26955
93706
74691
15109
93089
97472
43820
87524
22212
89161
43083
58902
50553
7936
7186
7182
25007
8268
4006
27030
69302
51988
20737
5735
55828
9066
78216
68409
2832
90930
79491
46138
987
70533
61247
94075
68004
21418
81599
90215
10578
41033
49116
77483
48968
72653
84664
90327
80920
88669
17356
50221
40656
38092
72307
96484
47157
50522
81244
66340
57804
77086
12478
75142
47618
90076
69217
15621
11493
67167
5835
38423
8199
71303
15905
73518
60307
568
63844
41227
5589
97551
7799
62596
51994
80106
75431
15503
46979
56674
81842
21134
33759
10671
96276
97728
746
65492
13348
28591
49010
35535
67013
73560
23189
82917
47077
83495
99836
27273
41073
21776
41175
48872
84372
93169
45329
59802
8671
8659
32828
6864
29793
82938
17535
42420
80666
34632
24263
94013
63222
73272
45899
46586
63183
69087
45854
10259
52582
62042
53883
93654
83817
95058
58877
68188
4578
20557
44342
13248
45568
93521
36463
91712
76458
53997
34131
57123
4981
58393
67488
68202
48016
13386
31140
11198
82473
76993
21456
51406
39034
91691
61411
39203
3100
36640
23742
7677
73548
68083
37276
19115
61603
73738
10826
54413
44087
61308
27887
49067
19700
95374
33620
67715
25112
64759
78912
7584
58104
16720
75341
13489
24762
53103
52691
27861
89742
76433
51889
63290
60867
5516
98756
38822
95605
25934
9586
39691
87241
37472
5109
23293
32846
55081
91007
57957
19839
86271
81892
94294
2990
57232
7783
44103
10334
60473
71963
16428
53257
40203
96069
30476
45718
94824
85649
57674
20757
95234
13717
24350
32705
18825
47642
65550
73905
38648
39858
10096
41270
38101
4389
44259
11684
12171
88361
22018
88996
76675
54797
58604
33229
50865
89079
95298
62040
74727
52972
82797
69960
66688
23498
19017
1864
71139
918
92121
26138
40776
2216
67408
78876
22956
28018
90560
35127
32731
28929
40474
25757
77
15429
75338
50941
4508
70635
12980
95586
39958
12128
81898
6645
35625
914
24861
23115
1831
16981
65605
58958
19196
33012
37834
42151
77381
44745
93629
26463
90025
50454
52220
90101
65883
27557
41041
86742
14543
70372
82327
54501
98852
80576
77497
50828
97841
2357
73943
99672
19337
55899
74981
54884
88910
29166
97035
82642
73910
7015
9105
80286
57469
77676
70386
23351
21584
27778
10092
36126
98150
8770
6978
13353
89346
84475
64180
87186
86831
54474
3209
6168
10372
78190
77403
15633
23707
74437
98275
97617
81452
23731
94254
55272
17758
64640
78622
39341
92417
5065
91818
6918
13834
98796
20270
19531
83270
802
6717
86452
55275
26277
8971
65647
20818
86374
81279
44525
60810
95905
58493
58613
35987
52746
13884
53744
33737
8857
93084
26154
13921
1254
49423
44107
49
86045
63637
99670
86846
86705
86121
58472
29334
95092
24118
50151
81465
21749
94675
58626
34005
69519
17239
69992
22265
47474
23735
72353
72683
33171
98506
2955
34424
64281
47061
34472
66677
27050
34141
53522
30106
20261
11993
59439
31704
52463
9590
13168
90563
20616
88146
24567
90135
21736
10910
28751
85561
34645
1103
58243
67815
15961
77550
2238
96593
24610
53061
63269
68011
3553
16790
98117
40165
45134
57555
71869
13948
83496
1388
20862
4112
89533
61781
10598
11268
72690
55700
96829
7334
56802
71423
91500
89114
48972
10089
85706
89934
63149
48974
57944
66701
82115
72412
6866
43601
46319
95086
73900
29814
96473
94762
50277
86006
56542
77226
13625
45583
32925
26805
52917
89727
98228
60768
95192
47199
70857
80898
37132
34005
29871
11428
17058
28338
83839
23923
71938
30157
35360
45837
76323
31832
56950
42951
34189
29843
20177
47814
75426
53101
74618
44694
59179
72845
5461
54371
36396
76317
51620
73527
26674
97842
84954
43731
26179
85145
84005
14468
31653
19364
76657
24327
67547
49958
67278
1736
79801
3806
65901
55226
73258
40518
99919
32437
29715
5379
3159
66110
98048
71130
55988
24721
68971
57294
84803
11502
58790
85159
42321
90442
4522
18977
31121
88420
68935
98398
90155
65087
18555
56055
20312
91812
12925
36582
24248
58991
58312
43758
25100
56359
14887
97439
97431
210
54732
98585
11711
29873
83743
54031
20315
4616
89360
51435
93036
58294
66184
99542
39732
84738
55597
60043
76549
84873
12976
17149
43863
71287
77258
85314
43998
92145
82752
57780
92354
53836
72717
20416
83708
56459
74446
20374
77427
63805
88160
86814
38450
70695
86355
78181
55432
58303
54575
48333
43175
83902
81833
3389
55189
59090
88702
15538
51234
71454
89669
59939
41641
62385
80354
41700
35196
71152
62074
12622
51308
66585
99435
89758
37280
85789
84290
9063
60444
55217
57395
3618
39118
55579
23359
10658
14669
12060
42547
82254
99865
32216
58545
41505
94600
38898
83205
29795
26401
61630
58768
77709
28214
58202
83818
65493
60343
84459
74556
37138
39675
48302
57107
95145
3881
80465
5802
18549
92525
48349
17154
92389
96916
75698
50246
7867
30948
33450
54014
57348
95079
12781
35056
39644
87335
18873
5137
64029
3332
96044
1166
59358
44345
58272
54502
48225
55089
76656
83125
47613
41356
279
56353
38271
75976
6598
62489
6923
56399
16502
80623
67829
45635
15678
7473
32969
50903
28961
13349
70586
25004
30866
46295
69348
5489
17149
33925
60577
93804
17049
8189
35159
33679
80894
89781
26007
87491
52269
49281
43890
85123
29903
11718
30757
61933
35542
80077
29187
64502
9777
16124
89505
40642
78770
58853
46130
95918
9129
6707
89721
42529
31247
41231
76208
12140
31011
18566
15983
99632
84198
59872
84754
14101
87941
31862
92385
23483
11938
37923
87984
21714
54046
77489
78707
32815
52693
24836
28733
78173
47894
34805
20701
95493
76036
13260
23984
23398
48177
39966
39381
32375
16189
24134
46475
20482
55995
55211
43964
84284
93133
48299
22349
63530
42139
1055
12696
11183
25891
57780
89355
90136
92585
26408
85628
84972
39667
9612
24721
87844
65929
64102
20218
82118
88235
83044
18951
60582
54606
62914
61217
47738
27564
83566
27619
86055
972
40314
97237
26862
98094
2944
33350
7030
29351
18977
92001
85369
44940
16721
73212
27221
97174
9781
25690
1761
9176
44640
78694
80133
23905
39910
27870
51468
39827
71840
37522
40799
12154
51111
84012
26599
54054
17361
33628
83404
52690
41980
68772
13981
75052
58336
41201
72226
84468
66890
73986
9996
11529
52679
90128
35433
8940
34350
3253
48767
6189
57126
5917
34694
8236
89928
61292
62289
23641
94919
62044
76330
53250
47168
6662
28302
21855
47863
16879
22674
31104
7216
32669
58985
59894
39149
10769
85185
73498
14021
50303
96038
87499
56219
30732
95734
46147
92023
74375
86139
3294
36418
62468
72895
99937
85481
1196
21791
33343
34426
60817
80799
41641
93485
56135
17886
48985
66903
3071
38834
97276
53373
34872
84774
25944
81955
96859
88442
90329
71233
74580
9974
24003
53399
82869
23939
38879
416
62082
88574
34842
39250
69372
76482
32734
25506
94368
98071
8760
13790
36904
6035
83514
88127
7160
9457
70081
4019
14250
60410
91603
88829
86735
15605
58579
69603
55896
97458
70019
34329
2383
4860
73578
71754
97693
22663
13611
8412
20733
38722
22201
73989
61109
5715
62115
68268
31523
48548
88638
45773
25309
80241
50953
12043
12197
9532
81646
68092
23341
68016
18772
25723
89227
92349
13828
86919
31364
43790
95331
68448
82511
33883
42436
59971
39597
20903
28239
87472
69450
33228
49596
11110
13468
16900
23152
42017
42783
21149
10108
66123
5516
45232
8197
94742
53932
22024
98013
85295
82165
93343
70095
81028
43577
12530
40998
99526
49784
85588
86997
19233
18816
52944
46694
48635
69843
69846
90651
12626
7346
759
95100
12862
62342
3297
23955
16273
41672
21967
17920
23837
31661
88014
21216
75238
16895
62213
74763
66679
47801
78111
2263
66616
31054
48957
15250
896
35154
5901
13521
42499
23011
8621
71712
1704
28269
95667
17976
69940
33985
52247
10128
65646
56612
31343
40883
73507
93556
31997
56537
57708
10107
75151
40675
41160
24107
55924
58407
75612
78176
88280
34463
17538
96900
6174
19241
41520
18192
53569
11459
52177
22167
37939
34174
78779
69281
91408
68637
79188
23404
25173
36895
49862
323
93921
7373
40782
49845
65779
16393
44372
70410
67207
61910
83661
89733
97502
25180
7924
51070
36639
76452
73237
90929
10625
68367
60209
18384
37003
55749
41787
78527
8995
8000
95201
2916
31724
35982
69112
97503
68727
13483
67912
52285
91744
67925
42017
89246
93104
66293
56667
46094
42744
46255
37022
69721
14621
97231
88104
67975
69331
46243
46501
78325
70594
58054
81240
2318
10387
66703
16172
95465
80186
