10000
12400
37383
99292
15510
48521
2117
40227
67060
92210
93520
87600
22710
15334
78082
90361
19919
65953
52840
87192
98008
33275
23400
90899
31130
54341
945
34987
27014
61887
68697
15232
74287
22431
14523
6148
87304
32991
62726
54363
25201
56245
58314
64262
71579
36395
70974
7849
2347
23813
11392
16707
73439
34792
23957
4568
89132
24901
39554
32497
3140
24602
47728
77426
47033
78603
99925
50688
11593
62650
5050
36793
18894
63363
17407
6824
16109
88380
14673
34807
28545
42416
51513
1983
77207
91821
22903
82690
33074
78808
31539
36213
3410
79266
13638
66794
74220
13562
17481
85813
92563
22530
38957
11456
2244
72715
34632
18352
61095
65656
53158
89639
8071
21023
7973
1630
12843
30875
671
45916
9683
32209
82128
29444
27827
12117
12589
2046
42030
30069
4210
34592
68950
59519
62400
87545
32233
97031
5896
93327
79038
59053
99317
3460
96427
7290
5089
9270
54516
22112
71537
64198
54320
53665
9993
82146
82133
22581
84192
24163
69001
4753
75106
54302
64271
37505
41846
96504
50887
47741
6182
29924
23146
21851
49736
35924
45492
54824
45193
7
93287
16730
80557
47607
86746
90549
29752
68878
13130
30295
9392
82130
51400
84498
52784
15670
22002
94629
28525
89241
42370
51059
35516
81867
72909
85251
17790
18400
56427
79335
34758
49713
12416
15314
97319
99161
5863
43423
84390
35344
90069
10134
33825
41468
94631
86608
73490
32984
81237
2014
22224
39958
53072
74092
38176
42332
59342
55965
77083
32120
51651
11841
98185
64066
27154
11855
79578
49368
55277
80320
84711
61698
90453
18536
19517
1435
21495
93006
34418
2731
11372
72994
59040
80795
47085
97215
23127
22778
69532
209
71250
21182
12049
69434
85248
55555
81288
81177
4922
52917
77848
89633
30966
68300
24520
50482
69734
46014
59840
20504
65097
71211
9849
24136
52005
73285
21351
91483
96062
90882
8044
83663
12063
20092
69448
13662
91998
50736
11191
96920
20004
89038
2904
50969
73690
27423
17802
43423
89788
77641
80278
54884
65203
90126
95372
33560
63410
16722
25042
75824
23955
33085
59486
52369
69529
28934
82383
61526
96021
93573
58445
16024
98962
77700
83344
72651
21474
1145
32426
11262
95138
12703
82497
60340
19181
94220
93899
82590
27293
35293
74765
51247
68377
50603
19968
54257
79536
2350
15783
91908
12274
90579
24283
11235
68279
7626
238
89752
25122
49015
17365
36611
61717
16214
96951
97249
10433
7201
79839
37726
42493
70955
5324
27222
21557
25291
81478
17444
27640
13612
9351
56265
4191
49985
83852
88821
73962
441
94924
99084
49455
12289
35694
27523
44854
48996
24772
55286
56197
20962
9363
15041
91916
14687
42262
13473
39977
40092
30916
83969
53703
56619
40233
57893
6603
40436
63065
80565
40876
57989
96000
90330
86629
48045
17853
31482
97041
42624
86767
69589
79937
96130
84629
71852
27168
43243
1676
67144
83334
32592
67464
37036
5562
24049
11281
12164
64484
74345
92728
21712
48685
5079
12041
35313
53124
46245
66794
50164
5220
69913
36104
85156
82394
37084
73360
9561
80326
75035
93056
80011
23978
76872
33399
29539
920
61031
41703
81755
51727
50782
3466
412
55861
31859
52076
25336
78103
18870
91851
99675
5134
27954
84830
87527
65037
74541
13439
61715
49576
22846
58077
73553
99717
91475
19444
16988
68857
61146
15095
20584
28279
18560
37347
84139
66770
89422
9474
61225
8291
17676
60899
13424
45629
62080
17302
27018
36621
30740
5084
86196
69938
63160
76100
69654
70987
95543
86642
39843
73040
1736
60426
1319
36647
97772
1809
19769
3546
27635
80993
11836
45310
58243
41612
7291
20322
75265
34308
56942
22357
39391
59489
92294
2550
51941
61947
89888
63835
64940
29731
36875
83027
6508
54545
36026
20632
72705
55794
24177
339
53138
52364
62001
11380
93975
69291
48053
69240
19950
4995
91596
59340
80835
241
78241
49127
62187
68129
12962
43479
14211
49836
42857
20718
20732
78882
57701
93436
51027
81877
10127
20516
34241
72127
48247
44567
57769
96300
30158
77718
17646
38105
53409
14832
38345
31649
63959
16884
16129
76920
60362
46691
43107
19570
83761
63838
14804
41461
57273
65830
39690
67399
2698
73930
55877
50944
34848
13645
47243
65006
91362
81240
3110
44770
96072
57807
92771
60030
74690
25251
36949
51403
71942
80055
70972
55702
60244
85775
13514
17516
67957
53203
1267
70654
43484
57143
37949
78332
70788
1544
59689
78501
82783
62798
23271
78854
36956
32393
55235
11645
57643
92183
63047
29584
88589
34019
1637
48832
19793
31503
82700
87749
1057
318
74754
44541
57460
12703
39224
44599
14246
98912
39452
97028
78061
62722
92234
15017
95114
47468
26661
69108
56003
6060
98692
44591
40078
16680
9775
76222
64534
8826
63971
65591
9143
38724
10131
82954
51426
65706
43905
82023
64617
83356
79051
59029
62429
71284
74045
73894
35103
17058
43001
91105
39469
58044
52048
79546
91076
78174
55767
55609
86999
36089
21199
12493
91165
47681
11798
58942
13386
55702
40965
94354
55409
20015
53383
17837
7650
43779
91730
59104
77188
51083
50209
16656
9126
2256
12553
201
96781
68320
55810
83779
20760
93360
96271
11924
41041
8068
70866
70778
80122
28182
65132
35530
64548
34866
69719
72197
78644
77800
47652
72184
28882
97860
88839
38008
16467
1392
54560
13247
86063
10369
13377
6822
3729
25999
35098
61121
50419
22315
31898
30540
50496
13381
82421
15043
48246
52139
3591
43242
46291
51242
15425
75172
49102
20615
29531
81920
38358
84091
11519
40772
94459
24895
63946
14539
50894
99043
92011
1312
21357
23909
48203
71852
53641
46975
3246
1887
15466
6836
61480
61756
58077
93256
36927
23530
30222
82810
5450
68580
66900
16968
25703
77710
58214
89648
8601
9107
5042
611
26770
26398
40871
91324
14601
94512
38299
17846
96398
53764
24681
74229
15519
99110
67484
68797
22639
97705
51606
44440
82636
18505
77759
8339
12567
35973
14338
21167
61431
19380
21777
4553
62129
62648
95876
93082
57159
34174
27279
69908
87937
68312
44136
19807
67421
27971
88604
6411
25675
56561
50851
24663
91418
28609
49353
3984
80933
63690
25150
58716
99421
63278
63268
61550
25925
59143
70983
99435
9669
98261
85694
13957
66572
46181
33764
50344
74151
38719
56755
16178
95279
23957
40840
86696
68917
90192
90679
66202
70233
32180
24917
69654
95458
88184
47555
37734
63678
18537
37169
89698
33149
22862
3655
16073
69043
37418
82768
59545
92488
55874
75722
87766
79830
32913
90814
65099
23104
97844
31300
9689
30024
72568
79342
41833
60751
43248
79566
40780
78136
33086
30478
27636
72300
50484
43708
57694
4253
42828
17238
96740
98701
92960
857
94883
42224
91670
59981
81680
89514
7632
91368
35889
80199
87061
94073
57301
30308
73638
98080
8443
23076
44909
36078
95375
95392
96138
53068
15996
38965
70305
12735
37665
79616
29944
32547
21840
21613
8879
3519
27478
16510
94886
79718
96708
81946
73790
54008
28605
63780
68440
53399
86855
29700
5828
82229
41444
1965
35296
57439
57281
21952
70174
11298
1568
117
60196
39759
38081
69075
43277
81911
1936
54514
61628
98644
52811
51770
69003
81415
15549
37442
34813
2403
83494
40640
983
24937
58957
52630
82375
32589
74581
68900
43886
76148
85368
4082
15906
39801
89508
75534
21711
91443
30047
99690
90086
82857
51459
75441
80623
67007
29234
15435
85761
12727
72427
86743
37663
47735
39372
36390
80323
30305
5289
24209
22804
7009
44642
55062
46809
34149
30595
68519
25591
76994
68208
32029
59850
36019
7469
56825
3025
53054
88611
5138
65781
61037
8232
19795
25123
63956
56184
5446
94260
77825
46006
17063
84833
6999
72124
31641
41147
19071
16511
83089
96064
1070
15117
72265
37088
38937
29089
40113
91991
17700
61602
74123
95088
69833
93917
20211
50140
66453
42008
44399
60629
4365
77814
45461
11363
66289
93453
52509
85359
9963
35597
97774
27384
67066
70039
64472
22354
15479
20936
14344
33178
82537
4818
44618
68721
15087
64828
18861
97891
23187
79611
58519
27551
73776
20331
38913
40065
13783
7773
41775
40097
59721
55901
67480
43138
25939
31951
65492
57769
52886
96187
90947
51774
17357
51916
20495
32443
16743
55707
30333
56281
51669
88851
83831
25445
9181
39095
81861
39315
63219
39987
95763
39291
95887
63242
82429
21825
11545
64272
95946
80782
60458
3244
48908
77814
55159
85754
26608
71901
41460
56940
44533
93128
62142
44715
34924
87674
83809
16784
26988
63379
73123
39102
2669
69009
18696
1449
7186
30240
65720
3131
27373
42530
6374
76280
36695
61532
62033
63303
49784
19844
36594
94316
29324
98736
39030
64247
2761
39190
97383
46101
18920
70505
85202
21588
55865
3897
39389
63050
50488
5108
66180
77861
63989
88905
70492
684
50436
48877
63986
219
68720
579
10886
14395
15666
49915
78642
18427
5456
92376
64527
24375
79232
49728
62315
51448
69977
18055
14498
20464
39514
97029
14676
3503
85934
1520
4186
36369
50396
84523
52940
35467
1453
63825
49862
17119
30092
44855
35545
51899
53582
16423
76274
49165
82502
54940
612
52478
72994
15109
89294
12507
12138
3969
16009
98071
21840
36546
50791
72235
21068
3730
24054
38873
83907
73915
55991
30350
18769
7887
82248
88702
24309
58521
37866
23162
29812
38477
75640
19157
53586
64933
31664
82075
85253
64024
96497
7093
16922
47287
95679
54341
67369
19732
93213
67627
9998
49203
97976
45118
73441
80223
33819
14101
55096
71684
37263
84907
10161
29254
4064
80098
10538
52079
78524
95790
32454
75020
19234
49375
38658
31265
3716
22378
50996
96928
90004
60994
62483
87979
6111
35923
68202
56282
66376
39649
27965
3638
24555
54477
32891
44970
50926
43428
13400
29449
55569
45854
20820
91155
11580
59478
22419
15295
98207
89766
28575
88211
67111
7409
92541
89574
59683
77094
45855
26058
16742
90171
46047
57649
44648
78937
18970
11925
38716
32370
41374
10637
78223
78545
18143
89802
54374
40561
21449
52581
46678
66375
40791
13789
90135
49683
3362
49817
26777
65568
92227
59870
55738
38273
17518
16737
33562
36488
28662
88629
68857
86387
99265
63431
64931
17407
69584
19305
74319
7384
88237
20997
73758
45379
51137
63892
95061
70850
30061
21837
36417
22287
98059
92154
76911
15576
25243
10472
68415
53904
99101
37271
40290
14717
17053
21572
48476
86637
57228
39146
10372
45464
76494
84130
90842
27630
64373
85903
98479
10785
24091
34895
49423
22149
43401
26334
54077
68643
53157
22491
38898
68609
76114
95539
83326
93166
17110
48153
96154
74338
3650
6526
36153
80144
7007
26995
7773
87731
29249
22604
98516
69691
57498
47938
8192
17250
90623
62268
85892
43780
84758
24789
12388
60871
36679
12065
70389
53789
60217
66542
44478
63867
89419
96982
60362
96425
23976
68134
84156
69576
90737
99023
55619
64587
46960
63810
81836
53935
26077
84080
97714
27186
25220
10101
4409
61899
22166
74797
32039
98734
57690
76516
78952
47109
73497
39313
59885
13825
23799
44040
99752
14535
43062
55370
95473
6374
35531
77309
76660
61607
77740
74373
5145
2959
825
9553
81209
39342
701
13247
54428
58390
89762
33379
21850
79611
89044
81735
9787
12842
25774
25890
43728
85188
81260
39201
7913
16790
32861
924
94749
10600
75296
16245
29910
92472
42149
11119
31814
42849
24365
86241
17590
30479
35971
39440
26441
25014
21174
36227
37855
63299
62116
81583
64838
59727
37135
89102
92869
69995
90025
87617
96946
81672
20213
26855
74144
62361
54325
5957
5209
78690
8549
39150
25520
44519
78589
51960
69533
16114
88186
7387
95765
66653
5321
60602
26380
42455
66056
19248
28801
56080
23216
25746
54104
59780
68953
28247
22140
23277
50555
43700
18318
59103
82849
43837
3621
61438
12148
89505
93903
333
96892
89667
83338
18564
50269
26069
77371
32676
61668
6171
88755
84883
48269
59210
44662
17221
87456
83153
56849
38010
26852
91519
13464
9700
35355
33437
87489
63855
22941
81392
80539
36184
71058
63876
54748
37678
89944
48470
70353
51611
54640
75460
52845
19260
34669
13858
52832
22125
97010
9681
76486
40213
17551
6302
49913
69257
39738
37401
33111
62678
35144
13650
98862
6202
77525
69961
60231
83821
18430
30584
35431
89421
22395
4628
8681
57063
34837
77864
95539
31847
87544
88377
72059
21446
94678
38323
90703
34415
92076
23813
13444
27219
37462
12305
49772
31339
98617
10003
15159
17046
56938
66941
22819
95684
87920
31499
52746
22757
9362
48285
70955
13258
53013
59365
51055
47690
97688
41757
98456
89763
81922
11899
33333
19383
24204
99457
67073
22820
25811
98583
56218
82748
81876
79036
94783
69795
26886
47528
92551
52599
12164
79857
82208
65176
39222
33263
29217
36909
91371
27672
43023
73292
39571
92707
9027
80126
92163
76099
19297
17973
91034
75514
17072
72909
70901
11854
42703
14138
75734
51606
83089
87897
31462
65296
69425
70683
14910
98641
23943
22633
42665
83317
95924
82235
76024
4950
62360
68186
97401
81656
2511
88434
73522
19582
61342
44422
47788
20396
74912
23521
72001
58000
27769
19815
39647
97193
90497
70909
12186
30792
93541
54850
14108
89464
37084
6483
10766
15795
74669
24518
97450
93531
12951
87323
13112
90644
48097
77251
11039
23008
771
99392
97359
28540
19206
37005
42084
26054
7913
54269
73197
1453
9118
3657
7269
62553
10139
34386
78347
1159
58903
92149
94689
88205
79471
24153
95200
27567
1403
22590
66926
18526
21981
64284
47065
57538
1289
89148
99944
25553
59769
73140
43358
68886
76796
50626
31439
86935
85011
9785
88093
60265
18285
99134
48469
97756
23286
43668
41674
41040
66257
24952
59565
4590
89235
6629
62127
6875
12129
78422
32428
71897
51562
75785
57134
44709
42762
88572
47995
27772
14709
52440
4388
32993
51573
52856
47100
91210
12875
5126
32249
79131
30077
8166
72
19311
31146
78551
42538
43274
56972
91317
31522
24885
83453
88656
85946
26214
93579
33940
70337
24639
2731
74724
73984
54303
43931
21083
61864
56805
42560
10465
35935
72636
18630
52359
8299
49775
30909
50836
93049
87880
42152
40922
29117
25604
29577
15062
68169
39508
65353
38505
64146
68084
29580
38129
38738
73510
75564
602
30314
18123
11066
82600
90759
46047
34958
99057
95821
82218
66244
5221
86450
8395
46143
15566
50350
92071
46979
34870
31578
12331
89726
95724
80414
19305
33852
35504
9166
9415
36105
39479
27538
63522
38430
34648
9568
89740
33704
5388
71957
16299
10609
58406
41045
73103
73971
91394
65173
37301
42615
96751
49632
32340
92474
46397
67996
42677
98252
77161
52092
34356
32991
95981
14229
71420
30628
40148
61159
80683
45536
33116
96981
72496
7873
38025
45598
98196
45770
27122
35496
88384
23872
1479
37075
32697
64228
5070
75374
62479
98582
43817
13187
31572
39797
27415
19343
86776
67563
80502
83810
29450
29969
80790
18297
37841
35166
80246
52388
80935
7367
87884
85670
47591
89362
39096
80287
69941
60517
55660
32420
59098
15828
45606
7021
55624
89372
26363
58751
73286
23216
42560
2735
69536
23349
21031
23729
74866
1276
76116
55800
24995
63999
57821
72585
69713
96916
52871
39653
73784
24883
88424
32881
40710
50381
39901
12686
39753
82616
71436
13038
5831
13996
32125
91719
53696
53155
15447
28562
70783
91562
713
95777
71913
74886
68361
57977
88153
37583
13981
61937
62465
18757
11169
19527
69137
67422
32212
8889
50037
3647
38279
72219
33994
70403
63937
87690
39909
95735
32603
10691
87297
33315
22819
75561
24552
7531
49889
12705
45114
63869
90993
23930
82625
2161
43456
68114
69582
75667
77002
19618
95666
31632
91837
29659
2034
72125
33700
41943
67860
66302
68985
71508
15969
91804
63420
40520
15686
13308
69576
77151
93528
60568
17433
92505
62729
60888
60618
32310
52907
37619
51928
64924
85603
60116
94582
87636
48592
28282
45930
32803
94583
14915
4310
26903
23070
84081
67423
55107
97388
36998
32258
7268
97566
49690
99772
60294
26929
60389
8955
96187
14359
77234
61110
99961
53701
55692
3949
2293
325
49878
35095
11259
81144
55757
38162
20565
39837
5584
75672
53577
58933
24281
60844
56498
73970
76967
33143
898
37355
42098
97085
51713
35683
74546
68026
89384
30237
71974
91676
30561
38203
43122
41820
35699
15230
79981
56263
71419
1916
48286
41347
60848
72566
18542
33698
46535
95508
83192
63785
32862
41641
77221
926
77324
51766
85303
66707
98355
57276
74734
28915
11831
17855
87086
47529
49437
83418
20143
20855
1685
68429
78553
62533
40994
97094
12582
87529
92601
95773
67665
41814
53766
44885
59091
31089
96650
44394
97795
95004
18021
88880
40271
29851
6734
43708
93731
72522
43478
13874
9728
45162
82302
88280
24046
23295
85373
36627
27175
94325
48752
94839
36138
2517
56075
95229
49957
69077
39622
64103
64080
73994
52982
20702
3845
76067
80762
13927
48589
24239
27800
58316
69400
10101
62948
93446
49748
64672
46424
76922
58997
11527
88113
11486
30395
44187
6714
80351
13263
62687
44453
93695
36681
13786
30748
56877
89853
11509
70803
38441
35747
14955
13108
21499
25055
92407
14944
91154
57079
77719
68076
16075
89246
56188
43912
19640
16726
50626
16343
29989
29664
77147
23683
82696
90933
54430
55924
80785
82291
26727
35577
18037
58033
65036
55887
83087
57443
70830
90593
14521
64901
58668
46947
70498
31207
90858
6489
64284
57835
22831
94272
87499
16330
34306
86546
7262
5088
42470
88046
87378
85548
39974
21766
43580
5009
77653
43018
62451
64834
33610
93323
29734
8629
40269
231
56187
47479
23072
20471
5313
62254
14742
9163
78583
65400
95709
85844
70487
54530
90241
74216
40077
30214
95981
83656
51575
73633
26673
14025
38467
76635
23700
84552
85263
80320
1135
41450
27798
24206
61920
49463
86459
93013
58625
65042
74764
70685
67237
45250
41566
57478
19465
81642
4043
15446
81649
55617
5430
24674
85994
60248
1308
9693
44800
86570
6364
45934
44371
34162
86491
22642
99976
72949
15655
74952
54342
90418
45637
21579
52020
87202
95408
87836
85196
15802
19633
66844
71419
25063
91517
73764
85310
9176
99808
46461
12098
6171
92394
56468
40332
95236
79110
40307
84537
11116
15259
38878
1533
77247
76808
69904
80800
88567
57740
82347
4369
93724
49191
75787
18786
57059
65902
20448
82587
65709
66908
94684
71879
75654
51151
28563
87241
30260
68869
71777
41375
479
27007
59260
94077
3814
45515
91229
92381
19606
73575
13101
13330
39117
5239
48467
96176
71140
85266
95114
36848
68526
89797
25078
44179
57299
53640
47771
87559
38861
19548
45285
55691
46554
20896
49768
66719
82763
40996
75451
2368
14570
88551
15697
53687
93789
80516
66214
81280
65781
61327
18127
34306
67475
59557
94836
24773
13196
42607
28683
52056
62154
90320
7747
25059
11215
73866
91777
93977
14861
67228
12697
45782
55778
44745
15820
65919
25260
98385
47198
91041
76063
81677
25346
43537
41233
36534
84662
70780
79140
13344
22836
57645
3663
46934
82703
31230
20799
74479
41558
52011
41706
54254
14144
13836
98999
46316
79754
24258
44700
26951
31650
20763
24979
56996
80651
66211
93529
65312
36991
89020
78656
76178
46664
98670
39463
29366
29899
76613
20196
71457
44975
78254
25710
59118
92089
41060
5433
71842
65318
66485
15144
96967
87247
56475
70314
67897
22685
80194
49561
76027
69213
28216
68556
32228
26885
8018
77945
73136
84630
14493
44592
29604
92746
86653
5074
84834
27713
10506
73027
9382
93342
4522
22700
80588
60996
93014
64837
33
89559
30749
76059
75124
58964
60967
23703
2200
68984
1648
75335
69966
16140
36278
99569
25237
22931
20994
10070
66995
47852
99448
76376
41193
3969
99075
21781
81317
8440
2969
81349
14351
33717
73759
89474
9032
34725
13176
27583
3709
31175
19270
90026
63666
55547
89594
88902
94829
10588
98971
61823
58439
14770
54550
99631
18739
69977
37763
16407
78416
57083
97755
92766
7151
71513
98591
16182
6238
28119
60117
26298
59293
79386
16323
22959
51284
22268
11860
62465
49207
27183
40639
23997
41952
11541
39980
77042
81517
94094
93448
76284
51177
91202
69050
58327
79067
83992
90861
1656
12110
50977
44305
71403
46714
60627
10713
14349
99246
22572
93165
48453
66106
33804
88801
8058
45344
28780
1451
26860
22874
11251
3143
90402
18804
88544
48728
97870
88888
55940
15877
997
23268
60181
88751
69981
37159
99463
682
36405
22035
93846
1209
4492
27649
90009
28901
89344
18789
30352
32555
58014
41602
52050
48415
76757
56945
13494
74627
45832
69434
6855
46829
92701
67036
35579
79034
4194
35042
79715
40598
73428
73560
58158
77919
17561
48167
6820
23256
83307
53523
55811
57672
11476
7860
6086
88232
64804
19579
79210
10636
5364
86065
73816
98065
53100
25746
93450
73645
77139
73164
14243
50566
63075
72400
44837
96987
36918
68008
36595
36576
21530
92405
94247
49357
16616
332
37588
97771
36263
33150
24758
41626
35566
98573
56042
5017
40671
65843
78661
17809
55358
9255
68375
34785
98007
29563
31771
34924
97570
84717
71500
35451
77121
82098
84807
10088
82430
38746
7859
35044
88247
48968
93021
23812
63893
65415
28828
4563
31257
7489
22371
86615
16743
7097
21399
14749
36659
69521
66025
50580
54238
53876
2382
47710
35973
87188
74150
34754
42286
82008
69797
46884
47327
79170
70696
11219
44584
15875
15781
75840
23363
54504
78806
56458
61600
16556
87558
14611
86077
53582
81542
56666
23809
83924
20727
59782
87463
94876
94535
29748
93235
80684
76632
40562
59853
63679
51780
4436
79553
83913
96627
19268
38416
91785
92077
16367
8340
79634
47329
10768
49568
28871
83785
73376
12794
4512
33157
256
15739
44044
46356
8974
24727
39339
49535
84579
3017
17666
5366
98921
17930
18344
18188
72697
10128
10264
89064
34820
6250
36392
61939
55817
81614
45724
45544
94407
66587
95053
94663
82325
39096
57370
7650
80174
96708
73536
64752
16076
7554
86469
14996
25483
21164
49536
98180
47644
76151
3595
82463
82400
56338
60753
54568
37952
6476
112
48710
89414
95164
43372
88091
50611
17093
12092
30784
13800
85628
11887
29875
9533
14707
61223
35015
35870
10758
49546
83513
86908
69492
65975
85660
25830
43080
40227
80133
65907
56690
28842
55321
51853
88566
59763
18815
5658
71854
65950
35810
73833
77836
65684
83365
92542
43258
34732
28412
54015
629
28276
57275
70121
10603
42934
12302
53682
83160
8786
19588
39850
37627
74908
8054
42544
51022
43221
48202
39228
9170
84011
13060
87006
66046
12777
95899
9304
63860
40662
79670
64488
68938
36944
50960
79540
79877
63261
49573
63037
72046
69160
19238
26025
60420
27291
68568
11441
70511
33121
50668
96033
33483
80080
99390
15881
92856
95288
25184
56715
52302
21205
37554
37591
58149
88514
33482
38025
68126
83054
17413
40172
52213
36650
82548
12632
80293
67467
40425
67155
588
91092
79539
50422
87523
78928
66302
80378
74216
7837
53444
42869
29042
7350
80459
3542
95863
13940
41566
63988
13345
75331
20511
65557
28332
19410
94541
8624
86877
34965
92131
3816
42408
71669
70589
29931
50597
36891
26660
41164
61079
96456
84032
90120
3805
80842
93661
16019
11133
51579
96358
24477
26909
33221
6385
55240
52630
925
80216
55858
52241
88698
76025
11001
76718
46614
40931
43666
83504
83942
1181
44582
96749
85212
51054
16905
82405
61066
32923
93537
28996
45633
18013
55904
78853
40750
27496
47834
41674
24063
3692
10267
29112
79716
21267
5829
42681
78549
65847
26184
78842
67027
87118
75591
52239
54523
92495
50995
31940
41770
44532
60936
3754
78896
33191
82606
35997
77038
46791
94023
1100
66834
4289
30211
62902
41907
52392
5582
36807
18238
48118
15648
85264
35235
91238
53854
6109
85
4849
38048
58206
65732
15335
61959
60979
48526
60916
96976
25563
7706
90998
43015
74540
11638
89577
37441
53544
41968
43022
90350
76557
91139
22349
78173
42725
29939
32026
48833
30023
53226
3233
4580
35309
18567
66538
12640
83444
27453
25967
9007
35158
33316
68373
26049
44953
57949
63489
14848
16269
22863
21549
92825
14001
43897
87349
73078
73835
35727
38262
20209
88952
41494
24788
40613
76413
7677
69604
76208
35129
95570
85214
86639
28885
53586
29039
90189
27887
8880
5036
44155
31742
42936
53331
62094
86832
40680
35171
77019
76406
73433
97227
81709
31278
38367
22321
24042
46043
8276
250
97524
3845
1815
514
49081
71753
45904
39269
99639
54783
60656
43793
86524
3591
97123
48618
90423
54154
83788
83793
30559
73572
97371
12268
4850
35737
50940
45243
98132
59216
45492
12007
79412
47307
28872
28493
35411
74775
67761
35049
29558
28417
95193
16081
32007
8667
81050
38781
62821
81190
22573
93379
54761
36296
21998
75962
72032
72938
21205
86515
48505
66696
98521
27916
30354
27392
72760
65764
18519
40521
17164
48076
85289
12356
80508
33647
21023
61558
72428
83843
42747
11352
93573
13859
47647
15571
89821
36031
4860
11025
22545
69716
94072
37418
97631
40778
81161
70391
22893
99679
27263
40057
64106
28903
52412
44614
62549
89786
22523
51328
89980
81621
62680
83553
95479
26678
15475
1651
62708
20334
29027
1605
6401
23099
55374
4031
80228
36534
90773
3120
52565
34387
43176
33022
63289
11940
93987
25838
1725
16509
77165
91705
14481
56196
91609
26312
82874
7083
27962
61933
43768
56989
79889
50168
96439
35262
70550
76666
88148
77675
79785
57064
12061
39313
90085
75350
51252
84072
17539
69328
16932
94703
61032
31413
67251
68992
57724
50124
92426
2037
28408
52545
75377
8297
19064
88167
59910
5966
64832
48057
83640
60969
5120
12052
281
11557
87401
67884
95628
21291
37211
12559
15994
14595
43971
99596
83586
18046
49719
92364
36435
94478
44908
11811
19126
80324
99978
79036
86289
81161
43444
69928
58481
64916
81979
58761
76472
85732
26644
72099
7022
80207
1009
39367
94801
61332
38962
94738
95729
5032
87101
32163
99510
48361
60326
18635
28684
76655
14022
14972
57815
73818
84899
32648
38733
83229
91408
31556
68960
34404
20006
92334
30962
21014
31700
25762
98697
87014
20499
94426
92045
23952
26588
91554
72312
3265
26541
995
79919
56914
15966
54086
30731
17216
86733
85815
16796
94492
33722
2108
28895
53727
94441
59856
91093
42492
1969
89789
29505
38820
84214
21550
62771
27154
29455
51434
30418
72347
52428
26689
29261
84745
80774
76343
18312
83858
78510
35107
78349
12231
37214
23596
82310
48006
99803
73402
90498
1772
79542
20002
56943
80108
57903
19713
23613
3710
87498
54030
76056
39925
97070
21668
41021
77843
98011
75684
61700
76520
27142
56401
5102
80708
79996
87411
28713
79798
60812
35562
97921
56706
71916
54863
36813
29818
90927
76777
33527
78424
30806
25935
34700
44228
47602
92072
22070
61964
67755
122
54835
94897
72874
59937
91956
52869
47347
20668
49018
8159
56230
63291
81216
44497
34505
18028
74314
25432
94804
24193
20207
41961
50127
71259
2540
14080
63330
24610
76044
47437
41083
30878
58685
30308
90814
50640
83176
38161
87659
48545
62671
43888
11835
43886
4736
46340
78265
79050
88123
73068
19594
24681
31380
69720
95939
33920
83799
59269
74881
76194
23057
32315
7072
81741
62622
97885
32380
62149
52397
20038
27045
15067
80278
38880
58952
85013
1571
37216
80414
6045
26635
7
30725
74367
86078
43016
24638
86229
18636
15870
62422
41692
48184
85845
23432
27157
82
72163
5657
52478
8552
32701
67545
88829
87932
42848
90194
5854
96416
70607
11898
23050
86966
58975
13768
89395
18342
38405
91975
36977
54274
54397
78668
18809
56593
18451
45965
56674
6965
67973
25504
15516
674
9400
4345
88605
52247
10890
94459
48662
81496
22708
88064
84813
98034
1831
90560
16375
40236
82534
69703
10861
36930
64722
29670
9875
83172
91986
82900
90136
59959
8403
5652
60632
17802
26348
65588
86401
37237
76398
51414
35084
99106
55829
36249
13491
57660
26808
46218
14247
9341
15920
25107
62623
80642
71128
72497
80165
79466
55396
86653
39424
80151
8656
16407
14304
35003
98346
704
88591
74744
68470
23674
90201
24298
59922
3691
98309
86729
49908
12555
12422
82180
54014
75044
62821
25141
47540
59337
20958
19287
45989
60381
99437
54644
93139
13741
5998
91485
30796
94588
82580
99265
34614
72780
39915
10887
76470
38223
13968
42730
50778
26389
24909
21143
1432
4081
62635
65323
63417
83593
84609
25758
60325
398
96753
53464
14138
2751
61300
61285
13690
60231
76902
48303
33010
16816
75542
25831
55038
89509
84912
22167
32249
9820
43309
33680
30252
5944
15354
10021
89536
99962
35778
66212
16711
32530
19675
47200
51632
97326
8485
81674
57556
85386
29976
6917
18553
21869
49100
73590
27729
34011
12109
59977
43831
71769
93656
90434
77712
25361
454
83599
41675
52583
49811
58385
1465
85837
5585
69448
99515
14069
51121
73422
15806
97449
96691
34358
19317
45790
24299
47046
79800
36407
7022
39982
8176
17030
30416
2239
42390
47221
2190
84064
99804
68352
42449
17620
70540
64385
87067
70054
78453
38188
59828
10610
35636
56518
44967
54952
2307
69265
18349
98458
22024
25371
38440
46551
58752
85207
65141
17493
32427
67330
1557
48582
35681
60357
66201
6221
24741
69620
92626
19545
7807
68805
30154
43442
25322
91472
14745
43980
77088
33094
42438
99111
74816
80877
62013
33567
82435
27154
51059
14861
94483
68967
63443
46516
45675
45995
69088
86767
15614
61713
6311
39772
30518
52816
83213
72191
60639
14310
16171
37727
63755
74960
36837
38570
72188
98850
88488
54622
26003
55898
85834
36837
41217
65628
83352
86891
11623
68791
90010
43588
30504
12672
83360
77373
65488
82924
65915
26126
13585
98437
63852
77339
89748
17041
32260
61935
32242
37099
32908
74596
92997
18742
11432
50565
84369
11136
53807
12343
79926
43816
55931
26781
56488
55642
20505
21975
38565
86420
64452
52150
1208
44656
45840
90956
78048
78100
52890
10289
15198
2150
1236
24546
20891
29019
75110
21611
40154
28917
33954
36432
72732
6236
63212
29219
61877
69
67545
16793
2840
48349
85294
4047
93004
31134
11354
71051
25585
80596
97691
40782
82745
98926
81680
19987
27944
56789
41597
84450
2057
75550
20881
74789
81785
444
20359
60013
16864
4256
76806
19703
52604
78451
40102
61959
9584
67807
49361
35168
48402
47051
92302
31146
62328
73981
67484
6623
47121
9081
91072
49178
84630
28304
40318
82767
28748
60676
59131
61963
81283
52288
81666
33886
30739
38119
12196
40322
5925
61556
91842
54327
8606
495
1824
87285
74475
69308
93908
21595
94740
84979
87124
95721
13283
27441
78487
58382
4469
53970
20344
85751
6257
18361
35989
36995
56479
48184
93669
62404
9740
85510
33082
34697
86004
51257
21982
76830
36916
15889
14776
31655
867
1900
27376
30501
29340
22214
88882
50160
76183
25578
35911
82440
43938
71899
19434
417
36434
29454
79172
46173
14963
28605
80870
17318
79861
2851
10499
16777
35091
25275
64783
35957
43526
92158
66458
89217
14372
71691
39377
90554
97268
91639
89345
57558
63537
25131
57974
16322
54584
53497
62495
69547
82101
59716
3216
78313
78918
30067
11441
14008
55341
76224
49964
15218
68381
32773
4434
99104
20816
43810
6010
34435
35448
95354
91992
15336
20484
66317
31658
75068
19813
10504
60966
18265
86571
80533
96578
65488
10599
8018
79495
82291
84241
45810
97508
68974
94935
1942
68077
32102
62103
74086
66536
13903
85792
74880
29238
22627
41196
77247
14046
61009
4102
91363
79273
90672
71896
92202
72511
98846
220
68357
81137
812
30519
78644
86137
41805
96937
54214
73906
59040
44651
56793
72942
46794
31672
18531
69421
72868
12130
83466
50228
32583
74829
45852
39607
63076
38054
12117
61921
54625
96826
43057
71788
27344
38053
57925
69148
34989
28490
59405
10380
73140
16197
99673
19934
47869
34556
5706
37088
63037
89171
87315
95619
80351
49518
35225
43426
87571
63694
5347
58547
60519
64755
46687
4214
2807
4611
73361
54148
33100
32765
80879
22591
65313
96904
58876
29533
31459
64581
66620
94495
70104
70286
6465
50454
19804
58042
93880
23726
21735
15578
98625
98605
80332
45311
2818
99491
66273
76178
69990
15724
25294
50868
38314
6958
47771
13542
36491
95581
78122
19462
6427
64577
89748
12892
15031
25903
70933
25262
65980
9019
57191
80956
7623
53874
26266
10440
53364
8890
2969
23353
24613
28262
90573
79279
35219
54695
92820
88061
50276
87293
7523
73054
51870
13622
85945
83252
55876
73229
24865
38207
82247
82055
19163
89869
35928
61780
308
5644
70670
3276
45348
11634
47889
35920
90912
99460
6967
83731
87520
73594
87376
11394
46647
39245
41367
32592
38848
97242
5820
63712
35449
4419
62118
70963
94287
14397
32742
10947
20040
3411
14222
81740
31397
78463
34011
22308
77922
40977
22391
81793
14570
9766
93187
61217
65362
34553
10160
4209
48147
15979
67920
99947
36749
46389
70909
31036
60785
3650
41982
97177
23413
72555
78916
54809
51017
12926
93468
45290
53903
15858
27083
84824
25623
36621
46040
7336
87525
56199
11544
35671
88530
95815
51969
25278
42203
22877
72665
19340
42879
30998
16516
82643
3553
95431
53803
70921
24708
47270
16211
94962
63128
59645
79786
5102
96265
42177
12438
83789
14728
40333
35812
19609
36148
87780
44886
94702
27009
33903
14041
86239
64900
46908
68881
84804
58690
22683
72077
83398
69952
4639
78359
49431
64283
58144
70885
76899
16673
99674
60687
31400
40006
12850
51008
92505
630
12245
3559
43990
46147
17599
30228
27399
80859
99108
28554
39548
38142
630
22945
24445
5268
17656
90228
69550
92151
77464
46448
8823
77137
23487
40222
33494
36336
91229
42351
53317
19826
45909
13658
65972
79859
43885
9722
60717
59344
38276
265
97485
55257
39561
38282
60525
73568
28509
46426
65719
5972
9226
90893
99460
49064
47467
32953
85399
55047
75303
55068
74872
37563
85077
57196
17422
28962
66917
94490
4657
21544
11106
18494
76801
50667
56775
37325
40586
1635
102
22656
7606
9327
13549
23417
58390
61015
72721
60141
16061
48024
31560
90933
1938
16636
64480
19359
61949
31396
13849
66606
52940
24954
85099
29740
91972
58225
83416
48910
59859
83517
71565
83816
9196
85113
7232
67585
62479
79952
44077
78540
44327
75636
85824
46265
8624
50303
81975
70572
98050
12175
37177
67341
53481
38627
13432
61804
96851
96847
10713
56709
96716
82278
56876
5911
67390
64107
73495
29869
60411
33924
24760
21089
9559
26935
83705
18182
93589
65680
5106
7990
94206
42282
75331
47686
80909
88762
25842
94111
85609
36554
67172
82324
35183
24047
88234
2573
4506
78080
48793
64916
12003
89904
86004
37914
33190
69709
72447
26778
51740
77552
34767
62297
19834
26449
26335
17094
15211
52176
27556
17171
5081
94727
99494
40264
18774
4079
59188
23279
98510
24332
4546
26865
14235
6901
64778
63776
76609
37224
90553
44700
14776
41671
6997
50961
68120
49683
84406
83330
1858
11961
16852
6938
6688
16345
63553
25461
36775
22740
65091
51636
47071
69636
78500
77657
76536
43277
41432
69497
96853
48336
30548
27980
6359
53896
78940
74478
3578
79697
74159
21787
91657
91010
45077
14696
23706
8629
56508
76832
31369
21598
28467
94791
7585
23319
88800
84121
66595
30231
69969
79799
94919
516
24130
1277
54412
3069
92106
74341
99117
66264
96128
90774
73625
41204
21821
97330
49832
78329
90513
97552
99926
18979
8695
7511
42297
97494
7983
25244
44076
77951
21394
55346
78466
45524
56622
49229
64944
48727
23570
64061
31342
19697
71186
4966
77252
93006
18647
27083
71334
9159
40987
87612
44490
66033
95122
3138
63526
19456
28381
23953
97406
66127
79299
92223
11650
52272
41452
76593
17351
81373
57005
48692
17421
28190
70010
94672
37548
5008
38106
25233
30519
95444
12844
75008
61476
24317
78145
25001
43772
22878
65306
41177
89004
60956
49752
17005
13227
7555
93597
46929
88927
66954
11973
6347
95143
98334
17370
49042
3341
55475
74275
50211
67271
87118
25218
28746
11435
19715
70099
71558
58944
35404
29087
64299
96359
78838
81303
25937
86392
91251
89218
91670
58204
1190
14368
69699
99523
31737
18740
19215
3563
93014
69426
70833
96484
10995
99579
7918
47061
69677
95827
6004
21432
24913
86654
34142
3750
84308
76430
6493
75559
65647
98162
50114
83188
12529
36164
99062
60617
54904
18277
80532
64269
4054
51364
60752
31400
67294
85021
78461
53322
80848
816
91105
5760
3822
25246
25862
88129
1676
32354
80039
83674
46868
30153
83214
59396
66316
82275
36365
37571
16903
16896
1840
20956
84611
62591
68708
51905
63964
47168
21578
44811
64335
12683
66922
68156
54280
92783
56285
72307
41489
36323
55981
88356
82827
39194
64103
49143
21468
467
3065
54723
33714
4904
75678
18325
83847
44385
86581
47810
7904
8158
8972
72239
37192
75893
40394
91472
68676
13030
63778
10164
49353
19758
14871
32179
75303
78973
97673
13123
95792
738
67845
29505
21993
59874
47829
5839
20611
50761
70000
28514
58919
78971
17104
96110
54864
73850
3933
39891
86879
67711
50054
52583
3820
81276
1114
79123
60248
98786
8597
72391
15875
76441
1896
37868
52666
66076
60058
73276
33189
30058
18142
92107
25380
51597
4568
80243
25446
8501
20133
28677
92563
86538
97611
96382
67813
98724
75504
44413
13862
452
16803
29736
93244
35050
83955
45910
17478
60365
35537
50666
90422
70030
59124
32153
21627
63691
12396
63424
88543
48880
8452
81105
51770
6063
93839
19582
4786
69342
80346
18647
86146
97149
64735
79389
48550
48689
25298
66027
9053
60835
33044
15826
30864
92167
47979
68842
72210
76726
32266
77104
41957
57069
74561
93726
63131
68399
29660
67917
54092
10005
2915
40237
7153
67649
19626
72055
32690
61275
38081
58094
38461
87477
73920
85677
95995
38250
54518
68204
31327
3135
61660
89635
60204
36220
83361
23334
4618
13020
7602
58709
23024
10517
15298
46529
94517
34923
18583
27206
12549
73015
85300
51010
60491
75571
36686
56486
30172
91203
41041
61498
10690
2700
51132
70893
38919
50844
10578
59888
63863
18180
34949
3239
45048
50246
49767
39564
85168
68349
83122
14068
41363
68421
65077
18206
43991
1762
74691
90514
9317
32083
52011
36358
34783
19494
23602
90053
70338
34179
49941
50552
68710
84889
53790
30109
51486
19908
69673
53005
88256
52794
67072
45971
37566
32149
64176
97908
50262
55218
88421
59578
87300
56783
12287
38434
76276
35888
28487
62965
70067
94779
29869
55128
96019
10
85237
47504
19918
71261
508
24525
40406
67579
70495
77971
16079
51022
92230
66341
22591
80650
42270
26243
37432
54557
64676
30059
90444
9514
9376
76862
20644
39244
31990
16662
39253
17226
80517
59170
4838
81024
83695
45243
64955
70541
39565
81033
37915
31794
47373
60505
12443
89643
86747
49874
44199
67775
96284
50994
93640
5659
27856
14284
44902
59845
47297
507
93422
27814
59676
98259
25189
59722
59853
90143
46615
99417
87528
84529
31210
34900
45033
43652
40894
48132
9877
1444
15906
22512
52438
9545
28171
80293
40180
89424
56489
87477
89930
49910
15290
65958
64520
56830
42031
40724
46973
88645
40140
34500
89525
71349
85751
34558
31352
42997
99041
57580
44440
31298
80091
96877
40842
24613
93521
97374
14037
50009
84850
20318
16270
16491
86275
97141
73320
44658
37864
36644
49654
94355
87495
39179
65703
73246
73736
13406
32594
89128
70985
77033
20425
67428
90262
77618
92040
134
74991
22428
50143
59840
42746
82764
92682
45372
96257
66002
90029
50472
2645
39683
44827
90140
78861
26881
79737
68948
56639
12330
58075
43975
5714
94851
11402
95975
72468
19794
96109
47459
42221
62603
23650
84966
61718
16332
30338
74326
98685
36718
24798
1329
92752
85976
7820
87964
12856
3908
56911
69494
32589
31337
13469
38303
42539
41222
50629
15007
61015
63089
62465
3236
42043
2466
4553
3761
18797
51242
94438
17481
87960
19235
35162
80711
5210
59333
68675
34418
63241
41937
20263
12181
89626
50083
50483
48516
91305
17464
63522
52319
80552
42338
71906
22595
44804
76459
42707
79952
27700
37144
97433
32011
72731
48946
29074
77940
8278
14100
28709
87870
72388
48972
51
78365
99054
66885
26881
6710
84348
90402
75381
81252
49092
47286
20198
93895
40096
62904
73846
84148
16399
87630
16158
89129
36575
45231
67069
44853
75682
12129
49074
48070
61100
49124
26434
76506
32361
53314
83215
16708
60068
58595
14311
9159
22233
34508
19405
62328
97411
9602
46475
13810
97232
78985
2938
50158
40567
86358
95010
16249
14839
60436
80670
75938
9559
7103
68795
41919
76769
68362
74979
53188
43308
89289
78698
65540
23797
98102
44220
37559
7703
7046
67720
21286
86030
70658
71444
26597
73367
82805
59197
88205
43240
39866
80495
69151
63320
65641
27421
56440
34002
2399
9627
93662
8040
88324
59201
48188
2777
3420
85746
26832
10466
53466
48117
12847
40475
19560
55795
30193
2365
14991
34750
61956
71208
31596
31106
34528
97236
58527
90967
47590
77277
16946
41251
85316
21621
451
33503
24398
20223
35601
51229
47040
5418
15697
76238
45892
35257
32033
92436
53973
63375
27185
15928
50935
58780
63386
85462
72368
21912
92780
19957
15540
26077
61207
856
47698
78009
50710
88447
14583
2662
56027
77974
8079
71723
54212
70322
23331
86244
62758
93655
65970
6294
25935
16904
65074
89320
18717
37441
11231
27849
73749
26770
53925
51307
43977
17974
45667
11039
6420
60250
13700
62446
38223
21779
50521
8786
8452
73851
95029
71209
67506
77351
93855
93440
94254
58928
99111
12971
12720
26693
40819
2820
53462
11095
54126
13791
29069
99792
41181
35488
76393
54880
14286
14616
93010
64806
23401
1462
55008
34782
89022
38865
12132
99228
48656
22737
74507
47766
52059
87226
74458
9229
6397
44272
20324
60522
74414
65744
76666
15594
17583
53058
70473
31868
84025
79835
13025
23778
97648
68033
58559
3021
6897
87042
2249
71905
26130
76755
19670
78189
80333
10480
3769
86729
54751
40444
63603
29164
6187
40268
44757
23770
9677
31581
55637
93702
11415
68662
17479
25414
53046
92389
28435
76294
95782
30683
48198
38263
7437
84220
32803
4121
94699
36572
90850
49449
77015
70804
94964
83202
27423
39720
23323
37099
87652
78959
47152
15419
63972
80982
40832
33369
73370
85618
9663
85503
16300
74212
40118
40089
58431
72920
44209
53129
25843
51410
2577
2858
22213
13892
2411
49635
69963
25733
3086
57615
21043
50237
89385
1367
31219
30216
34735
20940
15834
60749
22795
48485
34961
62912
88573
93391
35831
49134
62872
78026
543
81800
80883
39108
95692
99645
5094
65654
41729
8179
23268
79123
58416
12652
80489
89634
59220
31576
10573
91405
8676
33367
39889
59988
12630
44814
69731
48461
10299
32602
26486
27193
14401
23720
66300
10092
39716
71394
75746
81444
79572
15365
76918
54339
44369
73759
43972
3588
5334
70897
11344
30361
20615
51232
90349
33245
12397
60079
98057
22695
92680
40894
66240
23432
80965
32539
33524
20680
20284
25621
18475
16208
57337
95392
70546
1705
85502
30870
21644
90835
18118
32987
37548
38732
571
27896
88328
29319
4326
86384
52014
13357
43629
34605
36788
40945
67143
86663
61624
3779
28635
96450
19986
85972
8194
6883
87676
93695
37752
9320
882
55869
58658
54781
10953
59228
82676
15632
88547
3353
18368
56912
16709
61996
91516
53496
2941
75010
56511
80916
78788
85145
93718
15125
71116
18263
22008
58792
11957
76111
84463
29190
48332
43120
83970
75636
2348
82997
91267
7246
86349
9634
64157
3057
71630
72024
72905
90922
47033
29415
88189
42173
30911
81906
57297
2027
16520
95656
77170
28477
71767
61632
74018
20098
21103
74340
95733
23450
57336
3351
47047
60037
12985
11203
79445
966
83226
52349
91887
46611
98115
96427
88783
29026
78333
46079
31052
94852
41735
24573
39680
29853
86204
30050
66302
7306
4389
78386
47108
78076
81736
94154
38112
94720
21709
17557
95685
21286
86257
3923
67896
724
350
73030
46101
95034
35461
77152
6237
93547
1724
62269
23399
4279
92318
89700
27936
13058
68085
75043
91133
49820
85549
45597
60892
7257
79505
56576
28542
82113
76851
12790
82836
77200
85819
28936
72233
21279
22439
78469
14825
40514
57089
54575
61144
49406
44274
89080
78815
28710
64122
86300
94882
49670
31896
55773
73278
27752
12348
18172
9864
89198
30961
9052
82749
33131
54339
54981
70762
93130
49802
1938
49995
6890
56513
11139
72648
17138
218
51462
45848
80691
37761
40729
46713
86008
96501
19990
30111
25200
38161
39975
30750
85473
65378
13498
18604
19716
84831
5717
29197
50984
7654
79192
74225
64166
90330
63224
81304
6899
31038
43503
87589
68798
84231
50653
71158
97083
86995
1268
38634
25155
57594
69383
26980
39323
99233
61935
59039
84063
67651
4587
51398
75304
83778
41974
39470
74107
5198
37125
97357
36235
96979
84946
21384
97561
51950
92541
94643
38944
10161
33276
80451
67754
19011
7430
7077
18243
69364
82467
18657
37014
87053
86406
28669
87183
28379
68138
77641
33576
21614
74998
69810
18592
59943
91194
16152
28244
86
27146
67188
10246
76774
47638
94352
95784
71419
17780
30378
57134
16598
49034
94147
20002
35439
39167
7184
80169
23657
84825
13745
45270
59822
83554
80214
36116
91099
12717
64359
7537
56215
47898
17782
32988
11887
28485
45123
83305
46264
75500
40438
62861
40885
50936
82863
92675
90103
6398
72843
13759
91222
2939
75380
67395
2845
71945
3510
93943
1014
84221
1479
57228
32118
35613
6567
44005
64097
51689
43661
26713
43540
451
89573
84424
67738
88787
93450
57840
95185
82644
87950
2758
85583
79682
70153
88427
67978
90014
82369
68991
74234
200
26218
22704
52164
32784
83060
16260
824
26720
42972
44363
27170
48897
45138
94908
37683
54939
69099
49219
37583
73401
68329
23165
69434
54833
11591
37411
61198
10311
6402
35432
26862
48971
74487
79025
98107
57546
11637
98930
84265
54608
43293
27787
3504
4782
22694
57539
59721
8144
23109
97303
97896
7789
36819
67329
78973
48409
4740
40171
75071
27493
91954
18285
76463
66440
97309
74569
23985
8945
73499
24601
79905
33143
52387
99760
54276
91432
73650
13996
15928
13111
27650
13823
20899
64468
81152
99872
29228
2243
56394
4299
29735
48347
38935
6197
14786
36243
97118
55122
61540
86968
96074
41444
20110
48461
41203
90737
56244
14853
4733
72171
27963
32382
2346
65213
13202
83497
81436
42429
85739
37829
63079
31825
86175
2013
38021
960
54608
51490
72433
16147
38457
68507
57590
74918
33319
15144
65655
89562
29996
70387
78085
74310
19120
80430
39523
32321
80278
20958
91102
82368
58787
54180
14192
61313
56193
68564
78625
27152
20054
51057
43298
58510
35915
887
49780
69233
32382
15434
75147
78730
2172
53231
53039
21291
50012
8913
69964
30289
46223
61065
12656
21361
31596
26847
82673
4140
11762
61297
31291
31815
28706
74588
6677
64620
91826
56456
33853
24208
71889
8999
2937
90412
78581
72327
11702
28592
97592
98017
58880
43814
75433
87887
81526
7029
31085
64198
27520
42846
41847
58811
74661
70552
49750
97689
51523
41576
54144
85375
82135
42384
10725
1423
32795
89305
90101
60848
34248
87692
75217
9479
47857
50649
97365
29382
74029
44801
93580
1549
87647
51778
76711
78659
22329
26460
76347
73851
84387
46842
75578
66521
5577
2654
84295
54723
8311
74396
15570
42558
78439
90786
52037
26296
57787
65753
55677
31815
10554
65608
33363
14552
17385
10073
93210
56065
52885
85908
46268
37271
49101
38197
20144
54677
40850
4438
9399
49160
95185
41320
91718
89976
48458
60106
16271
6244
25858
71947
38058
52763
53907
87773
67314
71291
14197
76875
43708
67081
79134
89975
4352
28234
28171
24495
99262
85372
45284
25012
34532
56821
66332
42601
46796
14789
2706
63066
37384
44915
51364
75441
14030
5270
63213
81343
92913
77410
74570
36620
60842
53703
42946
65193
81937
87468
6039
97550
72839
67675
22562
23722
24495
5245
82674
71290
20033
1731
50707
57416
46646
18422
49208
77027
40044
28773
74721
49308
22534
49290
2279
83375
2993
45224
64920
1281
49043
70958
98830
38233
38632
21391
61955
79478
26635
60980
67119
63019
62711
17825
36786
25708
52599
2346
2734
92642
31118
77454
41949
70003
26744
60579
53377
46088
5802
18296
47368
71196
5606
62549
9428
44237
83940
87734
23715
26926
48714
90833
6297
11424
25010
43082
53483
93960
61779
56216
2953
92896
50021
61253
62898
76764
21831
32627
39203
27632
50922
2922
98827
56527
65471
24606
17116
49410
12340
57182
92687
77405
64366
98983
5180
5727
58417
58662
99686
20195
14877
2638
29443
64897
63890
8692
58013
85720
41318
13567
29703
8592
16489
44881
81470
81959
85839
14937
47720
98178
72118
40406
75582
36484
55741
97113
58562
14157
55774
58248
50703
87002
77237
80145
68250
57479
5189
42614
59550
46506
56181
89253
71449
72669
50485
52919
54627
36323
67855
2346
50852
56325
59103
42785
92808
14843
39897
51369
45351
95670
25968
96054
82671
3205
92550
67273
77035
97738
9886
36584
60596
66066
42188
32044
38734
92673
1314
9712
45347
85521
28409
96199
41845
3864
38983
51004
18706
95232
18724
80409
90901
61044
92814
89924
80600
85363
57196
57634
99453
67081
94217
76400
49499
36405
24795
88232
45429
42461
14296
90775
27981
59056
3325
86177
62919
58660
37180
81625
53891
55903
78385
61143
16946
71198
51066
97545
72912
24613
71530
88716
8046
65747
65115
57544
2151
6262
62127
63931
48722
76422
54705
93054
35478
58030
79230
98396
16689
16409
96372
86931
88663
74756
48073
21961
62305
15491
35857
35217
40103
7387
23932
48148
89485
5399
5691
7987
28012
84170
71917
93085
60591
26621
86138
12420
1002
65367
27168
34042
98127
39891
37324
3141
30999
85397
41453
93303
887
77310
44871
57341
1048
85155
5489
90532
6905
27531
98518
34916
11700
70434
28000
88643
13406
14137
17414
30760
95855
60933
81153
10333
824
18477
13473
31822
20225
54926
41476
21111
48587
86347
78451
65986
71501
291
56517
94757
44174
71386
29672
72225
41819
57671
77219
71576
88159
94633
18687
84013
55565
99840
10697
72740
34668
24169
4561
54892
95446
62389
92354
60384
65087
87156
26369
52939
87447
82885
47695
47972
54270
77366
20196
12440
51388
13767
368
39546
8399
19054
39910
80315
35245
50606
53055
69912
91126
73967
24803
2924
52707
17156
63307
17793
20664
6028
70731
8110
5264
18425
72433
75886
12142
8980
4677
63529
22746
5044
3074
47496
24098
59335
44163
59342
9940
13569
45606
17418
3887
70408
20341
56594
3916
99999
74386
24579
22378
61469
49040
27642
79893
37824
3527
92035
46803
24555
55563
85901
29599
74989
33396
70048
34323
77558
45741
60615
91126
91346
94384
95013
61754
31076
67958
82021
47426
42343
22951
69804
3811
71990
13797
56
9813
33675
8442
72967
58229
80356
58867
87827
55344
92263
74226
6019
86172
19967
82985
93650
11312
93720
5014
89417
24795
72971
87789
72220
31665
10739
58375
51828
99080
72171
68235
8892
5845
76676
81859
64074
57031
57077
68252
28727
49339
42478
51097
51863
62444
50433
61864
73755
44152
66877
79524
85298
56199
67312
73869
87863
78051
32244
56042
77130
20766
24276
2374
26611
17303
584
7036
74334
57660
75287
19412
23351
17764
70508
91565
80207
37292
53428
70314
81443
20304
66189
83092
92854
33500
56960
97068
27902
5555
53110
5032
26321
93737
23757
52931
11040
24340
59966
1725
98351
51604
21136
38053
69368
7995
29617
65926
45286
83044
52591
43080
19699
18779
26171
12552
68631
83130
9620
96532
5037
79081
17915
31357
72817
58023
639
208
98714
76956
1932
97065
28559
23067
35117
97926
31061
81086
80204
92698
64129
49146
35777
180
67925
61947
29083
52907
61429
55054
65790
66465
34134
83705
97821
23303
41727
14811
23510
56793
91766
41794
53857
20324
81212
5325
34602
12273
2762
14805
21322
83243
63950
57099
83422
48226
35397
12504
17484
96825
67558
83274
63289
18043
66978
77461
41345
25056
92271
81207
81848
388
23000
52056
20712
4211
73733
71665
32835
76494
86469
54157
59736
66770
27607
43157
31348
63003
72013
48831
76180
39570
32104
39468
73964
15433
33281
15309
56841
41903
12867
55040
58643
52218
7096
79354
56428
80828
51018
5615
57321
53838
76123
17057
36959
20081
76565
84658
83083
48577
49841
59262
4498
81944
15082
78462
13729
64714
10122
70569
22968
22988
25608
81610
91557
49055
60963
47984
46234
28332
69950
3555
98521
62424
36963
51832
82504
29879
36489
65587
94808
86329
41200
99305
84625
72633
94118
14705
37346
20591
1625
60314
59930
43584
58275
51486
92639
35590
15822
38872
63921
85771
58778
78794
48195
12092
30625
30698
41971
83465
12636
36778
69794
53836
52434
70770
42820
62904
85474
80166
83494
87098
56831
59776
30681
15105
11261
39671
50694
43434
78543
30967
45557
53672
9760
93751
65764
56736
40800
7734
40200
69788
60863
26345
39975
29648
97114
82794
92551
98939
79311
92397
2388
36141
68524
49421
51246
79784
89091
18291
39570
83985
49257
85126
37657
75368
95228
19772
32103
36027
27505
88655
22166
4719
14999
62140
34366
28465
61286
43269
27403
40596
52017
46143
76737
20540
95563
44334
16675
1005
78976
56244
1342
28233
41369
38998
19952
36596
58769
52055
88975
2625
40709
11140
23695
72059
89632
58060
523
67269
17680
44278
7864
69696
90420
952
90235
2334
61637
6910
19690
40613
63153
21031
85197
20874
76380
5148
57469
51500
73554
62795
54124
30614
73935
77818
2673
79918
52230
3195
63538
86261
63824
71401
55957
54243
88705
62543
72928
50341
85804
92618
7305
65309
30000
8853
86182
6380
14001
60002
57879
87554
22797
28355
18168
13083
22524
37192
93000
91105
40386
56537
77366
4210
44289
49674
74804
49345
28568
64084
16038
14372
73053
23342
79680
3052
32195
82213
9431
62547
42214
83662
66452
65010
12016
971
78092
34539
38162
87443
25644
94900
43979
19361
99109
4620
85386
90264
53964
13953
54347
70001
28324
27399
9695
24355
46803
58241
22919
56233
20787
65133
56246
3590
30142
68261
4561
24586
19152
42722
12028
61147
53973
72359
96859
69433
93330
82244
59697
47293
96196
30395
33646
40872
74146
43340
81578
20948
1580
4497
93532
38718
69629
49778
42307
16122
34390
63219
57059
53541
22293
69087
31039
76265
57797
27897
45698
51126
10140
5394
14770
22688
52140
48415
63559
26285
8106
45136
63584
26037
65984
73468
81106
51964
23245
23413
84438
73986
2983
41496
43879
25275
26934
74917
1540
84730
19166
47237
52207
29305
68982
66977
51992
37473
31743
31902
63758
56201
93390
43693
82237
75725
17160
63343
27689
56756
3107
12126
30742
6089
69973
74620
31364
13259
65888
49255
14340
85053
12843
66547
30710
81824
49875
99053
19296
97969
30955
99405
54169
40696
43098
36406
16420
76609
16100
44108
33365
35558
72585
64106
41646
58910
55077
89361
72168
20964
54967
86507
6017
67809
53053
36726
49632
19279
35778
85280
17248
83084
1036
71416
23779
44133
24173
40199
37094
40272
658
70458
92181
89595
34563
50179
48504
89639
55891
20671
26954
10858
7177
32970
78666
76582
86047
44650
12212
38177
46281
29459
37612
47316
17227
61391
7801
41399
17941
44894
98023
34950
15351
90203
24544
66265
40381
73047
72255
96272
10069
99208
23481
33598
48530
2146
26531
50928
63147
38742
5456
25779
84553
43068
73095
1779
20810
97247
59529
38750
42140
57551
90051
73842
64106
14595
40106
20838
3993
28712
33461
30414
27919
56941
64011
92800
75439
6893
43728
54937
45634
49183
80716
46538
8602
53810
48316
29411
51056
7845
84512
9547
81747
74563
83388
45852
5509
39845
66690
9501
84908
150
39914
29178
73443
20276
21978
48881
27168
82057
3817
89154
47591
84532
35691
56193
54693
359
85603
22100
24555
86467
31646
6301
61029
31385
68505
66537
87581
35194
92389
72488
51695
48655
18018
41489
85282
39995
6721
12450
38403
10538
17955
85993
11421
69997
58537
82466
70355
60492
20917
94909
46958
52563
1210
7986
299
69714
90874
4232
21259
83262
93071
89305
31916
11088
47146
17198
51082
53866
45999
5836
80755
80305
91829
8528
50301
50365
90993
20656
27208
11909
31916
74165
80823
49477
82150
97474
35542
89375
1705
73152
72637
94775
62457
20904
5863
9602
54453
73296
63467
16803
79132
44222
97107
87312
69101
63760
54028
60093
84415
81236
88353
32682
55400
69176
82159
53902
66649
17700
43276
84705
90852
32264
79479
69660
69520
1693
95613
23972
91341
75431
57127
86824
36004
54233
74135
5104
17992
44514
65196
18758
25749
69901
67792
97501
55428
49950
67754
38428
84001
27381
23132
74852
75997
18962
60863
45516
37007
56475
85839
28347
31906
42965
15170
67909
13550
5656
89365
47893
50169
54560
83003
92270
40812
50794
89770
96239
743
73875
34666
1095
1255
57797
75947
77251
93111
53161
39118
30117
9636
24957
58463
57893
84273
73632
42153
97822
95639
31517
45715
45807
2429
45069
38076
43240
95862
44197
39479
12956
18071
74144
14050
35678
48293
6348
29280
41403
59509
68398
71519
85496
9706
46333
59740
93978
19964
1892
91800
15602
33409
53866
77760
52189
98934
15836
95428
11147
76384
51258
24102
94455
41754
54503
46484
90046
60851
75763
47800
36711
60512
19318
38558
70217
65650
98297
64195
1965
188
72346
33918
49948
42563
11677
2136
41496
43864
13916
68994
20248
65173
9447
31054
23278
63949
77537
13323
41151
53299
61122
77861
30163
96791
32770
379
78792
31066
80925
97108
47606
53270
47377
97553
95832
59054
16041
53679
19269
46308
22672
55868
27832
32118
86921
51110
12419
64457
80784
53569
34108
58258
47782
80622
71400
80551
81000
50192
11617
61925
63651
59222
31546
11028
73126
27378
70081
5518
97408
5701
68177
20080
61569
96009
68549
64841
63470
80967
45650
44253
50888
79757
2510
98669
60378
90262
79219
57729
40453
7187
19653
4103
66408
67551
15130
55886
94928
1562
77755
92335
23615
45932
28766
85183
41940
13667
50023
21761
10985
95672
66013
61872
91780
84875
60540
68509
75136
56111
42590
31940
63297
62242
52394
46057
46144
67524
1942
41071
85437
96048
49758
9051
41979
94875
10585
270
8541
76960
22030
35878
88983
4395
14101
80763
5621
90993
65623
80756
47103
8212
29047
26751
86806
81440
72807
32949
65315
91100
90372
50752
87148
40129
76154
29126
51355
86739
45748
76248
80050
67777
12125
69032
88523
26225
66146
94143
17217
31769
74898
80671
56332
20296
7422
43137
1736
80228
92438
67050
87680
82809
34153
74827
39289
10307
20304
6995
13397
66051
83242
93446
50180
11718
78829
38702
37943
44975
49197
71511
76743
40446
68534
49426
60742
75955
8915
62477
72534
1352
45878
60213
512
80031
51391
56152
6689
71695
63146
20085
54097
46388
29882
20628
58105
8710
75682
12399
53684
24878
262
46778
81675
68795
12556
42416
61101
21470
4892
33634
39173
50770
10199
39684
47152
61589
95835
53840
49635
58980
90276
20084
21719
36509
57063
96176
45218
49096
8574
15254
73973
25187
78383
55648
93981
7290
14415
71433
28759
19307
5067
67931
86428
31617
7614
49931
93205
19800
3770
59192
95132
10397
79275
33202
46905
52689
29377
8474
1785
54303
40079
92109
79489
18462
64108
89822
25751
78523
61254
70862
14181
82672
38792
16960
14288
62758
66890
23845
98909
87011
83036
94040
97407
78662
27242
44311
31350
72970
69136
33134
27272
9215
41595
23113
44028
5702
12934
86130
84224
90539
56991
98404
73211
12135
15363
87498
74892
98604
11342
73800
85614
10729
84192
83020
89390
27785
43682
37092
17106
29170
86577
44378
38384
28171
67490
82411
33873
96775
68540
18096
87313
41883
32852
76875
54017
64566
64373
45260
63170
92066
35411
48783
2795
19602
48155
8536
63738
8188
45627
80844
37357
32204
41573
92092
60374
25414
90854
94246
22188
59394
28694
25852
17628
77897
2727
71644
42462
83451
16903
5631
91868
52313
70766
11014
88267
35272
19550
68356
59811
65176
49199
97168
13731
7123
5611
90457
32536
96465
1054
71075
72210
29747
13279
89837
7643
32357
77832
66457
15807
94734
88439
24026
63398
75556
35040
51664
10827
54589
20020
70638
36116
85570
84157
66199
92693
6119
56655
41580
2583
57708
29007
74792
3807
42285
80980
27801
74641
58811
94257
6799
69896
82696
30824
33294
58251
65863
1309
85430
36803
21328
72419
72919
23250
56575
39117
32294
62693
12123
73873
81628
69830
19231
72771
73636
61515
53751
17789
52507
28913
12045
75657
98809
11092
6481
32102
85695
88695
33410
71124
25498
71090
43542
14768
10691
16468
70236
42984
95512
82358
33208
77139
68539
52439
49910
58527
13953
20012
76315
82812
48924
4711
58468
64084
15803
81300
96185
17849
69995
45947
88972
11844
33388
48865
26611
44078
81684
13198
87061
77195
95555
20268
70686
80445
89058
36947
38971
19363
56958
31637
2174
22233
36348
76993
86317
68502
58293
98853
86350
28287
61151
75321
56482
94538
40537
83092
54967
22220
12641
42027
15766
8195
78647
2803
4991
67704
39749
43962
87066
13058
75598
5591
51643
28297
82584
37959
96798
40876
53163
83147
85514
30666
74819
41995
25203
15355
41438
80170
53926
54078
38548
86044
78624
33546
88846
83614
17602
28595
43927
21019
58004
35877
26610
9646
64173
25545
63956
60971
66420
17119
44117
68285
47784
18936
26631
89338
50642
84420
85859
20920
54849
40759
6963
33472
74304
95808
33437
91905
40754
93716
29276
98758
29592
55885
24755
10116
81429
88711
71086
64200
5829
15203
48836
69964
50490
75466
59301
1131
59885
61512
22050
14733
2270
45364
64556
92925
57524
14344
1182
14629
24411
30457
29738
70354
86341
54493
80470
84121
43203
51555
48320
65383
83109
97155
35346
33598
88972
10998
51081
65208
72509
89482
96292
74778
34846
77199
84055
8721
7894
85236
23349
32305
15692
53087
2658
18384
23931
83127
2504
67133
51034
67175
32515
34142
80681
84212
67740
69652
95209
35172
51211
67718
24653
47502
58847
75850
24700
42901
922
32593
44488
40623
81249
60179
93709
83907
78562
17639
83385
97417
1123
34418
64591
33637
68560
45271
17848
52651
31274
29408
87822
98836
13477
28826
46337
88676
21028
87388
31576
38301
19981
76064
78923
1229
52594
88983
1487
31156
6621
84872
44924
24095
35641
9515
74083
4200
71137
8282
73202
18763
37690
77375
17598
51166
22553
63935
39841
43580
51322
87769
98232
87654
80184
77155
5235
32777
66137
23073
80284
89110
24296
25208
13204
59937
51074
87287
80488
38562
95568
53690
57324
49609
31064
74922
17127
53616
55208
56967
13547
22881
61087
11779
26887
57622
5285
48473
90399
71421
71545
87034
60530
95841
28593
90086
55777
96018
93724
36264
34580
89291
6305
91903
55252
37369
83176
72378
7336
54735
45696
37235
93968
6783
65365
20854
64404
70649
85678
71154
58421
57222
74540
35303
69414
19484
25388
41542
15502
19111
94158
50081
24753
462
58335
80004
54182
41511
52381
77870
12597
14429
31456
6564
21211
96820
43769
1966
83820
45798
89472
42240
3020
64011
77542
88785
83494
19281
30327
98995
38391
40836
65427
79496
41297
23762
59499
11831
81624
28232
6052
10572
59012
37507
17136
80222
34326
77256
98539
34497
23054
88010
76736
42425
68372
70630
31209
51866
6262
77887
67212
44653
18722
48991
40500
76371
72752
16350
4553
70727
60933
10604
81298
19944
48110
14785
16517
98787
8393
15056
33283
31446
19417
26370
90222
87789
13351
37782
56006
19613
32021
23217
80617
67094
72207
21116
43464
61310
37465
64368
48388
98398
74971
