10000
85799
85496
88010
22601
31744
13271
99549
61366
68416
22241
89548
68322
58853
87082
92053
11802
66647
49698
85620
71099
86939
93543
22362
58787
90554
81739
31052
77296
40431
39423
23980
26229
24918
11989
65181
56661
41611
81082
18026
10026
3322
7574
78348
62175
11007
86752
73976
77654
36450
75947
48752
39740
85841
71113
98526
92746
69203
29577
70041
9633
68999
10372
52213
93917
22360
17394
50577
63970
14827
84955
90348
18148
8880
85047
96674
19886
71798
70649
97539
24599
62947
46290
64338
48787
33754
79215
41532
2957
8792
27924
28941
94142
38295
81154
88058
77006
14899
54987
57328
29725
39941
47675
64224
48820
49073
60898
68705
20870
47898
82596
61821
10845
45237
42510
75983
78991
21725
17515
98299
46868
61790
27239
41009
85
24744
45419
93442
55994
405
50769
85718
40345
14795
49942
5516
63867
27191
90572
1089
75088
73167
62909
85932
34756
21770
61915
13746
59846
95781
12044
6713
73922
55634
47722
90358
96730
9492
83800
52723
9896
34568
54793
66592
49363
21086
88459
13229
48276
79030
30669
23363
68549
93577
25647
3304
31699
3913
33401
91544
16045
61796
14609
89966
17429
78682
96676
30510
88173
80475
83233
98068
31394
38025
64659
97108
75462
53117
26689
23737
48498
57357
63451
33398
67286
89097
36701
98984
9361
70101
6879
25405
48248
21487
31723
65677
168
28398
12538
88340
25224
95770
2759
56617
50146
83769
53725
25607
36885
80413
49343
1735
54121
12794
35132
21406
18242
88185
36741
27603
74637
43620
69359
22885
65106
1081
4913
81626
45830
17450
86317
71053
13220
89076
27670
79717
72844
97746
5324
26081
94510
71018
27815
48630
163
79298
86388
18405
67482
23128
62359
42119
66747
31717
81355
48205
49150
86267
29830
94979
3716
16146
66032
33287
21573
10053
13004
94417
7798
34679
20497
2307
22048
64663
67288
22211
60312
53675
56967
27794
76803
19325
86264
59901
67393
67618
8105
16542
70236
54286
11521
73951
86784
77552
23590
8356
87604
52945
19124
11753
87623
55972
30411
9670
20634
97698
48232
97298
51373
5198
25091
28175
40874
27706
4427
8267
11675
12532
41160
81910
66817
52680
72212
69952
46583
12153
78308
50538
65097
13783
62290
52719
69755
92700
78741
6740
6750
26972
4037
58122
48522
45479
2648
89395
73184
7074
14013
1210
35957
55173
99471
19126
7852
71683
89077
70787
83835
83736
21324
65284
97519
99966
34354
83625
92665
13094
90364
15766
56418
10753
73887
4939
56231
92886
10685
45767
16312
24698
46976
52268
79870
46447
71393
87721
34481
76822
58507
34667
76909
96183
99950
90779
96148
50656
74403
5164
63749
81119
20930
36518
8223
11168
41456
80805
4054
52141
26571
36717
76838
89899
88984
56707
52697
76729
60779
3529
69902
35638
54547
46810
31820
70849
37589
44319
21504
28343
49482
1604
25813
86763
38122
34035
97931
95929
14840
18336
48069
57762
55052
41258
64012
60387
14316
16708
37115
91447
36588
23368
43436
91135
70178
75255
61983
24118
35925
99838
68812
85406
1441
94625
72169
39562
28659
86451
35491
59850
4786
99911
17612
76189
57521
97975
36575
88188
31035
90042
79634
67622
29761
23069
75108
99938
14675
53442
40407
50599
53279
25571
52357
54720
20195
40877
10633
65205
27327
46123
41407
48464
62386
75370
41004
19906
73344
93930
8093
4378
83971
4079
72000
13732
43499
63459
30021
58174
16901
86780
25124
70179
12350
77480
41250
48896
18356
51883
30452
62034
14357
71858
26849
76742
47227
67852
12999
20571
61782
21092
24948
62104
41522
13299
92187
85020
76758
22208
59545
93658
25339
84669
80188
54040
62148
21438
2935
96856
89672
49738
75241
4028
21596
2090
97122
85174
86293
10120
22096
48074
47563
47044
26530
89084
76694
18716
90456
53451
57275
50000
63460
82613
34668
43648
53004
13168
81437
72290
26375
71108
22028
1615
91487
59975
20056
88608
45148
6349
98728
67244
70774
46290
30639
97303
51726
7332
16019
42181
77135
73293
92180
40594
72258
43200
84241
41613
72719
82029
13903
99093
69488
35930
17059
60975
95904
37115
49582
57403
43463
64661
40998
14236
27303
71636
27891
79028
78968
43909
37560
56102
33553
46091
13047
22162
5642
13640
63775
78360
95668
77677
93804
65156
29958
10863
42482
42213
64329
8415
99615
7791
73076
56965
38378
378
28600
66268
95757
23919
26528
33316
96372
76433
95758
9419
98594
1400
23058
78720
79759
35077
56396
73563
232
2705
777
59065
44917
65105
67480
60884
89247
40555
17848
43976
57284
62799
26596
69392
86718
53123
19059
83089
29555
14816
92507
44501
16215
31916
23220
12326
66993
79616
2240
83576
98672
3016
42641
59941
84472
10120
37176
90070
67026
71375
34045
40661
34173
60640
26404
20890
13763
45462
20331
59669
60277
29189
4169
92844
61105
27389
5169
44449
23356
23760
28024
38379
43127
70664
98319
27598
97135
35494
17667
80512
6868
68063
21172
41041
28703
63927
78282
58817
9388
14964
34837
86017
44153
39006
78860
21609
82746
380
66057
22453
40491
94080
60831
83617
81096
59150
11214
94582
10995
45232
75094
17863
29646
12617
75255
58348
76544
69888
33516
2283
1204
68353
88299
61708
23710
83510
83316
22807
241
65724
45259
40731
76155
6089
24347
73602
81590
51912
68184
92585
13495
43277
26799
43141
72245
18405
1488
48788
4644
51356
67423
5847
19708
55721
67554
59769
39231
50869
82575
39471
32944
27833
80202
9099
50273
20900
82700
48215
72812
50883
57151
86306
10511
301
29446
82756
18705
47286
47895
39700
14993
15317
45547
51052
87390
13100
10820
42972
80321
93394
82442
13264
37578
78995
38714
4202
99895
21414
68768
89058
88648
42270
75363
15511
42570
21161
14618
77626
84798
62512
17326
99790
94181
79224
50841
97922
92323
61660
40893
88995
71405
39686
18611
25334
35033
57324
45887
34927
95089
14655
40336
83737
56924
32050
15599
15846
53210
30216
9823
54359
9079
27148
54148
3259
6371
21340
17532
15046
99351
58424
4040
70755
98110
22650
12440
33142
96326
58327
84420
91414
89333
41107
91502
62608
73156
7100
94805
42718
37315
4628
97076
62746
48127
67576
82356
54498
88915
99888
85895
88266
58311
89934
75372
72772
28936
87812
22265
25261
62490
23036
33026
68174
64142
40880
30781
37298
47979
41938
80015
1646
46565
93442
64391
94691
61017
46746
65540
49932
62985
51434
54549
21296
57720
46272
10419
3007
34083
32684
28267
12924
55719
77644
97449
36213
18523
44582
73510
82854
86519
69876
851
33083
63317
65241
44125
24334
28338
9665
90617
91323
61098
61517
28970
35169
7788
55740
38175
58223
4775
82793
87498
60494
60437
84947
13058
95311
29528
86567
78164
16046
56442
79014
65480
36110
60606
9604
76795
5296
19268
83763
12970
96718
45279
58291
31886
69419
14030
70061
27641
18805
52853
31490
95650
29641
16436
8707
24952
45963
11625
19467
62008
84418
14833
27487
20527
75438
53443
13674
97085
72710
97436
10054
85779
59067
84696
17665
28485
98726
4077
72477
33882
73281
3966
29531
2922
20402
54589
44225
82716
66213
63691
61076
66982
78523
4914
87508
70313
58356
1181
67397
47418
14969
93803
33196
74035
78498
50860
18871
93575
71288
91347
27456
44569
11664
73338
63842
48417
44278
24418
31133
26842
4460
8560
93823
99335
13473
97683
69647
71829
15215
53395
19246
30183
63549
52441
4217
58399
19653
39439
51973
7292
30785
95781
68212
58801
85470
32053
7217
29748
72822
54701
72941
77282
63260
66764
76616
93085
64446
62614
64913
79660
32360
510
9843
95909
69302
30411
70659
5306
69850
22631
12598
16986
34763
80809
75786
20233
29214
99355
66332
2035
70407
39272
95668
33667
22387
72283
26751
86832
34896
8015
82844
83608
24876
9038
79516
94177
39448
66526
15835
25649
5508
44784
58987
40271
41944
34772
76855
71157
50478
59538
89544
20885
98809
85211
70903
21196
57494
14005
24379
8741
22019
23574
92348
63246
32611
88215
73774
88411
54740
89608
14059
76600
34391
73045
16870
76335
24169
10076
63843
90998
69613
53386
11882
84773
54949
82784
22320
28794
96788
46699
53886
35158
70272
46234
98403
19235
50800
88529
7645
21892
78136
38055
98491
28879
11100
31712
21565
51620
41787
85407
42617
11399
55145
70851
12523
26445
69986
34843
55238
83126
97893
9123
18283
84516
71708
33038
3750
38860
21566
11394
77103
16053
49449
75593
61283
76900
23656
82847
44871
65442
84606
3839
93192
56102
74689
5714
82546
44675
56908
37783
27800
54800
63257
62434
39316
51317
11823
59417
90176
49740
87163
67278
65793
52963
59222
27075
29862
82877
26274
91084
64670
10879
94922
74213
66980
69611
96278
49525
30637
53186
3659
74788
24337
83267
53573
80004
34583
65396
55773
24758
31487
42935
8387
97279
95897
83960
40706
42110
83188
66979
33193
64209
77857
28114
38421
61188
14076
51051
27064
61064
20588
30722
52203
44924
30340
5776
41280
64923
87523
97052
6032
19009
39986
30771
32640
52234
14730
89697
94343
97918
56675
27535
62126
50883
55648
16899
28422
86076
84301
55485
47139
4888
2558
99342
66163
32897
21469
7442
97819
25343
20845
20203
60703
60830
50973
93342
13063
65702
99390
23757
79971
56064
51291
58449
23298
23291
91699
51719
9366
75999
7203
72856
80886
26112
88549
47048
59009
26369
70842
73179
51711
91686
93381
12414
68868
44353
22107
81930
26407
37849
22039
6377
93912
73329
81177
33562
96619
72875
1632
22336
48873
8835
11544
46110
34946
92
93158
10306
26461
80351
83485
94523
72036
76865
23288
40903
21218
61747
39185
47624
99595
61223
70352
9858
50903
51529
43419
63874
40755
45051
86209
89628
70237
14104
52089
21534
14196
45246
31840
57008
41948
31676
67882
13984
8540
91170
71238
46109
52916
10422
10084
52510
71644
80436
78719
22547
48316
22138
86420
89070
83540
88980
95049
70128
3084
47138
8013
33631
8735
56204
6990
50683
87879
74871
64666
96419
66040
35903
58879
35307
62677
68963
4168
50672
49398
82887
73218
14065
21376
75989
3134
21267
81321
14535
91394
756
61672
99406
34386
70406
55610
57727
21088
59840
32597
2105
56258
14989
54360
15137
66647
17036
451
70815
84059
66200
70053
73629
80264
7780
49617
99749
29046
47289
14283
36791
48044
75954
52548
98781
62712
24509
56507
83799
84349
5456
2256
56958
36796
72967
88446
3442
6354
88896
90608
90412
55095
60660
64040
51710
68439
30009
51459
13836
77297
65741
66978
41693
58047
19526
56825
20758
44034
29684
4556
44734
35139
23163
1692
71934
96129
6489
75375
2482
95385
82335
92894
66831
42994
73285
18541
27785
3293
69999
57972
96942
52091
24950
38634
10137
44475
95458
30894
4860
25141
51802
65946
76631
74964
83989
64916
87445
90477
56643
6278
2213
38977
99171
69044
98322
88808
87584
26106
92100
73934
84078
89041
26024
25379
44026
52513
86205
39484
83406
91064
80976
35207
57009
73959
26523
40997
38874
13967
47826
11868
20244
50038
50844
35767
19081
49166
24574
23016
91623
33025
13301
92052
22066
55677
17430
66091
8189
3634
21926
91594
11050
19254
43153
84410
9564
86027
41759
64789
16345
89584
76657
52940
55973
43852
88706
91406
9369
29631
14421
992
79008
44074
9395
1073
99750
26825
83515
24290
46810
21793
32235
74211
57398
75387
58621
66961
77765
379
48101
94109
6314
41109
47049
62286
84961
52106
53691
10681
81737
84464
28024
60744
28537
37419
78168
44638
80595
78034
85279
43756
16178
17513
17967
73575
9252
76587
56887
87016
93317
21340
81125
99630
62448
28173
61915
47408
96630
31958
74441
78366
16421
2464
55461
61309
39882
49980
22298
20476
44366
7576
64232
60543
25088
98550
50470
34339
75136
7356
37707
68452
45047
35183
84433
7495
63355
46347
71254
59984
78304
45694
54702
11076
48158
26514
72384
4391
92846
94681
41219
37211
2256
5450
97753
43696
20351
64574
94386
95486
88282
32092
80289
33328
67274
64721
40822
46980
27419
12076
23316
22075
74121
94369
33150
22278
37234
5534
26669
30079
16566
67887
67289
18822
89688
81394
78869
10038
45967
73254
21875
34248
5346
2163
67576
88971
66883
24749
35951
10653
36824
75618
32727
10945
69986
65877
49574
7219
87762
92594
53650
4327
76832
20938
39500
66519
18683
18368
92908
64650
7974
14782
15249
29671
33296
99176
18641
16530
23925
70943
27183
77100
46560
59909
4396
32897
42137
53970
56468
46250
62915
10117
50577
39747
47406
6428
22617
66089
41148
15525
47090
49121
46658
78690
78791
79954
77866
13783
12835
1790
84726
40017
95241
47637
16278
99637
96886
74766
69958
53353
21016
32872
79821
87944
88970
43578
94371
11587
9666
51870
27111
73107
17342
73768
51797
12484
70073
46014
26267
82908
64155
27344
39276
59395
74980
71905
75383
71865
46671
45340
41569
67686
94564
21389
55629
83533
64967
66351
95119
90984
18221
38581
64091
51914
28701
32239
64398
98773
78252
90664
98032
58758
34359
53660
18152
9338
25564
93535
97555
72234
55226
39123
39919
49789
60512
11899
49674
41830
78250
44792
32813
12822
99725
13255
64735
28425
61845
29132
43549
56448
36147
41581
15205
70505
11592
33357
96195
37155
43243
93749
9389
98468
32871
65659
64609
9734
77558
14282
51563
72159
75425
84376
84980
75149
13982
66066
3573
75827
95198
47122
32274
47696
5054
63831
34553
16645
97187
47099
70151
56781
40847
95891
55248
90069
61550
36208
99803
55459
50489
67717
27617
25914
68444
28948
1062
82426
95013
20987
58252
6562
68108
6877
70610
89513
70707
5162
22509
84245
52260
92659
57377
9458
4902
28977
15878
66451
65184
15680
38261
15673
99749
82229
57938
68192
11176
58999
50617
22540
79985
25220
29102
64444
48449
99711
70308
35507
21224
9168
36104
89835
18179
93480
15644
23080
22456
31521
5882
87640
63553
44142
19664
63301
26370
77601
31492
53897
52951
98461
92788
32936
23680
21889
13731
88480
37951
391
23987
75526
9558
60090
65360
27736
53569
97355
50815
92377
28876
73048
96368
92428
17189
16031
55728
59910
9983
3571
30158
62933
2031
22946
12220
42063
61186
25951
30542
15489
42693
54528
91014
52250
30969
72726
96338
890
70080
63504
93266
98955
36552
89633
7734
70092
22015
79813
30002
31997
83384
60159
11281
1766
99456
23501
43828
60642
65803
90722
76130
8495
45249
83495
77096
92570
56220
73433
93459
26300
36937
86724
41606
89840
92708
49340
59931
31074
29152
89932
79422
28887
66443
90702
30653
65898
14202
90832
42891
80004
81553
19020
4850
43154
2515
81946
35723
75086
55378
29181
17737
8666
32256
59343
98505
41315
25034
58436
72388
70537
64719
68161
99424
47513
58862
46428
29763
89416
37259
72653
85771
35164
8025
90621
78317
26891
72566
14039
1976
44295
59571
19713
69313
91826
95407
67817
49492
20440
42604
21879
90976
23675
6391
6751
71187
65252
53178
949
71019
6789
89954
56790
41952
97978
63762
36620
24868
52679
50658
43195
96973
10228
79259
66285
18405
74665
50454
67896
11456
9409
6126
2432
33083
12516
25534
20622
94119
78712
21570
81490
1852
11523
38279
60155
25852
2040
96774
50719
71070
47431
93914
68042
74010
89524
50679
8766
64189
17484
93013
75644
26892
99138
94427
76327
28005
19961
96948
22123
15024
34869
3612
16875
46392
58242
77029
88595
76633
90154
39314
47702
53936
49579
32096
27945
39102
99126
53062
19642
16609
46074
95286
59852
45211
6064
36178
89567
26024
49477
28041
41047
84346
48005
74273
47089
6246
67653
35683
99231
57806
74996
63284
11741
40926
11731
56037
96380
10856
9098
16021
43816
71523
27658
20020
16733
33722
56197
22651
59745
5674
50692
17144
6371
98696
7768
53459
21293
91773
89141
20523
49578
80489
159
77671
21414
11889
50059
34145
39097
75509
50166
82912
47031
77823
19283
63764
27896
75480
2766
3993
97505
53457
37488
3875
52152
45255
73685
89797
37027
62825
10319
2957
43313
26829
96979
81079
38718
47037
15223
77814
22545
81740
77077
69576
75915
96360
49691
3810
88191
68808
24154
2047
22265
61641
22273
90768
23248
95957
80564
60274
75133
7235
79582
18446
34063
92912
15876
89132
56301
47450
83297
78845
29190
60374
64772
5104
73085
30814
25265
77627
99622
49419
96025
38238
11059
18297
29005
34306
30605
9569
10932
5737
16803
6865
40534
67217
99777
56409
56349
56077
3859
39645
51273
33048
16370
32397
54503
5806
79562
79767
99784
95535
29185
95808
33772
40244
14104
62777
90901
44708
88697
1832
50445
21851
8697
7330
89067
24825
63739
61767
80901
83949
17764
32173
33348
34133
80921
87850
56291
60483
67616
56074
56017
13153
51882
89789
69748
65985
68917
60648
27045
57613
78832
93841
95815
3880
1170
1233
28704
81260
63000
25956
65208
80763
74480
98555
31247
55401
2756
87537
15883
86724
43611
71899
99876
11844
78039
85975
77828
46955
46622
21224
20919
41805
15064
16733
45684
32586
17966
90739
13845
80965
16694
79053
78079
91174
93959
9325
46574
13067
96862
62456
99790
56824
50706
16017
68667
28745
1991
62846
92051
48612
422
12970
6769
31837
46054
52452
64422
64019
43191
78267
61335
59884
73671
39413
67409
83981
65090
13982
97047
78303
92789
96836
51478
43495
12852
36496
88591
14842
99341
80641
79806
16114
9962
86574
47951
56016
55377
12372
20034
14919
6990
97721
91155
80660
53485
58563
64641
18574
72545
61687
13228
65333
74875
64705
25179
87726
1200
30121
18920
16893
10762
15077
33006
20723
18002
97308
76738
89730
9680
13124
4649
16669
10844
95803
13681
80680
54365
78321
99254
26909
56359
12481
8594
31233
93538
50124
35311
94737
80245
70582
27981
7358
2010
60987
44432
20011
58294
37522
9740
84325
50645
30740
17346
77840
26542
31026
58519
80907
25698
74124
24167
98408
2957
49112
45993
96494
15588
97655
7582
95832
68236
35563
19541
86597
12901
63972
6607
87546
1493
32698
88223
68489
63438
5568
62680
6331
52945
37551
3589
94994
28026
44108
93401
30982
93219
55745
43827
8806
53399
67761
20989
37986
19675
40529
24582
32575
20853
47540
36472
22345
96590
24694
7186
76379
30261
86217
82709
99557
23767
86298
94550
51793
30405
4303
99126
39975
60047
59305
65133
13446
27065
86121
51431
46739
26650
92365
95665
47502
39904
32136
86198
36493
56830
9735
12871
3442
95952
11932
2999
19718
14581
13900
87862
61337
18202
3340
1311
78249
62644
66443
91694
6060
52564
59476
69150
95565
51840
81166
59418
8096
13301
61967
60940
86482
71702
90163
6276
84005
2094
9274
20074
16674
23173
7936
78010
41375
11275
95672
19623
90270
62115
27668
12681
31030
87143
81830
42946
55335
62995
18715
63430
92647
97033
40721
95481
85086
30883
1756
69090
32976
27381
89164
66001
50553
13451
60362
8279
41077
72386
44253
31346
50852
88272
60378
81881
91767
58559
41178
47101
21553
76244
26882
30551
73276
67602
26031
58362
14837
44138
27451
64164
71518
32966
30165
38423
46416
6878
46701
3844
79263
7306
51541
30114
95577
11918
28346
87343
70476
69523
50795
8380
62118
94028
55283
35394
77982
81313
93755
92818
41803
37557
56981
13320
86875
3497
51742
49642
26727
14795
53486
5989
38452
5026
52455
34028
33296
80800
37723
3771
66675
4869
28503
28792
15249
83785
80537
93230
65097
74291
2399
23251
28200
75731
36571
15074
79228
4664
64715
22306
19458
34552
44646
57909
39578
97100
8289
72873
94252
62363
92995
77278
83583
21497
22421
98831
5281
2958
92060
86730
93600
10810
9980
21799
86541
62902
53224
82120
67566
34291
4425
87023
68842
49070
61284
24771
46170
85924
13995
56773
48286
6990
34050
48220
44838
56470
47051
50119
59427
55462
53200
69379
66272
63179
91177
52812
26081
60753
34931
9998
95043
55707
97020
63884
4776
74655
5007
67297
60578
19001
24069
25215
25990
58118
73435
70828
14588
36837
37298
90366
92298
90497
59744
74921
70027
67273
44084
12459
28025
95366
22456
39419
51072
35828
19654
55848
10482
24660
23144
87412
43661
47213
28978
86002
21682
2412
56829
52621
55600
94126
42987
64250
974
19082
39170
71001
86354
83254
99811
30730
94971
22267
86500
46043
58094
22506
18242
84927
47165
41385
72338
7177
4949
1316
93179
42983
20079
50007
95603
75679
60485
38589
39928
77810
74023
95449
48810
60376
95054
48621
7458
90025
87239
10309
36067
61684
32814
54308
46610
96331
12044
35300
3507
33345
52967
96685
76327
89397
63044
71929
81427
23528
26870
37706
17689
892
33155
66499
77619
28208
31471
1428
34584
35061
28089
87002
96744
60902
57661
59705
57232
86057
95004
60739
19401
64322
57423
12079
53719
36818
359
35145
60345
43580
72851
94386
44471
6005
60884
38442
50564
8706
39869
1500
60118
67957
88501
56861
45211
46162
16565
2442
32218
27921
79532
67970
92242
53307
80048
62312
90124
96758
97457
66821
40338
70307
61206
84808
92663
38441
39601
59578
63498
79470
61077
23615
63778
49578
96827
25340
95739
13391
27782
44308
57663
23665
12277
66257
76971
8676
28568
83447
5433
26024
50267
45770
12682
11472
46930
21696
66264
2882
81274
29761
98703
42350
53375
62481
8279
50201
87820
4017
79943
31953
64676
53958
71970
93304
20214
48940
1979
65133
48738
23764
91157
99004
85885
20190
26827
49166
41886
93090
52048
23159
22850
50750
81860
92576
29582
90139
42776
33754
10507
39071
65706
75183
93028
54027
68486
13241
19319
86817
78373
68056
10580
85881
67060
96464
22423
93886
61982
64308
3328
14029
3818
26177
64778
85677
18753
94360
75815
77880
28113
86322
16950
10170
77856
9977
64197
62693
39569
99867
49509
34294
67922
60088
20174
34981
72904
42596
45219
34885
23255
64898
65265
27072
91074
30042
29101
26178
40753
4915
20410
85217
7588
53711
11739
85443
63688
92287
48136
19608
92153
13996
53901
60074
90436
90427
11407
63339
49374
72977
14575
88981
37874
96191
16052
45299
26232
61504
87829
83337
66419
8238
84905
90358
61948
96643
92153
41987
88929
40288
77947
81081
70635
31847
57507
61070
38625
85265
40760
87999
58241
55334
76979
12466
51524
9382
57764
94108
70886
61944
93796
53656
70181
78700
44013
48481
75343
36165
6819
80623
92804
84765
78056
63439
32964
35562
40860
71588
37178
81620
75938
95418
53305
69268
7883
4829
95002
81998
15288
65887
43942
9083
35894
30474
4134
96258
95306
95828
48775
2125
76451
41578
3241
70858
21368
36204
22771
62228
24144
59948
60199
81
55365
13503
85701
79599
18331
80702
77948
49970
62940
38241
75404
98833
68715
79538
11442
64020
91717
60216
82496
84519
18146
2089
55376
39513
38292
78146
18092
62435
38093
78290
78868
9809
91793
64568
5759
26475
61621
59
92797
24560
38299
68200
39744
7013
64089
51185
87385
55806
11401
86232
40324
29546
88320
12052
85410
42964
90197
19854
5398
44642
98143
617
70802
6287
81536
92913
49114
43156
92971
41910
84067
31269
10109
23810
54634
90550
91347
58370
62707
2747
44601
19382
48644
49273
31433
50405
92236
37982
70258
13985
98975
84753
14602
69776
91039
12489
79040
40152
55645
72010
82061
56063
19631
8522
79873
90616
15423
87571
48985
78129
6669
93585
97510
55312
42857
45295
5716
51444
83276
92326
65429
82250
77078
80030
68377
68116
8870
63769
24620
64514
52130
23032
36929
71760
31553
16801
62375
63327
20723
11359
41455
27391
21296
55317
82702
80504
611
4769
31948
83886
13446
97376
82487
90523
93757
67215
74991
2626
30983
99610
83492
99465
22641
36772
71224
70546
69924
49951
33872
90646
77661
91679
18036
15308
46995
17089
95812
47605
38209
44111
47842
51655
57838
46680
42177
67946
30246
17167
86923
77581
16776
70414
77045
55769
7185
48268
42666
77108
14570
76537
84105
8583
84567
2140
23890
31561
19228
36053
95517
57437
80163
43358
9091
54352
6389
51267
22297
36635
84786
9220
14215
1561
95985
91259
73681
19522
55878
16346
12981
86800
9235
97086
95382
93801
99225
19271
41714
34805
55324
37230
92241
51838
96940
17683
6190
3328
85301
44838
56314
70086
54057
86880
87999
50042
78138
78031
69563
50368
94377
82543
37167
19963
95980
32548
13763
95205
68170
71828
46361
39845
9058
54953
91683
5997
72635
14224
25676
74287
59061
98342
44373
29470
85221
48723
79511
79711
26753
65425
30078
37481
64319
83596
57443
60299
32495
87558
71855
664
59385
18215
40509
84794
73167
48543
7142
62153
79118
32818
36439
54530
47511
97163
83999
32731
45885
63509
12441
88990
45285
58870
26470
25956
42465
83913
86254
91311
87822
74460
91975
63558
9026
48835
48352
98544
13729
55493
60696
92846
4662
13486
47375
52172
10649
31374
84903
56533
11234
13695
45522
72871
88917
88344
98826
47733
88608
1431
39044
76429
75890
47370
39986
1267
96204
4689
99810
26284
60182
76857
19129
64843
90342
82855
17015
990
14228
18269
73875
41814
48315
35748
31036
53583
24091
29861
1316
12698
31291
56711
5478
23532
20432
61816
24798
16635
66504
40959
42918
26685
17815
78398
7880
8156
61252
41246
25498
91832
75866
99372
49997
40532
35119
81032
94115
59210
10892
11782
88259
58534
84844
93737
82065
5275
55552
23214
21909
22055
64172
81178
48740
81986
75927
72971
6493
37178
14216
31990
45361
90081
31361
95357
30612
66480
76388
24726
42041
87279
52859
30299
62164
37702
24035
44228
42976
95938
67441
81236
17993
47964
62413
83084
46301
54691
56054
52794
91869
70269
84783
37229
60349
32496
32586
7312
15327
25325
48390
57367
28956
1248
4017
91119
38950
44404
35347
81925
40341
19139
63161
74685
83455
41925
57768
29755
96616
13821
82548
4836
441
83683
58416
77141
16178
7353
84453
31504
32678
32842
5222
61633
34089
9238
52751
89390
53641
4449
71315
10334
39940
50827
85018
23394
9103
42786
53148
22070
72958
35696
26905
89751
19378
1673
66891
51907
9025
67695
83410
58054
536
88631
36038
50977
14220
5141
40366
67861
25941
28032
94546
65880
95210
79563
89273
4313
38700
58773
26382
11658
10820
69639
1408
46549
87663
84650
98455
13039
52345
81864
87445
69232
86846
23482
20208
1065
44974
76926
85277
70915
21309
79822
36794
16519
75737
42419
37183
14436
17543
79916
42445
28362
65906
60204
74910
53568
44854
73364
82959
97198
71579
70403
66429
58424
10236
2989
75840
55210
79914
61117
26124
17574
57290
79269
34092
33026
38039
87626
47462
55581
67542
6258
294
33447
66462
75203
3367
11315
64918
86325
24864
52848
56727
7644
27623
66962
10632
3463
38523
6897
80931
80998
24471
38220
60267
74914
87598
14657
62540
51411
86590
30081
57668
86883
79879
24129
78438
99597
51795
59707
85921
76658
12555
58999
84302
56529
42313
94933
59991
80835
18182
57273
78185
42652
11845
54803
17565
99442
69459
96456
50852
56048
42888
8519
59283
39119
49000
54072
38715
794
13778
40988
77452
26332
99986
78105
82861
58650
73037
59203
55837
7570
32828
34021
50221
44672
88823
84138
44113
74633
96945
11316
30681
39833
19834
6315
78951
68833
60386
17665
85979
90515
75004
63430
16847
74990
41534
16059
49991
30922
91613
5827
38492
24440
56199
5064
85463
45021
5553
29575
19654
2498
40890
66686
42330
77076
89352
37632
62260
49737
71648
48238
40251
46652
28019
73449
37993
69552
5859
87983
16826
13824
10162
71669
54615
66360
93084
40078
11381
98637
69652
47386
1134
26894
14071
59815
3969
3422
13798
82580
69510
85445
30818
26112
32096
58836
99561
70088
44740
21771
74423
61565
51946
84584
49585
6561
50943
42668
46638
62323
57656
32641
9708
75141
75886
40130
34955
79854
59903
65104
62434
29412
50549
9603
55524
98996
68438
71436
85436
13177
9558
59858
91093
61504
44441
57029
68064
95383
99697
31053
74058
57352
80045
117
48845
55931
40247
151
52136
149
65255
30921
45913
15803
40523
1436
31150
25313
89223
16585
38489
98780
76442
45934
76635
37234
2962
61050
32617
19010
92102
23026
92714
88499
23142
41558
44429
79740
41708
96564
96241
6962
27485
42153
39116
68007
59940
86618
9671
65514
3202
48160
80645
95996
10445
57280
33229
29758
34681
82197
48768
43135
5222
57833
31633
44716
99390
76061
24455
57449
72624
37047
80763
16460
95551
36230
819
55490
22847
10489
37355
26049
75000
18000
22044
85444
75279
55272
31554
9959
37469
80321
53093
59042
38153
1077
3757
53894
77137
44564
27694
66113
97962
8456
98924
93513
61038
99742
65354
83884
26583
2709
9932
1582
20708
48327
3378
12338
19951
34931
38648
73771
31603
8093
49164
86107
9169
52921
56352
86306
13836
84045
68770
11797
8853
67693
21661
69890
83787
87015
53773
10369
89723
80057
28302
10430
44735
48031
22767
64685
82961
77766
54807
30915
85858
3971
17021
95027
73243
73372
97684
87078
57417
82805
15226
66269
66849
36887
52510
50635
23901
6282
77355
29975
2690
5657
40404
47425
70039
79522
28461
53000
57287
83268
83914
59497
87238
17287
54523
60480
90658
68558
63909
64426
51362
95486
30694
18210
48724
99555
85197
88976
5837
62551
18950
8526
84559
75705
55950
54598
71578
84411
23949
45217
84030
24214
4713
71267
41500
75587
48098
32158
44144
28358
96583
11857
40195
43629
46418
88919
43183
31614
77894
65371
10517
96844
73897
95075
88900
46198
66024
60478
46960
89972
5694
30989
14186
10406
18607
55685
2344
83056
4194
46487
27765
777
74695
67960
60757
37464
56878
3939
69078
51123
69310
95946
47966
59558
91020
53218
22107
73396
13695
69067
63367
35740
16407
93904
62497
51366
65941
64840
50773
70134
27678
78538
70910
18724
62849
48018
56187
19726
51957
41616
70848
37618
37561
35166
13527
44933
88383
35633
18328
18429
21051
98046
70520
53810
91950
33016
5175
57890
14207
72299
28023
58236
50836
15285
76959
13684
63302
33145
49761
31610
74761
36961
85579
12321
72126
99105
57253
76860
34738
91932
11640
55788
89978
82159
9597
81927
31526
31123
56168
45732
3422
542
3967
70609
32178
97277
645
11832
30421
66757
43441
21533
3717
45372
50206
92194
44476
23810
69053
79213
15742
97044
51353
5719
95554
77301
3997
27079
24776
60164
89162
44549
77057
9480
31509
9235
6756
48505
21066
53529
15262
80858
91413
35330
26229
41618
27524
70705
65428
12928
66269
97521
9972
33973
3239
21877
27626
7235
48956
52401
83750
38117
96949
60806
63949
44809
70040
70704
93314
91105
40584
8575
88315
31997
60256
14543
89966
87779
1599
71745
17059
84220
69265
43382
18192
72503
65258
45817
96089
14213
14569
79838
68682
27869
40644
32630
72678
27035
19685
65991
34492
76621
90917
22806
8617
67524
53700
14934
55303
55299
86679
88713
39518
55943
32094
74061
44798
97351
36230
40886
27916
50798
37076
12949
95019
94071
61930
67696
21105
97966
50038
71948
74586
57306
94753
99554
24829
64805
14488
96483
36455
1166
85195
75972
73460
17288
66384
18257
30991
2613
75495
75258
69763
12570
4558
64781
6640
82839
48828
44096
80804
98865
16044
55390
56170
27148
71295
80998
91952
85782
77481
28406
3299
62675
20729
93111
96315
3465
11367
43657
6077
3213
35266
92191
15782
39823
56971
38773
22661
5798
82869
19816
21014
98912
91557
77183
42411
62852
74533
34363
64985
68365
79120
84636
47391
16201
77746
43705
19665
5464
3713
42093
8677
38978
34284
24458
95152
7606
79583
34164
13404
62451
53980
50769
77714
61888
27952
20124
24739
18836
70838
89724
87200
49958
74359
34590
82510
68456
94647
2174
73919
98359
44266
82595
53689
94901
23405
65192
2507
2987
15708
32262
81789
69687
83030
59502
31574
27333
79625
72665
46168
66815
78740
33367
16772
69450
84309
15633
37905
78955
17806
28175
93665
78423
27122
47353
73324
50526
28897
92182
69864
44604
24443
51652
30642
23824
27505
78567
51157
23481
51231
13676
90295
46322
63395
23418
15771
47703
39050
70027
26657
73207
98202
20321
67982
25323
84026
57657
92200
29274
49838
78415
73877
90632
46418
4518
14455
73922
99436
81963
97402
50667
95639
87697
13340
59033
27466
29111
23087
66516
15489
49743
39722
13690
86415
7703
39012
86792
65359
47563
16065
31548
25977
89941
22179
72394
10810
52986
46315
10246
34948
60069
77264
46938
64117
90603
22322
91582
36065
45408
58097
51554
95150
14171
65243
97917
38225
20607
84708
19936
68169
17125
51483
94146
7065
90014
82891
34227
42999
29206
44472
94298
89274
38087
57588
53390
45041
79909
44971
81106
25317
19420
32659
36818
49942
14253
34734
88166
51211
35794
24453
35732
52918
92288
46229
76334
82301
29119
10560
41651
74676
71383
52300
80301
25821
9887
33690
70862
89796
95013
51967
31464
30784
977
68281
80725
31581
19367
85242
82792
71512
9695
34875
24429
18334
81103
17114
634
26573
44026
58636
1249
15408
10935
81549
41229
37174
31591
28442
43321
42955
80408
74784
73738
81384
43064
70814
29316
78782
72407
28459
50293
98453
63333
91073
16786
60787
8187
17419
87360
52212
92406
88608
83971
19693
70156
41551
56866
18098
69992
16538
61052
66751
91321
51141
64486
50736
21954
93802
29518
10713
22260
96162
9165
85593
87235
25951
46379
11773
59721
50090
63984
52127
38697
64306
71819
25205
22209
45036
43302
92200
61573
20706
58951
69245
71846
23436
19980
10152
33589
65849
20864
55849
62011
30028
57793
65597
72330
20523
77369
32051
70613
41352
84177
25661
22009
72347
50865
44217
17382
10519
52769
95306
31224
11719
64550
19421
51506
881
29572
1447
66730
66787
57295
45092
13167
31439
10688
85496
68313
88056
17546
55277
45759
1722
80938
67767
90420
48154
28336
24153
58672
81104
19458
6247
9174
359
42020
60679
1240
71591
78477
84321
54730
52123
29412
67896
83561
40099
69743
68226
28154
87289
23502
90264
5362
4439
58030
12134
52593
86365
36286
27616
67468
55744
50215
76641
72454
92234
53672
73693
80176
48500
58013
34905
623
3776
19152
535
43874
5247
68760
88379
8887
92262
78642
14248
13052
53024
42733
81996
55740
79019
25964
23208
51114
76178
16200
23567
84763
86223
97260
64938
34723
71624
16195
51697
91752
51698
52231
51977
56944
20991
40356
65830
29604
35349
96430
42655
4724
39162
41003
60464
18180
66966
23
69293
59495
32574
9212
44257
18797
6471
25546
69871
94446
41740
21567
86197
9790
90149
38174
66733
11139
94881
48915
57094
46581
45344
99749
51305
857
40751
11768
35389
24068
28142
21033
83562
60715
30244
27818
95863
53066
53363
65733
47512
11455
3651
50060
21244
10152
4585
87976
21290
15817
53242
94736
78750
14937
94484
30054
15794
51586
58173
51182
92005
86314
88566
75566
63380
18810
19735
59243
71875
73097
41327
35738
903
61330
2150
22146
71481
23086
26474
9122
38903
79715
3857
17652
94652
14692
64057
26797
82629
38581
94330
74633
41246
82895
50198
4625
1704
69932
63867
89931
59381
21546
25668
60283
82875
44169
82429
54355
67255
25254
79828
22509
4968
83685
40160
15971
14728
20568
42767
97357
59148
37096
71989
393
19991
22187
21369
38046
8470
85236
27976
67850
23133
69996
28133
6007
14164
26913
76713
97770
52166
56540
20278
73485
56576
76789
5808
71304
97356
48574
85012
56503
2022
57000
73247
38364
79186
94616
76409
4008
96203
20737
71857
19335
90732
16341
41693
21247
43253
18405
19017
11770
91296
39294
1607
64224
16083
7414
51879
29790
72339
36890
2645
74360
93889
75891
12723
89427
86858
5484
93434
83060
26220
81642
18746
33303
97983
60438
70901
57587
95194
6269
69357
86490
61915
87315
67065
77997
94728
18943
24138
67066
72184
26782
41426
82424
2673
70500
71850
89530
92335
81635
88942
34906
63277
7687
84560
61259
68125
55461
35197
63318
61729
4553
66159
23643
91867
49575
17991
2946
68517
42129
70012
57052
85262
27789
39476
87934
14640
27677
93816
6975
9312
99109
58232
72588
6795
42792
50198
91271
98252
85394
70941
76332
6299
37099
16327
14517
86674
50669
17463
71542
9149
3826
28594
94411
47966
84421
98696
78957
12097
8863
2283
21408
7971
60515
10347
14766
3306
76896
22388
17909
62290
93328
10592
84940
30427
26918
99456
33452
77587
33270
4993
86735
53447
49938
97497
1412
50710
96193
80369
62807
5055
82651
566
13026
43165
10913
44143
62822
87808
66530
80730
66449
76210
91322
51388
6636
34591
50844
56439
28529
465
77783
31616
53912
44073
29112
55323
94782
41656
52043
57588
46711
51046
58154
76088
94210
85418
36582
73384
73225
19463
70465
56026
95672
61786
7413
18659
12729
74608
75097
41257
75073
69232
72872
28984
13304
1984
658
8085
43639
52701
65673
6701
20098
40178
99140
30659
25595
35721
4042
15171
71536
74507
71196
67207
52644
78609
2218
65372
69568
77314
6629
44640
46545
95852
89975
59848
97835
90633
84285
57826
59685
49957
64526
79782
6486
80018
10440
48432
15738
30834
63602
87273
5340
51150
70832
57983
29758
73049
39707
15677
66714
46335
60317
29611
42186
50291
89458
56373
57275
90094
30550
33311
40050
11427
13092
62887
91444
39884
11318
7182
70717
91272
10806
92408
42421
97989
66742
88530
71037
6448
4206
37751
69134
64522
67361
27672
31165
73170
84044
88439
63264
14593
21750
19665
42371
51193
82552
33815
7428
10221
57348
78144
1492
68153
86903
43912
66142
53645
32441
53530
60092
36647
7632
29226
17520
74992
56897
48684
64514
57292
53475
44129
88236
91576
63793
30606
42768
62696
64420
50196
89269
21767
44691
90760
6272
31594
51024
88765
1590
99816
58646
61681
52814
66278
7258
70334
57621
64154
35369
22134
37797
5195
66262
26032
96770
46407
72990
55890
9102
53761
6085
14722
91880
67127
5482
98151
15072
56505
3267
16661
56320
61912
94694
9134
28189
1951
95819
85810
82457
47539
24295
36605
52734
90557
62637
49503
53315
51978
5392
78768
5738
27828
93490
97617
94955
98971
12119
26378
71827
15385
59391
44498
93649
54084
69983
38189
72386
65801
23998
54842
13340
64645
91447
66073
71553
70435
31927
24867
22412
37319
3634
44501
81498
97123
42118
76452
96093
70588
19182
84271
85973
78572
28769
95973
49007
15103
34161
21392
80904
74511
92586
10595
39155
84032
93019
10707
70818
24945
35573
9581
78615
55558
54081
60113
52681
12550
52916
65125
83138
88449
49396
85462
67020
94516
81434
16026
9618
31946
53770
6873
6456
46355
33819
61962
46738
26837
89020
33907
68134
24592
43487
63100
96502
13919
23212
49182
42821
92480
14306
42310
80928
80053
27771
64300
90920
25556
96677
16890
73853
50446
23762
80309
13152
57581
58622
59889
769
47642
93795
85254
88585
53633
48354
85086
83904
87917
34267
26724
96748
64925
69033
77676
61329
13155
41975
52249
55062
38651
69138
28914
5449
9251
25574
18600
83183
84196
78489
83952
48189
88635
85557
36773
42268
50262
21859
26171
54531
56125
69246
51278
37401
38278
45305
98730
67784
87279
50978
39197
42282
36467
68110
47730
45717
10036
66329
28900
10583
61169
29203
58771
66156
14759
95543
8423
81373
17401
50945
35903
89878
20190
3532
27278
74819
48837
42359
58954
36115
93336
98150
94748
46154
82611
58829
91871
92646
25158
20770
3228
2678
49972
61998
68833
81082
73893
93607
78806
91293
60903
14708
97522
97444
34592
24800
88614
83428
67158
47567
35894
76846
45716
30642
39351
44679
89470
31221
37324
30979
68342
56904
50009
18313
18901
18841
15747
92793
28800
94552
438
89702
25612
97959
87146
60203
39110
75759
59982
22620
39678
95875
15817
1745
42868
55167
46423
32338
86388
83747
79668
54729
57002
29676
89394
92254
64869
21492
85047
93668
32395
1836
99721
74358
99794
86866
34560
55256
78977
94541
77875
18654
6768
93691
36750
49635
48857
83173
81972
51596
83271
77992
22677
40272
7667
12070
32525
88887
49913
33923
82554
82307
52110
82275
56665
68256
85492
7576
23511
80820
18469
17737
15825
25236
11427
52575
74870
76635
52099
73194
44583
35369
51185
67259
91992
75203
95680
40868
80442
45592
91143
62995
44250
43252
61621
914
11507
63465
24842
51369
44284
43310
69105
60109
68545
96883
29035
59766
89870
81133
32959
34452
32853
495
18062
24844
92050
13741
82063
72491
75684
73205
51837
19933
16457
29810
37199
44315
9626
62040
12036
53909
21701
81140
30369
90245
94375
75755
66362
84244
56887
15673
35047
89739
16167
53108
14582
24568
83200
12997
13410
75235
86201
81599
11519
19009
11408
48717
63324
37385
27108
91711
7645
48808
72850
54366
55404
67224
30120
21766
67819
87007
37438
2865
76745
69956
72324
7679
10876
55523
20675
24285
30757
23227
22235
58628
42236
49994
7344
21911
87378
50804
13621
95023
15963
2822
49388
87719
70046
79507
9484
54216
82865
63273
57081
75962
49580
29404
83640
60455
1279
20666
1092
48387
60244
23326
7014
2479
73320
30710
24389
77049
81513
54361
72071
13827
57183
37810
1545
43580
17317
27380
97795
16533
7004
71227
92494
56584
631
92485
33390
18261
29502
34481
66647
89746
74159
73661
92224
63830
4370
32965
40878
2234
87325
12949
16060
60859
67110
33957
4438
778
61336
18585
17311
68340
89811
9804
24923
6793
2289
74664
41405
31790
25497
8052
21535
99655
81712
30111
63484
2433
63075
20713
4666
66751
50013
37077
27610
17123
71033
48399
17900
32369
83335
35210
17060
89498
61366
41982
96290
80006
32997
37695
11795
58493
62098
49682
58147
60161
96144
37982
62593
75570
58695
83610
42320
25059
37038
86281
42181
24423
34680
60081
73143
34366
11642
90202
23863
73007
48535
20153
69364
81531
74199
97511
40024
52648
47192
14522
12808
59687
52504
91752
35256
27550
91713
77575
68960
28750
80208
11141
69524
31239
87573
42666
65604
15566
32867
89467
88573
81401
25971
74288
62932
16521
71798
19307
69168
35341
33828
98327
95027
2683
90078
30282
46584
81790
24209
15544
26891
4416
26684
96415
35654
14256
39080
1257
29821
88299
90723
34745
69699
33045
9033
48982
49565
97182
68288
18732
32523
2116
17058
27549
21150
23487
57831
67734
21628
98391
83277
64871
2806
9960
61285
38459
40567
16716
56067
86739
21366
46790
37836
91065
79834
63220
56398
45751
60401
24686
64482
92923
43153
97892
36824
64302
21378
11006
32035
43006
9396
15311
7876
12201
41622
85512
50659
82188
18579
23077
85279
39945
69866
39466
47361
66052
2685
3758
11802
79437
28443
92635
88712
87947
90526
25535
52249
28256
36540
84283
87613
45935
15946
11840
58135
57567
97351
25145
56107
32281
48221
57737
72225
34439
97202
19585
16842
16238
39695
44995
12026
68137
53981
737
56084
60859
26271
24684
89114
79162
25318
76726
41448
41263
4917
15934
15182
2267
57430
71288
50899
22003
29024
23124
56441
42577
59060
89634
58814
98754
34628
87191
83243
88608
87928
55678
65818
30550
80361
54931
26064
22030
48008
67511
63293
52924
83445
78474
71542
40874
66113
22441
62876
11488
61916
35668
70416
37327
41653
45581
36081
92632
32771
35675
81240
20698
7704
47057
51248
4416
18340
93663
26445
82699
61173
89737
35623
44617
84562
23516
1843
67026
45956
81070
78513
7871
16738
48928
45198
74742
10860
97630
67374
43631
49656
64965
64328
57359
28373
31927
61774
46712
25589
4570
29411
86762
10659
81385
47730
95220
4900
65924
78598
50856
46994
73462
75078
80083
38742
36627
54824
49601
50608
22197
93231
263
3513
57559
73973
31886
5837
52098
78597
47778
56668
24359
50891
67326
5743
98620
78897
26995
80896
57494
94202
27889
30956
69279
24323
86049
22258
95498
35649
72865
34047
28880
89480
37559
2790
63452
69444
8626
15550
64393
56403
72217
88751
7293
55894
10846
22265
34790
54192
3160
8636
48393
47400
55943
34023
88074
41991
56280
83571
77639
45497
33969
6518
34976
71528
9307
98427
57323
34285
13976
21715
90687
2544
26818
14332
58437
54015
36596
93227
8206
56107
18214
72950
19858
74156
6972
7931
16146
79604
7853
10136
25100
41822
16654
60075
29701
42312
74853
3375
76596
5181
25090
83635
7724
68259
14318
66161
22273
67265
75739
46830
23371
93952
19779
43228
68107
26750
67510
604
22705
75362
10739
47804
33535
43744
24230
79587
86056
15435
82962
79003
20615
8051
78989
28338
92661
93306
10850
31285
60570
86588
78114
292
80539
97892
59871
64997
40993
27380
81952
63698
19094
92691
27853
52628
36434
68435
32215
38841
83869
15176
34196
20835
39578
29536
49172
48590
22842
60022
79874
99763
62961
57987
16407
59852
72230
76277
41200
29574
20009
23152
9623
39102
15842
53828
8081
68627
22262
56647
23820
22482
71822
74367
43316
27751
3902
92487
76340
43095
68860
72565
59210
48173
30551
75616
8024
19132
68244
65575
48706
88252
88726
58328
43705
20919
28507
68138
5898
50768
24784
29717
73249
12958
20435
32916
40708
24336
41755
33400
67431
26966
5964
42992
75138
52867
18607
99513
71998
3202
65088
37055
91454
53813
11735
51510
74732
40241
19647
96981
7361
44431
43049
96961
57388
63483
29877
14447
87818
71631
47846
71600
98596
70162
14591
73734
23028
49549
89598
11377
52751
54685
64784
60556
8498
76518
12065
99581
16758
48064
12913
24118
8846
55961
21079
66233
19443
67307
97031
23612
38937
61229
11564
53884
31390
42506
43969
70769
92055
33567
98497
61157
88251
63280
21712
13100
39797
50128
29032
72907
14543
41944
13376
23388
97904
50806
89620
33698
18112
86651
57310
73400
64231
85225
27284
95620
27730
71252
82740
19784
4818
81236
97292
9421
60868
19003
38872
664
85483
67904
89922
25
26199
3298
23413
24103
70455
29384
74152
88567
32386
31461
78318
96616
16685
5601
8587
60767
93205
91326
96902
98022
88914
94194
23794
49781
29548
62666
66796
15030
46921
56718
31407
73119
76367
54819
13573
46821
84202
87725
51739
32940
35537
30057
29555
52222
35657
54494
29340
45213
45819
26241
59587
51084
20434
83380
17216
49982
46045
84012
81363
92965
40729
12769
82436
33447
67587
96008
80267
68141
83732
32006
17432
19269
78414
46986
87842
30422
1479
17181
75635
63650
43421
35221
31085
80207
18600
48301
30188
80997
32312
27902
90313
89392
40671
72748
39190
24609
68756
19456
92749
68839
67813
10180
4459
62578
73518
92300
93000
91348
25832
68634
71349
85605
20206
2434
65811
38805
67086
12350
36153
15749
40251
42818
21492
80921
15565
60681
21882
672
96488
30982
85863
80653
41162
90321
43230
31031
98973
36229
38730
24804
21214
10079
10408
41419
28864
92570
96576
12301
4919
32728
28049
61522
91897
65892
42442
23814
42924
80675
24485
39411
11657
26699
36415
69170
17020
79645
200
15992
32225
38929
57147
53439
65359
67555
94857
10574
60124
7784
39226
81395
56864
67274
42916
48760
49517
1709
72573
92440
82384
13410
48203
94040
40108
84617
63209
73479
64261
79760
5822
96486
35040
62969
66276
16751
46875
77484
27324
23350
85268
66550
4744
42131
50175
47659
90890
16044
65720
79815
8483
48103
93224
56685
58494
33331
41302
21702
6810
21914
1461
28983
18399
52852
91951
1026
69602
38825
78510
13278
62175
80129
96179
83270
22259
62705
47281
29500
78748
13000
9314
87231
61102
2537
60267
19595
52220
1568
57648
75381
39834
75460
4363
74584
28311
96314
75610
14265
51490
54119
27542
30016
50599
23720
29638
72857
86424
76918
18708
81524
89917
44374
68754
67370
63262
45372
3316
15481
63292
60963
7213
3125
52774
11576
77708
97436
24241
53317
11700
92082
23787
39241
22098
74385
79312
51735
63593
82088
45004
98653
63611
34920
43026
48716
18641
6287
94087
21956
38120
57378
82918
45332
76854
52043
56907
54562
49478
97499
7878
61178
89581
48017
16770
11678
38753
96082
79764
2346
94521
24767
17350
74483
76038
60375
23198
94678
83013
33636
32985
21132
7366
15902
82816
84219
84296
39722
38780
33773
53573
63010
94950
43153
27378
28072
71182
66130
40505
50945
84827
35025
92063
2176
9507
84452
78902
49056
95481
61915
99043
28465
99398
22760
60718
82213
6979
45013
38287
62110
78785
91859
41471
90087
35011
68848
18158
6192
34978
58662
73488
36156
10038
81902
38332
35896
82705
33585
84951
78185
95499
345
6649
94897
23105
83718
93461
30083
28730
31747
8544
23866
39957
50015
13952
74967
18862
48461
97510
70191
7122
87349
6347
17159
85602
61030
53054
68306
94614
54356
46490
90113
54701
69490
1361
94157
53207
11173
40591
98288
42920
49134
22154
99228
99148
52457
74195
34362
918
88056
4552
8039
75405
10898
41550
61006
71927
10955
45664
66541
65311
92153
73005
36363
77995
90717
46871
47553
1889
87461
45841
61160
36594
84346
60388
52094
36802
50934
86455
54071
38989
91006
62110
30745
18256
20011
8103
6534
30965
53766
89426
12627
62270
62430
65341
56616
69498
12211
4169
71387
99671
66361
48898
52617
50706
25637
4710
3859
76570
7516
57930
31911
98521
36391
62655
16776
72753
87109
23310
3717
40874
29087
32696
19496
91517
14388
76111
77366
42951
96631
65104
58973
62991
14002
11589
30048
39638
32650
33907
16208
40165
8188
64470
55038
44578
27124
88165
17330
30585
27826
37398
71458
56913
86445
7305
48429
833
83416
25794
43783
80046
90898
2755
59389
21251
30696
89436
60888
63345
39694
93447
19862
47881
57916
74899
8810
1392
63063
42491
31976
90889
79889
19785
47801
82685
27090
12581
99869
26857
54726
43651
23254
61975
62758
82642
83225
9805
88430
60465
89501
44475
70263
9362
8708
44531
84260
17517
45922
63675
76360
94249
54563
56248
30385
2363
55284
57474
31295
55153
682
86020
15155
23936
64347
77912
22929
47571
4068
11358
24387
93569
72185
94650
2930
80892
55532
3542
14760
17805
67216
91119
12053
21778
63718
42437
40492
19002
16263
88138
74154
16944
74157
89308
57231
38503
83572
80160
2426
87639
7869
43164
81207
80053
54165
489
60944
9696
4030
75704
27500
71245
66822
55904
93022
30540
14693
49865
49541
30955
38002
40046
64250
28510
29353
37833
83365
29276
17992
85790
16915
25860
45305
14473
5913
99470
14961
83208
25517
18990
58911
53017
90234
42085
25272
99607
72624
39964
65823
38516
87270
3824
78561
67872
48686
24265
5704
32050
53541
23695
34191
70455
65906
79495
1279
88170
95316
16240
71378
20833
51581
30288
90201
58167
72372
15472
74125
61347
55436
39948
99862
59057
60123
94774
26928
8808
19039
32631
57209
72579
72677
91399
59385
54935
87246
77015
43104
82561
93254
14481
3393
61187
44769
93593
19353
33492
9065
93477
94839
80852
49776
11052
56260
9899
5826
83188
35058
41216
32170
8619
13794
21199
17
89530
76133
87262
66544
19236
86175
76150
33717
5919
37336
94837
99512
73040
44680
24928
82868
39518
22131
32644
66922
78390
58894
72747
77929
10303
13962
10099
18921
44107
31297
35290
49988
23781
38903
32883
59368
25077
9032
9436
30996
62719
4272
46859
35758
48952
71786
18626
4821
10268
67621
71742
88657
26514
60840
66586
53168
91153
93036
72089
35259
40684
7378
1598
64464
46280
34481
40183
87709
43512
49619
18704
22583
53890
65562
74692
19193
53699
9669
40366
80318
77289
28459
68974
20154
89299
51911
89674
80451
61298
61762
32062
1981
85491
33659
82796
31770
68139
22979
19478
28003
72597
54533
66937
42838
36446
41628
78383
90144
67649
18748
70461
44937
47206
55787
81443
52856
24049
71116
33307
85347
49229
81720
3679
34719
15378
2827
82840
99869
25805
18670
44223
14753
89554
11159
73942
26000
69138
52324
32495
36786
87423
19308
98075
50981
91446
95869
3836
15494
66984
53494
17192
32564
51565
20871
83634
66943
23697
66473
83163
65853
1494
27385
96957
91048
38543
70898
17047
24032
39574
49541
60818
43348
68848
58892
94328
76645
54760
14516
92139
38095
84361
25682
87010
35926
62904
70643
19220
2952
53467
2382
68804
54961
29766
65760
46008
84660
53010
79406
8691
92583
45298
85860
35930
30498
44751
46610
7142
15862
77477
99280
70308
61837
24962
57317
14114
87865
27959
33333
90817
97778
35714
75972
52738
81831
58084
15097
82842
27445
94502
7885
20027
39799
93744
72308
70296
54847
35269
93790
87060
12745
93069
57368
90934
34382
31036
21399
38599
75347
54732
45767
73124
6797
38090
25861
4980
96173
57309
4173
23617
68162
12057
59995
7960
22153
48655
94608
76999
275
88397
80410
29372
97817
37777
20305
48551
68813
58055
3501
44159
12786
49267
33634
35935
87356
59494
57266
99881
33154
61438
39849
1315
73495
99844
25626
11999
64850
36585
5349
65124
24981
85758
94495
39150
39887
31151
4052
8699
89206
7552
69209
18343
56818
19194
54277
60525
78687
11542
60405
28192
89332
16606
29506
62826
16449
55131
91176
97650
91716
96524
62773
33048
82281
73620
88549
22167
4770
92600
47217
10327
151
32777
28670
73320
51970
99298
50197
47008
27192
26953
75199
16523
43558
4704
95700
60006
76187
3227
74007
84254
99750
36780
17301
98382
26751
22202
20549
47872
14801
84117
58199
31304
16894
3220
20975
68863
18869
71171
32223
62412
98124
7421
95286
41681
28477
7337
18039
21015
10563
92045
5268
26664
45176
38920
25046
71926
61121
45594
19798
92274
46062
94348
23577
62955
13919
44551
48170
32787
32074
80392
11551
30197
4164
6836
71877
32640
30525
6267
70006
41087
98312
75273
67751
43487
30545
92796
31765
91665
54741
51562
83938
802
62261
23866
80109
76179
84769
28278
25317
16842
25021
36867
63390
29184
60055
51618
78176
6931
57885
48181
48017
56196
39806
32119
16034
70350
41266
47798
78366
12358
15711
62304
29512
77971
2521
9620
70501
87289
54249
12170
20482
79269
65388
83871
8452
25442
35489
2979
48724
93373
67512
96741
65920
7317
45211
81953
94018
2829
46103
72383
15186
78165
51038
44697
72488
53559
70668
42988
57199
24916
71509
77681
4184
36897
77903
28988
78690
29743
48318
27414
39467
15829
40506
5386
39497
85716
3691
33514
4896
66145
22249
20082
44309
73286
81130
16796
26844
51798
76136
84043
76713
47644
78075
97249
84540
55977
42588
79582
85720
90905
6995
41538
23086
47500
46924
62582
49567
66966
12448
54463
49462
34696
90896
93770
7981
72025
26918
51177
40174
19405
35219
33239
67048
13293
30487
67940
85621
89426
63873
87692
96682
70867
29230
19767
34718
92505
98701
84284
75822
11148
55098
25283
62195
45993
19052
70175
18018
62321
21351
58191
81725
72921
7781
65125
2565
38267
49416
4538
44044
13288
92229
40726
84154
37810
76844
35223
30314
75544
19506
6135
3043
90956
31417
65237
36948
66821
51764
71317
29141
89466
45860
10866
78739
53640
92342
81303
8259
41757
85840
52302
55044
94421
9379
55549
32230
86223
90771
62544
78118
26628
85030
97513
17583
16447
79101
70883
83267
30864
42199
28759
36682
88058
55976
15420
41698
48317
13074
49956
6425
15266
18609
61468
26038
27988
33368
58267
30562
40490
37162
8679
83470
22192
6191
1052
54990
85292
71934
54608
32507
30485
83366
85540
18542
39342
17311
60239
4010
46737
26546
10435
62002
45155
88254
4391
89494
37974
62657
20055
78463
16171
45085
78284
54714
67628
79336
9703
69271
67621
64310
1777
14457
64027
3669
32999
19720
20979
9589
23730
67715
36135
50516
46068
97641
55121
50458
87134
93094
29467
7188
87909
45637
52272
66192
350
19899
61879
26404
89169
29500
7065
7298
43956
71091
27318
93306
90811
48296
2895
30892
32363
55381
81407
94782
53021
36527
45240
40154
29621
91058
63693
33881
53046
32316
72
69747
68567
61951
96150
74087
7802
3214
81384
68109
74304
8701
61415
81466
73349
80661
12357
5711
36041
10115
492
89061
46642
62083
45566
92614
53140
25610
26494
22537
57925
42917
92283
42843
4867
88432
16930
12668
7997
14665
80777
98653
39718
42191
80118
13066
22851
8827
35128
75243
18941
51971
64303
81934
30406
26220
90899
99897
51829
33744
22434
26105
76661
31068
68948
97879
19500
2229
10547
43848
16893
91323
42500
56610
49865
38970
86027
89067
64148
37506
64309
99440
5829
44963
97726
36234
87534
4976
52482
39362
55072
74915
81818
31732
5983
67117
29610
41834
69345
56508
2033
2590
47830
60885
59199
14046
16206
61578
3112
80353
99083
83772
96144
4911
28734
93869
57496
16267
15197
9978
71980
70268
1244
70150
18351
23578
53618
64312
81763
22963
20820
148
25552
85001
61032
1102
99047
77237
62679
18510
73941
78114
18634
70084
99376
47367
80305
56872
79986
95501
83201
68317
82120
796
54818
470
40726
8436
64781
38840
47750
85600
38987
73301
86953
18
90754
85999
93606
53433
20860
67546
47898
39493
53982
47273
3212
34286
4144
99549
46138
3696
84217
28257
4492
39035
45078
61569
63822
9858
408
11571
11810
39395
84871
98762
39412
91976
1112
33018
45408
21971
16915
93305
77816
70896
56930
81027
21533
77425
96927
67670
81121
81143
12278
1964
20177
57355
63532
83998
83565
63939
11920
95374
19685
13142
10487
75449
5118
11598
24818
66877
33568
41732
76534
27735
12628
33463
8761
50512
10887
22039
34534
8359
3182
46811
10322
39710
20518
90205
40060
4082
70496
51979
15807
90180
65121
26293
65628
70238
37890
90445
37114
87809
48529
29999
15544
77508
63461
40656
28019
74348
62695
62552
82706
82228
25715
9380
38289
46232
99584
78348
66665
70079
46679
98823
76611
11799
25115
58590
98388
79356
65387
51853
83516
13915
81852
99059
91422
61664
56067
35792
36011
35113
14696
35069
33692
40410
44448
71980
2993
60383
50328
69657
46814
97006
84831
39776
25156
9945
98365
39895
5652
63751
91747
89167
94017
89950
4578
1790
51614
60644
53934
3976
12108
68629
39044
45799
9038
99843
17778
28382
76578
84457
14390
23391
97814
99220
63166
39321
9164
77882
79215
14815
41633
87314
3981
52001
93615
24910
70143
61580
85553
24076
65556
14012
92704
20951
76162
18093
20794
10292
46474
13723
94748
60863
37113
8914
60082
16630
64586
85597
94511
43801
411
52495
47466
20743
4496
41080
62005
74638
2660
47557
15065
84567
77921
7768
5517
54082
25860
42662
64373
72333
56384
75473
49547
9848
84386
9628
26477
48971
95224
20988
9123
11986
89834
72940
49080
10681
30372
11084
1670
33031
74993
16734
33949
52913
24501
39465
6994
66712
98479
71367
55396
71214
63191
4942
81062
47576
14569
23890
12898
9792
44877
38373
38129
51063
11312
87209
61743
41683
14644
63413
91065
89636
80146
25013
42548
4647
80830
65894
87710
95660
53612
43106
66873
16802
48047
47934
80729
78968
71824
93626
5111
33052
48350
43240
466
59662
46800
62209
1344
61443
25621
92409
51079
5766
33773
9978
26764
30954
75871
14474
26613
29482
73931
93486
62635
21977
57771
43363
944
45946
53341
6055
95350
1690
65646
95815
77703
12445
58023
79047
73887
99995
87807
41317
5761
37931
51295
48876
68885
27165
79701
95497
72999
53631
5334
35633
91960
63105
95348
9255
9050
65040
31661
20751
83081
97306
16566
60784
26102
74588
56182
99989
74583
60340
41305
96695
98270
92599
61922
67154
36116
41623
79003
25466
11605
84336
61098
19916
47440
72797
45523
72842
37836
77183
93592
20917
90841
10157
81700
16942
1097
54233
33282
92031
14572
90939
5077
12841
99889
66998
96347
36004
24972
75349
77821
52929
76036
55271
72844
39828
28067
18366
12669
82255
11901
22612
3171
2741
49121
1222
36034
66569
71806
69316
74951
86377
76606
80027
99217
76494
63376
11915
28850
4700
3615
6670
57628
79651
61940
46823
19478
6359
65189
48498
88613
93441
71109
8135
12533
20229
25708
48566
3149
97513
34233
78099
83889
27190
58125
99457
3684
37853
11372
32533
42552
31338
55554
179
10988
17494
47001
46817
23852
28541
95314
28816
38333
82775
36950
50865
19355
62657
15783
22504
60169
66367
602
60409
93557
75079
59865
97240
12931
87588
46124
55482
35278
1677
72012
46265
35522
35364
9434
75725
63905
21099
4540
18589
20225
57841
69454
39580
20497
1588
78435
97017
67954
95388
57425
61510
70466
33642
75101
99748
37581
21224
71581
72858
39253
43592
35475
91126
95308
44908
83203
75564
66006
87742
94152
86231
45583
79957
42162
82431
81544
20596
79448
49498
15983
53224
11007
2801
3217
2460
18900
40798
40035
90481
13655
79287
50424
49129
86765
45731
94036
69967
37646
76394
74060
31798
78976
35994
11754
21137
18425
93298
58084
14224
59147
90418
83799
70153
9570
87016
88964
28470
27813
28999
35302
41467
24637
2077
6948
11401
47808
17335
97719
1805
93728
71779
33602
89055
24124
61708
26543
58900
71357
978
89475
30503
91396
73274
17007
17317
76641
5971
62138
4453
34969
97439
62271
59605
99516
85570
87358
63675
2905
85076
65479
96632
73206
15433
2039
97330
77140
28581
72581
48496
29559
62056
78998
37306
51681
12356
54622
28321
18326
16760
49125
53294
14198
27747
29251
30065
13317
16608
93739
16221
18035
75570
29204
91241
91002
31242
4922
84493
59823
77502
49340
5733
55909
44689
43038
7589
57044
97659
52261
75370
30770
1385
45015
61320
29132
74265
91384
58800
90872
1475
75020
8907
77044
20575
16499
84397
51817
37772
68889
27991
15273
18228
33723
87534
79268
76760
11474
36311
90770
63735
11680
21540
81471
73047
99211
10602
47311
90594
85753
38183
92068
77124
63441
85463
97699
96291
69859
49515
34062
55099
93857
65686
89678
43931
53219
68945
37042
64693
21608
27811
44779
33287
65702
26249
22685
64912
53203
69996
71858
38955
24530
63925
16079
4322
65740
13777
612
51950
79643
34673
7049
89851
358
13078
33781
69929
82023
70822
50973
3630
14984
95751
53268
80686
38351
75953
61949
91553
62300
33806
46860
86829
14083
62938
91150
96174
93066
91761
48123
89060
42785
55171
78910
59494
68249
29042
45774
66623
99863
96746
86604
14846
8848
56223
11883
47199
32175
90184
38751
94474
40341
1962
97654
54423
64899
5155
66948
74316
13267
15071
79727
56051
70241
58636
15545
54841
87677
77670
37815
3891
74416
24418
35089
83263
80641
46971
46813
29167
53506
1916
39993
93847
3877
37646
64621
85128
42801
31569
59443
56067
46639
39170
28470
33231
14157
60366
4424
18186
38035
42238
22076
12450
66656
57164
12065
63648
20487
58877
92814
73992
60792
32806
67838
64669
86804
48811
49796
29604
80379
25590
2022
43369
81111
30491
76599
95268
90856
81022
29805
45243
23260
51880
57692
6267
25396
86108
69914
62234
61337
62727
36225
22128
11885
20415
3148
98688
85577
69295
28291
65955
11237
46664
9323
92347
77155
2273
3966
84362
83295
33770
45956
22906
2002
20000
29172
27397
6107
99085
5982
67443
78163
58558
5923
90047
78972
25422
88734
64548
94717
33376
46854
22305
80040
72528
14651
73546
74801
34969
74259
58095
68738
20215
97352
70739
56566
26523
14487
62672
41959
36820
46467
36473
95378
52389
26520
90701
77810
31605
71601
88878
81333
18454
27534
61372
90982
42185
51269
82134
93505
41879
40228
62242
78445
53931
49333
35010
80453
80171
14034
38763
16991
60500
75235
12368
12888
18106
3068
7049
49711
74668
12279
31043
9474
39812
8766
16807
98348
76386
98940
91852
34616
55519
70446
13061
9449
36130
64422
89901
16300
78455
45015
49642
55306
20249
78361
84545
38355
81429
91594
4417
72448
20224
51811
98273
76387
60576
15079
91087
53313
14018
99290
87928
85888
69735
17340
95336
22216
98114
1588
38516
92920
46602
4509
48226
83203
82870
32770
37909
80650
40715
42325
69449
60938
10487
67722
53677
87414
99152
44763
40726
29522
60404
45005
15409
30139
78697
10745
68706
76810
28684
7221
69729
75286
11730
34306
74840
10951
67076
12748
91600
7790
71424
61048
85080
81910
28769
55108
69323
27921
16222
26400
57442
76625
71404
89202
23115
50100
99946
91821
43261
28630
15393
29342
20267
27122
63647
95106
54424
47074
24205
46023
71216
95628
7071
56295
77537
52191
27754
63211
96463
43975
89610
70256
20599
61013
59458
43714
27465
59403
35534
87077
4384
50926
32770
24650
94400
96417
36107
48823
43490
60311
11198
31057
72290
