10000
18268
3703
49826
70458
31456
29388
83273
75430
18997
53528
96029
96362
12985
56094
40178
72388
7979
27254
93123
75256
60024
34125
69655
72792
86583
34830
32633
46894
46027
63690
19183
80646
67392
85361
67455
98848
14748
50727
90629
50097
4255
86657
46458
17239
59102
86635
5978
67080
13888
15453
58688
90263
49577
44694
63054
36159
79523
95687
99404
41901
75728
34939
38898
43119
36651
6353
41966
67750
73431
32595
17846
77685
35603
64303
11276
11057
67289
33605
94488
97529
49057
53175
87791
14985
97869
67197
67496
93743
62883
66899
51996
38610
18189
90893
98080
54839
97245
56398
22589
70676
5344
40434
64712
57298
21089
92339
68354
88377
25944
79194
2257
91352
32368
90048
22689
46588
57244
90184
40331
36478
57082
92326
91439
75271
83218
89518
46461
96815
45915
69049
83842
67610
25835
48553
24908
63275
40892
9613
68003
83187
88806
70260
90890
37526
76659
13578
84113
33902
20113
40795
70379
93547
33120
78169
85169
32690
67686
31629
45856
29953
17030
29697
13914
42864
94601
38821
22490
51844
64786
6844
51382
53591
77103
42272
91116
53761
72201
91581
4014
92314
32375
90744
2212
81847
68912
87380
30888
36598
19008
76743
82902
36037
6439
96815
95252
17391
51988
34093
69235
16773
40937
20616
86715
18039
79239
77831
88152
51440
85763
92165
60105
18137
82909
62316
99983
51820
66047
30870
4769
85054
23964
4022
37443
46754
17189
49046
64145
69176
83139
33379
2300
24075
70346
89014
58465
49585
83196
46616
17376
68958
38781
93832
3447
38041
72499
19781
89860
38545
67003
10981
39950
90966
15002
77392
37720
48542
26438
1864
34069
9576
51594
36368
33650
21939
41734
92114
87875
41281
55082
21602
26591
10214
15433
30037
48254
87931
66169
54465
42827
33171
65445
82777
24137
96799
60168
61856
45340
2957
80071
79409
12532
48016
32128
62533
86306
90213
70999
74181
31494
26080
95782
74436
52645
27567
4472
898
15497
70640
55362
74676
20163
20807
57452
44299
33957
33971
22506
79296
36928
18928
75056
65811
66943
7184
28344
53248
97396
15694
43780
45241
58125
55914
19676
10769
83480
40499
11666
15328
27491
83379
90003
47653
4185
47454
91951
38141
97777
30808
33789
34704
49735
8844
514
33029
16027
45209
86276
29775
60902
46408
91367
35378
2321
11043
46146
85800
51541
74163
1127
79031
57542
7482
43035
61726
71287
51337
16219
69063
82144
50007
3766
48230
75202
20632
81258
7581
65840
83886
37355
26742
30293
28721
78471
48965
56115
24617
34764
24008
98779
52242
3038
56320
59723
62425
34398
47362
13761
66968
16424
95905
33326
20190
60486
24879
57173
41744
32459
23012
25629
86165
66105
72273
31238
44576
21237
87352
85544
72352
11359
84322
40945
30749
56994
668
93173
7743
48029
23285
91062
80804
19189
40739
17345
79675
65617
74517
37770
98076
97529
79750
84240
79985
68374
31829
24560
5962
19181
10103
78313
46891
10777
19257
93991
84122
36276
3515
8216
656
26800
99277
81460
45988
40015
98804
42014
21983
89673
96135
20058
87201
75884
20650
67185
60609
68830
8097
66570
4362
34551
44882
51253
61679
80491
61595
45800
16766
65110
54015
33774
91909
69643
15233
54248
26009
30388
12614
47992
20060
8748
84401
7260
984
21402
90797
61592
90232
15245
44514
94593
66147
89395
62197
27826
86237
23792
73625
19355
88901
43992
53128
97161
13634
68360
51408
55995
98747
64021
3986
35159
89121
4738
58770
6456
26140
65918
84399
32723
81162
28912
43667
47309
34659
5864
75134
20895
46007
65110
40249
51259
9101
93376
48419
39087
78087
16178
95081
93186
80199
15418
28344
85671
20155
87113
92126
62646
53031
76524
11720
50544
21788
55387
14204
56446
77602
5689
93692
23608
70799
33941
91218
79899
43668
39636
18985
38107
55813
30417
31292
52363
45834
75987
38033
82341
63099
46510
44986
32481
39386
56706
99377
61173
28444
13580
17618
6045
19269
11309
46004
6419
61601
37221
86317
21621
93208
21654
59727
65372
52070
91018
17735
14256
67004
72119
96596
46454
18629
41581
95287
74366
14638
94663
35538
59433
8242
69507
81829
43862
97167
44184
50280
58768
97756
52949
80388
90963
90954
40114
56335
43023
47483
90421
57278
14486
62539
70225
77291
97519
11806
72577
71884
42795
67239
7421
18580
91833
76927
408
52046
74094
44592
2326
49213
42347
71626
45952
49662
62579
2417
22348
5601
49899
12768
79231
80736
75306
49455
58026
72825
77612
30603
61060
36759
14193
68481
55338
6025
61759
72097
74423
52204
33040
76748
17768
75387
48373
63719
41400
27303
66135
63747
32903
32385
76514
28485
13120
68171
94292
87498
40995
88255
34452
2055
41365
48644
86887
13054
71021
64997
85151
45443
17201
34542
38542
51320
9928
3266
15039
67679
30568
97525
31425
79822
29910
7938
24659
59381
76109
18950
46878
33455
23556
81329
51861
81273
46325
55099
94326
33697
20096
95828
79139
53648
30370
34032
4967
56649
37297
36357
24328
84216
33882
72104
64037
80143
96394
88695
39523
88854
23996
2753
22308
63904
433
90521
45176
46757
61971
55853
80453
82066
68033
75943
52065
14754
9974
73384
71402
63622
9740
12081
47837
59973
537
28226
56467
96930
33272
12342
85783
73620
15094
24442
37523
31878
31314
99050
78635
93285
71254
75439
91702
39286
67734
43767
54039
94059
33502
41793
57681
43241
70225
21869
19566
70761
50094
76032
67690
99718
88373
69824
73337
19818
94266
27211
51696
25579
26260
46682
35215
13865
38472
26917
53151
6205
87035
23541
264
20536
81685
74296
80128
51910
96164
99693
39022
62610
92077
6712
62327
96801
92887
52015
16619
87152
79225
84666
29083
21836
31347
64297
35700
69818
7565
5202
92375
94599
28743
8990
31486
10427
83285
11614
78688
95800
27658
17710
58409
19734
40773
37087
32887
33659
89101
49505
37163
68325
34170
66245
90160
81868
46893
25860
68037
54458
31061
60411
65408
76155
85752
96894
2934
69036
8507
81621
64836
52516
15682
39596
72250
56454
76683
21488
90113
65783
70992
43627
50460
21513
9871
56971
3380
73115
82830
87768
27572
30243
64531
92980
22749
50282
89873
25682
19318
14731
23655
505
67246
39336
40100
55847
95790
16782
77334
2254
98917
64677
45880
65728
86189
72102
22698
5920
45216
21880
10040
89140
68474
74570
98471
91222
24851
88343
16904
60520
19425
56910
77376
86670
96245
17476
58869
8386
50609
36202
26991
65877
879
72870
31604
3419
61323
54302
9339
6539
76181
19378
12030
61006
10299
10500
52227
51501
98842
85482
28373
34618
42391
5748
21287
54988
23223
80155
63373
90184
32709
90364
56060
33587
79585
87664
53357
40908
58317
79047
63798
50849
98424
75827
11854
25074
86326
64080
76575
1519
65914
4947
36136
8304
27046
57422
79643
50269
53929
43016
56804
86637
49731
12863
36575
29315
16878
89931
70222
75194
68978
34019
42394
83753
26197
54247
25179
12522
34679
18105
14040
592
23051
50175
25247
50096
23949
4890
16716
94229
64257
89871
97217
13987
2734
50143
43301
19611
56425
29875
11157
41754
80245
53550
41859
6442
24149
67037
18963
58827
85141
49355
75770
24543
15881
17368
90990
56181
38609
24058
50409
2865
13928
63977
33203
16661
14119
92856
52624
70544
22730
80132
28649
2974
33681
70507
25767
74181
37543
61082
33007
39035
10436
25128
63577
26316
42496
70919
82497
81104
94976
49257
83969
8903
13234
33523
41916
27352
26378
10891
14247
49107
91022
42896
68433
41054
29754
10551
15235
83649
71632
48241
22683
82067
89721
2612
24735
32216
73530
7231
13319
68505
72839
13639
93759
86072
47162
35674
29776
89891
46564
60374
38998
37585
19621
23782
94991
49375
50684
10225
33023
22316
74817
55705
20734
64537
58316
45468
96752
48197
69050
26423
16701
41889
56413
10460
44312
3574
62485
74087
93465
25401
34461
48814
79337
54081
88947
74327
19807
39630
84551
52829
61945
75720
24886
99031
56608
99553
44498
53360
47750
13548
96134
80802
71788
52546
7613
16099
72472
86450
90186
82288
11850
40998
31101
91186
11430
36399
65513
31237
76028
66415
417
54325
42134
25302
53355
15094
41207
14204
84805
88956
44103
80938
86109
15890
33483
10074
31989
22306
96523
38526
4593
8372
95875
52045
99557
7304
88443
65069
54892
80823
47836
55309
51499
6321
96962
21205
21414
38168
35408
6218
43475
79511
87155
45936
95400
36990
56009
43740
59295
52531
98617
80240
60902
94491
32284
60458
18147
37079
41879
73038
17901
89714
44698
69399
12386
41660
90603
33800
96179
42362
40017
39654
21872
43524
1941
33624
80513
57949
93715
56159
10479
8684
52750
87732
3174
85034
48189
37672
22112
6419
27062
56364
12484
71759
42114
24870
29770
49068
58669
25949
91429
15037
81954
29653
58560
83894
63276
55424
58194
73342
27935
85024
82025
80684
72755
1551
65717
37295
39222
4180
43714
82635
76895
56197
54394
19008
81066
515
68075
56086
42815
75856
71123
24768
5508
29682
25013
68783
1458
99558
42124
29392
84581
40501
10075
57335
42051
92144
94630
97624
12675
38343
80259
89570
10891
51004
24929
8309
51518
93004
64394
94333
68859
35516
35452
90718
81550
76817
59500
99359
76374
17975
28750
60955
74827
55176
34641
16877
63671
29270
14501
92698
83964
94759
82267
94855
45762
23547
19515
13631
16550
83908
7963
1760
35776
59767
92477
33677
36583
68328
33035
12956
2655
78136
90262
77481
33311
24903
10710
13334
70524
25210
6031
54488
36320
4649
65694
98433
28195
1560
12063
61097
85467
36378
62856
37594
96144
71685
87622
32726
56364
20656
62033
75370
98791
68647
52851
48454
93549
79912
61787
80424
5121
84169
51263
57792
88817
33308
72576
17011
34867
84638
94459
36686
37367
57315
90631
33510
45351
78253
82587
18066
98908
44620
93436
14051
13266
62638
78856
23166
42549
56994
19941
64021
41162
71204
38164
29978
20863
10739
63340
55730
95376
57799
92415
49095
31465
83045
82604
93167
77649
65191
11232
76557
26162
21019
6959
55779
83656
85814
78944
42556
42807
15236
22928
83968
86439
61091
30297
7302
71829
9988
79383
83557
84138
88149
32651
15602
87545
31606
25120
65194
96796
52704
58102
39309
73722
65060
95087
73730
50873
90382
16285
10031
5618
39213
10350
8408
16655
56998
32061
4836
66985
11443
88392
51123
99591
37394
83076
3488
68999
24548
68681
82147
77251
26782
21455
50972
8193
32894
24701
75417
23275
57338
85447
45244
12902
12148
53652
29556
69145
2064
34391
52481
13507
39134
19955
29449
76527
19383
32936
61878
43930
17968
60376
21180
61101
81830
72151
69293
31075
13204
44709
54350
86893
46507
15945
99794
58654
85948
45701
44150
88012
96444
96631
17870
35577
16585
47318
28456
35967
96606
6685
96248
30925
67060
17427
92026
65241
5930
77670
96316
35485
38731
67017
22377
1589
82961
22170
76595
85261
67870
20744
73272
64313
33726
91141
16242
66663
54810
61049
2629
67767
67733
15229
98692
51144
32655
7069
16384
54936
84738
12699
90420
23468
96067
12796
25057
95380
34965
1651
80640
19187
38746
53911
99851
72472
61403
32444
39134
16212
93492
58114
83979
77576
73342
99022
28719
22349
6090
61455
77284
90827
74153
67704
30647
86572
80499
72055
81951
31816
90057
62590
51002
28802
32852
50852
17625
94254
99648
73110
26817
93139
31224
27147
87067
20917
26168
15785
43265
32257
77239
36901
39436
67744
4604
86434
70667
1454
58488
52617
33269
64896
15206
622
10049
64409
67826
27674
58662
67473
783
85478
60611
48358
12625
64029
85627
38792
79814
45243
87401
73404
82143
43188
57499
3098
29621
44517
20904
4460
97133
54172
69355
28690
54794
95755
93098
22619
39780
51759
6443
56915
53589
67053
5272
66213
31082
7250
21356
27247
52493
25108
17002
50987
68295
90853
70437
14267
35369
91340
18726
48854
45511
4432
77543
16656
16539
70641
55626
56318
38751
62068
13232
92339
45473
34856
74903
92906
42105
12611
36504
10949
54070
69857
61936
22365
60709
48724
36631
12430
40063
71709
61283
1925
92492
38825
18581
9030
25817
90558
81700
64568
52626
94931
73258
14450
29786
64513
23707
71891
93475
60210
99191
47544
30066
61126
86260
90775
9849
39243
3204
66263
27303
64486
68188
19794
19662
3120
45176
45479
93677
26875
26398
62654
21805
16007
93455
67943
96871
17161
56185
90345
77370
55375
54241
7436
32853
40500
14562
59053
79742
34117
25316
23396
14954
93503
43190
34615
96622
4717
96445
6650
31591
39194
85656
69747
55201
79110
54041
68423
96271
10225
75120
89992
65600
29360
97427
98452
86211
28340
73856
82305
78808
99171
5700
93761
9025
65241
44728
21998
69957
41172
28648
17899
80366
30655
87646
51918
9764
41686
20340
22386
68263
95459
12378
33862
41170
26156
48665
27381
54496
22520
9685
33303
38043
31736
43416
47067
96977
88143
69065
66933
45666
14064
84832
42383
44718
88829
94300
70833
46866
30992
93219
15128
42802
5596
65341
83972
31751
30357
27704
2598
69229
53740
52253
7271
85475
95668
70689
82451
83810
56105
65736
29475
70168
50567
71858
31237
55747
82509
2070
2612
13500
11640
34092
72654
17235
99432
72977
65337
46141
680
84287
15369
54419
36539
38991
56245
32206
9679
55048
16015
82136
20783
61841
68655
87701
50050
99892
43447
32559
18313
62410
62410
46304
12853
35063
79890
28637
8039
45226
74777
25070
29512
6497
79488
66050
45487
52085
14607
71517
7132
30621
53652
27914
8814
22307
15614
58863
38550
75412
91421
73214
54173
70183
19517
67026
5245
99406
95662
29636
60983
70438
54705
6847
76934
50545
89248
38772
2629
3855
10288
9760
50827
80292
54025
59640
18950
85990
18503
57499
77753
26275
47064
31925
96457
66580
98950
18054
82337
10963
47689
59671
81400
18745
82869
74685
69289
72117
13456
71917
92323
40096
98028
59501
36739
52052
19141
55688
54393
53995
29538
32145
96621
76601
64070
93078
59532
79371
27483
41868
90334
75171
17890
88085
93915
759
62770
79556
72875
92577
67824
81549
49024
65852
41049
85762
34255
76541
41449
88648
46887
70986
37144
43508
63938
1213
52937
23469
80584
80419
81688
87269
71941
99578
75353
82207
336
54474
61762
89562
47051
29586
71110
12426
11789
28510
98188
46043
5051
55988
51042
51937
43326
88186
11796
7263
5750
64732
47084
2685
61502
28771
89953
33442
28348
81658
32001
45035
36131
93762
50948
83181
39699
22057
11959
51487
66919
10146
13882
71969
82485
64923
40257
25810
69460
52053
49425
75210
33136
96508
77894
10990
41630
84199
44431
86330
65856
76431
47716
1986
86545
98664
1519
26243
37072
13477
94082
3990
39974
7963
92310
22458
72885
32567
64620
42345
971
30396
33906
50458
43255
28151
61447
84884
28701
22230
87565
94556
15012
35281
12894
1556
33944
30764
44151
71015
44240
38232
75005
565
46194
83666
39374
35430
32584
3993
94126
33554
50740
28031
364
93994
72534
78162
95230
1234
391
99146
12142
31755
34426
25035
33310
84721
55798
93812
55736
16389
48395
47092
16953
94588
30757
56326
46370
63341
76671
40495
13246
43762
84878
29961
54108
57411
8123
65689
74996
24865
64834
87137
56619
15612
28523
6281
332
84320
92
56067
17060
64839
19510
50364
75778
66619
23042
22147
46311
16064
78994
75908
59825
63871
5869
30284
37633
30343
95972
28980
55207
60806
16117
11826
76417
60991
34458
93100
61663
50901
49167
78722
15739
85028
29086
91517
51646
68479
13663
97956
84542
92656
90216
44366
72878
12436
74650
26862
42778
86973
55842
14336
47778
88310
42513
40546
49300
76970
33646
10962
27871
99164
6036
43609
84191
35121
35125
52189
3599
65140
66496
4492
74147
56711
48857
47025
69146
39858
73886
28275
43183
46079
42611
90960
34388
85123
47858
83688
78445
97855
11001
6315
13370
17036
66275
13912
68508
17752
66100
88458
82891
48948
92949
57037
22010
58158
20413
7508
14367
94299
35782
57549
56729
94744
64861
91117
96219
12718
74804
74663
26924
2156
97329
40293
19192
63603
54204
87699
81354
36656
76157
64244
1955
69105
37633
23964
43614
58045
31471
57981
68695
67253
15529
25424
78348
80389
32892
74566
9458
7695
49228
36381
26202
46556
93025
45393
26511
63581
49444
7864
16588
25600
88460
18542
11056
42444
42505
54670
488
90328
29002
85535
73932
44530
27310
52279
41271
60201
26845
50728
84247
92424
3461
10448
55332
12837
55841
81842
76417
5284
89705
9356
47235
94516
27897
74642
36959
86754
45663
53799
77081
74664
39333
51012
35546
82994
3290
76816
43194
46486
43895
27440
38910
63707
37887
10593
76544
10079
92434
69312
31714
98490
78668
95300
93006
22916
69942
46316
9669
15604
114
3101
6620
55798
54112
42165
38791
73754
35332
98336
36591
79226
25775
91852
42933
80014
2444
35828
6444
94877
5139
38158
93367
158
49809
2724
23074
19750
49039
49094
51706
65505
52195
74677
37654
22658
33193
76445
12763
68524
74780
49354
64101
16907
57557
23385
96920
60001
59212
19715
71229
80703
57872
80947
80860
24033
22
20285
43782
49061
85731
11839
30917
54277
2867
68570
76934
36059
61366
6049
4582
36146
71754
85035
69404
29310
8419
66323
89310
67631
86037
76891
64685
60261
57837
61896
84293
57859
98533
44426
23271
84263
72617
70539
38539
75483
39108
31824
11542
16826
37872
32475
52971
9625
17509
22374
38935
25928
5048
44596
9910
7436
37838
90946
84048
12027
52841
84692
69885
51373
29118
9507
51987
18086
96397
6877
93568
35504
38701
21461
68681
76572
53936
21651
2549
71444
60376
57835
13723
81775
2430
39984
5563
56620
30929
89610
68646
122
74302
54882
51494
19771
64388
19833
54208
60784
26709
47775
12639
65409
69236
81320
58333
39523
19322
77233
27318
96050
35067
41041
94176
53848
97376
99738
10467
28305
5700
79112
28426
96353
33993
96271
16123
14732
32455
86682
91867
59164
34456
20858
40924
20043
18529
15608
59565
54202
92840
86883
66603
27906
44275
60779
98106
41650
60516
8572
86306
66215
4036
31083
62567
54380
27354
95041
85464
76160
81722
93682
35323
32530
14539
76247
68924
49419
8206
28489
3621
1046
31723
70223
45303
75997
47353
43408
33998
7869
68332
20304
90435
88719
51386
69354
43098
95091
64394
44913
71251
62468
38595
22925
11349
53133
15523
80272
18904
23729
8760
38876
41126
56834
25450
86428
49182
72803
46188
83180
80671
14519
19835
87457
19589
87572
56810
62686
99015
37556
7599
70265
23
62545
9541
11371
15677
25064
7994
50932
65144
33106
89807
6269
89939
15257
92696
39121
88059
55235
38652
85081
69753
74838
72537
89341
62409
45699
68379
61423
83254
92329
48039
83276
54873
57580
10998
86901
98995
18991
54185
64138
52096
43991
86758
58387
59247
79453
13859
63657
51040
52510
65089
37144
27347
53978
26485
6107
99676
11215
67530
82929
19895
31920
82556
91119
89499
9905
94371
4845
45247
48555
68982
13695
92546
55739
72081
68144
51544
2291
48153
2583
71152
13241
39726
98498
83570
82562
20956
83245
10128
4837
82525
30022
36757
81432
37492
26255
91336
31863
31100
52935
80417
16433
66629
89314
88524
55061
73810
40067
57351
21962
59001
28502
51554
15078
43351
35124
97640
80658
18368
24119
85495
17245
70493
22251
98676
7984
64857
6364
56198
95956
75650
36615
28741
58630
42280
17264
13690
16089
73682
87392
38050
32682
32245
89604
64111
91947
41079
61750
72604
75798
2221
74450
93042
72713
96700
8070
97048
61557
14433
53246
73864
90082
6212
2604
48711
48491
36219
78752
64580
9900
82495
18981
58933
31091
24936
23044
39389
66014
1145
28344
41812
3365
2794
51205
92429
15845
59274
5829
77401
73706
59074
67617
80139
81637
86572
45201
46479
22791
40304
27410
49042
39150
46391
24327
86592
71326
47370
25980
53692
64866
54324
11855
84583
73469
63059
77011
89313
22333
99191
83066
12390
74616
50682
8881
56252
53605
70433
2731
92747
10737
30140
41789
66238
92882
66115
52830
80560
29836
78809
34251
94701
49484
46105
79283
39304
9163
72646
28617
47847
71836
28034
60237
46452
95067
69117
19055
48671
39549
21785
41418
66637
68277
99558
32875
61158
65672
85704
58069
95507
80864
92319
6559
46700
54775
85842
86003
80290
74839
30971
28136
46674
75356
88372
9477
70422
57488
28532
35445
13389
66668
76862
80025
34944
76419
12899
12454
58442
14954
70522
70300
12170
79193
76858
58869
33967
79051
61223
30608
53889
92194
58744
16915
67549
63467
42743
54323
20955
71274
89767
50695
54294
82980
30719
5589
75750
59970
18042
34191
74923
4916
20842
87092
84108
14051
62312
34426
93102
23535
81386
63342
32080
40129
96608
15980
3595
39351
86654
40901
26976
76420
91595
97621
59399
38666
3210
35148
98635
21251
85690
89909
42518
6531
93353
42977
20582
55664
77403
30035
95550
58788
9728
43981
15268
6336
76313
18862
62038
62966
76115
5365
39386
84061
2986
15136
22726
6195
66636
37712
43797
52325
27621
86315
75208
37325
29291
12141
92988
23045
42175
4890
98184
68254
48870
13451
90941
25182
48665
69330
88148
41131
74695
43885
25191
94032
75372
64269
16578
42007
1980
60374
10684
45952
63040
2243
83276
8683
14383
92616
48079
72909
97505
62615
41162
62726
76065
32103
4260
41081
1432
8759
98563
92478
68995
40106
86509
44366
4374
19438
2725
22705
96164
13408
85009
75555
15650
68284
84237
46384
77251
48668
19292
91107
11282
60453
53833
3698
8907
74444
61131
26691
99554
59693
19168
68548
99798
22029
29265
20523
41466
31989
43228
53981
61748
28236
29536
77397
12871
30124
40132
90122
78791
59423
81228
6424
36228
51412
10122
45134
42207
71252
71824
41760
47296
7344
26659
47094
45724
55924
67616
87189
87912
27195
57522
49660
71782
87057
43408
1005
17180
83540
91126
95971
59314
88705
2394
95541
56469
28867
57027
15027
118
28850
56787
63766
52545
99797
10859
98268
55720
94826
1809
59984
38373
59330
9643
10154
46386
69402
11158
63565
69293
18635
75887
44959
23692
94633
40499
96512
23499
97525
11538
39969
42727
84676
3734
11623
84473
30944
9891
56544
42121
28051
16527
80493
87380
26169
6999
50117
11923
34508
30033
97567
69495
5920
42525
93186
16904
83024
6049
40402
96900
33938
80370
55978
18614
84103
67601
19438
31398
77491
75981
73519
21893
92508
54011
25624
35028
77361
92092
63302
11869
22124
60869
81363
44395
19745
90900
61298
19120
96948
1700
16020
47237
98421
71997
65850
98876
55949
1639
30273
49791
93972
3791
71683
86479
57802
97306
37858
35162
89397
1160
63382
27873
78380
44744
72267
98124
51995
49917
17244
65294
67968
49615
12531
66388
37963
94732
65263
93912
96371
95536
60054
90342
99326
31737
93172
73479
45394
47381
24993
51143
48540
88374
79015
43271
49470
67633
57747
1464
33901
91342
66758
1868
57308
79288
68256
95270
74019
49870
5533
86741
45405
65587
77082
61083
13675
86605
34561
75420
33986
75905
26562
98877
64279
21928
58500
13748
5913
16246
15211
39813
7587
81968
58033
64894
61255
42640
76515
51626
92509
98400
38366
54266
80338
31800
15348
94012
18404
66260
85783
68741
42165
28697
83970
6443
50624
42469
36542
72888
58714
51752
29053
82652
50072
87085
47545
27678
29724
40411
79303
22232
38810
17669
76497
19147
65820
8196
29510
84223
90808
15293
69316
32972
43989
53285
55766
10964
95753
92307
83852
70818
44058
29256
53469
10481
16340
17365
38159
46063
57775
17461
84646
12937
51481
77495
32083
17300
85690
77945
17875
76497
93237
87190
25820
53577
56826
81585
80892
68930
90243
81095
39747
50653
10350
9567
61133
26689
26931
99291
89103
1057
33104
73749
13993
936
51243
62428
34588
53284
56724
52462
46133
66312
56003
88304
19888
29180
86241
17131
98109
76483
98226
37855
27135
8575
63773
4620
35264
90703
3910
24366
8111
53365
14466
38456
54301
82060
17235
88888
51696
73958
57701
97828
40269
30055
2483
76508
59234
88723
93638
57342
65206
91863
11548
8692
16790
75320
13311
52053
82374
33573
92770
6836
86937
23588
45291
57589
5647
62525
62828
57342
52834
20528
71521
9454
66934
90356
85961
26167
79078
95951
99860
60635
4165
11407
69327
37306
3078
82637
89358
1803
16209
98480
8639
19498
38419
70281
93438
44065
49158
56266
17759
1991
93145
5631
11445
60079
95986
13757
2597
75064
26059
2457
35698
46576
30215
21376
83881
49645
20365
89591
51447
52925
4422
76437
72422
42840
46718
82212
86904
95875
38477
21014
14217
31621
26645
42013
8051
22630
72122
10648
14045
14532
13104
66095
61107
43318
3822
61340
92962
24186
50930
60761
77111
55351
37197
65884
14542
266
48095
17797
12492
86571
38811
26709
34544
81807
85073
58946
20788
57194
69593
34833
88078
99048
17279
49184
58718
21100
10523
51679
45286
77804
28791
38748
49506
82340
4631
64047
82605
69078
98196
95097
72000
37006
38157
22895
35164
23229
81841
55951
96775
67785
7135
84852
66833
24413
50387
25550
45513
77262
93580
7150
71417
22371
62249
20923
4710
83231
1321
87314
52308
99516
98762
24308
52873
53270
63554
88036
92851
45394
43987
89625
13179
51121
90828
80011
91886
57566
21912
37398
51179
15491
60899
22596
37861
23147
59870
58922
6377
61190
62588
75037
77058
61349
15696
29930
14619
79249
34318
7469
40995
78304
13445
54173
45776
20624
50535
37661
78189
72446
91410
45720
87936
68660
68315
42149
8158
28184
1070
30887
89373
80009
5923
82782
57710
21618
12712
88680
17218
47029
12500
58212
41684
25944
28736
3811
62919
95622
41472
57459
68067
32881
3178
72355
17893
71492
30855
26050
16027
48276
56936
21752
28285
62858
4533
85994
827
33596
74673
18045
96976
87172
92608
38659
29467
37696
42470
92385
33317
293
66195
17736
49525
69373
90090
67417
57216
37296
93467
73243
85571
50402
94994
13855
29612
15878
16200
30438
49474
7224
64834
46449
94395
73794
1460
40213
11489
60281
48949
44805
60573
15144
62540
26449
868
68981
93866
74435
6276
3684
47677
8199
54085
59022
22053
83696
74900
54605
30486
24373
61828
95319
87173
72575
69112
88632
29139
96952
65264
78088
41757
42188
9583
20648
68637
10450
5981
78854
84884
12256
82537
48913
20454
36621
24286
58859
36669
99185
29815
67154
39909
7994
62472
43434
80568
47936
48417
26059
61239
13681
4146
19347
55868
30080
39995
40856
40529
45975
19709
41764
74582
2245
7028
11388
38866
31314
86598
75534
46850
16412
59039
3111
40757
21510
46544
21325
85797
94960
63735
47036
8640
67880
66382
80860
97959
22728
21715
54839
85054
41424
12954
75988
60020
36334
87375
98885
67647
90324
90770
30848
6735
49808
33958
47491
87670
80501
85167
89818
75461
48901
53205
452
33132
35939
97663
47442
58666
19378
18632
43720
77153
47938
36059
37172
84271
23433
52409
68269
30108
59530
99116
36842
25690
49426
684
29711
29926
2203
19528
21738
67455
89085
38542
16939
25023
36204
80732
83688
71933
99364
43759
65437
63653
79817
18961
47923
19601
71369
32543
49708
47250
48010
2901
72939
97435
19937
2649
27361
38491
38529
65450
22297
27613
3991
39235
52635
56547
36319
52674
28479
52034
12785
93916
15686
8953
12876
79960
44906
596
12502
10965
47845
60511
30218
37136
57946
50154
39784
1658
4996
94664
67107
43644
38628
87450
99231
7614
43996
35549
76640
72474
87582
89424
82741
3267
14728
11968
83226
59633
12563
95727
86950
76760
72589
17167
13895
30534
83672
70030
48543
88667
64694
15650
32310
3321
19451
31540
10935
63446
83440
87574
52271
71021
93349
35012
74287
8076
63331
73864
84061
75894
85942
71010
52653
58531
4528
66547
5416
88199
36576
53959
76865
17621
85960
25526
20942
5410
73418
48228
85207
56857
52153
53829
27878
61853
88840
18516
86280
52171
92380
86692
44416
94673
74053
97068
53203
78580
79966
58619
66778
32893
28929
59994
50514
31240
1872
87807
36649
75289
36034
38207
48497
4538
92035
76374
82742
97227
11242
69021
65749
19973
55713
10164
14645
29765
23583
67848
24697
19900
42818
91474
52792
88098
51468
3305
19337
53339
91111
72337
44979
43496
10543
93475
64385
18929
86201
47126
16155
97442
32499
81903
17414
4563
8418
48410
50679
48352
32609
75375
68251
75426
66849
37395
79875
34668
40699
99211
4358
48162
71547
49336
8009
98441
42810
72394
17370
29010
35871
33524
26451
84721
31779
60216
89283
56548
8626
56314
21252
57586
31688
5854
49364
14888
43248
29238
49555
83947
28449
70264
48460
16347
19599
56468
14788
62409
45213
48509
7770
81084
82032
50573
65804
30162
10788
71439
3062
35765
27752
24313
9703
75791
30166
59066
90679
73414
88303
56585
73712
33103
26849
38523
65802
46447
94990
96941
25207
40203
45449
32977
37638
43832
99901
19793
90346
10688
91231
93407
62805
35334
17719
88859
11125
64236
47924
1803
54001
52578
74739
27712
85681
1587
66234
51482
64386
77576
64774
5944
34130
10222
55272
88119
54053
55172
7911
44398
82212
15494
54156
61368
67179
88226
50226
78303
52462
98149
96457
6462
50726
71196
50526
52758
89134
33111
20591
69871
27038
85364
92167
61167
95585
47438
65637
65990
2610
89900
26739
1173
21745
80895
62540
88923
69120
12765
83578
21581
27265
80034
44395
77990
67581
11272
47100
73067
60734
67690
59289
87772
53054
51455
65290
64990
98893
30927
47331
17854
20826
74070
19026
42570
54964
97917
47844
40435
27033
31421
62016
54297
11455
22762
48638
95387
34033
95737
84805
94766
79779
44094
98889
49184
95548
64179
30525
10792
11457
77856
44997
32282
51925
64022
91203
23240
78290
39046
63674
5322
70467
42041
75970
98273
81154
24608
10011
31538
36696
94816
42656
16474
55261
41544
82009
50808
22074
12534
77952
33530
90389
22948
65811
58665
3322
73365
98256
81611
28763
61929
3285
99229
20322
79254
13853
1475
3861
40215
33013
56909
35030
75668
89734
6642
33563
71743
57450
55637
628
51753
89166
7368
74700
71329
66032
78021
44693
80639
75984
73455
42567
79268
89035
79240
74873
19239
80715
78734
59454
30079
51994
10835
22098
41727
17477
72012
29821
91278
27648
30448
43030
33166
37815
34081
4494
20198
28454
65538
836
4437
55345
59755
56
60731
38994
74928
79970
36060
70013
55775
82490
22006
82961
4587
80085
437
92951
9905
8066
20598
40353
67447
53763
94519
1528
74608
14717
29981
56498
31904
34417
11842
91658
50824
72572
47004
25751
68893
99415
95764
24667
81905
34121
7628
2843
14205
24416
95793
24110
48834
16391
80814
16280
86505
75332
17807
77465
6400
47787
33962
38304
98555
62155
46313
49378
34726
93316
91481
19971
92731
87244
60989
90987
21364
68616
93829
35569
9384
89622
76030
74569
22364
56843
90848
25220
32174
25007
19036
54926
72793
52997
93229
87700
15151
39541
53429
66229
49209
44909
2551
58291
48504
63539
49277
86220
48507
59457
38140
57890
65430
14169
32458
87793
87363
39657
29365
35888
64663
48400
90813
53808
17749
84041
41507
49251
39934
11287
15479
5494
72548
18029
80136
21051
81568
29412
23622
30074
5220
61761
4315
70650
92281
53124
58442
79643
9132
4158
15531
73795
52558
22695
27602
86658
6736
85460
35908
63021
13098
67739
84866
85645
85767
65001
23048
83686
10764
46669
30111
15983
24782
50777
86632
33414
20252
61426
13057
29384
81935
44939
3178
50844
67633
47131
37501
90720
32590
73409
70092
45687
41147
54957
47684
43265
36309
70731
43303
63424
33751
89765
95759
58532
56894
98742
91946
77145
76519
21354
22880
58454
82644
26057
9297
50276
89539
63150
57348
38480
36558
27439
519
94056
98748
48202
53672
51408
35284
13326
14832
69034
3091
10590
43918
59984
9331
52215
53480
85850
73568
76360
60655
56211
18768
69951
22838
8307
33100
80185
46786
86009
7624
63656
96416
22723
11857
66440
74130
47140
79765
88961
32526
82855
15902
76443
59190
25233
28657
12670
27434
18576
89029
88088
74786
7796
74390
13975
32454
23842
94160
79240
26202
18135
59247
22618
40857
71104
89057
31338
34595
68821
20299
67120
68028
52552
43562
27217
94136
88570
56238
21569
7145
61618
26008
98282
69414
398
12257
18219
24239
6416
13810
50440
40902
73057
89409
98110
44160
94817
29447
95106
79990
66097
62226
48017
18649
22139
91585
12784
10709
64175
50705
34205
25792
76712
32487
95205
93461
44743
13424
17699
67510
43585
84491
8411
16641
90251
22872
60800
85068
52318
55906
65057
18415
34483
29425
53415
56621
21009
66198
83681
85183
33254
17886
27327
9966
50372
22531
19778
11466
52306
53829
78975
95891
38319
3737
28883
28569
26608
89683
13636
95277
61940
95044
13691
12774
24468
67105
69394
61829
49655
69427
63363
82908
87312
90689
9225
54035
29572
29003
65500
98229
82831
44474
10471
37501
64562
39354
82421
7521
45388
12409
2797
23679
7452
16488
36452
48272
99944
22197
10100
49598
91623
89814
48858
78934
80503
74434
32968
26426
19788
14819
24654
18970
75644
51477
56470
40205
90830
55243
47725
52569
67651
66874
76247
75102
83361
29050
23373
99656
51246
49824
65606
59221
39638
30815
54506
36492
5248
3826
62917
41388
18644
3922
60357
94288
55398
33179
34492
62579
88421
98569
15147
56071
65442
7745
47524
65154
36794
87249
64809
4392
53424
46766
63612
9413
77580
18117
45904
82828
21942
25172
24215
40586
45446
923
34873
17195
34101
85716
79774
38873
636
11272
11295
82429
19017
58819
47582
72162
62419
28743
76553
15842
75508
40164
41607
69440
58281
3862
52267
80222
29034
92833
37159
90831
10107
88383
8025
44208
74099
4150
83080
91086
15422
94375
73515
50790
69545
21096
22951
48315
66190
15856
64156
58050
56019
5762
27489
30651
9624
96107
10873
55009
5291
64383
62191
15397
52766
70215
59604
43216
90717
59036
34301
22490
69762
7815
73279
55658
45263
12581
3972
27804
28436
84479
85853
807
6593
13341
31457
32568
25799
58681
3928
31089
23064
66118
46486
75829
52684
22441
35396
43400
97828
69696
65889
83941
93863
55519
39598
55477
84452
59921
83280
12887
44400
69133
13693
50992
98825
45150
99911
24624
3830
3838
55712
43245
69955
18549
35425
22638
40990
70820
82390
55169
40516
64630
39110
50730
20149
95059
6206
4600
54980
89485
33838
99379
74969
63883
66722
73794
25384
82984
14769
45565
86821
86832
88810
56775
5381
24234
95764
62722
11406
78153
17890
51921
42783
73351
2650
79283
68410
25207
234
23389
14691
50423
39119
89660
14305
22192
79805
56040
5175
10925
1605
91995
97756
6766
65121
19488
47351
60884
98561
58756
55389
16451
27028
14523
6153
46029
10157
74562
71235
26742
97950
85926
77164
53420
91937
7821
75611
88093
63860
80785
99017
81816
89131
96772
88581
54251
32612
52284
31487
31172
11039
3227
63974
38067
34101
70127
447
44257
44688
71682
70998
58990
73959
64513
28761
82247
72333
4372
70339
36193
1508
69355
18008
6991
82478
22941
77593
15089
75224
9079
46261
2614
28657
10234
57032
79109
80360
57479
23365
41400
45512
10714
389
19470
91579
45501
1716
63911
49872
88406
16455
67732
57760
50815
74722
40237
73755
52314
71678
65330
77745
17938
84295
6401
44523
41327
85510
24883
15157
25226
66282
60668
52292
83022
96489
43870
28522
14556
24132
94746
2961
40587
62477
77072
7753
53550
33660
97859
5863
5337
63188
99959
39626
63834
22712
84149
21512
24573
9031
36668
66150
91664
13687
18441
91037
26527
78662
35910
41082
19146
47007
60394
76084
25835
37465
83836
79384
87477
81694
1599
92813
61233
1557
32439
25066
24268
16587
62930
48840
41969
99597
14990
49984
29636
49782
41020
72514
44796
93281
29948
63941
40288
90341
40024
82474
44158
40211
61858
31634
21904
63456
40798
99488
81364
73236
40905
21984
6174
3834
70823
64494
19783
2164
14477
49418
68298
71848
21931
13093
65129
68230
93385
21768
58571
49760
4241
19080
89970
82450
67065
28225
62257
7862
27712
43621
97450
84968
65604
3623
88802
52778
68117
8584
54942
98945
58001
39591
70793
96283
52683
52273
64513
62419
74040
39435
12178
94632
58514
18499
77082
41930
63075
39338
49791
7138
82958
47240
92105
64913
67215
80906
17691
51683
89489
88984
50627
63841
28574
21419
76476
97608
73691
57340
76378
64082
96774
88555
58714
71639
23405
52147
13568
86479
91484
79710
93616
90794
26950
85720
72058
94164
66626
89748
45846
72466
95083
96472
36307
40008
34243
12782
53967
24285
70121
30344
88367
83246
35250
63432
71236
58654
15578
84803
61484
23413
64512
71451
30558
7813
57171
2616
1976
40148
8715
64173
12613
3798
76997
65271
60157
27591
94404
14124
51875
64524
44467
56593
64121
96069
20024
35356
54722
51953
20158
32558
75366
1022
4008
5923
8834
77530
8538
27162
17677
33605
7686
46642
37402
1034
28264
13910
28624
22668
28033
96851
3543
88852
53443
67664
84920
73467
3019
55993
25419
39529
88550
784
56902
8910
23059
82087
86439
47948
25600
20468
81552
33286
83461
35305
34319
11724
49215
79295
34391
93599
76145
37934
82450
29587
21949
83721
19405
24967
56066
44824
80847
60967
61959
37748
69876
1369
19835
72667
49317
45434
93134
30868
95071
76594
82525
45742
4669
31739
25036
55412
41689
17532
9697
40491
47118
31645
24211
66523
72963
96628
27698
53810
57595
6008
91557
43822
7377
27743
16488
73045
73177
25973
20264
84599
2566
2788
30340
23587
50878
71727
78998
92567
89258
88694
33057
52728
20338
73619
35602
93300
70247
63299
47109
44193
85658
55018
88014
9386
82760
4502
82430
72288
30474
2694
56887
49392
21833
3578
72978
72711
75305
68327
65277
80914
57020
14685
33641
93709
4655
69242
3360
91253
48892
66821
35445
50902
21838
23459
60287
20949
44312
59069
9589
91137
61762
82827
56880
83594
86404
46209
72656
78060
14535
54284
75326
87906
85320
8966
81614
89975
94560
1326
81227
59803
68146
16672
10704
6335
56482
70991
27283
17145
30059
53223
24633
8172
36049
81513
8117
38805
27721
80773
33216
58608
51408
8541
46513
36728
17507
44479
26702
28418
45804
7928
88220
13949
40951
98924
20283
13784
86266
63917
30928
32676
17140
55561
40847
53188
53425
65315
8344
81145
62439
41560
56104
13847
50100
18969
50574
67606
63447
93627
96023
25602
17906
595
55902
75209
99518
76184
88992
85783
56452
19920
18458
73591
91832
75656
43131
45256
57322
51474
42752
19761
9385
98856
49959
59485
17824
16884
43442
97622
10510
55817
23223
44767
56411
79124
19975
72280
71659
8967
58062
44462
45238
92871
18053
53421
84878
77535
98676
42199
45360
57779
78311
54745
56634
28269
30581
90809
45152
74022
4782
72013
46190
28004
16780
18952
23479
36754
91231
11489
45720
65644
55951
7309
74866
90355
60729
59743
84241
75756
18294
29600
33535
12956
696
90168
41225
47628
97329
2728
38002
2110
74741
84191
46466
91520
3143
86296
44625
94373
97785
6697
60017
70087
14005
34882
60441
91086
10977
61033
66841
45622
6984
375
58577
7680
6895
16153
71659
4223
35233
9660
22684
9973
93851
69149
17844
96993
71797
62468
7717
85933
85516
84085
56019
99521
35319
32811
90606
46295
93843
57446
8268
826
57821
83196
24857
81067
99349
96516
85289
34581
22527
24324
60905
16377
9825
95100
29721
81621
73919
37438
67553
59435
37874
39923
75307
73192
72733
65912
35838
82927
39709
44105
104
13881
27301
24961
94947
43001
37828
96587
93933
60354
20911
71189
93083
47087
66288
22803
28707
40206
76592
12611
15992
14466
52533
91298
4009
25265
73561
39847
8191
13270
303
8294
43502
27603
49606
54801
86955
3785
51387
97239
80491
88649
68427
73573
35735
51066
12727
80793
7624
5671
93403
23615
36488
45935
14913
40496
87551
4825
96694
12093
18094
96997
36739
77948
40951
86344
32748
27906
6481
486
25144
86971
5487
9923
76895
57573
60988
89621
54718
68611
11643
48120
92226
48130
10407
23490
88626
97957
28314
85319
10050
62760
98667
46788
57059
39618
49483
6158
67523
72315
22995
9018
75637
28481
18940
52531
2406
96280
58504
57123
64890
70146
21594
73467
18276
32000
13308
23253
46309
57974
24923
56358
20733
23590
19497
94143
63207
85331
300
47081
57646
23294
56098
33282
68127
91390
2165
86884
87669
60668
44006
68910
47165
65599
58729
81792
13951
72036
21396
60259
30009
46319
32968
67093
86260
52464
61235
65818
54146
77886
12898
28143
1180
85347
61425
85658
76736
79941
72541
80756
40608
32898
49666
4124
14848
8394
85916
28798
96781
7311
5408
43142
69981
38375
26586
72592
7190
87821
38409
61336
82058
51306
5830
99589
53005
67254
85246
29740
63546
74138
10496
4153
7035
76513
24629
21883
1258
10544
67032
98038
34206
88792
57531
20539
27166
84117
93130
50708
88289
31539
28395
70346
99196
34224
69935
52200
17830
55180
98292
81375
45670
25139
1880
52704
18003
26508
90938
19260
37051
74322
33649
87608
63113
91180
8146
6630
91648
17628
57337
79936
49166
85731
50281
64713
19955
36567
33265
37784
8099
47908
19158
53768
73046
21037
22823
91048
47544
13761
26659
946
4434
76659
4906
67546
84190
29403
74175
75837
47030
47864
55772
12547
33594
22405
93612
53548
75323
26876
7683
83421
74783
26841
37188
64180
64229
76363
71579
28125
90123
14589
45422
10908
91247
50327
94805
75437
96082
85331
67625
43111
33194
23397
55658
66788
62153
49269
36687
37475
92496
44370
37248
83630
87562
74435
47809
68142
67149
35739
12618
57271
50327
58040
84530
57925
24718
79334
33361
20799
64665
986
80262
97858
40734
52271
80997
19238
1539
17684
56712
10386
78405
93959
94015
82318
84746
58175
66811
51894
10265
79429
25517
60591
53820
10046
34867
78537
5732
68228
15688
70396
85565
95949
68253
42650
48219
65602
61887
66109
99637
34950
92846
78041
28909
3212
76710
30006
77738
59872
98251
88002
39300
23767
64944
9471
50165
99810
88008
55896
84389
20047
26291
69953
32347
10895
28954
80565
92848
90840
63025
92484
25790
55870
86876
71050
75433
63585
1055
53170
39809
99305
41171
79108
39424
6114
4931
5940
22275
9290
61835
6664
29336
4477
92968
61682
31723
21922
58598
24571
12761
21622
33406
54902
93843
20282
25951
69275
218
43357
22444
40026
59014
79966
35486
98437
2431
40416
4376
24705
49705
82562
31368
79040
3390
24336
57073
51464
46257
15670
76034
75369
53643
9440
30271
63837
46073
72573
49463
46290
15930
88258
86316
91295
68223
38153
89731
87005
78568
10458
11709
28272
9371
43077
23663
29112
83764
97087
80575
46372
12756
72961
38092
82750
98752
68362
62938
44824
57287
12400
7465
89568
17009
93780
80862
1583
31932
86944
88587
26851
13753
295
71474
23123
59723
95136
52234
59838
92222
49160
6209
21329
22120
44301
20430
20871
29014
83367
82046
2652
12118
89511
92219
45478
99642
73080
47060
31574
60023
35646
74776
73775
35941
46250
13249
12015
57737
81834
71853
49959
30994
78061
87639
53113
38713
8069
90336
84079
7787
72381
86730
36257
61891
78949
81734
61533
68380
28794
9458
44755
64439
84233
34881
16731
46834
48130
45098
4571
29963
16950
70881
77308
11362
58519
30421
50075
82939
37108
50505
90726
9488
53586
43334
87731
32534
25067
65615
17266
70212
75072
78372
51003
75656
13252
67733
38842
61381
29182
43412
7696
46131
14292
85003
57493
89162
31775
23919
72101
68882
90775
79178
94722
44360
22511
98804
93246
63929
64418
10511
34141
39489
88882
85143
31496
2133
69227
70337
79866
98409
30100
3913
44539
44391
5267
18383
49905
53394
58653
22005
38627
49427
1182
33348
93787
40044
32151
87032
3972
96568
97542
38112
52408
2775
39606
256
21259
8833
86944
17476
23593
17044
21388
84483
77786
43007
2866
27690
96400
61518
66046
35026
27297
83579
84726
21083
23622
33228
8114
27594
46148
22007
82057
14907
24781
21663
15162
62391
46847
18458
79867
86791
35501
17606
71273
13286
60612
90490
57328
73363
68360
23373
8389
95656
6952
9466
16738
30573
42693
41203
74518
5192
63209
72927
20099
4341
10941
51612
66731
74139
70069
62949
60929
5569
80555
32201
35207
57518
22691
8886
30881
7402
32258
55621
3057
55561
65086
19794
2486
24130
60996
77003
29322
40556
66281
49420
44896
77221
17383
11626
51359
87452
90927
28639
9372
71481
60840
60930
28998
99882
69815
59878
7283
2073
15498
26691
57633
96935
46484
60118
21065
23831
53473
50386
64386
19753
16157
25633
13326
49891
53610
81036
37342
44536
9675
63066
16016
70514
23995
61366
86747
93810
21243
10381
12234
53093
37071
86218
50027
99906
62688
87443
23736
16160
54180
4473
52264
86688
30105
65589
36579
83714
62977
90272
28250
72651
53337
60617
59516
77332
21982
62614
87493
59577
72994
99726
29021
10064
2295
95399
9969
64982
82842
50056
81141
37021
70880
49757
23709
984
31697
76639
1049
94673
66910
45650
67323
20247
6267
43190
13930
44600
5803
17774
20528
78796
33851
49548
5211
36145
44947
31531
1127
27788
97938
98619
81160
68817
48375
21220
69800
80072
97858
87201
91096
81120
32850
74771
17718
39116
17960
47999
68
23763
65772
20595
18910
99622
70143
24121
35766
31441
72003
53244
75580
69941
51863
56739
38757
237
94311
24909
96660
8520
12109
87756
89639
44958
62526
7356
426
80485
55354
493
20599
37477
37439
39509
53450
23933
79981
89216
55373
51983
58811
30952
38275
10673
87691
77032
10910
98353
1940
23921
6872
30400
11676
96511
75357
74201
20218
92134
71038
91924
8978
7988
29400
46417
47496
99202
70349
43828
4769
25722
12163
63579
73025
50437
74252
60715
43820
1513
75419
45759
25433
82291
92510
37109
95153
67867
27661
15370
76352
15050
23645
85330
23038
69397
48098
86885
68598
18446
47065
73366
60519
59227
36944
33544
26015
11195
10610
69835
29059
86029
31945
54492
84671
24455
7952
79823
8673
51964
95192
85024
83366
18837
70353
22755
88233
18450
9639
56830
53248
56703
46547
30118
32281
83490
63661
58296
11037
90623
44482
40095
76651
76426
10938
61321
880
35241
41143
25904
3557
52686
10928
86922
87874
97632
26028
76106
32434
35666
49287
2033
8721
95833
32150
57353
95675
12163
32000
6711
2785
76481
63157
79435
52907
90447
57107
70138
25687
14601
96042
45595
83638
23321
48868
71512
37304
74895
63969
86089
26913
29608
88121
51985
25440
36623
9337
37466
48785
57689
44176
51569
34169
23685
47355
3427
14131
20813
73565
56169
35413
85958
1764
19050
25630
66983
6913
62933
41878
70882
65374
85142
489
53494
37126
42280
90116
62814
79746
55252
20502
40273
6820
71023
63957
70526
74449
78087
91338
64365
34256
43102
50322
52371
62152
92303
19353
69064
55236
77582
56297
36961
79075
56785
90454
16200
99065
96922
95366
95162
68525
32219
35434
75345
3241
99391
62222
77690
93829
53560
42054
44436
96661
8728
96806
75164
1030
32511
60580
72617
26444
16876
9577
5519
73661
16383
38070
89077
29656
33435
590
98180
82006
36023
89876
85246
51765
52098
79287
45594
5657
37693
6381
2317
46420
3187
77481
63801
52049
38060
52770
78492
71287
62346
362
61299
78728
38432
50375
24735
88218
67316
22915
70223
3339
12790
55469
71455
64887
51107
33400
70543
88799
39781
89212
51570
42967
83044
31723
11367
37455
84492
6210
8741
46837
6572
70040
41917
45003
36766
66651
49572
4082
5917
19795
23772
18707
75263
95226
99945
42721
28626
70488
31520
68406
76051
99441
27724
59094
31163
55442
12900
15654
61651
21640
78843
84574
8031
20759
45928
44797
3761
95500
48878
26030
15294
89001
44736
6908
578
44680
49628
29203
31519
81147
13960
7569
80588
58035
83014
11750
13476
95913
43756
91479
33905
22598
76052
41935
43356
21980
3083
63468
33831
68312
89497
49124
57312
50584
56031
57890
11616
5658
3444
43134
3157
33756
67055
96
91790
66420
28197
21618
78685
71952
29448
28941
94549
21851
70875
54256
60182
73958
17724
94012
58621
23572
43135
15933
74156
15517
90174
85771
37527
93617
45256
40683
27372
28662
57130
35514
95082
85326
73483
90118
57278
2930
19058
68178
24780
89932
22434
84962
80241
56509
95325
38862
96432
54812
71146
86939
70328
61319
89061
7854
54935
34317
64888
98659
79330
22017
50524
90763
23695
24006
80880
97324
26935
99937
65501
68066
6221
4286
69379
2813
77146
81056
58026
73578
35867
29171
60516
6194
6841
65929
30400
78128
16597
11639
76786
95926
50008
27309
86689
73702
67666
67568
71025
10952
83857
52877
79017
90077
73515
64748
9241
50660
45803
67267
40589
81669
12789
17457
4214
19630
83385
34613
97757
99981
62604
90894
95906
12611
18202
98946
86312
2219
82866
73688
13170
66722
42916
8538
73150
16430
73285
82390
67090
35439
66008
24030
33459
78797
41486
37673
98426
24870
88637
96182
41202
51240
87075
53460
80202
21628
52405
66513
23846
35270
56552
53367
18343
99468
61904
91492
15897
51541
90234
99338
3331
56241
23368
36790
51389
81205
90814
49814
6075
95802
62347
47276
63394
65773
17087
43595
3752
69492
26460
43949
21113
83011
97315
39456
82478
75571
47299
14727
27111
53884
30416
30441
10125
70135
83582
61513
51340
90747
27679
73766
86549
90025
37393
49942
72150
54480
9888
75901
23971
36347
19850
61435
19358
17164
890
18187
9086
64541
49265
36196
18424
79681
82989
44900
49815
82922
22765
1154
73669
66795
74919
76569
56819
28664
26510
45320
83143
52749
21221
7113
89096
57422
68547
24805
90937
85789
59343
23
66681
8608
52570
1456
4640
51910
46356
54454
34832
85472
71960
24852
52266
63230
1420
25436
91893
44281
70756
75035
97029
8328
98499
2476
65749
83398
43632
56685
85538
19327
56707
52218
44286
25629
53673
48925
77538
16380
19730
28721
1851
8041
53572
54116
87623
71343
79552
95867
31975
50307
87254
45356
58634
85752
64183
40734
85501
7815
97418
87390
43493
70477
39607
87778
96105
9632
36702
73642
26011
72783
18715
44214
80824
88638
98329
68446
59981
94232
80664
91955
44538
67917
53662
19523
70021
17845
60256
55521
42011
74026
42911
85503
44502
98869
73280
40606
24852
9981
30599
67215
82763
49313
11428
79938
37951
26108
64735
14283
20340
45399
22589
81229
13315
76251
17104
83335
94095
93711
55208
36105
67736
14470
37959
12237
29690
11238
69194
54542
37570
99793
38108
36684
65457
49535
16622
19759
91994
81356
34041
28685
43106
72982
9914
56421
65584
43369
56107
76030
37079
27666
12134
4815
42135
50092
33403
71825
77681
2597
42718
15250
18741
80825
51933
549
46711
84906
20308
38704
66262
70700
67389
25719
60033
93654
82139
25616
37022
54598
1645
90452
82263
30130
95266
24398
96573
45021
12574
74253
63969
71643
5854
99061
68819
57787
99609
31881
42692
36268
86936
25305
23320
70676
51024
83352
64329
49514
8968
17702
4111
26964
8154
2726
57094
19771
43475
70018
64791
56048
60623
28759
44042
66476
44171
29212
24262
43780
61092
83306
96399
48027
24962
19718
18703
75985
3070
99383
41851
28389
17085
62313
71704
41590
65038
45149
77712
8512
15167
42503
80911
75789
87613
24952
42264
31784
70515
82878
91915
31606
66183
88313
95985
91144
8031
14687
83481
27452
30421
41683
72192
63857
3995
43895
5446
69033
89044
83158
93896
20562
42012
74807
96350
45976
16110
54965
94111
86625
37842
86025
34582
20376
90690
30566
27872
15072
61604
27704
42523
92025
69386
31066
55881
89732
74960
77679
75116
80355
77188
69012
916
35551
43818
13617
81526
59927
68582
91989
62903
22775
78013
97485
43151
85054
28050
71022
125
89654
15077
58999
98030
814
90064
53910
90545
81376
47940
65661
78082
25127
34672
78998
77029
94841
8966
58555
71119
77547
50543
34022
322
44907
47858
59824
46313
92259
47197
46437
98264
62273
21788
96293
63086
28203
66555
69982
9578
30846
35642
4012
55973
86665
99361
49353
81505
8326
7907
68976
2225
74801
19349
18898
36060
67206
78721
82372
75816
25917
45160
74080
4541
66947
86724
83978
11502
69630
53959
37431
476
89601
41442
72800
92617
40802
22152
90474
65480
30059
59449
67704
21211
78797
86601
57270
62354
81673
55993
54521
23941
17505
44952
44833
803
31676
28810
12304
1305
82768
49735
18132
88720
7528
90931
81337
48330
13083
71810
30161
59493
47610
97864
97055
42758
816
70677
21463
82488
26669
75983
22780
60525
37287
67612
61328
68962
96421
73631
86618
95540
39717
21102
84260
47245
12032
81948
11926
41466
70109
42086
958
34070
39949
14365
76827
57116
85041
14641
39603
28061
90623
78734
88586
27909
46345
49913
13222
59117
39895
16192
54656
79612
53645
55267
26856
65676
37214
38781
23494
23674
97218
24451
57743
37166
55167
50921
94281
40207
65561
50235
68268
56184
28968
56853
444
91664
23117
30018
50780
63011
62561
21787
42622
16205
77054
85829
98232
30619
40961
21725
54293
38178
62528
28387
91695
17694
79308
2327
57901
44868
52561
42520
17403
97880
15724
34199
89543
38840
64216
56674
1850
43128
78461
60824
75684
55514
63004
73915
2484
3965
11992
56776
58494
74519
1515
50189
8564
80822
52515
82816
25689
21428
25335
43092
19307
41058
77290
25202
96249
57857
98227
98099
17336
76687
75274
9371
48552
38277
99637
51036
58593
11628
24163
17087
2498
42029
67275
27414
22850
19789
10229
64891
57568
51916
24334
76875
92973
1623
18428
5574
75831
16654
3672
9518
9693
95297
18888
74596
33573
18524
41983
92166
46504
82498
9252
49001
24526
92878
76414
47376
29018
2995
12266
86586
54910
36599
79812
64234
54573
98239
69807
46755
31244
89830
72624
40936
85126
91511
15532
35051
26386
73866
27216
72889
56363
52819
38242
80889
45696
14655
44616
91065
17649
73233
77650
72558
26183
57461
36792
80755
55699
22950
43861
3295
12780
16484
44230
97905
24346
76113
32955
50731
66331
76522
39972
22693
29340
78213
3581
91387
92867
64548
82452
26868
37780
76453
15777
63962
33914
68920
61068
5964
91870
4928
9258
4649
37763
69840
18905
62108
62304
51860
29191
28634
44733
69162
51327
74073
47374
71259
81811
56592
35807
80614
99811
73586
57067
15588
53900
90980
859
14967
13295
92728
19895
22553
13728
74009
8744
32633
36117
71047
844
81659
16033
45576
67172
83711
36000
14545
54969
34163
87488
7127
14776
87299
97065
71842
19238
50964
79173
20096
65930
92468
12824
2176
15020
42903
76185
40115
91887
28653
27513
92730
10311
43545
54658
77482
27255
90657
8378
98576
24819
95865
5702
55947
99515
2766
27788
18752
70081
6961
38848
36011
99428
68023
38186
30799
10925
14370
70913
2812
59374
98425
11893
69684
58322
66550
63517
85576
73559
71894
84151
14729
84111
6205
70675
83625
25322
14815
2377
95403
21775
41224
47765
37554
9246
2302
84704
36522
16672
71968
55685
76045
86744
67578
62081
45065
50479
25597
46993
24037
13843
47495
55118
97953
53699
42144
81577
95373
56958
83953
90775
95084
41528
54891
32637
67125
57192
33692
3647
90215
5659
59331
82612
92403
43260
44692
53819
93739
86640
811
34127
482
48306
5596
98434
18356
47740
80011
13728
4697
80315
20854
16133
21843
75744
65121
5319
32936
98813
8965
23150
4471
84648
5761
13225
44259
50452
67044
54349
53444
84206
4828
53925
32511
10423
52359
50867
58162
48721
64594
79211
45387
1800
95343
83581
77543
60463
88900
10478
75627
14216
33628
80098
15215
55740
9674
59474
22544
93069
13822
75987
77275
18649
29911
9785
45424
98621
77003
19937
63693
57949
99147
9080
59748
10841
92660
37290
87656
81559
64120
63282
95775
14099
59731
10989
69838
85757
86814
92381
78825
636
68367
56099
35636
98278
82236
81059
13250
59238
996
76943
33538
16494
86022
93285
43687
78681
46927
47694
76592
11046
27327
88718
25144
3410
16058
11333
89166
2872
3714
84342
19859
72080
40441
55494
86709
39028
52905
99959
14617
70252
93253
48155
3097
79274
57791
63135
74306
21069
10828
50897
48466
38155
39614
73609
41564
55672
1294
47081
74895
5007
31422
94753
93438
88214
66598
80147
43593
19502
96457
58210
6105
89709
22716
25554
85334
96858
88688
59639
17927
99516
26888
66392
54022
82853
56353
11937
54876
57646
59017
29770
79004
6790
24522
72441
11356
91120
52587
54948
26973
65395
13157
49430
71455
52224
74983
56788
49082
80022
16427
83360
79537
59666
49751
49910
42518
22455
61846
97394
80100
37214
43515
59103
60356
68037
47896
71711
75508
16834
26658
18832
82229
56167
84613
53683
24742
75947
26823
73823
55969
59601
57182
51857
19266
23285
1767
78135
45739
79964
75528
42191
33530
19043
17645
93885
3431
65540
65595
95290
82374
8604
14121
80954
81122
15086
34636
5864
91032
77810
79686
63352
37410
53220
15209
56675
92856
33327
51162
38594
13290
26689
97136
46819
62083
14781
40703
65513
96672
22649
77154
79045
31253
91275
59998
28726
22712
10986
34589
30095
88795
30627
93447
42557
83846
8655
15583
93053
58333
66744
31646
71622
93433
28782
34793
71867
59914
91847
53732
56585
30848
30885
51982
62100
38511
28331
7177
61222
39316
41766
91317
44463
72392
84763
3371
72589
9769
18953
65641
68101
85697
13638
56074
95481
58771
90866
83699
35036
99065
37430
7973
29912
68315
59954
8363
6825
88284
15539
68047
43952
57304
75715
4766
46047
76829
8136
34987
86597
43440
16979
71049
45488
30617
27122
57320
5739
34340
41019
40775
49756
78448
48747
79667
63114
25052
88029
69939
13335
19919
54337
73638
77223
46403
94755
39621
23231
19242
74608
26179
62682
7938
97227
8169
38554
40700
81841
60645
91391
22859
1419
41146
17658
66517
20812
80772
91568
25192
50710
4902
45111
21398
94892
38685
67800
5998
94657
91030
25240
69264
17208
87921
93554
30786
12441
32107
87837
94281
9103
79228
33491
10521
36725
51149
77037
73889
31920
68604
99080
98981
89858
60542
20378
1101
99226
88177
7098
93883
79206
32337
79498
12765
36609
89403
59902
65402
37862
47738
76034
46964
43317
25877
57485
80042
77025
50873
70282
25296
35829
69361
24276
42038
46255
44653
59490
61832
32829
82939
72066
28386
15276
67916
57502
68236
57318
17403
49989
95179
81492
42375
42143
41161
68251
15979
21202
45275
83203
7835
70570
19031
77195
11197
77420
39801
55849
36909
1633
5029
19848
73698
49766
51475
41613
7267
36062
98931
41021
2403
10461
38864
44777
52603
80024
13027
68581
17577
74653
51784
25411
61574
87166
18958
72770
80938
58758
28618
17846
60390
49998
54045
50440
99763
21871
92052
23381
74285
7334
80753
76687
17795
19616
37815
86749
99640
50841
71682
17216
41845
39817
58979
19770
26982
77936
92539
7919
36693
37508
42117
13435
87505
12513
63874
3619
50736
72277
26999
25020
95963
24103
18058
13757
43718
55872
16857
43357
23064
88538
76925
64908
28354
35903
1029
71688
30190
93567
95958
66882
47426
54426
80316
51282
66939
44189
54900
34026
32818
98250
59045
28780
22352
77102
58888
66069
49325
75744
25778
72388
80634
19054
53647
25339
71308
54675
97026
1497
64593
9336
84730
12018
63761
81398
63299
47051
41938
34550
81076
74755
32799
56472
3534
71502
49925
62421
53922
99249
54517
96051
87988
35150
31456
41634
76840
2763
12660
90218
20611
77252
99553
21693
89269
79665
3090
68919
26716
45027
3468
24143
19782
52618
96967
23315
24119
46891
2088
94393
62492
72956
90443
50479
8105
38251
92113
1296
57365
4772
91513
77976
98376
91065
16020
3996
87082
19109
72915
30149
64135
76382
54291
83916
45352
51257
23583
85822
14500
42022
80214
76991
14977
87009
27469
39433
25259
35933
40728
82623
57057
48593
76950
55432
39657
92969
59427
43090
28429
32341
73238
92564
25075
27529
92831
86778
95137
32765
72599
9636
74786
69165
2978
6114
72525
30447
45546
14135
82731
2626
13109
39787
51218
90059
95218
7226
99379
70997
50316
27808
19689
23553
20371
61115
67433
29553
47892
78922
62318
36843
4909
53455
6007
7887
59569
94883
54685
21466
9017
37415
40443
22125
77202
91660
28535
88771
15238
27914
59767
65553
72073
79456
5457
8795
40570
89242
38347
4814
68163
17016
41656
73071
70471
64014
97309
46391
58896
51993
67856
67912
5760
8299
6388
82961
16310
34923
88083
31547
62836
64202
13451
51260
43657
18908
60054
578
8149
98400
5391
92663
31768
63398
82085
2238
27411
79394
48628
86306
47738
32835
70569
53497
57485
76957
52809
90147
28231
40892
21693
91066
5093
51496
58677
65101
70403
18730
82030
94903
33481
3773
3917
65248
67170
86001
67485
10933
65394
32464
13590
13132
81651
84159
82980
55487
77467
35789
45633
5697
76680
83678
13114
98124
35173
71790
79576
21927
90519
61605
33181
23999
65377
37097
89247
48899
23097
73083
59831
4843
21899
73420
34326
3549
73930
33657
59035
51396
69445
21020
73444
62476
4697
86557
76951
39869
74698
56526
78147
81568
18131
11327
21919
99859
48423
27517
48757
87871
599
24939
9065
22497
98359
59742
42397
88640
93399
17784
40036
62843
55155
29831
41671
59851
32740
18621
16071
7437
75147
94217
89005
9629
5543
27275
9487
70317
54791
74596
74539
55389
99534
83604
94238
14244
59697
52986
19236
53095
87121
75623
32290
42275
5453
73960
18477
38192
92580
34547
61981
84078
45115
67337
93706
50657
94611
19545
37325
49401
10492
28216
21141
26377
11819
31730
56973
87867
1068
76208
40962
88188
51830
73251
30463
57282
63562
48939
11826
72493
99838
73806
56571
44952
41142
66628
11961
52104
2524
65637
1504
13015
93852
38996
55744
5670
70726
12716
9889
71793
5275
50850
59980
57104
40452
6794
30737
4013
72085
58914
76505
71922
32719
33075
33225
90212
16055
45185
42315
18578
10822
60170
47945
4673
99166
20040
26695
69891
49107
36583
58035
54381
87432
18014
27836
44235
41160
58572
48247
29596
17486
24751
1517
66556
74178
34741
56768
6584
96278
15434
25161
7099
75604
89457
28123
74769
25848
54817
61011
74954
7751
19045
29334
11534
53410
57169
55768
10921
32093
4014
40516
65930
45117
42032
48837
19294
93125
5604
25877
5754
37390
67389
12852
12993
73198
57326
4113
99045
12143
81475
90351
36245
519
19684
47779
70280
93205
3546
81201
41649
23912
21716
23930
69028
80100
72766
4673
89576
94722
30549
95329
32111
14289
24532
61455
3838
81857
81919
19235
10351
63393
9585
46596
63911
45620
94374
34190
55176
14271
31742
96824
38182
53458
37105
23561
33557
9871
28233
23132
4592
75133
34812
53054
89422
59343
30860
9611
57551
12778
28845
67902
76170
38429
30849
56432
84049
41574
6973
55576
55844
38715
68752
10378
92172
5856
33938
42080
15726
62171
81563
36669
37303
32726
6074
43076
92068
36933
52687
65970
49710
81531
33871
42231
36312
81071
15014
36712
22644
21987
92287
94840
77053
61038
21569
85576
66894
71858
27655
98971
34028
25569
51992
87683
58294
58065
47110
66713
94998
99796
32682
61059
97679
82905
19642
50342
63975
34655
3405
2971
72993
95691
14162
50045
73081
35730
35620
56326
7587
79626
55296
57967
21546
23639
62001
79839
81704
9110
46551
93053
25258
95585
70463
39288
78489
6456
5981
58815
57463
9385
78137
30455
21427
92298
96852
94507
44379
48823
50832
68318
28449
22480
26284
49994
62470
4636
46185
44173
30097
9087
53577
55354
4671
24040
10993
99511
46847
16973
74678
4309
26357
52814
34764
64136
61464
47967
58642
5842
96789
25826
74159
41589
64657
16794
7935
27126
21429
54119
87651
51526
79557
41227
23231
580
81618
50576
90
28465
83900
91119
32773
26609
43933
83888
90744
21748
48206
49385
27589
61347
91562
18100
2935
56218
34893
27221
99696
72674
97691
87346
40551
77248
44924
63781
77827
26542
30708
94268
71358
14608
1739
20482
41216
45671
20722
31959
83770
85279
81343
11358
46625
89257
45809
65912
45474
80702
93132
45169
69727
90823
48866
10277
84422
93790
90409
78600
36683
21117
89219
24392
35724
90957
