10000
61225
76939
52979
81946
25249
36748
67225
22943
64458
30201
12199
10266
96112
57673
7319
89244
19193
77045
96418
68059
87321
80839
78200
77730
59438
31234
15198
65008
55625
67273
55965
33201
60563
8943
15147
85811
45691
98723
8753
10148
28923
20952
20413
41387
94976
27732
30630
14168
21128
27047
98578
8449
24237
93129
2530
26
40714
34079
65033
12690
1351
20997
45891
61913
29940
77389
47723
91982
76111
72827
2129
21385
93778
38893
62771
88753
66624
9752
19273
4104
53150
34202
12552
77386
43683
31433
93763
84396
65511
75148
97086
83213
12496
42976
45125
42435
20364
9199
50768
12826
82025
52896
50562
92155
91789
13333
97259
74764
39436
32883
78867
92586
67085
7770
86323
10767
55554
80086
11514
37416
71585
8599
20628
84080
67926
82104
42867
88289
91302
93634
17466
73327
46530
68028
81833
54670
97712
79091
45785
37147
11974
41004
29732
95410
65125
32407
22528
37031
28844
34041
74446
428
42640
95074
84507
26917
77177
27373
15206
84831
37359
49023
74509
240
17050
56341
54909
14761
35431
17045
68260
63756
74400
97991
59165
55877
46749
81692
92907
75592
15733
67352
76019
74724
78777
76878
1640
55954
4250
33197
57136
57960
82220
31644
58199
15621
87984
29459
46734
23414
46504
14993
3522
37255
29335
62686
93131
76084
44378
2389
51675
76462
69741
27694
67537
64869
20923
85528
37174
41524
18725
94309
99484
17296
25952
57682
32916
13935
87141
96001
53701
49996
10993
57222
87250
40328
36259
96733
16411
80636
99121
84437
73449
85213
28482
40985
50082
49404
26513
87255
90928
61589
81564
90411
78884
7515
48092
28151
37802
35232
40504
91502
1579
51496
65075
88829
8175
1333
1913
24585
98321
17385
25374
71769
2598
53855
29106
69031
3259
71970
56285
94186
33558
54200
948
28793
78067
49039
73295
15868
623
13798
23721
18553
81646
88795
23733
89820
90127
25645
14405
4799
43030
56130
76568
61979
9984
22025
31009
13242
93994
3645
23779
43903
57845
24726
89047
35911
90117
62341
51778
7091
92491
91850
25643
74136
80644
49376
63955
87122
91372
94711
91921
50753
50840
84840
12731
60824
6864
60091
90417
17209
63736
30548
61111
37932
71625
50157
73842
78093
12497
41971
1535
21339
33820
27178
95474
30815
92905
75781
17936
628
70491
9856
51381
21331
94695
64111
98506
17910
24202
5274
35118
4289
52173
96228
42220
23798
62736
32413
18242
91585
90735
19777
12923
40906
63306
8397
71720
72562
84177
6007
73189
71019
15863
24569
8701
26909
88680
23558
61171
29233
45184
96288
49873
97356
8868
92092
37505
71603
40856
55747
63187
31590
91875
76110
72495
55180
858
60566
27741
1386
66572
929
88756
98786
41850
97457
25695
46881
37366
86865
76113
82549
99504
42337
79905
8371
50780
33761
96326
91635
5859
59512
23224
97733
51973
12070
69264
69182
72635
13356
86919
39206
30637
75675
37992
72486
89483
80038
19366
26848
83254
11830
9397
99109
54166
5653
23832
4945
39413
20157
96579
61624
96020
36154
59356
64345
64575
44972
49878
53561
58327
36797
9118
88963
28823
63461
77800
18305
43498
97165
61504
43103
8994
87252
42212
63159
92904
82395
84455
48669
2551
81033
10292
14922
33538
85999
79266
98112
30970
29144
51672
5649
82292
60790
10963
11114
24250
88763
45770
84100
85927
7273
43554
11273
10877
2117
74431
20132
84511
75238
85152
3413
56270
95443
18335
6160
97794
97600
20623
45115
43095
88647
50763
25386
49436
78078
36499
90037
66840
98620
90488
52766
22245
34042
64038
33121
52510
54821
53252
37021
30058
38404
40433
2679
50198
75119
25190
64343
72719
45813
9458
32165
34459
76572
57551
246
54649
10401
6634
37840
9021
97122
90606
31265
47515
70995
80737
24
42167
50340
53396
88576
5095
10181
7607
71645
85299
32796
35987
74369
78608
61796
6534
29418
54720
64084
29663
25720
90836
36297
63560
99856
49770
70517
47472
97284
57863
44560
13659
30
94900
67055
88605
16346
93587
96211
87990
78885
45359
40329
53254
23966
2124
59787
69736
73195
40222
99398
98915
31057
52046
78826
47265
1815
49342
11088
15450
7204
72000
29109
7233
83251
12515
12190
99596
6101
24752
3938
84985
70110
44266
54590
10428
62741
14376
80163
35936
70949
79560
51202
18358
31606
30027
65622
49772
79368
93061
65222
86571
65060
94330
10156
48310
23196
38697
64258
29296
63448
68195
30632
33558
12460
85222
60337
75200
15949
40499
27487
86898
36410
78688
5255
68015
8714
87228
34139
88081
96640
99360
91004
61700
10041
17511
26361
33236
56207
90618
78883
19654
75164
25866
69563
87623
27439
29899
79175
43388
86749
6661
46637
23159
85349
68243
7525
10414
71822
41663
14847
68461
41022
5850
46512
67414
23360
89225
17001
95918
96194
12235
15571
71358
38101
1486
75332
81891
47736
70858
41630
34485
77519
88266
57643
79219
72860
65167
5984
61033
23182
20830
45846
80555
26679
8709
47969
66390
97933
64969
62307
10479
93556
94230
98188
48008
12067
73519
29898
59802
44377
71528
10638
38247
76145
68280
33817
65357
49799
39800
26389
89332
60630
72234
69886
87308
97295
17854
70050
95227
99175
32356
22057
92730
42937
20244
40737
55003
93763
70634
14805
54491
58513
25442
92737
34658
10074
26553
14
76224
66352
42754
65555
43333
14988
35440
30641
12282
69646
17042
23860
68820
65749
62269
77901
8686
82512
18637
63688
92626
5622
94844
47116
64135
36638
56204
15144
63063
82756
31509
39286
65460
74262
21192
8792
5601
72983
55784
34234
42628
72825
74446
11447
38574
36714
5699
63611
19225
40687
43650
11851
46309
38494
75318
26795
91483
31522
58290
54545
14277
89798
10182
96088
80411
31373
4880
86012
20707
77015
20245
63335
66192
11042
91133
4765
47755
96832
84727
83332
37518
28376
95182
178
66869
70499
43324
74703
2020
1613
29247
32649
7762
55780
28736
88173
3504
49967
74184
24211
43334
10780
87545
9525
21822
78677
30641
85928
91860
15367
69259
45730
43742
64440
45907
26963
51291
89231
1665
69662
7195
47264
2310
14957
3043
47398
3129
6547
13716
77312
30757
73401
4443
34653
82925
42616
29681
13565
28544
21541
28931
14154
83622
89025
94946
29528
15987
46236
35110
17651
32249
42305
64914
50911
57261
84309
98308
60389
90855
28375
54052
37963
1776
58494
88967
1052
17462
18647
14617
46005
56539
59899
60158
40160
65275
55103
86040
81261
17690
21149
15264
49939
63453
96529
849
20713
80837
15508
97453
88043
60234
51504
26005
78361
26350
31323
79413
43811
49970
10381
6167
22860
86631
82676
79372
51906
54131
65411
49518
88172
86559
64781
38110
50012
61310
55310
87076
58498
87169
84529
46541
63755
36032
88897
42115
78733
20220
37879
22543
86541
48259
45061
25752
51242
27737
5123
3147
81867
70533
69016
86390
73444
33797
24500
39807
11458
96161
26882
69955
99682
27762
32847
63436
63794
38096
5550
58878
74667
59781
81421
77559
24391
26481
3310
75632
70569
8433
95130
68787
95317
64146
55177
68760
97942
96028
8566
25751
92188
51800
12057
8221
79561
61256
71656
59706
99351
93558
18584
74017
53338
16356
51575
77728
59188
54884
53360
46109
79668
48489
14895
91337
28986
86423
60096
43279
82450
85014
69029
90990
53165
81086
99210
32725
58693
70866
8783
58043
80775
27366
48411
34112
60073
99985
11839
19260
71220
81550
65368
67240
46391
96615
58576
75376
83037
35023
18655
81839
36388
4035
72828
89552
1472
88389
22277
60164
75606
47411
18206
56380
74776
66616
90491
51200
82952
18682
70459
70524
231
52179
37763
46621
65145
96338
38349
48181
47712
73355
30019
84100
77389
19198
73651
78861
7587
12279
39024
99544
59689
73582
55924
50816
56549
62766
18367
39501
81447
5178
10024
98030
57356
47786
61002
38852
60475
99350
87032
24538
72704
33403
8637
66445
68952
98640
45305
92890
27270
680
92434
3311
90613
64709
70478
47162
27474
88845
86662
25273
94022
13037
23302
67729
77174
84303
6580
54000
5
9963
78537
89060
43365
3526
55504
28669
2165
17160
21558
29434
34192
30343
49096
24804
95051
19574
88317
22525
8418
74978
64149
2439
4366
87450
86519
81539
88104
93098
51890
88108
3060
30427
77168
62777
33952
49023
7797
52468
82535
29354
98253
16726
59697
47349
57881
71099
66922
46198
9975
91691
37527
74123
10481
41893
61572
96999
39783
66028
6448
91673
54135
25859
38451
47654
88635
88754
13029
12783
41221
95563
42137
55825
28640
18185
19525
86520
89283
86446
49069
15610
94488
86596
89732
4968
44840
67656
18318
974
33683
24765
8998
4169
50624
47448
51823
55610
52553
81203
68393
10125
76765
26881
65950
5404
61417
85474
8275
67051
88272
57344
82660
82759
60291
72392
4079
5130
56399
38748
22455
90081
63513
31453
10601
30488
78900
62423
2449
47805
43625
70841
57929
36741
14073
23878
58496
75489
25704
66771
42540
30327
40466
25199
29437
756
13942
33515
22237
70340
72263
44691
76772
52127
92495
87373
82614
87747
49795
85062
35551
9772
72255
93479
62864
2679
33709
21360
78168
59412
4482
37059
89738
61299
62257
19174
62054
76199
69041
642
62890
57655
61684
39662
9781
54179
27034
8746
41925
93180
10159
77475
19303
98765
87305
82167
1444
21013
19878
79611
96776
40711
16669
2865
2009
95277
38391
80414
87827
23783
81055
50717
81437
59090
90378
7569
29620
33763
16314
71544
26942
42824
65370
46245
41589
52675
44763
43032
90039
80992
38994
86815
21702
72014
6031
23710
67290
44421
4123
71469
68203
1529
22185
65991
60618
28914
73559
90238
62676
6224
78133
5969
49048
59855
68565
90636
28881
13327
50019
18919
10670
89012
22085
32371
61025
44468
56080
44666
88888
60202
16134
73443
78082
54670
39433
38700
83583
12992
45289
62610
19215
23421
84931
84614
99627
53495
75249
28507
83174
41619
63778
93843
46982
2214
26214
8006
46681
98645
69024
51921
75199
85157
25363
53280
56179
64795
8331
39761
94138
53619
18723
13353
93392
3653
14318
9370
73499
5919
37877
56672
47537
18006
66867
94519
20219
9432
18876
83252
8076
87899
35172
99626
89408
60534
52906
45586
41680
77588
1698
35818
31207
20420
65522
40950
40424
79839
50319
13923
85757
4547
86946
49646
22552
53812
44164
59123
63243
79391
42374
87671
83642
77545
87296
73049
54430
56553
34986
96109
34141
36683
48278
81699
73455
13799
39000
30230
9990
89318
44152
95746
10217
31098
61743
49120
84909
5906
8242
64504
1649
66967
52174
85290
60863
39469
58338
15292
12374
9675
27753
62866
62709
76030
44564
36163
6181
99915
66393
16170
5584
26896
28267
15800
74345
90010
64920
75606
12267
89513
40109
13915
56480
92282
99204
17342
48102
73893
48986
76827
99919
93090
39692
62628
85471
607
15142
91651
521
81534
7820
6105
24782
52439
21904
99126
42448
3175
74731
71066
92688
31191
84981
65519
39824
536
82860
87926
90781
48197
81104
90699
57638
20796
69678
43109
21402
84820
34759
38275
82705
58931
44379
7486
11369
82634
22964
70168
85809
14046
41233
94848
45237
42565
60366
85060
59453
59577
89337
66585
24126
70441
73635
81763
7588
43313
24871
45341
44484
75982
83615
27188
34912
27993
51026
62632
26979
90341
49151
29139
4386
6735
40338
49622
49300
703
51034
25104
76631
40370
91688
17108
27162
65322
98871
34749
24986
40093
96442
69469
16074
80056
13009
67337
24401
80386
29968
51379
70726
79118
96869
75111
2205
37206
41085
67856
54260
8470
92959
47242
48839
998
64350
92353
82671
63220
43453
7657
3312
39894
93477
35738
36302
22837
3074
60702
3222
33042
28432
73947
28511
41652
49058
30715
78857
6494
98570
49468
14963
7880
96709
80153
8877
61058
88857
91548
40629
32310
15556
60293
88555
25384
96030
24856
48221
99103
1909
51442
32144
30340
25389
77007
88343
90798
24073
67199
13643
38995
16666
28605
46874
29727
25109
72103
90784
13966
80002
47765
62627
11909
8057
67533
37292
4086
92389
85512
3188
10649
53306
51684
57341
78694
28690
45683
85843
69114
12882
99485
8108
45899
44441
71334
91977
69549
43436
82761
99866
23437
46877
62492
35345
54933
30025
88988
59018
38765
90852
62205
49413
44157
30240
6753
39202
58929
52436
41396
44395
81669
40880
52502
43919
1672
40187
35896
71220
83622
35008
87438
23410
81884
66281
75106
36816
12657
64094
95833
51421
71297
74389
17186
15453
4629
40290
71006
79909
9077
12401
40655
90745
69632
93157
51016
71303
33343
86911
58874
33317
21918
46311
73078
3801
12592
48184
56968
25248
28629
69152
93021
99925
43540
26558
31729
64520
66847
19086
60781
92276
31486
1435
99372
1117
10943
50387
72419
60638
37297
31292
93954
75566
93955
67031
79366
6546
31566
52685
48145
60194
21836
57517
76470
81728
426
24550
62599
67273
43635
23379
75900
91472
41166
75271
92588
52108
25658
81358
12745
62954
29002
23050
38520
22956
6433
34237
45853
37998
3274
10349
14544
25109
84218
7365
6836
84643
48267
69435
68267
91901
9165
44166
83373
50330
19437
92312
2438
45094
73670
31534
24399
19023
70936
79270
41978
77368
29859
87830
31717
33132
14530
62612
58240
98747
86329
81428
83390
34595
67214
51656
42847
76378
95822
26219
26708
31610
34883
45497
93055
24904
93382
17453
43926
64317
13075
85903
58036
59285
90084
6105
92416
20965
68716
67007
19712
55044
64786
3101
5990
31999
71108
48837
8377
83281
91407
51436
14890
26289
96932
7944
51192
6665
41749
11469
87334
54823
13723
45369
14107
3806
51473
22874
41123
36541
6232
60834
7936
71018
80286
13926
3016
51393
62762
27744
51026
54168
79179
65915
96809
92462
73859
64352
15479
31959
75821
2812
3133
89543
64532
33591
9701
16005
56464
50823
68897
79047
28008
76832
50064
8293
7109
69432
76037
86222
97175
27062
40390
92706
9329
53550
1519
99539
17901
33349
31497
10073
36160
34629
15968
692
68219
42020
33048
41034
9194
1944
20080
37201
95127
86496
61845
18588
55927
54233
4809
69453
97647
61550
78510
6975
15099
96381
22865
49352
29729
54361
75776
65889
5341
91743
82932
89911
33762
15979
30944
42955
34274
67375
96507
45752
53870
74703
80691
26148
45288
85500
95601
42934
47049
90462
66260
78500
86842
89124
44203
16571
59836
19978
98811
65176
11721
98094
71438
61834
30424
2381
21141
81049
86107
33999
26800
39977
8702
7491
66124
70341
9342
78076
13274
72742
68538
95885
51241
55379
1360
95443
88301
61195
31773
3463
42722
43493
1556
14159
5326
48331
32891
42818
29379
18997
76817
72531
58973
1870
96373
41449
72210
5714
35876
85483
78455
4413
97719
46048
76144
99078
57842
80796
60272
89614
84259
19345
49458
2166
33503
71136
50497
66393
13953
96227
85389
90769
68757
60714
92638
65129
18514
81199
87194
54389
83033
65649
75154
80751
28048
51297
79828
85889
32092
56451
91855
32702
75795
41312
51220
25649
12447
1716
92041
26400
14294
93782
33520
83051
54495
42510
48179
89360
23708
35373
43748
23093
17373
18901
3843
61772
86549
23
64012
34993
72825
55866
67694
64972
13530
18913
90620
25976
36980
82661
68727
67626
92794
18599
50676
63640
77460
15206
52999
17519
66930
13098
40611
654
48351
44454
62425
34899
60828
26437
86243
33652
98654
53937
98623
12183
89201
5595
54511
42533
4607
39589
10158
97400
74539
77185
61039
51998
92390
14037
69517
59320
43486
26479
76325
91836
70932
38750
43087
48111
81538
29329
81763
80191
99617
96737
8726
5170
2331
79588
64054
6937
19176
90563
4336
93715
67747
81726
62064
60136
12114
31580
35807
55600
58059
12132
63787
45342
67233
6873
9805
48770
52554
91567
45312
52170
4655
54037
73691
6986
49976
37744
30274
69152
28306
50962
79218
96052
32687
41281
72540
44801
89213
24698
16752
63623
53181
80538
25316
20413
3763
35120
85534
56316
43038
30846
24837
47693
1234
14880
71030
51210
52623
17655
36713
97281
68616
15930
9684
17655
73562
82223
78807
79126
23273
95558
42748
76453
92447
68064
96866
96209
19535
98751
68876
62573
29596
10065
26617
47182
24944
97646
14743
77566
31652
51455
91198
268
83736
882
34274
73649
83104
13080
52775
6376
24989
95522
99181
17435
79937
12398
29996
15824
11148
15223
78396
57096
25287
21364
4277
66582
35361
35371
60500
67012
3177
51697
83631
86912
52578
17904
76912
52034
30983
29686
74761
55971
41560
73941
89758
37848
86338
36105
53671
97486
51327
48418
54581
92966
69781
75209
59547
5141
10579
20046
72153
13755
88095
55783
17018
40672
90039
93929
92705
21021
39967
83818
93344
97878
57758
99453
35725
60448
35557
5748
74285
3235
70517
28865
12552
40298
20425
88451
61790
31003
24848
50294
61109
12942
22429
94478
53614
12467
4758
62670
49839
44724
62839
43182
58953
20597
58986
11030
97396
10894
16777
71680
14129
87293
16896
43032
43942
37320
31482
5732
84674
72682
72377
45782
85623
94805
56611
55588
7271
61368
34610
73462
22444
97448
32995
81396
34396
91981
92425
31791
2874
25553
3470
33354
12846
20365
76386
73139
74036
24219
78870
58709
96900
67599
20842
98875
62403
77452
54462
86026
55172
89071
59487
77615
86519
92481
59010
20914
813
67787
69057
3687
93339
72526
53392
22536
9243
46129
95675
83278
70348
90896
58339
83599
58494
79180
82473
37249
72984
53287
39626
28155
42357
99112
22121
45227
7944
81130
82493
25109
65268
51549
28795
74959
24074
98538
13846
49668
44667
9520
32946
31366
16768
91284
14964
91613
86815
13789
45213
59798
67075
84838
4304
25783
301
26424
71010
8245
23906
69854
33353
89173
21402
78499
80483
61827
77036
94329
11495
38054
20200
60792
69419
36967
68427
735
44932
55241
14523
90144
31391
97949
74982
35694
23731
91634
78470
11092
99878
2375
80945
49582
7899
18698
44432
88382
80525
37820
99062
8371
75873
19261
69162
45292
72580
37588
46026
17511
9180
76900
24006
40570
74848
15339
92616
14930
6973
71085
26022
23202
89811
23318
89136
97709
42016
33567
2442
38892
71386
1503
47262
47259
37116
32775
8902
9695
86714
54927
43557
95893
31826
67562
52815
23025
82901
61782
37954
6225
49218
80327
29426
39028
3645
18561
53088
62012
68480
71882
903
39865
89736
64516
3475
26851
97290
12376
52897
355
83654
96453
12599
31831
80367
65413
54855
79619
43546
92809
85843
92763
73135
31620
48142
93131
50181
17582
55142
18660
89463
56044
74876
95550
36911
94703
22401
34200
7078
91649
50906
7084
88102
63505
38914
68468
45269
10121
48086
88815
19281
50280
97929
8767
81899
62423
1898
32079
80004
57039
67090
85818
29435
41966
81367
66345
36668
20119
16897
60097
11768
84154
83532
16221
47658
38798
84688
92927
48918
49125
98093
68198
99404
12373
76964
81302
74795
95213
29733
71150
52252
96822
56967
98038
55139
54686
80734
8158
74804
13982
84607
2923
98136
84490
19143
62145
23287
20182
55071
88556
69306
69515
56753
68709
81888
50069
66363
56682
45281
12447
44184
13884
25620
1150
28273
80759
72187
25359
5268
63343
39340
6226
66265
53827
90716
1760
15972
30354
21941
87394
18910
91247
73261
92014
76307
55148
42082
59021
28181
3715
71467
72364
33950
97087
89866
78575
94197
62052
3933
99464
25394
59624
22042
8011
29803
29109
9770
45774
59462
31710
49519
78371
39308
22779
70385
15615
94278
28818
74635
22459
48884
46102
11174
82834
43188
1039
77760
37384
79443
81692
53199
4836
57667
91592
29198
87469
20700
38967
49594
80162
87029
99113
74884
26336
38243
45268
58302
48873
90438
32937
71331
39321
95390
98856
38506
54929
99895
16265
8664
79337
14308
78214
524
71975
69806
29722
59443
90505
85040
9037
87018
72068
24501
61902
14756
62743
23521
73057
27967
13958
22345
99297
53279
34086
98153
91784
89014
14399
24401
14029
10087
38708
92243
26962
10682
62048
73035
70125
52552
58075
95513
55922
46494
20013
17823
77601
99107
41343
50658
27074
55301
89354
42722
24931
23440
57226
16714
28805
71624
41114
42834
98062
79822
35076
25024
6855
97123
14410
76979
66026
88836
88843
21947
35330
8855
56121
29282
7962
97464
96291
51387
69116
85645
94108
94046
25436
51334
27111
54240
39309
68225
13425
53723
64398
48500
95098
87604
61974
9507
80935
44352
98343
69777
66298
50024
78632
38771
79305
2945
52586
75596
54331
21701
77592
64790
15746
3027
32475
42856
57266
88136
27432
70691
41858
8181
35542
36955
95785
97516
46461
76719
41867
44803
62847
24516
94826
41478
63286
90483
60774
15871
66078
31456
53923
43669
12598
86020
46695
45072
45228
20312
33207
72659
7354
91416
97192
59248
28370
9328
73115
91183
2398
14981
52337
65244
55848
63515
23074
35486
53997
83847
67708
36426
31655
21631
80094
44252
7650
43140
5675
69229
79803
38882
41888
3509
30297
55431
62756
75019
81110
35870
82553
83507
67202
34889
65102
23049
98403
88175
74886
52399
88374
42594
88824
20028
80576
85269
80631
4577
44760
86305
73806
24563
41538
32045
44423
71835
87475
7178
63205
68584
59399
45757
68442
26600
80645
33543
66000
95400
21718
40886
64150
26443
99831
52974
46470
80406
54594
43452
1334
99354
29756
75139
40268
71294
7183
84690
59480
11009
8219
39036
95944
67617
84792
64385
10568
81788
97928
92919
93539
35997
50156
57689
62439
49986
27014
25260
46743
81607
68711
48077
97312
14818
39567
37579
2463
46750
38620
61942
74110
46838
977
70054
30806
2120
50790
41373
260
48717
34292
93798
1065
84447
51486
79855
50785
78499
21466
97527
76458
6528
61955
73769
21346
1522
27700
23808
64623
66319
2102
55084
29509
19430
25137
60314
37902
75927
18039
38161
40995
52330
48310
58412
53128
16148
38266
3912
94646
59732
17791
87455
66259
96097
61224
3956
13970
5275
44116
78592
71593
46217
33676
17453
65646
75164
77767
3547
67442
95805
58059
8437
64486
6369
83200
17613
22516
21465
37877
33513
97548
55667
37320
80159
68115
14895
466
82085
20169
44581
77028
8113
90797
27055
25566
72795
2219
3332
92693
69660
15488
67104
94448
79973
89824
93999
97585
28691
31816
51813
78555
29363
7479
15874
25873
91946
30768
26339
74030
50936
87271
51057
59049
94420
78112
84614
83566
96682
4297
76258
82693
19784
59713
93493
99756
49536
87491
13692
94578
19306
65505
73133
65021
89335
89006
7245
81280
19774
33583
71661
87061
37206
39070
62461
31625
33533
47074
15190
30214
67722
7799
29258
3857
67512
22750
3612
33399
10241
33656
27977
45898
15512
1109
10918
21198
6466
18163
18830
26239
68097
90490
29652
21654
29559
92112
53278
63091
55538
68467
9656
23259
92618
38914
27116
60129
61663
47079
9879
88255
97086
37855
34153
12597
55315
61422
33795
61781
95936
52624
4371
80385
59465
34022
2038
5376
26134
55316
68466
81671
40134
94474
21281
32751
33387
64748
9231
11401
11827
19110
99656
8912
73316
50160
37861
28631
27933
88007
90411
40221
56982
11133
20605
32798
45155
38994
38173
87640
10661
6639
69310
50795
17464
6942
99897
50850
71690
25480
62250
83516
60941
78257
8779
34256
44768
62991
62886
89053
67349
69648
29273
40682
97133
66229
73480
42287
5222
11652
29926
32235
34642
15587
99381
52105
22528
99277
2954
10569
41108
81556
94084
2048
76164
19215
36304
37284
98557
15541
42688
65906
1541
71960
6587
98673
54540
96418
40959
76113
8070
87236
8347
42711
19174
7727
11168
41701
23356
14121
52270
64463
12028
62705
66511
4544
98271
19166
58179
13180
34706
866
95437
52598
89177
18375
51270
60068
14793
8580
36180
22862
12167
60879
81924
31340
84957
93091
89393
24664
23564
58014
89127
51943
37070
71989
72838
51693
91154
31016
64872
42211
48233
60308
11161
53761
95034
78782
13828
9826
87362
66360
49039
15880
27238
30963
47220
28546
40405
52964
53210
80320
10977
42336
32263
48046
30676
5100
99738
38181
52468
80961
96743
700
57620
7903
54461
52654
86685
84640
62479
90398
50999
11518
6277
78236
58832
69848
23134
15588
22811
76343
95908
33787
35030
28170
98185
65705
49621
14274
20237
2088
95235
16979
19140
52854
41234
89952
5507
44270
74591
84338
34667
25590
95855
57295
20177
71038
27143
59662
86625
49953
36004
98884
92
71033
27053
14628
53089
93026
28901
73325
11465
24135
6656
30604
93341
47889
36907
98847
92158
27850
83184
43176
53439
95390
470
89967
82779
43964
49629
85756
10269
1984
84639
10360
73017
28044
24987
42457
21069
70239
15782
32533
94374
38789
79489
87714
86677
16395
2912
95186
44244
2448
54713
14034
14189
55182
20353
13320
15498
86333
99075
25766
88316
65
52477
77684
28108
93815
20141
65528
64053
52274
98061
74778
91062
93901
78843
94090
26647
98107
5627
87243
554
60339
17628
31094
31872
37980
44413
47369
40664
43487
89486
45332
43552
41962
23015
88011
35776
59507
53539
16181
11780
67951
90958
2841
61851
86153
13282
88497
84259
18908
92091
84812
79246
9719
32257
11118
64050
76670
74838
4714
36508
64324
50045
80059
22637
89411
84422
74765
48918
37960
90945
60697
5910
98254
79890
67760
84406
93171
72608
68664
12079
64699
69827
7676
90769
2084
35145
54818
95105
9983
59531
31612
90658
25927
11671
13294
31690
12444
88058
80607
50403
95354
57655
72664
93608
37544
56775
94365
47067
29382
79381
59145
10432
65559
83172
1200
67642
18317
56018
79098
28299
31900
10710
18956
74179
38732
48601
5868
51175
36659
86474
1577
48364
60480
90592
41971
98024
47366
52688
61442
76747
32068
20586
3531
97626
3757
21082
81620
22073
93451
60717
66723
25351
71426
2030
15881
26509
50631
21748
77683
3641
24573
95611
52004
85052
86202
10327
99427
33567
79366
60868
26666
11433
97805
30196
25410
17914
67629
7029
56338
61080
84098
39413
2782
71875
41442
18662
98384
8424
40409
76066
28416
81333
88029
96772
82736
74230
23450
82163
7797
2815
59382
50814
14247
57187
97361
39656
91452
64989
63037
47789
26068
47134
87201
28849
19008
44995
63862
17391
53418
20622
9809
98186
1954
97837
94957
1042
72066
18406
83204
96214
21220
58937
47027
51818
32475
60739
7825
23926
25728
70861
88067
68147
17994
91619
13348
37002
36613
77209
70744
6383
14183
80552
20920
16136
78388
15876
17177
66806
50633
16732
63019
88204
75669
26398
40021
24495
3488
47845
48421
29215
18706
52839
13714
53051
44457
27061
6404
97422
20621
77148
20156
34803
74051
41075
67291
68791
73302
819
35596
40286
17551
14966
28489
9571
57715
84861
34065
61203
32705
98837
6769
67762
68027
20482
37165
28836
63894
43568
42609
84515
37067
62764
19317
11118
20190
2959
79908
9843
3778
31855
50128
21328
46820
78616
47250
20887
63476
97666
82089
12532
12855
88857
96646
80881
25691
33810
26068
89584
77377
68676
74098
30796
47791
9767
41913
84332
12725
38172
94174
16502
70026
44301
54181
33197
39268
17782
54083
2743
15448
52523
31627
28302
57732
28272
25534
99774
78433
67954
89357
72161
36629
79807
2956
84420
5925
61220
68751
18649
99391
79277
51503
85768
23577
22035
35317
62845
39817
5751
81939
55264
58274
29917
99917
32357
74540
41802
32130
52972
9755
37838
25133
62736
17644
28088
47155
23568
5660
32257
58569
5050
11533
10071
7170
51462
32105
42486
30658
88273
64588
28948
43536
39213
58865
59804
71569
33404
17958
20050
86376
27712
57888
27860
90447
75531
55947
53953
15451
61606
2562
74019
83008
14094
441
6529
81907
48897
65366
12564
37170
29953
41512
97057
69166
16728
56861
40734
50131
91170
77136
52858
18881
35023
80717
25680
26905
53016
95984
42355
30973
98545
32725
30332
28991
33165
36860
10897
82062
2225
23461
19231
32178
81324
16287
1343
98051
89499
58428
64533
80668
35563
33743
15901
86937
14459
57932
13842
83826
53915
72548
14799
68812
5273
45130
97802
38437
81990
8698
36850
566
48510
72432
32743
46185
5071
50437
60587
10921
25217
25120
7941
60779
58862
23841
47716
89672
98124
77909
73498
52038
50456
88296
20849
72080
49777
35002
26869
31766
60052
63718
48684
8561
52502
81426
71098
57572
48215
31684
68492
73431
73155
92784
34209
48368
16624
98276
38040
31099
92536
27889
83137
42992
32536
20337
15071
82312
71691
41939
30430
31742
22009
79113
56654
74510
76890
27751
48433
25104
75787
33276
98534
48941
26060
49095
13661
59035
63722
68052
90134
56258
95940
89622
99249
44827
9958
30671
27138
98000
88962
73919
29741
10970
69383
86395
1831
46273
30497
50263
71376
6283
83538
86262
71576
25949
35356
85236
84984
99077
53287
75117
71686
65578
64738
70934
10404
91047
17957
53893
89047
6918
27812
35139
17887
97194
37885
36069
59818
68382
86331
31194
91016
86220
33807
78943
12169
85514
80530
97152
942
50168
72268
72628
15745
53357
59913
26148
44403
77869
96393
49801
84786
24204
84940
19024
37749
22824
55092
97567
7557
57774
45112
14925
43994
78918
93867
56162
64431
90749
69665
81724
40916
58284
54351
73013
11640
14264
15512
72394
8484
11904
22195
93270
36107
23486
28645
73856
46309
83737
87774
70218
41510
32885
85142
1855
11802
95360
74368
92584
86108
44032
74307
43376
18667
45010
16388
46658
75625
31899
19052
84108
43803
57598
77377
96261
81083
22374
86468
43743
6110
74241
30312
63971
7125
15453
65826
35278
27165
40193
27861
13272
577
18520
72999
35595
79881
89386
82253
55505
21285
17656
55964
65087
75253
49693
61347
72687
72066
47815
32781
78175
38407
63093
58497
45532
94897
40674
80809
22061
97219
25022
51685
97795
59893
24683
49741
39773
14069
31993
11629
35353
49648
67592
16791
41252
17284
94489
30290
89349
58655
63071
83875
97062
42515
42372
42593
37411
99397
39753
75824
96615
81126
27508
10761
41018
68542
60502
97142
82610
92494
25122
34314
58494
92714
67456
99745
26349
61945
30035
32050
36951
9457
15924
34012
68323
74647
92956
22085
74044
49061
14260
70658
30186
41767
81419
71204
26661
58272
84697
9270
50765
9819
59936
9258
18884
27391
25355
61584
5687
71741
93633
58990
97549
25909
93001
65871
16907
2309
4307
90950
51369
18567
77960
81554
76685
75730
69109
3345
34001
53806
12615
1117
79976
88902
10375
15211
32644
52081
76794
54683
23821
70427
13672
21369
96335
6672
3591
13241
25332
7897
20543
76700
26463
14854
58254
3148
6935
43714
6492
57287
13871
35458
58403
93846
40711
85129
9056
73355
37209
85850
28037
61029
72628
41708
82397
85314
64731
85987
14906
90063
10236
35448
83114
36698
66653
57719
56197
73587
1433
62689
30873
15303
14498
5628
25501
55209
90756
34556
28563
44317
36757
72951
5345
25736
31010
4094
11049
95740
6432
25955
2154
33019
77754
1620
69717
44407
59338
42265
34345
60770
21305
81570
92425
35803
87197
17925
7363
94304
68832
52277
54972
5589
25227
60317
47676
56236
80762
58725
68327
3545
1031
86833
36564
78784
88452
22632
39542
47789
64896
90239
24911
86201
71808
17335
38355
75356
35259
45717
86011
4090
97993
40983
26030
39571
17651
73706
95806
98412
48782
80484
18308
49812
67316
71223
44947
55767
10206
841
3556
91454
91079
44818
77654
62886
62152
32360
54593
97410
78076
40603
17851
92420
81585
43881
31990
99235
33938
44147
13998
82719
24630
48658
48882
8298
19880
93828
64064
46438
94668
83971
37891
2098
28788
31896
64983
7291
64255
19575
21052
58682
76530
38903
51101
58114
99135
99442
73701
49424
59940
4050
32142
921
52707
97375
9218
88939
91202
89634
35376
2222
73604
73266
4319
18744
21513
85654
26034
85767
21580
47086
44448
98109
2340
11900
72575
1474
27693
46275
67249
87632
50324
99390
88552
19383
96764
14122
8321
4317
3755
60048
22890
93710
49665
27209
12453
71177
29214
54839
56943
50793
18276
17742
65254
20615
29641
37828
38440
73685
454
5688
61316
67129
21429
66219
86511
34544
96692
11183
38860
446
71230
78102
10508
20894
21662
39312
92070
50875
94150
65364
18019
28777
83105
83272
49391
29097
37451
4182
2781
54256
9869
80448
21385
31297
63019
24247
82192
59710
35430
21052
76508
6659
15505
87015
43905
37166
42678
35974
4392
36828
17690
22410
65604
794
22034
31347
46243
59484
35528
49023
13740
45397
45823
51476
93045
8841
75722
75237
84902
11151
12640
77761
34162
44496
81127
78066
81661
23805
30391
86052
60632
48080
24813
42587
48874
46846
90285
95116
22682
25813
60490
52773
87561
22664
4248
96957
31504
79969
88545
32758
7472
1184
10518
41633
45679
91645
36050
43691
15449
66440
46094
92432
14520
70907
51370
79745
34104
41655
91212
56785
67467
68053
9557
71379
90717
30156
68335
38572
26477
56880
71329
50300
74415
98199
91932
36446
6195
44333
80136
37995
10772
42582
30426
41643
13488
98147
21387
63943
39801
28950
37080
23619
97003
62988
94997
87719
93144
79684
26290
35972
52915
13971
86271
43681
28521
78202
80126
34715
38886
76614
72709
49657
19195
3134
7652
49034
17632
29038
29328
57433
74340
66407
81051
71342
29395
92400
75412
22538
88435
1701
58509
41349
32023
44779
1381
60543
39332
81507
95257
78217
74472
67965
44225
10018
87450
51876
75403
5082
97266
4730
78866
71605
71137
76268
59298
531
85019
34709
39420
73453
52761
97928
31153
84784
59058
32534
45326
14741
30392
56935
9309
4863
41251
53533
31232
45053
21761
6634
66486
19026
11363
45351
6982
98851
37970
66279
15733
22989
987
55152
96441
53747
69431
43946
38530
44840
76479
208
59580
23222
73494
68888
44436
14744
38773
75667
76148
60533
82300
42633
79558
10014
4335
86539
25217
58657
52817
40949
81645
70155
96101
94437
23901
65531
38382
78783
10371
31212
95342
86302
54433
85187
55190
15220
16282
10314
90886
92430
70846
89537
51414
66755
99551
72101
53293
24767
30757
22461
82067
12401
8967
78167
23189
32867
60050
77923
28001
86772
9134
39694
73073
79919
24880
44614
95138
41162
54927
86024
33591
42124
91912
1356
8878
7814
73456
78522
48932
20564
17334
30999
49316
26300
9165
72505
75519
85566
50427
3519
72337
75912
59565
61762
55830
84444
22727
67320
25605
94006
69695
75547
36129
61606
76903
61359
69420
66710
39880
18351
87274
73566
49349
36589
99865
74866
25445
91735
76783
92223
11606
49120
68135
71170
27233
40316
55613
66311
7635
97570
60316
93681
73116
12797
55287
66370
74155
41058
33080
30386
75760
36705
20303
41461
89645
36520
32678
31442
28254
9460
23664
39859
74931
91798
11028
2163
32114
82993
68474
56100
80562
45141
49781
53677
57937
21419
36399
48443
78828
69478
95181
54587
22534
15483
12399
28530
52002
45076
59971
80256
54536
83635
36466
29466
91784
47494
47981
23897
30486
32806
96349
27399
94298
62481
81075
52235
83899
33825
17029
79078
3302
12209
33664
42187
27692
62415
70717
96045
7490
30687
76300
62025
30673
12766
7843
22457
76611
72175
62705
23448
21332
59053
50846
15629
21533
48272
84215
21783
82097
17596
17212
1750
46156
67228
60289
73847
29642
31005
86244
37131
78043
78895
15508
8716
8012
39702
31172
84622
28228
93876
24421
65911
69281
75266
97891
7165
39890
98458
45300
38338
16053
62511
40087
62208
29738
375
52407
59379
47731
38650
12862
42126
17544
28369
50841
41908
84422
98364
26529
12649
8591
67302
78559
77871
58919
76449
1388
98808
74906
46687
53497
7310
25549
93584
69518
55287
10310
21924
31017
74393
76925
43878
16518
10820
88598
83710
52727
73019
82073
95608
2019
7015
62909
96929
1238
21827
73378
2625
36987
64635
65663
90483
71945
91211
418
57814
62849
27080
96089
93866
1472
73013
54095
34341
184
59045
18050
52911
48415
16474
64870
50434
23488
27778
47362
24725
65956
37091
27349
2942
18078
93011
9777
90022
574
10194
47835
63422
37273
43923
73639
55096
33287
44086
89436
49822
3130
7485
2732
51544
23958
83953
18329
47446
11730
65691
72170
94038
19133
15871
13331
37210
25233
23107
43583
25806
33301
91417
5580
86925
51691
79218
42021
1329
23303
47808
51151
42784
55293
70234
94328
95602
54187
12656
59399
82268
94698
47921
92657
30183
80143
5988
67392
5375
29094
10975
47533
78746
18743
53112
82023
86786
48681
24043
4466
88336
88202
55616
31119
43494
25850
41798
55448
96388
70806
14846
95007
81855
79118
87664
12037
59260
93651
95781
64635
39096
6755
28519
17842
41849
97982
16216
28634
46662
56610
49452
51349
44811
5067
98820
4657
47268
40617
60104
60007
27774
91301
55014
9629
70419
42677
38017
46030
52679
33797
27016
91774
40551
55534
25967
98752
53515
42182
43737
16529
98791
93188
67877
43602
98255
66696
48258
61874
23665
24713
21881
51438
16013
93246
77418
2783
35922
15435
48813
4952
49231
75828
96725
6134
47714
39044
21237
1228
81225
64973
34108
96368
58161
1985
39969
72767
85032
4578
50992
25048
45642
89224
76486
61654
82469
70255
80789
34742
85689
45953
39693
51272
38132
36418
73757
85845
75461
94993
3425
73037
59965
37532
69404
34477
55868
25724
23595
40900
46653
74587
65947
92294
80162
58784
70300
62631
45391
67440
97372
31079
13392
37065
98702
67875
89834
72458
53720
81646
67450
73496
54682
43767
27379
40438
78243
83247
82513
18190
40498
29166
9128
22796
37811
89289
81580
8110
51919
26970
75549
65643
74400
5292
2707
89454
73167
8892
61911
43238
90537
45713
16733
61570
89479
60463
2007
67721
43709
84520
2262
84206
30037
11389
7002
67847
678
4933
92309
68948
48254
67857
34590
22653
89501
53648
12106
62667
62539
90369
22256
53075
36081
38988
30997
25559
15802
33003
9631
59511
33874
11893
60068
80262
39633
83421
48109
40310
88353
40417
25610
36606
24625
60199
75611
30477
13847
4068
93143
92737
94436
15398
62164
46868
70737
93160
88778
86539
42514
14761
62401
76388
43005
22468
73001
82637
5889
21109
39299
10593
77877
64908
47199
18854
25106
39161
49330
55304
43228
58825
48041
54016
90574
10204
17235
77663
19715
6013
80553
62228
20773
42953
54967
80129
81772
27968
62765
4012
49076
2063
14605
43305
66970
78155
62158
8428
17315
27839
63731
76894
86663
28123
47261
93589
54678
80848
71251
74392
86860
51803
36620
23984
11107
91586
4112
92878
19553
83228
13242
84981
85291
27846
28285
68612
22352
6794
93391
56018
50984
57122
32911
37647
1596
96524
31235
56274
77371
18837
30665
80582
86991
67284
4565
98097
75222
25028
7326
11126
8255
20567
96106
9897
64764
40742
78509
87115
63887
88251
43132
14871
61724
92395
68869
63320
5270
16455
19593
98992
35291
66609
79573
22281
50245
489
36729
25466
41868
44054
52943
50122
80973
49049
76371
45736
6142
71231
49203
70029
59481
8686
84899
21205
1080
53767
84524
22701
86573
20468
21692
21863
3428
1264
60495
53672
18104
97223
95489
59971
57628
48432
10093
38600
13832
86463
688
19973
74045
66242
6353
33525
74927
91251
54729
92359
61369
55604
15059
47941
76071
36751
86155
79499
54366
63001
49522
72470
60223
45011
32440
34203
9794
58884
89154
23625
61698
6193
59949
35742
72434
66302
69267
47361
73904
23995
39719
51625
79599
71129
15917
72021
7879
2072
51519
78597
65072
17393
51066
41647
78755
83505
92201
88548
58741
81354
28524
20438
87547
4824
56180
59980
71125
25446
23692
61381
65792
63410
13005
45390
50891
28921
33763
58769
30992
1633
53717
12416
19025
4782
70414
97779
4639
62614
2678
63379
43967
31201
83816
47865
52377
39995
7845
23501
81792
31536
84881
47584
11298
14237
9325
62188
43158
43087
37308
90501
44720
91025
19268
63744
12158
89681
77875
16796
68646
80552
96526
12613
28105
80342
76829
80481
36688
84673
20333
18480
32561
21566
66063
43858
35802
75387
6045
78959
34826
59704
85812
79545
50728
5079
43288
62886
11112
21162
96033
79757
18066
92559
8721
46170
72900
85550
43002
25939
70222
63334
44418
2782
1251
26832
62991
37053
18571
85387
32363
53396
45091
18174
49292
95818
39605
8931
75055
50716
46445
71088
30472
64510
63646
39193
27031
52897
41094
70032
95187
27667
49717
55957
46801
67320
99140
9791
4372
34062
95178
53086
3809
40268
71260
53100
52437
27216
62031
27492
77931
8475
14931
24754
89336
94928
63946
16366
64176
21391
2749
59362
49058
68817
15318
95858
36136
30810
22000
56859
64871
17177
9945
68680
73796
97556
21779
26233
24771
161
53724
2701
8635
85006
27454
14322
79933
7752
30687
44108
45494
49787
3469
94551
18604
35139
6760
71091
65948
28760
27950
30818
45936
37894
99497
19732
51801
37628
62316
76571
37788
16039
95623
62775
1044
39428
77096
97328
63531
7783
41435
9025
73921
61255
3575
8876
96393
26687
79967
78692
55446
24268
9510
17733
62161
25358
53816
13961
62985
16131
6883
17125
48521
2505
79899
65916
58284
56994
63243
21815
81128
4677
30839
55049
82284
50765
80276
78676
77451
60242
57368
49248
84509
83229
66981
63021
8586
20796
93333
87923
53279
16567
5047
1799
35423
84945
84067
93707
58290
47309
15521
39418
68338
62711
10818
50621
13475
91093
45648
7278
67687
19367
56525
52195
2595
23505
31568
27533
60653
41252
15455
30283
57819
36853
48433
93241
38149
32499
86947
96438
96160
18819
35855
80849
81529
46672
47821
95004
54117
9820
2281
21803
29187
75157
90349
31781
98662
21916
75665
75666
79520
7471
5948
37338
44323
70732
30578
82471
3231
33877
78909
15742
52695
31115
96590
50576
94139
60762
61931
48255
70581
80563
86409
99767
55719
76757
47900
70732
15025
39916
46397
94544
47387
68696
31881
91709
39428
78810
90532
59010
29038
69440
74751
98085
16906
87692
48660
11044
64805
10590
75650
35385
91152
62058
51504
63222
38815
15755
33954
70191
55670
80350
64734
19408
65398
96614
11117
21177
91775
1648
80186
20813
87439
71288
18897
20696
75331
67556
48092
40135
94497
23741
91871
2000
2151
59726
65221
57317
91832
99174
27507
47502
95876
92240
66909
77625
5205
94377
98801
96979
12376
95338
17791
16166
82977
53039
36862
58307
36946
1305
14793
31442
25045
23015
49793
43547
82741
31366
863
74572
46891
28369
38425
42766
36960
21686
36742
42164
16062
51894
55495
44790
63583
73285
60955
46559
42676
14168
21217
79621
31824
36009
27415
73221
59024
77207
16767
58116
8572
33982
32687
55463
62350
87464
14580
15662
9149
67674
57825
41562
19567
13319
86351
83150
2956
63658
29708
45631
94177
67277
41603
26001
3285
69017
99221
78660
46224
32339
36775
71147
66320
85814
42961
45022
73277
57541
60683
82425
25214
18507
40338
61132
48178
26689
44281
67485
6698
90341
29467
874
57617
71069
26874
77253
40086
42446
55913
2661
74785
9039
90159
57456
11204
33120
2477
84480
90660
63159
83256
32225
98018
23594
93356
62547
66634
53989
30031
73331
44329
59497
74204
18297
46917
17430
95549
3354
76227
67813
6014
67363
76852
96173
24819
4407
29292
27295
5239
36303
6806
4846
84879
4823
44791
78234
67369
11424
48574
13751
1106
9254
89599
75310
27550
36515
9091
39451
39869
1669
7263
62234
69032
466
58406
10202
4873
4049
37496
10111
56703
60653
31308
41581
65475
76099
36167
49195
87522
84740
62945
88628
93994
52543
80289
37895
89058
5731
77345
45278
7399
84608
7511
92782
85073
82269
19335
6297
86317
73183
32759
43020
33835
64067
84600
99310
40165
20766
48504
44038
21858
27801
49017
15851
80343
45657
70097
85752
51387
47442
47381
75138
32049
54892
84271
33473
37160
3606
56122
39828
76788
88880
99199
10622
69298
83799
26283
25814
20916
91139
69852
59125
18939
35220
91327
15633
80877
61424
1385
48615
8865
48765
23752
57265
20008
24375
7089
73519
27980
63210
13347
21119
68442
12545
48092
54091
12695
74375
79905
49963
65513
66108
9087
84451
1327
414
83
98555
61837
17819
47170
87053
82936
87273
44317
2943
27999
67757
76462
55978
47319
6160
93448
15760
35056
41540
86202
47751
32266
66106
14065
97778
48565
23151
98580
66244
39916
15014
64798
1752
32833
28319
5156
32120
15592
65824
35062
43590
33581
27875
15920
80899
50386
25719
13010
85442
67258
99211
49544
15875
81669
63608
13652
30233
86758
12231
96476
26674
43597
61274
44777
76429
5944
49933
8548
21535
15756
59961
81477
65688
4188
13748
62938
54573
39466
75947
40014
23076
91510
5909
38950
89530
69516
68954
19762
56274
97536
32590
99299
41132
10215
60427
33912
16158
10359
42459
54045
42467
18772
35521
24506
22959
65620
87444
93883
21437
79742
50249
44512
87603
56157
99814
77132
25673
68767
13246
98298
82654
45835
13948
23786
56049
74374
57697
72206
1085
16508
26250
43551
35279
78122
84408
74589
43741
71851
68471
65178
67945
18719
26041
55547
74876
42206
32679
16900
27324
45924
31549
9978
8110
45496
33763
64158
19869
7811
36363
20953
24318
78965
80855
75948
73438
65263
50536
17179
53465
35359
98708
21409
54077
41100
93308
45304
83306
42338
78555
26981
88261
10103
36958
12722
55598
87072
76879
91819
94883
29593
29123
35552
8557
9978
27852
98347
91592
94739
15525
45056
30097
30584
82817
526
88035
76124
62181
87692
18461
40736
14673
23073
67190
51630
35794
22788
38702
12672
30958
49936
58616
60080
1839
83525
70057
29690
81871
78000
24429
13747
39408
70877
44330
22224
87754
48716
98347
66287
36408
33159
7022
51080
72583
90563
19061
8376
13350
57762
37399
44307
24049
96014
20739
42240
95890
7147
71929
77760
85147
12709
91506
24554
99938
52187
46777
87691
903
61475
53977
37310
10985
77350
4741
83567
67913
23801
8294
97614
97915
45692
58273
21963
58057
79011
64202
53947
86157
52483
48058
87655
81543
39564
12208
81480
8102
75336
85523
9004
53162
55851
62665
80498
49553
83757
64064
17465
7558
88709
31430
5472
34400
89702
43786
8809
85064
24340
62755
87573
93174
10812
75227
74716
66727
3787
72548
74829
95474
74422
184
64988
30272
79201
45485
79824
62957
25901
13640
70514
30961
61422
92337
65361
67475
52475
74169
52539
93166
53275
56463
86339
80438
48041
77406
47165
68179
49953
38345
80005
24374
54880
44992
70998
34080
6828
67173
13389
49080
97165
254
80041
58586
92591
61753
26060
61417
52273
94950
54582
5547
67764
40920
2336
15805
18325
65852
83983
84630
4196
63987
25355
75428
25330
96352
25859
48510
79877
39247
97589
77041
39501
93981
35626
48443
55733
78037
9859
8005
89339
64440
29903
57102
21711
48591
72906
40035
14442
73241
41016
34990
53579
66371
10417
95261
79074
36275
43770
58950
75522
57710
52342
31374
51691
87967
79816
23775
82356
89674
48132
71694
70465
94386
28795
92175
42976
18053
48561
57418
7645
89577
92407
61223
72299
19175
56483
51372
55449
16604
26674
47322
74314
79015
78695
42356
83334
58510
66130
65689
64535
30613
53734
51351
24999
98880
43525
67974
16932
8438
41743
40928
14366
50501
2151
86664
69675
74985
54387
25124
91589
81060
72445
82254
60075
67492
24609
43408
26001
90738
25448
6888
21351
95533
58238
62701
94412
18115
47026
27696
26552
88769
68623
57269
39269
87125
43932
8944
62110
14670
50419
70050
95730
39215
68655
72156
6706
93263
15563
49059
352
57362
55946
38054
52894
30535
754
63657
48649
47780
91352
91552
52900
59975
48820
92168
63451
9103
17463
41912
23773
67881
11961
19502
23448
80615
91657
30153
90229
23571
79211
90581
97284
35156
28634
50177
82043
45740
13833
30691
9871
21537
22243
62770
97863
87414
71289
61313
96517
88752
3225
20289
72984
31537
56142
96431
28504
64150
42936
18732
87720
22146
25664
1355
73654
70650
51531
55696
16389
81715
2738
26259
19603
24980
5380
17465
28746
76668
78778
25262
65419
98354
61902
54755
46242
18043
67537
74745
82192
10472
9829
86263
48970
51844
87617
22623
22493
55499
94670
38881
53565
97407
81491
73168
38739
86870
6984
67484
63538
85761
92745
45308
466
70998
16414
46708
5392
83951
37804
87583
10774
47632
90197
59743
15828
94165
98717
38320
66015
93386
93553
35931
90793
91395
9098
45883
78265
16082
13366
58154
18194
22462
19813
35012
93459
36227
81719
98850
36529
19522
2784
63654
83506
9332
23397
99333
3496
22113
54004
85862
31851
47556
21792
38995
38951
47242
84877
33567
79675
98242
8072
97868
20703
27884
32879
30513
80462
30949
29362
33342
66823
48497
96996
50328
57828
20392
66012
77675
58856
20015
63536
7058
67571
1679
46052
22873
48920
30928
72791
28594
45521
80862
42814
82575
25097
92044
13087
5559
22993
58800
55252
89815
7296
52247
56494
81475
88990
22505
59149
64198
42519
39036
71255
26441
40715
17307
65665
89634
48234
38455
18228
10107
19316
77393
92681
44413
69436
5768
66323
8780
64567
37926
14946
88215
90173
71439
69689
79162
93943
28838
43359
52814
67873
30966
79254
8587
48272
44919
14573
12857
99725
49152
22963
19041
26544
15644
79805
12331
21411
62479
21111
2329
404
36056
90543
6928
23847
60232
2442
17789
5421
62152
86954
73293
93117
82560
98232
41388
43830
12804
54245
43554
61955
77207
78946
88498
9202
75102
828
30612
37580
38290
49293
54336
90698
39835
77615
14544
16418
80056
48684
21838
42208
35638
11483
35324
18197
26066
76712
62026
38869
47308
5579
17175
40866
877
5672
50068
75978
22851
97031
29910
77493
46323
84245
68190
86158
61859
82733
18927
58267
31416
40765
474
67053
68599
35797
1601
94664
28860
63626
49884
92519
85557
67058
33385
86433
89081
99804
62410
11931
96834
8671
5775
43157
92915
73964
45666
71126
73048
64592
45744
4464
21708
46217
87868
6658
98365
89469
1321
43577
69446
51204
36095
71354
18261
85831
57786
7341
1986
36548
35624
98820
45218
57750
58328
54485
31714
3993
41962
4761
84936
87705
25576
22996
50273
13444
29653
48637
19264
47326
8565
5061
98529
61012
76415
33142
63194
50552
56834
65180
3451
8809
63999
65021
66559
22326
19505
14624
42670
77818
19384
27605
81874
61312
66952
32146
91107
96605
97134
10370
43930
22051
15430
58810
83062
91844
91951
46255
58748
65137
11434
62198
73945
91784
27218
40503
14109
63074
55126
73130
57243
90862
17087
39116
68525
84038
87613
59631
80642
1099
70000
40923
23149
1781
99733
22562
9977
8035
68816
68724
89523
96602
30921
63468
88385
74491
20322
18846
37564
91800
91975
94807
99013
25413
50274
67537
9451
54239
27167
6444
55337
13518
63719
94837
15298
63451
17398
25274
87837
2565
10349
77360
15518
41270
57179
3903
15760
93852
39100
69675
85651
47426
80833
1015
72839
31107
68551
98641
1697
12069
5084
57033
41938
68802
68221
73588
48604
1970
98861
52793
4534
25562
46504
20052
66831
3682
40306
98942
13885
79405
84968
99536
43182
65801
16902
16020
13259
85453
14660
14955
13873
36096
88339
55811
4897
56559
29398
69853
58528
44610
22645
79413
70171
69148
99464
53353
89181
56121
68646
3065
51877
69966
18952
95059
35766
35854
11078
65376
37658
42090
80330
67882
78185
85020
40044
99433
41578
85793
69285
16457
46755
91929
95869
33277
77428
11685
86630
66608
84157
71627
86025
36034
41592
21328
31092
93709
73533
42169
59084
27542
610
55765
95424
78794
40784
35467
78227
98713
37612
47511
31521
84366
55792
43742
17642
33219
71778
20623
16179
55934
8602
18555
91967
50193
39882
23058
60254
13415
81579
35689
40956
82188
91454
52731
77334
48589
4550
71912
47302
42161
19422
78822
26526
91565
38915
60519
24784
10692
81142
57314
66626
89743
75868
58592
56287
15749
98002
16540
45515
95932
52229
2823
94471
60034
55553
71804
8622
76454
43715
72275
18614
79489
67449
61491
71053
6363
38362
12188
17055
19503
69501
83680
25597
45368
58623
98235
77469
72976
14775
22983
68907
83355
42157
63378
59740
97710
35181
68361
90515
95248
56988
25481
91088
24436
86971
62140
30798
25332
90680
64204
61186
60180
47883
3134
21900
22858
1369
99368
95833
32495
38702
64740
32201
80859
44469
91940
94920
79649
76652
85434
91248
33639
10914
82335
58074
14237
60827
5224
55920
51506
69427
33458
11685
33662
36591
33584
56519
54311
49303
68703
86805
88005
49794
19005
85215
94262
10944
80134
90263
87596
81919
81510
37586
92833
80197
95660
23421
41023
883
79340
92528
86661
29149
20564
20322
65740
70500
93192
20050
19802
61895
6855
24158
11688
42211
9372
22302
69507
5857
12564
73454
87776
10425
11039
96960
90621
6698
20380
31643
23932
16071
40522
10593
45220
77438
47266
27311
47937
40458
47360
84090
18704
70566
8248
46743
29129
33971
69044
98635
39828
81607
72088
27603
92032
83126
40914
99004
6176
77645
46999
30107
93715
87520
57051
55286
64957
4317
82596
29245
61126
46308
13335
79829
33225
21582
26571
62353
55552
95615
60987
11731
93573
49426
39333
85604
32552
96598
960
38727
74242
47958
85185
67957
51829
58588
39594
33138
79256
22190
62382
40381
68497
75716
20209
1721
13649
63131
64074
85553
75097
41412
97283
68670
90838
52968
70625
39741
49565
71584
94819
23807
19541
96355
8115
87722
54942
47708
20859
34197
86249
99592
74577
54745
91660
11137
72818
5308
90620
53243
7212
65716
94654
4495
34385
1843
73814
5010
57935
39730
92945
52753
63536
12486
65460
88002
16559
20401
52062
37417
70950
38310
53360
45526
9407
45019
73015
82224
66679
63634
35466
73890
29349
46471
94736
80086
64666
84901
85095
22600
24631
78039
91705
4518
6876
57164
92520
23434
93916
44581
77202
64865
99242
30562
10391
8648
91932
99757
90871
58610
79742
42688
48852
25442
5511
43587
5527
70176
28488
6973
9127
53118
85012
831
57635
8239
74346
66506
48025
68262
27438
41578
33126
26680
88491
59868
51679
80423
59624
58902
55384
55717
1589
4235
81159
7099
47822
86685
93626
92661
93658
2753
62130
95021
19935
36116
19611
94281
18974
67635
78894
46411
25565
12019
89442
14055
71887
41121
10829
47862
16374
66213
3579
17962
70447
84737
41413
34620
71421
35038
27280
81430
54142
5761
76450
90429
41877
96061
1061
60850
80047
79954
23612
5611
91972
29406
36018
80210
86878
46846
44424
3251
29410
64354
37564
99857
49090
78976
50828
36862
30366
94460
18292
859
220
11093
91287
58448
23505
92347
35649
3552
72300
59261
25514
80624
5018
61531
77185
91895
24729
21608
11497
70490
85961
49060
86698
51402
28036
37526
4616
58401
31985
39259
75611
48556
50351
66898
7004
73856
59244
42652
93759
47896
18264
19272
44871
23281
97155
38407
31527
38235
76367
43023
8724
62327
92083
95422
30081
36470
49299
34696
11222
81283
90306
86832
29838
40656
70081
53193
30863
29325
12197
40973
93572
30460
76597
54794
70093
73751
93200
17971
28337
69566
77346
53412
48245
85780
65185
94677
22249
14483
45724
49822
12117
36029
36653
58307
93036
6734
11499
40251
52410
23695
81223
62333
70507
57819
33478
40599
47921
26677
58569
76257
12595
35914
46021
60839
38045
11205
55515
60293
25688
1238
10114
54156
53618
63119
12462
46653
86204
23961
86903
54965
64007
68126
33649
34513
42296
67126
91463
90217
93802
66384
82825
6396
18649
28845
83586
56694
56402
55452
16986
82089
56689
43452
52596
10306
22922
65058
73311
25477
5370
60213
96793
69376
44690
30441
3889
86986
97566
11703
77202
7719
78086
76378
30467
96735
5223
30404
53428
77976
85856
86765
76416
42544
46568
29011
69202
69489
94068
42512
11317
99437
19076
8109
68813
63766
54901
89053
50751
68818
17107
44304
76537
95193
20681
23355
91927
42255
53758
61706
20230
39613
64822
96645
98509
11390
25656
67710
97230
36075
26573
8547
35512
45648
33007
20676
9413
87908
26080
76515
56725
43186
20818
49613
38378
57851
72967
46656
105
43077
24713
36687
82689
89535
33331
97549
17276
75338
81610
14505
11413
8182
39403
63276
70182
72410
83951
95946
60317
26382
72461
33393
85919
9630
83006
24297
67480
72324
87304
83937
15400
28369
20623
98089
34255
70305
95637
51530
61995
93599
66034
73407
1780
5437
53034
88313
94198
53336
84259
54514
79717
73071
4258
65635
82700
87263
6283
50180
59587
9939
50468
74986
54659
71090
89426
88913
57746
1415
40442
19740
95013
22827
9498
13144
28263
62531
1457
22460
32218
85715
93325
11934
75137
97583
93921
57836
1197
16555
24367
60783
42845
74834
52121
97503
62275
57898
2767
20021
59312
43208
39760
70676
66035
49258
83820
10649
28140
85276
49461
60358
87342
59137
88643
62478
73071
98915
36665
74268
15470
61032
51402
58314
52217
3522
72169
14492
61420
74935
50864
37083
34495
90623
7759
16881
56232
91578
27529
84372
93205
93341
61081
96898
52478
49723
75727
41900
48638
12391
16167
64107
89774
83921
38772
58343
3794
27292
89186
65213
2227
40049
18648
53073
30671
26406
69953
3255
34335
97481
87626
43891
7174
48706
40788
76003
14780
32866
17902
63417
45256
50421
43875
51382
34341
98999
9724
38134
42642
98909
19699
44868
55309
38346
14292
85979
81103
84244
89233
31789
98077
93210
75679
5250
58267
32818
81252
73047
65683
99153
52815
27290
49573
13042
95023
265
12040
21098
38399
54681
36358
58097
15901
91666
96442
30192
93997
93896
30788
99581
25684
28864
92791
17714
34113
67409
50531
31716
40455
32565
47220
9622
76206
96793
22663
87581
97057
34702
8678
51807
5734
61388
9903
37986
53053
22696
84530
47049
16591
15317
46630
58626
44180
55772
76339
78292
23180
43221
26359
79987
92137
73578
89608
68343
86722
12270
55923
83779
63323
80952
51937
85408
42339
61840
23394
11744
887
7923
58792
33830
39591
21773
92455
83770
93896
85146
78413
17076
28366
4771
97062
20503
78348
3021
5197
65070
15290
77471
65200
94964
58422
33488
80371
17113
11679
20116
28856
12566
44390
3999
46395
83980
42124
55201
67749
36019
40346
62513
69446
68712
67283
82859
5566
61983
85879
10762
43404
17520
88232
24955
12483
63005
58442
92854
80117
70121
12969
8972
82686
57359
29323
45432
57690
71446
16984
25439
23816
57330
87951
93262
42393
71586
76120
64310
49920
61999
75071
93323
79518
79654
18277
8353
42658
76718
1206
22775
63190
30526
48098
62227
4236
93772
7658
61926
65217
40994
3716
89033
98323
8018
98646
57067
79603
74765
21376
29522
53115
12798
39196
32633
92451
57472
57337
35108
50542
58542
74234
13731
5419
38684
75958
26007
32455
99967
4284
14024
40960
7999
19408
55634
16016
18053
29052
11971
9169
50427
41492
62284
63224
80688
11268
72026
54511
68604
7134
21404
27145
97719
35135
48915
52754
27444
91273
85209
43762
95556
15584
1074
3554
51343
73059
35922
69395
2111
47892
78563
52537
5735
40846
32113
2774
52113
4138
57285
20716
27623
78688
64212
41694
30174
29479
94447
73969
20751
96007
34083
16307
27942
35156
36212
79284
24566
72133
48678
26676
36376
43593
79213
42111
790
27677
61236
69255
48166
34872
6322
92141
13560
86886
33834
60085
16364
44632
50406
53466
40639
840
86124
68580
52347
22336
47864
76912
10820
12893
3588
47196
72837
99152
5658
89979
43180
66893
59233
91345
1765
81906
83485
31676
68791
33670
8112
1506
78302
74869
54972
35292
75708
41095
3871
28054
79782
68086
4966
90602
97331
24905
54149
86519
24056
76158
76497
67235
59402
52081
74931
77518
33987
58416
9193
2777
8437
33657
4283
3090
24877
59254
38381
585
16700
58604
44990
96482
43041
49955
3435
56723
91211
57583
43242
15266
33740
19738
98852
93141
71819
73783
87011
5805
48550
12555
24933
56986
46211
29215
76428
71088
4820
14808
88024
37872
73411
33013
34353
32804
99320
54139
89526
90530
11721
32767
22148
61812
68857
20999
71304
57027
94781
58314
62831
43330
70869
4115
16668
33431
33330
93095
4518
54501
24254
92541
92372
14017
41906
43076
46820
41225
97214
36345
48106
8934
85464
70253
87097
54320
7604
58401
11346
2384
33066
90528
62066
3934
94642
95085
37365
44323
4531
58234
98824
28784
67127
7547
42800
9032
50623
89619
66608
64188
42316
14713
89474
27779
1318
76570
98450
8921
51322
9795
27656
84388
16674
89721
88321
11315
1157
42037
71990
5687
271
87165
34471
67397
94711
93622
92780
61685
99593
59387
25873
41908
90451
31698
86038
8120
8267
84487
17040
59589
10633
61048
60328
27306
67120
65000
54972
68277
7037
26961
90315
7307
30477
24785
91055
41540
34759
83834
3224
34351
59572
45448
92610
66374
77145
94999
74494
1764
79485
7885
77704
6469
68932
38031
33774
36052
3030
88745
4328
10066
32058
94642
33724
62534
35779
41130
4073
86889
24963
23649
37591
886
85448
46552
67260
62593
41550
41753
80708
37386
49637
58411
43854
34921
12793
93979
70972
15822
99075
91651
42240
31132
2644
92315
10018
38422
33445
30442
41662
74759
70442
79252
75645
55890
25803
59256
34834
83704
17360
15541
37441
83348
90303
97646
18268
3095
91624
89239
18916
90699
80889
77507
38182
83533
86174
48199
38306
19618
94993
96320
10728
65434
75571
2724
21323
17726
61979
56156
17781
79338
88048
55222
62686
78350
52867
80953
81444
44491
86544
16712
51541
67432
10570
89722
67316
96743
54273
21974
32712
49265
18293
43440
31050
10215
46163
52373
27940
24494
24880
62073
3831
29280
17294
82868
7629
86512
80173
5425
47354
66716
38488
98894
50499
49057
4968
34167
62152
59240
56140
94863
24856
90784
38302
55905
998
817
24629
45290
25310
65861
7362
45492
95140
41007
28360
19120
27518
24884
40896
91224
7951
79383
6469
58449
44792
11436
8967
6943
87027
65106
1805
11882
55889
40107
84139
73239
57275
8767
18528
82584
90979
25889
28075
86118
83247
72786
5238
27116
97669
46133
18339
5619
41868
24808
80420
86659
52595
89386
93601
39622
70844
11757
67855
43084
51863
51993
16322
25489
77112
51201
8072
68090
93441
36147
70560
76687
25284
92149
3803
39305
38281
38493
61275
96500
79652
41694
83158
32247
47432
93110
71868
34627
4867
39722
77710
73081
8067
10384
98570
1530
77936
6641
85971
71377
59139
56530
64415
775
48678
84569
40079
3311
23062
1353
99810
2713
59399
99320
34959
23182
92429
23178
57808
97295
79252
51869
86728
3670
78604
85297
5199
56540
8289
7521
27916
83780
64051
92330
84554
29080
76899
40984
32390
16312
58688
48552
35376
18086
47871
70335
57619
40299
9864
15426
53946
89115
83647
57025
9136
62250
42321
30686
18789
66961
38207
63056
50740
2257
71738
51645
31336
64988
92628
80078
81299
51316
28629
16674
85753
76499
3360
43372
33149
29576
75149
3446
35042
58795
60470
44178
21045
19142
74863
56185
86103
13069
35593
53194
31677
7330
21191
79365
72317
13818
59442
69967
81485
88070
2992
83590
80920
22704
26961
30420
52279
2109
33866
3672
77256
10687
47849
98300
29829
22712
70836
32283
52132
6428
1828
83809
13757
23018
63173
2425
53188
22614
88743
34672
27035
8087
34613
24306
30790
61573
54725
99420
80034
4942
3091
57289
31981
67292
71940
61809
90003
42775
10443
58486
49203
12270
42294
79311
51640
5466
98088
4827
44431
3182
55850
87817
11268
90463
28474
58409
68387
83199
57828
48420
4492
77271
22060
36472
44562
93999
14632
50916
36774
25074
9401
2328
53696
51695
97990
21687
73512
96077
26513
34295
99259
98714
38463
26878
89176
66937
85287
73915
66487
43114
22334
70978
36736
44394
23802
81297
54744
38433
32212
91517
79859
57965
10196
49906
9659
8186
71592
99522
20614
14456
50168
36224
13169
88631
63102
2345
55567
48388
76259
22053
7853
14944
9382
44589
75689
33183
42237
30433
71616
90801
38301
51474
48765
48497
17731
74775
73034
89322
74296
93647
3777
24464
29871
16945
13094
92972
35641
85012
41359
28251
23416
49211
59547
32797
10151
51587
65980
52388
82019
37595
43188
20320
5420
8304
85168
39502
83078
58201
28823
57373
51847
48951
98188
98069
82247
27633
91040
34240
28996
48750
78842
52411
14313
38388
85208
24463
89975
51187
93202
88345
5133
52741
25016
26904
61044
10183
66405
