10000
44121
84735
11579
17846
52934
60529
32385
51002
59127
60018
42042
93366
89013
7143
72208
41424
21455
26947
42983
62270
33273
94169
55471
21618
15653
8212
62985
42556
85607
89520
8960
46080
74254
20538
63925
43539
97418
96309
94541
56544
72678
52934
66262
61691
60076
54821
19466
81531
81767
62448
43800
31392
72968
15622
53009
88620
40185
32345
31175
25792
21864
56486
71871
12470
93375
52147
56008
90792
48455
66900
63687
37485
19833
29948
15527
79909
84768
34992
61439
82887
13791
21590
14278
86758
37211
83638
75377
77396
15982
22903
3187
54198
79388
91409
83019
72762
43555
39026
79905
8361
5926
43591
45845
42110
89891
61371
22018
91010
12714
99808
90248
26504
21397
4525
29613
58608
4514
21341
52355
36848
44243
71893
7397
23630
63301
90415
12743
23207
45792
92647
31567
68069
52590
93764
10179
58832
71486
32196
66193
552
48356
56441
43407
69752
77317
73020
44711
98183
94360
97065
35030
54955
68957
42426
94936
48609
49192
7679
71815
94983
16677
19734
63052
85618
13497
89582
44449
1334
21777
26994
1885
86484
83434
45292
56236
77102
18311
17298
91636
29022
30715
26665
83976
16023
85442
95264
64632
34633
2942
36446
45968
35970
72531
9019
21588
86027
14952
82388
87361
36728
9381
89245
39564
9166
34536
95799
2620
69198
29448
94255
14572
60162
37272
98547
76185
22713
10162
57168
73698
13103
9965
19665
65425
82496
45035
3364
68522
59986
85751
72234
13065
11484
77831
68980
37001
28718
64778
39620
97916
10578
50227
12487
70739
87498
27385
63275
26562
37547
20442
259
67001
46759
36275
48777
29254
97661
52140
14127
73998
54243
2713
3415
65726
80543
72394
2726
9260
53524
58698
23527
64101
8924
52365
51191
96421
79750
30818
22982
33648
67611
39593
17000
14369
92219
65777
43622
89880
17916
74101
80229
88510
76813
83643
54235
73707
72389
73313
82966
25912
32010
22845
6364
40933
75209
57554
53705
71310
88371
93038
4957
55982
32630
38309
86702
24849
4085
30324
31080
38352
20776
27660
26862
13940
27655
97448
87646
43
70760
86963
42306
19121
9807
48669
76405
85016
6222
30109
72677
10945
39499
93986
83278
72128
32294
69979
13328
52730
16654
60759
7433
37429
88419
34294
51368
16073
48094
39013
32467
35205
25976
74772
54326
52134
23440
30730
53501
46013
77191
26178
56957
16689
20163
56586
5168
68808
26565
34848
21537
43218
95606
28969
96999
376
79615
48366
32800
27708
3731
65266
62912
46058
40037
33589
14543
79828
80671
68044
25841
57861
94221
99149
90901
30735
55735
96068
99542
82299
30915
37430
41868
42873
66398
38866
43248
62364
3584
92400
6423
23666
57665
85687
86075
14054
19275
617
93881
99945
68660
36073
74157
62880
35222
65057
9966
7308
61125
9507
5958
8391
63288
47825
51263
29686
3043
10863
8401
6626
3262
14824
46643
77278
16862
32717
7683
36136
33333
17916
52433
1993
70340
26589
81224
21913
7998
7542
29220
69122
17048
35177
93864
96688
99354
61479
42725
2396
88693
51125
25373
8306
82300
88367
85583
99161
21083
9618
35297
70767
27533
4081
89111
14224
30669
70335
36137
38666
94228
65356
24139
27627
16885
34355
24314
32590
95833
67038
51337
84525
18163
93061
92830
462
81427
94764
99623
18861
20733
51271
89627
64617
71703
78738
78841
2371
65424
14977
57389
59651
80332
97879
87277
13568
32233
11591
46157
44417
78628
97493
45293
13142
90553
54474
29956
71979
65590
45930
90839
86322
13552
96818
50939
85254
75555
46131
87624
57330
61107
61364
16980
57790
59243
20608
71358
7827
48550
33866
68596
27178
31359
13888
56671
38263
84714
86626
26594
50303
32555
33784
52976
46106
30601
20266
31359
22507
66396
35335
79836
27502
13050
13167
1644
88644
50127
89353
12823
98676
23218
81418
42205
70928
11657
98876
25543
96370
1853
52136
46672
34408
2271
16000
96865
32872
36265
44576
71730
2661
96262
67918
46514
9311
97436
48157
97955
47562
37509
10777
46238
60727
8546
88442
48006
20202
87317
73548
16572
89170
42035
79595
39929
44306
95594
53145
77177
48211
97720
65258
50871
93981
33175
97384
19644
30611
61893
33950
78172
99401
61078
40761
76479
69623
29203
24485
89824
32871
14384
22747
38392
56419
2342
78320
724
14287
31465
94252
62497
45536
59509
29719
55869
9036
43455
75512
55998
5347
25813
50521
21099
86890
91282
97578
56512
20484
38414
62687
53354
52797
85434
91746
25567
4127
86417
26290
34765
34233
36893
97262
79769
96402
43332
51989
21789
86786
43852
77786
8484
69664
28306
29583
72905
19587
43512
29416
56422
81925
8454
26128
51073
93887
17873
92992
98013
20641
35633
32778
71226
72526
46391
50994
68927
6074
19334
7067
9212
63185
84852
17695
49200
29509
47277
22104
49096
7140
67871
5517
89064
76324
31644
56489
86563
65868
49480
927
2861
85112
50056
74086
57637
12798
41431
42915
18872
77116
66333
28083
40300
51184
45777
5851
80693
9406
44306
46140
16545
28528
68008
21961
21203
16004
94801
7765
98223
44280
8692
1083
45743
75099
91520
19732
87897
49302
78998
6768
26417
45331
51202
66716
12866
96978
88918
9910
22735
49575
56049
55632
78102
40409
77592
99305
56412
72392
7069
70986
33023
32112
88421
95117
7211
79940
31200
95107
29242
26550
18226
55658
88232
69427
38726
1097
82756
43995
27359
21843
93570
99759
77474
71671
40167
71417
70975
12930
60160
94396
83916
9534
42859
72336
4650
50069
68627
52202
61527
97868
78751
96104
69878
66982
81882
8603
68078
64638
52597
11788
86480
46166
11547
80305
34189
51713
51721
21515
64643
11880
15910
64910
21413
58769
37245
42414
25189
5871
94615
3068
20091
73365
99171
89968
56698
81053
14922
41128
62042
83870
52915
64873
30036
64461
45177
80576
16174
96897
2090
97168
25128
34352
78429
46540
93120
15673
5305
34660
37895
99920
54079
74337
89636
69602
64304
46334
50654
95577
87461
29047
79447
40375
93919
25834
4836
55447
6409
37361
68695
8498
50880
93822
42849
29308
56713
52320
61332
62017
3332
99226
78288
57410
73563
67924
27011
54218
14257
94016
49795
18069
23062
45593
58443
33332
71426
79630
88778
94186
33342
57472
2683
84221
67645
61884
13528
24357
30555
74859
2726
50238
90437
81013
7648
80351
48936
51010
50920
79544
45026
17066
13964
84439
62658
72407
17771
50435
68388
22900
44620
1730
96724
63655
2302
64368
25538
15830
5077
72444
7040
7802
22682
13828
88814
46681
10530
54102
97690
61450
49997
42715
78515
63961
43506
57525
36367
77628
7959
21106
16879
52579
39187
13602
16233
41489
94322
58122
57318
99398
46917
80709
7199
69598
94537
96012
32630
21418
66465
30320
82867
16462
89386
77734
80422
32891
35258
33140
26870
59568
54245
43749
28498
93432
57350
44730
51272
51671
19203
8589
51068
66120
5649
74618
52069
16537
86982
84699
37955
53446
31370
37173
86259
20755
14906
66680
69998
66515
16171
96867
26083
86768
56967
70932
96551
14317
15662
47822
82339
51216
56410
49759
33687
78410
24376
2108
11299
27709
3158
49253
97507
34527
86425
83765
71633
17683
50445
57982
84197
66615
54849
26631
69734
28167
97563
66284
42483
29576
14105
41174
97143
86866
90932
30830
65276
31659
32937
76574
75720
36094
42178
73226
86972
28602
56990
58604
62636
23786
16586
46833
6753
87786
89815
76486
32304
3729
42770
74787
33304
56874
32312
30447
43740
39595
77628
25367
87605
26916
1940
63324
63009
44117
36549
66332
89070
9891
41287
68058
33676
74224
31242
40428
62009
21056
16914
10665
41137
76035
85451
74440
32908
34114
21238
76647
73708
15217
2013
77664
42132
20304
40988
21492
80772
93888
87823
86194
3778
29110
54251
53806
3333
85492
94233
81694
22899
27498
92358
64035
3532
94160
54827
36440
44625
92416
29438
18332
7633
47803
12347
66116
84458
53334
87608
81582
63574
75430
67775
67351
20891
38377
21156
40576
23868
31741
38621
63118
75590
30978
27153
79122
41489
98331
31913
86113
90746
77702
20796
14730
41856
33142
80846
26314
2828
68453
7895
66401
60234
92021
50103
97477
30397
87611
38052
70616
19351
76672
50085
94940
24001
93589
90413
81841
91919
22325
84305
99017
16379
21452
13746
58234
54593
94591
899
73772
79395
25145
40172
55981
17165
6627
53457
63913
94237
7860
50880
13587
883
965
24878
24883
94553
15291
23075
2824
53967
7379
1840
86697
28830
15585
44931
99774
26528
62181
73546
22274
87326
30069
78254
20842
36695
31710
1107
30931
55921
51986
60869
56803
69302
2099
98037
80207
33741
21111
83030
4059
44841
84869
90756
90022
16805
52038
89796
59684
14218
79693
81958
17895
26113
76563
38737
79160
24625
39843
10090
80545
8180
87311
37348
77482
5761
35384
57688
39501
56495
57069
59911
17687
41937
50666
7709
75093
19055
13856
34777
33273
9900
33086
67519
36012
9648
6255
15171
34272
62449
41613
31169
86981
45275
68516
80814
51035
3899
54853
6887
76745
11921
83149
94432
70209
33815
2140
45301
69221
32347
96429
18845
42246
45866
86364
78257
71866
92618
9780
22489
71419
51392
53657
74751
13018
22172
55564
64052
42423
10416
87290
19167
22336
70438
13598
92544
20604
32089
54196
89825
80787
66977
8669
23032
12842
11384
17641
1059
20354
27420
23548
91772
95163
77204
66522
8180
15728
38437
88583
58150
48852
75872
77316
87539
62661
7266
96434
99617
55706
50629
89441
36493
33957
14461
75876
63151
25845
93516
64209
62550
20935
87756
54321
16097
81312
37194
24276
97039
75630
12858
55188
40833
5081
48855
28371
67742
72472
24804
67358
44530
91784
73150
97374
25741
3962
73249
88891
46158
66765
69451
8707
87699
57207
79379
20148
38518
32924
44423
51908
8553
73633
23447
65737
78713
88653
94107
62806
61125
35262
30163
22006
43398
19664
19379
85490
39978
92627
90732
86135
59391
60182
94842
63442
33740
90572
83589
88609
23496
44363
40516
48400
17995
80314
14137
13060
68967
24595
75865
46443
76209
22380
68448
35958
42043
4178
21447
82020
96804
12178
84507
72547
88711
95700
52340
22451
86271
52280
11059
26118
96642
67927
74518
30989
48240
5006
44048
17206
45952
36264
80000
38512
58643
48447
74469
17038
68976
95915
15409
82132
24444
99915
54678
13155
11966
23369
51957
98237
75648
79367
40706
88641
47293
15223
19629
95533
36580
80028
29090
98884
16292
9090
37395
74934
73888
11864
8323
59216
24130
23732
41347
64926
39998
12376
78080
51964
35744
46388
50200
27743
25754
90905
16383
73047
22480
52364
84931
75411
48743
30372
74294
65034
55813
11689
56320
46053
39904
64642
5268
64033
88373
46614
28958
44723
58989
23389
96686
11084
86128
46885
38826
11882
54141
71560
1280
92972
23923
2562
68383
89018
32933
59028
54051
5098
70716
26722
51150
26971
91364
72769
91004
96088
19382
36313
40810
94722
76054
37495
5805
62181
731
44630
74062
71224
32541
91693
64195
56464
94254
48929
45481
43539
7957
15883
48636
95024
42605
16137
21995
50320
88905
29350
46407
24638
82014
3569
19359
58067
57415
41515
36600
58146
86144
27013
45721
18684
18706
26267
91499
12959
75196
53331
56497
99504
85566
21484
10879
28170
37620
49225
94841
26524
78574
41247
67513
76940
61167
3223
51358
18582
44737
87957
93079
47232
14970
38799
65916
50027
65065
73766
62985
56612
43449
35834
56115
29014
57317
83346
73535
94937
32570
84727
37812
27496
25973
21677
4435
3492
24899
72144
22073
69636
60101
15151
16867
91422
53949
99134
41448
35365
89252
4432
91977
49052
56617
48091
78065
13934
31436
67951
25222
80358
52677
79385
7853
95001
17413
28639
98492
42312
782
36916
11947
77234
68418
45165
68655
38718
60651
10102
74083
49902
30886
66059
98953
3854
30501
93369
17787
61937
77671
59360
58646
46699
55097
66498
58051
72509
11488
72895
14820
12269
9810
43118
89503
78228
4635
58157
16945
65285
84611
91027
31538
31848
73437
30490
35701
3938
40210
69840
82226
34232
29199
40871
80930
647
23720
38980
73156
35207
11874
4327
47475
38036
63797
53329
32615
68431
27838
65911
50067
12448
73290
81604
44295
46726
28445
96347
50663
85006
66186
32888
19237
11737
90110
166
12383
13829
55497
1890
49035
83723
22569
12862
21758
86365
66190
54372
71147
94027
20282
37565
22826
9923
19168
67120
56649
63964
79819
7311
48969
46004
56551
68205
74092
46660
68370
2827
60489
40218
21068
25875
23940
43636
38736
62049
46352
4926
32772
33850
15304
69406
71414
38130
79328
90581
21601
35976
54544
1419
59639
3512
63775
16189
71716
37866
79200
56437
40692
56040
13007
61760
81915
36946
21747
20650
15347
68099
41927
48118
1948
57231
17523
73362
95360
96851
80294
16960
32826
51190
18379
92464
54701
82153
25004
42769
36370
20556
15557
93414
76595
44915
55173
58509
98213
93271
79159
13559
61369
37437
61676
79669
94667
79199
69382
90026
76049
49675
6986
25226
864
41716
34042
71917
40220
75397
31037
76589
95952
62945
70002
72547
7860
41526
31055
6072
34797
26565
19630
12517
64002
97657
92185
58668
76855
77918
65046
69255
43945
88383
10833
61160
30098
44874
33076
86669
20270
80464
63257
32574
59761
49611
5120
67620
91136
52526
90043
42284
79091
26024
54801
59444
23680
63337
34463
16887
41255
99508
2493
85199
4242
13325
46358
34339
58198
95786
37359
94820
92601
616
43745
52361
66578
48864
36332
74065
17741
26374
16349
13183
68749
87501
72626
92429
50837
7089
25667
8443
22948
28159
9993
27190
57836
56351
77880
32385
68488
15239
27204
61088
32206
87300
13449
15135
52515
49780
89199
70256
92506
5547
83438
61254
93047
56064
70034
60236
79504
12052
68678
18803
40211
78671
62344
98046
51373
56576
30430
36212
88166
73986
97299
20371
77637
27099
51857
30152
93231
41055
407
85736
62954
83844
63341
56000
56259
33375
32587
52114
61778
17617
87269
1988
12639
65964
16385
64011
22539
63167
222
10704
53504
13872
47426
31140
57323
99282
61291
50553
40337
61697
52640
3290
61893
15980
75641
34503
65706
24580
86617
27484
42196
90237
45823
71186
56200
78560
35196
78739
41726
51769
5794
95229
81992
53220
42720
39314
68853
4011
6218
25541
82059
58857
45182
43951
91189
20823
78454
73246
61754
81422
17081
20301
71658
79256
91486
27857
57815
43033
6595
15892
11153
12389
27472
93144
81960
70191
48810
50812
90553
71379
76353
72612
30236
37886
16562
37776
58708
11367
27373
36813
92788
60806
57113
80797
40061
48598
8654
14227
91630
31600
30118
2782
60340
73941
12278
42299
44131
77439
9463
51036
48817
2167
23647
95404
40052
56560
33179
15112
67927
76904
51924
77066
37709
25389
57863
94121
90338
82868
8347
81968
14467
54816
1101
91159
28756
29730
49809
89238
7168
59271
40273
55985
77789
63919
51388
17841
36831
919
49304
21109
94174
17579
14526
31882
59319
88740
42354
49657
71607
50700
47976
2426
5515
49076
93584
50622
95158
43392
39859
2325
19015
96484
74661
96803
76754
42401
30995
13584
59671
96650
51044
53844
14229
65570
2077
89899
54309
44430
39555
42268
11481
87530
44693
16995
52958
54628
83968
48115
14371
40178
66791
33385
36661
41452
46540
13415
204
93886
43350
59874
90536
94394
30069
21116
76315
32145
11014
30623
92926
50569
72890
4406
54450
33934
37752
7407
88561
21719
55521
19284
61896
22312
52668
14909
80115
99207
44675
80318
93093
4376
40191
99980
98769
70259
21095
91435
18755
48460
22058
11680
99028
11299
16085
53478
61585
53836
77236
66497
91906
32757
85780
53801
55068
38448
85061
51534
54006
29735
31851
63450
34111
88393
63429
49231
75003
875
40666
93757
49335
79075
5436
64714
6725
37872
34543
84661
8059
11779
51158
99964
44535
36937
70116
15954
91736
55177
67487
62094
1263
15689
41895
51725
4081
5324
956
79083
22550
57973
89191
88236
53399
94626
52950
76475
48849
3844
61136
56907
15622
12293
56870
76508
65581
43337
8813
73669
98513
92651
35762
16128
8339
77656
67852
12419
99331
85159
7853
38233
59483
97043
26468
12881
8020
79417
89356
56868
99613
66843
30126
15234
79135
3347
91742
61067
46684
16906
51087
61548
9557
86848
94027
17895
80856
61879
46666
96538
63389
70870
51122
22872
67913
77590
35752
75932
73358
41459
49152
72970
8301
95629
88204
3787
98976
96297
81206
62011
29554
32292
39910
39110
35492
33937
73357
32699
95815
20022
45588
59203
7243
96710
98426
75155
90651
50530
67439
64008
91988
32942
53330
16641
28570
57885
36779
43897
54181
34336
5907
86
66628
62169
39196
18471
96105
12552
67521
8271
48925
13108
83825
56167
26169
82251
47674
16819
32780
31464
80827
41119
64405
34156
74111
92974
92040
27242
53223
62572
61577
59129
62657
44556
37649
18204
79378
33753
47107
46898
42023
96031
60006
42200
68550
86174
40802
32575
2993
73581
64038
171
31051
28442
50678
5162
37767
42717
48755
90989
21640
10331
66470
648
71239
4118
18852
50616
37871
65958
97514
96245
78341
73871
54796
63242
60044
95597
95816
79388
69177
76205
95910
16580
20998
46587
38093
58764
5655
86847
66105
43646
13529
32574
44294
84767
36691
63145
35383
90913
45454
49248
3510
40146
23118
58305
3387
99513
70254
15554
95253
55782
91758
91162
72361
12755
54101
10453
87871
59755
13651
53975
3401
27180
86548
64046
11946
39590
43542
63680
46855
88995
29279
66716
29141
68748
41372
48879
84613
11625
80785
79865
67407
72542
87378
39767
1649
41478
66572
89519
17585
80222
59845
37337
23753
62744
1382
52051
2333
44923
32082
65539
50269
61361
32254
95761
46460
73626
60992
31072
1602
41776
10936
69008
30669
98314
25127
32317
56143
8050
38187
90079
4623
98031
27415
28376
77126
45148
80426
79459
6422
28859
61349
73043
90219
93603
68803
53031
83580
46146
84102
85181
87921
95038
70541
34942
9703
12019
67258
82197
20068
21797
72276
24690
36179
16042
69417
13305
61190
66194
9115
67611
95053
70463
40653
1623
80417
25808
54653
80348
71953
38755
65529
76226
50144
52421
11167
76198
64439
94776
58394
84506
32924
47021
25547
69103
63063
94964
98759
24252
61157
7873
8214
56209
94687
65219
74184
75104
7378
28836
71803
95682
67590
53683
71907
34085
6103
99425
10282
86893
10553
85028
71398
43476
32048
13297
28930
11462
24612
27688
52065
85768
51912
76631
58329
62951
41849
48864
54406
49226
77699
26208
44907
61641
79891
33166
95725
85993
48942
22359
72886
59494
7386
60635
19322
55785
90283
48251
67247
14894
92291
35663
17014
60554
12293
75342
23504
54141
40557
77909
19718
18255
4117
80977
79895
84007
30494
91972
86351
79435
14330
75588
55281
38067
52575
74602
10203
42857
39204
77449
57751
31494
29464
74764
8400
41756
66457
31903
95897
7013
9812
31966
41619
30280
12942
21514
30638
59787
29837
33340
39222
60518
8928
10854
98584
77854
1807
25138
20710
57362
18939
78460
5208
48402
69575
13607
90157
52383
45509
2405
59395
71672
34371
1014
1951
63664
38879
48940
23451
68715
82280
79024
45584
7559
89877
60519
85412
8035
85656
22473
65396
4594
17285
70603
52995
86859
84209
59504
39242
46070
61908
14988
17741
96278
32353
36044
59942
71231
84983
99744
56297
83614
78767
1880
7524
84995
62398
9287
93029
64406
31760
58424
68999
49044
45379
38346
52254
45939
97849
7847
92008
59756
39187
9749
72386
71539
62144
48679
42770
63478
48422
15418
63444
27188
33650
70967
12182
12399
80254
21562
76804
28365
96337
62155
93760
41715
500
46013
4006
98348
70212
96013
74455
9398
22113
46840
80936
84256
11870
40057
47734
60291
55475
11177
3830
89124
98495
16011
1522
78748
53924
94678
23464
50261
56832
17223
8327
57331
79588
12332
72030
66151
8345
46484
75548
30457
9676
72835
31065
21545
12892
78798
98188
84718
6326
2017
90193
4820
34380
8066
99920
88303
2743
39735
38563
59574
56958
63242
33256
52897
75573
5285
19047
269
68121
94594
47078
94148
83780
94494
32044
96671
89643
30231
97740
95968
32248
87932
17139
66627
12350
33410
71281
15092
73145
26196
91018
30102
89437
24273
99350
81361
45910
18396
97982
30382
29341
45059
40881
13120
39552
72924
26143
29194
19507
40234
41513
51754
44518
75003
34732
56867
8413
6012
71958
81557
48559
79327
28010
37995
19952
27359
19356
65861
62106
33689
12594
91446
78747
53474
20917
34650
42749
47059
80195
62255
3645
38059
30360
48162
13061
81443
5028
21473
3807
93337
3029
52365
72664
47390
90360
92615
74748
26067
74827
36853
59755
3772
44650
54853
57245
65567
5854
99993
28977
2400
78600
32621
40458
8959
80782
69870
90402
2161
91343
10560
95498
10723
62924
84513
58113
53283
93479
49212
95701
68305
2417
71807
88428
47066
43011
45672
28984
65216
62016
74313
67615
56967
23285
24424
82278
4067
94294
72679
6227
1988
83238
18076
12710
62513
2588
87174
32148
96066
52738
27848
80722
55154
16007
69149
18571
59017
31172
63907
24233
9540
38219
91847
82858
61503
32623
65135
81921
26916
54165
4500
45255
53754
22575
74316
16267
41515
61490
48414
53932
30579
76261
34654
2084
92267
20154
20654
67636
67678
912
91868
93569
39130
66
76426
16985
32688
41561
98905
75955
12077
19756
21209
65831
58683
95525
82097
197
73366
30510
54128
3944
23122
5133
22379
31741
41639
43032
99376
25668
43944
7595
19236
99425
24012
12013
16409
73052
69925
31666
49006
82002
51421
86567
47832
10103
98443
46280
26651
88160
76789
80779
8455
16262
2263
30833
48002
43901
90216
63729
69568
34159
87675
5155
49936
11687
17168
66344
84738
87092
98009
50095
85445
65782
36661
33276
75884
51455
79555
2535
39614
72695
99665
48068
88957
18279
95252
53310
62180
85468
33391
48099
35978
21065
69606
85913
32751
3125
52257
17488
6568
66617
67583
92013
48750
20595
41640
40986
72050
37547
59872
28015
10241
59536
92435
15549
77814
87686
85211
56345
89505
34953
20796
25483
56017
6753
11395
88768
9877
80003
22607
16444
62972
6541
24808
11721
43488
66448
52706
15537
3994
28929
59903
30586
88464
52337
62487
82630
56375
64049
55326
45879
99001
92473
71361
55017
15577
82756
60136
25453
79110
99095
58249
42081
5635
83056
70154
49122
49503
39211
81010
69848
68140
40913
434
72955
9601
79272
71936
65975
43320
43614
28206
42320
52438
99566
13688
68015
98673
90176
93467
94135
89270
68067
36215
11256
51123
22720
76730
625
61931
57739
86825
46422
15003
87258
19376
40956
82881
7664
23282
26200
51277
51487
84871
3714
67405
14910
71728
66077
5085
81547
60211
94354
49613
12778
5610
17087
51849
98691
34064
13779
56429
20888
76552
87784
24497
95928
45091
7377
3591
68372
49928
71219
19859
51150
91284
87263
66059
79364
69691
71144
60910
46254
81849
26874
75383
3810
60313
27231
2500
94376
57362
75281
15263
33913
63064
56111
46192
24506
63487
66134
92877
29766
53704
12735
80915
44988
16349
63325
24351
2392
34468
85260
48645
16317
28485
40379
20126
88797
83961
22626
99524
41322
97906
31138
91587
77321
87248
54130
1826
67086
36616
11054
96851
90319
40141
94117
35306
56489
57442
59656
75232
8261
61267
40228
24577
6104
80606
61055
94900
64567
83680
10776
22240
97937
41913
30178
91609
29161
84308
9786
12598
20923
20839
25801
11241
60979
19917
46547
33820
93710
22554
9051
1971
83821
49279
42899
89924
46236
3953
1175
27154
3984
11950
49394
1920
53863
79571
9880
99375
80230
19665
28324
17504
56856
54124
28745
17834
90393
91643
68005
84102
14196
77056
2424
98016
42686
45323
4291
5273
49275
5466
32427
53259
17415
98172
71530
87629
94094
97762
3355
74324
33778
31679
91827
90633
2154
36923
24819
92546
44917
92823
76648
59113
86230
79071
73480
45267
40745
77771
50540
90020
83236
99318
59630
17002
97489
47511
20983
91582
45272
24337
65905
79050
72367
74084
69682
74521
27358
10852
83418
72275
3675
60065
47739
6256
55488
37570
51523
96232
15340
2062
2603
14927
17731
78584
48281
15219
26095
69263
6800
71366
9951
89057
66767
98670
63140
52801
73190
90497
63652
72959
79123
83678
33024
26861
89934
4863
64431
41456
17446
96122
59869
36401
27401
77599
14984
75681
9169
41078
61295
15968
28796
71245
5024
11914
69914
84515
64714
59455
75012
44718
32414
70486
28395
81789
97347
34680
3003
78129
76135
36800
74250
52355
73200
1650
46305
88184
77330
55473
45613
54976
87793
74408
26221
92816
86322
12486
77331
67387
88293
68694
12104
37058
39179
40499
35198
52877
75178
38200
31005
67665
91351
21607
36371
64551
23256
99028
52734
16938
70852
98346
71913
58644
89106
14485
51460
75427
43323
45142
42813
31615
30187
71269
85024
85717
28119
36573
38594
19648
74772
85950
3664
82474
7556
40035
47024
30812
55414
99757
64101
26265
14455
36013
1261
3560
66850
52720
95338
10172
14213
54502
58138
60751
42122
43161
46467
70240
79733
85060
89888
70856
87362
93551
53329
94917
49937
353
42080
5350
16461
6180
47967
47267
58545
49227
67178
25394
18298
78867
35565
48862
49721
93702
9612
91842
53214
56078
62082
49298
57490
51969
36505
44851
61871
89833
56119
11808
6537
98199
33509
39350
4378
97827
2968
62922
47053
70146
4667
81702
49012
40231
30563
15084
50284
40174
6926
19849
12604
69007
69146
70093
20975
5650
31295
99197
11835
87413
11004
34723
85611
60865
90424
6341
58691
93392
85614
22096
79889
90281
3797
45252
46863
34360
60336
13499
90885
67261
33347
3488
36267
18845
89932
73593
40846
37578
72789
69032
24991
145
20107
26953
61009
10530
49645
36051
3921
35259
58146
83809
41891
61943
29061
88753
12654
89396
2251
3538
73008
51950
23378
9274
87146
13309
82866
44343
50887
72006
13375
92229
72150
49833
35533
49510
60362
85178
1913
80635
20436
60058
64443
62326
22000
9855
67430
51005
15602
86033
54543
88609
54334
94272
14234
41479
7580
13451
2173
74818
85457
31899
83398
73958
81731
18931
39820
42093
4108
41732
22727
40895
18141
3521
19572
40141
29728
87001
7497
45329
89385
62039
50290
43718
56310
80875
85196
80242
94326
3721
71411
96134
35619
71161
86443
17350
90091
26262
75794
10550
84345
14872
67796
2486
18392
87367
58978
48119
90719
66474
9800
80104
44865
76441
23821
17526
57315
25369
14119
67992
29089
85530
64125
81059
56690
50568
14760
63132
93181
90553
73681
77526
5424
57828
80011
40168
45194
55340
4638
52264
21813
30789
48719
66677
7229
72540
555
80896
14260
14673
65239
59700
202
29364
40758
73243
96283
55518
36374
89463
62422
26406
66988
84198
84233
63350
24365
45778
18689
29002
14394
56854
76143
63112
39882
99723
52003
40436
96970
66262
55109
62209
25961
71662
91572
83071
61257
87854
54940
13982
93668
33713
40388
77008
17910
40972
56709
58626
3102
91750
3980
17495
48603
80122
80606
4836
79844
32609
45272
76814
15222
16732
39022
57535
4745
46945
40605
66001
51150
11896
79983
44817
61960
36722
38176
79870
77693
94885
38495
97146
86634
42474
14640
51588
38947
11598
56423
18791
60558
18046
11956
75779
34777
67329
49665
55874
14273
6621
38226
81774
18516
18208
42942
80476
71281
81118
76697
65326
76002
31543
62471
78987
74017
93463
30574
29315
5060
86996
64457
81969
5042
76412
74099
56170
60092
23764
28395
90716
30384
66621
72489
65252
1180
15431
45727
72461
12900
38775
54138
88901
70317
16608
67887
60685
26422
14812
90000
47833
18159
54456
29801
23200
47220
3900
95722
23663
44015
40468
14379
74398
7088
3219
39649
24620
18649
1727
13432
47900
40501
67569
36800
27170
528
21038
87854
26950
52201
94205
74782
70360
48661
4583
9911
12232
24834
5632
35894
68848
62452
50272
59597
69539
53491
99246
94158
88491
17324
7589
36391
74177
91509
89542
1346
92037
26932
5551
18986
79132
99756
93767
49491
64768
14701
59402
76999
55886
81385
29244
24733
43836
95868
682
29727
49358
99927
40236
54200
33602
64177
6942
7778
55685
12836
25475
47721
39767
47378
83058
35250
47133
76825
1093
11900
7877
76846
5250
63763
58230
34493
4847
18418
30360
5528
64496
96069
21806
4731
66621
55408
68907
89914
79537
40944
2749
21364
5016
58867
68741
88074
10469
32225
64898
11561
44124
89126
88406
65725
52888
62987
16569
57735
97756
46929
79614
62251
59349
1420
83334
25969
73179
68592
15883
52715
9535
34983
90430
14551
93850
59170
2624
4318
91394
83873
32230
51869
72998
36987
33945
42238
99973
50514
16324
14081
13794
95937
76331
73142
97356
76016
15463
86886
44608
31345
55953
70494
82679
46382
1396
92880
21904
20371
13549
29649
4243
45778
97870
93593
82764
31814
35830
99089
82327
68505
13169
96120
64441
5851
85614
78149
81867
1076
65034
42826
48772
20986
13319
31450
83720
14715
24330
5623
35085
37878
35271
55680
8
49492
49272
82771
81306
1453
98211
79984
69957
11379
92456
50749
17230
78069
45249
15448
95496
26635
58273
44267
47620
87943
92068
47691
2657
16397
53313
54094
70627
4936
26125
70634
54427
75396
69756
52084
93200
67967
32068
79508
95697
40875
46608
29278
18943
91857
61077
30790
18491
19349
75056
82462
7292
67123
30153
26300
99872
99817
96745
70498
21104
22869
57483
91883
14616
43590
43966
24167
27908
92385
3674
23605
49611
66634
69234
84905
58490
30311
15694
93332
66011
90749
75793
89654
74224
22297
32306
74095
22114
29050
44592
59569
68271
18426
51451
82886
62015
11769
23405
89923
20505
43430
29879
70116
10063
99112
55020
68552
45774
70714
61883
11785
77814
54028
1438
52037
76324
33743
26131
14789
79145
87074
74358
47415
21851
25808
46652
83866
37576
70056
90140
74433
13486
20018
44548
23548
35481
15919
8452
81255
2984
86686
93039
80798
57065
10828
49186
33389
44571
91669
48177
40067
95094
22534
87481
16945
64694
50484
17162
2269
20540
7301
93053
50377
43670
37600
90276
79150
69871
15079
60404
72854
1765
69794
70003
58829
80622
35541
8569
41544
27209
73098
81610
38654
95631
85442
55598
60324
35925
89111
78945
72816
96411
71997
23192
40080
25949
13468
35582
95819
28546
95985
85024
46662
82131
71379
21843
79104
6919
46763
36999
50479
19860
18608
89132
15491
20401
61082
92166
72677
50192
87462
45493
62955
75811
85036
3034
1759
14855
54967
13929
43401
50952
15304
6414
49434
86682
28256
28537
93600
75019
65535
44078
94878
494
49562
26720
37246
10643
35238
9922
77186
22699
71766
40140
14861
56802
59526
16619
71656
14492
46899
31408
81795
62203
37822
31228
48884
82429
76116
58836
73799
41650
2913
85029
58495
68826
28100
95740
79468
63337
22014
56654
2388
93779
96793
17248
66932
56318
50219
54940
87162
97117
86347
68956
75671
40520
184
40907
22949
76299
99742
13099
34301
19006
98127
9147
87832
26227
21239
83651
5915
43252
56656
24654
53382
69801
41902
36666
42470
8472
91605
29631
5588
94303
98587
97611
34823
98770
38517
74123
91420
38258
87221
42072
57263
1700
51219
61446
44278
72457
45097
66544
15708
1752
91198
85441
71552
33099
22106
14022
41570
13710
60004
63509
8013
58590
77471
59187
73711
15987
33309
65131
70596
36881
7202
27859
54932
74772
5656
99209
47228
67104
65753
79287
68856
56950
64728
56759
6400
3185
87132
64321
33247
47136
44181
41259
5725
21652
16797
95788
37638
50105
60918
8234
3337
84471
52444
58269
59243
74451
73829
22822
41555
39581
2109
26762
12882
83188
99872
35633
86372
87004
16305
19618
50491
60486
77228
72567
82137
94024
68354
36126
60480
45623
60711
80169
30094
29506
38437
5688
3957
12265
28509
45511
68198
46969
88624
97431
30156
88495
33064
32880
91850
65720
68849
42340
26205
62429
31259
24693
56452
99612
60819
33284
61587
37881
29804
91680
67387
68240
13719
87695
96856
58579
49557
65053
5548
38180
78836
52055
26674
28251
84934
18524
93970
53783
77215
20175
16211
8473
44867
89014
24437
22037
38649
86023
76270
68452
77702
60008
53043
7772
47702
49899
66350
97258
31303
88249
35437
10138
40304
78462
38388
25237
96985
48710
95371
74200
68884
27933
99024
30102
33299
23460
68491
88299
9482
44760
73103
3535
4767
26145
11306
68820
92395
94008
66077
40050
82256
17865
50187
22559
96326
4927
64148
93311
53636
75870
83862
38871
20155
82885
85324
69805
22697
53814
58103
32178
14925
47557
52065
36043
73702
63370
4862
82448
73729
87290
22497
55985
5154
89036
94895
1480
93962
75394
11142
63949
51264
11355
19171
87770
10591
4494
57574
33287
74660
32028
81817
5936
79585
33881
41979
53286
13602
63192
35733
87331
50482
74582
59667
55635
63617
54561
73466
73930
29955
959
37878
97570
12313
73400
85339
22904
94245
42912
72542
68904
74939
54358
74840
54523
88238
33170
24160
18192
96361
76245
5522
46842
50826
65188
18829
14442
36100
8646
88371
66054
9605
42600
79975
21917
32351
65313
61172
26595
8224
50066
11851
99515
4423
86690
70389
9013
36211
94549
27204
32571
87145
49077
95765
37970
30616
30945
68763
66715
39590
57133
49121
65546
16084
29095
3815
48434
94408
81338
75028
18983
31403
86878
34849
35826
89919
5238
61190
26129
16138
88393
75052
3282
53821
87168
57603
84436
18112
26365
67502
74053
99849
16622
55951
15932
62069
59765
64365
56476
41102
55744
91810
72505
58974
43011
24682
65244
64600
85871
7725
97089
90615
82776
370
44435
69943
74324
45222
4406
688
12723
94810
16888
29345
50760
32819
91413
26876
13535
64240
84330
69278
72401
56834
44603
31763
97867
9847
96362
83737
17571
93450
90703
346
10171
51489
86640
84494
96710
7397
1533
25784
18558
18420
55128
69318
67590
62892
12545
81124
43483
96874
66754
32236
70059
27708
63998
67925
37554
76712
68013
55124
70161
58715
71821
96684
26555
74812
97529
23264
98560
15414
49048
17118
50185
20527
2787
17775
99771
15331
15250
59605
28557
98355
8192
98615
26063
72190
66540
63616
65253
50904
35092
35413
25971
23264
48448
52525
14428
45977
75789
12987
77742
41188
30104
27926
78066
49242
62052
94188
80925
77302
53793
9481
92008
61984
8095
18070
50525
90986
98038
15777
41890
49481
67542
67860
72744
15989
20384
87171
78317
12524
16510
56058
70063
62965
336
48129
12207
62387
42316
93131
56040
12460
2611
48048
74444
27057
82469
41320
34395
96858
57097
92636
46338
40990
60495
35434
73330
97230
38956
51647
26106
55465
24056
96168
18430
40743
60648
46988
3130
19316
40118
75521
31775
59080
39920
22570
2488
22389
63890
36882
35598
37338
29517
81936
78327
6363
33721
51656
19945
72676
19654
46050
44493
60062
58569
79274
804
35569
26261
20285
54884
82730
12158
86658
41809
52077
9228
60648
74465
89469
97530
26415
26806
43398
8350
5132
49761
58422
56787
69705
47449
92793
32106
91941
52854
90674
87566
70009
42594
30178
90294
97477
12907
2451
487
71067
70879
9714
31715
61696
15534
45596
88110
42339
88993
12811
47470
38753
71232
20608
24809
18680
13400
56914
26973
82605
63940
30890
52614
6533
61068
59259
4010
73974
78061
4496
45041
48939
30561
93107
10634
46094
38702
98743
4784
27694
11553
52253
82799
99136
89212
7607
17816
18964
64521
61140
1568
44812
92029
54181
51344
69448
29791
71705
43422
7851
92552
4814
73142
39464
14272
83775
1909
52973
98870
6692
97018
10422
75296
96168
25910
64508
3775
60077
83471
84647
21216
85038
29458
29596
55571
97153
99044
1713
68858
58817
9564
77761
63630
99057
17225
94253
82831
19133
63577
98052
42177
60594
8474
17472
73114
50735
81979
76888
10811
81801
77886
32026
83191
7343
77973
55113
4495
93368
56825
89704
52184
82740
67465
32165
81796
1041
26417
80979
36525
89993
79030
78701
66939
3855
12525
40052
54589
10855
33291
65399
92656
11176
13776
92198
18518
91749
47310
39364
85116
4134
45420
53652
3226
29236
85816
85021
46628
28585
65999
83152
34929
45029
78205
1867
48883
90729
58270
3472
1583
91560
68870
10590
2735
98998
2787
37604
90746
66448
93320
92213
70582
38739
62216
73807
84326
64384
75179
30953
92968
41178
14104
44248
2558
8660
46115
51440
99388
20736
71263
17323
12296
56485
44264
31382
55482
63403
85338
62579
29850
95009
54791
16783
50099
17007
6941
34424
81390
98472
65376
90709
39649
95831
34956
58558
20843
97422
26349
36582
18158
97612
53904
46805
70448
14520
94538
25929
94274
96227
88507
24123
91235
59649
57258
41333
93007
80550
75756
90748
79021
57483
81456
35021
69666
32764
93578
90508
30185
19927
27089
64694
33890
97345
27850
4337
28216
38740
46617
22489
34966
35123
62963
42553
11123
36572
83885
4130
17122
75993
94877
12494
33475
92685
47515
19492
25448
57444
9999
71984
93722
53440
53030
43963
67136
97231
64651
95351
35970
11267
17839
87288
62741
80801
29840
73864
33725
30076
77993
50846
6068
72869
79691
55895
65553
43557
75386
7352
1001
1737
79336
11074
55176
48717
71389
38663
45947
36039
34013
98269
47306
51851
85556
10046
49003
31747
83909
82727
61822
78253
49924
84242
67474
29615
40136
49378
73171
31873
56730
90523
33609
52417
17949
5136
1133
89337
43798
63431
41727
77810
61699
89032
46012
63606
15430
11367
95352
99338
10445
73526
77591
60369
57767
61416
6335
97902
10793
95857
46126
67522
2732
79735
19938
37032
1222
37422
42720
45020
853
84446
39181
62551
89830
1545
26157
5259
12911
37860
20948
39707
27737
14890
16427
85503
76305
22761
99756
87098
34970
45882
54619
54053
41968
90909
91084
43189
44682
50155
4560
45534
34600
43741
24437
40781
45285
66945
46039
74547
21156
66987
14253
48893
98228
30680
34395
74533
69792
50503
77982
21113
12736
32600
75165
54703
39860
82600
97891
894
32754
18803
62779
83706
62543
87215
24486
24179
70511
70525
15077
91667
53863
45681
56911
68442
76360
91305
42974
62504
58159
20955
83616
70894
69907
58781
41948
26118
41380
56191
27011
90486
74993
89790
74191
37535
93356
98676
78065
80219
85552
9493
71885
55766
55173
28795
24208
31533
36451
83533
10388
10962
20840
94003
98207
7098
69135
40155
49567
10515
96345
92930
1000
71337
99071
91542
25223
92426
90217
19639
72644
92121
29131
60880
47886
84303
6026
88445
32187
58829
88330
42574
69790
9169
36577
67996
32618
5711
24502
82184
32577
20846
75113
49928
8534
74183
41469
33756
82961
48038
53394
71956
40158
82524
32836
4395
66827
55213
9192
99013
14041
97521
41587
182
23041
94515
84530
55658
225
9031
54193
49154
46229
29306
99081
54762
19840
56902
88518
2800
4939
58263
74756
61448
57139
23943
82194
40317
79155
7737
55681
9548
21609
13619
26081
44649
8133
10610
16658
24710
19641
87203
73863
65869
16508
89295
36982
52699
62548
41851
55499
67486
114
46606
45285
73604
70548
43831
13920
66054
51567
69600
75601
73176
83219
18034
34176
7703
28643
50834
48764
64635
54388
38978
46855
70895
28273
83837
39945
90820
25687
95443
74658
42152
42048
36294
32107
28947
80124
46026
95001
48043
31978
86953
21218
31548
4986
71745
39250
33629
38930
88014
14615
93317
26991
61470
80563
71615
61658
20508
78787
3696
15950
69796
62200
74350
6089
94306
3296
2565
40332
98296
50607
72309
85249
88176
3856
6586
59920
59457
56566
98850
63822
71181
92166
90813
49002
72729
78779
10659
93236
57565
14354
25537
27360
76553
99886
49801
70859
3182
52365
27542
17829
19323
16202
19429
7498
36409
26015
83769
12217
82580
98970
76039
70112
91136
83203
19113
80216
61981
46123
89803
35898
60477
15339
63257
53381
31577
29409
40591
34758
98125
84484
68938
17447
685
88367
41296
53445
14381
41417
65662
13312
40386
41700
83424
31521
24902
18888
28088
86882
65011
17890
39131
41839
49581
2388
95219
81157
48148
52162
32266
46273
52997
1203
80071
70034
89569
21367
23478
20301
62783
89139
33613
3168
47190
33388
51041
72091
52275
79128
75325
17285
13370
14455
59123
62950
33194
70694
60458
97694
39207
92723
43966
92203
10277
24036
62236
16198
61754
85714
36498
24536
91204
70110
44056
38394
19849
11448
26836
72124
90575
18512
89408
20296
32967
48531
99597
82512
35576
60054
80205
74782
69128
40522
66984
79405
80910
29220
95602
42663
31285
32099
83551
22488
18561
27606
60881
38409
39053
4069
10532
45979
22580
16292
82627
71898
81174
82223
54410
16749
42277
50966
91530
11404
7840
58513
7160
88749
4084
2761
31411
35368
51212
31313
57856
69772
58918
35088
24532
14322
39156
51416
76653
61736
67707
59279
33633
48880
57853
4394
81980
129
71712
73509
27885
79551
48373
35044
84651
52457
54157
32413
87824
5368
63726
62031
91491
38995
97119
16022
69669
36274
83789
46321
14361
51495
21951
64346
16726
79803
68739
98705
96284
40450
88565
24168
36352
36938
75563
21002
89394
29719
53415
77217
35086
17140
55600
26576
56134
52718
58950
25802
5343
42738
88474
19704
10585
10424
84049
43662
6579
69139
58719
2862
25941
47283
27029
62292
84220
18943
83294
89965
48662
36708
83534
83747
70199
39133
26675
42684
91850
85624
68486
13544
44713
73311
33247
55297
87
33647
15311
6665
19138
74029
9526
45078
21311
52906
7369
21883
71848
90662
11847
36861
43721
95380
20608
30271
34512
63634
72955
42713
49257
41440
56257
10321
31102
5855
81970
31188
39502
97280
37852
58639
71308
63729
20068
8970
16634
27436
47204
4834
34450
59051
41694
94522
70782
78653
24793
5294
42286
97747
64358
7894
55538
20614
18215
86639
26469
184
17827
82322
13815
55678
57312
1474
35759
77379
10443
68744
21166
57647
73577
55615
33049
31623
50137
3830
26627
74929
25475
85265
89027
6185
9510
44564
26798
44076
31202
69618
44259
49028
51939
74425
21058
9250
75898
73168
2980
86341
41911
24146
60339
31840
79760
9739
79814
46248
29920
6440
37528
55395
8056
26554
61579
17566
71117
4728
61641
18671
74346
22252
84050
42636
96676
5107
68238
72574
94626
71217
75266
36537
95362
51956
68376
91474
61694
48189
54073
7965
70980
91601
79711
79036
18154
57641
96601
5623
62369
74593
24293
53066
96844
8342
95701
9872
29801
63938
98797
24426
35155
90414
60962
46868
42369
45689
54693
20414
10229
8766
28378
81209
16718
8089
60244
34871
65729
73196
56845
44449
64140
81137
97514
60984
5831
93215
87207
35631
57152
86003
76408
8658
92768
37370
71878
51488
99410
26570
71901
9639
51687
16630
90847
68404
41070
67442
19627
23151
56989
76471
67599
21128
57608
65113
98463
63438
74679
85669
15420
48182
88023
91827
73192
97142
45548
45069
48629
44958
87990
20529
54596
39677
53511
61794
8080
94580
45587
27706
17730
2575
20529
1681
23702
78136
83145
38517
57925
57823
24185
73344
6004
28560
81522
79195
25701
27070
40615
74330
88379
28605
11210
59326
68281
81072
21119
92712
92004
66705
36770
9733
85631
57298
27765
9332
35433
10909
47848
9709
68731
88385
99404
91087
33296
80925
86633
75348
24346
27248
66029
12724
72204
77239
72049
40484
74662
9519
33195
66665
76223
86316
92750
78205
43613
20514
87537
95397
31423
51736
5105
16505
56472
20860
23943
6119
18137
26928
81467
42482
70527
47495
71558
42730
41085
43606
99565
15747
53125
49111
82411
45699
35427
75160
23904
79039
12026
27792
74436
59800
95879
95892
76304
68703
16752
16599
74821
34888
43526
56287
93721
14052
3782
65278
73133
61218
8884
72697
76964
78360
21807
75727
24058
73585
67238
64313
52624
79263
92104
43411
39062
4335
39302
31718
73037
72405
48316
47857
7292
91841
4144
17365
22244
24277
82642
11728
1846
7877
84424
78810
86236
22582
54536
26646
96167
21773
90958
65142
17388
99414
8552
56449
3748
64205
88166
76784
36610
36481
40992
60253
44673
61487
77617
83268
2115
76611
94995
3961
84487
95770
82770
87075
18352
53657
13720
30870
91781
21029
96011
9168
20442
20914
65617
40541
85118
70134
33676
21727
22967
74668
98332
83991
36154
75948
67259
38269
52558
78605
42229
37045
74375
41350
40471
9078
95006
54190
39947
3138
91570
52309
12306
28364
73222
94274
68904
74691
80759
18932
12770
3725
93599
11101
4068
46104
87048
71326
84372
55958
66282
42952
9354
57008
84301
49824
66085
95658
4013
22383
98796
11934
74691
27453
40297
64264
38078
25553
38955
18836
44484
68076
38913
38082
79176
42980
537
82575
30657
84909
38532
96938
44212
47885
53946
28513
97708
20030
40522
18072
58765
55669
30006
33455
83121
86654
14071
21198
12206
53025
56386
56689
37452
95298
11122
16627
38277
11659
99201
68933
12919
54085
65870
57130
1969
36167
1994
16029
72549
42516
34100
31313
98184
80457
81119
97657
67111
95189
35206
95668
64565
91591
52357
2016
86888
79830
18642
41516
7840
34195
10448
20758
88279
92670
94240
90247
45188
96233
6275
17736
55100
56727
65400
69636
53535
46519
67292
36997
41707
18849
32665
6272
26792
1373
8287
13679
97554
26929
55195
5394
77475
81994
42503
65753
74663
36742
72351
36203
32975
78626
53938
4426
51704
19338
74061
5238
65856
57704
58587
23914
76553
91251
30185
3344
92623
38472
33374
90176
81752
4920
11921
59226
86914
54424
41330
77928
91165
13680
14130
40491
8657
84420
44917
60360
20109
35329
81950
2316
93033
40536
26229
85937
48138
56414
89280
57112
11237
39005
63639
9340
43925
75560
68565
47190
29983
26246
41469
37499
39925
71951
94342
48582
56370
39258
25293
92830
74586
7242
95145
83970
64129
21373
69906
28618
94138
75537
85729
5374
14542
49368
14713
74818
41279
99629
38359
87613
25874
79827
25111
82151
68129
35804
30732
40850
75061
56024
33679
65999
79618
28823
49968
60098
50196
19874
88716
44333
95410
74444
66059
26303
40163
97123
1120
81441
96752
55830
69053
38977
35657
10516
21127
20137
46319
68210
60987
37732
24234
94665
3730
20203
23488
70049
80300
90035
6274
69015
50719
18036
43459
16777
44338
83621
13900
61810
81414
27003
17639
66818
82331
69647
77333
3458
6136
40004
88019
67122
94087
12252
61786
14168
32454
1625
84216
29106
8011
90490
98120
58730
24877
57930
91858
85566
41551
5757
47375
39316
49111
81366
6133
31442
67364
99818
51251
73499
56173
39269
56972
50259
67873
18758
64426
16678
36734
64993
45783
44745
71834
43903
3474
96710
1832
11683
82276
59734
17440
46002
15401
82902
43719
21534
30695
27435
37703
81945
933
10227
37566
57905
60485
5438
93014
41262
38467
29747
6254
84250
90843
94440
44504
10668
7501
62687
22351
89776
38773
56142
52130
54173
39043
95848
92058
69738
23282
29760
68034
40567
39986
5599
14823
16822
27388
7836
58083
65855
53934
80689
66456
61129
91480
10959
71796
98980
73645
94146
5108
12417
50287
73589
66590
89330
85788
74999
75419
25422
4759
43452
65988
61096
65403
97162
94270
92790
21349
68704
74996
75282
65744
41451
36410
57223
52409
24558
72555
42406
18703
77662
71174
68990
51250
54115
74671
37037
29114
50089
62458
50224
9892
44797
11319
75294
41958
21940
84436
63306
90644
59431
54940
56387
882
7701
29962
69642
32258
2516
12047
67313
96529
83221
36302
47778
53687
10972
1166
82800
61060
79976
33023
70951
41124
60694
62597
99434
82633
47032
79091
89628
6462
34030
46015
23695
58083
92328
93337
6692
94843
21735
74004
91371
21307
26657
55500
74994
37628
73017
57793
15039
69344
7168
2342
10468
67861
64938
9901
66845
11969
88991
56473
34782
39373
18839
58477
13807
11166
68165
20498
6008
89899
10854
97378
11206
37510
69229
2551
75138
42245
60343
6528
11589
83862
8869
38408
51722
90158
48308
18567
18478
53650
91391
53260
9374
10229
28088
23180
21394
96252
60030
43753
86150
70883
57482
13707
24744
26710
16257
16233
85306
92952
22761
96894
76813
47981
35301
44887
38139
99960
79805
72968
69962
71195
26227
79335
97775
54314
18867
19168
66917
78896
79272
53067
66130
36753
83125
90873
63462
15734
7106
48767
25037
29866
62013
18201
94198
13665
63087
32336
29977
42891
5304
99938
30437
47882
95624
28211
18548
14490
63730
85464
9737
43001
54882
75866
96105
54359
66739
59566
70092
90196
24685
95128
20061
3049
13328
14258
16713
76415
62946
63041
35657
84601
62978
82446
48834
74954
27008
83733
89443
7090
69197
15532
50090
40430
91397
62547
94788
74487
22112
64879
64682
63148
76358
1094
82548
89686
31704
15613
82452
94649
78653
34460
95601
57983
33257
60786
32936
60265
44519
38730
67354
30067
54261
33795
70496
45658
96341
65284
20144
34805
46514
1178
14304
22872
2271
96852
28909
33974
12464
11360
44974
7468
45819
56926
65450
95428
17712
98385
55692
78582
37115
39397
8648
91375
89543
79143
53384
85884
60778
89880
37040
7292
91057
51343
46515
9679
64546
75423
43653
93361
3134
4978
829
65304
61904
82630
60731
95967
81015
16422
74548
34481
72170
83195
42207
61713
78689
11943
47596
39467
1822
987
63110
9230
68681
25976
18908
49579
1398
78912
42939
20883
83890
60119
86186
62145
59101
46917
58111
56467
79690
49010
90947
51860
32204
49505
13572
27244
61447
77519
66710
63268
94857
46171
88849
63537
88498
7757
13115
6247
3020
72406
27129
3261
48876
13315
65405
7976
60231
39867
64442
56272
88876
71740
8131
37431
21245
38054
64675
82691
15572
47736
62311
10428
10259
51159
90317
98756
75267
19783
5003
94639
92188
32131
97899
57416
61797
79656
65391
22027
19522
46185
78299
8398
17924
2781
45828
39168
40835
26854
38211
72758
74590
16873
99538
84848
84383
89854
83603
76002
9636
4957
70640
18176
37088
68538
75591
98884
64545
57333
37263
84067
3517
31913
8816
21441
51045
54643
76960
91879
97849
31522
64637
72438
48394
64174
73637
32777
70379
73591
8778
80014
78548
95769
98189
15635
80658
90131
30870
45203
47464
84484
29269
50980
16396
38084
88772
83793
9078
82084
75671
6926
13605
56659
95715
61999
37184
69351
11127
7562
42942
36256
87576
21489
32024
2116
53475
12681
8599
696
57883
56062
85180
3503
7041
17927
41586
12165
1719
67016
94248
93742
73941
7852
50400
86008
86202
87584
55358
97328
11497
98299
33583
15424
36139
81958
33892
5965
94639
42490
6661
68873
98551
8192
72376
21943
26118
30313
34107
44189
97328
44706
37930
87621
52558
4681
73628
55111
8616
28985
52439
20113
43636
2373
35536
96126
84331
69427
2091
95321
11916
8751
64193
26818
16942
36568
48761
59411
83233
99219
19951
80560
43925
57880
84532
12834
78913
74511
67944
87528
3496
20382
23992
63483
39107
75880
75960
39789
45306
78050
35109
73574
3152
99301
16743
36445
52221
65503
12208
51805
81074
32158
48716
24998
6390
33248
37831
85302
7758
5774
89181
27605
42508
13173
7439
97966
89052
83399
37754
50709
77800
72862
40634
80952
88514
57377
17396
57086
39231
29603
8890
20304
61761
57606
61653
84502
90853
99483
69803
14962
21609
58983
58919
80468
88507
66357
78433
77558
49755
16186
44619
27555
89047
85252
24858
93912
42628
58605
50998
98211
88208
59887
34866
66320
17492
96519
67173
24696
12353
36975
39658
33961
12309
98576
14428
816
81284
9212
94725
47391
25397
39343
91297
30795
24595
16154
24707
83574
74758
75704
98136
79317
35590
33002
61988
53082
29520
29160
94129
41872
66134
33786
92185
94795
48713
22964
11962
29997
32176
6686
77387
57572
46029
68683
88367
86975
1188
29425
86900
75945
5128
85036
71614
40717
34389
33601
10150
63908
62761
4279
22131
45246
54416
30667
56392
19481
53631
68353
65829
2158
75039
59567
76081
37419
28249
80799
40745
45788
10223
43996
38084
15350
45383
9697
72419
79771
43298
98920
60030
22410
3198
98513
84007
73966
29179
40399
93446
99161
8751
59274
17670
141
18840
93751
53911
63440
74549
94655
25579
1124
38651
63662
16473
84033
73359
5243
80156
16656
4163
40185
55417
23712
38697
39423
97677
84228
96173
7474
99740
21276
83099
17410
21416
18290
27512
75327
81729
2060
86333
7307
3183
41335
70969
36008
25368
60679
57602
21875
93686
61764
62059
49102
85476
17108
4876
99504
17687
17401
6978
17426
38676
90076
51187
76443
24718
78698
51769
6446
97110
54454
30105
16644
95788
17425
69003
37507
94455
26605
59381
88140
88368
37792
53593
90195
71251
58468
89699
88937
75868
13028
22714
30895
19455
90253
7338
44172
68950
75458
66970
82411
29911
13426
99055
25699
47202
84409
79557
41656
11013
38938
29795
15733
76729
83387
5927
47979
58206
11977
53267
50426
41356
92332
81320
60811
82584
88657
4982
51534
80467
88303
50296
10377
1728
65702
52427
48929
50111
31984
90584
77475
87273
36730
93207
80353
36468
15486
44683
94674
43814
97949
45099
85170
6632
26418
45980
89216
31427
67313
57101
11893
55616
7396
38621
73695
73098
7400
22624
23208
55735
29559
682
43007
82641
10241
23359
19108
25726
84393
13781
69539
98693
58879
54708
5324
1649
17039
94539
49427
704
51639
77671
56319
59035
32643
30013
48484
40042
68988
88043
95776
14899
5076
55134
97539
15316
94844
16646
57393
79236
30427
43284
77928
5657
14343
99604
23657
47734
94142
89435
48437
62133
67105
4755
37519
99748
51119
86002
56141
36459
90396
51917
51357
95471
7050
65247
27139
18246
81892
84531
97481
28670
44166
91761
50679
58509
91364
74335
6242
1857
63770
54678
63989
47226
75784
1507
63325
43254
87508
19466
79712
77903
87734
47420
89726
11135
12666
16864
29380
10910
17746
43213
39579
61912
34973
90257
36772
42688
80944
43013
44544
61065
14042
8533
24642
6177
10039
87967
49430
13899
23784
45494
8153
11517
92913
97878
39003
21931
31093
68383
49192
48839
27947
88770
27102
62919
95379
63873
21958
92674
23237
66501
70090
37278
75033
94731
43454
85072
82697
9235
15322
22832
54728
23474
50700
63993
37704
89703
2275
85148
74437
51466
50338
2383
56587
77439
81653
68317
57663
3610
60990
80899
70110
31079
34528
61495
42162
94333
62918
41210
3568
78239
64042
74647
18064
14741
54991
72119
20795
57265
57267
95231
25082
7604
13965
81669
1395
95617
49985
75409
15578
27327
56308
2040
74757
7187
63534
16918
17872
26451
74480
37791
21041
38521
12437
55456
69613
83780
27575
90408
41044
1193
1990
66126
25148
15955
64146
42894
27923
14130
18303
59853
57808
90962
61892
32565
98148
41777
65834
16019
84579
40313
70161
21971
95185
82598
77426
81150
82729
21352
71557
23772
22544
73546
6249
47692
5852
70394
6937
50127
84524
25239
9979
58683
16200
88222
7599
30700
29998
73433
46718
30928
30097
33231
52898
41634
32180
30323
22783
14908
51675
10691
38679
90570
84236
44928
54613
6440
31673
61550
56566
32548
86788
82896
91231
2988
71117
98829
33687
17466
88613
96756
48393
35062
29986
17642
76695
62165
47964
15829
77072
15990
26519
32103
6560
27106
93382
61172
33545
25054
39073
6462
57602
25861
89357
48832
45200
76825
64012
78886
94290
52625
91993
59034
87686
38331
76675
80732
495
24639
96560
93919
56980
23078
42373
79891
50183
35754
57415
80
77159
96487
6541
34760
22347
12250
99943
67546
89074
63955
62783
99716
32931
71128
58749
36968
9458
35424
34051
26304
76414
30610
36574
49745
70039
78946
29636
36573
31051
87050
36652
8210
99888
59545
59321
38587
88146
59264
22484
93571
39570
85267
93286
72500
72746
68387
25819
82203
20162
59869
24858
12927
6830
61432
62671
76868
40377
8658
13440
87780
12059
66444
95989
11947
42340
55309
50533
46837
30924
73016
40407
70493
74634
50045
59344
47379
34783
85162
45933
54944
61382
70791
84222
68211
32222
46892
61430
88950
71902
91222
76729
83960
74017
72717
12258
16356
44378
62790
79544
75301
52158
36302
62146
26791
86346
21489
90522
37480
23003
36454
8775
736
7244
92996
85299
39465
56240
46728
28415
28141
37949
21495
28452
11965
94212
40710
44672
54941
3499
24215
30241
72008
60517
8738
98799
63214
46579
5672
694
69581
42125
9468
86668
49369
18816
71966
5185
75055
18694
49951
3195
72994
71446
31646
1311
82009
88707
45982
36949
8558
86549
83541
80565
63417
92279
95715
42982
38857
1386
43675
24789
43511
69495
11456
9231
88310
99774
30767
79716
34819
97070
99262
7812
84867
47259
9122
66875
35966
71456
20175
44523
58004
3715
25087
37772
12345
20802
80753
67553
22187
40780
92341
82049
26626
20149
7631
31287
36274
54750
11002
71092
51819
10263
78903
36685
57521
4377
19911
9838
75832
40085
54360
50187
60151
79447
4310
72496
16600
85062
56400
55138
42193
48741
53539
85170
85241
61169
16456
21514
15918
43809
92605
84088
70423
87859
20772
44296
92235
40682
54133
84418
97118
8493
34604
73621
4291
38913
62468
20890
40327
18867
92379
98871
67607
45917
84041
69199
23438
16848
90712
55707
60657
99668
39795
31079
3879
76918
75374
96113
33952
29507
96883
31069
54351
31486
4689
58641
86751
67156
95882
43429
86023
88260
58651
69981
50529
42691
55532
90318
59539
62595
46024
36547
62263
85818
67625
66141
79088
59351
78605
13039
5209
75487
44107
59559
23325
65148
18199
26427
48655
30432
69855
51029
35043
44857
21010
1923
87548
92893
92240
63438
55487
38264
99984
17749
40433
83960
241
19520
43310
95198
32558
64870
70684
93017
24428
10360
58164
58978
36786
6818
89409
22992
57847
24452
67849
95208
42726
71748
88100
34966
35185
43586
73229
51520
77687
13661
51831
94279
33181
11493
89476
82090
76362
76512
75106
790
86871
33269
59767
23657
56439
65528
63000
30637
6331
30848
42196
49056
18947
46647
84021
54131
6584
57249
22002
84270
87262
73833
94901
36794
1677
84376
18883
78038
60887
93989
78827
64110
43609
54946
4118
16399
20473
67117
63387
43155
14317
5582
92210
33263
52228
76231
3746
75164
49831
25747
59433
37092
15931
70685
73885
17607
55061
9120
11997
32299
19460
7175
96408
63068
62120
16877
95819
98944
83994
59205
42098
14662
81139
34308
47924
49718
26890
68021
24881
76720
10120
666
30164
26050
71350
20400
60009
26410
29519
88357
75061
65330
95531
87820
28398
74003
4697
40568
89298
5042
99772
47748
19703
80910
98407
67626
46980
25296
51999
71860
18367
62118
72525
48530
4519
43875
85282
80879
86636
31152
69235
78048
96482
64766
65868
41231
55120
70564
81798
44417
75605
97921
92164
11659
95183
90570
95636
42162
32217
47634
14021
50584
9751
2898
15465
14270
46772
17098
95148
49759
48250
64383
27807
44731
45500
93674
2313
619
80589
84110
61387
72545
98382
69903
84203
93564
76824
79838
35725
9041
43824
66098
75976
53574
68995
7792
67843
32118
24890
79343
98228
73139
43725
42386
34221
5576
52411
36533
22546
32999
36994
284
21895
35375
70186
22449
28939
63362
18639
81015
72402
62462
47112
64729
16035
32458
72520
230
80927
13761
79572
79155
3251
39648
21540
37471
61575
73951
90355
84120
23301
27348
84403
61548
62723
70941
83996
8013
34302
2634
89027
23055
65095
52491
4135
97482
1300
76654
97711
82227
6767
93634
77733
10017
49633
15624
47488
11207
5926
54194
11678
45579
81542
12432
7126
44264
99724
91121
52276
34025
10107
57654
73431
91553
10144
77565
89034
11444
70571
3096
10022
77337
13081
87754
87353
62713
19729
51192
90271
25655
21738
18300
71233
3279
30732
78358
63894
30455
85830
32521
80832
12288
90174
54262
3841
16670
48179
92874
44465
18749
12322
54486
96085
41754
58591
99789
20819
78319
67333
11089
20325
89070
29389
91557
8700
76472
86266
72593
6926
88448
5113
4109
735
11638
74723
4575
44659
22901
13801
89123
41649
42474
59960
54085
84227
18550
70225
5045
13221
37557
32486
33545
42978
61874
41454
68029
54697
27719
40621
77974
32518
62085
82083
33253
90075
56805
54179
34733
79705
84331
23856
37705
26804
167
91789
11031
18717
62013
32427
31937
15922
64912
65481
58899
43137
23286
43280
14185
51005
83900
92159
99874
62337
74241
33126
52411
47397
3657
3495
43453
87987
43702
81157
14791
43869
72945
42173
62585
34957
90951
10873
50878
55863
92705
26129
15351
15991
69408
29536
83347
69659
38046
83220
31995
12286
32698
757
76034
36354
4252
19486
24340
47953
642
55482
91821
73586
14006
70757
24894
4957
81629
92124
77171
74334
34604
8873
6676
20363
54760
90022
90021
92805
89593
38368
21442
22290
55476
97475
74995
76079
16960
15687
24032
17601
71168
32204
7538
1526
19313
32432
6482
941
24555
4
91626
75510
8876
14653
95872
63636
4674
85892
56440
94267
40611
77882
32908
12439
91708
7903
88517
8668
23589
12548
42620
11108
61104
50158
12633
80416
82589
35466
97708
23495
35469
5686
99004
44345
20338
11227
24332
41364
13470
97123
51982
54081
91356
84889
66519
83064
9143
55035
91731
49083
83935
34350
60191
61390
859
89175
58157
99799
24641
55864
23293
60109
61549
38648
20805
98239
49874
61488
39602
63344
58611
91583
33776
49966
92823
16646
49381
1966
88032
41111
51048
71966
91813
27590
49707
92671
16765
7863
92470
41405
63727
32114
17865
41627
87114
55022
39865
53339
16509
95818
33034
91471
87400
66809
57789
80223
99806
7169
98540
87838
48280
49587
76155
56444
77177
25862
65466
10293
50076
57935
51697
30154
6401
85913
71781
9866
40934
27997
63204
73795
40167
96238
65265
27566
79398
23053
24140
79204
30222
39031
83393
94853
4970
59547
67648
98498
85408
33113
8790
35484
7400
76838
81989
13800
62750
53769
23665
20036
98118
3220
93830
38284
15809
75446
82201
95207
14851
22693
90762
61424
61723
74154
56276
66692
33700
40275
81541
35460
73387
90330
87295
80786
67167
69283
10937
29917
39404
50953
66304
53873
70525
60133
92156
86333
51930
90708
81539
66780
29752
88652
28203
91475
62805
830
74518
12857
41104
56059
48316
30843
62740
51962
27980
29907
21244
38917
76175
76999
6221
42478
30871
76745
18962
39378
63078
87243
30086
60968
54023
76189
49620
98577
84015
12424
99407
74885
25280
56862
47295
89947
87704
10034
41908
15684
39940
79504
70952
32466
56502
77172
91295
87373
70269
10256
43102
33346
97499
73187
94313
67873
49376
60284
66449
49742
72708
82207
24626
14339
39069
71920
4286
43124
81954
62545
58807
38245
42048
29758
70711
14902
23282
62005
18626
93550
88613
61727
43247
2463
51266
53911
70335
16993
14195
53135
66734
86902
35342
91360
17592
90762
63279
38229
33885
45232
774
92692
83477
59173
38801
70539
74074
78434
32543
92699
88335
37507
70778
31581
39969
22043
85492
26655
39035
99686
79790
5768
2939
31483
97127
20530
22244
60406
75111
56128
21989
75884
65171
5465
51408
20324
92355
41834
15109
24898
50884
3444
78756
21661
35024
18725
43703
36867
61731
82737
52904
41520
88505
55842
73002
1983
92724
95245
78740
67834
67725
729
60069
32895
22545
11476
69570
14900
53309
84679
56149
20545
88122
34904
42205
39497
69980
85908
76364
31711
84996
29267
89582
89852
1461
78936
91835
94184
74180
70574
78369
58256
87654
38437
7503
10199
49912
77072
25098
19573
78102
81246
56469
66223
32501
98673
22072
2481
932
14787
50543
85928
60405
40124
75779
61865
19059
83965
72400
9591
70891
50768
67846
58544
89204
91700
85094
55468
68772
10191
91392
63225
7788
47860
29448
40289
46532
67871
59121
47464
82657
9663
49743
43061
49786
41873
4926
68845
25838
77325
94787
13080
28093
62632
87975
33648
70684
73069
89115
55807
83259
80506
19031
7399
28365
64830
47687
91249
32700
6807
55064
15356
16469
4806
58417
82606
46678
79694
67802
88867
73370
62588
18298
17814
25220
6273
51462
12255
79341
40576
68061
78951
37434
87091
86349
82150
51921
50387
89750
84620
57193
44813
99976
90013
49618
74744
72619
12648
54437
40420
17866
44158
19360
36164
61972
44579
42436
13433
73185
38128
70360
41245
17078
24145
28335
19779
6295
80255
70165
96044
81227
43710
57209
97554
33722
23178
72297
22692
52177
43085
79464
