10000
70043
87242
98823
22558
49213
59753
64993
62645
32937
19472
49357
74181
52901
73501
18867
72679
96147
99122
42844
8543
96700
86553
65751
94253
36626
88928
66549
59318
41105
25985
55133
27499
13226
70307
50056
78791
30059
31400
41435
79347
50871
7143
53527
3771
80644
72393
76450
76790
87866
35645
85332
84565
38549
51082
95169
75174
56362
61717
50843
13818
4053
22327
57668
17279
92633
7723
96069
22691
55474
53855
2037
6344
60998
71915
26466
57993
60660
19267
34782
64877
54911
36466
65794
9811
3899
60962
84985
76612
39031
52179
90429
43083
74506
48096
76713
67138
72170
72781
6181
27643
42988
24569
50338
20337
96484
76804
78329
57143
96070
29462
38371
67333
65927
4164
77143
86178
65126
78479
62789
20508
47010
69570
63590
21515
34017
40303
5004
6187
29435
11184
50181
72422
35753
519
9110
48588
93674
87438
22082
6095
33252
60452
89779
15530
64616
66922
1707
46093
61752
64496
82952
8761
50417
46541
46627
84433
3195
51631
6971
32630
62814
73504
21403
14918
74022
30513
63505
84047
34302
85586
90141
67553
62390
79920
83083
43357
63193
84789
5801
24944
65636
88752
50057
32404
35292
96683
33189
54839
48313
40159
3820
27479
13662
25222
42396
4035
72086
22253
88081
6388
24190
94574
90292
86579
74493
73374
46287
54037
74515
52087
95332
56502
40838
45388
88906
92482
42071
22094
47320
6735
78604
51139
50565
8618
92712
9313
12652
64798
31565
17085
87537
72106
11658
77828
58685
2502
67554
4971
56538
42068
73410
51869
14921
14247
13609
3826
6728
72031
42271
54047
78765
20875
21537
29330
29492
14249
38642
58495
95398
86558
75579
82934
58663
3588
77113
33699
22441
44666
55022
95330
3085
28431
47199
18006
59029
77159
38183
65757
49189
80454
36155
44305
1328
74044
73634
47171
88292
28627
5665
41
31536
97596
82974
6551
17535
76438
56601
39976
21104
27974
35305
24188
72756
98855
58545
31785
92365
96728
13893
41553
77181
66399
85858
94860
40442
75843
42030
45085
20822
64046
45125
52357
77993
44450
75259
95528
20888
31860
51855
58343
59833
3511
82530
48941
18718
41075
80725
11082
37802
10969
52635
31334
77367
54844
26193
34161
30686
84574
95597
51507
64971
57074
20216
42964
1523
95474
54843
38762
43685
23049
97104
19870
26559
95986
68810
61628
53412
65886
89062
7565
76854
41696
38898
70572
12891
81442
21084
43576
66015
16681
11435
30985
73754
48002
90300
91628
59827
45142
30390
3512
84542
27493
23381
27453
23478
8542
89080
93241
74427
78141
805
67632
36188
39702
54555
49078
21143
75639
9006
3509
92319
36792
34494
82424
84793
24793
74051
44619
86287
4440
64482
70828
48285
4214
98280
88114
12755
3712
81355
3533
98204
82159
87516
34392
38213
42071
99821
59355
17709
25178
62864
26379
78321
13709
8802
79465
54853
82852
40436
57491
87292
4917
28319
35576
9131
42950
23689
38237
63013
21395
58122
61217
3554
45637
11960
41766
87707
28132
17472
21767
53310
80335
48145
47982
10395
56946
27447
65248
39798
67882
22738
43441
72798
67408
95368
98280
26710
19056
52869
6074
40451
10990
67290
60356
72978
95601
18473
60685
23733
35944
82451
93394
32631
46948
41375
43025
3893
85173
24624
43690
53054
63714
3482
25852
31121
98849
40483
74182
34257
93351
80256
91059
20692
63897
51414
93670
59498
69886
70706
99582
5829
69508
9327
54811
16455
67053
97836
20348
52226
38811
80389
5279
2524
83871
47482
49997
82719
87965
24178
33327
97667
20785
24385
34711
1034
75798
28380
76883
62035
15437
76464
84216
84944
2142
39026
1399
69194
53213
21746
21419
92024
18486
26698
94547
2356
90531
44543
1427
94847
85073
51105
92514
22209
75490
43576
23242
67639
71955
16476
29674
87391
92939
13889
88686
11432
69266
90084
80626
22479
28181
18396
14502
46667
61445
9048
65374
51976
69943
83152
46822
71367
34257
55687
93575
9746
99262
33169
77384
87568
49644
23409
91310
58935
53649
79996
70366
22915
70079
67343
45393
98260
85739
76246
61278
47183
1645
26651
15510
71587
9803
62332
59305
44059
34370
69232
70156
33632
18752
47539
37551
68395
70948
28861
43681
24596
8856
30399
63862
95286
97741
9254
9897
99831
1851
71174
63366
3496
97825
78875
91434
7627
57558
50739
68037
91928
19970
38192
41911
38721
2082
79461
23467
89381
8321
67148
30329
33528
13898
94190
28814
27990
19796
55062
27821
21646
26236
91186
25141
24060
86412
16575
48038
60322
83665
32426
68601
3634
86969
10511
58706
89050
89971
98524
78431
14644
82023
25111
64523
95920
19300
9688
23910
55447
64750
51730
77093
90985
59267
18585
31396
62030
51511
95785
22351
35175
28210
90951
55160
15178
17813
13865
20579
24136
28741
15361
55131
10763
40471
19653
6683
76123
29341
30592
31569
94090
98673
25013
85074
74291
43598
32821
52672
95108
28605
91375
46635
56814
82325
1794
88343
16490
32011
8921
40625
60751
24282
95755
71513
81104
31759
78195
57226
61099
25138
5147
55188
40162
30159
56613
30804
90108
89433
83476
85216
34389
74850
31850
91202
73526
49995
95896
90015
82005
4817
46991
42755
45450
59097
14268
42905
90856
8814
131
68306
50304
21629
39846
90465
51787
96458
37621
41895
2243
21096
43462
36631
95945
91663
44185
85822
41657
40080
92189
23662
61248
39179
82768
6697
14628
13387
65954
5483
22201
82436
90140
88856
4064
29985
95672
72202
42795
33292
30448
45037
54387
73909
98019
66683
81923
58555
52505
39932
98635
61045
79945
76234
223
62712
99283
31202
92451
65236
36684
31003
47671
26824
19858
51734
73160
15529
23935
15954
48821
54383
77342
19559
44643
75361
2594
42918
50267
71450
82849
48901
32494
79145
25135
49068
41856
24417
80270
34306
6004
33305
65308
53674
76480
1517
5407
49640
17046
45693
65593
82218
16427
42935
18128
77422
34647
20721
20339
84913
92170
19539
50166
24663
98683
91652
73731
40538
32420
54000
91196
38423
3656
72855
92096
80136
90724
13854
29775
24121
59546
95367
6338
75973
54653
40817
53394
89299
61538
90084
90564
70059
9622
40729
11074
8304
32380
1156
65193
64799
71507
72740
19573
75162
45595
11668
55297
52670
41873
85071
76790
1418
96790
83127
93742
51442
40295
63487
57093
18184
53570
47656
88243
63191
88384
99316
87846
37115
16823
53039
18265
88329
42130
37837
63490
4076
65856
18787
56745
7728
20209
33534
9145
16998
16660
19239
84792
73307
82725
41884
91490
52647
89539
79732
32189
94274
95399
36387
31388
12221
89425
49652
16901
31554
3840
80391
35630
69695
15529
8726
93774
35737
42260
19270
69087
75271
38508
53878
48577
37585
95761
40067
6583
1651
36150
38771
95924
47901
75157
43663
76473
80933
9666
93374
28839
13505
73764
80820
99551
89292
89545
93324
41380
31804
12593
10466
7075
67453
64343
55651
21389
76455
12069
27971
94457
48219
66741
6732
12471
58250
50394
88943
55534
76411
82316
84372
6267
72431
65191
5817
78074
71088
15492
19454
2891
44437
29919
26317
11889
10614
98320
33277
3420
10388
77599
97877
74958
44339
4608
87428
18940
71354
92723
74474
47764
75038
58845
54031
47469
40388
76199
25542
27827
91691
44995
30717
52479
91266
73386
80719
18231
71705
30347
21650
98444
7945
35878
89754
68635
56838
93533
87575
28191
86255
78400
75954
61293
53596
46336
25113
93983
22535
50654
21809
30577
12001
68878
99407
19618
58615
80125
54200
30319
26823
92201
45114
34767
28079
51219
19753
1268
44752
7327
29458
47358
2078
21763
8650
55674
68099
50114
66008
6985
17120
4169
53913
45472
73046
53319
81441
48012
49795
35640
78330
76617
27840
39795
11383
72270
91014
31135
73537
35765
54814
19346
99474
56891
41109
8124
28916
25559
74589
94924
32543
91708
99092
86455
53531
88489
56125
34971
36500
5919
70610
31181
82535
14802
87327
10269
3423
78340
57755
76960
30456
28920
96305
29930
85811
53765
54405
31078
79323
28993
26001
28217
37053
41444
31023
90583
46284
87147
41906
99135
93065
12515
46667
91951
43668
33994
2219
47091
28685
76326
24050
59141
5245
36706
5422
7407
6823
59826
38485
86145
5170
80837
14362
58574
38633
61736
65509
84916
48883
7414
403
58299
36280
47069
50250
79948
81062
68820
27038
9747
45145
67439
85239
50390
20496
90660
74148
27318
66837
12632
29815
88358
93469
60528
63284
32101
22263
28792
33368
71145
52557
33770
29444
88836
97191
96045
68783
94604
81216
12172
20702
26361
79610
5940
93102
16458
12951
67249
43775
96139
96233
73589
849
6053
34116
64132
54505
56379
92923
87872
43875
45479
37994
89670
50666
35184
85714
19449
46139
66930
47972
66841
9642
27582
89132
19095
44039
2083
2695
4165
14573
98927
94106
15421
21331
28221
79552
75835
951
88826
80059
61178
50656
18052
50847
1322
69587
52913
37122
15725
36194
85093
82565
45835
29026
71697
81281
89416
90131
83975
9933
21055
99254
4038
36476
20584
48610
32379
96419
65913
21205
92829
27090
88212
10880
94288
5885
96818
47200
43006
12542
83393
44451
11459
45579
89828
99507
26859
95596
89637
27186
5528
10691
26439
25917
63518
63374
74526
95897
59792
56790
33453
52620
83879
38016
79851
94519
43901
76668
41718
3258
5562
41463
47708
17020
87041
53888
16526
30252
49483
22514
57437
71362
33204
83875
97278
13074
47248
88155
8970
23392
44945
58774
92363
45175
96789
72214
39693
40689
65233
81411
43947
70794
22873
8006
4165
26265
61893
20690
56516
27727
43203
13952
15440
92759
97826
12717
5832
61426
17224
14801
84817
62168
89926
93531
7342
86714
65744
47035
43755
47329
44797
87701
18122
84021
12058
22287
10285
73951
59328
83153
18029
2531
97104
33469
11641
11282
62537
17472
89059
79760
48624
73875
58279
38549
67405
65621
25262
49501
29007
69016
13181
90155
73068
47654
74175
85126
86292
811
75428
45620
83963
9808
64502
97419
43276
76142
25052
22165
93613
14110
18276
42236
4336
76555
97136
88092
58527
38749
37592
3885
24117
67124
94039
97184
14778
68213
98661
1069
85375
90440
46688
69338
248
27541
83108
59875
3682
8159
82039
13646
22268
16667
72233
26603
93221
69368
14694
68099
8117
68638
71983
32233
35761
82373
45768
50538
66937
60781
51607
52311
51220
14646
38000
51467
42187
21107
27694
45868
29265
9732
75866
51532
42750
48098
94486
52322
33818
9180
20420
58286
77817
8754
6870
29929
91126
52637
80467
74414
13417
48425
26725
80989
63070
64724
32455
5256
2183
60148
67476
31447
86232
59693
99331
45333
7790
93816
97655
57959
19347
18074
16244
13515
43180
23113
43444
50657
92102
40262
25071
21870
88686
51795
2858
68107
32870
51665
73363
35052
28164
57190
82851
30747
33234
98533
76080
41023
92348
73734
98982
28047
8159
31577
41561
51338
54690
1356
1995
46791
41617
27065
85012
30302
95211
87870
98409
44432
39534
88123
79484
84049
61664
78686
14796
94897
77218
90875
52271
85917
80960
67604
13963
89118
99181
71876
56808
70222
73231
58802
33364
14848
2218
18375
61501
13780
6244
76261
58211
62129
80735
54046
62530
42398
49083
77325
53646
26300
84551
22269
12217
65510
89872
42531
54627
5404
14406
11434
91977
3989
86587
25340
35188
5156
43715
96688
18935
66310
89301
93498
44791
70035
47543
7320
28785
12978
84644
82430
39277
69194
21050
67845
34703
27274
26728
5681
32677
57485
33467
24654
61473
20053
66345
96660
25209
10059
9700
60495
76369
99000
53992
37511
69034
17887
44830
97818
30864
29473
96600
86492
15018
17649
54337
49720
61274
97416
71752
10303
54900
5218
51308
16373
25271
17652
13032
66831
44063
22731
43677
20431
21730
97669
57941
7116
31907
19122
21285
79122
48594
17884
65613
63611
51885
36301
29682
13158
33716
17785
39812
88616
23003
91119
21340
64625
8771
50723
31455
52833
89806
91483
89615
11535
5503
63907
35002
37409
83028
56287
32882
47973
90522
98495
27935
42406
51147
73968
71916
84863
91752
11727
89830
14754
19198
27521
79378
44320
78243
27184
97152
68048
35019
3118
95935
40521
83376
30936
77930
66403
3574
10811
30727
94096
25657
58661
52853
76804
32628
24768
78018
40731
52847
84199
55485
88396
11719
51214
32715
6313
94750
29866
74361
29768
49335
86647
70288
32710
33934
64569
15464
37508
91732
62542
31603
17388
21202
807
10543
70181
25575
88560
10911
94773
89110
82747
83168
17180
33961
15882
23493
45062
62099
14205
74829
27785
17203
61468
60494
51136
26037
92309
88643
17768
54850
36597
51507
92403
53756
62050
62583
79330
66961
89845
90454
56071
72592
89973
89602
22904
22206
13094
67965
656
43650
59145
28440
60852
20612
5285
11988
63000
97593
16982
97119
68794
69931
64978
61196
23686
27027
40130
19367
93987
29974
26172
66409
18917
16144
56011
41820
54701
85456
26136
55356
29106
85280
147
89957
22244
5431
18296
1595
19375
51630
15066
88168
21560
80043
65715
61597
7069
5844
80963
17407
52169
7134
168
71086
39629
56178
29257
10681
57985
55393
66036
87090
57024
66182
93399
79267
87964
28046
80862
7338
79675
95927
11857
1234
92321
77571
62830
99389
99766
60144
33147
68286
83629
33314
55723
39609
5843
84980
50289
63828
56724
16324
67269
13747
98857
60667
93014
86820
88713
90227
10509
68387
2505
22365
85973
94825
16287
65154
10565
32404
41650
43711
17042
25278
93377
72764
81239
99219
74095
31527
63046
30818
64203
30315
44565
63059
7333
53930
66231
12397
60508
93091
97136
79364
31808
99460
90540
48094
64613
1104
96850
22614
61166
30243
64244
54542
3006
45482
53761
93453
77008
33158
40622
41210
79824
85186
20621
87157
55467
3203
15905
15974
96293
13040
11689
28100
12499
2228
92546
93464
3331
5747
16077
64497
35989
80320
35390
55346
25801
89150
48798
19161
38660
89420
76722
18483
90957
97342
21991
62776
16896
37896
95101
13189
50935
6790
57640
79786
9017
50185
89601
28700
55931
5677
9548
8271
2349
44937
63617
44501
50439
28766
80013
5450
34537
56735
23932
41846
54076
45923
4621
70972
170
16073
512
67456
22862
58151
47241
48231
24688
36841
76930
80618
58870
2829
5241
77570
47765
85209
38422
14555
13974
18435
20004
64863
75169
60288
23060
45596
6210
44032
32919
22731
60104
33430
90186
99318
7933
53779
47548
32620
90619
40829
29589
65840
43657
34829
59761
7773
20037
98183
38680
50363
16617
58683
31577
8137
18970
54636
53732
41531
98667
3003
64261
75122
36432
70799
74439
60716
24577
21986
93335
31547
62814
39276
13739
22822
74104
73499
30595
10493
88033
69274
77207
21001
44308
8783
29137
79630
79770
99221
37512
94788
2223
18125
69909
55006
88923
44348
15722
13499
66333
25408
45045
45499
64683
75135
84672
55139
48634
15266
81983
36666
891
59189
74019
61551
84323
3155
41180
80444
18727
95043
75231
37301
13167
45139
92307
18441
89486
24380
31939
72171
66139
93336
34021
30822
68470
18692
2312
33455
50310
84294
86473
51200
59834
60491
29102
44156
79997
86633
24599
98724
81676
16181
36024
11194
61319
44682
29635
67157
85413
77925
39327
51552
71260
73347
98725
56082
8390
1036
5888
58699
1681
92360
26251
61514
69202
55352
22021
49199
41985
62971
64274
40012
79151
16649
51205
56821
77683
80839
23977
63095
75116
79655
14646
46375
69353
13370
18808
77743
30757
41048
36441
32437
33407
62691
10302
18961
34395
32322
68159
92731
95292
48784
32742
90794
81784
298
47615
59466
81137
87943
22561
56252
67598
37206
18978
36950
66928
54138
31044
97684
95185
67485
46473
44943
46527
56774
63903
80921
5448
48413
90003
17091
13548
22744
7885
95332
23042
71851
54797
20530
59793
77357
93133
43742
30915
28462
97044
14194
98951
28087
28229
10487
95571
91053
55430
58450
47827
35684
55722
53274
84097
45725
86716
13996
84820
94600
9327
7861
82802
64124
44742
42595
57832
54226
2688
5098
82688
99731
35643
97990
27818
63872
8477
39740
54924
80258
98189
19102
15941
70263
88727
16389
15987
75443
30385
806
86394
39711
25019
69196
20186
86112
28142
94370
40338
30829
99467
39377
46912
35110
37366
74729
15333
45842
30820
86608
26099
29009
22062
58392
15623
10788
74780
31609
2582
21516
48766
88976
77579
90136
74523
97764
76248
2664
92133
32937
49844
7952
72313
96755
59413
26030
87835
91097
71872
18655
77704
14322
64015
99765
72713
79637
26905
63845
27597
45838
1712
76362
34813
79290
82850
9335
93406
75449
28350
1890
8385
78194
9841
97049
91300
85605
23078
79135
76701
11301
97789
54405
41975
78155
70521
31039
57791
13777
94883
85387
59615
12947
78100
10779
92236
77301
20114
1993
52749
64815
3883
77485
43008
30075
90885
50660
15680
13963
29794
92380
41615
43934
63136
83589
22088
33657
14628
79878
63785
25862
81616
23399
38808
76067
50530
47396
53368
86995
49388
22468
51809
53270
16305
11169
99697
7189
61828
15376
21151
7973
7755
79118
51906
70891
62706
73993
20899
77333
70222
1035
19547
68189
40786
58354
60607
91315
22101
30326
78309
71489
52794
30117
41110
69098
41285
40806
76286
19464
72533
13789
27436
80288
92906
79341
67530
71963
69685
4780
65648
56258
5814
85194
24446
46599
43547
1405
54265
65648
31730
32573
53488
84523
62690
10949
69972
20326
68107
62610
56142
40639
92750
83577
20926
2007
79270
4807
73969
48954
25938
39616
5212
31752
41161
46009
94702
84708
47413
48967
66707
95495
81539
36546
80017
60580
47494
66341
97258
15600
45302
53399
72591
54403
36975
9868
56409
16244
14675
46729
81550
40612
2697
3113
88715
43857
65473
99769
44916
12886
48735
27974
8380
46625
64519
4748
23557
28365
87440
20814
60316
49093
90564
32906
3495
43890
42774
59903
76486
73800
6632
58035
30763
25680
77499
19478
69536
42971
19246
14452
55856
84332
42425
80587
30956
23296
1687
70864
68012
5478
8029
28327
54571
98592
77585
58065
42482
36710
17968
35319
10509
40951
93353
41271
66630
70851
77100
36165
13821
96345
66968
86029
80676
25745
82967
27984
49040
1005
98847
17051
6483
23228
61729
77405
21819
39313
35469
80652
76022
69788
15970
2882
27090
25674
60505
93719
96524
37604
46236
26697
50301
29555
29077
30976
55299
28395
75311
20690
29400
90510
37740
52234
13737
15821
29638
51907
71485
81458
32559
63859
51246
48528
66740
78335
74202
27244
88406
87077
81200
34641
30125
31500
64195
75553
78827
35846
3948
54138
56535
49699
60999
10627
1932
74735
26447
47921
42993
97931
29378
75551
61789
96975
40431
44881
75310
30984
88476
63715
34412
69675
14707
64537
1174
95253
40089
96353
47450
60388
50490
3985
10086
27840
30963
28369
18926
57409
76289
61918
71691
22019
37469
49832
18993
94251
94712
10654
25234
99539
90720
59645
69214
21778
40533
86739
17031
96974
83091
64480
57361
49932
84816
67447
77771
15778
12167
96696
89538
88456
74966
77581
26826
28786
27412
62170
23036
38475
72824
48269
38013
79895
24265
23578
1673
64798
26669
35055
78123
26111
15886
35483
76043
702
19281
70165
32831
31448
83213
22369
36255
58178
16301
63080
86963
43712
25249
9998
98538
14424
74618
36550
94319
15234
76480
95991
96383
3148
47397
74505
29258
63282
9988
21652
63983
45620
91817
13166
77067
75029
35534
13321
49558
68186
92752
36520
11897
34353
62869
10434
65128
53838
63335
59446
69071
56166
71788
81806
59313
19184
56310
4923
98818
82649
42926
62800
28269
34742
75965
21687
26122
27850
35008
92031
96035
44111
28550
24283
78463
7770
51068
43591
77959
14403
19388
63382
70568
7528
45187
46233
43063
17848
67507
41880
497
10432
21032
45117
61526
13348
66803
3999
41198
18162
96030
53584
62273
40931
94219
57087
48701
45286
17029
43011
59688
52769
6392
46608
76648
51578
9192
36062
69426
76698
77942
86274
3481
15325
47742
65006
28672
14544
69005
86221
49058
65034
56157
27682
22316
50375
1120
87368
95660
34501
30379
71700
87269
36770
34659
63916
4700
43850
16329
74125
36899
10622
76750
40379
25946
24491
21737
70970
55386
90741
57190
20795
72126
29698
48476
10793
80072
49596
98161
92084
84096
28539
63783
87716
65308
14793
67983
70007
58642
84311
60483
95540
94933
53584
52270
37230
78074
74006
8199
49812
81098
81741
70606
69575
11438
19082
80368
7862
85029
78528
99945
85476
7066
80079
89543
88725
11223
57525
75084
69864
58187
51918
81755
69471
5502
34024
6701
83575
24382
31251
49738
5479
12991
20344
91406
40781
55777
71773
64994
40805
66652
81290
42632
90069
61368
48526
78793
88942
6050
70228
58805
80588
22146
56911
50059
27647
7286
73111
27573
31667
20713
77311
53498
33704
97654
44903
90836
53430
33027
55829
10586
99678
37118
69569
89746
14837
18094
84890
3778
40495
55118
78934
21082
77263
35844
87492
4909
59481
76954
48833
91148
97667
26143
60997
47722
23796
22251
54909
93577
55277
10737
20514
71306
64206
90082
61051
79042
8175
62292
99171
65021
17409
78104
86103
11023
30299
89946
15931
89779
83252
81116
97278
80918
7258
58274
44991
31054
80524
99899
40982
52152
26987
61496
39809
91192
51577
859
70233
76104
79503
85755
41124
96911
63858
43578
7934
10508
49876
40216
286
33127
21331
97564
30396
44941
72189
75386
92346
69065
91636
33327
37568
18622
94822
77377
9813
62751
78235
96397
55206
74089
82151
96329
87352
62360
39907
95285
72867
89782
51852
73152
39260
89535
87067
69655
34475
75608
61392
43172
44672
53027
76498
82239
88000
87672
59615
14164
66774
54202
10560
21979
28290
9062
34659
15641
87773
74565
27277
60639
80698
95481
50142
36309
1367
53561
5963
52193
29168
67354
95364
73839
36732
88213
72429
41083
75884
32044
55246
42657
2597
82157
80987
30886
7570
15646
62879
95342
6562
6507
55980
3612
1987
22474
39920
3353
76034
45883
71897
5201
29588
67260
95391
82672
55473
67819
23754
47708
99862
79000
6717
18810
61156
87703
49696
85078
3348
28926
80419
26262
35432
36399
29873
53771
75224
69792
73475
51257
32026
45372
72809
61614
28983
68199
60637
84455
36017
84390
48515
52231
63389
55231
71040
40897
59285
37087
42326
78985
82364
22744
5246
17796
75494
35118
87918
50717
21261
61392
1973
53287
6763
91133
31252
52098
59331
91888
36552
11700
92629
1418
63930
72370
56648
51321
13266
32285
4760
71943
11269
87123
94686
16514
21270
70180
67983
9187
20896
5595
70579
39221
58881
93693
30353
6484
45790
6036
14723
98694
17735
7352
111
81664
79721
73111
49336
9338
5395
54095
81280
33015
57570
75965
49528
78839
62496
33862
88026
83392
39456
58604
38964
14689
68648
85668
37524
14438
91703
52247
13131
9437
59598
29593
7452
55670
2703
73140
65007
24449
43586
46286
57463
1155
38602
23342
79994
1098
73555
68019
841
29363
42974
39804
60403
11621
41823
97926
42410
33526
66524
55540
59314
42473
1485
83118
98142
4187
56257
79500
44988
99842
25785
2450
997
80739
42144
80990
81836
15698
65360
82676
45060
24685
38831
5462
52657
97005
19740
95067
30530
86263
66958
6196
28736
84794
89313
43229
88981
45569
22729
50320
45410
64865
52769
62758
45603
94912
60099
43790
10610
41810
42817
72021
66494
97999
77483
35503
95004
13574
46921
25533
99836
30230
31728
44923
15024
37392
88152
4004
82960
27232
54323
44722
92096
23443
7479
54051
34707
67578
97840
61668
9387
40657
33688
92233
38655
27522
27735
50010
41095
74655
91895
57283
4884
39974
2205
19907
77366
6708
40262
60325
33939
10936
21398
26035
50731
28877
80085
85437
12806
77924
63456
22192
34932
13495
30776
89939
41017
74862
39948
98463
49516
31842
55745
70752
88168
74302
7010
65533
81009
63624
42209
14948
90911
63607
40982
41641
92483
37418
43429
21640
31693
23236
60183
66625
36731
90959
72915
94099
65820
29214
92561
31688
77408
64658
18791
65575
38959
42152
31107
36319
5775
89667
51266
13038
53273
8599
71030
62107
46016
30811
83746
94061
54046
43929
77037
90776
34887
49951
84874
17058
95516
93787
48745
72923
74796
83887
54849
30106
26039
2307
66424
31813
91974
17690
61202
45246
42640
32232
23705
88656
63042
7450
99068
17087
51378
76104
24215
2616
26054
25440
36026
37921
35578
84770
27196
10373
68657
82044
40478
11047
703
6902
42859
92676
40943
20413
54273
83582
52644
77977
88589
32037
85427
87656
49123
53156
63759
89689
72124
6164
31481
8149
60437
67058
9270
87632
93783
94278
69675
50612
5324
86729
57513
64535
79404
14807
84947
50029
14741
53942
44357
19681
85978
46135
23689
51452
99291
3799
41141
87766
9963
72621
12266
70399
56030
21535
74382
49812
15813
60408
424
37488
47137
74288
2022
42892
5447
3320
92920
20187
57261
53629
39867
43238
99763
79907
94690
15405
83706
35830
3170
10020
24802
15435
80418
97183
53322
71151
46995
85486
31558
63770
22973
78694
54409
41347
21586
59855
44666
30857
96393
1927
84485
52612
45164
84248
32518
56205
16004
16223
8386
19174
26242
33187
50960
23011
46722
4281
94161
10068
6118
25719
73837
29091
20764
44597
70437
42349
4452
15102
89558
17196
33380
90394
69807
78544
90993
2325
51100
6997
18547
59486
26170
61141
9024
93481
84151
55745
14114
78312
65812
20231
20382
56000
65673
41145
597
36109
99846
21400
67563
5755
38595
942
96148
8402
95837
87141
27078
46937
94137
45624
6422
36658
6764
31797
46490
7267
87542
60603
1930
69705
97186
22311
25705
62858
79807
42653
15319
96004
64052
82881
1758
18998
174
97906
27399
12363
1398
54476
59299
95534
16452
82072
48543
39567
13868
95032
46833
17761
71987
65114
87466
69172
87424
29522
48381
83583
72174
63699
79586
52577
62931
81344
71574
63105
95601
15325
75467
96998
69800
51117
8883
2603
49540
57425
42170
63407
68808
5354
97520
40794
70468
84985
9965
74243
14506
74698
74177
3031
38396
53763
55607
1327
35106
27180
80783
47058
42504
72601
44055
28656
23717
52937
31258
89608
10361
89779
53014
79168
11485
66885
36314
98304
51869
46278
88898
82726
20975
63075
85756
75723
16837
41362
93401
68294
68542
74183
15351
27397
63135
75757
56052
3203
28693
3662
92810
55405
9792
45823
34572
21276
12708
87237
35931
80928
49867
24829
63654
87193
87903
65761
62915
21091
7123
56315
5736
92016
46849
37438
35764
9983
13194
91816
13185
41886
11829
5994
13642
21620
68169
48213
42896
97228
51802
78826
94507
1668
20006
58160
88860
24260
23921
51775
61702
47395
24441
67437
39410
87642
4874
75173
97624
34419
83340
27161
92656
95168
49506
6297
33140
17674
70862
92387
31253
22663
71212
25760
24330
7570
271
13189
31829
24191
81315
93531
87937
5756
77319
43698
93397
98545
35223
7372
32963
18562
50884
25619
30082
390
48267
79573
18063
19128
71959
65668
41790
43170
91427
82471
67091
91697
95660
98920
32240
93326
8802
20176
15433
86120
63874
25181
84664
15448
32553
33979
50361
83436
59597
80442
83825
24215
60014
18240
43343
48324
83907
1484
7846
91685
83955
74936
83381
95966
90207
15620
89291
99008
52148
4724
85128
16021
29904
86143
47820
78808
20121
98180
62244
96069
78622
62420
20284
54987
97011
63626
19663
80917
65109
27508
72601
65415
2443
72334
61380
92650
4305
50671
91657
56452
71746
93136
88824
1649
79279
36643
80457
99399
34823
59052
95468
29796
37823
32103
1134
34834
95728
20796
32102
77188
48303
21055
42603
50746
93388
3982
43395
97692
71004
51403
54144
42749
44539
59319
44398
40169
95962
41206
39567
30784
257
51386
76931
38079
83488
78064
89264
95567
98860
21366
72755
47162
42420
31709
14259
52159
35690
74005
49850
6694
25408
20345
65794
86298
79664
10191
42818
91977
67748
82384
39112
84356
50122
16042
38787
49961
94105
28050
45528
92964
49415
34634
56478
8186
66342
70736
60344
18383
61093
26546
41428
2852
63242
7222
5501
59257
33764
48318
51233
1512
47053
90344
2219
97174
6385
41005
63487
16842
69055
9014
9805
34821
59999
82634
43007
42692
69722
19702
61074
30814
46247
18854
33665
25841
26075
55517
85097
76190
3834
52682
94053
50886
59377
96272
64412
65762
37276
27898
82603
22682
53263
8759
57503
13261
7745
509
55952
77466
36562
33377
8279
99161
52230
58295
25001
94656
30163
26449
70846
33996
79130
81250
1233
38507
77521
65644
20620
31149
93541
19574
53830
63155
44684
11332
92767
52428
28192
48718
29893
64754
98447
54523
63914
50676
29169
88914
61684
59331
31714
48881
9678
10844
30130
10911
65702
24003
76554
86321
55151
86447
5894
8980
49601
66929
36664
42368
19357
64855
7437
49249
45960
22235
20124
26225
89263
49292
31490
50946
24975
63204
99826
34652
74047
29955
45562
39748
70309
38468
42420
25459
24914
64665
50791
90866
31593
3806
49585
50949
68660
73374
16550
30972
95608
36673
57196
84870
2316
88686
35815
43642
68241
51992
78294
42287
98299
40207
98386
68607
78674
40805
94066
19939
21821
61208
27157
53413
65013
76741
4362
50024
50114
20911
80995
62074
73935
54543
46943
76250
59580
82758
36244
27820
51101
30889
86458
49399
71095
1195
18006
66121
58351
12071
2411
80171
89630
29567
33583
54642
22660
54296
4665
72773
75206
2012
34846
65492
56554
98141
58094
32485
97250
94337
60304
48350
25225
63113
97749
12671
64307
15754
78791
39009
44176
81202
19179
33805
27120
69113
88446
49779
23409
9462
38904
14966
11473
90101
80458
68026
88241
38551
510
85490
49239
77165
50192
74463
56629
47940
87133
37287
80045
82276
76295
24220
79829
95473
74376
6948
80938
79173
73079
4346
88634
11982
19311
107
18434
16120
84484
6675
54670
1346
8516
3908
78510
75059
94722
51491
39350
81855
88777
19394
80482
65072
59965
60310
76896
34340
67257
57833
13512
40335
62178
18498
68668
97841
18604
87102
13960
3087
10128
84982
20784
34995
5241
15646
26406
99963
67136
65755
98169
55912
85149
78650
37335
45113
38959
14231
95805
22567
88415
25668
79254
66945
44165
64273
64785
79120
51374
78744
98559
77853
80077
19342
29200
85318
34987
55605
1632
2122
21359
99800
74386
22859
94801
28072
84324
50111
42302
80128
72677
47069
5795
68282
14013
66312
32555
78797
45431
280
73892
43989
94485
53969
63331
23684
55638
98317
95640
57269
16791
33350
73420
7528
56209
68220
35599
40532
34682
94253
37011
23710
41321
42805
91992
55333
9116
24546
34129
70899
24825
24372
14887
19309
78340
78217
59344
33977
92886
71335
7597
26028
4685
81016
49907
60893
65587
85505
17776
268
96109
54786
23978
37429
13942
32321
92761
39410
56866
43241
10308
98042
67613
25194
33703
62304
19763
9398
12633
29000
80733
20229
55027
85417
17597
4933
62661
99535
6789
80436
99803
2898
51573
40132
40326
65514
72452
49439
4923
45669
9031
15230
60062
92995
56776
93764
71651
76538
19514
84283
5537
246
20863
76915
85662
38459
98199
64674
37994
4987
45109
54148
7884
13033
10631
64562
78546
99434
30352
99821
45102
39382
15050
21515
48729
88177
15279
20379
81066
51144
4661
2954
51389
41875
79868
53402
96686
78066
18075
51031
83053
79535
5178
7288
92567
15808
88201
87464
31593
18552
87284
76694
74286
18686
98208
23014
6862
29838
43392
87928
80981
64404
90881
48721
6278
87101
2122
2963
65166
36548
53993
64570
32434
75522
71858
41352
7681
60058
28816
39273
94962
16099
32318
69247
34784
46878
92260
57998
76715
52003
62277
74048
16406
69509
39120
39035
56609
57594
41998
38127
10493
12342
2696
42927
87864
90905
84278
11896
67315
13093
51169
62276
45544
83486
47874
80327
30363
40133
54676
23430
8487
16952
13829
24892
2813
69300
63926
59421
26893
22275
13899
37386
34617
16595
80312
38832
23851
80941
50727
7517
94034
18247
69792
39577
1733
34017
36255
48447
74149
7283
88228
82635
40586
18408
23878
43398
87708
4156
19171
30952
26430
33069
68337
77398
49663
65000
16229
89866
62293
83308
97382
72678
1554
83526
28606
19638
17542
64860
84437
8043
88494
72664
7029
29080
7424
30907
72477
95131
35062
91647
42434
77843
41068
10771
55241
90730
92122
87821
96947
54414
71128
94329
27091
89034
77854
55696
25023
11747
36908
9459
19789
41753
98475
26818
70832
5898
57724
59661
17380
9137
67659
59813
86979
8726
86935
58571
15808
95409
46392
12754
66174
33871
23434
9617
39256
17639
81664
64279
29386
34923
73737
49174
76676
72211
75991
63859
94460
50066
23519
11839
75554
7530
88004
78885
32607
91290
37455
48414
86698
198
77520
52872
34069
953
78840
89676
34944
60503
53954
64329
95426
27691
13502
88453
16253
5845
52311
10713
72262
92182
38903
47816
99711
43258
43052
32317
34548
80506
97083
37597
80704
90954
90468
31124
8258
85659
20799
43201
46162
74753
7529
57939
18795
37383
46391
51399
43227
98701
78463
31840
90882
17366
96007
6944
76975
39058
55613
11522
19564
69047
49119
16619
60000
55938
64094
68257
41597
1244
11458
4110
92348
18986
62048
11142
72720
8438
62541
15946
23490
41003
64138
14372
74720
60144
37667
51695
99202
93279
79568
35117
62325
45038
68087
22324
17328
32180
90581
75276
33423
18390
79385
42123
53727
57784
53264
26447
82573
32156
58744
6062
89511
22881
20433
80582
83025
74452
48628
98578
67730
28196
50046
46407
89585
18132
68730
6912
66663
75662
82187
16437
94051
77923
58559
47778
52058
28175
74224
34630
60330
32967
40692
66192
72200
77476
46774
71576
51927
95401
70153
19657
39948
36550
66063
45885
54681
51144
52796
21343
43158
51335
54131
53560
45609
12690
17689
97667
40864
8264
32296
17545
57583
72987
83737
29782
50463
46862
1357
18741
58614
87861
38397
14914
24410
20811
60798
95442
88307
13593
33136
31464
81279
87266
85023
26888
99955
2712
40906
57170
27327
73201
74715
84909
62540
74803
14690
29354
38016
32398
48094
96629
20258
2843
11542
61019
40005
72339
56460
28311
2284
5947
76126
83562
93213
77501
26801
9519
96564
84058
83041
23890
73611
57755
8799
36150
48909
39840
81855
86924
72238
46300
99904
8847
65494
11446
86218
5499
83784
59029
50161
2419
64976
26287
2333
74540
3787
29133
84058
16702
29543
67098
40591
3153
41204
65741
55654
6464
5581
37508
9739
77818
159
9643
3016
65653
21088
89233
71151
21223
48262
37663
23642
13237
63949
25974
87776
84087
71458
88185
788
1000
71635
57731
20504
29190
23471
76157
35654
29051
30016
45392
23220
30175
55034
26236
95827
92473
15468
83329
13696
80081
20991
53689
9669
1292
96014
13796
85378
83823
1981
2518
1175
89967
60248
21678
19156
70
97835
54809
29121
44202
16553
52340
74376
71586
94927
86554
80411
26747
69882
10458
6827
7225
64146
16496
8516
76511
30291
10245
76685
48623
29114
77859
38589
5713
99537
57745
5783
13723
28905
34903
57924
45457
3594
48652
33395
98521
35205
30157
41619
21439
40614
48445
45015
21111
81292
53530
97621
11583
80126
74305
76557
9240
68516
15146
31304
68052
89242
37086
98126
34498
88340
72401
96307
91934
21052
29701
6806
72609
76209
48424
10399
16822
13220
55413
37932
94512
25294
35552
22446
21771
26208
99002
47362
94723
30499
78666
79126
19740
15751
93603
54238
4091
66004
50544
12376
3407
96596
35533
92367
72804
83956
2765
5977
97175
58177
43908
8038
99822
95811
30483
21593
38370
29485
68954
33093
76335
47619
28570
96075
63370
22173
66664
83812
4528
33559
12539
24286
46506
48071
16653
35661
32026
35769
41637
45552
10298
85544
53590
10119
97706
424
31711
36075
46260
665
85519
22595
64635
30441
35021
44356
52613
1684
28167
73492
51594
40705
97777
98099
88775
30781
33759
37152
66550
91747
99056
76847
93642
52645
3317
91347
69420
35028
43773
15680
52044
29292
38274
16678
59732
73294
61034
28696
91329
5552
18539
42922
62609
32667
57372
67735
63448
7482
21239
46349
99228
20294
39547
92869
89290
42863
567
58709
94242
60691
74388
46285
6334
12661
79315
82417
2306
56700
11112
93634
62251
46002
36555
41211
78669
10278
8946
58468
17759
46536
4816
33338
66829
60714
42558
56118
3576
43124
14826
97818
20167
5566
60454
26500
18226
39768
8917
36884
12819
36380
30517
91422
82382
83424
32632
77402
93701
57929
35869
11460
4464
57036
61149
71292
17749
3707
43761
37676
46830
74939
35493
83348
80504
12299
9848
15081
68418
18764
51964
81237
55143
82481
72658
53876
82256
21641
31277
75956
79570
67145
3767
385
24180
64916
71677
58280
68622
31789
95956
31803
6727
47800
15151
87230
60098
24998
2311
44868
60113
70626
26104
31607
53106
15113
1835
35361
36753
33111
27669
32674
16608
31435
33059
57139
12702
21087
15419
81323
52875
27726
29478
59602
75525
44628
63183
51975
85977
81845
96842
62441
52471
39297
10399
5576
70761
12233
57289
23865
61696
84957
56539
78303
32743
89597
51793
45445
27035
83563
43119
79909
11288
72596
55862
86813
33575
35397
55139
35903
17241
68332
98343
69711
23980
8742
91639
94740
37326
48927
18604
99021
50235
91494
77323
99329
97442
45468
44773
24476
29030
87892
20737
40318
76839
76598
43482
10414
28346
98620
62668
45587
83303
61011
15297
7282
86104
6935
18373
23429
72213
36976
38802
38799
44822
32476
38128
42263
77943
99252
66739
6973
3495
87475
47290
80334
80424
90771
7099
8770
5742
69766
54356
89044
47128
86004
12677
49583
9291
31049
89364
97855
84376
28165
36654
29197
60640
91133
71460
38583
90384
38198
45555
10231
42024
9196
90564
38799
16318
14014
47568
38411
83779
18275
27454
47259
4279
56482
96841
29921
87530
86204
27775
71905
14368
80780
1102
75008
88264
88913
29942
95000
43462
91848
5230
85485
1043
95793
24283
17360
26158
88203
55770
9936
6477
99575
73546
27107
56056
70387
73379
59937
56590
1154
31841
87310
98285
49294
62317
86549
38206
8610
81548
81667
457
86777
83503
1499
98921
24138
35210
25078
12340
7331
51365
35168
23257
24911
62275
95664
11649
35653
55600
68238
53158
87440
71899
67795
53086
50567
70695
7643
59176
52242
89310
59632
55370
89164
77482
70642
13301
12691
12071
41992
36373
63435
77160
59629
4697
55786
55292
16345
7790
10891
935
60948
14683
72833
45094
84120
23400
15788
91762
98927
68029
97423
58559
39750
86587
36040
26743
16239
65083
38813
58231
17807
18599
51742
77436
23296
7527
49079
55992
15316
76322
73278
92615
7356
46111
37708
91475
85862
53495
83236
84788
37875
80659
59698
93976
83597
12090
20718
16187
93524
59530
74417
11330
78129
42510
5117
17776
66388
70548
90119
98056
46869
63397
90670
54224
25859
44730
62050
11720
98224
45285
12859
52451
42295
72557
46426
25891
84646
83496
42078
78169
43025
32846
5850
37505
91708
10967
71632
58095
81514
61751
56150
44734
25147
63172
15309
51005
7901
77358
79076
22476
38994
91934
91278
81289
80842
37704
23531
81839
37551
81960
76359
96927
31158
82209
34432
22865
9527
6063
97311
7392
84165
53461
52125
25663
32984
83785
76667
40884
61142
72094
79711
135
80380
70989
97775
61221
25044
37658
59412
62594
19617
35770
59520
67126
34330
93951
6342
60208
16366
3653
67599
16882
73465
36075
42545
6448
19859
35563
47331
97352
7657
27041
13839
4388
98029
11613
81960
23072
49270
41371
2017
85239
93493
61537
52364
27822
71839
58706
88030
4556
78710
71980
21438
52174
24407
63982
58621
44265
15896
22303
57969
23552
49343
71807
44291
63724
99771
26251
3147
65393
83973
5164
50631
77465
83052
19346
21639
54890
94403
26020
59446
73112
97999
80883
41637
38757
61216
257
99374
77111
22559
57342
17015
88254
29148
61305
68329
28918
3907
87827
94310
87880
92990
61292
81696
76041
96990
3334
47283
91392
45705
6728
80856
60056
3962
22492
98812
65177
39101
98185
58639
78011
55526
75653
66264
1025
53310
50944
46295
57216
38771
56956
61447
31760
18248
43143
24153
31589
62828
87787
22980
8533
94514
20187
68588
98475
59031
67399
80003
98131
65584
38641
76141
37461
30646
58757
38486
83955
9700
84780
41170
48470
41735
2617
96582
76334
62111
37086
7922
24938
24872
47254
33470
35737
67440
18409
50563
42822
85808
30565
40952
67743
85557
33445
21555
16202
92201
76392
156
1900
61171
57678
66722
19258
60294
79655
11943
22404
16740
36217
63693
57963
99822
13515
93699
67261
31923
44261
26435
34082
91177
67386
18176
76733
830
39731
92935
9382
16122
9442
27634
93645
67119
94355
29254
27412
90361
57548
66167
23452
93764
46212
81414
93585
59726
91464
77198
91648
35724
3632
25730
43252
87369
60257
19984
4551
99987
29270
13932
32461
38712
41565
42457
5830
52271
88062
49594
42631
45609
15760
66082
55725
61971
47495
65661
38048
38958
59210
29696
91033
79193
71777
50636
66562
32033
70620
71112
48372
16241
1395
80832
54952
42960
39640
77134
95230
27701
26727
37861
73309
42486
3942
45385
20809
67789
11046
58856
23098
70255
4903
30483
49448
76679
81118
32361
25064
68089
19824
73435
84330
21218
70618
55633
80529
10257
32766
92111
37957
59492
29971
27617
18330
50264
73002
55490
34404
399
30697
57502
70653
35600
87984
36452
28630
85453
85164
53693
53542
4987
43479
54223
42557
14096
26207
39437
24352
58973
31547
62308
18464
61517
6277
53145
28133
79278
8634
62536
79676
55683
36389
66680
7634
24372
19484
36263
26177
4647
6308
96070
25986
49786
50292
84894
63882
92850
24330
88233
51822
55877
66893
86638
33745
73169
39782
61877
68798
64768
40765
48473
36802
77153
31504
44435
17877
67339
80697
44053
88338
87004
40122
14323
53142
6765
15568
17023
99614
56249
21607
67788
12125
88499
54425
62222
78019
10558
24098
46816
91677
81214
11640
28478
58367
43144
72912
76243
10482
69961
36647
98819
73316
93120
29493
26457
16236
61412
59831
32201
17661
81438
99988
29785
86288
70764
8358
64307
97674
48808
11122
5702
30021
22762
50532
88387
82257
39795
80981
9090
9755
33979
24261
99423
27098
53753
42231
59685
31517
2062
91886
49177
99851
8225
95313
86138
95341
3671
66796
9366
52478
77918
15067
82498
17031
65598
87237
99287
21745
84569
8376
47851
18548
32636
47273
61997
2741
5856
21682
34257
7917
29919
99785
24119
38143
95097
26608
49835
15119
93404
59200
83948
71321
74267
82798
88351
56216
70034
87637
77960
70954
12364
25811
5853
45000
89435
67850
47740
95290
5883
98348
19558
52153
98132
43676
90295
93228
70284
56482
24699
63687
15681
8646
51359
6299
91443
56061
62515
77828
43697
56826
48782
56060
98988
54634
17411
88423
38835
81502
64
61069
79849
19622
13221
77980
79649
19868
87560
49932
76349
12258
29970
92029
20903
97680
14680
12346
53740
93546
90173
97436
50371
55306
69848
65711
9940
3610
54133
65126
85112
70548
26195
64960
90169
39415
42940
69818
75634
30499
36101
51982
59108
82423
60363
80010
80102
75042
8707
33842
68587
15232
47629
35309
70537
33828
1019
96828
37438
71503
61954
38901
42051
4500
3860
32219
60266
63151
18388
35900
10001
70841
4233
69108
53263
80947
65470
33364
72340
74176
83557
57278
89407
31186
92587
76296
81365
9957
73123
35154
81460
51428
74054
39862
72279
77914
88432
32545
57416
6820
84796
67417
77660
89028
36524
47274
86327
18345
96989
58666
92521
80546
15944
98279
28083
24882
90926
9447
34838
64049
44601
16297
31828
18654
72510
4107
12919
60942
53003
70335
67761
37798
37751
61772
43177
90626
25397
45855
8971
22385
4521
17843
2930
20464
32473
31012
45345
23399
56811
96534
3799
17763
29183
35626
36416
1692
56084
65687
62633
9086
36021
46745
63235
90123
8516
22764
97100
50264
68618
6070
72649
89490
40264
91930
9953
72737
39294
71649
96135
96104
68183
99933
13866
97365
51910
66633
99056
7994
32319
78041
33431
84691
24785
13018
74813
49653
52133
71913
99916
20750
94334
72564
10240
34598
80846
36544
7334
20139
24545
19820
16242
92727
36104
46459
6443
88013
13091
21850
12358
61762
99890
62141
46452
41027
91510
21265
90679
43642
9529
6946
64391
3862
79510
90982
54811
60355
43878
62144
96845
68422
98315
13086
77500
34418
75896
83942
38783
88986
5791
51140
50747
22033
29632
97199
63059
21141
34815
70089
64782
44343
77034
45525
64556
72895
52858
19367
49601
96735
97862
46445
65156
96177
75882
42655
46946
51777
42948
85728
40763
65091
53220
7861
87123
82851
21411
66533
20344
56225
36621
85125
16919
30006
47001
81475
2901
99859
17193
52501
96593
15054
98946
78101
27582
74827
37107
90880
26604
80055
76607
83718
45145
46178
7930
48619
45381
29341
31503
65724
85565
84475
67200
18836
14480
14201
16662
17380
14059
33854
86233
27003
65259
85178
5103
9193
76356
42210
72
19311
38616
93030
19380
112
39208
27310
48730
84588
56650
96584
66663
58566
81058
33862
77401
95537
48062
10414
12917
62120
44267
99149
89123
25878
678
10577
35070
93385
52786
51493
29048
7753
44522
48427
7864
81
92088
72945
1020
48737
69528
67682
23655
50585
1544
17407
46122
49605
27821
75390
28077
88439
90890
33551
14316
7919
44127
49385
1303
13265
17229
30350
21017
61751
95129
45233
61831
87216
18177
62851
52305
87705
30532
75959
38289
48427
93365
762
14384
37537
92503
42460
25976
83392
92362
40291
7662
52840
6028
8965
82456
23256
55666
19825
85006
67146
65057
63189
54362
83233
42391
6666
87289
72922
98976
41930
37701
8692
42691
52084
46229
51546
10895
72204
51289
3256
12494
58951
72447
34873
67915
54903
58129
39932
74727
59486
7078
39783
39026
77791
39367
81416
808
26656
70690
99783
68585
8390
24826
27627
60473
71054
79172
87719
43257
30461
7326
72103
5763
79772
23327
90029
34674
97807
29960
25752
57293
53389
81886
12670
47531
21253
94086
48338
64260
81127
64472
49196
89516
89298
76822
66340
60351
72346
54058
19960
19158
61383
8414
24920
57506
31740
14948
8532
29547
61259
34283
3191
14648
16169
15860
62178
53773
26297
26868
18032
7423
91339
67227
13290
96988
60400
79629
73691
49097
50038
93650
68254
27772
18415
9525
85278
50154
24472
93809
79700
2083
44443
82890
33082
60611
15102
95259
30735
57750
38478
48766
81525
46169
32344
94814
43156
9096
90795
16846
58192
57184
26847
42798
84956
45261
52322
86585
11767
93146
96745
7818
95228
41187
90708
28309
1798
22161
39919
48884
79910
78397
14002
77786
24565
46345
72600
84072
71792
79746
17270
46336
36929
60468
89133
38236
22081
57806
24820
33847
50951
21564
41664
62530
79103
48723
7190
97252
87235
47109
46135
67145
41857
60136
44930
82773
22833
33881
83196
10976
13626
465
57311
66907
60933
46443
5142
83013
20601
46314
33211
71551
84229
74874
50433
63331
39949
57622
76934
27183
21082
23069
10679
79290
83204
71961
62062
22388
5841
45258
33364
35819
62074
90674
2725
39358
53469
24218
38722
74069
86883
71932
61971
71112
63158
28755
50794
3106
86377
27728
30288
23810
50796
57319
3100
50351
29279
65161
72739
51471
26770
22454
87289
5196
29479
6365
44553
82947
46935
83275
73367
33817
71558
51690
21280
34715
80444
72074
54172
83172
99801
812
6982
66948
58130
10081
33650
87408
91593
22740
55230
34715
45193
42519
39910
74672
65235
814
73970
28521
440
47337
62338
71998
15378
83617
6712
95821
72042
77236
95345
88194
78047
2326
55141
36176
12406
88791
39935
20350
11530
95164
55064
73075
54034
94973
47746
35621
12139
21715
64141
12578
85403
42830
84575
780
26447
7639
12953
14840
84874
8297
3034
79272
10622
58174
15447
39379
63316
71733
59728
91198
83248
14792
64272
37282
26116
12017
72902
38254
50083
53394
50832
51838
96224
51758
52617
39022
59396
65569
53861
60621
90217
56894
39892
838
31420
55338
56568
94735
43422
16296
2284
26670
47439
66555
80303
73554
94923
53204
28160
61358
22949
78991
13195
19172
30748
65811
74545
6496
47732
28406
67116
37948
1651
7008
55138
33070
78697
11705
44157
38471
44352
46440
65140
91790
29347
45442
81696
24269
14997
9855
85626
37945
5197
98820
73469
52296
80983
48013
75143
28714
92770
42259
83013
94421
65618
38150
43842
60666
66207
4350
99136
26910
67142
64275
18700
96488
26068
16747
37108
41064
42953
39086
95361
64501
54257
68829
33148
35239
33193
8291
80304
42315
66901
63317
53087
32518
17818
13280
9535
376
17630
8671
27286
1123
72945
62337
13962
15365
79083
51069
56428
38387
6506
68140
2887
60763
36968
36034
12353
86513
44324
92657
45179
27576
72325
98265
60093
6494
11544
69628
6870
45525
94650
50507
46647
83946
12843
60608
99310
8277
28029
55738
46663
50886
23877
65901
11648
77197
1934
40353
80061
62610
33009
25239
90185
21685
23503
66630
44530
51398
52609
67751
96923
47258
18257
59921
31203
47451
36881
30513
55727
64909
2602
18741
32146
42830
84641
43794
20026
2927
84146
16438
65536
33506
41676
72072
71542
81530
38701
16071
49280
7661
83822
46202
54918
2078
22474
86121
49529
59354
32985
21607
40614
35586
40348
72760
78415
41340
32905
14793
44266
33402
31230
26153
66907
89258
14577
38448
87139
69629
70870
36418
77290
54691
98971
32207
73121
21445
18327
39001
97150
51311
60607
37764
3248
17306
10523
81663
74998
43427
12807
19263
76828
44036
61768
60086
49645
76344
14885
53136
45972
85754
5905
23261
56797
21228
71820
46269
59024
6498
85269
56173
57809
62227
93936
77408
95885
20810
59070
70882
64236
71876
6496
57415
32264
84615
33852
98260
60958
48736
67747
23282
50842
73652
62894
23990
94879
34713
70258
53902
41211
55526
26426
15371
17752
20362
92778
29988
41171
68200
869
21759
56427
23717
95525
5042
8331
29377
19654
85641
94464
87400
25274
45305
77403
88167
85646
88633
39232
55903
58886
96794
11428
85312
28516
45532
5673
21293
75519
63195
5844
92740
1305
78623
32808
96830
83664
41138
42558
3317
43130
53373
7069
68403
15030
84471
72922
675
73104
28505
56578
31989
25298
68005
17300
53813
29888
39324
91457
21759
18871
13653
14498
20175
92275
47305
33356
75938
4794
92265
95607
64276
45638
19027
49030
60667
3497
38303
61341
92952
66807
17918
24941
8456
2275
58592
78620
32162
97916
86429
53920
16786
81
84769
53312
8707
48425
3020
84644
69571
95284
96602
33846
40921
15628
99227
1587
35477
37530
62928
28428
20688
97197
69720
45496
99471
28312
24115
47985
42579
26895
1904
75716
43327
3025
29027
52033
51449
32046
53029
21019
27330
49630
71216
84602
81610
70443
86189
33438
24324
65468
61865
45011
79016
47937
90506
94839
76248
30973
42823
18826
74219
61078
10893
17546
64102
56271
69578
31903
88317
22606
52921
31998
88588
40489
32951
86549
27283
35491
19986
51606
958
98202
96616
96326
46138
3474
91164
38737
50798
33986
73914
25016
95063
84806
58913
75517
41077
44843
7419
45745
83800
60339
94094
72387
17179
27044
75287
44461
62535
11624
96066
79844
26178
9034
76169
72315
28859
67332
27404
96008
17669
1317
21023
12732
2475
96288
88248
43551
41130
95666
5647
24929
72356
16092
13668
5887
59487
88954
50347
22021
16930
62765
18217
43107
71798
10737
31773
656
94421
59176
96663
12089
76845
34037
41172
79319
46676
45771
39221
87805
41436
61219
29086
30144
77310
42753
36030
36796
48058
2728
75169
81339
65492
93385
24445
37289
20473
56218
54296
14893
31745
67310
26982
24941
17699
68153
4259
80726
13924
59831
84883
71711
21049
13968
18206
98358
73072
70587
51506
37481
73315
26674
18820
55158
36410
59616
8799
56882
32185
79446
71775
63930
46756
15108
88870
80806
83260
9481
61531
13535
69311
46413
85246
6712
76732
19803
5069
49803
90390
72926
3636
80056
99599
22455
35213
36008
98422
44011
9242
30607
39809
81016
10888
86564
96123
16109
83721
95734
25589
61603
9269
11252
8016
10866
17963
1099
30668
39383
67254
37409
12309
70889
33816
28259
9695
69029
64267
8116
29391
89860
38722
69199
70875
49609
72114
83349
65718
72186
79082
7658
33789
4702
18909
58156
15567
53223
59254
62587
92606
26507
16347
21266
97395
50163
49524
23441
35543
30142
31557
64933
20001
86630
50484
7227
36239
38949
90575
18308
11135
86009
25965
61275
7062
61226
19430
38981
14448
95035
1567
23405
37894
34265
44670
51640
84427
94194
75081
19969
40687
6637
1254
60688
93266
51737
67914
45856
90685
74841
64163
18171
77201
6480
79445
84262
84057
15226
39594
98504
10261
57512
38261
48154
91777
82930
16145
76203
93475
91225
96172
34162
14213
13777
11201
7479
65513
95466
69686
72549
70306
50201
7072
63858
56680
86516
64472
57088
18094
4065
71943
28354
61577
10203
92859
69705
93133
9003
45907
86607
228
58430
37120
14440
72206
48320
38270
54070
43786
7956
42971
30443
74508
50042
94301
31187
36557
75124
4626
54650
95540
76568
99355
73468
86771
8565
43172
79903
33920
5431
82861
34147
80212
36333
64938
68770
84652
19560
22839
44789
43867
65809
75232
18374
32202
85884
65912
85111
61007
70537
56112
72898
47104
55467
46366
50226
80383
89537
46480
14302
11319
29341
64800
91531
82025
46090
60300
66676
65649
99490
11465
25867
81651
3048
44240
13852
88931
26503
98962
66289
13391
55074
39186
60494
26892
85551
27072
7274
91440
73551
21576
2758
19243
2727
10640
1267
48816
70939
84295
30816
86781
95759
56682
68431
15158
17273
98634
4088
43775
97596
70376
57165
69021
25913
34011
95912
11464
61082
19537
19255
50984
57464
38364
70227
60191
49004
71493
25358
36294
72139
56174
23074
67897
12855
7856
83054
30128
6490
3493
90254
20437
90220
63771
89457
16133
14133
1720
43948
91566
37608
63202
42549
11424
17917
29127
87966
66920
16972
13323
19566
89110
69496
58991
73359
98703
83199
72764
45182
89688
76257
35435
26476
66476
15557
15932
98960
29689
34003
42907
21254
87962
22460
80155
99385
40377
9281
87350
23648
26252
673
43213
15362
86520
18556
5072
85222
1754
77835
30403
91441
54091
82190
34268
36919
97746
50199
35878
43787
553
78785
65040
4866
1244
61546
4251
57972
87179
7952
81620
13430
24976
41184
45143
11496
59739
50214
96717
61492
28049
43472
69284
98491
25661
3551
35409
23406
70101
71287
67192
87005
66423
48584
91871
84018
26481
12473
41990
13659
20424
39961
43441
45400
81144
88583
73247
40883
55149
86315
18726
99549
29786
88010
14391
71798
7912
49800
11556
78013
37438
95099
81369
20212
60034
73239
4229
86515
85711
46218
173
22487
2530
43613
67886
83674
48548
57484
24556
3696
43798
59633
19596
89936
63994
33986
61733
71906
137
89640
66270
53926
84739
47638
74137
44772
20877
78366
31286
22939
40935
31459
45425
43465
91423
29662
43490
39970
87145
84397
60017
47295
44029
95964
53582
8023
46302
31666
79928
46438
21306
46197
364
6044
10186
90852
50815
47414
85569
98453
70353
26504
46263
32129
86320
37685
78143
29809
94007
81639
14205
70375
28933
74585
66339
98866
82607
12640
30532
78886
75429
51837
25082
75792
74232
51620
82996
41398
99033
68564
39850
85737
11419
2464
17866
97738
56501
96008
43898
50507
77646
74454
20881
22931
49039
3571
21796
31645
16210
68679
10531
91639
20515
51964
83782
11098
3583
66777
52496
2616
51693
8697
4704
63111
11161
22569
60849
67661
34928
21098
34519
28926
95552
71751
68208
44590
75322
90003
92586
7883
75034
3116
15873
95548
71432
99655
6646
75014
82783
75493
93981
34475
84189
98685
97586
95349
37605
74786
79361
72533
12235
13879
17810
7786
85630
86017
68727
77303
92371
61313
85185
67404
80780
1058
62952
52211
17064
85949
27225
16198
77793
37557
50673
61981
36241
64610
73682
90198
55747
53042
79082
84333
66921
96891
92119
68902
82907
77197
46204
75277
38509
47740
59033
35641
65149
21984
87851
82212
24284
31427
98410
2076
68984
65434
80408
21576
46395
54089
11773
18493
23483
90854
2825
6755
4096
94943
75656
3354
88492
38211
94983
27000
85950
54015
78992
67451
92350
66843
49662
16633
98269
64423
35060
67252
29856
31819
5180
92602
85908
33304
11094
25742
40510
13919
32496
44605
25213
8151
47959
13704
62713
42941
57056
65014
96955
36047
32464
89304
2889
98478
22288
17510
62900
73699
1113
9108
5517
6292
1709
7776
39596
12803
33517
80105
43073
66012
41061
68285
90514
89019
81989
53226
48311
39044
34592
61617
91442
67055
67272
10683
65532
89559
28192
28432
79609
29304
53891
1478
35596
55599
25605
91543
84753
75474
87999
44177
41485
29059
12462
48351
18078
10802
17928
82740
49845
52519
44357
57638
19574
11628
68320
1457
17539
96511
46240
13499
42167
130
14976
94114
72081
40581
85656
73185
16054
73654
17362
73890
2712
29823
38592
37141
40624
56520
36233
6820
25390
96941
80809
61315
24920
49129
62772
58810
45639
25363
72309
4157
41845
3636
98270
13925
44216
83925
3461
76621
73930
20822
66863
92994
66996
5454
46486
23971
78325
82718
47142
20067
96010
27951
81381
20930
77079
60504
79739
39069
2219
52047
43226
44063
55683
41495
74339
16250
41772
77799
9223
15701
98621
92437
25046
81968
14242
71532
5939
92567
70601
53080
28985
66611
81030
26717
87540
74460
87221
83630
13529
89439
52029
73106
49853
7711
14600
24191
40312
72723
1989
65886
4776
16961
58322
29821
98929
72564
1352
21219
81482
88305
90650
10466
54915
88032
37182
58806
62491
40754
42435
92371
46544
94463
81828
96396
18525
12780
20586
75189
85502
38927
41074
90277
55887
15748
20098
71167
88311
37801
92385
69792
42457
83035
96609
13723
87418
33790
72528
49908
90896
31315
58631
37439
42129
40458
33835
77006
53237
70772
52194
38739
9698
9619
45367
65585
25366
81816
36751
30028
35969
45488
16171
78425
44874
29131
92148
32291
79273
81027
98550
70168
12341
57180
7606
54470
13990
57792
31475
67226
28564
20
22316
54613
9638
84035
36549
51356
65850
89652
97735
1818
35139
30258
80243
96364
59388
88742
28654
38660
69768
43555
8827
82109
735
16433
52930
31076
90576
756
14653
35491
775
36969
90104
26764
21003
26652
94471
3204
16303
8558
5022
67793
38815
1616
64156
98202
90357
9161
36862
76476
52716
45688
74936
69802
78472
27865
877
85400
44972
15529
20890
62098
68849
27345
88862
6203
53997
99684
9407
86651
8241
30780
70796
63407
32395
51303
61609
39103
60464
98470
15578
13179
60509
90514
99332
55333
34730
208
40732
79702
15736
77973
41799
937
5318
47012
7139
75666
63048
16545
62316
87640
47324
49463
51047
96070
766
29007
51524
61229
27476
83454
90759
4336
90319
90090
76020
41400
6649
16751
21101
22384
94724
79252
39672
16393
42615
46811
92058
22014
63355
70725
9654
27031
20188
77052
39452
20953
6058
7328
98533
49885
90781
89291
70572
81099
95732
46592
22498
2380
79694
59951
41115
90769
55554
80787
7161
14520
27597
99218
36534
7303
69943
62539
50685
90130
55942
6489
27434
78351
13816
25966
28235
4596
31608
98806
2046
43691
61749
40895
46070
41443
17197
3536
32211
89102
84322
39372
3622
28270
38589
56507
51925
24883
35397
18961
31364
91338
25449
58797
69688
55616
1114
14274
76563
49073
29431
78608
92763
91180
35855
55184
32622
53051
58720
64832
42153
59393
20555
62126
87663
59144
18632
55939
378
70380
74899
31742
78069
16700
6890
64108
72315
8004
78381
48878
57076
24163
43837
49839
15342
79691
5022
64315
49094
80093
29147
7598
39486
66053
69723
43500
41548
4706
99438
41926
91437
90688
73667
69505
7387
80556
33612
79702
4911
28344
44931
61987
52506
88767
28177
84200
84810
49550
48514
33903
29643
94012
57852
85480
60065
43926
28979
1612
64983
44768
59889
56419
35455
49907
25923
42842
30463
75886
38895
51725
20581
83825
30063
89438
72591
58239
73637
57400
24141
22151
7654
70135
32514
81857
55614
92578
25782
944
10542
90764
45711
70430
47182
97517
20337
89456
40358
67151
81693
95604
18875
2273
79428
65290
8063
68371
39880
81699
42122
64020
20201
66128
50506
52715
47984
22471
61644
73766
23414
72185
64529
85476
58967
28063
82993
95655
33870
39702
62805
15563
35306
98031
34187
31085
63320
42249
15807
3200
40300
74281
83571
60500
40408
34077
13214
88391
56547
91210
78508
96313
63394
59389
81788
38712
87451
81132
34366
21320
37186
13522
53234
88843
11553
3773
36279
91224
62373
52086
10775
2672
26366
10698
63172
66773
61126
92737
71515
34024
83946
66375
30336
63692
25763
28476
2403
29565
25959
36769
67236
63144
50290
20470
51986
78194
40594
88265
85770
2966
56702
96544
5638
83067
23593
85161
66191
84718
77897
54057
18742
78195
20431
49077
41886
62545
93904
60640
92109
19863
13760
59345
99358
80402
96166
67696
58595
36759
55960
60716
56076
12661
57260
78065
12079
97204
63225
94621
81922
57474
65029
663
52020
85460
66091
10257
64356
76347
70896
56465
12561
84656
32161
11918
65057
28326
79613
40003
81436
51924
719
53863
80936
74330
31928
9366
71533
95152
3986
69806
68977
69015
86820
20996
70826
52911
31252
35181
45609
2148
7997
58169
3155
40157
86438
84563
84834
82403
24565
82621
34326
25283
36484
31614
15964
68411
40979
87497
79914
61317
57302
48891
30331
44122
86238
17508
13384
33842
69040
75344
35989
77037
33512
55495
17193
36301
40057
18379
18703
80973
999
53029
6256
37482
84642
38571
22244
41972
26067
2158
3288
99721
67400
49970
60194
69989
67477
89929
3830
36517
65272
56170
29905
15135
11664
63449
51435
68072
81827
70138
49045
82826
39518
71652
36659
40511
10222
58903
82482
52641
61060
85770
52361
44811
52091
28906
14799
19568
18834
18629
72436
84105
74798
18692
99239
2814
82140
50673
70885
63967
37162
19929
63144
76679
7932
99802
17189
18154
58704
99671
70794
36115
1792
39506
97277
70234
68411
12076
89801
87244
47056
78588
71348
38205
13631
86938
41018
95771
53962
28255
76089
91124
64535
39232
67802
72467
55385
84991
90620
30441
1013
61413
66555
19156
918
63832
89389
85680
92259
95542
72923
39314
90481
60622
77518
4112
47559
34888
16234
1520
63142
92322
92643
27676
47905
76797
16494
3289
78139
7113
33729
79151
84877
16636
14658
2146
80467
20398
87825
89077
15939
60747
28390
22772
37720
22259
26883
85278
73498
43116
3150
36639
51789
12144
80667
99693
88940
97160
19333
67078
20625
53062
62580
5501
86049
77237
23999
66515
13987
11823
55591
29925
88922
332
69048
26641
38942
95930
28271
12440
55397
31420
65430
7185
43563
62448
23229
48855
75960
42562
15932
96584
11975
94864
18436
98023
72100
58786
80889
2438
70609
52831
48715
75882
69514
17762
2522
8455
30044
30792
20894
85440
78563
2676
8977
22126
65123
48557
87332
57434
91118
3263
70369
19444
98126
88805
17466
86578
47590
14706
89015
34550
67536
54081
10431
37049
71843
29305
45504
1886
60096
82749
3677
38659
1776
29005
77136
83251
77562
64467
40684
85031
84081
11053
4475
98559
16209
38292
1488
80150
52998
6854
14700
36885
60935
41482
73934
32777
70786
35789
51014
47234
34889
71042
2244
36665
47
79379
19915
93960
60197
60598
95342
44277
88002
16168
59187
4210
54460
60674
84360
23809
67528
99059
77045
28462
56892
50978
77590
44030
3118
28603
91263
38007
99644
93506
91023
16042
89236
27289
10001
65784
4238
21695
26412
92240
37862
85599
96449
8673
46272
80808
48833
13799
96218
25878
58612
53110
93207
36201
97139
96325
64803
4753
50683
80799
14610
58057
96840
20197
85345
23193
85980
89582
61239
12391
81821
99100
14341
78270
24125
60613
75429
72957
90763
71647
15186
49375
41108
8393
1927
38246
21069
83082
59350
71751
63880
73959
29807
77071
94155
31503
16615
96486
21084
94205
25228
2905
9657
39569
97526
33781
16533
72954
23089
7295
44600
38275
73021
85707
46667
91300
40304
84087
74381
99653
72189
54612
89963
18347
48034
469
49849
81001
96954
70932
