10000
44599
65943
20773
74618
17702
13212
69427
41297
58799
1760
3745
56008
79922
28565
79269
25257
6499
95028
50542
70053
70858
44427
24402
43622
22743
50001
28249
6952
14935
71198
84
59534
53492
20857
50503
71193
50420
36282
28842
25570
38041
32586
97930
34314
77502
93550
75922
353
88578
26463
70405
59435
87241
94806
3056
9983
61158
47656
33286
76093
35205
33369
51978
88696
70577
18832
76241
37348
55113
21434
62918
9505
70371
77199
43818
47872
70748
36091
48224
59325
62553
18628
35112
66145
13433
54519
92479
90943
2175
25764
83387
53731
75485
35364
58779
62413
54195
51371
99761
25660
72804
79030
35164
43174
56228
95334
91045
26975
31424
39269
2652
10329
57896
37763
92825
87681
92281
1656
94975
10807
27419
78361
80890
19255
13724
39668
98020
84270
91038
14132
9929
80193
93161
61445
23366
65740
73130
30762
92714
20905
86382
11717
47585
44278
49479
40410
48310
58112
42065
43284
85270
85835
37996
66159
21442
51719
22178
19461
52340
29567
33592
78621
9759
43104
56417
49476
8843
29546
80238
17908
66802
66619
29625
14387
27248
95455
54796
91909
53566
13212
35192
55188
15398
73187
37698
36839
41257
59876
72651
9949
89442
22594
88569
15553
65697
44985
65028
74539
90882
45265
92447
57683
28236
38423
72069
55483
33877
43216
63744
3795
72779
98935
58982
88177
88474
96679
25015
46082
72906
14018
56030
78700
36611
60950
94252
2308
22286
59279
93198
13167
20896
1996
70850
49131
40418
59270
20965
74295
18838
84708
94441
91616
99995
53422
79792
4820
66452
21159
50901
39358
35176
23283
18057
88138
584
12308
6797
22870
87938
99995
36036
8833
18342
23237
57963
58760
98859
78928
49406
17696
79987
43846
25663
79981
13619
5455
84800
80070
42965
52053
35779
78140
91687
70187
66277
92270
98846
89426
15139
86784
89420
67527
95616
7761
7115
53579
82872
5973
48858
32277
40020
28844
92474
65683
25177
6092
71137
9976
2514
30453
78380
38292
8592
70066
8479
91220
78688
7324
80645
10178
10459
86416
77704
6075
10529
84819
76005
93400
7143
41214
42029
47163
70057
34502
29197
11585
56946
16685
21561
59459
47137
16292
14102
72080
2710
38932
63299
81397
46256
60296
91574
73066
63063
85630
79140
73591
70448
55144
83343
93942
12709
25371
57456
82766
76224
86652
10702
49521
3336
48614
8979
50472
64906
39433
22551
67615
78364
2202
65363
40971
78849
56936
14037
58263
42565
93176
31854
29364
64672
31548
23306
77380
73270
97113
76497
49493
83765
3551
15366
3452
52164
40696
53924
17069
80128
92826
1035
58492
11379
66397
99462
6579
23333
29850
64842
82249
39378
96695
11613
20401
44594
51270
14132
17863
48382
90629
83707
48498
94179
99072
51950
62694
39768
22225
79763
36247
15050
97149
94738
42781
63546
10552
49359
3230
40401
14200
85478
96130
27246
13442
16530
71839
64711
30662
89701
29445
37642
73408
77942
48172
88831
29891
10865
28598
52115
6979
64845
83517
4128
75934
26297
67673
2837
75655
87254
43238
6207
72731
55719
33452
2525
72249
5291
67235
2910
94991
13031
40551
84750
90973
88722
73581
20863
15938
2178
89330
22917
83374
72846
27044
75660
15494
11068
78496
7500
14673
38085
13706
3755
93804
47158
6279
66052
52448
89866
85313
63790
2896
25863
48540
93868
30936
22120
31083
63225
40649
20412
86141
40375
9609
29536
16034
41454
56955
94529
48953
71627
32614
62659
75382
26417
9816
98012
8820
78615
87877
94132
42404
90773
36346
90943
84640
83633
29414
32074
46857
70063
68837
49350
10437
78445
95237
42822
19898
52192
37350
85203
40170
86315
47861
31903
29083
74028
29915
37902
52642
17791
48385
95045
24915
1082
2340
25907
1066
31753
57980
64275
1815
26817
13624
28603
21613
25212
87776
57863
93755
25126
43065
33925
27792
7277
82179
56875
81304
12093
11128
33945
46236
75865
45341
71150
93298
47680
97056
94364
79433
71388
58638
97599
14556
88613
42554
52520
13824
30329
10382
7579
71806
69798
57855
99598
93426
40033
72824
74729
68478
83951
25025
14713
76167
70366
2214
69465
18045
15622
63828
13829
87009
38817
27780
17916
27429
70333
70435
57604
661
97169
81534
72467
83318
55740
88416
76744
95773
61239
51472
80602
61541
92849
95314
37708
63214
97527
23524
97610
13148
87351
11439
16508
42519
39218
34423
86299
25902
21210
43902
42914
18378
41788
15380
1695
97527
20147
78438
9651
97737
46262
90252
59278
39110
1917
13337
18675
15796
36860
16284
45295
24210
44074
61803
83080
99643
12577
69378
41896
33786
13279
84810
68515
71418
16541
86562
85297
36688
64999
11299
34424
27612
1551
10053
83073
19819
23389
18099
35614
60248
34383
80909
809
94808
42711
83888
10803
71639
53265
52698
21777
82896
37507
90291
70665
70400
76852
55961
7087
58203
67260
57862
2166
85162
67915
85239
4980
91303
3337
40594
67903
54071
21502
68711
65231
80564
68951
92385
68554
22215
61434
90330
21462
15293
80621
92127
85692
57472
48087
9130
32026
31698
66991
34192
16859
34905
35782
38191
42560
55470
78784
10462
9541
16637
95524
91123
13552
64474
83507
82105
3041
61292
88787
24502
76584
69407
32980
62275
43230
81067
71404
91608
29116
38395
25799
62327
89651
61580
517
48562
17049
95652
75375
42941
28640
70899
50415
58543
51724
50273
56999
54764
11565
45785
95618
88148
31543
28597
66775
74773
26015
38178
66380
55131
92924
8530
17457
98927
86461
34325
47488
19861
29976
22863
79154
74967
93761
29568
33509
61836
79841
90507
16600
7757
36292
12217
12256
67834
40813
79030
58958
66828
17208
41689
38310
26483
50218
72118
25409
53030
6442
72897
72891
52769
12111
52044
27735
22223
97963
61243
84058
94155
51749
657
1911
4392
29225
14167
88578
70038
9548
47535
53217
43107
89224
7878
69590
55793
79995
94998
25175
86436
84246
98065
39204
12708
66460
66938
34930
64422
44532
35340
58577
12632
52348
76839
17024
81573
91005
5601
67962
553
69487
37530
43659
75062
45407
29600
47207
25401
40950
72381
28188
41547
86797
67391
54255
53256
50680
5536
17677
11563
40875
92605
24194
9575
69444
57569
91147
60448
79521
75460
77352
49008
12989
37363
40421
74747
66962
87627
147
7911
60007
44686
49458
46803
12076
20064
58
79107
25599
34087
7021
82826
26691
31214
92400
96134
5135
99898
72934
84655
91709
66637
50014
21049
3999
90435
95795
87313
78061
12293
11575
54420
56978
77384
1222
85405
97447
17632
80863
39398
68070
87883
38575
94760
19096
47326
7246
40582
47223
96531
41589
55283
63167
91602
76331
83518
98388
72125
70830
92801
769
82404
47220
74098
59788
64793
59502
73586
98776
40364
12983
66845
28246
67909
61605
63693
15234
85202
4275
78808
81732
45863
34090
44898
53816
10420
28415
68556
98896
15596
61356
16016
98000
24927
90113
74139
89719
49614
64076
88495
6329
93411
71691
50926
61319
33295
14619
76553
18496
35245
55360
227
97459
5802
61477
67626
32573
89891
36181
47821
5487
13888
63836
19838
38814
70301
10328
44885
36266
74403
49731
42595
67813
21421
93520
45484
54716
24490
22036
89563
76086
93747
6142
73544
99548
83970
41170
48473
90212
93702
96293
12050
7590
76480
31887
46403
46780
58566
91287
83046
49321
41017
25640
17133
78790
35511
62616
49857
76353
1003
39419
52438
11102
61912
25982
27001
45881
83503
75473
36093
77204
71765
48142
1145
48245
96381
47548
11376
71298
55186
94421
20618
12555
20060
37751
91344
71923
16718
41200
48275
34073
96970
712
45174
75234
43045
72174
21114
42899
47647
73558
36455
35763
38052
37599
359
50784
1498
11735
22081
56684
6155
42699
85590
42567
96801
76933
30841
29870
34484
79115
63942
31453
96178
9115
6686
55575
97641
44152
14825
45287
34061
51279
97401
72112
88878
97760
22895
90375
9494
61328
63410
32000
4026
48999
74566
17178
42283
21758
47047
93118
872
10989
40923
13402
36455
47608
85328
34095
8111
152
95733
42172
51431
93134
30635
56660
7245
69882
47034
33090
31209
26796
65089
51586
92146
56007
68763
34429
77764
15809
27546
94988
43149
68468
24741
79604
32428
10068
30050
56890
10219
42135
15413
78001
35268
46048
34660
58864
32281
98046
91953
63489
41193
73393
15074
33338
45751
83836
84118
39867
99644
28016
51206
59145
96483
75946
38748
45262
2365
85149
18504
12583
27283
33916
6936
78902
96315
41595
37765
28595
55992
46069
8435
97184
19462
23508
30522
81564
23695
30991
21430
23339
59006
72635
98835
71841
64932
37582
33454
67296
39082
51957
96231
66365
2225
3166
45266
98539
61112
99383
43486
33456
45451
51920
30639
81264
91780
77512
79180
15474
8503
609
55164
67508
89596
53998
39348
54527
91579
72802
38175
47013
41110
34405
13377
43334
53922
74994
58225
15033
74376
1710
64840
36179
69981
95479
33794
61760
89342
12973
77234
14196
29934
32397
98056
19529
86395
37403
90407
94325
26556
28581
57689
84018
79337
71065
27351
33258
46059
1927
64643
36786
19988
29482
89316
89969
41312
23110
51728
47006
52434
45313
61201
82367
94062
59256
18247
96808
13011
8654
7484
55918
53586
65173
39935
32923
36237
83638
82532
98647
85564
47174
51785
5552
93008
57452
11872
34319
80561
79951
97676
49347
25264
58877
31713
19325
18132
49960
32484
31142
74965
39967
3412
28550
5139
43346
77824
57728
26983
60356
72726
28899
23881
24510
50802
16888
98314
62673
67559
78874
42623
65234
28220
84238
40462
76285
19914
58594
42596
52397
6087
17560
92364
9498
62461
13854
69196
40285
71581
12530
16992
60659
41428
40872
1520
92229
74112
99833
71253
58022
78707
30228
39607
23278
14465
80069
15914
34379
55014
58509
86775
77452
92420
95490
86950
54881
9344
56145
11517
97276
68674
28508
57934
26454
85731
59454
35034
76194
59286
6287
50567
54344
52866
90174
93974
67330
86594
9887
1708
41607
84748
4835
19058
77167
324
22359
48399
26019
94855
59915
23295
79881
4774
97580
6334
6857
57033
57719
99402
16319
80357
49969
87014
33222
40142
80987
552
43087
7226
18611
84693
91973
23445
20102
85491
40121
42461
33890
66139
37315
10156
5785
33547
31282
3365
39880
38138
60397
13951
37539
93067
94307
3859
80081
43881
44000
77419
44432
87086
996
79394
88130
92968
2839
24584
94811
59311
67044
45052
25449
20710
55207
47586
70609
86488
50950
26840
40977
27698
40790
94868
20765
35097
98726
17197
95329
59078
10967
39760
62515
11963
19153
66997
21282
38343
91580
16092
97653
74975
61143
39454
95684
32702
87039
66292
35541
54340
93132
76518
82037
50273
87737
19153
1721
86462
36349
97049
61891
63668
53160
24406
75630
72313
91402
96911
27007
82981
29355
41012
57955
90497
96817
69990
23198
83855
52634
58739
54546
62117
51608
36582
12389
39344
55735
30462
42157
8435
27510
4048
72102
80670
28453
47731
69334
36206
60994
96340
19186
90348
53703
93492
80844
50519
79833
20394
50725
48818
95484
5270
10934
63443
41852
39675
2786
13938
70136
44942
22372
13997
65341
94474
94666
93793
58556
63999
29998
19549
76691
65535
26248
30393
75378
7092
97264
71563
43837
47988
20380
55672
53258
47666
19114
11461
87340
38251
25398
73827
99544
47769
87823
64885
58594
98841
58677
17150
79191
5027
53050
55881
86913
79298
2626
62291
2741
99889
33853
62929
47876
70584
18600
17485
18249
54065
28945
21940
92315
54342
95766
91858
18463
99941
56742
93408
15133
31771
10557
94323
36797
79959
66556
23709
75608
85533
2351
78348
85421
52555
41276
49648
23139
76227
83485
41387
30291
12429
63327
22605
83123
75444
30814
17937
75384
87556
11344
90516
19326
38253
1191
72474
34563
67746
96182
10170
53278
14885
88517
55050
67439
46144
4697
90577
22370
4533
31964
69012
16962
95290
7968
16436
70733
38781
34372
62469
26336
62067
69336
62013
16671
70526
34486
51233
38271
47020
61402
91548
61904
66270
62949
29342
12413
67646
19919
51134
88530
68234
36497
5491
63523
44464
38278
50607
83245
89001
13075
25932
51068
98763
4297
84090
69288
55134
35323
7559
2153
96724
15458
80408
62994
78407
9750
91758
62404
46020
42892
50933
14253
79388
72776
94127
40204
11053
61085
23448
16406
74160
65731
83825
72922
86379
67914
58561
41513
3236
66119
60017
99960
97929
40425
79305
92687
66526
71062
55090
28897
13953
22374
43149
9693
95149
53627
49896
22554
14711
89695
38959
5222
71777
22783
94495
58156
90696
53056
99668
10284
35526
76036
26595
33454
16460
5899
26140
99337
76960
97581
28233
7265
19955
87733
33309
15103
41359
99556
54008
72422
89250
92966
77643
77378
32100
88490
35533
22796
41545
51552
49431
93422
43940
76025
43228
60399
81923
85719
59736
75234
83300
4320
98850
19606
92053
32158
51060
33411
31713
5068
22184
37314
98033
99827
31044
30133
88316
82928
69280
46212
50832
18710
55985
94771
94734
99212
55169
93008
84931
31256
84593
84582
35576
83443
4187
27628
31952
55246
77390
80017
60313
99574
17330
74698
15752
64725
21182
20419
47653
90461
66630
98484
25522
38966
93254
36607
38178
48422
29614
39460
96030
30558
24041
31605
14000
44579
75584
45952
99824
52973
25968
76489
68898
59649
67538
84649
24374
88719
5067
72026
79179
88048
86861
21052
27014
80114
57658
81543
44887
3623
21002
40916
34180
45042
88872
48180
89620
64455
10483
5795
33780
36450
98635
2677
12450
66172
3678
36823
54890
25096
25200
50420
29496
12060
71471
72861
92173
29128
54403
37060
32750
75404
94327
83282
36797
83199
47813
42768
64005
58295
48562
97784
11096
63549
16813
23545
29720
20490
60368
962
45585
1919
51381
75080
13979
22852
47940
22503
68331
18694
75914
17433
94097
70241
714
47245
69791
48526
90012
33795
6820
54926
31579
17915
18474
48391
41459
64545
85232
18178
65506
30816
20097
16887
22248
50427
56090
86539
72929
40772
5233
48843
58204
15681
19083
58917
62926
88873
23794
69289
39019
46965
24214
70597
81231
59039
35339
22690
23584
20570
57219
5441
67738
93667
38679
6337
44093
11120
92875
33374
51892
14459
82216
10095
46492
17650
85364
25769
22874
9157
95057
61892
72474
35623
48841
53704
11013
84179
92745
34596
21101
49964
56389
88838
59982
95067
11526
4075
6187
4400
37448
58078
35211
36015
84524
81702
53664
69887
7470
76537
95396
18878
54780
67869
70852
3620
21572
81865
4151
14317
32812
25251
80632
89200
30440
40613
619
41965
61039
6805
62716
98486
81234
14278
34500
82109
95979
4515
68348
19800
97403
63743
55030
52183
47963
25881
55802
85886
7745
59952
202
40557
1554
97185
46108
31993
37798
46726
90309
98836
69882
69377
13674
67467
83654
64525
49576
95985
69040
17923
32136
66442
98017
87165
34976
45979
29398
90778
31864
37142
67081
48418
94050
68635
45602
40158
16979
99751
3235
7288
14939
73117
76664
44964
40583
60317
9488
90158
56301
94879
24432
4789
77673
22448
91953
12648
84778
21350
19777
16642
74844
86858
81411
68893
55492
27012
25402
72470
43115
28637
96109
58053
1753
72772
3016
58687
49441
28855
65197
22093
23734
89628
26881
17758
28428
18834
30405
13205
56535
50182
29846
31378
53391
11256
16623
8882
54620
42024
97703
14086
70660
93812
72138
88764
82935
91505
47451
32375
20359
12647
70820
60444
18626
97700
78201
47053
32885
24958
60258
89420
91491
6455
20797
44881
34063
53771
70114
5034
95795
84168
19119
66454
94331
7608
71570
77266
99112
19020
25992
19470
48018
96811
96266
66643
94511
74466
30048
43747
15775
90305
33166
7265
13111
70315
52145
63525
24085
22258
68558
19879
6426
4028
2685
756
11635
74254
94373
10746
9625
36717
46568
57642
33527
42833
40636
44389
33650
70683
88136
49425
77339
37653
56689
6802
7967
25186
70326
48404
63795
55236
84634
86572
59263
3670
3680
70898
77923
14404
81643
3899
51120
44562
77892
84647
3746
34880
45387
37396
5562
49874
3172
99253
87527
76212
6054
11845
1397
76379
60248
81544
31614
44882
68115
90877
48551
88146
78126
42826
2550
76120
63076
53669
20682
57320
54667
24427
92199
16406
78174
97760
66279
81345
13364
70157
73909
19417
82002
75305
12148
58601
73200
43761
19834
57667
50989
84737
45812
29114
43914
64713
5234
23341
18382
42267
80660
89400
83045
72858
22157
61219
86970
88436
58915
333
74944
32823
19750
73297
24480
31897
48250
97679
92009
68083
71697
59350
69171
17509
88463
29436
98573
10048
52777
33306
68666
33436
22706
51711
22646
61214
29281
9615
66001
88195
26299
40945
37370
46048
30593
61849
94296
78842
75879
2657
63277
47576
62006
32447
81436
66820
78235
96360
93220
31011
29666
61885
80798
68723
29947
3443
29936
59227
29409
95937
47422
55708
36881
84791
18107
67473
62991
28755
62667
55221
31411
25943
19148
9768
74741
583
92939
52975
96943
2510
337
42960
64395
81135
11682
94341
929
41617
53568
30338
37553
17341
86045
90785
18483
20503
58258
81473
49257
20924
36693
97019
63218
55841
6786
37958
72775
16077
90933
86069
18586
7621
29028
99332
88755
40709
93673
6036
82326
63592
36373
36230
97284
38769
27015
15766
59271
1624
13590
24880
22547
66634
21898
2116
38826
45036
40073
27953
61112
47357
14021
96049
54978
59401
95381
60084
109
5405
66119
98786
85348
18843
51368
82631
57611
78382
14748
33234
80005
28337
58113
18903
11322
96362
21018
50148
41397
61090
78100
18860
24799
8472
31261
96128
67872
26641
56211
84333
48397
38682
99470
33744
57524
50837
32726
15135
29218
47473
64720
25574
92161
39184
44476
19834
35545
65493
69981
93294
42935
64432
12153
84085
72904
43413
80212
40775
86405
36422
41459
34801
75103
40929
84896
32627
8117
17621
64113
53687
81445
45184
79260
73605
84367
23736
93439
19911
5580
79771
29556
64866
44203
41709
48950
33458
1473
29161
90584
4230
81935
32043
39030
57037
89323
23926
6015
97439
57898
86479
51125
39343
31662
46737
12947
32380
86824
22737
68643
92403
18860
98198
73621
63062
56258
22570
96519
57731
68083
87102
78312
50017
35496
17341
23405
24818
57618
29420
38609
15516
32250
89733
71210
80264
52821
508
12643
39644
23245
81285
48399
58456
79483
22019
21517
35740
44588
34387
9822
12670
37840
88133
62686
73336
21826
2443
14505
95795
31862
53113
27662
80463
59198
98871
60726
12018
15731
89721
51662
38975
71005
60
13782
66839
22078
35298
18931
83017
86036
28752
12039
40227
33237
74724
13562
71414
77166
44419
83560
25379
97531
11222
22194
56728
26444
82919
68746
42174
72639
36759
97500
59996
53170
11281
26834
75247
62930
45764
74615
65317
90868
86653
5544
40456
77729
19105
28221
71246
63523
11780
96625
77406
23001
35170
50485
65797
18088
35582
24322
7079
72340
21822
83426
25509
49454
10259
17107
12384
72375
91722
77700
79594
78374
83243
36401
56102
18700
64621
27348
98574
76400
40324
75979
15753
75493
26464
97901
9932
62045
22222
33362
50737
44043
16787
76245
93497
43398
9704
22232
15772
1425
99931
11717
96150
99526
48117
52252
18225
12737
95951
33150
5488
52626
25481
21240
28118
68296
19140
54401
46692
41362
87763
97428
1756
20901
90025
95252
64298
99728
17483
96421
17504
33766
24489
13653
33291
72605
82256
67867
1693
94558
1016
7181
47183
42848
44772
91652
11143
80264
46053
57835
37977
50167
55262
39732
87419
61638
51336
51717
77717
85170
64489
95220
18935
88978
25225
68577
61582
23832
52795
79627
18390
70163
3159
65572
13010
47930
73576
24153
28193
35980
81987
82521
86146
53600
22253
89916
31590
89940
41632
9306
75109
22473
4526
10396
11450
46102
95324
89383
69933
48119
69009
4674
34633
72167
70246
47642
36449
60173
71794
80993
96152
70132
63514
98649
40084
2118
88564
71673
92057
46548
80978
83517
69020
1855
93912
80469
64308
5588
86203
34241
70058
71564
38914
4690
60082
25511
52331
96530
85683
40477
77523
98186
26960
57388
96834
67043
59505
85398
55067
67913
31945
52397
51429
964
54251
61693
97784
34911
67280
83986
85503
37337
55549
40768
42026
31983
66279
10708
28512
68313
51184
22386
82851
78144
79773
79684
61538
55629
65081
16605
23541
97025
69001
74970
14340
39603
53014
12123
74513
20293
12461
60015
73981
84361
783
16006
16343
83413
26713
61207
68077
94249
83592
50927
88744
79717
30611
50281
51697
12043
66885
75238
25420
52237
66559
39759
91840
19572
68234
82704
56216
80694
42719
30196
81406
59853
46201
14101
43265
89265
75307
27693
99865
58898
78620
88608
54966
25582
38889
6663
37624
22125
98252
79395
74362
64810
19154
66201
733
3739
48904
56948
784
7974
87143
82189
67826
49695
96289
27442
38959
71595
55135
38824
46845
50106
43783
18162
92039
82671
24824
46014
4796
23075
25409
95509
4236
60914
78061
4968
64652
43316
78267
65435
51290
65409
47623
35467
15103
60264
79261
70414
48210
50747
25589
95054
852
69371
29568
9242
52042
54391
55255
73189
93818
97015
68697
14405
57928
46757
35725
22579
90072
13991
88013
57713
95752
35636
93180
27206
12251
72440
97619
60460
23186
39559
71866
40389
8930
1433
65982
77323
72175
21236
66863
82344
34603
35559
96749
92530
98667
48825
15109
5090
62815
3121
62803
74918
55108
72334
2124
67358
61125
16094
27818
662
55653
16035
57402
64582
17467
23383
58256
89641
60970
25118
71985
95572
77028
85085
88102
75694
33909
19562
80783
13075
22682
59937
87993
94142
32270
90116
77851
9746
6209
5668
10407
78213
21702
67808
59146
55520
7542
17401
45161
68512
58870
33497
80435
35897
18581
68536
27942
52489
88097
25077
65563
27131
1365
53555
21272
33635
60022
99122
59732
82583
21142
70139
60795
59195
54298
19941
31067
61840
53693
76227
30351
12563
9723
10785
64811
44655
95673
9105
97143
121
34181
62705
27251
35545
32612
64874
85531
8985
80348
45263
91567
17841
31753
52362
93387
86050
88654
24453
47889
58698
17031
94591
71260
43105
21728
52423
87759
33752
61527
84901
33872
12059
63958
77475
47603
12921
58700
49486
21905
55399
11100
13472
73239
42852
82185
82978
45253
87190
7430
9494
45887
40813
20436
33499
83917
42163
85921
71676
75914
63799
72928
26138
75857
53237
3612
39811
66157
62311
89296
88062
17710
16747
1533
7300
59598
83717
90277
21203
70906
14059
30696
33144
71223
51131
66642
55139
9646
52562
43166
1911
16360
32446
28048
8568
85682
48011
48379
51839
26674
54026
39900
44383
70773
57784
68034
46722
41500
74663
67924
28757
88721
14971
78252
59943
82454
44894
31433
92099
13807
90951
10361
46519
23396
38409
55086
9077
86419
3464
77267
29444
57490
17166
73826
28262
74949
58212
91335
32800
32874
59259
77908
37946
90581
56160
14240
73034
17405
62024
81484
31211
52974
91845
77729
76369
46605
49167
1798
49375
52630
79064
78819
26471
12582
68996
71084
87530
27207
62419
36682
76432
38029
30941
30729
28609
3452
44968
17995
20856
6992
99478
52067
59965
7674
46147
52686
70630
95313
70835
36357
64295
49898
31527
90765
62479
522
78201
66361
44081
56971
19394
36864
94999
50334
67593
39959
53786
12560
57953
90993
35903
73783
59411
12220
97808
5558
81257
68438
17222
52091
4794
81516
18340
52672
88633
97171
53193
83185
63531
13625
40155
99276
50489
35153
65961
34433
91463
36098
63344
49416
27091
99247
39550
86501
27818
37357
8410
9074
5794
41984
77516
26939
39851
95855
79610
28483
93025
49155
28019
72907
79131
68173
72182
29619
19677
54495
64051
11140
90592
27395
76907
34034
42993
16456
36887
70810
53812
45296
96235
75958
3631
73750
19248
43482
69604
15210
88316
78981
64364
16335
51887
43494
84507
40421
89465
20536
94915
69867
31675
85506
13613
8581
35892
56605
41388
72778
43766
95199
34425
40000
71156
38056
30101
6756
81537
99705
21965
69852
95037
2680
2538
46923
46173
87045
87343
51989
7580
98609
21856
55606
467
35468
80538
36358
8425
21925
9135
52190
17123
43559
8542
4631
97966
38642
11386
79502
54698
33350
65706
49734
52381
68243
96657
98553
71639
351
66894
95570
15312
88749
51175
15778
40568
48064
68487
48992
69988
77621
17534
3463
37531
26075
8093
51849
64716
35830
47702
19414
85531
13407
69147
37911
98002
82155
52815
85992
82506
19708
81562
97817
24808
49088
29946
81728
97152
98432
47071
83491
92404
64604
86953
46286
90678
11397
98134
55394
47226
45836
91159
49108
75594
60305
87018
89947
42460
56185
75939
41317
92244
57500
39133
33404
22939
85430
15131
36442
83861
78553
19933
92616
43157
23237
38901
50186
34634
37035
5579
98211
99222
13089
63671
91167
73394
67040
81114
32205
23224
57052
73521
31820
30903
29005
65223
53841
14434
80353
6635
14646
75257
26567
7261
18413
66155
46161
68599
17140
99547
90529
31703
15120
3618
95373
6287
93363
62412
87400
25567
1988
44451
15439
33807
91705
44443
99029
45545
75228
95733
52179
89873
70989
95097
97133
5754
77604
59645
74352
94743
59192
81232
26445
90663
84849
38169
96949
94563
581
700
20129
2568
45150
51919
52726
36854
96361
51754
98751
87940
63838
67281
77812
34826
78730
91296
40579
72685
50941
31282
67427
26484
12514
10224
17146
13714
48392
30447
8277
65324
31146
44757
67891
92648
96676
36968
45853
9388
88721
60955
97328
68910
28236
75139
3736
23317
82787
60666
96001
50079
8300
79779
76562
20813
90002
10059
34526
54746
40505
59154
20069
88003
3911
4312
80650
586
41279
42854
9973
46352
3809
23652
15261
32044
15143
35348
71712
97929
12366
67712
48007
20665
63842
40920
41477
53844
50978
92354
24941
7835
67860
45009
95837
71770
49320
92838
88707
6951
35691
98679
53302
39499
22331
68562
87894
53825
20262
59605
51753
32627
43668
99759
53291
23862
40678
11119
77705
8007
19824
2645
15841
87683
64005
28029
59452
13325
20866
48158
20275
72909
63189
89928
12407
1871
58489
16653
55695
78750
92609
23799
27728
36277
23557
81018
76490
80586
8488
54194
4944
28312
73190
37137
15994
53546
65165
91798
66870
2383
56307
3496
75291
35847
93423
4049
37717
68264
20701
9763
63365
13310
33561
91093
65938
73469
88462
42427
70406
96950
12972
75350
41613
2513
28838
73958
56058
94002
82107
39280
12736
38414
59127
4378
74260
68902
8427
28329
53517
45479
38091
16881
75140
88004
24325
41077
61472
29139
99855
31878
42440
29178
23579
84052
48042
52416
74361
4100
62769
56468
59731
75505
11233
18857
96234
85492
4110
4660
30172
57626
66491
84615
90859
41630
72618
31535
99059
34089
60673
15265
82318
19464
44443
22248
19867
8836
74663
94228
29287
53784
50695
89017
29288
61927
24226
25521
63770
28335
46533
93942
2313
13023
94908
93171
71004
67525
24705
70062
17965
1730
1679
283
21193
46121
22530
41060
71308
13545
51639
595
67328
2333
89611
12967
80611
30188
54839
44380
74875
17723
54673
77187
47097
49580
70357
18101
33456
11413
4514
51421
13142
6192
68055
50687
68664
6936
8098
39972
20480
59736
40566
4159
78420
46528
33477
59030
76716
88316
19761
51590
6038
74434
28776
53135
40365
15484
87587
73821
26896
92100
41593
56390
14644
9647
23428
83307
16582
31525
39630
53414
7612
80195
73924
86031
26723
7401
45060
19790
95716
81172
71379
18105
71957
16506
87591
12322
31989
75177
2494
75236
67277
44086
47977
81920
70084
71404
81578
86665
19280
21208
56430
26891
17754
30354
29273
44476
54106
90684
80617
66173
71856
51995
84277
43812
84852
71868
72485
33192
47044
74978
8428
30672
35415
56404
28943
5498
44160
26873
8515
63439
48080
64944
6682
65833
11649
35954
26661
82106
26638
7277
48278
14845
75624
32555
58656
76827
20774
31141
10019
84169
22470
18446
31193
57885
91201
76487
63382
35360
3359
88248
15151
51438
69544
38184
33623
97544
90489
76635
79650
33478
263
27927
48322
92238
76833
23330
69065
13958
54470
79083
98127
93291
97528
45671
51175
5080
22157
30909
40440
25516
19156
71942
93305
88699
10125
43279
86243
16965
19913
82244
50443
20176
26522
98764
12413
3355
22093
81477
17312
92914
60559
31790
86205
74438
77460
53731
79518
99617
84639
36309
41484
20147
24602
34788
25197
51078
78067
27791
68042
97979
10034
18484
34506
36556
33600
63271
56262
72044
61099
89925
64958
38010
21715
67514
12447
15526
21244
8316
31494
22235
44624
72977
42381
69225
7765
67577
20302
2183
95368
4696
161
21753
23179
51019
58308
56778
14289
14569
28822
91739
20846
10131
29748
42560
77644
42195
74437
15239
66862
5931
37473
11486
78907
96205
97062
3023
63782
33716
5205
75501
38411
21718
97253
77941
89088
71913
51071
19728
2833
96244
11466
23678
6374
41214
82589
369
99760
57026
31959
66621
79308
69432
94458
74566
65636
7872
93941
45769
41587
99145
37621
96349
37214
51226
74289
26301
23138
25359
46028
42322
21602
73846
82352
44327
15059
64940
61047
31170
38317
93006
97790
17624
62437
8600
8542
44424
16471
2482
6545
74409
17978
44165
70757
55192
95390
61397
81492
34879
3108
43872
77201
41061
17717
75904
1740
49127
40843
62786
80296
95512
55791
94437
29487
34579
19388
38028
79003
35858
40509
1899
10266
58487
46063
97374
30030
57805
75123
11521
9035
78230
71744
2587
19290
5812
78490
21029
54938
35685
83815
51585
31196
55957
62374
60682
90536
81761
98710
85890
33971
55570
87788
60588
30408
50202
57962
60437
24358
33084
88310
33393
11313
60053
52331
46954
82217
30821
84335
53506
82857
84501
5091
14052
40457
83816
74733
47344
65576
89794
33233
99546
45364
37372
60134
92123
3926
34447
52560
28283
67530
40869
78027
95194
17273
30358
58499
15841
77530
59185
69347
60386
43685
90789
74437
494
74604
65521
64189
40179
71667
13774
56077
33382
51145
32562
25504
55070
67008
78063
83353
50889
35283
77731
62434
68908
24440
37284
1100
1969
96469
70446
78706
56505
61234
69494
73350
35837
51367
37539
92368
23033
51312
64796
56414
18808
97357
81917
73878
80716
76332
73582
47956
27966
67664
10389
96873
92104
64024
97973
10424
60492
84770
89130
33349
46004
74975
23050
98192
26341
60588
90559
49373
28251
55354
5786
47059
69062
4055
37288
66129
80386
27221
14084
8351
94884
40824
21576
3339
4848
19548
13763
81691
20669
19244
15039
66672
94218
38089
81216
20559
15028
88126
86283
59631
59832
92069
23041
28893
96123
76680
95022
92860
3900
25457
1210
15135
66281
22785
18474
87480
58684
32236
69170
79353
51479
561
62376
45696
55001
43591
82606
86380
31717
68889
46010
91548
77309
85402
36792
89783
62081
31813
82642
65980
73622
83851
97467
39902
22988
15940
27381
81671
64527
12902
61023
16005
13462
23399
78052
68462
83341
77010
71194
31409
62250
17203
22956
55910
18957
59748
45692
81037
7912
44685
63369
81533
44887
60835
37786
67874
93126
65166
49545
57652
78068
26919
90008
7881
66669
68059
92695
50010
61420
63888
81418
23669
97442
20726
79578
16398
96825
41621
97435
21088
86305
77155
2621
31192
37989
56758
99065
47466
21924
64961
5117
16343
91880
95124
24223
58548
79534
16917
24909
40954
97156
22679
80974
94598
59756
60552
10995
56580
18524
24781
77667
4829
1935
96639
36020
56275
53397
51436
3740
91672
16397
25208
8014
24628
20331
48588
99527
99865
81857
40788
57170
79012
63466
38143
89961
23221
15046
17308
96152
33570
42088
73818
54750
60375
70457
7121
33001
40205
58556
36741
31876
91304
61948
39889
15931
98631
88476
31810
14847
86684
72597
72016
65696
36062
26510
72008
75634
41556
89315
71785
91477
31403
61954
46226
8129
32410
53346
41129
72614
28253
94221
4489
19557
72521
60729
51839
71151
65557
83648
85997
52240
56244
74364
34287
8657
873
6295
642
58780
95609
72426
50256
43363
34380
12833
51491
83141
66178
8972
72107
10783
3192
92947
30339
75712
53676
98529
63214
35584
98529
65562
87823
71124
56277
22110
79781
73502
44756
96774
32281
40364
85552
98889
83727
36283
11721
51569
19423
94251
60540
7881
5033
80084
17180
51723
72147
87207
50251
51713
22790
48779
17274
10612
19903
89903
49073
16035
63404
10180
12808
95684
50544
98359
10924
50622
34641
22645
18542
70416
33247
95434
94648
54631
75517
11827
6353
64015
99033
72955
15727
21822
21734
49353
48786
57988
39255
14210
90374
2658
24390
3181
14693
91285
17892
25617
58258
68884
64613
93151
55651
97859
88584
50299
68841
80452
62125
75193
44467
77510
48147
60193
15683
86232
25897
64468
60571
65151
95030
50944
84160
35771
70477
98853
43407
4720
24469
1664
89955
5433
94814
45606
3291
99750
95904
88483
80201
74380
63675
24667
68241
28173
1212
83924
30757
27108
48391
91327
8611
59772
58623
92770
95542
45451
91622
38948
66522
32442
56963
56476
37874
68129
2081
57516
67878
14336
45998
64430
5068
26024
89097
73308
54197
6660
57231
1305
50119
21974
8983
58729
98097
67605
51499
93639
29407
59472
48938
95928
91914
22253
52404
46139
90381
70836
3655
74610
85172
66004
39039
6591
92028
44487
79898
62576
51146
53481
63880
1265
91806
72862
76345
89902
56819
27843
99892
86225
87315
65182
98505
95580
87434
50908
41718
94166
38095
61724
68775
39618
27728
24165
46208
19755
68652
42458
82330
36149
95938
62561
37413
4095
35422
30110
10348
8592
57952
10240
11169
61618
91773
9673
57197
79206
76932
15267
89723
15026
76990
58497
54644
4717
82661
17203
40823
67664
59660
39504
3813
71949
2064
57577
76043
53838
87686
86391
62429
61990
12982
89949
23607
4754
99621
97156
311
92904
12422
90033
24282
89411
64881
95277
10480
63893
12479
51302
47909
72139
90806
51721
44087
9221
9297
36482
63058
13335
22872
41839
75324
52205
31787
15282
73310
47760
12437
89972
40663
24858
96356
64944
14269
77588
60220
24748
41480
89051
92401
89388
61189
83206
57460
21627
92427
83109
58108
71836
96443
97331
13674
88118
49535
61813
3399
39196
9572
15836
29167
50234
57045
41874
31530
87665
19461
8101
28764
77293
97151
21165
66680
58339
20722
40492
79966
13148
23600
54425
1336
36394
51756
31361
24511
17642
93173
44261
56838
2744
76448
2356
69330
33493
60582
859
21157
80042
25311
49921
57334
22462
71085
40366
97152
91806
80857
93469
21306
4456
47894
38993
57201
99649
70353
81711
17290
63526
25971
90479
82621
2419
9187
51950
52263
69768
69160
73419
66161
10823
39691
23495
33284
10775
80212
30435
18933
61068
23904
56590
81875
88149
95582
39075
87797
65934
37137
21438
45811
79459
11917
28432
98229
37455
96733
50491
7222
82245
40262
73382
93067
79952
13228
42702
7079
93439
73136
26011
70858
13391
82600
69084
1539
94533
24510
5687
60466
61646
27125
6277
57457
55393
51060
55685
92847
47792
22528
16420
46388
62789
6153
39454
59092
19381
82155
66170
29171
71643
8532
29
1385
91131
69112
19276
85663
93622
24962
62481
71619
68438
85109
29075
23830
36168
1112
33028
311
23639
49447
46699
2779
55600
86152
61870
91332
84659
28040
20502
72653
36571
20530
74037
44054
5994
93312
46068
99615
34626
24900
87585
19415
10008
16660
43245
46175
17771
92624
62838
57761
42071
9536
60539
14022
12039
38760
5353
96697
83151
42206
69349
19722
79088
59738
80127
85081
69401
42546
1047
4026
67446
88631
23441
77453
21642
83037
39980
39412
75660
2817
13524
34082
28704
90414
48103
40742
29174
69807
37439
12324
28365
23139
48397
7452
82876
28523
92532
52277
87421
93578
72654
54866
98560
96094
48670
20202
95482
5001
75965
71142
24169
89489
21575
52872
79902
86030
9966
9075
72188
47404
37751
552
70542
86147
8003
69770
31022
534
22046
18442
10463
94699
89659
25375
7145
54680
45576
2626
59681
21540
90119
201
27380
28046
69425
23634
14075
79390
49060
86262
26793
86810
86814
13686
72957
94816
99807
20330
11702
21852
38771
38516
32903
44781
63890
56399
99460
9465
59024
75492
47357
65495
75693
74736
9892
45117
14721
23966
24506
63781
26579
67650
50590
13392
97687
39898
24560
97494
76579
52613
35697
15349
91128
84951
76481
55018
41349
75941
80834
16725
51432
28190
98571
43476
19278
8462
4944
50350
32427
45801
14130
59005
13450
81072
88749
27489
20969
13308
41334
97548
65920
93382
29248
73399
78333
22081
28416
19681
98021
9250
36405
65804
53791
34975
25632
89420
43436
30575
39770
92214
76376
70251
51219
6177
51322
56319
50017
72291
69626
91350
86190
51897
84732
31789
25295
79416
53869
70063
99096
68241
79312
51853
50397
49454
3179
76028
55226
62967
6602
11347
55180
82977
81597
22750
5506
32919
79068
55522
21561
65045
46872
24102
33293
47955
55890
58588
27370
26111
28650
42817
10703
24313
11021
61099
90118
30552
37126
45343
93518
60080
56689
65049
59408
54638
4151
64913
87556
99570
20435
9116
64615
83658
49569
14259
47964
21810
72846
91685
47920
17847
50853
74975
42159
61874
36073
32277
92425
89551
93971
2294
49630
67012
67342
9037
21649
71492
90302
25556
87414
27088
51023
68380
27097
591
82638
75060
22400
55484
66744
86672
73330
33948
77998
31841
95821
14070
80469
4597
19972
74439
6890
69601
57802
74232
94990
95802
62075
1643
21357
49488
28730
88731
34219
55826
89321
16857
47237
28073
88692
30332
31096
78373
64279
9093
10213
60100
39514
90681
64696
59486
81472
87938
45438
55625
78521
56779
51427
56947
58421
89135
6435
87150
77866
57005
59327
83538
73861
6563
11610
62552
36894
59057
40925
1173
68149
67489
77624
7663
74522
58671
67148
72345
46608
28937
27969
41480
85716
95747
98427
44136
84882
21213
47638
79099
78217
6964
62636
52078
29879
90598
30981
83124
49654
88257
84296
34155
55746
78271
41817
46619
53294
25316
18963
16253
70604
46931
57733
56319
59030
56159
16807
60263
77371
64444
55713
71939
87759
18348
24016
17637
25297
71349
761
91303
75957
1408
25457
31702
96031
83625
94672
49324
25292
13634
65576
12247
76917
23308
68566
35946
95818
85372
12560
73188
66167
68272
45127
53925
2971
85494
87914
44620
73194
88674
35922
49151
6433
77730
97204
2463
77706
91876
51786
19349
21861
17362
31595
98777
57021
160
51074
52839
1883
79985
42378
68049
48256
3856
21974
51227
89350
26239
12198
78895
14912
48119
28045
37696
42200
41601
40159
19905
33476
8296
39253
55336
42009
70847
70465
99030
87359
37890
68220
89241
17875
10597
73642
66130
30805
11967
33708
36506
38205
45905
15400
69468
10375
59797
7163
52574
1397
63673
88830
34872
71969
44434
6559
13977
15281
93375
13006
18991
31265
97577
24583
49139
24526
98224
31620
55330
10190
81680
91835
48394
43936
7234
34213
70663
67030
41376
39588
68426
5048
28418
19649
77016
72851
42560
7345
4483
35934
36702
39825
83550
34279
64408
49040
58804
62631
80660
14133
89173
78691
5967
53918
38978
29552
88131
9640
96582
45858
65580
81359
67257
93997
17360
60625
83199
59919
67969
4034
12204
4670
60210
95754
55300
24617
44793
14103
3600
41804
44587
92772
36846
66905
46689
75824
96457
51171
1815
9390
97028
67394
7100
80637
77742
40811
41261
77293
729
9229
81326
29285
13898
41535
25038
85550
82504
86182
99652
86103
44338
60591
95226
81183
27495
58266
57006
40303
9437
75173
66044
22816
42566
89496
3452
36660
30306
44712
13952
47387
53940
11629
76671
84190
69515
18060
69739
52018
20593
85742
38120
64930
62684
33345
46113
6531
7963
19470
46833
17399
94642
29229
56566
53560
35076
60018
90219
81733
21081
4170
29119
91373
15798
22141
91914
1664
40200
78004
53682
60793
63745
8153
25722
26429
57850
88186
32959
65812
24008
96143
83210
35001
41723
56127
88560
93150
32496
95130
74883
53577
15651
4001
61301
47800
26142
53214
49464
82693
31217
3145
59837
11313
27649
85559
54093
85498
90096
3403
51309
14103
15898
50870
49104
73972
6997
54015
67122
39492
65497
42004
9420
81147
62356
70720
28947
4849
40285
94762
87542
71501
14258
47378
99166
41906
49288
69610
27404
55736
73013
78712
69838
5262
45934
35293
79233
52930
5660
46354
8773
71156
4709
34545
68654
83417
5264
13952
88265
61901
8713
92158
49753
22970
39536
48918
64876
5175
18528
8631
60910
7892
3694
47100
13153
49627
98744
92385
18908
20755
55091
44033
8262
76151
78577
76916
59567
192
7219
47832
62092
15932
56341
11845
55253
12228
77114
36480
17403
11993
45110
94664
36236
48804
58115
49388
14782
73211
58125
33690
93965
29567
77722
2227
5717
72650
95494
81636
72841
2712
45819
51285
34995
2159
79481
6600
14387
56594
43079
48141
84939
4541
42804
21174
69696
17271
86914
84477
90481
45038
34518
84445
90956
12239
3023
13024
84888
98516
94659
74081
1228
56829
25365
52574
58988
4845
59173
89726
77790
18604
37866
62728
23144
97021
254
92839
14291
87167
93667
4771
48556
28185
5568
39511
56775
8590
68886
58015
7106
79897
32095
24685
36725
73811
93610
12064
78655
52783
1789
72796
71386
56006
51876
94529
53027
52129
3719
67317
55647
13737
88440
4202
41921
94007
60064
98696
18948
28949
56710
42405
8845
88804
83441
61922
78966
77051
73985
57620
29833
75774
46767
17570
31779
98642
28450
1157
67122
32168
84826
22768
62256
73265
26969
4177
83623
3384
2872
2570
32333
75933
44975
57529
81088
28415
19450
60053
21817
9787
34024
51649
85560
80790
69218
33690
95784
14019
51199
62905
62538
36024
2025
24794
9288
45345
28970
9262
48729
48193
11831
97413
24125
73157
54941
21564
17924
90743
81616
39740
529
31991
7741
2440
12780
93310
52481
24915
7329
3679
4172
69866
56054
6196
94659
65341
51540
39980
90954
268
88172
2785
97680
28648
92293
68973
50211
10216
76067
48178
66308
76595
80168
74048
95386
9300
83709
47866
34214
91037
67897
38385
77255
23950
60932
88265
5643
12472
28245
96596
12739
32768
15732
26771
77768
8025
12095
44330
34592
88161
92508
17251
64755
89027
7650
60140
98326
91359
24357
48892
98747
92253
3628
76001
16203
64560
64266
38197
93383
8862
34792
22473
57981
66876
49243
35748
74900
77689
96430
25843
65849
88937
43094
46955
77963
67095
23446
92641
58453
47803
57884
57200
56407
61511
33200
88961
42422
13817
27157
35804
39030
78301
58277
97011
45176
7519
49110
36427
1560
45539
62269
67408
50827
21714
14363
45142
88809
37808
37782
63613
1962
12017
20812
58369
73527
70364
63681
15949
532
90838
51752
39562
69138
26380
52924
30665
50251
18385
67091
51810
63924
45711
19217
31102
67425
49931
76243
72585
4091
30376
52549
6052
42392
73361
80772
32271
60076
60805
48219
60607
51642
16322
16520
37131
42702
69443
67795
92952
87828
51237
44761
68103
96947
80329
15556
80723
30260
91799
69659
34350
22174
22208
56753
80918
95568
53877
13188
55643
14681
77758
32601
82674
94079
49121
19804
53132
34915
3950
62435
39094
55186
23547
7196
68484
3876
22752
49207
50487
30902
18865
1188
69427
41072
57940
50344
52991
28168
79883
8633
42848
57640
57586
25521
68071
6706
61676
21202
41620
81977
99989
80714
37162
23535
4261
5646
27410
43364
71204
94248
74265
90068
95435
60044
31140
53375
26739
84130
97894
6622
9115
40742
64261
66700
82614
32331
89757
44290
69885
47728
26266
69873
28441
79780
9759
49054
85425
53521
92417
56628
47768
83034
63047
43203
43077
10538
12929
86167
94668
10822
92788
20134
67915
73401
3185
50529
22083
9293
94818
8319
57020
37435
78191
85461
17214
4302
50866
18990
57822
43282
91969
5589
42667
55016
65143
2095
65553
94423
88262
76572
5245
97401
13057
89511
70801
32593
40039
92884
41885
34856
1202
98905
88643
95745
717
5856
46
51582
41198
74219
11215
33166
79807
70234
4533
61302
88680
86438
55724
76941
63009
77320
74342
92418
66831
61494
25010
6869
54377
66895
58077
71931
82151
46719
84027
99219
68926
84072
67152
10123
58290
94718
59641
54448
64951
64173
32101
53631
50610
87825
46923
29971
81496
37616
22388
48326
99110
63749
71547
69838
46995
45975
58120
29145
92693
42146
44715
77970
42569
11866
4445
17210
6584
64085
71658
87886
44609
3758
57868
95219
7934
4791
25189
89430
58758
63928
54107
74219
27676
25653
44057
74671
71627
18528
20167
80671
60674
64882
74993
19594
93099
79437
36804
99682
59873
24813
3920
4481
28570
61787
99699
52856
82929
41239
42285
58039
21518
12743
32257
65546
38396
92665
40216
26374
11193
76734
7045
88218
57967
82037
7811
51066
77825
44614
67099
37697
69426
71018
42177
14348
49157
58228
67203
32085
15818
25839
90123
53688
38581
38732
19233
93328
31396
59448
19702
58940
52533
43098
47157
10500
25134
54968
61565
19310
15933
28663
57006
85359
16033
15534
16058
65189
73761
99612
13625
5931
25450
20100
59618
80382
58831
78850
90062
90226
54649
9763
49166
7181
52860
12674
34032
94345
67641
95596
13654
99926
40611
87011
85284
72995
2544
17693
38183
92657
17304
51807
98587
42753
88258
74556
39486
47088
69757
29547
53666
24405
55661
19183
47937
24872
31856
81969
19216
15849
93916
49221
15774
50878
36231
17409
23872
38775
35101
62054
31431
52404
30213
46369
11508
18470
37276
67345
81910
7032
96892
35575
31436
68904
54757
95724
93776
86612
94044
29343
2460
87960
78564
34585
38837
31146
51993
62709
69920
87093
41114
17702
55848
87678
80422
67355
22500
17697
34700
4409
24728
47943
39983
72515
16846
11091
68239
26973
14054
62282
56316
32866
66593
51231
67450
21782
82376
35795
842
68648
22887
41955
86349
95087
45985
66771
62441
68484
84467
13492
72892
25547
77786
29226
98061
10984
56668
82651
37956
70721
44933
10623
19938
27877
61853
87388
49658
60581
23182
50499
29228
62420
92454
31928
57506
54790
15050
36299
23273
15869
66142
96164
41415
43928
41741
55827
54911
98408
38478
9218
85480
83410
19841
5418
27638
98045
9157
77296
74977
48690
27794
4204
27461
36599
52484
1319
91388
83885
37617
14660
99753
20110
27175
57519
80389
85267
13346
35299
26
68175
44517
85506
67936
80709
7275
95573
78753
32783
72868
53730
81472
17014
74285
8932
53612
43120
10250
61352
27005
64218
92363
43109
84328
35890
16980
64716
21156
46677
16367
37534
14851
77235
39391
82786
57943
46665
78358
53047
79447
67578
23128
77270
84591
13765
86201
54554
73236
12803
15905
240
77020
8268
59701
77699
44157
93032
58767
81664
39708
75133
19197
54558
68719
58587
53695
43013
21603
32052
12411
17401
15981
51891
94670
571
65655
80871
55125
38890
93673
71029
55482
87044
95648
31534
64743
56156
24565
39861
54172
80624
31345
73368
51533
63
48307
5227
43075
86261
53630
71837
3662
69611
23727
98331
70181
89381
95553
41657
44623
5577
12686
16456
8973
24685
47989
73715
80841
88905
29927
51364
69528
61271
41083
21060
61333
89389
26286
20759
92002
96267
92595
95663
65877
32674
10345
52410
38406
22250
94066
83028
44178
23103
99483
53150
47788
63823
43216
44980
52727
73142
96343
22254
34412
37425
43313
12096
43166
85950
32854
35167
82217
41801
47181
48093
74474
57525
16854
12879
96126
10920
12259
40304
34022
28093
93453
98161
91916
53021
43140
44642
26162
55834
83248
60574
93259
26560
89021
52776
28862
21875
87942
11078
80027
51474
75522
54500
8998
92376
83730
21476
19647
12340
61779
53668
40433
71583
51829
32348
24603
11320
93341
50765
67154
92940
27690
76764
19500
16710
45891
64713
54936
50184
75790
34962
1657
67663
5813
27006
60038
5895
48481
79684
18234
10259
49704
58666
98194
17884
7365
22796
29203
17058
89912
12708
9997
33953
5823
45848
50663
51713
10560
21950
1896
2701
56912
19904
70364
79076
46910
30401
84970
95390
26437
19556
22001
76140
78221
36546
94023
1938
59341
39577
18995
65605
68637
28991
99557
74459
91191
50219
42524
1750
88521
60771
4451
61784
80675
74814
40859
43936
21566
42181
55677
48002
61736
94029
40493
56308
30574
50867
74597
89915
6796
9943
55519
75432
38934
55075
66242
46476
21646
25117
48225
26518
85888
52675
88301
82914
43840
29159
43201
81758
87691
98877
29759
65778
92906
86604
38438
23479
53822
13034
29745
60617
22977
1615
52400
78262
73042
18642
24737
11039
43758
89313
37556
45997
58340
25856
45262
2179
71366
88462
83936
75409
87339
30047
41186
96596
33002
79623
36426
86823
9009
82523
63792
48337
84137
16191
26598
73530
51184
67686
84568
11294
56998
38475
57290
15337
80682
18904
33868
68400
7365
34155
43808
94703
64201
84993
7650
13554
80968
44076
377
6328
26598
64168
54664
27086
96710
97613
616
47894
65298
1535
59187
38647
40010
32828
70336
37043
51731
4203
5442
75448
54709
49249
86502
35262
50594
94152
48815
47913
38227
49191
54240
81176
29710
25255
8261
42772
22867
25228
90665
4516
26763
66203
59514
83124
15382
29849
20166
83465
50403
41960
58912
5112
7560
45413
40373
58153
55916
5539
22417
10494
71082
76656
91669
791
18262
16282
59914
41128
41509
50578
61995
84623
33132
37861
67746
64866
67709
4264
48330
34464
62575
23593
55927
70134
69005
12651
28287
24921
18189
50703
51766
89270
43711
43435
6413
61972
59716
66326
19452
17576
16904
97798
2199
66387
35658
69944
31252
19719
90559
95933
54182
53133
19525
10108
23267
4882
39110
67905
46154
57298
34959
97919
46568
95021
57705
52980
56993
17420
19305
92796
34996
52560
90593
37194
35299
26251
23489
82902
45969
14048
78835
16502
83532
14711
42961
23150
19592
82070
91054
82097
55719
42365
80016
2286
37385
37720
71617
94377
71492
7274
3524
22839
76185
94117
60032
11483
36719
99872
94385
99039
30271
89571
31892
13803
4281
74852
36952
40225
73273
44358
22321
28991
86722
18688
47629
24106
56408
35597
34835
44251
42870
38358
67089
19055
48826
43472
46889
85544
43343
41273
934
73614
30843
32825
3768
51476
24028
40719
91700
13652
1428
14020
58995
88149
32708
6623
12255
5467
58571
47089
49717
1441
1798
16805
36847
50624
76628
83735
52519
19970
41360
53453
9935
88554
2629
13702
40029
26657
70773
31728
40308
72200
45748
15654
76701
94807
38628
88955
273
97199
52395
66341
98639
70544
99497
51837
21167
76124
51923
73686
96093
93282
43490
22380
81836
46118
36081
38216
72774
23205
69944
29434
95405
32043
45087
88457
43201
83715
77411
43473
97265
46157
9813
12255
33052
25661
64091
54219
1784
16013
44256
14228
25647
87745
36607
7482
33862
89040
45697
22988
12244
31992
68773
24000
80386
30211
12456
23586
30277
6218
67058
27541
68726
93222
39795
1778
18882
3885
55996
37017
36250
251
51245
61896
4347
87851
85729
38208
76890
47777
77547
5486
96121
46319
29485
76506
76530
41941
92
6806
64510
83501
34347
33236
93075
74141
35013
11956
94378
7360
65325
46979
23962
16569
25226
28308
4419
10954
66515
97661
75082
60414
3146
71202
6732
48982
47708
83261
90922
47799
6419
55432
47651
40765
5019
40725
31257
40031
69033
41986
47390
34357
88964
71351
50925
14189
16010
71695
41494
98876
85707
16576
59289
5204
4129
66021
54186
51836
65633
45107
15986
72051
16890
79989
12815
21908
20713
60424
78290
89745
2409
42031
40453
7725
29733
7729
38265
45742
79424
96111
44618
81482
29038
3906
86686
33166
86278
40871
1354
51911
85977
33691
23961
19219
13679
53128
57478
34392
29903
35768
40488
48663
77798
80941
72739
7531
88669
11004
69624
84444
23466
14241
65926
52503
34499
52611
85668
37128
93481
87021
89038
95809
37064
29351
31379
50742
98830
88857
85133
28732
40976
41973
93746
18773
22913
66485
42655
27933
93840
12279
12377
17305
42871
94654
69807
93721
47264
71826
30849
57096
75199
19886
52904
12262
65588
635
63003
80769
89491
64488
25852
30466
6460
19598
65590
45724
2434
24597
90008
96273
53227
2384
13577
96097
13389
99735
89818
60652
87912
37018
34099
63110
56903
3355
91723
38843
3989
54726
19611
93479
35565
45463
40296
58376
81412
22237
20451
83845
46833
10458
80117
16411
29194
10045
12508
42582
26131
18677
3234
14042
55694
37332
93504
28948
40686
85226
84142
61026
56303
3753
54504
91867
65567
11151
50242
46978
49740
87044
47174
12924
97502
27290
29335
26695
53686
58194
69276
79816
76870
88861
10209
48915
42545
3712
77862
83230
88938
62004
60608
45240
82108
31463
53459
64026
42614
20052
11003
8705
7096
58176
21628
4597
1817
50962
47643
71854
25507
16918
51669
2376
22131
78229
51290
64675
81941
45504
64256
87230
23859
24863
48821
22318
56326
2279
86343
15291
22331
97345
23995
45778
71872
45622
50374
90040
12936
14368
61893
38442
31285
29913
57170
53415
8141
24811
18089
6433
70314
98697
93662
10524
23559
42483
32841
79884
61113
19183
95174
83443
32879
19168
29220
21102
81142
95945
11141
94077
10312
73033
48870
57949
19297
6039
27715
27438
30850
62156
33870
17515
60852
43884
28039
84410
2718
77231
64294
63830
96414
75819
47273
45644
11339
92844
66746
92480
5141
94238
2908
31804
83623
51777
89752
2919
74168
17467
30356
21369
79622
80578
38883
56825
40813
83273
41234
43530
76856
21879
7359
89621
97698
70983
35264
9036
80179
18361
17867
85319
12599
20774
17122
96221
88902
23226
15491
63069
57044
62199
84437
36665
42776
39672
93489
83588
39296
51074
27117
16151
72953
50827
22123
87002
21810
57387
12389
1988
92099
30255
3658
4697
51028
37131
17269
56281
60356
32760
35702
17399
11310
36490
70415
54085
76161
80255
54024
31809
47681
97492
64311
20633
48318
86434
23986
86479
60172
36374
4818
52270
66628
8475
56967
34007
61958
90587
90287
22313
39698
25988
56064
51007
78830
42830
21443
54990
23085
91818
3150
87117
89309
67461
7749
53979
53894
48086
56809
14065
84459
61627
82686
51086
86453
39652
1444
48410
46591
8082
87075
2640
50422
43138
53647
29251
2319
91441
592
41755
83259
3742
28871
88919
87554
36619
59249
57799
84704
16058
88215
85514
94036
70900
52951
96840
26904
54394
61602
73494
78828
48676
92485
29249
8165
46131
74851
26835
53924
75442
68590
37182
95535
97460
42452
83088
50431
1701
40886
35134
34110
29100
37000
44497
16352
89950
57688
43255
60696
19289
33100
39523
84316
25584
85123
8832
88067
59973
35667
41990
51766
4256
95523
47301
1715
54326
30388
52145
72378
87626
3631
22839
33077
56982
67335
49428
46931
41375
9034
23978
60663
42133
63500
61331
84069
64974
70162
72135
41298
22180
30476
93064
42787
42350
40364
44502
96675
87103
12998
69053
74728
32980
91891
24157
89961
75578
73584
36892
16952
82618
77221
93966
41102
40721
55296
25170
22046
41810
13656
63344
63989
44131
56407
6776
86480
96770
67629
99507
224
96978
68559
74952
29958
76801
99108
19918
52378
89043
73161
69329
88012
50382
79647
45466
7454
34942
86987
29499
93103
643
9194
57092
61125
65600
80219
63957
78721
64199
79815
78945
77528
48373
70248
7485
25173
85707
43755
93903
91101
33267
79583
95465
100000
59229
40930
23805
10523
27916
69656
3625
44910
78849
77068
22387
60801
73638
2695
39521
37836
82509
34817
15364
30881
21416
39200
72405
23474
99306
82659
14575
32573
62242
10039
32572
37822
67320
56377
48344
95235
26032
51969
56497
4880
29036
78883
82032
2674
81577
21553
56861
64085
72721
88576
11317
94137
27776
73
33962
27081
82732
48536
76005
61325
74926
24929
99146
42245
81305
63842
53832
23688
15810
26680
44919
61197
21914
26951
80222
19842
64855
37083
83926
37575
42010
11594
48063
86137
28018
82025
29570
27101
46912
5574
88425
38190
30502
3923
96786
28158
84116
66969
51845
99925
93648
13116
77473
15561
40066
57695
35402
4920
11129
35679
58846
53138
63624
23261
55627
91642
5285
85196
35094
68548
7121
39871
23089
37623
43793
19875
82132
27908
86843
50329
44184
96843
63444
21656
28755
3509
95702
64157
24780
6830
16187
99977
76320
96163
23237
31946
87804
44873
33493
39249
13421
40613
79119
52861
94587
39263
72735
76719
67170
75930
43399
27705
72772
6842
65713
17878
26702
61414
82034
67833
84596
14573
67809
77267
10735
91046
25564
14890
35918
59056
54138
65690
16020
33257
18551
10607
72519
7637
3677
56041
83566
47075
97
72689
70268
82161
90567
96969
43575
88952
64801
44522
19876
48961
38140
46962
40006
63703
61851
92276
39110
32341
57965
55129
81949
92867
82087
70819
504
2115
43211
421
65541
43308
89462
35808
25468
96380
49128
85394
1683
30280
46267
21559
79241
84406
68520
35598
64460
46723
27873
3569
79063
2190
75050
61011
11408
73488
48181
28263
75603
91392
28684
57495
34699
34497
93303
76518
30876
58782
78264
48910
89062
24530
70468
68302
25288
55340
3899
89747
2062
48124
9668
97476
50313
84717
74838
61720
58204
23018
89983
50158
14409
35018
24005
65459
69514
33659
58329
16741
92440
36592
82002
81501
61121
68822
66154
86408
24161
86405
92507
42574
34528
2174
56401
84840
86890
31238
62911
61445
70607
69245
27955
1368
4262
51959
83178
90127
1969
41506
23219
94408
78097
5221
92261
55570
74042
58414
58329
14554
44818
50835
73479
95697
53008
29879
96888
56249
77468
59799
34046
48074
29043
62000
65793
49657
30310
48971
56135
32278
90476
95706
43037
84925
17278
35297
40494
91319
93711
98822
22224
54880
49657
95702
50577
19016
25580
47464
75265
19399
23614
9310
67472
69009
87661
33265
35017
17970
98587
91151
66599
89062
3208
9635
73986
20485
61284
30831
11803
54994
46005
50378
26225
12013
46079
93153
31028
88010
40617
22644
7408
80582
31953
91232
49590
35965
40848
84606
70286
39434
92109
36884
44847
95316
62871
35185
15801
24154
82367
43955
95499
28371
94333
21723
40383
56763
31228
87763
61125
71844
10406
84884
52425
58711
92467
18367
94675
33314
2972
64961
89099
11432
1844
50298
6748
81066
85482
22548
5219
67848
82854
17069
12571
77186
55144
52953
50301
86371
57067
11425
74566
67473
12660
43342
26183
5127
61708
20857
54792
81032
85817
43891
92463
4013
10540
15562
1430
96021
54461
23001
80220
37315
40069
92790
14500
95212
62095
81152
97934
19161
92576
72499
2985
5236
15841
29167
26714
93900
66376
81505
91283
68544
25395
98
88908
35934
15659
90338
48306
70120
13338
44878
7434
53406
54019
38285
64970
32465
19437
62903
67978
28364
51754
70962
49951
83946
16481
76664
77845
99208
58169
85480
67751
99915
85577
73011
52201
1235
63348
16858
71354
93037
61735
95139
62794
32106
33424
44115
64570
69212
23370
32547
13927
75123
3509
63878
59068
36341
56893
53264
35548
31413
55095
19650
47680
40671
92660
99880
41906
72359
33089
29611
65395
94824
41102
44541
43281
90877
88655
7850
60088
12024
40397
74014
87146
60257
54243
62565
96597
27488
32181
32144
58900
87275
68145
6579
27946
60805
22810
86203
33163
55899
32165
14910
67074
89618
59450
10354
80494
48104
34555
40581
60128
74951
30947
63625
51559
1541
42542
64507
29028
74722
13002
87928
78348
81147
10858
22645
41951
33668
8847
75113
5918
57364
90022
72991
46981
49471
99696
27475
13927
34250
84407
74054
25553
31705
54030
77111
33246
96571
41618
62273
71292
54619
66552
49640
35765
93762
72284
94067
43781
97483
85532
49698
71198
91905
39040
34530
41376
55087
62004
71654
5688
62763
62059
31240
94467
16088
24703
44064
12659
82672
22689
302
37290
5592
49941
89407
99353
38577
99825
43133
52411
85356
9182
23608
77261
64573
58137
34988
19659
36493
6641
25347
15607
68699
56586
10073
84786
97640
70489
13796
80311
93177
14098
33953
98768
64038
23359
98121
18966
39535
57605
71376
24891
66787
11335
2151
47711
85824
53490
67370
22316
60130
9068
37922
45180
82005
64346
46317
79645
51186
60113
59955
44362
74210
93907
59482
54599
33617
73954
73565
73152
31558
61292
98042
14696
88979
16544
62407
74802
70033
46128
97117
46514
55195
51390
91693
37199
32087
38009
16843
83273
14473
93150
43986
88682
87056
3467
59633
20673
77420
49549
10176
25330
10840
24569
40025
99818
41112
18783
90971
27496
64910
88087
90361
36456
55828
98405
73655
4267
52765
6849
3891
67238
99998
47876
72271
87054
67695
31903
24078
61466
81451
50605
86795
8643
75173
43172
24812
32636
61954
15783
76483
43216
20221
66843
79671
92401
65247
69677
96667
18011
76526
16909
1600
92875
81136
73871
96280
48830
5773
20357
10296
3576
87313
13442
12218
62485
56613
37029
95120
34919
69163
87954
78134
89384
54796
74156
81784
36394
60185
94802
70757
36710
11710
72356
45936
92845
46226
42216
58027
68351
78924
84674
71926
66237
98115
84143
28721
54728
37523
40193
89646
23038
28146
67779
12421
99294
58286
10556
35687
18470
21709
22795
71531
49770
95151
17467
58966
41376
59682
16992
9726
54957
1665
98003
21193
99780
98497
66266
54507
36020
6458
60504
75409
50955
28282
4181
66600
2919
14736
18639
21389
52796
41433
9271
2565
36583
26737
61530
94311
2770
94874
20388
57727
12890
18391
95271
12669
16887
61536
83527
69258
67993
44030
44666
35300
88663
48846
1899
91582
79933
20537
29322
32728
61970
38592
51644
14904
81681
29526
9214
802
40751
29602
74880
53640
64344
70151
66309
81230
31686
66187
50488
16031
26569
95153
51330
15231
60351
69580
23164
40283
6469
68837
89363
84790
23781
41006
99693
21813
86883
25259
22614
27633
71212
97494
81273
35555
83996
63933
16784
32033
46471
67271
48063
73039
78776
15744
4622
39126
1676
27785
95760
8144
12974
85122
92933
36754
42480
8977
58566
45714
34235
97531
73347
5446
11376
70971
41000
95371
51255
74136
43756
97725
57758
91818
70764
52885
23914
91737
92010
25589
19521
4122
33732
48846
5595
43016
1951
48074
51992
76868
10140
86227
74399
83486
8024
2126
70808
65376
13849
38414
39511
57604
36138
13620
49421
23253
66505
73334
14989
74866
15274
50862
78987
49005
99707
84582
8372
1658
49007
60364
78525
75498
62942
69275
75335
87317
71401
46142
52692
85249
84555
8554
42852
37045
22174
8624
60297
5030
98310
91638
79895
13583
58851
58882
78940
58557
59815
87311
76566
25173
47674
71443
671
26967
40717
76005
14284
28469
38499
66975
13717
39405
91881
72920
76449
30406
81544
53098
35435
79853
61087
15329
9787
19937
90562
88726
94845
66728
76037
71411
8253
40062
42853
25275
67029
99921
17631
81312
28390
56129
64638
58458
11886
72870
31378
4686
3275
29273
74135
55061
25477
35221
70390
35263
55157
77303
40341
66354
60383
16377
37764
68635
72790
96968
93909
39818
13240
11539
37481
57981
84020
2119
16439
12257
91340
64168
16942
94615
9792
91077
49675
35268
26297
36416
86882
97806
30071
27222
64159
90453
59950
18274
75439
32740
31593
69347
88909
44832
97237
42742
19165
97608
61212
35603
9864
52551
16122
43158
47165
25913
34234
13192
77532
76882
49607
64413
74687
79677
7987
55197
86481
67936
73470
61919
17027
21414
47617
22288
66246
61206
65029
85410
58813
26240
37364
85029
78790
69837
28186
42307
12101
62419
55498
89632
39300
21456
70396
30339
17485
78382
85535
3965
62670
75357
82236
96048
96770
29852
18335
79367
91057
83363
81128
66222
25954
34843
51250
4744
4679
95787
63402
16779
58205
35251
22762
13856
56706
93158
60546
90542
87891
62433
10859
50560
37789
93094
46608
50910
39297
64942
46629
30354
64657
44108
12927
90610
78951
64176
11705
99981
59962
91458
33112
34518
26708
55873
64725
83414
65382
25271
90307
53273
87703
1165
3832
41843
94258
66791
9104
49907
48085
55732
96612
12741
16192
9538
19702
11494
90065
47759
11474
66378
39216
60937
17247
65924
16810
81971
65689
98543
7241
55995
51815
11295
73512
71999
53137
84121
38789
78593
34027
3225
34324
30638
15965
66867
40175
52019
78360
46591
16129
89834
12968
55344
67122
30214
37619
83931
12185
19659
82474
35777
92006
50640
63424
65517
22638
32912
49637
77779
11504
83664
81003
62180
