10000
14301
13320
29046
70828
65338
7406
17418
97818
13591
46738
53161
80712
76951
7132
80995
5487
26790
79820
57616
35147
30459
21039
663
69449
70302
50300
47227
81806
50315
44581
60337
80967
57900
89382
51794
39589
13139
85564
37406
43081
32301
6919
40145
25603
30402
21139
31090
57191
17310
88705
8690
47768
26095
9352
33568
96396
76003
97146
94553
26317
41727
54889
7284
15978
44271
75429
71919
73761
60992
25676
16842
9644
48946
56986
35247
79347
94476
66336
52890
11785
71392
61579
75904
13838
87282
25824
26585
63285
22969
21138
5953
81047
76026
13236
13377
36648
5017
1647
26761
82360
27322
59954
92004
92620
33291
43602
71966
27766
26289
41207
55902
14032
2785
48157
27869
90067
73980
54453
69703
96949
91942
75655
94347
84320
5243
7723
37319
10259
9369
64079
92618
53043
24032
973
45662
57322
44574
33979
1439
70862
75186
57340
1245
94322
5497
29113
740
95828
99918
70442
92776
91859
46097
3475
92530
51339
27549
29849
77949
36918
93927
86918
6312
34311
87891
68325
7984
48816
2303
9423
36030
77488
83114
37274
71810
4962
82739
88901
790
82656
59343
9917
90866
5439
13391
83396
73129
40940
29596
51077
94209
23522
37994
16872
74184
42236
85196
82168
7404
87498
7942
43433
81338
7407
80706
69499
12369
79796
58399
13158
62451
17741
39426
69669
39531
52817
53064
29011
10108
82659
96439
4316
22532
50785
21187
13068
9372
22734
11587
16775
10231
19528
60207
91568
26934
57265
77418
55654
37060
35817
68811
15863
69909
8237
85531
25792
77405
54946
54802
87512
53956
67593
8179
92839
18377
45717
5906
27748
68450
17492
44523
95032
53371
21081
2952
96657
78345
80369
52310
31757
32537
37473
47619
2446
62061
49501
28237
39465
4446
99390
43328
58401
66982
51506
51239
1710
13574
57145
29458
98375
90988
90332
93406
44359
11412
96357
57367
6109
93078
9676
54217
25614
47148
18187
28059
9208
67687
72647
48672
72132
88389
8351
30532
71722
76208
98122
73432
89781
71618
19241
88155
62606
25924
81561
23316
53687
94269
80682
76147
87346
90357
30363
12960
53857
48549
57370
63064
16235
46369
28088
4718
34757
36438
35249
22830
12646
49723
96261
18778
21340
31853
23285
83945
57776
4845
23612
11463
15465
20645
3961
2811
11002
34324
32122
81210
99224
89491
44273
31811
52211
88712
36528
3319
25150
88129
26149
54147
37851
38761
72924
59190
70614
12560
59487
44741
17404
83098
72555
49221
3743
76516
68383
31096
27191
504
12305
26414
6346
72929
58224
58557
61641
94752
61875
3142
82880
4375
73640
20730
43136
62915
79919
30101
75475
39405
74841
9230
38855
47396
58450
42597
40263
26832
90044
67453
27335
18700
10218
50033
91628
68442
8589
69620
79545
86815
72761
62424
7542
46400
99505
50677
9315
95775
80777
84789
51532
71969
94018
90386
35716
68820
49334
75978
95651
55729
59782
39338
74428
70000
89370
82407
38441
14310
52027
34337
17476
41139
96760
25017
3891
12616
92045
13205
8390
89173
14345
76273
61142
24714
83010
96857
9885
48695
89187
5536
4423
65320
61225
95202
35319
66946
77609
90111
97607
29635
24447
31434
87125
37558
72803
91015
50173
64847
4219
74915
54020
34915
67539
31513
75981
50549
44721
85865
99243
50259
7752
20018
15579
68976
15219
67249
52273
92827
57360
49879
38813
98158
97665
25938
35716
70467
16952
2240
35313
37523
93506
5684
88789
61045
53548
81121
27945
14621
66986
43539
64879
74737
63556
80457
60065
95127
47706
12337
4305
21417
78568
59470
19574
76232
1759
71641
46698
35062
90233
98362
72584
90
20398
77725
77486
90297
58845
5430
4917
42182
65321
69796
16919
28876
66604
93335
40354
30661
22023
44659
52077
16942
20480
88003
93173
22238
75995
56222
57299
66227
70936
46235
66317
7685
23959
43802
14333
99155
65584
19250
41337
30904
5397
74607
76131
72000
67941
16485
19013
6315
77495
71089
23257
97974
75443
32781
20211
51438
5355
93861
17664
92642
40095
332
16678
64053
60486
31010
63208
26069
66611
20896
73324
72007
95502
49454
60359
79794
82290
95723
86108
59784
83163
25716
74109
58606
74849
10671
10043
80203
4532
44058
89196
44626
60742
5873
25031
21227
53234
4590
63647
19845
25485
36970
8203
20986
2775
84913
779
85065
80635
3238
61200
63798
45306
35309
22403
20154
45979
48797
16708
50510
9206
5903
11488
69947
28127
36518
7525
81360
41107
87523
1204
66591
40844
25759
3928
43619
27023
21058
28683
7658
24295
6234
87807
69600
41542
26561
6105
3873
75357
22812
70734
914
28714
82221
87213
56840
18738
94737
38200
59844
98612
55755
26434
39455
97865
30361
83073
24888
67770
28107
48897
92065
34341
36703
78016
92234
63263
84121
96106
54971
23284
66840
55884
51998
65412
43096
25189
84150
54185
79740
43993
52796
51847
86779
8602
49711
33491
91675
90950
1261
36133
39846
9677
70473
76548
87692
79059
39810
88164
75164
11132
27800
58355
67016
79797
23767
26463
21337
24268
96999
1077
68260
66146
52923
71390
74748
18985
4881
82774
9935
6141
18906
49780
32169
5731
42680
19860
84789
82489
24376
76304
9973
52175
51011
93340
48323
74777
36154
69659
99044
33153
87087
83655
15650
56361
55045
6749
91698
76277
89522
1632
98769
24780
67763
30937
30510
10442
67148
31650
9283
91523
7953
19255
60049
58963
12594
24723
50091
48747
10734
65486
98251
14172
65493
30253
70533
36889
37001
62230
13165
42875
80213
11933
84006
47975
42869
14515
74769
10016
62516
403
17891
86820
19657
94291
62135
48602
19014
28577
13700
46099
94063
28303
60270
75907
58555
47154
12795
11907
9383
25959
54781
5947
37891
55138
70274
97111
69652
45042
7126
48519
45444
41368
35339
81452
35659
97473
46405
71024
26049
60104
17122
36463
88406
93743
12369
63312
40897
41515
75219
50279
67473
46351
72578
21715
1489
42851
35177
87492
4244
58655
36011
49687
22
87701
47490
35680
1525
93894
23055
27573
53997
40176
80388
58755
33919
92756
22066
91167
34271
13636
57797
18095
59987
30374
56162
77827
73224
91338
81670
77467
49992
17680
43505
50014
21732
90994
2045
23256
1239
25100
67181
71588
81627
47568
30342
31897
40323
68759
39415
90945
82395
97212
25392
58733
27585
81553
52911
17161
72890
34580
94627
39234
68612
54484
89247
90343
61829
7643
29951
63068
49094
97131
34655
47073
44698
81348
95321
1372
50106
34736
8669
48852
31947
34060
23936
59531
15612
93198
76691
4853
27778
87670
44086
12741
58505
49684
3083
20333
57327
49385
99752
22772
46515
34406
69844
91212
32105
65165
8936
98563
16252
17604
47414
48198
51663
87702
24080
83626
80899
17123
88478
25028
4792
32564
37768
79648
98599
57203
99980
55925
6587
99732
78697
53102
50489
64892
60665
98946
46408
85952
97508
62659
3555
61273
10856
55217
48974
34936
55194
46225
52058
43672
71252
73201
92587
9020
52848
91185
82574
69179
63462
89160
85262
58510
58613
52103
39753
35630
51048
86161
21581
48555
48819
41488
26179
59675
13056
75153
10962
68250
37729
79371
11921
8980
68923
20859
34351
21770
28395
33276
7300
91856
22436
92562
66717
97400
61016
6470
49381
12063
92630
70962
76969
57800
12449
3147
33826
25504
94651
44787
10105
32379
40509
22025
57711
9431
59235
8413
47552
87630
41689
54852
79485
80476
63765
62554
77875
24780
69023
27256
53194
78004
14569
30162
52155
43369
49660
85981
85224
44311
47119
95329
93041
87628
33705
67103
13410
92940
91868
60962
80569
33556
32165
76405
30383
12281
38958
8257
37060
24332
51864
90253
18687
82784
36766
70842
26152
86425
56822
11376
47087
20292
23056
56480
7919
56760
23582
37681
66051
15449
98642
46619
65356
47158
23024
95738
59438
78333
20347
12849
19017
72210
19453
37703
54994
56218
24896
97497
58994
98069
25224
6081
18361
48279
62560
42631
21391
2493
80311
87441
17942
95304
50412
99649
58813
89787
95387
34602
68119
15733
47450
87135
4294
66902
41190
59287
39471
82437
73136
98465
96858
98359
20897
15218
62990
99808
74200
84380
18652
70863
88172
52945
66166
38583
52594
41331
28369
47980
75932
12840
80064
23382
16326
84357
6635
57515
59996
62458
56304
33131
77274
53161
47841
14522
84730
10830
14329
58929
11561
32980
29791
99733
85925
12309
38315
54870
69991
83036
2849
45922
95875
99264
85655
12200
83620
92290
86067
59967
71099
42370
9449
48372
11882
57290
62893
96611
68119
77221
71891
96032
26552
18034
95764
28828
30342
50430
83697
16684
33465
2897
62605
29339
18512
48260
41539
18484
56901
43957
78450
27999
86326
87899
76370
98207
61540
55614
11169
46010
49186
83059
42041
75737
1092
37804
20917
47785
4586
20965
64468
38050
40214
43425
83741
58725
91684
41631
77208
64936
85587
72010
9286
88264
76260
85655
2822
37799
57620
13990
83808
6805
13400
25849
98893
14492
80004
36161
78628
84589
57126
43096
22639
13691
86520
22731
72415
94555
64361
65975
75842
49947
37984
85127
54562
30595
87133
57383
68393
44752
71372
68552
51556
84771
94400
50448
15614
90756
86609
94242
75344
60086
53689
14334
73776
56560
53416
62542
67466
17776
28516
43307
84074
82851
28433
38635
29797
31917
12369
98189
76668
92
66741
28223
1215
77492
95022
16828
84599
97982
27421
59943
74419
81109
90628
48194
54020
60396
27088
21485
78171
71955
81143
78597
71158
25927
33583
954
57843
45952
99143
34510
46043
82235
79084
47257
76078
90458
80437
60677
4791
7857
36971
79210
5318
43950
43755
59337
4345
87194
97174
82516
59149
94668
77464
30306
20595
11046
31259
94789
56997
46753
45651
3040
28987
24734
50296
21417
31543
30732
82093
36334
54941
19063
31895
60258
63012
92001
35946
83709
79195
49471
82576
38343
44139
60039
85000
81085
71084
16258
75873
28081
63011
37875
47472
8349
62609
14119
29765
10503
61203
28209
63188
16143
63623
95082
92752
26635
3435
28697
26695
82629
78168
9270
37323
38658
69308
22322
19742
40391
54931
11966
84823
34293
49841
32294
42642
28801
46413
88758
55655
7615
33319
18843
40109
96941
30276
32860
39927
33710
61556
66621
32690
56075
75890
70012
94732
45197
8685
30825
1940
63616
59143
3114
97908
25335
35408
56901
70487
98172
62011
26141
5786
95329
44983
45894
92269
91611
95105
32196
41672
56660
98816
74362
29087
91058
60725
23818
52606
69410
70995
70897
33025
46489
74011
47284
71823
9418
4185
42309
7589
66195
84801
29726
61523
46136
91971
70143
37746
87075
2338
95769
60086
17506
70130
89172
24915
47207
29342
77520
16616
16688
48417
65992
63176
38779
29627
51350
48196
33811
10010
72136
5
11162
18213
77879
57297
26535
48022
11394
29961
66711
7163
6398
84216
93644
95570
25482
40850
41263
3002
73817
74302
67770
39808
53829
6548
69435
5178
71095
19597
31539
59582
35954
42700
94146
13832
99997
20680
78205
27742
66992
61268
34904
73389
45483
28548
85310
87317
69397
26572
90318
43214
873
74439
99373
54701
97338
85159
76230
84784
4756
7768
44365
57061
66820
54862
87244
83168
91893
65449
10909
58884
26716
62165
32272
88550
90712
33934
75866
76460
60505
82535
36025
77730
73325
35398
48782
70662
36908
41364
55445
58015
65483
16161
15075
32302
87374
2319
31821
79266
84119
42730
38149
27186
21246
86773
32087
11957
20706
24305
4768
97562
6839
40793
91643
96516
92542
56777
67177
29449
98140
38974
87464
79974
71486
18890
28628
58860
37560
60448
54477
21678
19529
8978
48863
40774
95750
97302
69082
32807
21606
73850
46720
28444
30994
54715
41311
23535
27843
24840
69335
42334
80165
73150
22307
51650
92040
50934
26861
29599
27734
97690
67629
47262
6667
32843
4388
18768
30144
73469
67926
51749
63670
30997
96545
94663
85711
37855
34549
29905
62694
3884
72238
42858
93385
10897
10860
85424
78182
54072
31375
5915
51761
15355
69529
58427
48197
90268
93546
78341
63736
61471
46441
43758
92468
42985
54772
94530
97192
89321
24435
59885
9556
13024
19095
2940
23920
29954
4716
2102
377
52442
24368
52138
67796
10248
26916
32344
515
20462
10684
80603
81932
57125
24360
90751
16461
79131
85281
13652
84803
9715
89889
10710
22738
8983
30002
63010
55288
51069
81463
55664
3510
5830
24153
87657
16078
67421
20000
32944
4234
47036
13546
2517
20512
37905
93268
36972
33388
78548
66976
34542
4614
56864
45252
43703
65846
75253
6712
37485
26321
88174
9500
46182
10356
50005
33838
42785
17425
70189
75728
21658
17224
89274
40526
54087
43530
33793
91059
76917
12340
74386
27811
33305
31249
73062
77008
13446
64666
71
50930
7338
4597
76781
53519
14952
26785
3708
74088
60561
73896
66167
98570
7472
55440
39096
61558
15322
72888
68968
8590
1580
43353
36400
34884
74601
9461
28243
4398
90478
28314
71679
97815
32910
48460
51333
64213
91596
55040
38300
68509
45288
20818
67078
52759
92610
22525
30668
7931
11765
99636
16520
13344
42988
69272
64579
33941
78732
92822
38338
85562
37487
10017
83376
70396
74828
34709
50960
82775
6100
89259
51283
51387
26428
18361
20497
19037
57237
51165
26967
69001
67152
59839
98696
26491
29110
79627
60431
24193
72448
15121
9754
26286
41489
93130
96681
32668
44190
47640
15442
66641
53250
66725
34380
79677
1437
71228
15066
58673
22392
42032
27674
89543
18222
42721
16034
47331
22347
92816
87876
11146
24288
97629
37431
65776
7110
50463
98443
67651
98102
13885
50644
67703
80609
85023
63732
82045
56250
78797
57069
94994
37180
84742
888
55402
43815
33273
19084
66161
26089
6959
77307
50376
20940
31089
32504
44401
81552
47298
12052
96005
61182
79047
63708
58142
64069
43791
56538
36670
22587
29959
31663
59766
31052
48903
31519
74866
82175
50603
41027
24615
73913
34685
91343
94852
65773
23846
39253
47324
71143
67656
43329
48677
46702
23388
23170
27122
67178
96060
80143
6116
26018
28158
65881
57069
77060
13752
31935
59234
64354
89313
201
54618
23997
91543
49470
89769
31740
5074
53445
2882
89081
13125
67910
52134
36512
7432
95607
3689
3491
75749
26156
45860
20258
92036
2928
97317
22139
51214
72903
2844
40526
73103
57462
64522
80997
23283
70643
12736
28356
40439
31969
33788
53563
16231
85921
90074
23662
97879
10114
43504
73627
36269
89363
93885
44656
8642
7553
66795
59856
80455
85990
381
69909
43451
81255
50905
66733
68249
79992
11440
8687
11961
61579
62249
28191
47499
68674
68204
61729
95139
11707
35356
31407
1069
45592
92414
9710
53144
75560
69565
49951
61550
86298
36211
21352
83904
3468
88085
52152
83459
15876
77190
95419
77455
55790
39961
41305
40815
8164
19386
35953
36222
54741
83711
37290
16684
76124
63352
86179
68036
49268
36129
29585
51917
88692
50936
35820
92159
55372
4323
75617
87600
81512
87388
81406
53653
43700
39062
94467
68216
58447
30419
4437
29539
30481
41727
46222
6605
21430
32401
90992
87049
84881
20576
38966
73572
87863
74785
65730
59587
95460
57699
47186
76971
45086
44943
46976
5137
84004
41442
73352
58803
88213
77789
88341
18693
35867
50915
41649
57296
99667
32640
44344
84547
69567
99661
58119
57430
90798
40200
33368
86257
97898
80553
79579
59335
41847
26554
64472
42202
67996
37823
1004
56208
15611
5697
74900
51477
56611
16549
25124
56277
65540
85820
57175
35107
1832
31645
92536
92629
71845
25903
78885
86094
22807
58464
45429
81005
1369
26252
23206
69364
64074
40562
41923
96037
46258
33175
63865
19220
49723
5341
91848
31614
91160
49022
66720
92991
97019
75607
1972
68863
17861
80856
54956
57019
55671
16736
38023
57040
42987
77581
42755
23413
18142
84678
35801
80751
17852
99665
16322
83926
5005
8169
15539
12516
73542
98611
21859
70560
74217
40182
55774
92078
21037
27082
49096
93060
43817
3471
66451
3156
81051
9205
42920
15544
10234
78720
96294
28085
94736
12615
28362
16093
37135
43901
44960
27028
42511
83170
97588
33079
23351
69713
25156
60740
96794
90604
53799
56963
94074
20249
76470
91476
45805
19389
7019
56039
14460
3312
84123
9195
32278
12485
25287
69412
72737
70247
96439
31599
69768
10378
64677
93119
80091
6185
53858
93236
96788
24008
50198
7213
44256
26667
98688
6412
62407
5706
62450
76866
25369
62925
2413
57646
75409
27699
43409
64497
14297
56199
12447
417
82929
93475
93535
63019
99659
47392
72606
12798
87751
39156
36362
32006
82174
35049
38417
44581
57106
17219
37798
98826
80143
40210
56471
71903
84261
16231
36399
14909
72430
65197
15325
55358
58671
8859
34728
74682
72602
7333
3831
60352
62840
40193
8709
45014
91593
63478
5946
48699
80696
43743
47524
60838
83953
20347
32740
84565
36577
85490
99473
25358
67038
14798
97067
25708
40008
31794
16741
12610
55479
20572
89313
18318
60764
98022
79683
52356
77851
85628
17406
58546
29371
81282
35735
29675
1628
84826
30591
54556
86667
30063
96266
53704
61212
93332
95763
1220
25126
12504
30181
96956
33075
19493
15273
10190
33866
11308
78897
28068
96935
96303
86613
42657
77584
38699
72331
95563
23524
2921
66470
10190
49336
62735
80245
10547
56067
76008
28118
97544
4863
58298
94499
37937
94143
26123
64478
44360
37430
43374
72428
50717
56028
59040
93373
49963
14091
82056
61877
37614
84976
28347
64156
50663
7433
44400
61210
63499
36759
89327
77394
41621
63977
88244
95909
58119
14367
60386
2478
68148
20112
91257
35216
92491
66649
28589
42454
80739
10644
4330
34704
11971
49028
15211
62634
56461
75963
40195
36311
12721
45873
30057
54342
9849
18300
66602
84319
49018
43340
3149
33518
63451
94405
68733
72293
61053
97321
14746
58143
24316
35428
92847
36287
807
8057
98920
57267
84019
55466
9930
13092
1338
39986
83785
27539
58285
50386
28209
7303
93725
31357
40820
73527
42114
9552
45820
19518
23225
76917
77661
47540
28696
86859
83826
29503
11267
99097
3121
11638
70914
13050
24729
72252
53035
8513
16142
11320
75250
44350
34974
85327
92059
92145
58853
34172
18048
21024
53689
41272
14293
47701
5164
42988
34559
88989
88842
45826
4438
91963
57463
75351
5012
98543
63954
58047
23407
96447
85718
98656
40797
37043
83982
32855
29187
59187
67026
63586
96562
37066
4858
10854
1119
10021
70194
52029
15361
59035
97854
36150
50997
71668
27853
72361
86562
91806
46759
9968
88253
48828
24976
45401
85870
8957
78255
31408
84495
61632
94993
81057
15049
16202
8262
16167
42574
78455
68196
57935
53842
82401
94084
21190
70421
21936
93550
56982
30094
40308
83302
34698
89135
8277
80098
91356
33585
58352
39115
34432
36335
50460
15488
51383
66661
40101
83902
9235
34908
68449
67169
88749
67201
77604
26290
53973
15892
19840
27307
45985
76499
10608
80682
81986
35236
77131
73341
68820
51834
28808
3251
88168
79267
35090
55902
45927
91543
56155
71513
26450
40955
55033
31550
8156
32637
57839
62128
64880
94030
89434
27216
70529
16393
24249
52514
51628
1379
42206
36800
53212
87365
40050
57731
66631
91492
29984
28910
83034
86139
422
25835
27093
55455
73736
51600
4443
31574
13728
69322
41956
19513
96537
12484
35906
20785
81349
3885
38515
39906
40684
91726
27271
97086
65808
10253
88577
95791
39162
87962
81929
55936
30148
25374
11390
3883
76973
32184
51808
7052
17857
93763
26565
30745
6246
78822
67881
3946
99058
6395
60204
39742
14472
87474
36827
80279
14078
41755
76069
53240
46068
74350
9175
76215
99723
36916
80097
93047
69099
31904
99
3307
25667
43015
34051
48264
38188
1931
68562
37245
8325
28765
76986
39148
32590
30164
19426
46667
71918
11846
99906
34337
86195
25432
10551
2269
62347
6999
95316
47797
38903
95414
51103
80921
54780
85153
45536
92967
3435
14097
30211
11759
42861
23549
67258
91802
53712
86683
38469
41982
98529
54726
76318
1075
80158
3221
3344
58856
10219
98659
6653
49121
10424
74107
46393
65203
59260
91929
58169
62694
22377
4731
90805
81590
28279
58062
73391
98343
61097
11859
56676
75977
82937
32993
77051
63094
36213
80394
38301
46432
79052
44953
11904
5827
35412
74649
71029
94671
66577
45549
73716
88953
66632
80872
86894
11262
55286
60285
9604
16382
88495
66279
8710
71431
15624
85760
50876
68188
66154
89177
30971
61557
50481
59227
67384
85892
33875
54764
96914
16803
16665
70630
5755
83296
67853
92649
94557
23138
69285
20513
55871
57779
3143
80932
29210
35118
66692
96437
19658
49197
85613
50628
10753
36094
9854
94488
38337
60080
65604
35251
76882
82268
22232
82637
81915
90084
91637
76471
29574
77273
13335
1796
35051
32830
82728
80612
67947
49419
77049
3956
98615
79013
54584
25719
31458
80789
36559
69795
40869
2162
5045
17750
84429
27276
16738
66343
33711
24726
59165
79636
1998
88852
81432
37049
38033
64159
34012
22331
29929
11060
26287
44895
6425
80870
86965
37882
78010
23523
7676
18878
25684
29072
52980
26464
72699
69717
9158
6410
94443
68323
86045
96440
73526
83828
49840
11558
64338
83852
33888
94266
11263
60174
55512
17687
57395
42477
55569
35405
65999
79596
54282
8035
8668
7261
34498
81366
93330
43656
4127
87772
28330
6524
563
18207
90351
66755
29764
54689
66958
80003
65306
94572
40177
20818
28611
97571
79646
531
49327
61996
80126
19961
70030
5145
27221
20880
86511
36902
80887
6989
41025
25568
13512
57940
43774
3863
24694
89889
74903
8003
69891
40208
2574
10067
77377
47536
23990
57022
48066
89668
35370
28192
9628
5399
33336
53201
42630
36198
90102
39868
43187
31127
65435
56698
89066
9208
76912
30111
99096
51814
38113
68987
92022
57038
95405
85750
4574
35746
42772
68991
25414
78141
97182
35041
99891
46870
88241
58873
83067
94695
98740
42605
25821
64175
15655
31238
89734
92566
77700
5182
44380
32164
74168
52753
89201
85924
38502
10126
38022
81273
79117
63435
75765
92650
14827
92008
55871
19420
50880
55290
14114
49619
97894
39934
13793
13548
87523
19879
6114
65222
25060
66845
97385
15579
19597
2937
1502
58098
29415
39523
55723
24883
19309
47839
17532
34136
39846
89755
53555
90725
45044
84020
56696
59289
40305
70488
72837
27827
6718
95302
9400
31777
78498
6784
47355
98094
26072
65209
72543
55486
21083
44617
80368
40392
92456
14252
90879
32301
4006
60785
39378
65401
44804
96073
24689
85108
82912
13877
29286
89630
9178
38685
21406
4027
61820
85113
2120
87891
50321
91015
43377
71403
35631
40096
28146
28086
54347
19024
76739
74704
96160
16116
40104
57315
28540
64793
58774
11451
78669
88059
17432
4199
43095
55190
8225
4914
40302
26697
92805
90622
34063
52533
78376
69693
92628
6522
14131
63327
41897
7221
38030
38057
39688
94486
11723
68227
59278
70497
96029
37946
74907
13461
58496
18002
68650
66721
39267
25303
9769
32071
15924
43831
955
94299
29875
9935
17172
60357
89613
59069
67577
43994
13477
7264
38479
25199
75490
97756
12047
87871
52054
86954
1331
10549
4955
86332
93621
44221
11634
19741
92644
43909
63571
9950
54559
9798
36236
71731
70154
25848
47151
37731
69842
60627
61346
8320
85825
53188
6076
97872
41058
74481
1177
58740
85029
22483
45071
95002
83055
73056
14742
75698
33316
94665
2000
4226
4462
38235
75956
90967
64083
23106
28697
50276
84
6395
58595
85909
59582
81022
132
639
55502
17660
59378
56883
40142
20800
51884
23196
10207
82977
15246
43522
77641
17245
47747
98454
71831
40055
89421
52265
63160
34469
2540
63244
40863
61135
65504
444
58508
81987
17434
14010
99646
76811
87244
39787
97610
55479
79334
7816
38455
94579
67689
16096
28175
15436
30901
6
55490
20321
68622
35001
71142
71162
14596
12004
48648
96451
28800
7155
94789
46233
37516
94434
39396
24759
50572
53357
80237
46258
61173
35044
40836
45213
67491
85363
60648
98391
85368
32489
35064
53989
83842
6205
41502
14789
34560
90149
27592
79711
13656
22380
42296
51171
33166
81691
92282
89
35047
88870
46346
12571
40265
3534
57784
7755
88896
34783
6146
90615
83624
41209
60955
83817
63765
2457
14957
14676
8957
42548
94387
22612
81280
36682
90135
30797
18372
98768
47237
69770
3989
9935
82341
44254
29820
56476
52008
18715
7610
74505
25681
91233
32065
86635
91401
12181
5443
6358
26857
14400
65257
21243
53363
62888
74276
43497
10036
8999
58616
73625
78768
62605
83559
77460
23210
29730
50287
91569
64796
57897
66074
90476
65481
14490
77110
56882
26671
98905
79591
53527
13304
44847
91121
66666
24087
81748
26515
34122
90746
85130
24098
85865
64086
24008
79677
87295
53737
46315
78864
18532
4211
61289
9007
69692
75778
2469
42925
18800
1373
22515
88678
31028
83713
96150
14045
7799
77897
40559
58273
84994
42041
82370
87211
6126
6378
66887
9773
60114
13201
88636
78646
33764
49924
4004
19807
42053
6472
79083
60853
24196
1597
49530
71575
85309
45680
85620
9460
39928
42530
67732
24922
84570
50101
12132
7048
56478
95370
16820
16592
24922
5455
11589
75037
71730
15592
94843
30134
38416
73925
7338
78963
91873
73220
50538
93534
35251
52509
2993
75178
95038
70724
16451
95960
20824
28582
3007
77302
40303
19826
10245
65225
41632
21833
40261
13361
37424
51456
59846
92191
41732
67184
71154
33605
40403
38043
43490
75653
90551
46482
67182
1940
33557
83633
97899
54380
12214
17257
48033
52517
37082
58277
34093
78713
96461
90705
8425
50237
42160
68271
42427
83892
35454
29932
33848
92208
67974
93689
67860
74876
40170
35041
93168
73726
18673
7418
44457
47239
24675
92490
16107
61756
67118
50199
56821
63579
40903
65245
30167
99415
49867
72593
99658
1672
18877
49857
93879
3202
43545
78090
78078
66
29483
87597
73791
64507
95014
34599
11745
19688
27088
44203
97796
10558
10753
54616
74136
68008
36212
4302
67422
86079
93246
67079
87750
12122
33287
81629
31676
76831
76070
26105
76896
5552
13701
67038
70059
8714
1636
98155
44754
45076
42358
42549
55633
69462
13516
46120
37469
49727
66773
4890
35805
60018
88320
39907
88492
21606
37887
20167
14788
13956
62623
8035
19508
76323
75072
5918
1388
76708
20424
46141
21783
79133
5041
93767
48595
34908
39886
86063
84635
6658
7305
36791
83027
95624
76697
87870
33582
14583
24388
64721
28539
87010
72756
64398
63332
47827
86667
64720
40886
7090
27212
79020
86223
48605
72786
34817
83512
12671
37231
84498
35680
44535
21289
18707
56511
14337
6576
6444
28920
30964
71164
73810
17973
43919
54559
97657
8098
41225
78728
65335
48314
22291
44355
50888
70895
33492
85704
70759
46163
39287
71608
81842
83821
92896
16900
40331
7233
23476
46774
52504
70791
17938
26313
5115
78208
80871
2771
2657
38447
97850
67992
3112
20141
28698
54000
7387
62189
56055
94497
24703
95341
66105
22897
79162
75352
39796
35844
98936
79623
82618
51439
66765
16907
94103
88232
11466
91325
7354
30475
29771
5204
14818
32883
41696
43515
3234
49082
22055
59288
59931
63110
54629
26035
86006
50142
17738
42153
85985
16674
38128
84954
68112
4892
18212
62215
93123
29678
69891
477
76504
99662
22032
91321
48896
63727
51187
52129
12808
73241
11416
89090
52702
82396
15124
38707
48889
32862
97212
51226
65887
35339
36179
33998
56582
54391
12564
49705
420
82455
66533
76923
98468
88564
84595
47363
52290
35781
99491
81449
25373
27258
70539
78075
26006
2014
33133
74894
51227
30344
26119
17113
65682
78650
67463
22264
49392
96378
88320
49811
78832
54852
43085
93651
59767
44031
41013
12056
79811
56855
9856
5183
465
80394
99609
26470
98760
32742
1363
49986
63085
43834
67099
45119
22483
50913
83734
71874
47290
72053
38036
42474
43256
97472
36124
3022
41502
93489
31429
21312
66695
57636
42846
67159
54382
42455
9980
53141
75196
11343
3126
54632
71528
86576
99750
94010
53840
83483
65883
1130
71887
3918
43603
31494
17741
96078
34515
59242
89566
82295
80553
56261
56283
39750
39771
10664
82204
49751
63804
73751
77445
83281
28383
48972
86209
44484
42981
40048
44319
25215
41177
16205
45484
1131
47699
63224
97209
98565
22465
86774
97212
19369
59386
53494
59118
15509
64157
57674
65259
44312
47776
59055
27592
92510
8026
13800
36994
67358
70200
97664
8924
11376
30220
54407
28859
77918
33982
26067
92835
72798
29192
6398
92166
88578
59891
67635
20438
40399
41660
2048
84710
89436
61102
28653
81945
85479
42453
35290
69188
29004
32953
78111
40379
63173
48869
69237
57442
82850
11655
66628
71999
40847
73025
80516
45776
49267
48150
66213
89665
6162
68260
90726
95597
29361
19379
93893
31191
78183
45535
378
7186
94839
78488
63916
74363
43708
49505
31805
26557
61159
14784
14907
2005
87809
95422
47780
53427
43571
30344
43092
66084
98603
50169
78032
44315
69547
71925
91857
47729
33811
92234
71266
28649
87073
35182
3012
30780
84686
51168
73688
45844
65951
88594
64201
70111
84015
28332
23538
43938
58676
82981
10021
73630
33149
88053
34297
2696
76329
26153
66776
10139
18387
38042
55139
5459
89575
58150
52591
74260
9317
26278
36455
91620
31224
17007
61730
15238
45339
1619
75527
20366
84599
85548
93995
17748
89952
28291
36795
82632
54444
19922
92770
89182
57963
47908
10992
63889
22410
63582
38148
48078
6212
90955
39697
37435
7961
17779
69024
69651
35749
44551
90016
20348
46450
363
54447
52753
28653
7593
35384
99448
27514
28153
4981
1829
92412
15973
82069
31173
79554
20217
79251
2117
27523
35299
39551
51835
69429
8575
21486
5178
69477
27853
41877
15926
28215
12675
68678
73220
20267
20413
89019
64132
48565
94000
82312
57328
9972
64381
88501
5877
949
84103
7994
28471
19401
63896
96657
5182
88822
18142
10359
58298
62347
68587
90575
6913
81261
75604
96484
17879
96016
85503
82010
60932
95854
80674
34612
22177
61406
39464
28053
62354
23566
52398
7176
59318
32646
3832
64499
21467
38326
91209
96117
17024
59795
86691
23936
41055
78647
20420
58933
74662
22274
57295
51946
18127
54320
86557
40303
15725
26020
84707
78078
65937
53457
1605
41606
86102
21788
6105
7568
76465
13665
3684
93488
73460
6727
17424
30866
85373
37843
89799
76386
60116
63445
28331
94594
17764
31239
34896
33488
73610
35954
27917
55898
89410
45873
97504
75511
67660
3608
83079
60477
17272
3114
53964
7083
26192
87739
37949
11564
41933
44099
4302
18400
7543
48984
12993
41658
80223
47888
91497
70184
83842
35765
26082
89603
81637
23585
65114
65648
43544
64544
26124
60815
67657
96440
84250
93849
84178
22198
21764
26111
66296
26065
44510
90190
75049
57503
31847
71623
21742
23343
41806
21935
59107
84239
11538
40743
7823
76651
22742
51366
57546
65218
28533
25202
61657
12782
35402
45834
34979
57166
71944
17626
99582
32806
7815
90982
90308
39661
78956
28401
63003
37114
50336
38461
21352
78225
95555
45527
71227
18296
96892
28772
99865
41776
53973
61521
54557
5727
23707
5887
79244
95650
23512
95177
28455
31326
86159
35114
87338
65114
63515
66692
18579
30202
5152
39931
8426
17058
85457
96004
35354
98700
24775
51570
40476
95099
13091
11384
825
36797
17271
96420
48798
57134
91597
93605
88460
94107
28718
92149
75572
8584
58841
94151
55137
80344
50433
79914
97402
35889
75917
49107
50940
691
676
91415
12142
13766
2799
12966
66914
36421
25738
15712
93554
17334
9316
98365
27792
54385
90514
3363
79321
49354
97513
34457
29697
64297
14371
27098
185
90287
92556
51125
7330
93232
58891
19471
6997
78041
32436
73911
14461
74525
5974
8015
8210
15289
6379
36001
86025
13244
39364
65345
62597
53228
99802
8646
17525
14172
52095
34061
4458
44651
1537
11787
37882
76780
31257
61230
54820
80045
35140
69281
70921
57465
93647
79131
72753
16377
15131
58778
29621
70846
40474
8569
24074
40275
17214
57950
70798
69309
8362
75256
30311
9899
3394
84544
86678
51003
45773
57849
47399
97265
43481
34671
54729
37127
13801
43834
53504
28932
18963
99476
99777
59436
8044
40202
99711
25258
14503
70508
10918
22865
62115
57580
49115
81861
42123
35792
49215
87895
9992
12965
85159
53473
47635
56240
90599
77788
73
60454
6719
19035
76281
22847
94822
84325
79401
10884
9582
93903
97744
36851
16767
76210
94430
65881
58070
52904
18024
23636
40798
28016
52952
42309
97840
16939
98548
4790
94726
14972
81596
17796
50358
57876
40642
45179
42200
20042
56063
68133
30297
53806
4983
47063
30015
15764
29296
4437
68667
63671
44424
25817
8038
97376
84477
5877
30666
83024
10667
25391
14347
92262
43186
64704
50137
179
9882
92337
36573
65944
76821
66869
36101
98156
30283
66116
13919
59578
86904
98938
23249
31327
41106
31286
45054
25582
37163
75719
8605
64181
17461
39303
56442
76998
4006
22930
77177
13887
15266
30101
96183
8439
96969
32283
6594
27251
98398
20512
86829
85301
35801
26429
32980
76906
74066
78033
18839
27580
70104
43795
91760
3916
83097
64553
80914
87102
87483
74442
989
19100
4542
97171
27538
17862
29453
34131
45112
44203
70995
48292
45855
6795
91072
78834
53
65138
73219
18891
92717
59674
62686
829
63589
62134
65381
44502
49236
69215
35295
50224
88315
56188
63746
15852
74049
9550
66335
19161
53752
37329
83804
99607
60475
74876
94792
76879
56365
68010
12122
65433
27683
91159
66261
7624
53292
47994
52125
2527
17208
3772
69102
5522
59959
32847
37726
34008
42397
20412
69520
12500
57740
69675
28458
34566
60902
23250
27797
17266
7611
56270
82699
35294
47428
65311
42917
17071
13304
11393
19598
30512
31516
5051
52385
91475
54250
90110
41834
12998
10521
27705
25497
84612
13731
53955
35530
74633
93556
79678
8250
1166
35947
7300
52811
83374
72611
95727
444
2266
23472
36393
32777
71339
41444
1514
62813
95693
91623
20998
25042
18496
65054
50538
19459
95137
20844
71340
69769
14399
51017
94370
15565
86963
18022
68375
86688
90632
80454
87132
9249
20277
39876
58378
91615
97671
59891
70780
9715
67865
91777
34756
86360
73183
85294
22171
68319
22489
93510
54439
36888
44527
65160
52452
47841
83181
37178
34529
73812
17631
38012
99413
37907
77887
57790
29522
91910
17680
301
1624
85544
8429
36380
88256
97963
38025
10426
82633
76865
20287
37071
13752
81165
2231
82555
29006
85411
19733
63534
75575
37363
17897
74987
75270
12135
49128
21143
4044
83159
37795
22020
85054
46223
74751
89661
60538
29127
16438
43170
5991
36725
80241
19743
17889
98823
2297
46894
585
22029
26779
76159
75744
61027
67497
67365
73162
16624
88507
77205
16134
26301
99224
1188
88875
90326
90848
49412
19452
7286
8934
25443
60362
89174
45185
78250
4348
63833
41496
4932
2214
84626
81091
77957
45653
64939
61673
18814
97915
50179
12370
14048
92831
27946
31587
98057
18271
22435
63821
37723
46072
72754
79517
6433
78279
41053
1034
82626
4885
42529
3909
23450
43507
1351
17758
89159
66290
79430
24324
64204
29608
53045
94603
38790
97342
26190
36847
15613
64976
17019
69687
11047
89772
65555
33831
68050
6607
34864
67027
11491
77393
70935
51293
20899
72286
69050
26409
54927
48480
50732
35482
94439
3776
30084
33229
1118
72625
86427
33082
37600
3445
19120
64998
9568
84674
98828
77617
91280
33692
60995
19122
27436
31929
70414
48334
20566
55816
74742
75492
4295
41825
27325
98733
61952
73761
48313
79421
46385
34739
28854
337
54535
47973
65334
64102
48998
64162
58070
56629
14205
19064
92103
41640
67345
78868
6325
4262
34683
97418
96106
38977
39242
23430
54062
17545
97190
2374
96966
43575
53465
25819
60263
7999
90144
25596
88453
39141
6109
46522
95770
36665
65586
4224
78304
49282
83091
84628
53543
17774
98397
49648
56750
53990
89430
10811
71535
86619
29537
84852
46545
83001
10670
6807
90999
813
48755
79451
56306
54863
42325
68427
91528
24262
72650
86183
73543
55740
87163
43437
73513
85559
93085
46615
39549
98866
73777
27435
85484
3313
12286
48381
86313
39307
55187
93664
40120
3941
89466
12777
75156
48142
81203
66683
72403
53852
69217
45945
25943
56379
5734
15808
41938
15170
62422
97838
14035
52550
41624
99518
55863
53909
47898
58527
93215
19437
68542
49686
23377
74360
62462
14884
22501
60016
81566
94904
30219
50783
57200
56162
23513
62933
71969
81802
78102
50742
95991
8488
3291
37614
8006
59153
91522
72255
34032
1089
8043
18925
50774
47772
93284
29588
62655
15785
89603
60573
27040
19822
27707
591
75983
51219
63524
64303
33021
57977
15044
29011
66465
18334
66625
90822
93839
74498
79428
44222
75586
3823
63146
42712
51594
72782
88651
14248
4918
78253
74820
31957
14426
18878
32547
90408
70097
12422
71062
19469
86751
86105
48479
69567
20791
31455
76740
30981
22305
72519
75202
14242
76341
54699
73305
44286
27480
61955
74886
32397
40208
66057
80705
54633
84935
29604
61393
55031
58377
48806
74499
61479
51263
39329
31045
72053
87136
24136
19385
25792
13007
10938
40033
89347
65636
29690
49985
9468
91644
24870
58216
48203
90926
38921
2836
75860
68524
80580
47242
43252
45737
21740
4731
96999
77421
35775
85403
80908
76263
4787
6699
89269
15724
63083
94967
97712
92772
44951
23531
84416
69820
81746
32618
77098
20666
51805
52957
5541
48736
16551
48793
94473
38290
69875
91471
32062
22001
93226
12969
98263
98012
19667
3883
30088
82750
98850
44151
91873
60152
67681
76288
46324
65778
25258
23421
86444
77062
92729
8336
25798
9279
73480
36622
63921
43354
44444
12334
81707
37669
25303
79969
35681
61321
83852
82120
60422
99053
26270
52295
59204
10302
44934
5527
76079
70191
45299
78874
47253
38028
3562
89402
63658
77041
42375
27578
36747
86818
39912
18453
24487
81566
14773
76519
59238
14976
58638
19660
14028
1259
88306
73232
27912
33239
95110
20342
3430
40409
99216
67034
94788
19129
72787
74797
12521
15161
2375
49267
1978
58638
84071
26464
56555
15196
19334
15792
30171
94323
51803
44199
11933
40108
33782
39844
73347
45243
76538
93128
2003
75753
60161
96790
94881
32947
71587
7401
48107
90313
73020
66436
65302
73442
9252
38208
88637
28585
53999
18808
22908
5802
79358
51192
45909
13139
91036
35607
74733
67573
45086
76736
59677
5246
89877
70909
54544
77815
94661
19002
68127
84032
85438
49780
73826
11041
87987
62462
39625
58338
97621
78884
64139
76978
30076
26399
6468
37463
78358
81201
21387
23443
57936
97415
45041
47812
84675
15936
25627
95687
34938
10105
79719
36727
76237
53544
47767
64223
32357
3743
22560
29978
98979
3050
6955
29054
45801
29775
82868
24158
10975
4254
63952
85262
1668
8992
49425
2694
41280
91403
98380
76217
1508
94450
29295
94096
64345
93413
74670
96702
97155
13582
43031
96133
16631
66337
41538
78783
96111
24405
2940
7085
45010
83244
8698
63029
8587
58123
65722
49866
49525
80454
42434
67384
74903
71728
61479
39248
81492
36149
52301
94999
49730
95331
7483
82712
61667
49021
61495
57778
89777
80786
81214
34787
80381
89912
97815
88968
64386
79889
55185
30262
60342
97619
97646
35244
85698
75476
90843
67190
27976
43143
62188
94057
38473
69670
93121
16492
35042
70967
74269
24819
68104
71834
75957
48485
78097
90123
53804
58834
70011
8988
89096
46704
6606
3093
98300
8656
94920
89142
75845
22896
48637
54384
33304
3461
40405
42776
19952
75447
13742
10572
16617
81846
98758
92573
46682
76854
99047
485
35688
85410
9472
41135
32113
32430
44227
30412
57437
39146
35906
49633
78393
84542
4016
28049
88002
44420
70824
24306
36218
84566
34877
52834
82763
33634
61758
29444
26840
60805
46280
78879
46214
72103
20013
94678
20884
64239
41442
78320
19736
77347
27952
98129
78240
48319
26177
82593
9091
13352
6898
45308
97917
58127
14494
97031
8112
92603
42826
34951
69759
89105
30181
32324
61208
50193
27002
98443
14431
68443
76763
50519
62141
21066
48647
40380
69385
91175
22972
78475
4526
46222
40134
18795
20700
70979
15825
28811
79934
58651
80114
49692
64107
10294
82016
41666
60487
25369
40109
91269
93811
16871
41787
55951
37936
6785
12682
23672
14311
52005
18498
18837
98226
74984
53983
18925
45962
86159
64088
25895
44809
44201
91939
25268
54494
73954
66933
31332
99322
7041
22601
9484
40263
80739
81786
94551
87524
94467
18222
18186
62823
53072
53374
77401
28055
7356
12677
90368
93515
76764
32615
54675
20964
24553
79942
91810
14858
46875
23141
30531
70267
62093
40014
10530
42832
38151
5080
46707
32617
39653
64892
11791
92724
18266
89191
20778
41973
1868
11146
35487
78631
43760
6514
15947
84664
2807
7756
99521
66033
47248
30051
36300
9341
86416
46829
68524
24566
68260
15230
73534
7912
96473
85324
636
31090
74515
37765
73063
76382
48910
24901
71364
9021
31414
87310
93684
34221
11417
9556
253
75017
55958
36552
84357
42373
99732
69232
66938
67991
813
56823
75903
13637
42147
92890
44727
33013
30654
17789
9394
95916
42689
80757
4936
90455
84419
14972
24675
95835
24527
24927
87203
80485
77831
87911
39209
77562
57142
22499
61905
74306
79321
54159
87943
21467
47048
32669
54479
77701
50457
80224
73616
9497
77333
94904
99951
61751
26227
40977
73937
50753
65904
61140
47589
60086
49050
3150
53999
22544
25648
15903
96849
4968
86413
84791
42787
49812
17459
97265
27513
84267
93841
17480
10116
71173
28735
10066
49275
54961
51043
23211
22066
33298
702
86006
9735
49752
89155
63733
88647
14802
95988
85495
36122
82400
70286
78908
32212
4096
76172
76076
88363
70012
9907
14830
57536
54994
41247
6810
9954
92289
30021
48371
41938
47074
34377
68024
13177
39883
31757
1823
54685
44096
87318
90806
26495
57603
69713
75058
78050
62236
67485
66412
48600
93744
81241
6135
48737
22488
12945
75042
31128
59317
23413
89418
6390
74141
57441
35919
14023
5549
37741
68707
49644
25058
75864
92491
99012
61928
83900
77062
40516
67737
59825
89115
61480
57418
11601
26568
96257
40897
1609
43736
213
41373
49505
22955
15513
23298
58873
29536
28846
12965
14594
78490
38023
6810
87332
53386
68737
71231
30447
9252
38967
6624
98366
16798
80393
26319
43365
76649
67215
61326
36736
83780
2698
86241
23086
18211
9538
98310
64098
38383
11274
95043
33224
49296
1852
20555
19034
70589
8138
49480
96192
47104
72455
94558
63902
52847
37228
23618
45847
4442
84943
82583
88221
3993
68823
27658
38555
78360
25967
2652
33094
37241
97694
66318
86536
99546
3224
21921
86486
11361
71401
82677
74817
60207
93586
38718
29406
30813
78687
75252
35255
63630
57834
39827
67622
43008
67485
6176
21367
93451
25179
70813
47043
22872
53482
49931
38769
56705
71851
25254
84418
43251
7931
59234
19810
1516
14303
49215
48681
92989
24466
287
56618
98652
56465
40591
41659
23949
46766
79378
33752
88296
66542
80794
11168
20023
30724
66288
93079
2575
91542
77496
62177
15824
36729
98338
33691
51031
47552
98723
44020
88370
99009
16989
3373
55474
57580
45031
95774
20697
40760
29525
8993
7301
26671
36512
43675
73746
19151
36754
76320
27044
30601
54849
42867
67330
53186
92910
34712
17090
91632
95083
5459
6993
12072
8831
62466
86003
70213
58239
6699
27325
4116
32043
50977
30786
84906
94652
4531
4057
47757
97203
31100
78357
52051
90319
62038
21588
83228
96750
38677
91211
91832
60487
98203
20255
85669
60668
6257
72234
35259
29308
99558
39374
77702
50534
86511
62608
61537
7393
83016
9293
4595
14115
4002
72997
20785
66039
10937
20364
79140
49613
11575
70972
10100
26129
7578
95768
3149
30187
68001
38407
59494
83910
94132
53547
50796
96994
32506
28684
4386
15521
54329
25333
45988
58330
14681
66772
24368
25617
87136
3508
75230
15062
90831
1681
41190
98408
13800
44338
44946
81801
99096
20791
82062
93227
74338
32857
90220
6843
61541
10958
38716
15869
52642
1055
74198
67322
67826
14917
9291
71313
34776
872
2726
41958
2552
43916
56718
16351
4605
1663
14503
3701
22454
96565
13279
96791
45773
3499
19985
7313
30808
58700
39533
83449
59754
30082
67122
43932
61351
76412
31596
96126
93635
34322
38084
96186
78237
94801
28889
82841
96463
43391
2893
18916
56307
16172
32058
2080
36022
68395
25744
66829
43446
81629
66629
3200
11710
50102
63483
73060
42866
95078
85538
36500
45751
39973
32686
40339
34773
77926
39532
47587
21316
42424
82855
93975
58595
31264
96054
10968
99658
38149
94148
43104
19777
77128
62655
47839
27230
42489
37250
70095
53918
39139
22946
99669
79111
55631
40007
13883
49908
79538
77822
71224
21962
77028
81550
96908
8291
93955
7876
7949
32103
18375
67404
68232
95503
30058
32422
22732
72546
69671
9178
26463
8810
32123
42483
87920
4106
82490
18155
54013
78379
12328
41588
16692
89355
23137
13600
13997
17091
37827
21945
65546
56201
5700
50129
51703
35757
82550
90786
24654
68572
99963
67469
93733
32086
9951
98005
52543
8792
16159
6555
87171
44838
64495
3862
50544
87631
33813
64540
21074
87991
2837
86619
44192
8536
53099
12246
60645
35648
3032
85298
4219
19346
69118
97952
67783
95421
95956
20325
4212
28466
43232
7734
89655
7726
27948
40198
95356
61760
4737
32781
49751
7573
35751
10294
32461
88849
38891
93105
24496
58274
94754
45067
77620
63872
59370
61754
75644
71677
82079
79855
16494
25310
3941
6148
49387
31888
62697
61094
9999
83785
93875
76101
7710
29625
2746
40170
34826
41637
33274
75673
16262
44379
20739
93881
24602
96460
55635
245
84488
54065
96452
17333
95726
392
39832
45112
48631
2528
6205
58629
86313
16431
34730
94022
46056
53827
50543
80881
95463
168
72905
11725
44546
9996
21957
69148
6455
93943
85744
7295
64359
82195
24627
60084
98938
64459
5195
47568
83338
27752
22549
86002
44182
73630
80023
6589
27456
30565
3821
39271
47084
76726
50995
91630
86721
89303
77129
9527
99598
62872
33173
63956
61419
57800
24040
60356
38610
45586
24276
21947
89689
46824
7949
50223
36805
4323
56811
64260
51240
60632
3530
98323
53709
70876
6304
56781
76531
83432
66307
76128
62656
99480
40083
24074
73631
80474
781
12240
42412
25056
50538
32100
88231
58486
82322
41387
79161
55485
5647
30400
32468
25528
45074
86176
96404
51378
59308
72934
34809
25614
49061
97464
41445
5495
21537
31427
2321
38670
43666
44732
80077
10556
93183
84660
69041
91857
26046
64553
47341
48044
94952
96160
73572
40026
82335
69975
91403
57994
59260
42563
83607
24672
40027
41404
30166
77915
72830
48838
16584
32848
93569
13013
43403
3104
97672
28795
94960
23717
9700
58652
88113
4651
54811
61684
61028
53497
48010
68782
11490
7269
11345
11448
31940
67723
69203
78457
61989
58385
27295
94925
7584
37215
7937
50986
40318
21960
96132
51629
45676
5831
10280
50140
26834
81442
11823
4213
51290
59832
72995
79131
67100
691
90579
15391
84765
76133
93848
46753
34517
37494
41677
42100
74708
65965
9437
31378
87924
21921
83006
49952
44103
9638
91
87288
91079
11914
91501
58721
88097
80847
37851
55197
97889
44781
86939
82653
20914
97138
45757
71782
34631
3786
30234
25691
69750
39670
57068
74026
77942
40073
40329
38397
49710
40419
25684
57141
68684
33536
32213
56781
14382
70063
28329
28622
14844
15267
27626
52109
12405
73383
23890
63387
93520
54123
89077
79621
10145
46144
53646
4438
2569
93974
42834
68630
50745
84870
25770
19428
18405
57982
92560
49139
44397
20888
77760
75592
52507
5386
27700
81263
95120
67941
44649
88639
38416
50078
68259
64912
12573
38257
69349
15141
48582
28535
83771
99326
13404
25892
18754
31808
226
27665
80946
44622
48553
75058
20213
1059
96795
64264
98673
91914
32204
59673
96904
70619
9750
81514
35530
22323
36122
21231
53815
84704
49765
37585
84029
63168
63477
19134
11327
80054
46799
8625
24675
11703
83682
61239
29113
80476
25502
27785
88741
74057
87457
1996
44676
97207
83509
96557
35881
19631
17787
89695
20686
83903
43632
4714
47070
7108
40200
74749
3513
3350
83373
28187
15052
83406
5777
44164
63881
31278
71948
68973
5334
75756
70968
66361
72962
70828
62918
25194
6810
97056
14889
27495
80959
58520
48561
44380
81979
5112
19128
85491
8461
2500
30029
23512
85905
35805
84027
66137
83434
72326
51461
88767
48081
38780
71480
21043
9608
34397
62588
32769
47804
77476
76616
28762
52347
25176
89494
50677
46639
8621
36167
55099
27473
82547
94962
29729
18351
78988
12218
1784
51313
63678
6903
99393
2458
78382
36787
28417
29130
99375
61185
93285
93202
37800
22047
45549
79327
11540
12577
25965
36512
48744
97415
63984
47642
92376
10065
65993
87715
22282
84128
55379
2311
91030
71124
4768
85763
7910
49536
31244
23636
27073
24529
33190
64872
46575
78738
60551
74466
91314
2867
27329
56409
282
91313
4051
9009
17729
86395
96724
40010
70522
68454
42320
77904
39577
63440
80018
63839
29327
11262
87474
56399
35790
20663
37623
98716
15752
98173
73181
23418
17391
509
96178
17672
8173
16580
26681
25901
19326
39756
82262
89848
8209
40934
84103
64138
20725
64120
27976
66403
75381
31801
22802
11170
68816
76776
9885
919
91300
99417
40688
8690
16278
36866
26362
40802
69797
69394
83055
89123
25501
65316
95322
50061
22601
95776
30550
43325
59895
58525
9728
51628
6678
48881
79149
91845
25656
5386
92763
16955
21154
33451
25644
37431
86668
68357
78233
72816
54102
61287
61938
95954
42954
73611
62367
81907
69386
92916
41583
45633
67793
51310
97260
74470
16542
92760
66314
58549
98145
75428
75503
19299
8878
17499
73081
11897
2207
51313
1065
72661
28951
79354
68614
88257
52965
30980
70163
38702
40248
11745
84334
8040
79407
97945
82509
12300
90705
65174
70849
5201
40601
46351
24499
65831
80201
97580
94079
98760
65244
95143
71420
10547
74497
56385
15155
43813
87365
1669
82514
43964
13413
83200
52003
9171
81144
50863
21471
88200
16036
92319
93401
72988
55021
34251
38818
51574
31830
49249
50333
13426
44391
21752
40324
35239
78136
71830
79051
81852
73498
61565
25815
86910
44764
77817
12433
42259
45031
33903
30459
61066
42573
23859
34054
13945
58109
89223
65518
6291
38471
15850
36068
99214
53953
92743
34452
32089
64572
13503
30292
38069
91419
56107
41330
36182
50275
53762
78440
95306
4016
25250
72723
46588
49108
23128
76885
23569
12351
42402
29859
67173
58252
82278
66386
28556
75020
838
60644
39591
14340
90936
77659
5758
63394
35340
58291
13668
89102
53082
25325
9469
78332
98048
72409
43791
37527
49293
83711
49877
91694
13569
17050
66297
12198
83435
94853
87217
624
71848
26807
31315
79135
20817
53424
42528
56157
11714
72548
61610
81148
97872
71078
75831
12271
59838
35973
49798
9130
19684
16026
17176
49604
49427
83472
61802
49214
94676
49018
49837
82876
92177
81152
62010
29345
34575
4538
1853
62641
77085
63462
60140
91308
50892
52322
19931
10729
88294
86080
36211
7977
2105
53386
57581
51532
53209
35734
17097
47885
1103
66933
30760
93279
64436
9121
22624
15363
13658
40828
94355
7094
4290
70846
14754
71533
23167
34684
98613
11460
37115
34823
35789
39219
88208
9721
7102
41417
45454
24198
5653
46556
7483
52764
56187
71918
61884
95162
3632
91894
35989
97986
98987
56630
68831
13740
28162
8349
64775
26775
19809
1889
61597
71949
57460
66157
98021
80913
23925
43474
21463
29577
6381
28945
98692
78919
17214
76927
74080
37198
68820
26421
51535
67807
83050
20366
97898
27564
45066
79025
54338
64874
80913
32286
53174
54724
14794
51194
35637
38718
11019
73451
84646
33752
18747
83337
12670
52312
60264
3102
89509
45435
45874
41044
29593
28923
77761
27491
56486
22826
6515
27175
4052
3779
75813
73577
74855
90606
24771
26843
29324
52141
293
30321
2244
19039
13658
14914
87702
90273
34367
77211
35707
80240
34606
81652
25514
12366
9142
82000
51543
32008
25526
55594
52138
1338
45523
26992
91944
70293
70186
37619
38785
70478
67939
41029
5868
97948
72294
93570
4572
6660
87132
56631
3251
38089
38282
28764
66806
63775
27115
18348
12134
68993
90294
64271
70330
35816
7615
78625
22460
94152
32595
61244
64630
16886
2272
86849
31185
74565
96770
35757
97576
253
8739
17178
38341
63372
62294
5146
27146
89408
39846
39279
74752
30139
19901
45082
82306
43867
40058
4765
38019
72653
82360
19000
5890
84632
22200
37074
75548
18970
89182
89476
35574
97920
6653
73915
61291
85298
95412
4788
91058
35257
60418
65809
81747
80319
27242
64052
40537
67300
85168
78555
56304
67528
97554
78545
68511
19754
15618
60410
55075
4800
49885
90648
19071
72890
80914
96714
74539
92678
17853
65596
44286
78271
31405
26033
74941
74998
6436
15477
42297
91604
94032
14952
75483
7937
93496
43993
44042
25466
20754
15468
46617
86991
6116
65687
76232
3381
78752
50770
96058
96605
16366
40344
91227
64122
82728
66167
39119
89163
97995
97768
97118
8378
29071
88952
16315
22567
49296
76708
64384
70050
92176
11000
57040
14643
93038
33271
34375
88142
392
46785
84746
16757
3480
92324
97230
86207
58490
36349
91721
72836
34116
5191
81214
79538
94142
13880
2104
43438
90587
82839
13487
99114
93838
86878
13756
3228
20148
64483
91369
20539
11267
76114
53648
14746
84789
50877
17304
43278
3577
25376
16113
54044
30566
13678
33582
41060
27557
52037
84497
34496
34876
14335
33609
45065
1212
63717
48292
37711
28199
39660
74601
55817
32125
28248
70562
16913
95477
4217
76542
15405
29592
9007
69449
76510
22684
19382
17569
50241
71418
2065
84736
6293
32751
34696
51358
33962
98412
16001
88024
42962
55661
62624
98778
4137
7224
69339
21050
19052
89907
97591
34456
19499
6597
20256
96008
45633
39637
29928
95873
11055
31992
96960
33699
81094
31655
1408
15055
30067
17409
3078
89380
89421
82053
88158
93557
89276
73848
14606
24679
63755
28549
59135
99605
51497
79390
11964
97129
35379
41891
9353
46433
90234
22664
80131
71327
54319
97891
2733
737
15299
22162
90116
4719
4214
78273
98275
9842
52121
29233
34520
32227
74133
10006
31831
25629
5748
43794
39110
41126
2036
64814
3910
92269
87478
392
79947
58148
98282
82679
58884
13580
4840
65351
34650
25405
43624
49277
35246
12096
78509
86118
60674
52641
12475
92504
94621
18222
52649
50082
75699
54684
31248
79608
63304
18725
80000
43250
76872
78281
25928
52107
8213
30767
17457
42862
56171
77432
92138
7769
5879
86998
93886
66552
39638
6360
75407
50611
40934
28055
17044
16632
99090
48291
96240
62393
83367
92591
5642
76590
70871
31569
45048
79083
78687
78857
38297
51210
56288
30434
58978
78519
17432
69215
61422
73421
91926
36829
40383
49211
81235
73779
65843
80325
38421
78434
59069
21788
71024
64711
14729
58246
12631
59777
53681
7670
38633
91977
58879
11272
38762
34208
89790
56193
19774
67564
45966
11699
20744
2700
77262
1978
76478
43104
98654
14899
37889
74075
36686
8912
38785
67766
83509
67767
27542
37189
75436
66174
29165
50666
93798
84279
84873
99939
40471
4646
67502
2788
32697
88245
5488
9958
6575
81965
69413
21580
96863
7301
95654
49900
32564
50790
17666
16072
34909
61559
69613
10344
44085
98777
77362
37882
99407
62234
37820
39878
83232
21674
59017
15928
26270
64504
42237
32844
62821
11649
70776
76035
18949
82781
42287
67864
49923
76304
83935
84831
37862
53547
11526
98298
68676
88887
36179
68082
67473
90351
24311
50704
12024
83328
82983
38293
64183
25219
87489
43355
36867
74616
19390
72167
57396
61676
56382
7318
37979
40316
8500
92192
10215
20026
90490
95242
25264
43020
79675
92736
33370
3986
59791
61745
3665
42773
16390
84199
67991
20230
27554
21209
94845
63295
9727
52240
24970
66108
75910
79300
22776
84409
87843
32990
20786
94684
44583
46050
37704
24257
55137
87425
44594
14928
65522
64610
74052
81911
65161
58395
2140
9066
79603
96984
72360
89330
65575
13681
71789
41484
92980
94564
42245
97174
43905
63030
91858
88487
25431
45913
29096
96920
33337
90041
28199
98858
54651
2250
97120
36163
60644
99259
45228
56599
12594
17587
45928
78169
31267
34068
36004
40598
28632
78248
37771
72536
41278
45980
77375
66708
91892
6470
63627
25229
96510
8177
40438
67512
10427
37558
3674
71070
53168
48901
27668
65762
66487
89947
60282
14105
24015
96285
54702
68998
74533
8825
41533
32162
54804
18907
15221
46696
41728
95200
88276
54590
3376
28713
22101
13802
82622
42127
1224
35790
91027
45243
17903
73866
51542
78184
4322
91908
90820
59024
60905
81704
67848
18789
13865
22651
54048
45438
85698
95775
40637
73973
66716
60364
2686
88817
74166
85307
47295
91741
37448
54673
53335
55350
44890
4876
49885
49212
13135
57057
8235
74039
38760
92434
92828
68977
31436
46875
14414
17134
59001
71402
91106
25717
31765
93791
30885
22282
95450
78179
30374
49249
32851
83709
4599
77741
4936
70835
43304
18071
27891
51538
8461
83003
60323
1288
68331
91758
64514
99096
8891
23515
70497
16349
49231
18613
26491
80115
57247
21940
74645
87620
71189
7495
87680
92139
1587
8968
79325
44890
43390
23568
12779
51850
6570
73101
53138
74900
81211
17651
73995
6453
41165
60843
22801
6747
79455
65644
86861
53053
87583
61505
40673
75123
85352
44704
83613
3290
53671
79290
48180
97060
2857
77310
48910
25778
66763
18399
17029
47973
36049
7375
70777
93566
68217
9930
312
64023
75573
3525
17076
79507
81381
74100
70982
83084
18803
70946
86374
72474
50235
50905
85885
53091
28214
34794
95220
11328
53192
12248
75652
5593
19622
46429
15510
4190
72710
32173
68213
48282
52049
1640
44140
49782
75739
15121
32865
94541
86067
35590
83366
36301
2846
69251
5744
47412
20396
963
58739
89940
29563
34391
11884
49184
97171
27393
69726
69880
59565
37938
34513
27966
39577
78652
77747
15315
10125
26963
26207
96191
62553
9573
48843
65398
95175
70938
12809
15570
88253
71548
5509
34167
22290
17392
99702
19460
61136
69427
5691
37053
7364
56555
65018
63292
51558
42764
94958
61682
69726
21165
74224
48630
47089
39419
30380
42263
26708
43188
57832
14960
31087
79693
49126
69728
97084
48828
5539
74572
34606
11229
11624
41970
84135
76641
5261
35693
35756
16571
13726
21833
37735
4302
70463
84823
43720
842
27085
70427
60381
1268
1739
7820
80960
67216
77547
94396
32395
83086
68967
67001
10666
80590
25322
94801
57230
46934
30493
9337
63504
60570
31169
17590
64871
17983
2412
24942
35176
45848
95369
11909
47116
13459
19728
28075
97026
97274
22470
45773
80359
91436
12773
91025
88377
54446
2177
45606
1379
32669
71294
81235
9590
18815
98824
74461
53149
1236
99402
88325
63435
11122
16585
10550
40932
36312
54977
37958
49937
93798
83730
30296
1586
12854
37672
89962
83651
39848
51920
85029
88868
23213
66263
98457
42027
81439
89269
95176
99026
5023
99852
62460
32496
32788
89362
73428
69099
44338
27737
19035
38135
27818
65682
39720
57023
19705
29682
40673
75904
81601
42053
64771
21165
24668
79580
79544
6106
85200
91071
5131
90222
7274
67590
39070
40061
56951
12497
25511
17640
56585
44545
72127
754
26579
28198
57776
62635
74231
14800
38539
72183
56852
3309
93348
81519
99240
72891
87624
84440
80313
9106
91013
87586
76696
30082
27646
49998
58930
53156
83990
31866
14052
56116
32619
56982
84313
90394
19617
58544
5193
58155
30726
78397
77815
40425
59915
77055
29667
63891
77846
9979
72996
68858
13916
66043
15292
41561
16041
90573
11068
16382
22439
25120
72497
55057
98453
73161
61803
18069
48056
83347
76223
95134
61743
70390
35558
38010
47444
81577
1900
25289
91555
74895
10498
5471
40938
25789
63383
73330
16362
74451
89711
38800
15922
78559
10208
14374
51719
88362
48795
99775
71709
41369
94908
49803
11758
46817
87812
59201
28393
89711
841
36300
80958
11339
41770
21895
53479
21504
11576
69840
12306
1286
24991
28227
79844
51551
58953
47914
39912
24099
47688
11620
65467
58947
61423
77225
22116
65586
52777
50508
55297
53618
86807
52606
81308
44928
74500
34786
66432
86075
20978
95089
3712
45968
39668
99907
13870
98620
47820
53782
39070
11860
81753
4536
87158
43175
98112
9273
25113
67241
59781
96761
20858
62939
49366
18517
24219
23865
53302
90650
26291
74279
2090
46354
36599
41757
62612
50468
56728
26783
20601
95797
38642
2354
16685
42152
61880
14796
51424
86992
82036
27556
83752
19245
6847
33117
37761
31065
73333
7415
38066
99623
98045
40155
62328
50995
81912
24939
17815
38639
51722
38415
50788
6715
40768
67472
48866
2648
82267
16642
89639
80655
60549
73391
16251
67395
22859
70364
14811
96192
77778
52876
12166
92174
9383
74494
43169
91294
99432
77335
46284
67505
15749
97071
74220
72869
64542
39437
75516
63161
72430
81506
60167
32979
71248
76417
16725
94107
46780
31536
90298
40909
763
2463
33083
10145
76956
92603
17790
92740
69937
64074
76596
2037
77496
50815
74905
58390
6604
66772
37902
79033
48278
98068
12011
19525
74484
28736
13631
37616
76623
3928
78524
77385
6391
27958
87530
99698
20560
5319
8789
6848
85744
85385
8885
63240
52551
141
37981
59154
66913
75882
54539
15190
73949
82901
51066
64784
27988
64697
2399
4610
84976
97275
81995
91366
25232
85876
7416
45792
91194
32556
68991
76938
17940
94227
56529
86843
94368
94509
45996
77632
86742
16886
92821
77042
99787
43886
41825
27774
24934
60576
32384
9910
57850
30730
17627
99433
16605
25042
45224
7798
57598
30567
1087
91889
24793
73967
78731
19160
84827
41079
13143
71568
57964
5963
48609
57750
66201
6786
1876
7486
67361
34259
17395
41562
64988
35022
40994
97944
76415
2570
5741
50364
33136
23180
58605
57928
97146
37335
93440
98325
94765
6582
69892
52729
28897
18501
26830
11449
25286
28705
18934
8998
79315
52681
66911
60654
87702
7904
58597
80468
26825
80690
47184
59960
3869
5788
34240
17366
43122
44031
15690
37887
66964
1934
6967
95860
20434
50148
23660
62071
78853
58946
87420
74519
11626
54330
35173
15679
78585
93769
96146
5410
74458
43329
65369
94678
49116
15960
28396
8590
59990
60437
62828
26954
62370
86146
39165
99155
36293
79177
77577
31497
38122
64996
6016
66099
35677
57540
81777
14262
51308
94274
19671
42118
53955
1391
53147
3070
17351
81542
28011
93692
58331
7190
36997
37052
93335
92514
36207
29628
71690
30135
61124
26163
11483
83491
92261
47159
41030
74037
77772
8690
84662
97442
50807
38616
98833
3953
41686
32535
1847
86048
42578
76529
93238
79575
13580
86572
72088
66138
32551
60129
96273
93675
86291
7755
93517
94903
71265
34547
68939
49037
43236
53600
62830
10394
8568
78014
30698
66605
26900
48896
52652
69478
25424
62241
49052
39004
48813
37491
5141
81363
97619
17765
91389
261
25519
1258
95163
13136
35804
80453
78524
95391
50404
41353
22136
58971
35719
52833
25575
62618
1729
78227
32095
27152
40467
97498
82507
5631
34988
87648
3346
32606
5412
11086
32866
47283
12343
28028
76770
64498
8480
55293
76240
58884
12997
98375
34206
65067
51208
59781
27685
52936
38007
76131
96439
94825
73629
78946
16808
8616
82945
20153
57574
4708
47590
90439
51990
59933
34819
45111
40782
59650
16755
17022
34885
29752
31748
69091
11170
82955
28871
38854
52242
83229
14985
65033
94405
88613
43978
11212
13580
43274
47716
71153
47981
11658
77944
16323
87942
29114
61433
28723
88763
78188
62096
40000
24291
93844
25442
35460
93150
54312
90666
45392
53892
22002
10424
64648
26966
70753
92212
40545
14026
56279
28050
62006
67936
5993
94680
55877
35106
56113
952
40220
50652
79399
80219
91294
73242
5660
26753
66392
76323
