10000
51968
7875
91530
77864
16317
93414
27227
96158
94425
17462
97625
36197
84624
50315
13631
61821
34095
11637
64987
1197
75992
46696
85179
11800
17730
57885
28158
67830
24236
46082
17279
92556
53956
25161
86771
70273
18574
13997
82782
29350
31459
96758
81898
32434
63424
95529
10606
97518
7165
91944
15067
99508
38639
16597
27659
72720
90833
55816
40549
15069
1898
57828
7624
72205
82988
10746
58829
17913
24742
57962
63614
72552
71072
45511
21337
34495
57391
31942
48365
80907
23885
79783
80415
78875
96379
24425
51595
87212
96593
8495
18632
14842
66322
42607
3398
65661
53352
62227
99925
78093
36540
63538
66997
23963
9049
88333
58458
66439
20275
23174
63698
60511
19308
44112
55738
15686
84888
23684
19249
81480
32178
54232
96321
98500
96838
99719
80512
66541
78297
80437
60986
31188
43974
27982
55151
69374
16314
29960
52165
52940
69485
15862
29803
88792
76325
85540
20829
61212
9223
56430
59044
57752
10661
55364
56251
23851
71434
53115
90391
66082
33551
51376
97270
93876
95709
52420
63250
12023
98731
15414
81314
68215
47627
11116
57006
23951
13007
77834
1514
38581
34263
60557
96333
61276
32273
68935
85126
20058
22049
75516
86140
55599
43244
83409
65827
38952
52180
29076
67326
67262
60841
48640
35476
24819
76107
8833
48769
89114
3018
66634
27694
53633
27191
24026
14908
75815
92961
16385
95872
31361
91900
82011
3312
51495
81771
69138
90447
50302
98213
74124
17563
75405
22763
69390
223
15222
94574
65343
4335
97592
48328
48380
67576
91870
88758
82483
67684
81718
98867
79908
29430
7118
61918
32741
74965
60041
1878
81763
26694
16442
55886
60609
91846
95001
29998
8420
10222
40924
90114
30908
38515
54794
79287
6090
46663
68044
4924
14347
66113
20142
10606
95543
43611
72523
28283
18575
48915
46513
16689
75609
62954
72575
36217
71152
67575
82566
95923
94148
23489
2389
25055
78355
57182
20693
796
3844
88737
22071
34542
71201
58564
45147
83095
2175
34022
27730
37101
99288
74242
53790
74896
53547
42716
27464
24698
10290
26382
36973
20789
66222
39361
45843
60929
96542
82887
78076
16737
71623
147
51279
59176
58710
12777
42270
77236
46798
69999
30689
62438
60592
84478
53685
14139
27193
81149
55188
53834
23882
92160
90974
6455
31520
53168
67383
44413
36054
45459
61150
24029
61957
28780
83204
20666
41556
41825
14254
4706
28176
44942
67143
88767
45771
20827
19257
89315
18327
74445
59500
58560
66604
50473
65015
14476
3640
48749
58888
39693
10559
36389
63721
72515
65168
63276
9533
23076
5101
40138
44133
49628
85079
11275
38394
47201
48453
74003
52867
83132
48447
12366
41691
31402
79190
23057
45877
82829
88158
21117
38873
98716
57505
18946
87583
39025
98573
97115
78452
3673
37252
22584
69652
38682
33858
24398
2234
98662
98400
55100
81793
46846
67465
39836
94599
63006
62892
56828
45834
51049
77944
1058
66117
51800
20003
53699
7176
18576
50813
85627
38600
4416
8210
8252
59449
58419
49001
61682
73433
47400
33133
55225
10597
16949
95060
5195
79954
74304
62022
25787
41704
56317
43196
7820
24469
63199
61518
31644
98126
28682
33623
53077
49449
58184
77680
25249
16603
26680
3282
6387
74079
36414
61611
84675
53362
73023
6222
33315
63678
84595
75453
5381
40912
18649
29553
65380
98199
91070
13375
96324
36104
46997
65752
1904
5181
43432
27153
38135
70111
30434
44521
60542
66848
22483
45216
20209
95505
67789
69876
75534
52384
45328
80915
93295
80328
10467
75026
78526
17888
88400
91201
70343
35397
56953
72247
56929
16736
99399
95063
86846
46184
39583
63739
13031
62065
25307
49592
73922
93095
19467
49455
45478
81146
46721
55124
61474
73539
30149
56351
7779
34901
63904
78121
86649
20856
66719
43577
37591
82469
54991
40788
28653
10925
4527
58035
89341
29833
7626
79614
39279
43444
29069
84757
24590
92141
56232
2415
65680
2733
75117
89810
37633
39020
84282
24281
76227
51001
84209
30169
49821
55551
70957
78473
66475
91835
36508
55815
38019
60485
51781
77297
3929
80849
78405
44870
89341
50989
63636
71372
53721
38752
61181
91353
77772
61815
31985
70350
12815
32545
519
62635
88095
87827
57460
54569
96013
93967
26735
34031
54451
78515
27679
74731
75715
22436
19600
81408
73424
83235
52779
27144
38339
30312
34848
16110
92126
66832
2811
21292
99376
3329
83926
3822
91155
57737
58390
87167
51703
1476
37549
22506
96343
65228
97236
72057
4015
33188
53464
77438
16422
22595
20933
54760
52906
55780
87221
61383
38963
90032
82674
38338
9712
82951
58511
867
40688
16900
4385
8742
34727
41934
47599
31069
23513
44835
19478
27527
94374
72941
4964
10795
11887
42248
81907
81144
98027
85479
42526
36989
91862
25199
91678
1574
8150
50188
18792
65189
83439
23176
73930
18165
65109
21529
65586
88621
82715
85063
32499
77088
74355
53814
4234
86242
96061
2492
67385
94087
4323
9911
47427
96184
51461
55456
14109
75962
5643
49252
41150
5433
72428
31432
39950
53888
69312
5535
58861
52026
90597
7711
45465
64951
61525
66050
67544
57585
68542
34929
68024
72864
61191
15450
85399
29003
87258
15860
4965
92900
65111
46114
14685
53890
93897
54634
24130
63208
60168
99342
31585
67116
7052
77049
48418
68576
43099
15962
42513
27992
67242
10536
17207
28432
42337
2605
57434
29594
34816
78750
38846
16279
41216
53530
86520
35112
24515
10649
14672
1034
9990
46256
68149
33394
39657
32918
1969
82755
48879
60833
27098
32472
71368
44304
77255
30057
63260
51041
59650
98076
29790
14847
14354
71005
84728
873
22469
9242
27874
37140
26627
54215
83395
11127
87608
23051
44045
5929
22157
9275
66761
49254
41747
54481
9909
19001
84537
73169
70041
60538
71244
99831
91737
1949
87187
76464
2821
9655
2058
47046
63146
28684
1261
46541
39811
5220
85943
83855
11148
24452
9481
94261
90057
51227
48741
99966
70228
49629
73134
56620
26518
60729
72802
18254
62677
59989
94718
81849
85995
96775
28895
65493
41810
46507
12033
81620
51726
14327
81826
62874
55130
91307
57134
45187
58885
22226
45152
45464
88206
34637
2084
14723
95365
91237
32977
58041
67577
44046
56241
53572
57172
85135
19064
98981
47993
47448
96953
99719
78126
95130
62592
33256
2788
36077
78442
61673
74654
39945
7136
62859
74581
25571
93933
69945
16808
26909
44337
84384
70954
16929
54307
44477
18416
89722
43458
66408
53521
40410
66126
31647
35539
45069
81254
54679
81145
76047
16351
72150
15991
39838
51360
90571
81761
45293
76867
14920
72201
37555
15655
59507
54483
69962
3983
72898
76035
63792
39306
29556
20553
5431
77554
72444
50500
58807
27122
47996
34853
43472
36498
67195
99661
87857
74117
81421
33149
67335
96340
21702
4889
11995
97560
75723
98308
17894
48621
74342
81686
4278
20249
18590
26060
97802
91033
92911
72960
18154
57259
24164
61625
93756
91358
61286
81612
81826
59058
31113
49160
55398
69166
70400
83744
83077
46123
82051
970
11095
72744
99007
15372
92993
17597
41431
7146
8629
34342
80106
43135
91600
20621
4759
1707
28331
82396
99670
10156
41454
30782
75668
13203
16299
46067
96946
99375
92189
95348
16697
3283
68091
32055
35006
61083
49651
76437
84581
74632
27130
81038
17766
35081
1658
38876
36787
46340
37624
36456
72848
95429
67238
48515
8631
99888
94581
21928
99263
3122
17275
32311
22756
85365
64365
57762
62800
30368
50550
47380
21351
77679
28417
55468
12759
46426
94343
49545
92766
48318
2352
65613
43746
85941
14127
52376
85829
25059
74303
1443
44532
91577
33753
67288
93294
14469
41401
56093
44836
91950
3472
66186
85980
31888
21653
15090
78313
32348
64634
87430
80665
83337
53042
40763
69278
83520
93138
55106
8579
83793
72900
69462
91721
6652
53101
85014
21120
94501
41106
82308
2802
44577
64845
88781
92816
86498
3870
87481
35197
84855
74910
32213
68192
44304
72975
37469
27823
82465
8926
52753
82609
98177
22215
74329
21180
75315
59343
58651
86168
16800
40958
88969
77729
5803
77750
70544
8652
81619
74376
60200
82826
49286
92412
51017
93589
81739
4837
37763
64203
30114
90516
46811
28290
29082
37491
49469
4396
13185
8119
90563
29985
65429
79532
7713
87583
73633
94608
96234
71603
68984
56433
54428
34621
65196
21796
28209
63286
26632
65971
27488
73097
72838
90650
17738
1919
44493
83558
6315
57677
8029
13229
87661
73457
9112
11725
61039
82744
22685
73624
54347
8020
46408
25126
42640
27955
46922
87200
91241
89905
69522
35080
63002
42360
25730
97091
44278
70222
80649
66944
44250
88677
96525
48263
62133
5636
59987
39523
4732
99023
13146
75430
7042
75905
555
49681
3859
63828
36880
95099
53733
6402
30179
33086
65113
72260
30176
9390
58833
10824
92686
3082
99500
89210
51344
77984
11197
27683
33858
32280
26705
63355
24061
33747
39259
40968
99779
59470
4795
53011
54568
58527
59412
1098
91612
24524
73357
38140
50265
32189
48963
59302
51623
64815
64863
2966
59150
92412
30648
9360
24691
73705
72714
65104
7451
28325
6071
23581
4146
10865
76591
58713
85744
52354
76163
93707
93229
65871
31846
43494
14412
97161
19147
66034
78327
84010
68999
37476
76421
15999
63187
17463
89703
35901
82566
13505
80577
4988
53437
84722
15853
30028
59786
17948
82381
35948
11654
75610
18171
59852
35455
32582
57012
54601
98615
35338
54962
83965
89165
47734
16315
52352
65197
22369
4604
64114
35873
85180
69102
89310
86253
1306
35689
62390
19253
18069
98338
47258
10030
32860
7109
45484
65441
64120
16437
64055
99457
71398
64371
4974
19132
80686
57325
680
3054
61928
64793
55279
63459
50246
60940
66063
67903
96628
28452
87155
14696
43141
34413
24726
76000
41521
86561
41440
21993
2997
21846
37801
74395
86217
42774
93526
83254
16450
10557
2659
78377
91701
57937
58187
41947
18876
24249
26201
31855
69053
13356
46551
12193
64120
87628
4545
21992
74188
45984
60336
93537
84182
98137
67931
86750
57262
77808
70003
73712
88364
72661
68440
80064
46950
26627
38362
82177
67227
64563
14032
36279
94270
76934
64824
74741
64561
69368
13084
55100
31703
73420
48636
15884
87908
32918
2633
45169
10725
88987
18880
15440
78000
87320
95504
24949
30298
50217
23477
13876
14779
37508
50155
25400
14441
31330
140
95353
17049
13224
50453
48751
2995
15440
64635
90902
48358
83619
52422
75434
72606
71302
7226
50605
74973
2729
91905
5270
69297
15381
19145
428
69241
85651
25827
83681
33332
25967
79034
50380
55542
45838
99131
74888
61277
80117
65789
25986
63735
34562
17772
52692
5863
24997
19648
97187
44077
11552
2456
13373
43285
37953
13800
12525
39955
55979
12557
73287
98297
91590
40018
70190
53779
39148
45077
31408
35616
27217
73745
99351
61778
91516
52042
83993
32864
88042
81179
76940
99593
83635
6665
59229
37939
36816
88105
94245
92794
662
83883
91090
8603
23901
61279
62382
79400
22707
93789
15016
49923
67533
30718
11701
75401
99111
12045
8264
87152
93223
1556
3097
93209
8220
78677
31147
45035
66782
41744
54181
83795
25626
61622
92397
49526
39253
71130
45278
61959
64918
76645
28234
48803
7362
56286
40555
6472
68330
48818
9976
61552
50373
13072
54761
74944
91748
2259
36331
74881
44002
6863
58675
69628
68484
51072
35505
7736
22201
80782
86047
3471
73778
14280
68625
81139
70565
9179
3963
55246
74348
13938
16797
41073
43361
87909
16016
51460
90168
68698
42693
34169
75560
1367
20148
60396
68790
55653
84483
7343
52786
70529
27165
26564
1160
95789
24054
88076
21319
28016
43321
95666
58305
76470
53090
18017
64378
69106
85829
54545
54155
28521
5066
46067
29887
25213
6462
15029
97217
90944
22371
50003
77825
49535
92918
78984
61675
16971
83412
82993
61339
43084
95010
35995
19553
48100
54012
83931
33557
39840
54827
87711
84712
59892
33777
14598
1457
56590
45978
98673
47534
68348
65027
25358
34234
57944
20693
95908
91267
20456
95252
52605
63540
90262
88599
99444
54713
58962
99726
88269
15153
54553
92331
99864
30796
42460
30814
32252
99049
76791
47277
46582
61491
12303
88291
95724
86599
25336
7984
94217
62143
3235
46821
42034
9848
51771
41478
64560
27085
41203
69180
42237
12107
61511
58453
42903
3970
5618
91506
19370
82408
55134
82304
60250
67437
70594
55974
70387
12281
80309
64603
90776
99895
27775
32809
9743
95897
74286
90654
39333
15489
59834
81570
43947
37696
56374
86849
41665
61991
94707
61034
60750
49840
43337
21000
33628
30283
93325
4014
58915
73633
84968
49690
73527
29094
82499
99621
41343
73136
6627
80675
4976
66460
78596
48923
4155
34969
35771
62171
96959
30477
39556
57709
96669
99245
95060
30296
45879
88384
50662
21145
62016
51981
70835
51894
81075
69685
67867
22417
42820
74493
19443
47796
57304
98039
96718
77810
49359
48840
39980
46318
95669
95887
20378
92337
11483
15437
38984
57361
20172
89645
78506
98539
41626
65692
66784
39052
51728
34650
77820
10899
25494
97262
58694
82797
95300
71763
60606
44659
36955
16937
7328
32623
12824
44057
41311
24306
75845
80294
98019
12368
69939
76524
10906
27916
58567
77689
66967
10294
28691
44786
21192
54184
58399
96238
36981
70051
84352
97586
31061
21306
14523
54740
53928
43698
98796
11590
68003
90992
91884
66021
3359
78174
58896
14264
22441
33814
8304
89407
44107
36994
50544
81651
91178
25294
94240
44510
95344
78591
58447
26404
99897
89321
81143
70176
33018
96290
81766
17373
87281
73649
99745
90639
68174
74993
21254
90614
8806
29558
96372
69265
66551
63267
67267
74080
88560
61506
18589
256
40096
77036
26659
39992
66356
24154
10168
15726
20443
8285
33098
7724
98285
49194
14714
66458
24186
52320
73423
49344
81877
86146
18608
64779
49412
85874
55211
54323
47379
90151
54578
3826
67186
97589
43818
49894
21742
70337
65619
42184
78621
15068
66259
76905
64261
97325
59714
4799
49644
49488
54142
47872
35633
89101
29002
1396
74974
564
72070
38704
90715
26648
42529
57900
24236
2698
24145
45977
89386
6115
4512
84358
37534
87123
77614
18147
84447
53679
22945
50442
3166
93438
98313
55150
82538
43666
56545
57511
44230
28615
12566
34944
71614
71446
9195
12201
74144
49692
74529
79881
55806
79040
64239
93340
66162
58204
11486
66960
11883
50782
17401
15048
44219
32065
70198
26756
92083
43094
618
36312
88060
13183
87607
59673
84628
13153
88225
75123
62844
62753
55004
35002
41793
35594
28341
24306
93797
56178
91266
5679
6959
25018
37079
67529
73435
23628
94284
65517
83073
94901
1828
71133
8083
5786
47157
9062
18938
35382
84185
98134
98134
39188
33135
56278
74781
61475
80584
84929
34004
88201
90608
57314
29570
44038
24842
3004
67665
35477
68520
50737
30377
86699
38221
54811
92484
85378
63872
27774
37111
64408
25907
35244
3595
75393
91522
94727
53219
88457
79656
87222
93009
86615
60887
38930
47004
85728
41934
14668
21204
26805
81756
67932
13504
19977
39094
22339
21706
19317
66464
58816
83725
92370
10411
3671
84114
18284
14750
37332
23092
94405
24553
32452
97371
85439
71382
44374
87518
13315
75393
25073
40119
73500
93004
69974
9828
48449
92313
47885
67766
58776
6700
51490
67498
33463
71512
51611
51746
86261
5295
74838
97017
29847
7289
10739
31638
78670
71464
19155
8336
46856
60580
64807
36708
53583
51132
46535
2032
43444
10772
86149
18572
17471
53990
2421
50933
25501
70383
19031
28114
75677
93868
25130
21876
17508
35869
69865
12530
7332
5371
37217
70540
65950
2023
23599
19533
53155
86485
37916
12950
97256
40416
47873
14727
94405
66645
82011
36257
53380
17393
64370
29056
11260
5852
67283
45120
41720
37147
57649
65403
58870
11217
52294
24819
13240
75892
60703
82746
62377
14970
12047
75984
55385
76272
7062
66141
42916
89073
2398
96295
6465
83119
41703
34077
88970
25337
95548
47041
78836
69548
28796
37705
80764
81089
62523
10355
73333
23226
9452
52061
38195
21499
28044
9932
97770
35106
76072
57037
40530
94821
53332
63346
77940
11386
13774
83261
36722
9321
46654
15557
95220
75449
53261
75984
72889
32136
2690
62573
55361
12142
14633
9907
49992
59029
19838
64113
10486
95910
37501
67367
90730
90832
30712
85021
18569
60838
68282
55291
86510
14935
87199
81730
6735
56812
74065
79623
88947
93106
42196
44307
21599
73180
70565
71590
48560
90403
52054
59045
86312
89555
42763
93393
96738
89827
78414
15307
50664
46695
86949
53525
77981
90499
51606
84715
47310
42022
80689
52608
35128
22884
13266
56726
12416
83831
44668
60975
74233
96721
36372
60544
86275
95486
70288
99365
85312
48701
14671
52327
11747
17971
5852
6079
8469
57457
90793
72131
99479
71482
24738
34606
10717
38004
7683
39484
21834
52350
16811
96066
49071
69534
72961
51697
65019
43248
51061
50331
8301
82083
2657
36399
53
8508
42478
24874
82317
33270
97004
98147
21103
38093
32752
48172
76096
56786
87655
97929
9136
20817
10346
74558
90350
99658
26254
55369
59258
93667
5699
67558
75749
24707
3956
92154
49567
62785
33379
31883
12407
30382
46381
49861
84826
79132
98032
60922
52269
2039
75202
61404
22855
1900
35961
29557
1557
62215
84925
77166
72233
6975
61075
47981
48033
81383
56486
97599
44167
89864
45833
56573
36597
92213
6434
21423
87696
20817
98696
39965
22855
90249
1368
62062
92148
53681
7970
10057
32247
92894
87222
4479
16220
48297
68811
64252
29679
41649
78203
73845
31512
40387
46770
84461
32600
53203
22235
36647
74019
37282
76611
13226
27530
94331
91639
19678
64363
99608
29734
96609
8853
33307
1087
41424
81603
86249
22027
27633
27897
229
17830
75761
56968
64599
76573
89567
17801
98807
26213
8171
52440
19176
37748
79969
29858
45738
99646
94220
45345
45731
90828
70549
79038
8266
11972
76992
10866
50351
20977
38763
66931
38806
30875
23898
3404
7447
29816
37556
22605
72381
62078
75044
91556
99826
55012
37765
45563
71010
31984
7260
33092
39163
94160
28481
63780
22484
21825
74645
72834
42801
29759
39764
81606
60633
63662
1361
84431
9829
38916
7035
82209
17345
98430
73764
33522
69794
27880
95437
57155
59863
2696
90246
15377
13207
35079
95508
35690
56903
70153
8523
99703
16263
64639
97660
76896
28300
99020
77678
38128
54287
84713
36689
71631
83142
26804
5153
69287
54684
589
26441
30898
19636
33039
46275
32842
68117
41782
68532
25019
28286
93406
41073
44549
58044
38732
37796
2695
54103
15473
57175
8389
16537
93863
80019
16031
20666
1523
85317
75349
18463
28110
6247
54450
61148
68873
3644
29264
27006
88527
70634
71644
81932
11706
32544
39976
66789
70339
42670
20891
2163
16196
29279
35052
10058
25649
51082
30724
43524
52750
6072
78338
80859
28670
32788
42006
13894
36431
87621
40900
24957
58254
12543
23240
69959
45086
63215
53099
31776
22237
73989
50290
38432
3267
1693
64842
45268
52774
95565
88791
21876
17988
83480
2734
63010
16267
61092
76903
69049
48712
17802
10357
23318
46696
33597
93276
8133
13163
46375
56260
51751
36715
6550
6535
56334
8242
71376
1601
77368
66940
6743
99243
1279
90222
18328
64288
22841
95771
41191
91889
60835
75344
2246
84152
22040
35842
77427
30172
65356
40153
86432
17107
76868
9333
23641
49553
33926
95016
51153
11293
78307
74247
26887
79585
64468
61567
60225
3660
57337
17767
95549
18171
93110
14146
2322
15149
66339
96101
61673
31694
52605
64456
48800
45824
73788
72440
95376
7713
83807
62880
35358
62113
37126
78596
58050
17946
40162
18274
21605
13851
36040
33505
48373
45501
47650
67047
77002
13988
79499
38674
45682
32103
3129
10833
94279
93268
83273
6006
17332
67079
68886
52689
45544
22363
47637
3593
40308
87798
38218
61913
18000
90609
11769
66373
36109
59419
33419
13110
73406
12917
68135
35439
61371
87615
46272
72001
80882
45896
78007
98214
29326
63244
67254
74869
85606
14890
78461
42266
19040
33030
20530
37039
23638
32298
19763
76099
91716
53181
5560
81474
82449
73695
16912
60172
61309
79535
32172
58543
25430
26530
73108
54756
89773
56713
29624
91731
71603
24437
33996
6994
73818
54525
60384
13808
86822
80147
89906
78538
49679
11817
76363
32128
1863
93274
92299
79524
72809
40822
38066
14590
67352
27525
69345
73476
84237
15321
65206
55839
56109
99201
79184
29926
70077
39568
43733
56899
19714
49990
51788
85744
61807
28150
17871
63669
37775
26521
59544
26935
83695
97609
57877
51046
25133
27221
40873
9370
58893
6079
81560
15001
21631
77096
44927
91708
16663
5011
48606
52728
55001
16745
38471
33159
61246
72694
13179
99020
15566
72723
42307
99260
70331
183
66657
11816
43755
7530
37537
2648
29960
35448
34000
51590
12543
95278
59649
45557
289
24606
14636
71641
41350
53107
4799
18947
42152
17977
17967
57717
90699
76625
73329
77382
93159
39985
5549
36913
63866
43085
55912
10177
94884
89912
61767
7427
85189
37767
69335
1829
62373
83971
73469
3722
53429
78267
22669
95580
96244
56987
69648
3294
49963
42976
80675
43121
99313
86223
96385
79530
45659
52297
89707
40543
42208
67825
64321
43748
5591
33655
45577
67963
33977
35397
88037
87405
13664
27057
99336
26259
395
85336
45904
50357
28311
26579
9829
43975
29153
6213
23505
74812
58509
29563
31706
17068
97387
96026
77168
2977
46032
39096
87292
80009
74492
91680
83765
4507
18736
83101
47117
35482
68436
93021
2190
13098
35951
12018
73425
65103
34582
96929
56266
9443
42843
87971
26510
40229
348
20029
59557
46380
59124
46848
42740
49968
54879
26504
54474
73614
25956
1591
25447
94391
10963
27636
23841
46913
56005
97265
28367
90587
10545
84633
29
53387
88955
42890
9967
89303
79271
69523
35682
38394
32723
94773
4713
87601
21276
59187
77567
47232
77129
3013
57974
4443
47001
98166
51355
3005
11782
79721
9943
22326
64353
26323
92064
53308
85565
2030
58962
64835
71553
10995
19580
20627
5767
24293
8227
43394
99831
2145
6977
93311
21510
64951
97753
68510
79468
65459
87866
91250
45179
14161
29927
25884
40483
21991
95543
42399
24020
54504
7233
11924
81850
43165
32550
87616
67457
57129
31009
83639
59273
37986
76949
97134
19288
91053
65643
98755
56511
69861
6356
1689
373
36283
43924
40855
58273
39466
99606
98644
10321
6838
10568
92170
66354
59469
96137
50162
16597
27146
33800
92222
81483
10748
89355
770
1800
71350
15876
58310
57562
22232
76351
57934
74866
20274
15140
33138
76092
14745
48133
2764
37935
58700
94934
4288
18169
7422
54450
51117
34567
88249
43338
16049
15349
49045
33170
33500
20394
65398
8162
94307
3981
864
52240
78846
37489
67379
28335
13580
98476
76467
32696
36410
51519
43981
57049
86039
51402
27850
37155
85969
32451
96845
18369
64151
62241
67891
97650
98986
49640
22163
93292
53620
23026
45531
32465
60515
29261
77151
90446
27736
53617
23141
80497
21487
83473
53898
7525
34875
81747
61032
37195
14197
74228
71915
78347
36468
39805
92349
35453
5796
14511
28744
59415
53889
90626
8231
30755
36238
85381
21200
63974
55350
60693
60822
76836
44165
14719
84361
79039
96466
61744
32585
27014
35971
4500
5361
72438
60656
97709
24242
66452
28571
52985
25866
82459
59962
50449
13213
96199
35829
50765
76524
7530
11457
37346
84366
71973
68416
85078
67364
64881
46821
99948
91895
82791
20799
13607
71580
81455
27667
95821
64258
56237
65157
90123
55048
41470
56923
68260
37668
9104
19024
30544
16633
46832
67889
998
35157
52656
2427
2520
17537
65599
18819
25783
64741
39618
55741
36320
37424
83407
48492
1681
39643
13648
8155
94690
71469
65078
79302
9137
74181
14677
56032
90813
77861
40272
8163
13017
92927
26941
31888
26815
92540
50706
52597
57280
6675
8337
9952
44098
8095
58443
45778
47738
88443
53933
58779
59911
35362
38080
85399
9542
52757
41430
16706
30617
81701
41220
59985
74628
68161
91872
1442
77052
42577
70391
34331
49252
95079
44282
9701
3174
19077
55479
67263
7519
25763
26041
83781
77476
80473
69180
3369
33229
26961
36426
80197
8662
77646
40181
99641
62158
48404
17434
39209
90980
87824
89891
56583
99255
34173
66284
2428
69601
38114
69690
77119
80228
12082
77251
74055
92554
46430
77423
42134
73391
13848
38682
98404
7845
78862
98044
70002
43617
15477
25562
34597
19653
15453
7531
18907
65977
90166
21334
35577
44631
7375
29047
41210
19456
6297
15264
28362
69079
9038
70495
42469
22886
9177
57224
47082
4390
55267
17084
48007
87095
42645
98955
6747
58097
22837
25653
24073
13003
63338
76001
57633
87064
5047
98843
22872
11344
30458
51233
80422
39496
38079
39242
78733
63607
96465
25814
84349
68083
42897
48707
71529
1894
47661
78276
76342
86849
20280
16767
99851
83618
92767
73836
70681
14166
89030
9904
25509
19487
61136
22282
58982
15567
77875
37714
79173
90691
79880
63521
58773
39128
12227
30301
41021
76239
24928
33715
63088
45208
66833
79290
45177
59599
53125
32209
73764
58506
42113
15624
77993
3248
54257
53326
18814
32131
7392
14339
22821
87271
77859
97945
26398
6438
44598
83771
99028
69525
33837
62115
31084
669
57757
76260
76619
10881
24821
66735
69387
66933
98710
63731
86532
52967
33408
21698
85097
40799
36036
24270
44421
30246
38566
87171
36683
83163
87293
35711
69040
21129
14177
123
38149
71933
92735
14767
99166
17555
97853
84904
84487
96563
48634
87370
49529
98393
9067
50977
39192
45102
91598
99964
91700
30164
3486
28382
29678
90778
80444
98717
28258
10973
15192
66406
82905
24278
97525
98422
58184
11729
83325
59022
8291
48310
46391
74171
46703
55458
41500
2246
16911
33097
2209
8610
79612
5695
53344
9290
12824
50139
24358
57434
61111
55901
40191
44016
80178
37715
58789
54713
65796
42114
13734
74086
90423
60125
48257
37125
31934
6108
39370
65196
39204
57931
73806
35168
79977
43501
60809
9152
93639
1518
66585
71102
57419
6776
31469
53948
60842
90257
8661
26637
32370
22394
17075
22793
98870
65331
76269
30803
87790
31991
95999
43345
89921
86156
78512
86249
46008
55672
95400
55998
57190
61985
27099
14608
85112
58567
68555
45953
48824
93567
88942
97545
32313
6016
36689
31182
87698
12958
78337
75487
44948
90687
18831
51220
93194
13695
53820
39201
69366
49219
11550
26555
27555
38649
57514
29018
13567
26069
74971
78742
35987
80264
76287
68299
86279
12975
15833
90328
25932
94169
65814
87231
84855
996
54802
78048
14690
8621
33600
408
74192
45149
26962
18098
149
84476
47116
13716
26896
38438
8809
79234
18701
85095
47533
21331
98070
63365
11658
40353
73885
93823
43936
58739
94818
15089
53138
25860
23710
3089
42619
14253
64589
85932
32350
64738
70407
79465
94805
13654
34254
3613
9240
52954
5060
73124
90636
3129
52840
2293
59833
26724
96115
20120
1814
7285
35209
71303
33144
75270
74391
75762
89522
38979
61693
38223
20068
48452
34040
31224
78457
68293
34837
4048
37599
56248
77171
28234
59376
30010
30527
35560
56733
42993
55680
58546
50277
90888
46200
99772
66157
20590
91885
72030
75921
69930
10252
12340
34733
60643
43564
13189
28936
94752
17237
66534
50999
94407
94767
26726
40769
41645
62285
97501
84638
17964
72399
34914
25203
18598
34686
7711
55540
42922
96092
31460
12851
22696
43799
47583
83338
3714
77124
12273
98465
10712
95158
49463
21470
89925
76188
62238
47921
54825
59739
32558
72788
48489
83824
14343
67086
18509
38405
22625
77782
34497
70436
90633
57192
14235
38215
40529
17948
15338
69154
32765
26049
64311
82227
63871
70587
74767
26108
18508
29591
85846
67417
18730
50686
51240
49424
17772
86100
87829
56748
63882
22325
27184
54514
79516
57770
92728
20044
92069
24418
89197
24833
66818
69860
23412
30688
40446
14530
56796
75305
44120
58993
42722
79201
26031
93961
28625
43802
80061
16453
16901
43942
38777
60436
14807
34644
18205
23886
71039
26626
48303
76588
67810
31473
46447
7573
78512
3244
22102
51659
78549
82573
10652
37622
61774
36682
47934
90398
96835
44346
6850
30087
88287
61978
90523
19445
96621
25079
43331
67659
51704
7985
60598
35866
39457
7044
43438
17969
10288
65540
69627
5188
48112
96630
59161
26237
49663
7094
16634
62849
51440
39835
92936
56078
18164
83458
75523
31136
8536
35205
15147
76592
43189
75744
12457
98998
82788
72246
33318
9427
54137
2944
30966
2249
15926
6478
44837
81940
13571
61471
44789
81362
17657
54076
53792
35821
53885
45666
66956
62420
80870
82102
55363
24058
57846
84171
23055
56985
56417
72724
82763
10553
92020
13728
29153
7945
20205
73990
6236
50127
51812
67376
47841
69468
21451
1632
5288
75335
47297
88596
54107
44518
70697
9469
84927
44894
93640
24334
18230
50056
97057
992
76960
89076
31071
6113
97020
51275
96454
19608
17754
48265
86983
65594
17732
8434
83577
39372
120
30873
27967
54226
75390
15015
80047
60316
59909
73686
84649
94490
40093
98058
95482
33404
87133
26552
39516
84153
94179
35969
20112
28284
585
7094
10229
18317
31879
93805
57688
31999
24677
85654
2576
16418
668
82622
93085
76928
72659
94086
71418
29103
92143
83251
62507
79275
26154
18374
79779
36684
70695
16242
81319
71279
23336
91547
5947
55214
85351
63634
3564
26379
65639
22492
42796
82659
5113
52233
59586
94124
62670
47355
23226
71164
46957
2084
66790
89463
36810
62921
26146
7504
79162
23817
95134
2497
15363
1081
74063
714
64714
93978
27092
30353
16469
86240
29363
37934
54824
88948
32057
33845
52655
71634
5008
15963
90070
71797
5425
26879
51069
47923
34382
30231
71739
29515
49079
87101
30595
39493
4166
11661
49823
31258
58365
66291
33849
87727
20576
88672
93026
68984
22516
62032
56970
43875
77995
47039
32023
99771
90269
83092
64045
24650
29674
35783
70516
78752
39236
17463
34597
43401
45475
84419
91010
3839
67061
24858
7917
87637
29881
942
72972
68748
79326
29941
12622
73672
93331
44645
73442
83599
44088
37487
24600
73761
89621
11468
68864
28856
28930
19812
72257
90756
4230
79618
94594
87643
4476
18862
91631
50708
36155
64602
19456
15480
10895
48429
89151
4225
9425
62593
87824
53512
16431
28775
43624
6051
40242
12488
51259
85523
32299
39867
76278
52881
19484
87223
40523
40311
6084
48505
91019
42239
13106
10474
74070
24000
75254
63221
44577
84679
42165
48752
38190
58595
77526
81814
80997
17768
10653
32255
3290
59303
72121
95920
28535
91605
83142
69057
48267
5578
17561
39285
47816
47019
66110
21885
87370
41364
1457
31946
26042
43621
97049
64231
18567
74575
62396
15916
8694
89400
64522
11983
48703
36643
7902
77237
44599
7396
62646
92865
12973
96558
48502
77140
59928
14611
15376
47298
72326
16833
95595
98367
76805
92644
78950
11724
83570
57697
27639
92263
47097
92160
20597
12151
45154
44851
5739
6104
52246
84736
15321
81570
97646
63822
58709
57573
94784
74084
21222
67110
90916
33169
65476
84073
42164
44425
95796
25733
18474
39786
34347
65570
48297
54943
77720
93451
16145
83458
99554
84742
84546
31226
66311
82191
95047
25019
39763
89831
15455
77337
56940
22722
10505
38767
6794
52668
99544
18941
94752
18017
58726
29098
99938
7023
392
77657
473
32889
77466
16378
17630
62011
63956
83941
44201
59002
25311
316
65184
40765
77652
38475
79839
4508
77242
86632
57175
93137
5573
68278
27505
64298
13727
27442
87672
30470
5098
4496
63358
98915
37226
80988
77278
1181
81280
37830
60182
22942
38145
41718
80059
32148
80192
59897
36655
73785
46528
93829
83273
68452
78458
10777
49102
92184
38218
36773
22654
59667
41269
86011
58582
78494
83350
35859
79674
80981
90040
56207
3923
28185
97924
83981
60332
94468
43877
13339
84604
6756
23519
67877
75208
1977
78653
40661
94160
16871
77433
33165
76537
18701
35528
51470
13546
18877
3680
9571
99858
93720
65778
20132
38256
80053
4112
14939
74520
64340
28277
59124
71095
51796
27000
62654
70124
22004
3314
64283
38874
97099
13800
31763
32151
49327
99584
45697
84555
3264
55267
84412
13335
37396
4543
51590
17449
25006
82880
8320
89345
11157
83795
76792
79304
10794
55797
49427
49150
59111
30061
4375
56209
43860
52489
4711
9538
52073
50407
94093
71688
22026
94856
85022
59421
15751
52963
93221
40756
52194
1541
46453
63350
85335
23244
59005
12481
79040
8431
61630
54502
54844
66004
27062
15055
34845
31773
24593
86917
98531
18685
58604
20556
29892
59977
96329
45642
29291
89549
86398
81484
7441
49202
61186
92776
72445
20190
21608
67836
44973
99589
38690
99816
81944
82103
14870
16788
13875
39462
3704
12406
74498
78659
49313
4390
38635
45641
50031
84277
51542
52780
65761
58982
1981
43298
68109
90777
63487
89716
74965
8459
89304
30006
8274
71248
12108
39496
88035
25983
78957
8091
54740
69807
86749
20404
74196
41736
82397
40578
26012
33938
9710
8124
9271
11690
51421
77380
18819
14908
67095
10135
39718
56399
40140
64344
43998
52247
3839
48384
94581
99147
56474
65672
68953
43223
86076
59500
84958
68472
78
10969
18761
26139
35445
28031
37828
86865
5410
72998
18124
88857
83132
57842
61607
39623
22185
5604
91870
42375
53987
2802
41521
10461
68474
26826
53683
54549
2677
54992
39372
19106
82312
74484
45244
17756
2514
99424
4621
24276
72421
39096
13132
71905
96937
74738
11527
35473
96693
19748
77847
50679
22550
35720
77491
91023
78897
47525
61923
81573
2516
17646
679
1180
92129
45922
18935
10994
61697
39907
35269
34118
79003
64752
22374
92291
55841
33900
27764
52533
70000
21962
19564
92549
74033
97054
99923
52929
44579
61845
50854
63446
95842
67884
64625
4322
30157
99912
15315
91854
39818
66936
42323
35172
31687
64696
27463
87528
14947
55226
56412
84946
93539
75975
77494
67572
73029
93768
36852
33959
71964
4057
13756
67805
71940
94733
72126
18449
94644
3793
10302
50813
70728
52624
85985
18766
33671
13447
22645
48617
85024
79057
33563
94914
71383
27408
62485
44411
37528
15689
94721
9491
36097
8477
77296
8037
3209
65773
42837
97852
69565
69490
65016
56644
38465
51000
91762
72135
80798
30758
20751
82173
26166
70665
77087
97549
14425
55923
58311
51952
71611
53032
61442
7708
61508
55089
32096
81068
37214
91284
95271
23130
60773
60286
96126
99237
27638
87887
71371
8435
34996
8473
6960
61162
95490
84046
75062
26266
56320
33372
78217
44283
2755
56010
68342
80614
27451
16789
61681
64664
8072
56951
87793
68844
33589
83918
84432
61226
88156
72154
86012
39504
96978
92971
665
92467
93368
92078
35084
49688
41801
29652
93970
44556
85662
62311
25169
29464
79099
3202
94127
87170
76504
98271
72365
10092
98541
56796
71317
3048
28949
57329
42551
25926
66651
59567
34745
60019
51644
69828
9706
93445
99480
20027
54352
1493
82337
79520
47308
77787
99073
57786
81308
75577
56056
53672
2020
70948
26819
89689
73996
72119
63369
16546
14396
30019
76113
49140
90037
27756
35320
16094
37552
51151
52472
91903
68995
34808
87775
16302
28946
86847
74087
10253
78775
46494
80276
80795
17442
23446
70483
7789
95564
33851
24334
26312
63869
16798
91803
70258
60906
27122
2703
98457
94624
55175
6712
63618
6334
94486
96271
51632
97684
86709
78236
76459
33203
74864
73605
66996
98309
44087
74784
10225
94289
99117
36536
74509
32267
28338
61118
93172
71812
63821
7980
66435
35347
14691
46405
41680
25528
59027
93311
23212
45736
71547
16022
78938
46410
89626
62285
61070
33712
37068
87646
28000
52536
24181
18860
84802
68871
79978
77973
57034
43798
2305
39820
95496
16995
2576
37175
42523
61603
46838
82086
7338
34736
98107
2627
97497
87732
64911
74918
37795
18330
62564
82146
70865
3096
1005
55667
71966
80982
49991
45351
41131
52295
85171
36626
85642
87746
90153
28164
65700
53342
10249
73037
88077
24707
92015
1925
12438
73277
76842
50232
91606
39405
32377
62471
42501
49733
34489
30818
30715
84479
76169
88197
53126
77691
24823
38767
81788
14975
66930
47488
84668
93530
20524
89096
34588
28891
91020
47025
2167
84213
13608
93773
39970
62336
72595
98822
12068
7083
45991
59134
91561
38511
47331
44686
16201
88505
83452
97989
19831
66733
45476
4498
76614
82351
93593
11201
27593
964
74577
29760
85176
4536
39884
41497
66871
12478
40318
95291
19560
86309
70776
27472
24819
18106
88510
41020
6610
71961
55360
42792
55046
17187
47289
48011
15889
57233
75564
43482
58196
50140
73241
59724
71028
29476
1220
37898
41953
57890
49540
77864
44198
20316
5335
69016
54773
93844
26387
77735
82157
98098
20526
53554
15284
84167
1564
31173
41399
93479
91006
15947
59971
80598
75670
30998
10073
93241
68895
52025
51130
34787
29888
95327
71454
51574
80695
26226
45418
23433
3960
27574
21531
40838
97479
53166
25004
99042
690
66402
92521
91695
82348
52491
72292
74369
99840
82364
67610
85086
50740
18739
19872
96979
30418
91325
48553
11112
33903
10322
34544
37862
54247
72426
95051
51725
25592
20054
67118
26281
2808
75990
34328
1507
44832
6619
75876
44671
5335
59837
29757
72426
78575
65980
69405
25344
57305
34309
36455
91207
60982
87351
45420
15228
59776
40471
83304
1719
76876
50421
28000
79683
42763
62327
97542
87594
85297
73417
48617
6983
33253
78373
79409
28179
60704
65165
53523
18008
15825
6329
25566
76806
10031
87338
8385
86159
44160
91688
87877
21035
42108
32228
17070
1222
10906
14611
88816
12555
4379
37432
19537
53983
32156
15297
98513
92859
80461
68387
27219
12637
91068
69136
89442
1098
56473
97826
87256
632
5865
91485
38019
64325
23712
71440
65546
50970
2402
54361
63524
6780
8144
83060
77114
56651
98357
75626
49510
95169
60365
93080
7806
51432
62215
13599
68881
18688
27777
72489
35671
33641
63973
73689
97965
4036
45128
63511
55005
47529
34223
18528
70660
42367
17940
64125
99017
32648
56103
64878
27816
16467
57957
51973
84250
20172
65572
53130
55211
93348
25618
90881
43340
5942
80922
57657
26330
42401
21167
81334
6282
71741
16214
93293
30459
50505
57418
29476
83152
13520
10705
27319
46338
85014
79292
30587
21537
61215
83716
76747
70914
25686
83979
14253
47979
81252
71909
74308
23653
9427
71994
46286
81168
88207
39578
11626
55063
13347
57453
38214
43218
84510
65532
89555
69523
61175
20141
91059
22389
20209
84157
93302
62246
84487
23907
10224
65739
95815
884
5743
5242
72877
68380
2761
77435
7957
30738
32497
37656
88191
70710
80873
72700
52593
70428
58574
13768
6920
49632
36156
43480
50140
45810
5725
34626
69716
32301
16716
65530
33184
22458
87123
6060
7189
6235
83494
31498
36973
15990
69153
41515
3051
50025
14214
55643
36804
72787
85762
43724
38770
38270
87203
88909
84079
9280
39886
53794
41580
56602
35675
91115
95411
39150
97174
18952
45384
97019
50449
82356
29360
19601
23870
32410
69625
54435
4404
22781
43573
90166
66504
98694
44787
70058
3954
28865
79337
43840
82658
37268
16793
34684
28382
28555
73833
41907
47506
19217
38925
97954
17924
84636
33906
58146
17045
3531
28932
37801
42663
88857
44318
25518
87550
89104
95575
91504
17968
91264
51695
16977
44883
84839
51660
73265
13393
25493
31523
77251
61061
86800
91556
95336
71435
25462
69833
4832
45344
98765
42632
88006
3973
86949
13523
91522
92404
25449
83025
26723
16712
51071
43699
77947
35909
11710
51211
49302
53554
99085
42904
14614
85884
34459
26302
57319
59920
96134
62150
5263
11250
21133
93268
15222
8081
23142
23096
16836
48591
6120
43558
81654
57191
3608
59600
9451
15317
27162
58752
68871
26247
1655
99836
12130
52466
26137
85800
12385
38623
47949
34000
66224
69081
43619
97798
93513
66761
20893
26700
31703
43364
70257
13356
16906
73864
89308
26357
5533
16469
85108
74403
59067
3115
74238
71197
71932
16727
73348
84316
71701
37649
34667
37924
23081
78286
52073
16594
61398
72965
59645
93100
16329
29902
6455
33234
20117
95762
59590
25649
28583
61050
16403
87649
80516
90641
75197
52447
23719
48545
53114
95419
2545
87781
49694
25625
82418
1767
42218
43815
91083
1863
36914
7411
48116
59720
56997
68232
71834
32938
10233
416
10339
26635
4416
7206
33627
79613
76004
57345
44509
29118
69115
47053
33250
35161
72677
15667
53279
31247
75833
44361
49461
12746
68124
97576
88817
41472
82159
60650
90761
8743
77417
1100
35378
98185
8305
85356
77797
661
59053
38657
29778
28167
2061
79379
79679
74737
11397
32957
22335
87229
93670
71795
99974
78145
85722
5142
19616
84233
65792
10376
92975
59560
27827
44704
57744
52484
30060
51892
53144
89112
90548
99273
33630
8960
78651
29661
83697
6399
78969
6031
93627
72638
94178
9952
67134
79899
15093
86749
80483
97236
13477
73458
73148
57655
34513
30891
10138
64572
99135
79633
70035
6034
78905
20017
14994
73907
49677
15042
80305
28645
21072
73931
17635
31601
234
84768
27852
15327
87869
8334
28914
1345
98143
2061
58999
32656
49304
85489
13579
48438
65121
83614
54471
60378
3630
85816
34284
69658
857
30941
98302
38281
21223
15936
69881
21457
17056
97732
36783
4924
22418
65696
6268
20560
84109
81618
69567
33412
83458
83146
81849
64931
83111
52671
25308
3092
38487
75943
72749
55695
6883
87402
93975
44458
19690
63856
65914
36745
77939
19048
41668
16708
1095
64287
53620
85203
45904
23186
18614
45714
22683
16814
10644
5793
85837
52303
25236
40675
28245
14336
96369
51480
1738
6696
95937
21427
86903
61850
74523
81193
80897
16190
97901
81991
80476
51520
83546
42731
91057
18511
4796
30092
35325
15439
52236
37513
67741
77472
78187
12338
91807
90907
63817
9896
97602
59753
47674
856
37954
22196
82049
35202
38385
79949
33544
35212
47820
17089
94295
55228
35600
99090
85319
87276
30881
53907
24788
98621
31378
19326
27310
39536
26584
91126
49432
40538
67230
97105
41393
5183
35653
23441
56736
90389
19741
90280
25601
83912
23720
36247
55492
59319
51688
40810
62946
82568
11068
4085
97541
42445
23410
24850
98333
66346
32328
64116
6883
99557
61220
64627
21092
13224
4420
94179
3613
40512
810
45565
24424
24530
81811
79915
200
49850
37076
63146
48770
48144
67230
62662
6940
6992
3863
5272
89689
36190
69387
12923
52099
46959
77549
89542
60182
98320
83720
63794
38832
84530
25710
63255
25411
7520
59521
25610
73722
12948
88755
22491
61091
72337
85152
84383
95680
89014
89654
85368
41556
75393
98290
93654
38703
92190
99547
98884
90510
83266
79030
29341
84147
21091
8947
9557
28611
84819
35167
18684
97766
40273
41174
75209
28961
26325
59591
24640
31690
65596
26359
73245
57340
41000
83250
96042
33190
82796
11278
40051
82414
6659
85743
66560
27749
11041
92469
72711
95859
27635
91394
93624
84259
48919
68832
29572
91595
44774
54211
23285
26722
96922
12881
84061
37921
96131
96455
71110
95278
7732
27512
77691
30742
13254
44251
58490
24294
53071
47553
20152
97057
38946
30128
81315
4217
15311
10886
95811
60085
81449
35447
3158
78370
48328
87218
16290
60810
83672
3752
56087
7755
31263
33778
38496
44517
94380
96986
85162
47450
44538
21666
44506
99835
51793
42172
4051
67103
53058
16214
43539
50858
51660
46696
29227
99987
50266
61868
60796
50289
65619
33235
58044
13234
67012
96539
74102
77743
9876
59263
25192
70765
97280
86049
86952
49072
28220
7354
32527
97629
23567
76065
48486
75227
39113
94064
91565
5730
72284
68713
56018
54254
1947
14061
67487
85310
10600
41588
63052
36827
17203
4595
7592
14482
90643
94543
79906
35214
1896
12432
32843
41815
4848
97680
17041
60312
91744
24957
66041
80379
93669
22059
34632
11967
36119
2119
13628
63070
60058
93031
99897
93612
97625
23840
24446
4619
18382
4351
39833
36629
16782
89027
78443
37981
86706
11835
98293
94801
36792
80685
75179
46812
2743
26163
75131
55214
28281
88758
18283
4690
98141
34531
98302
95765
58370
22747
16736
93103
27097
72920
46084
60230
78298
24526
14562
81355
52713
29206
92508
5856
9891
67686
69019
28985
10200
44149
84198
38480
49259
18833
59522
47399
53363
57823
59515
28085
96921
92602
37539
40369
81873
83622
598
60170
8148
31511
41525
77212
60717
34032
83067
70607
18069
68437
99591
28269
12586
141
83100
78196
18973
42621
41946
88687
16795
1460
33123
13715
10414
70662
70435
92286
54283
87384
52456
78782
18895
93980
55993
79611
44363
55411
66569
62431
23848
82511
7051
52785
99003
90151
30980
17975
49123
89277
23014
82270
7088
56136
12336
17501
26797
82771
9787
81080
70154
78594
59861
89048
88925
32206
85010
33287
87616
67930
12069
11463
66793
19120
64247
65795
25622
11578
122
91096
17206
23135
73365
24294
95622
85701
41794
22419
68471
67932
19850
38624
62877
96062
44024
51801
28267
29033
1439
15883
13315
13508
43697
80107
48979
24296
62253
90952
52225
62374
82047
69431
1860
55412
93724
13834
41112
51869
36252
25934
36153
72453
64557
99029
68514
8580
50830
96781
53965
68620
29015
67279
98479
72711
63737
47457
97006
25989
54760
49231
4715
36807
18661
6574
8570
28736
36759
49681
80604
89362
91966
16756
61814
56522
32137
46680
81454
99318
43460
51770
67937
88826
19048
66416
61536
99136
30224
74894
25124
1336
40476
29838
38142
75488
52764
46711
4223
5874
12743
1178
95236
4708
17934
57049
77581
66422
3728
75386
65739
63539
27155
33675
52364
62554
16442
30252
61689
63018
5145
86813
64353
61972
33002
2494
37459
2117
65556
41681
24343
94650
59210
19578
99357
93495
76626
93289
59916
96706
68675
25654
60244
95829
59329
28960
58383
92122
75563
20071
55139
97059
23235
19491
59030
72589
38336
96488
91057
3891
54520
15399
98540
13729
34976
14248
7224
27954
7537
67139
24659
76211
9145
1254
88391
84825
46565
46773
76946
22127
83196
32085
19185
6430
67927
78214
95370
6263
91053
86427
26505
45572
1825
41397
75653
53153
71996
99228
81106
95884
82718
22116
88446
91862
23369
76837
76686
86286
23609
53632
8412
6804
2068
27597
29586
86346
22162
24955
8960
13215
27733
35465
75138
29558
93213
50790
99062
81560
66369
96519
77444
49087
18634
65889
40948
58354
42725
33986
44639
82686
87617
53051
5841
6036
96999
35426
92381
19160
76733
17693
48726
4465
53157
23864
50374
62721
91005
49435
44280
57374
45953
21723
22812
80938
3964
63759
39292
46688
97744
83930
29373
1712
53332
35214
24099
66682
86991
32832
2194
63723
50524
50919
68188
20032
91134
34913
82752
98491
84348
43383
72216
46652
81458
95027
27590
85421
75137
66881
32108
72881
67162
77833
90944
36846
29398
31395
19879
16388
64226
22072
96463
14749
89343
81002
34780
96828
15914
33883
95318
16613
93617
67533
63265
75074
78911
7206
76846
54048
90438
25306
43280
73951
3138
34223
27148
48887
65617
47027
81626
46194
69098
78088
60942
74792
75441
12073
71620
91355
62307
83289
24319
55924
67174
3935
30997
46084
11140
24195
131
17929
49500
43410
91880
52637
93985
19027
17875
75953
82405
99500
22147
51503
93940
99440
42646
69380
11513
14265
77086
73819
97554
1405
29742
64727
5339
77091
27162
32831
1285
27293
50759
50784
87054
58990
19772
81038
94369
37646
73343
76773
53497
95489
44627
47436
94928
87273
16816
22792
17889
93901
96611
31794
11657
42704
12872
33348
36146
40034
66178
37430
83678
33288
4565
70731
92278
40688
68121
2998
94685
41463
79770
48182
36951
24397
11969
48230
11669
28784
71022
29557
39037
83984
61351
67045
26687
74222
392
62833
30607
66569
16614
14284
16209
37531
85015
24838
78218
53135
27835
89255
10949
7604
53788
47899
32000
65756
12480
60020
10892
83501
5929
66280
83836
67279
33324
10523
57852
33716
89707
4811
16636
6320
19094
32844
60202
20460
57681
38420
73594
1867
27674
84542
9471
97813
48792
57822
63568
77624
34194
74459
77476
40122
57090
61312
23752
90414
71834
97955
24129
77892
2765
57116
84211
21859
6312
44413
42318
80344
99184
32264
82211
43209
33157
8033
41021
98301
65854
20940
75924
47
95399
53399
56520
52488
31062
80271
59253
2895
78226
99733
80786
80990
56849
81349
2848
63160
42113
61518
43503
57648
93781
42065
856
43289
50097
58228
41589
32303
79167
33864
48701
90917
3615
5221
59757
34676
85491
19009
53923
63716
18742
51060
61058
91942
32408
80257
71453
90872
41774
31307
48519
51906
73372
65726
95195
39820
23953
53135
72122
3120
3351
20823
94036
6965
42395
53792
57992
27885
89153
11914
7953
24246
62974
69010
32539
11733
49266
3991
18957
91040
35297
67475
59297
25020
49553
70843
64840
73505
40330
53313
92976
43680
90487
87012
50644
32881
57155
8635
60766
62659
36901
85070
86904
16226
54079
19442
27958
19696
39784
63266
27087
91433
30741
86384
16452
80293
57226
97643
70149
97555
50956
63125
57586
41442
66488
8229
90675
39994
33216
51440
2653
86468
52861
5908
2693
6939
41702
47002
26634
81485
10268
70073
72917
41008
56456
5721
37652
30033
19715
24152
43940
87022
87276
1525
28464
70115
26106
19138
10109
75673
86929
12761
62140
39789
35020
81184
63079
76721
28185
6064
58206
38452
76136
47474
95811
48943
69546
49814
78976
89261
73966
39267
76282
77593
57143
21097
47708
99600
56586
57816
75272
59866
86928
53763
16006
21947
34946
95436
98668
63131
1500
73225
17934
93987
37050
13745
42930
6596
63558
38257
12208
37523
77523
4841
31468
34665
42290
79175
50617
15227
36990
25888
75093
23917
96003
7450
62215
47300
2886
60882
26782
4385
34106
44716
98371
87508
58460
57652
94103
22017
95908
22662
75892
89782
27502
7359
40799
86143
2885
91415
1370
39874
33654
92814
80142
29656
263
42356
76956
3148
19590
3737
23884
70047
48452
38607
57554
23263
96258
51656
61632
8518
90669
53875
98299
34523
61233
39097
20665
80469
30511
38386
20342
64165
31199
16835
93820
47814
75542
87127
50961
95131
7216
91197
65178
72019
46155
22731
95282
42412
90739
73265
50929
81407
27139
65580
32281
4723
4676
52946
85191
35187
91331
21884
15703
38882
38718
25874
86695
14259
13001
54007
9390
36568
45203
74567
8586
91357
13649
20219
50121
4387
93483
17401
2146
36973
82980
34426
41695
4008
3723
26885
55546
11406
48768
71248
50287
3837
97121
53333
18096
26473
7339
43837
63040
68894
34755
87978
76602
48403
24548
26722
69142
34383
60475
87639
71355
59806
38416
13050
63813
42139
56286
35710
69896
21406
6957
36534
25242
4078
89866
59689
46902
97204
3525
26294
66097
38279
14271
59051
3034
55170
85772
88527
89552
62598
76165
77259
38756
30932
90308
18920
89422
62945
54630
59317
702
61586
95850
25944
82015
85715
1984
28917
99271
5509
71562
81719
60139
2184
40769
79524
57353
42893
68050
63257
21842
60566
40515
60597
7850
47174
79517
97271
10118
34146
72940
10820
95731
68789
53115
94098
70856
55098
23014
86478
76958
10927
68196
37097
13110
25317
32972
70462
68209
17374
33718
90050
94291
74232
66999
2140
21405
46515
99411
47875
80660
72350
75046
92742
57490
28160
86839
44697
99609
26204
31174
76567
37130
15722
13663
66591
41038
62986
37053
25598
80359
87122
31999
74650
77706
98997
76789
15462
45511
92551
63336
42522
81252
54733
51616
38742
82892
38454
99790
82501
81010
30964
59067
34491
46685
89081
1082
4074
52066
54486
46023
32425
41607
78021
23426
35664
77018
214
51126
38880
9117
30813
97754
90368
85546
49369
45461
68437
4174
45251
67289
1535
76214
42707
36026
39250
31787
53459
59675
205
7944
5697
48981
65902
83717
72406
1566
77086
88971
52691
32318
98087
83503
30071
88455
69048
79439
50267
53837
99964
95517
21125
1499
88082
63832
37524
27331
11970
7334
3357
28526
15277
9053
77506
97530
9122
49911
99095
86207
55234
68137
18524
53320
67992
64946
58126
37039
60736
8393
7227
60700
3909
44704
62198
8343
24887
16073
52025
53208
23406
55382
81734
55034
64434
59239
68915
89907
25502
68010
92466
80735
52498
10989
34054
20489
92287
8532
73880
53022
16924
97458
13721
37184
42161
92270
45526
67047
24694
13903
20255
64451
69284
1988
35836
50069
77578
4751
39976
3079
89112
32441
83813
41609
59781
34219
78450
52067
42750
52329
21441
76025
49786
35161
29560
8299
43783
91438
75345
68476
5340
11951
32927
74623
30290
85114
41043
7868
89864
81018
27298
78975
29810
11111
36936
5943
61681
15385
58009
20782
84065
79449
13158
33850
30962
42717
58500
91096
34154
33845
75923
55845
62147
25201
46819
92437
10315
87862
16656
178
85231
43953
79153
15041
71415
16088
20983
33095
47824
95343
70228
31888
91144
83385
82089
38457
26102
40589
29552
76607
74433
5474
32452
52931
30675
79270
45367
40989
83483
78374
57518
68714
22327
53022
106
93741
85461
37440
43188
33284
32782
13415
65171
40277
96800
47260
78733
39253
87848
24636
15859
78632
46462
64662
47914
93488
60284
9633
50828
60118
88006
8345
28831
10332
61367
28936
20425
46827
66375
63612
96463
15509
93378
61633
55785
90177
25244
50870
45781
29443
75505
77992
24426
38318
59005
72340
31805
19288
98324
82632
79406
86329
7329
24588
13013
68695
69876
33437
31873
52602
13400
28335
68110
6777
6320
40247
13306
47915
91116
59086
77358
82972
53429
18135
37642
12434
6826
69446
48073
5149
68430
43830
91478
75758
68418
20842
60804
38293
54278
92676
7246
84029
37363
75356
90805
43682
31954
20462
7948
39421
95900
1657
38744
49328
19792
76385
78113
42969
45831
26186
48118
14260
70015
55947
6369
38432
76788
67172
93076
47417
59847
322
31445
13561
92029
38601
73594
40334
75415
81542
79754
71314
83198
18497
36993
19341
11234
15106
62310
73416
41291
26779
4027
27657
82725
10395
66089
75864
77566
75516
39632
53764
92189
71076
67325
569
26028
40918
40902
17794
38811
37007
89107
38361
71856
42452
57701
83089
57557
36362
56504
15199
63140
60530
42855
62216
70924
25295
54431
64841
17163
94062
18604
25703
81489
2280
26272
23869
59550
83525
41662
98360
20532
47121
36720
92387
89572
10773
75475
63480
47134
48330
78678
26626
8859
37884
88841
96134
79531
59624
60974
96693
53685
95929
22395
35174
98209
65018
59042
57758
48543
703
72469
69074
47823
9189
77812
53746
19961
53286
17225
83446
17967
12254
10071
26825
50138
15264
39310
46020
74887
283
59064
28571
12563
81458
80096
10771
62828
55489
84880
11370
56192
57349
96795
20366
82889
74606
74112
19201
44243
7688
2646
62209
19942
29069
5385
86431
44332
44694
32450
19218
61328
91513
64140
73890
89322
60588
1013
52149
16076
85892
79870
88619
59592
76664
8985
42480
67621
99448
61680
28215
7135
80678
90423
43428
9746
12159
29858
54077
73204
62307
89646
34531
70171
70137
24773
59493
30724
25785
27993
63152
28028
7863
51770
87620
878
77106
46451
84851
92905
8131
13065
16392
5160
19840
59819
14905
31998
89677
85333
5202
68335
91330
56084
38506
61466
80856
97998
8542
22992
42342
71693
51020
66556
39814
54991
67434
33272
1441
52284
26176
25923
81700
42567
31082
1539
2386
45986
33537
8414
31318
55090
76748
22647
27525
15253
465
24733
29602
25358
47724
71944
13402
15095
38499
53215
70085
22284
2838
87878
90919
29014
13800
72619
87932
44882
90509
6669
90867
40397
15082
38537
95486
91830
77535
23011
23434
94351
47743
69388
19708
11818
57683
33109
43265
12533
2676
13349
34817
5513
1226
42087
50878
15026
31057
38810
76259
21566
45478
83477
61962
76912
22013
73800
85093
15900
13162
8526
10250
77256
94265
29958
89073
51947
79418
32337
64480
82093
62038
15648
3958
79615
74086
54835
10992
5143
9996
87250
43060
71826
70727
21373
48737
92739
95172
33829
24990
8333
58706
35240
1940
52971
81549
91013
21269
60966
39701
2100
59411
1738
17747
63368
81353
8185
34554
92344
29679
44550
95946
89090
16375
66672
10462
81463
75762
21986
15291
752
46670
90348
52343
48610
59670
33891
39622
80939
11208
95674
83038
86970
97412
17137
66689
95116
41673
1243
3811
71351
62144
99756
60440
94870
66427
87253
76332
58541
9238
7974
59292
72260
98321
11634
20869
57991
61876
76842
55281
89435
72515
38318
92757
86278
71806
59445
81393
13478
77039
85204
1180
39182
1311
77971
50403
67738
65224
26734
26278
90813
34707
1921
63072
33028
29906
83940
7370
8133
60781
62650
97567
49648
17319
6675
35925
5477
66120
17318
35306
59510
18873
36486
15044
20183
14456
65446
4272
96031
92180
46901
86844
43238
65173
49915
76265
95078
50207
99986
3210
10987
78987
17129
60634
12658
23803
12911
18134
6274
30228
53439
82136
65452
6276
97179
1986
37084
62624
22610
33114
71155
69510
36309
14393
51035
86224
7009
46112
36430
6995
65674
63768
2333
82802
40754
14990
22956
53664
33123
45582
243
2914
27717
82046
25541
24895
84031
62624
3870
6640
12090
75025
92502
48398
5769
43536
50973
12777
5999
3754
36123
71672
67522
54808
70825
24627
69797
10133
94642
19272
55714
94884
38537
83430
76929
64077
24676
77311
43053
44897
303
55142
36273
92804
19891
42041
52691
70864
71170
58689
74617
23644
46713
58490
78451
17537
83116
48248
27669
77757
83871
99734
88992
22407
99515
82272
86483
24190
75935
29535
85439
76237
1028
21711
85392
20919
63752
38082
91782
51273
13122
82750
74916
59834
57592
69719
77371
40707
34318
21391
34816
18188
21125
40159
56946
36991
22431
43428
61181
98365
89315
46619
90953
90342
84681
76344
11260
48432
30777
19393
16056
43898
18495
7324
3732
76086
77042
97454
16792
11359
18844
67959
45898
56320
8118
2843
93311
46900
62622
70843
61616
51936
33813
52568
58630
18493
28911
86241
83277
59687
5634
15684
19936
40480
23007
23667
16565
48
37472
49708
27758
72668
17667
90007
28987
42136
92849
38649
89035
55471
25843
50650
23758
76007
19569
98739
94500
48479
84980
94128
24517
6965
9811
44452
47444
32818
84471
64008
49217
21942
13715
93327
94609
47733
83333
39948
89868
92534
78596
95254
64356
4439
62255
88113
80445
81823
86852
91296
30301
88183
1775
71169
95147
27938
15621
42590
77107
91
6597
26323
22032
36663
36001
32993
84396
19334
72940
90615
11867
51535
85869
76222
72325
48123
80686
69122
46298
83889
76769
92950
72071
78544
64119
67217
6481
79739
9806
99939
96181
32754
26261
34564
69417
62262
67556
53812
97947
40495
44426
26165
92030
46646
2386
80706
11121
99423
66179
57418
83312
42948
50367
55382
37843
14485
38951
44323
10575
65108
44261
23107
97862
86873
57671
83630
65486
25226
37441
79784
82073
98218
5948
74102
61216
24685
71159
72336
24108
37338
46105
7419
80285
96471
79152
18127
27308
18102
78801
54234
83210
39413
77341
97423
42637
51363
81052
24475
76588
34844
4258
58660
49413
26558
49113
10628
51242
36624
99315
75349
73961
45419
82767
70597
58242
78271
5075
1901
96372
227
72486
95933
55991
49826
93355
14979
1188
90758
39453
94128
25601
60063
69139
75014
86620
34604
1993
54213
71227
17660
29562
61539
79430
28680
32135
37671
6950
53561
55923
19674
53787
28409
31958
26129
94586
41665
41107
95774
32422
96912
6253
74375
56974
75391
49388
59945
9994
67732
14157
81220
85391
60070
59110
64821
88750
7596
18843
12051
61156
91118
48076
31294
19526
80034
57422
30463
21698
14881
26236
70471
11792
48840
44845
85117
24231
10584
45061
50576
78316
75569
48148
63706
35639
7257
44878
40740
14853
80073
52790
92360
71190
866
23654
7067
80899
97427
37529
18948
12307
80117
89418
40450
28956
34263
25566
69538
44846
70626
20114
39513
46195
84613
19571
98185
91869
64448
38924
23073
60872
91713
15433
32061
8930
55438
39127
6180
52864
76656
25127
81523
56772
30897
21972
85727
81511
47538
71617
42708
34515
91730
82221
97061
92694
18143
95245
84562
98942
34168
23987
59814
42233
39419
91874
67514
11208
47353
73694
80423
24008
15172
61945
97131
46068
269
99209
43930
64158
70825
86638
98672
78906
85210
95733
71599
3352
7329
72513
2293
57849
96499
62106
16433
52269
70332
83946
63476
17684
57639
43898
41691
89163
22195
55173
35230
22463
54381
95512
86620
25206
82149
85291
20463
67358
97375
92062
87061
21056
64574
89353
95256
77424
67811
11688
29692
38142
11985
93167
72177
69624
53416
30219
75138
75610
85391
26719
98072
39771
22230
1043
81328
4378
86334
1791
88087
60
10204
75147
37467
74777
80852
32722
52200
65014
60761
98243
19507
72746
91409
91683
58721
61176
21901
33858
36786
23643
60576
51209
63413
82806
52252
61093
3535
54937
62883
91622
71348
89438
83120
8815
64214
80323
57888
32765
45336
18649
31007
64842
91394
38767
56524
66466
99942
94776
323
53079
18418
77250
4288
98183
60055
56539
59275
79942
11475
38509
71563
99174
27946
71034
7988
8511
51357
82228
41275
13044
876
88633
94238
8621
27399
50761
75086
43692
61889
91760
96771
80306
69009
1058
94840
45416
73948
54114
25357
1774
8974
13271
947
53271
656
25287
61781
68364
7514
19407
81408
24741
8039
75645
49713
51789
42757
41150
11833
4645
32909
24955
1303
18269
26012
96142
80036
16311
66608
21744
34436
91933
35014
35382
45204
35670
77020
6984
4033
885
42743
1792
25625
67133
77436
75337
18922
36545
32838
47106
41189
65746
72060
58843
367
14423
71337
96754
30733
54296
18498
81520
46228
53511
33253
91431
5532
10273
14767
25917
11157
57509
27708
53134
24641
5144
44822
59914
58040
77660
7019
99228
59757
79078
74423
76475
9852
62111
73229
56936
16406
91726
38455
78985
61588
71708
70416
67120
81980
85182
93036
9488
59042
37095
78973
83682
58590
23795
43596
16629
17806
66966
32209
93914
62396
6631
70389
72247
85093
59969
29183
1498
51694
67637
96834
29633
55696
67249
13104
54027
68782
22491
63515
44175
59586
42487
27857
18175
82633
87804
34804
16790
54769
67012
10704
17164
89994
81092
5763
75086
41060
51297
92935
9105
18933
89768
55089
90981
73369
68193
45007
58502
7035
8521
2677
66620
67360
30533
1147
66344
34688
52302
83134
89456
35665
93837
22972
25658
91280
45086
17095
48691
96382
26381
74147
31666
16148
29235
22646
5868
13779
67653
64370
37166
92525
83398
20137
76236
13930
21283
42580
64969
89936
25713
70776
25600
35901
10099
67609
27180
55184
1055
92222
51565
27435
66368
83231
59935
11954
22228
65802
42085
6232
46523
79250
98757
29920
99386
74992
60201
37021
33923
25169
26956
75987
12297
52556
28239
22395
36516
55418
77579
37571
63991
45495
65005
30358
45077
41291
58664
67305
7093
748
73536
69967
96349
88644
99887
95734
79988
76439
32754
13910
17960
76062
6249
30256
28617
34487
52650
81484
6257
30228
19054
70247
75723
411
16957
37151
41701
75620
4455
65145
92719
94343
35112
89067
82986
51350
1152
62973
27788
33906
93235
45747
9967
15835
76002
54935
50321
45004
36418
72929
75231
71824
43176
67305
72234
76484
20808
30286
68455
25262
95431
61173
19604
46894
66591
18942
98243
67742
98266
42382
17999
7852
4481
44317
23686
96834
15603
90359
41837
68373
63287
33420
40196
22814
17076
28781
99297
37883
59066
67751
79497
70848
45275
99100
17741
11865
34393
32335
95959
49011
74717
13957
56862
95549
74626
96900
92382
90228
87258
50571
58600
66896
83990
98795
89710
17417
43927
5358
55300
2993
89461
34796
73840
34735
50247
7933
62952
992
40267
75262
50002
31335
5570
6863
26883
80195
3762
35617
70423
7371
86187
29022
74267
86528
44169
80328
3944
88095
85685
59243
7439
91497
10390
81279
26232
76989
89211
5535
77980
45829
80796
27981
77164
86365
51195
4046
82912
54957
39662
53334
78679
