10000
42200
98707
69297
28727
59227
49624
32671
63674
51661
8265
71112
43157
18655
68742
85740
95643
57952
7626
89974
20133
88421
17954
97296
91138
69148
17693
90401
40456
73707
43734
35487
15906
58792
4783
44633
18019
54407
93655
98044
22419
1919
69155
65575
36925
37897
67667
48919
12200
75292
38892
32332
63713
73197
29627
71202
58697
63672
61602
99152
37378
21687
50990
53283
96830
55773
14267
31200
26531
7921
29243
48949
9840
98398
14523
46764
52646
82189
95683
64845
57481
50926
97177
37545
24123
43155
25098
82819
23178
3051
98322
60555
41089
49312
30190
54270
5084
44456
85470
31614
52377
14712
80562
78568
29461
11436
25331
82106
9977
37365
63303
83809
88291
76831
37705
28765
36337
79154
11583
59515
98556
9904
20069
39644
75567
66610
93913
97002
11066
95734
28615
79794
26798
25528
58361
56258
53316
43
54716
79644
53760
18018
63452
42050
11200
17508
87166
47536
96661
98748
7050
95216
25003
43471
51211
570
10080
45123
97571
21145
57209
42538
17290
84006
84417
75650
56615
37732
75693
11330
17375
29452
45699
97178
87853
56898
14685
75018
20786
27697
90117
27835
22912
31471
87657
74122
48392
97737
35597
45963
35233
9157
4852
52523
93162
89268
44524
49776
43352
20216
77458
77078
66019
39508
74256
70223
12758
5292
61592
33543
32989
51708
77729
72252
83179
65386
62726
31570
63122
98322
93884
14706
23830
15087
67228
16991
20707
11752
83118
80410
48319
60575
57487
30690
16435
48094
17264
29192
53386
78856
62734
2726
46915
40462
74977
46445
22199
37702
94367
85320
52375
88250
26
76204
19689
83605
9546
40395
11708
92664
20804
60027
53238
94642
7068
86024
42736
24331
15215
12473
3186
94300
31550
50101
51114
6526
96545
73312
60580
90911
58632
29306
95513
75009
21862
31553
58613
31407
88299
70321
40422
25454
46699
10012
20095
53766
96035
79182
78096
11250
8006
97634
5549
39555
64086
73014
62433
76982
46326
39364
84245
21309
68669
96109
96317
6882
27661
71281
38289
15959
57953
78710
41412
21003
88721
77858
74768
1108
57040
69216
12357
65045
83201
34257
20952
47286
7271
83384
40619
69948
22747
24863
91256
7767
20971
3924
14649
64983
91556
69289
80941
65861
47998
38704
86863
53071
16562
77983
54178
89953
63550
82886
54997
46750
33494
92300
10387
57116
75683
51005
27063
14781
75868
34670
22548
13190
54945
37196
78173
62853
6484
75465
28713
70833
14169
31927
40255
47082
9909
10784
37034
73458
93669
8382
20207
43515
682
30593
630
92716
97950
44045
7497
90169
78714
30044
3358
50011
83591
97882
12863
90074
73347
57927
77258
3867
89853
17513
50948
99762
28296
87981
73219
38317
12714
9778
98183
13395
56722
98812
6111
54671
42856
29959
44839
37922
60002
64549
87932
59944
62430
17146
50017
52128
75072
43626
55994
64924
77490
23293
64685
22138
27625
54256
60454
40339
80385
58636
53733
37106
73799
76195
8129
16655
6153
69319
54576
82506
33867
58859
42449
12649
76004
8817
64776
51075
68795
37122
32350
46284
76766
13387
68421
4391
67642
45226
44729
64378
3861
14813
1483
94012
7360
9611
27018
29864
78930
97945
12370
29148
56803
71170
41796
49158
96339
22924
16584
65133
76397
48933
11416
53162
62319
96189
57552
46312
41414
2280
10689
61627
33445
28524
55638
40804
54486
82655
70667
33415
80599
99388
78915
37401
86910
20710
2910
83248
59985
19493
64732
36381
68425
92499
89543
47096
88687
63446
93407
30101
82078
20448
91727
15522
65323
63716
72677
19808
46370
43343
53223
43320
59083
32137
97072
45992
69198
99981
45591
45535
19473
10322
81915
87897
19172
87809
51344
7859
67607
61103
54311
49684
81550
62389
81557
46872
26104
54233
83031
88825
13927
36253
32144
73009
84741
29215
35352
70291
45547
80942
15825
65019
7615
14091
69267
26787
18252
20611
50997
85858
81713
5307
35541
79614
67695
17097
42837
10150
87681
25867
98974
17959
78472
47469
7320
79564
93035
42671
66206
38581
23613
82030
19951
47579
12473
89217
74365
30724
26179
25361
16581
24243
30667
52121
20208
14713
85569
79396
41214
89601
21615
56539
7559
86
4007
14878
96001
97041
73901
62207
51973
97513
60588
71923
61443
73060
77492
35808
20135
3670
77520
36715
44265
24539
5187
64472
39251
7107
60220
96817
96707
81834
53355
20618
98271
57362
51847
94271
70754
25747
72829
39079
39611
49769
11001
1054
22828
4844
36861
42963
24866
30732
96029
69130
55270
1216
49953
10873
24674
10172
7689
21381
92005
61043
58350
90275
18404
10196
898
5510
35943
90078
44588
75553
39846
55588
76606
79026
76784
29818
38340
1649
60550
34368
70778
15819
51935
20730
43043
76609
47254
50731
14341
55610
11774
72690
45885
30177
99237
63134
52038
35179
53211
96625
27084
93057
68565
20041
88434
45348
66211
26773
46996
43112
61140
34125
58930
29427
71206
1973
6035
18459
69055
36727
74069
80828
25768
36305
27357
25004
15790
79394
76535
69000
92371
3618
78408
60935
40010
66841
6282
6220
9965
69629
49331
71105
3753
24613
16883
74958
42937
39269
9769
11991
75995
189
9171
1762
36493
36527
26765
52282
32272
19651
37633
24642
39620
16041
85576
79630
99233
8209
2201
9198
94189
51532
96654
97941
92496
13536
89251
51784
52804
15371
80126
45150
15559
89296
46911
68403
25822
90027
20684
74446
9678
74668
99087
49297
7060
84663
45278
6293
9223
47479
31842
3412
15362
44847
17704
24209
58382
6954
75992
27537
38676
56117
72686
54234
45413
35948
22636
87586
25974
59671
62031
52003
34339
61118
17652
41398
62132
62929
64042
87706
10407
12235
91117
42120
57081
8821
66328
31814
32126
42319
75702
70802
98436
48387
41387
60200
686
64023
47785
43012
40045
26168
95014
74383
3637
29017
32133
65768
91946
12526
69825
18704
41113
60942
60824
98193
86114
27151
30007
34591
85822
5708
5392
84257
70447
63131
60808
87484
27153
24944
30495
67197
51111
41861
57932
54747
70877
6416
36866
79174
18941
6691
97878
76405
83984
75053
74598
70097
2203
20956
4687
88024
43015
26431
88632
13461
5913
65791
17297
33065
90735
64143
16613
41845
6003
90896
12944
93232
97311
49809
88757
32604
72851
2986
9008
56834
78038
83605
43282
96593
20912
47969
968
63927
90751
5952
93739
13015
71742
11035
46079
62476
75178
79043
20673
97532
69939
49968
7115
83601
99776
95872
16204
88979
98857
41564
45812
93247
25168
89094
89839
62432
53414
90806
26358
60516
96757
20096
73530
84851
47483
35960
47326
22660
15002
84350
36543
1292
34317
43658
84893
50445
55881
1096
39423
71089
42659
1586
64335
84179
90679
70525
62962
60444
77683
89319
20959
74439
25766
10840
75641
73248
46799
39319
12259
78153
23668
48802
79444
74337
8811
80688
24781
64691
81784
80555
52131
40794
82140
32818
41324
89171
3342
4285
49614
81024
9955
86925
71815
35721
97764
47455
25320
60915
86773
53931
39067
26793
2732
34862
1129
27894
15550
42261
8936
13685
39167
61066
70830
37658
93883
12154
43180
97225
32790
9146
94600
59097
96070
66414
94817
10185
13869
36488
87451
16993
90418
26517
43785
9501
77731
61265
37394
93280
19877
46329
23316
59043
7395
94145
13053
17629
22650
56232
14853
71792
65377
25805
30888
77798
92218
25704
87983
22438
78543
75433
55783
68961
18302
15919
94813
12384
77184
32207
22015
13412
94887
45330
88807
2281
55826
1859
19910
78476
74442
51114
50267
39819
93270
81154
17616
85488
23209
21950
24277
1751
13735
80059
87063
32036
12330
98228
60771
5865
30434
82785
19276
25320
28114
8082
43953
83939
26292
80214
78766
734
47679
29032
56904
40949
26537
74519
42788
49745
12821
83416
67848
26555
79827
71262
74942
92156
69489
35712
98020
16274
18496
17295
57946
62961
41729
18250
63251
68020
98463
42017
85105
62493
87400
42008
3441
13937
32879
62580
80033
45699
45996
64232
72253
25822
51846
47194
17977
37686
82905
32348
53960
17752
49642
28257
80712
7722
46506
43962
92094
61320
2330
77198
23812
89730
35558
43605
3666
68436
22536
50
14134
68531
64282
86386
10704
32479
49931
45032
70164
49187
77379
40475
66938
43373
85083
64001
67446
31588
24314
59539
9259
26644
53089
33071
16373
88646
93027
36390
57081
15562
36439
87566
445
17072
90303
27500
49550
40233
72532
36066
5771
66262
76540
72708
25986
61623
53060
93432
9562
77373
69322
18821
4016
38762
68243
36740
27407
61269
73129
839
93182
25920
4756
93626
59343
95058
21126
8893
51642
10009
61310
57412
92622
54201
46471
18608
15823
99530
28391
41737
93255
14064
60557
13622
52826
45151
50362
80232
6419
39842
97423
99600
82113
2178
9578
41456
13588
30703
66700
65229
57063
28009
22641
49684
82209
69111
84643
14384
84993
29385
56120
78247
43449
33028
8220
96274
78178
74933
92857
948
31127
6631
547
13239
8809
10124
54694
22396
57178
21393
3976
30592
49401
26616
96628
47962
12079
81270
62345
97071
10655
18464
91669
70455
67843
16240
66728
46020
91173
75936
63319
22299
82567
63865
35537
7727
90341
90231
46474
63870
27975
50449
94462
77376
77065
91089
25337
5495
88710
4033
18917
15716
38848
10585
86170
6690
43176
69249
69061
34348
45185
32379
72998
44103
12595
24887
51829
2935
31469
98302
83157
59443
48750
77618
53170
42166
85058
94858
47660
73767
98890
66576
89483
37737
93512
92004
44426
36688
61253
29838
87387
6437
62216
60385
50539
74811
1623
18719
94097
33091
17020
77253
92533
82121
71222
45703
24287
56279
56912
88298
46398
55802
71226
35880
9890
81089
27883
70668
17776
5487
505
21515
28275
79073
98251
95165
70235
99873
13883
64331
32963
30902
57936
41847
29375
29157
3901
70013
1788
60813
74662
48185
16614
45887
416
26503
26976
44650
97170
61103
50137
14027
98969
78411
93099
97219
73576
63333
97091
3810
44015
46405
51064
18302
88252
80438
63811
92152
50450
65598
69316
25111
30134
2281
87350
30549
45136
30677
91550
42305
8131
58038
72683
7100
36449
65781
4318
26376
45465
17761
46537
5832
64165
97600
24133
68768
78037
4295
77272
44838
69892
46587
86301
16377
48868
90002
63277
94003
20678
54827
52659
28808
12864
41694
35907
65664
7474
56577
8391
69291
74337
54928
91474
54853
52527
15606
39973
46916
19901
33596
91753
6144
80182
94405
22521
45401
84406
2149
55755
5083
56975
24766
50243
86191
66459
86149
51854
90284
59077
76597
75926
49765
31524
67399
4618
402
99357
60942
47317
35609
94537
55422
41752
91070
49826
80624
52823
50584
82773
24929
55666
56099
49694
22260
42289
32504
24761
10495
22788
83837
3443
15065
33602
34966
82464
54571
35367
81820
15512
99036
17428
26400
54457
75531
33821
4282
56155
86643
54865
55279
11572
26883
27729
77617
49142
70018
10121
90254
96864
49260
74091
16658
64324
7692
51623
46787
78614
3341
44958
10477
2376
62385
36876
56832
37916
87048
77466
10422
73691
48682
82052
1614
91916
9780
79230
57410
96149
89350
47663
9364
54961
21753
26021
19285
45796
77643
66071
24409
97336
27381
51237
99711
89765
88112
72895
44032
91512
50360
70805
65202
99041
52856
66815
90957
62636
62396
48366
58784
51746
12380
68148
23058
34133
94168
42342
79928
88163
24765
20689
85498
52145
71925
1560
58261
76389
74454
18645
67900
24813
89449
49453
40206
42305
16267
47514
21292
95014
12231
96427
63111
24610
80926
86169
58742
91446
28510
55022
79608
53274
92062
81457
21770
63986
83016
80031
56726
57470
98675
24625
98634
88123
90429
38839
46779
6695
2704
84422
18061
14934
80849
81171
39544
61774
67339
14637
53219
95849
86010
49178
65474
78071
30634
87244
58409
30002
83626
15134
3823
98652
56111
2456
3126
46539
57647
49905
69586
60350
50678
87646
91636
31526
68816
31179
9652
52507
62167
62870
48355
48177
28400
30180
42599
75385
33775
1007
5386
17400
32493
9208
16051
88603
28016
35529
51493
2014
85433
21078
62363
52462
25075
53998
83988
10243
1528
93639
62749
80047
72860
27455
28223
1259
73986
70821
76644
7761
88180
98381
41512
20672
23941
73915
25626
51956
9443
77118
53969
11227
14548
32683
63688
39622
3033
47675
66216
20912
57665
28964
958
46877
72770
45532
48135
46756
32705
41130
54516
20884
39511
12379
41555
79803
86293
83532
31758
95735
60649
2078
23313
75196
51112
87001
31170
70496
51027
97385
91408
25044
42701
92365
71920
15470
54249
36406
62225
86953
77536
33092
7836
33398
61823
65742
13200
48115
49273
61309
60202
26273
79738
83514
1469
30849
86866
32638
1345
37893
46374
9104
62936
89074
17820
51207
4544
72068
87612
83120
59020
65147
32564
83207
14896
94386
65300
44447
58852
30924
5755
19053
57197
85492
18919
75017
32693
5784
24006
34037
43676
70379
43140
22963
59453
60959
74169
63996
49379
61781
63467
8398
43279
96030
7957
74527
6767
89608
18973
81971
20532
24728
1023
94080
26571
36293
69096
59263
42077
93101
9651
2104
63479
52790
25067
39283
30101
15587
3278
95831
93719
83097
20580
36998
95478
28536
11524
18597
18144
46848
567
55027
71575
17941
49106
98146
54234
34553
73760
96310
27653
83411
14765
7483
52552
39831
46766
99004
71770
66395
94834
65488
65843
15414
18837
61321
60301
46712
79917
78444
93560
80483
49822
65134
98423
98927
79631
69008
49831
53391
65317
77483
53153
96434
1318
5704
36264
64435
4708
24385
47181
99541
89873
13024
31306
8709
90696
91607
55421
70612
86402
65332
67446
36224
46817
82220
51502
26448
51228
1333
96190
32896
95167
65694
29329
12836
71397
81945
77270
92456
22681
24451
91997
12553
53826
39654
37614
44521
31260
9386
31484
17662
74717
15281
70237
21533
97500
21738
64332
65079
23070
76873
14327
34589
42566
60007
47424
30315
41951
24694
22770
64632
65496
31118
93536
35673
70772
47501
80193
18383
56886
11676
36044
47954
43308
22632
85839
40807
44370
50170
22238
83791
43395
36564
18379
85960
12922
82155
16274
71225
6848
55396
35856
88695
86513
45743
24367
73636
93244
4559
92019
66481
32586
44414
30787
92245
67046
16625
49403
11415
66794
71640
11557
10188
24555
46288
12500
37477
28442
45125
8701
35289
520
60908
40335
3385
23002
64701
77020
32597
85611
69038
99078
34548
13452
29864
26792
80497
62840
76194
8263
29633
64186
19819
56173
5092
82458
85024
42568
10899
46500
67620
62539
63372
44879
2873
66756
67881
83925
60127
477
69535
29165
15906
20434
58968
62121
63577
55816
24960
39771
64078
70945
20308
248
43469
25399
82706
28492
67967
9956
91343
51938
72495
54714
96817
75367
21469
64697
59292
97948
81525
45178
27112
97431
65612
2431
75903
29188
58246
863
85310
38675
88159
5617
55274
31627
47368
54331
76470
31686
64287
67812
83623
36781
22526
80439
28499
60346
61487
87790
58293
43012
49320
1756
56794
14931
4186
32696
60470
78783
49910
62132
17457
38068
84100
72731
69694
31467
43413
62515
63152
24051
30327
46775
60831
69204
43565
5682
29549
5052
93471
4194
64415
59142
5949
37560
74072
10135
86607
50894
5269
36517
13025
22726
90936
97124
11808
76982
44943
55220
39496
8094
95623
69822
54868
56453
39025
14785
62134
84926
36188
71957
89119
602
31098
11419
54513
21522
37905
41119
88767
43174
77635
18143
65899
84923
31618
94058
61904
76560
65629
1399
84654
61251
87573
55873
34056
42949
70657
96189
27874
6844
84497
33344
23797
31947
44763
78309
69820
82667
35780
58586
25840
29766
93080
8090
14688
24697
2147
76591
1257
67776
94342
85910
45378
81914
41782
79433
24862
28791
91974
69088
51986
76470
2431
75783
24768
63545
70443
94587
46212
6222
69524
88403
52340
78955
12845
67027
3652
14991
59970
4908
99118
54311
7169
44496
52576
65302
40280
77437
10444
32253
62876
62430
8723
81659
54564
49842
45203
25006
60781
7766
47580
46656
96169
99919
25611
9013
83297
29262
40355
43266
50521
55825
97576
74041
320
50151
39342
56951
43940
49786
89204
6815
12215
14278
88473
66778
64119
50028
8135
24899
57793
72066
71555
53961
71984
13517
79325
55281
42778
36032
98546
9650
91856
12474
83690
8527
78976
39383
65477
39267
89168
54680
46082
17734
68957
50906
863
33076
933
25350
74326
75078
97415
62232
45390
85751
75748
24715
41031
34877
60746
55928
44526
52601
84753
44567
77479
63729
83950
42955
2995
89469
97635
65428
23555
66591
32686
40769
16018
49970
66118
90344
25047
63533
68927
70437
49283
44675
11503
6665
95903
88600
78944
56781
41200
63697
1347
35030
43777
1648
77984
63123
7469
75618
44903
31023
58561
77588
71791
90930
43909
54261
81273
68956
17793
66552
55744
83427
11226
83598
6443
7128
72197
85386
63908
29748
49082
81607
64777
9210
99606
42760
72333
7074
34730
17235
54448
93290
11174
42591
84219
55082
96851
81844
40389
30995
48395
96132
14421
75972
79729
20863
99451
51925
22600
79711
98024
88034
77669
62800
97243
77274
5560
85927
84348
40289
3161
55147
49930
14334
97737
50500
85768
94587
48695
26156
41933
13441
22288
72705
5764
18368
9919
5215
86645
32519
1277
84668
20552
78945
63820
17794
56218
69379
3721
56917
26019
23233
12064
92300
53919
26152
59151
39686
37091
7846
65841
79023
37638
4480
51728
43402
39200
61646
48616
42196
10516
49892
26863
31067
45188
7034
65213
1405
76412
68933
74674
18782
8517
3089
27433
62435
29240
86584
18472
82682
10781
84313
61705
48418
5144
29784
91819
44343
7781
56786
2890
18297
6677
46105
65715
51864
53138
30927
69621
45902
16211
60646
64683
24728
63734
8468
3514
9325
95051
21986
8359
22183
6298
86415
70600
27793
16198
78771
88488
40330
35556
91377
74978
58585
37481
40693
26800
90619
71619
96420
36520
87830
73417
17554
28909
53502
26021
32422
62827
37423
54407
87537
75957
77056
73951
46557
21201
6500
25327
9688
46829
60882
1064
38159
35818
54897
78851
62618
61867
66821
75389
98386
71002
48806
32291
99910
2307
74664
48684
81485
28438
19442
69021
4395
96498
42971
50951
17698
49470
92629
43737
12651
69862
61152
50809
5680
16048
46011
68297
77914
12831
43685
92651
83833
92490
41294
94
11149
15957
48777
92633
44394
68219
61654
48788
81068
20976
16090
98765
86798
25070
58853
15800
94932
20004
66608
16963
52404
12618
85259
46669
41800
45295
39320
25632
54137
80613
25726
65285
12921
90854
57917
73666
59072
35922
22454
40139
56898
54895
55255
60047
79965
14107
75846
91248
34111
42453
8210
2866
71422
9820
49534
13221
55114
88853
55205
9250
85817
97282
74534
15089
88135
48803
88755
47207
84724
27560
3697
57973
82454
58952
18019
78770
89410
93864
70017
39872
52668
94578
42737
40441
4397
92271
70014
59511
97475
25218
85112
99644
22499
59646
14732
26985
8448
19838
90543
9523
47397
94240
67496
46203
69543
85514
41324
58952
95730
27693
98824
48397
22270
41560
88838
43019
33830
58851
2529
47657
420
3992
47300
39270
63637
78383
66254
88436
98221
73149
14311
61969
67388
81806
24523
36930
83671
65847
12233
95752
9891
11056
44149
48512
68968
49338
91530
19149
24540
10410
66805
24959
14402
30456
80580
94390
8839
63185
99178
23411
36333
13488
85379
3720
95293
26254
57001
95315
8452
69234
91067
18342
96641
51567
83205
65608
904
74735
84757
41795
1496
67913
83105
15897
98369
63684
26639
7207
43220
25816
46969
79553
39303
48699
99624
50947
74952
56625
46261
83403
42210
37327
18096
38850
88893
1301
4458
6148
92387
5566
64294
93882
73478
47398
26131
71846
27433
52769
95404
70653
94936
42372
50205
34238
91071
49828
85184
82374
22804
31444
82129
65013
85123
16576
20215
90367
34228
41024
12867
26614
46589
77160
36848
36418
40910
79330
24616
68342
48450
20019
55346
43385
78743
21902
77622
86165
71730
79157
84890
10885
26952
67018
92250
28426
99946
12464
18793
34173
53487
48011
77139
16427
41522
13986
69196
82431
93315
93811
67125
58116
30182
38822
1500
25276
60724
95473
11440
48805
74629
12681
59689
17932
96051
51938
46358
95996
80753
81502
30168
50591
45864
7306
83369
87385
37643
52565
86168
47309
62727
69644
5424
92908
8465
6923
34535
69188
18747
62326
17992
9727
75007
94033
27659
71057
62322
90368
67052
43075
88221
13571
93665
34084
37229
93386
37820
74871
45950
23987
22180
8676
93630
43955
17936
18447
67230
52470
87634
85976
14796
21978
95703
89802
32362
39713
77210
94683
46432
60613
37757
34652
74183
47774
85087
11411
41159
22906
2634
3460
63245
24813
28487
56874
85119
46422
91672
52348
15244
95658
54676
30039
33987
50378
36192
66348
6442
29753
61030
69225
90365
15139
3876
64547
62912
5314
75958
20422
28219
78591
23881
91463
19755
52367
64689
21225
15141
56360
73573
30384
68369
28248
76774
2355
94977
12965
68702
17770
42717
29732
86994
33081
44870
7221
13979
24133
12534
6288
44554
57104
1230
84786
48567
37336
37152
29607
58561
52292
2318
32133
99027
70687
76732
75800
73041
71708
5116
41743
5829
64184
87826
92822
13616
49047
42
27595
89531
28927
33882
34084
86030
51464
35221
50948
88799
72372
80554
47359
41016
82872
95843
56394
53558
72574
32194
42950
60633
37309
1044
66461
1493
88869
75634
15108
54267
75675
59054
43797
20953
9288
94232
6983
60751
29452
57930
49549
18176
54836
13260
75543
37707
9102
31936
7616
81676
80481
66917
58660
17790
67961
25121
35634
73181
754
67093
27448
92781
26147
71244
13733
35434
81828
37067
96184
11279
11349
62084
29454
82536
75343
21348
20242
84445
53284
44209
82472
33764
27477
41131
67905
95437
82603
3538
68618
83357
86983
12417
92489
13129
12
22573
64914
81839
59640
61097
9470
87340
39532
55275
69875
14875
76623
6468
99319
29906
67028
81790
80021
94504
39272
64278
89941
21875
84167
74910
21583
71149
3678
14071
84277
3689
36643
65542
1880
12634
26638
11349
99973
66170
66623
86199
97396
43245
92666
96714
89502
76045
94855
69523
70549
50478
50152
76841
72352
34318
68102
93934
5467
71779
8004
6095
91819
60999
71637
93698
73632
14626
5046
89957
97147
71669
76155
94542
14913
85173
91255
4415
61217
2461
90289
48117
52939
40440
41309
41642
74757
9410
35576
96575
97540
59931
2670
89359
20929
74306
83056
10913
88931
88102
869
86078
76122
93375
80619
91034
78547
88226
11800
56116
90686
18440
20584
59976
75231
61893
1618
66340
87654
53545
62914
1546
13475
81935
90904
50756
56240
90311
61668
45171
78412
78888
47600
54533
72262
44570
61919
67161
32795
90070
39628
39833
24862
60211
99808
92
38455
17777
82783
42461
71321
62049
44006
1148
43983
34909
68255
223
25219
46274
61745
19983
41513
25696
90867
13774
70265
69137
97286
3060
59207
36913
42892
420
13476
59051
16863
68282
93180
99646
10742
80852
61694
54747
98351
22028
89655
66605
38602
31226
29230
346
67560
70742
26041
58426
868
96306
27563
98153
15717
3121
51418
74960
3540
81245
50362
20402
49526
43541
36399
60268
40745
14444
15014
39095
36472
21021
22052
75073
52246
51281
91771
19805
22023
17811
94582
39242
30468
38496
37394
62536
41616
5163
37495
61507
86407
87857
98261
35933
47749
34659
96200
88493
49103
27565
43940
1926
48585
65991
76998
17182
33623
85120
53338
71997
19283
64272
11238
49750
2767
64984
12286
60735
70146
66132
22241
56553
53988
20501
8837
18089
71512
21388
22933
36966
48952
66872
38891
13889
49214
32240
47422
99189
17360
17112
71185
52994
81383
98775
2743
501
63758
31380
61235
33903
13864
99828
6807
84203
20328
15643
2291
8191
37030
25224
45156
2334
92095
398
32574
57661
32638
79995
56849
66349
97106
44385
19342
94840
43159
38436
95341
6916
86168
72927
57171
31
72754
80329
84233
9434
12324
2876
17624
65705
28099
62780
68038
36545
63177
611
94205
12166
96958
51053
78514
10415
95438
14207
5255
54948
52643
16947
61864
38810
89873
35386
55192
62627
32066
55776
72060
44389
58651
6035
10094
86749
85166
78131
23294
48343
95094
33850
76860
92051
84903
55374
2465
96692
85932
24071
51639
38574
57369
29854
93735
47242
81591
65278
26220
13657
21054
14631
58045
79704
37017
68138
82805
22183
62621
6098
70525
74066
56299
63736
66116
57553
19109
84932
54244
21393
25355
22235
76318
82723
68440
70053
46316
66383
51682
88887
96391
72735
3517
54435
68791
56886
38925
51595
79068
17897
74044
65944
91962
30342
29679
74429
87895
65140
59360
58490
86532
1066
80724
62849
83789
65516
49253
30104
48250
935
35343
44640
73669
55211
15426
42459
12096
70702
10405
91163
88598
84448
57106
96911
14790
86785
87691
2684
51924
63403
61173
38455
64468
58249
17655
48256
40116
66908
94712
88365
67842
30054
33004
57862
85264
64781
16673
13712
35483
27077
4874
40432
27877
61980
37343
42666
65116
41385
61701
33391
4787
39225
88197
69255
97473
5851
33862
53940
72758
44925
42304
56951
91330
91659
14813
92946
56440
47837
6657
8274
91265
11530
48705
19141
89861
2399
61806
71328
43784
39858
4718
48570
79083
92914
34176
92907
98765
68038
46847
87874
29314
5502
61177
20644
13513
92341
13589
86304
40177
20245
94577
31441
48126
59633
50582
54339
62032
28739
25666
22167
68597
30384
87088
64031
39649
21264
56937
38413
5653
20135
42639
34966
41989
3815
71961
71853
96155
85549
58156
52683
22145
69084
84123
86623
28716
51056
40961
90747
79795
66626
12913
64743
13361
1
28773
53010
37616
2061
7774
59620
38548
50412
94585
96888
70578
82898
85092
83084
84798
43247
52118
6943
12330
52593
9917
57397
3648
50877
48144
99794
33854
77408
64536
47215
93760
9660
224
47727
28073
24349
7346
82972
91113
1931
96211
61690
1180
81302
61126
85977
40900
13243
92919
69581
65835
2835
26977
85835
70063
91472
85628
3917
68880
66516
67483
78991
92527
67706
26718
36951
92054
34063
36274
83166
52345
48836
61208
53524
30137
38685
39501
71036
68279
48771
56968
34114
67958
83945
36300
38020
75416
38279
58288
60647
4794
25770
39638
13673
9827
66355
66975
18233
16769
3249
17750
69114
52084
78957
38989
98573
17641
78489
85960
2272
43612
42928
52737
11569
43224
89036
65940
18639
27314
40580
79286
48460
66349
18923
78484
92528
1629
45458
10760
34749
65058
28509
3862
17142
23818
42851
32066
57810
37691
18025
60081
97654
77304
12817
25574
20527
1852
7866
39166
45518
48445
34803
93977
31145
70077
88812
23672
88057
34269
50783
22805
99327
79292
26667
32820
3109
85869
81237
77270
39911
99261
37351
53917
92917
50167
79490
13443
68371
3707
68960
13888
52151
20114
24216
99648
90190
13027
39671
78246
63647
90454
1051
62973
86097
44069
12144
5557
46289
93380
82826
2551
8993
36528
56467
1909
86695
52309
31703
71417
56015
663
85304
24518
20776
25871
24165
27318
38897
80187
5563
18895
70640
22965
98220
73088
83385
10363
78644
46025
20095
77822
48576
29087
14349
21394
30995
17395
73702
79049
88811
46069
96063
90466
70586
33191
16336
11102
60508
71584
91288
82422
90479
78280
21739
88698
51367
5123
15412
46363
51148
35506
40536
16075
64592
54884
53820
11938
88631
27522
90987
77441
89942
3401
84259
60527
36591
594
71628
97098
88530
79267
95872
79008
57546
17610
84057
8913
39084
99468
71627
6583
51326
12162
39009
15917
83397
92829
44207
72027
36702
51545
65820
26643
54945
50078
3521
7888
67023
91500
4985
55552
70766
17208
50911
28312
51169
34967
53576
90253
50787
25202
13187
2112
37363
52196
34380
20759
45024
94938
9138
81725
46482
74957
24719
17779
41386
28239
25666
8408
19738
47002
63960
6855
64210
14870
35166
15378
66189
5093
21982
16975
30294
35169
35438
84008
87364
86169
21119
48739
81107
46608
46815
43940
21564
71533
61718
79301
99771
87383
87708
35860
34385
51667
42714
14946
82889
94232
30323
49077
15676
52305
82403
45970
3825
34192
46329
91188
20360
83799
39926
1466
30406
3092
45406
51969
74624
23475
47621
90746
10858
35329
26605
61594
3347
85670
76539
86235
96253
23213
51663
11929
75517
34065
74250
95693
68256
20578
86880
4968
4377
43157
22785
34782
46248
68190
3103
37223
8017
50723
27968
18874
2403
70924
96819
5750
56594
73357
8336
52846
96569
59999
81126
88438
10415
55375
84130
95023
92305
87362
99990
96681
46870
22774
47814
93118
7316
67268
30340
15332
34343
74660
50557
36745
45583
47375
58846
2176
37083
67182
71374
33651
43532
52499
38440
70298
24226
38922
65320
16530
26283
81661
29562
89504
20787
77375
82621
44454
60995
29313
76137
95337
3972
26693
48433
49554
90419
23631
68082
27501
7164
55807
77503
50695
8305
32295
37344
48882
87568
2664
65411
13850
676
11324
3353
21462
5051
2326
82267
66045
47990
58403
77733
51961
1447
26165
17866
91865
66147
2299
35717
73310
58105
29572
40356
82762
78218
77700
31643
65785
96715
13406
95986
97390
24729
15690
35204
29779
34367
17470
95823
82356
75873
73555
50668
77319
16072
84886
85536
82218
87184
37604
71880
45289
83527
12235
28050
78096
89934
59692
43880
86648
89449
56217
390
14178
88259
35593
43956
22625
69414
56131
21333
45286
46037
72000
38957
78460
73237
40844
77030
60421
94799
48909
5709
78326
77495
50110
56421
67429
26153
16653
70428
15602
89221
87169
29779
77479
39113
90086
104
8527
46216
37788
53812
8605
9787
9120
87064
83024
49963
80445
59796
44762
45705
65504
39439
23200
15613
12211
6980
41765
45215
93759
73718
34436
80928
3496
11914
20040
9934
28369
28566
72501
66156
98730
81105
92295
7849
84521
91670
57812
64965
51465
18925
10670
33320
58363
50221
65284
70573
57200
23400
15788
50958
97118
50223
31885
16965
78488
68277
26898
23209
96842
99399
5716
11923
80503
14362
19772
81375
6031
93935
62692
73847
12859
73361
7166
87573
23581
88801
58145
97132
12201
90284
48089
9318
56858
96326
26282
35346
64602
53180
74906
77795
52578
96973
89718
49432
11335
9489
30807
33717
19775
93498
23916
48985
83210
47433
36557
23142
36234
11053
36625
48434
1337
84713
74103
58194
81038
384
9891
45639
69915
1148
23434
38844
98121
13151
4628
25807
38991
51786
75875
75117
45283
99790
24101
44844
63575
60657
84337
99808
71709
20961
64593
89397
22025
38695
47591
3063
55430
73833
65053
25345
74981
88486
80540
73101
17988
85167
15259
73330
36952
7485
48446
98586
7275
88898
59781
87201
65906
44117
87008
53967
81429
51600
43363
3454
90294
7305
22868
45723
81138
87920
87419
56118
92758
67959
45570
27097
53125
60828
427
6429
68312
65224
5014
91938
54122
64795
79138
20027
25263
82497
90345
6692
34096
33708
26497
40741
41012
49364
2816
22149
37283
6586
94618
46392
74544
40187
73489
44021
17366
90267
50449
2030
55490
71814
10319
25963
36608
89457
62342
61871
88305
52686
84914
38753
2745
11410
79493
43757
77125
98660
82257
30759
5246
76875
77151
96141
17061
66991
56513
34427
57257
6961
52808
12746
95127
63126
55061
31734
68934
17402
9956
57239
86439
11221
95991
89184
38982
91835
49292
16106
6847
31548
63217
12092
8422
40367
24584
41835
23709
81097
92613
80965
4409
45420
10062
99535
8545
65122
47621
77479
98875
57576
51069
1666
68797
47059
90849
24130
55245
40140
40236
62091
88039
19804
90534
96461
76522
15118
38295
230
12566
30907
81194
16974
92678
91255
16509
1222
72729
64129
95052
71603
38056
46120
73268
23204
9530
80468
47334
64775
36959
3921
43217
24998
23724
33751
21458
245
65220
76104
474
77785
23362
81667
94758
16039
89273
27618
17260
62001
91746
12312
49956
46154
58431
39575
69357
84313
20043
16690
49087
57001
20610
92303
81998
44333
42405
19807
60929
23976
12262
61402
18112
35623
59420
12870
51661
48693
56839
85273
27045
64937
13936
93352
11090
88718
32927
80446
73030
69321
97136
22116
26321
34097
30771
24671
94782
89527
60829
55710
13503
73091
17112
31614
8713
92883
60835
76726
57927
17674
61998
84972
98962
75933
78323
10051
64650
11249
90496
37680
80569
3983
76147
23242
54432
23269
64264
49213
12796
25092
21274
42650
14534
54737
90615
23247
47620
67802
99972
5546
1827
78321
6869
788
54253
85192
10838
35254
12792
17685
72933
9713
21668
65432
49306
92451
88700
13569
41663
1495
55012
62936
60496
69546
17673
67463
9144
81644
35264
9115
87189
37090
3787
94058
54229
58039
95601
65066
9644
8392
99102
98929
34456
37121
64360
83761
29571
53059
13681
87585
70906
85045
66873
47753
54590
84545
15215
63733
82540
50478
89199
69728
3919
9337
80137
58147
67375
75737
39564
93370
481
38666
92298
51288
75786
56657
51401
21709
26068
65081
9293
13325
50125
76165
61077
21066
77061
92644
1150
59600
59473
6700
45680
63392
16036
25816
37890
99762
17905
93806
93132
34737
32471
85429
2376
24608
58438
53776
62668
857
35209
71961
30533
1685
64477
91609
22751
41538
604
40252
17489
60077
46952
63168
39820
79339
5336
77709
79101
39592
71514
88584
90680
20336
90364
93055
61296
48801
46831
40315
66009
82039
28627
96541
83723
93104
4502
22825
50993
5105
63077
68481
81533
26380
48001
21352
5718
53336
15413
84818
9279
3278
73401
99958
39966
80117
93012
17613
45269
39842
57927
11278
38232
86554
24170
38307
96009
28671
61131
47001
50128
40559
15481
31660
66938
63481
69364
72656
33168
84776
73825
42446
4405
63578
42403
44370
43694
51767
61982
88962
7960
36261
16591
46192
22814
40761
850
18822
85783
61980
65822
35910
18891
97654
83922
85828
77487
69637
74835
10654
70764
65012
69452
75168
44941
28206
19538
4986
96324
97871
93947
4284
34131
26890
66827
73296
67650
67676
92117
69784
46007
74290
22046
64897
88296
5967
67077
65782
91955
58263
92787
62718
39626
78590
37885
84566
23148
57422
89551
19471
71645
99850
23754
5775
26739
6932
79071
10740
74607
87539
80523
36966
78181
18920
18214
82828
41238
85290
64961
33192
59905
57747
95909
99530
52689
33794
84096
75836
7567
89998
11658
79211
89847
51764
1338
32937
58695
80408
60028
33302
84298
56903
86619
78830
75822
4832
61657
17060
6474
26617
50251
66378
716
62512
82259
53404
96305
82706
45591
20223
72704
57248
15786
78902
9011
17123
28191
84058
13882
4570
33711
98179
61472
20329
77009
53646
41512
38665
87057
47985
81634
37307
30714
82349
16170
12973
35752
28826
95678
97694
49049
84733
71293
64834
79987
96656
98308
8177
80713
12189
12746
14423
26719
90570
51103
20079
44215
92614
75096
31271
40599
56729
84929
87664
39077
1099
636
74828
29924
12666
88873
95324
13750
76517
76509
93736
73172
74816
1912
70236
3356
31010
1010
30075
21579
52112
50153
65793
44726
25248
13415
1676
81976
98343
89339
21052
15793
6327
12231
62069
18992
17455
57392
32741
93972
33901
42829
83495
25068
44740
53731
28424
92101
54740
74850
13679
6852
25002
95823
67929
66602
25589
69604
64929
40284
58942
2333
56076
81620
30915
18144
611
48370
75536
49704
58693
25788
92532
42187
50855
53623
95917
95630
62076
50657
70479
92106
73860
11833
87929
41788
94786
29869
27743
59714
70152
3036
78398
26228
84656
9313
60723
85266
74034
52610
51321
32726
78397
60204
74912
45604
30179
87181
57585
92254
54189
28064
84359
28048
56248
88639
86187
51033
18508
13929
27098
88659
16964
5496
31238
1619
31160
8313
3237
5193
60922
70909
37918
39319
31113
29181
1274
61291
16361
58858
69896
70549
3273
54254
98596
59520
42893
1134
26904
77752
15062
70354
82762
48378
75849
30352
49996
23360
38664
69584
28552
99585
56845
82821
38903
87957
12001
56528
65599
28362
15386
35494
15262
18658
6099
30210
78178
48991
31343
21433
43094
62757
91786
25856
11134
83986
56207
77481
7345
94870
63417
35896
94454
20261
18716
49709
24569
47069
6236
90167
91782
37973
42012
7043
56631
48110
53604
51160
13453
84947
72592
72898
64055
80730
98753
75188
64715
71311
52668
72060
66180
16084
24307
76986
52696
59375
43046
77264
6443
65633
83782
98224
3606
25793
21618
60236
90255
75222
27747
20059
76520
338
92956
40574
97419
8061
32113
62134
79371
84780
50545
61903
17216
74851
55240
69911
34225
98285
63527
57019
80269
47308
71594
83874
89453
93212
44109
96059
84785
71855
16117
77656
88545
25424
18229
85963
49836
50341
64448
29207
51472
14992
7461
85039
6195
62700
71302
56771
77336
34828
13790
57604
82135
85383
41478
87939
94946
1938
83997
96082
90145
16465
73737
78689
58241
91965
81003
8076
58657
45451
37282
26481
76794
44742
11519
82988
23793
82820
39759
17480
33999
53548
75084
32486
55282
32913
20424
50228
34850
20773
62661
24994
37237
36398
20034
95477
44714
17389
19905
19723
62839
57186
46203
39632
18280
57721
38972
58424
56893
78730
75904
90891
32277
67339
39728
3910
251
60152
70489
51452
97276
33150
92798
34512
69547
12831
46341
14260
30219
66245
33982
9409
39782
96536
65393
74413
70609
4364
32837
27501
83093
25092
34743
31721
92430
74471
35630
92680
50974
22471
44131
48249
55620
36928
99112
25166
66111
61804
55777
12681
28048
6111
38442
84182
2646
3834
58594
89606
24549
7782
17106
23993
32873
68201
72065
25302
59023
24046
34333
26348
46516
94816
90948
2135
31743
90059
43652
14205
68215
99429
26886
12614
21891
65327
96795
40888
85512
71741
30494
26412
79522
63951
66756
12395
48503
38820
54048
7525
62865
88381
50224
9381
83196
41171
27867
31290
47582
71519
45495
15796
87299
88732
28409
25541
70410
41556
66428
72273
13296
96921
15036
92817
77224
81791
21563
25726
20610
75611
49603
99826
80343
99826
25558
79890
40997
53425
11179
4930
41295
73025
20725
44945
78108
65485
70485
48517
7040
53264
37141
20335
66537
52176
29504
43760
33966
51066
69485
70927
26676
35439
70753
23370
35265
12662
3259
92613
82438
30790
97542
23732
20166
34618
85028
98274
16454
55512
63142
23494
25128
283
60180
91664
52458
89683
51775
2776
40749
37611
73702
83776
73050
60806
7146
8314
73468
26756
17278
55905
73897
14819
95989
94063
65788
97368
92336
98593
69232
71829
22086
94359
72111
98618
2374
40921
4652
54148
43696
61752
91758
17397
45528
64807
94555
69025
89472
68022
12132
6749
40278
86029
37919
52618
80091
3706
49986
88778
2299
19217
60606
40736
29927
32717
55705
32300
89989
60357
86447
33684
22108
78204
67432
83987
59363
61986
69363
65186
46359
81495
71935
2989
67523
9853
55606
63965
29911
21943
52742
48561
41159
29699
5648
71085
78767
61353
19736
68755
38061
6182
2438
60168
738
86222
60507
76452
48207
29869
41637
94566
11363
13571
13906
95237
39776
69511
59201
69686
91454
28294
34598
48964
57993
40245
36401
36759
1597
56136
5514
39657
78670
24303
16177
95759
10524
76683
72210
75083
6551
13846
86000
34266
43769
99905
29502
99896
69415
88703
69581
77220
33348
20530
42536
91340
60774
95288
28099
62371
51423
49964
18379
46444
90618
34555
42202
1142
27589
14411
92576
34140
44609
78575
68405
4729
78479
14258
4624
64245
19312
90556
57817
52660
11085
352
43999
71858
95639
88449
50580
63413
54764
68959
26209
45382
19865
68410
62875
63806
99173
55450
97945
60133
34024
82701
64861
28854
13310
69484
9450
32622
76391
67266
85281
87475
83969
45631
75684
95959
50432
26264
75724
5195
11574
1932
50576
47790
70341
13450
11595
85865
68899
25891
45997
19274
24943
10857
48127
38253
96692
57577
87226
73082
41194
72506
76908
25163
34488
52592
37473
84919
95207
13196
90114
6780
15127
57041
70921
1820
70491
98868
87684
55741
24758
33681
75015
49701
60889
39493
4305
57581
13421
91530
47014
54615
80387
23922
96129
14874
92865
33601
16145
88071
63149
6258
11202
78275
79650
82122
80094
66492
80989
84130
22233
22099
17810
13599
88151
78698
69443
92455
52630
82864
336
99644
53830
80722
39917
66310
11947
32781
16262
28091
20851
79410
50700
32052
57685
30350
30525
54130
96841
27866
38259
35425
49964
72420
49023
54466
51118
18466
46920
20099
17681
63607
19742
87862
44328
59658
54171
56274
92438
70432
717
29640
49842
51416
78043
23878
98117
8568
94359
11310
52785
32618
46734
19100
5037
12109
73565
72506
46926
36836
92605
64606
442
28698
68819
44769
4708
22989
17394
13497
9772
18110
43137
75965
85878
37531
16194
346
46098
10553
11655
15234
43170
58389
34333
64558
70497
7897
53416
17422
44732
62372
98379
61525
91069
67197
22645
12128
6537
40039
25625
32660
74500
85113
8625
76729
22643
24818
77075
85093
51722
88729
326
94891
63469
34659
75801
33965
58907
29216
67738
3639
7939
82468
65163
99007
66016
87808
27487
88904
44198
53111
21564
35049
54575
30188
11778
77217
71357
88852
78661
23079
93932
78987
34321
57401
29997
26473
7717
88903
72040
91807
92541
79978
74274
74056
95337
56642
78215
22823
45545
38764
92285
67108
73812
46859
13647
1941
40427
1356
90792
19088
40786
1076
14426
91458
58476
44422
17931
66192
33324
89970
57998
42217
86300
48624
32624
81636
5265
27190
4458
50809
65953
13094
34269
56116
59952
64267
58057
16730
65622
65200
52169
6407
66275
66594
14217
41102
27367
32147
7294
77043
38468
81643
19259
24767
30266
68234
22754
35530
95423
43563
2691
77727
56656
36959
50194
16607
1225
24602
49689
83199
6154
1857
89605
88780
84803
3821
29882
12169
52319
37175
89211
7139
18817
24821
31905
65435
93054
71011
964
4828
14573
3654
98906
71229
56964
65452
4187
74541
90053
53875
57739
12558
55732
63695
1338
40534
83868
31219
69054
36186
84745
58265
43324
19913
83085
91581
85347
92491
78943
2663
13670
93515
6316
12576
64743
79632
78027
85282
54172
84431
39156
11910
96989
11239
91956
98326
68124
75823
45896
37178
12009
30640
11794
71684
50552
11230
79616
52251
3720
58558
54913
17390
52073
77580
46317
33167
57211
40695
34800
27734
41477
90308
55995
38465
1546
47951
53142
86022
23773
15389
39551
52133
46028
51344
23817
12932
78925
19784
65182
82645
78342
36446
16386
46766
14025
79054
96284
71236
19748
31084
15321
61224
21391
71316
16041
39288
19266
85534
25309
59390
923
81211
11523
63302
48906
51691
92585
27831
71474
74118
10475
66167
10563
43212
12932
24588
22265
25568
12175
58364
56651
27495
19587
94393
15162
51979
50032
34427
53865
91693
93817
71139
72903
21691
50792
21809
73381
43377
49639
61206
33846
76465
27373
44409
19676
40304
85348
58292
82223
13874
16655
38873
41368
52593
49617
56530
20924
99649
7308
74788
91341
17476
45926
64243
55518
13069
2403
28898
72797
52041
90104
6643
28505
17476
67403
64532
74131
69102
22823
56354
82975
55829
11578
40694
8422
77547
13575
29345
93547
37235
20484
84887
54710
82761
65481
26580
95829
84236
55477
68626
36276
61932
91620
81133
95759
75374
62016
86242
44475
84839
58947
27449
57019
86876
84494
65440
64422
98069
11136
74320
35303
47971
59206
6364
30731
41039
32943
42912
25274
4772
27889
77901
83055
35860
75385
78814
11233
37401
81407
55707
38591
40353
99507
95609
43580
84000
77401
24354
98420
4888
98673
33722
52859
74231
56438
99941
15269
89380
59204
56894
10503
87092
51146
93558
22951
26531
88723
50535
80283
70129
6241
18873
26833
22099
14481
70412
6099
8233
94765
4518
13121
9790
54592
82331
84020
11029
82271
99288
16760
57827
72533
43615
61270
23678
37172
573
66560
42246
51107
46842
28726
73700
82066
71910
95798
12899
58673
1896
21131
69790
22766
34251
79579
77357
32933
63598
4737
31556
79237
21496
89382
51769
65110
50651
91798
18633
51223
74710
77230
18682
21551
5955
92381
3617
77864
88178
16515
36537
90074
53997
6326
29191
4600
2256
6547
37532
65853
11283
69087
45089
49130
58468
96857
30592
9119
5006
65576
76693
79715
42806
95374
17618
65112
87754
37586
42976
75932
54100
95864
82357
24448
18541
11547
29047
20796
34445
66579
86648
62079
35665
48088
27560
94133
44944
58151
19603
66301
23727
12647
46016
82884
24373
63633
47995
12126
1218
7322
4409
71669
3185
3117
96116
38077
14663
25163
75224
65459
8093
78223
27537
43757
26310
55097
54241
87605
29599
90195
53906
69677
19194
99921
52560
43566
79905
555
72043
97474
7876
76452
69142
27413
95920
81609
81841
26935
23123
57065
92393
31215
51639
36282
91324
77949
91378
61916
81905
37328
52111
35810
7005
71304
52082
59564
14869
48338
76470
3263
45811
698
79714
14952
44462
91986
12913
42654
18920
36035
99718
11312
67250
67709
47593
74925
45657
55322
36840
27561
92650
88950
79723
99654
76605
48156
75569
7825
96494
68391
11088
42304
85440
7153
73608
46253
99138
86520
88906
18057
38906
4976
45721
22507
72684
93313
97431
34692
64987
34271
78604
57636
39572
58326
73641
16177
22834
65561
40353
19327
50303
51440
77982
35742
74945
51589
81994
74082
54460
87252
8491
93366
92227
54211
15872
64910
63875
29655
15953
28861
63925
94556
2848
3496
69234
76488
36024
92067
42049
76377
27745
8703
44168
5726
44445
19112
73667
42790
9546
28126
30041
18036
37843
22267
88598
70067
3528
52472
99721
35832
97685
63645
30388
532
83492
15973
93372
35868
24391
51772
28596
52135
60474
72763
74212
21270
8227
47878
64060
34124
92356
94100
68511
30198
32719
57108
16616
52598
25931
16336
4782
39967
96332
35169
56851
96176
67493
50222
32043
91883
1993
76990
60369
78818
66104
34580
88
90682
82458
64147
24805
74813
74598
93315
21362
23668
66774
37978
76266
92705
70665
81047
49023
66997
32567
5873
79524
16411
56094
27918
24645
74438
4907
85013
53256
71010
19592
53343
61692
2049
33841
2848
93213
8438
96163
30927
48458
62936
68904
41075
71992
55920
38473
21015
39268
71039
26887
18791
3801
99333
46708
28445
73770
51614
13457
43377
38976
33048
96719
17019
51449
46911
19866
61013
71701
32380
91939
20158
11668
77194
61232
83659
33114
99704
21025
72381
87094
64264
91172
7246
63596
54231
35690
37365
22197
49146
80742
77524
98545
93812
94542
66345
57075
30759
27358
28775
79491
35648
65284
91158
12842
42867
91168
45955
58922
12193
34687
62367
92808
42210
69612
56403
96441
5301
10119
34989
70798
7212
12512
85694
17376
7053
52039
74450
54163
95748
19576
33653
31395
1211
41162
60588
44077
32330
6542
2998
60874
57581
81716
53681
99790
51327
26435
12582
56627
36553
47570
43776
60117
60081
29469
77492
83485
97859
68293
54000
9958
87868
4004
41353
5430
45166
1940
49506
77495
24834
68855
54720
98766
50570
24752
98555
18248
51186
27489
74874
4090
75058
35001
64206
51491
80821
58049
51327
78680
26341
5326
4989
30560
9330
46341
35989
54495
64633
1846
48341
5818
87052
3060
4583
53973
44163
19489
72220
95348
63329
63445
15789
54739
98445
79995
6229
95618
38043
57555
74297
80736
62881
79285
11295
88562
41978
47284
43056
22962
65481
7748
45131
52533
10807
66065
6505
71321
1905
95077
83020
65234
58521
98808
19972
73318
95154
26200
68935
33197
106
59583
30284
79338
55219
41578
67899
13548
5213
10954
36509
70694
18701
97991
39578
45859
64055
46082
17179
65960
57510
198
47545
16031
15358
67516
5700
10511
10067
74634
60059
10172
34216
90342
89510
89434
31920
73760
19334
37132
84714
55842
24177
19766
70185
63754
81977
34239
26188
15507
16550
83697
32057
64094
16079
47414
47961
21778
57924
58027
96411
17983
84551
46978
8324
90412
52764
56595
64171
72097
10079
65236
44290
34255
85002
14474
14361
83330
65065
40548
98836
81614
40596
30892
62060
56675
78305
10020
78452
52581
68047
74863
86915
68949
38192
11590
59360
90955
68185
23530
63051
94615
5118
7341
45221
6471
38166
59581
89800
3230
16480
88635
84844
57076
35879
46903
13750
30535
56922
92201
83115
41320
83415
70029
10268
21607
97971
85979
12561
82507
25861
91964
77121
30978
99304
22341
37448
53821
81922
43599
57051
14753
48585
41894
71828
84463
5148
85577
14998
78421
94130
14464
36093
77544
845
62712
15502
98815
48691
28063
81321
74551
36378
58441
21880
35681
97133
75679
5853
95406
19277
62903
10159
67861
21148
81986
68676
26295
83915
83673
21068
78044
98136
57160
55587
98980
36223
87441
14146
84913
15503
95466
75815
51880
53906
97694
3912
67391
73372
9764
62796
9000
89019
72954
76861
10166
71292
45536
52813
55206
45560
90232
33249
60047
63743
5187
59027
99965
92627
89524
84878
24481
84990
60692
92712
55247
74738
12975
22637
48109
39091
85433
57109
28109
74738
50321
54626
46029
12208
7438
1234
57767
97669
50834
17813
61411
56021
93191
61376
64999
82715
62605
5832
84056
39648
98543
39302
14385
27870
61939
78846
66960
63723
52306
11420
54812
18978
66045
841
31185
89835
18426
5303
87503
69260
39467
65266
41632
32658
42993
22982
31724
21949
28813
15779
61596
43708
71432
92333
71577
33370
87530
38536
13444
39835
66307
68256
75164
32351
85448
6348
22185
3873
11650
26040
89484
51116
7657
47467
125
67001
70449
48200
88949
15613
63978
66896
59320
35410
75580
30896
85131
63109
85783
14927
19295
52089
99534
94458
792
84981
17157
22976
5205
45158
65367
11041
12626
89375
58507
12750
56375
45307
77302
45323
60920
41279
28571
36591
93040
4150
67487
94523
67259
53269
9449
2905
21710
8982
97363
22501
10314
30871
61828
31870
76029
27195
42910
88654
16569
17769
17755
89296
79427
95056
34618
56698
52687
79540
93289
45726
83690
60775
56600
67300
30395
66048
70204
52104
91381
83918
90956
18046
14789
52784
49916
7169
79978
9177
95822
12898
43297
29928
2193
39076
24984
53163
95773
94022
32702
89061
39747
32743
66187
12699
42
96582
78746
86598
65037
86479
70515
55993
4524
1655
8776
70791
8823
5105
96320
20996
34354
39616
50924
52899
95043
92259
6061
90816
86280
55114
79876
42378
87857
46063
55076
4250
58996
33822
90847
40384
36652
77714
96376
57527
95720
21503
28318
4543
42959
40989
41890
77313
96956
92813
30211
91999
85071
52623
82814
87702
7736
79041
30080
11944
41455
85155
32546
450
35328
39744
40834
71979
33809
53561
29506
29529
75064
74175
50423
18022
15163
92312
11686
12118
1477
41896
4116
2899
10870
3281
90601
34958
82322
20680
63253
23776
5834
95798
40578
57514
35542
97763
29492
85702
51323
75349
15230
42738
65875
82004
77112
81037
90668
88797
9507
92144
47045
29974
95042
57914
33255
1994
92871
31928
22673
56124
55703
44859
68273
96280
2372
20166
94042
48215
5868
61717
39916
37449
4454
5790
35805
97917
3179
26472
86714
12685
34967
50110
59010
46360
24375
8616
48354
33598
40543
71026
6073
96246
32236
74345
8877
34607
10863
19271
99174
16730
80987
39089
70530
1792
44878
6334
99709
48056
32805
2774
77092
84123
69235
52454
30483
93609
61069
78836
27206
1612
66213
33278
14209
98449
23975
39437
49407
34837
58707
48580
67918
56045
87668
38447
57837
48898
61133
73897
96953
10289
76670
90397
94412
45904
42850
24894
55864
20270
20081
99422
21881
86293
32699
52441
1093
73025
91878
50500
7861
50584
99079
92130
6629
3099
30577
80817
51996
8061
54713
65300
18349
47734
72048
12760
9989
14897
54005
65852
51519
74085
65273
73399
76730
14324
25840
77822
87348
34069
44673
11561
84652
60104
3690
7632
63202
50618
88448
15197
58678
59512
96848
93379
7245
68896
6138
17233
144
76495
99437
51662
50579
64709
41413
43660
95384
67252
37834
82732
1320
82506
10644
2323
42609
30685
26307
22162
97655
14754
53710
72684
90618
50558
66062
97862
19453
88552
31447
35948
65046
30883
87610
31976
11943
29022
75636
7327
12625
29821
90058
30296
12326
17053
32618
71287
47737
58924
9800
61743
90030
63510
34427
96999
14067
488
94860
49871
89039
42658
85818
70436
73540
89779
2412
85483
18800
94399
92809
31424
24219
99218
78071
52896
32622
10689
40534
80358
85964
50334
58453
92345
13843
92879
89343
44261
9718
555
10483
15109
43212
96300
85544
33104
2431
87955
34938
21230
98705
27746
69006
22923
43315
47076
92171
75936
74116
32704
72645
76432
83037
31097
68776
13231
40327
74471
73843
50045
75025
84325
65153
34588
96977
67048
84043
99407
71355
18980
36988
70059
46725
5993
92982
6391
69421
85152
98678
59888
34207
71323
36319
33596
18771
21447
46826
59098
95917
37021
25494
87293
21345
6998
38232
34673
74045
22275
34079
61751
41254
71067
31810
4331
93411
41143
10721
79183
26294
9399
39071
76852
97073
75389
10447
15843
96835
73625
91292
9103
10645
33137
96395
48341
40134
50979
83014
30531
73253
33444
92281
14506
20862
24090
35188
30625
65232
62261
9807
7877
88011
48877
84729
85083
40618
11527
17277
37452
85151
24921
46555
95795
58057
59301
60488
14543
26631
59853
61425
99883
93296
53705
30741
30510
94147
65928
77486
75730
44540
87292
99959
32550
52521
1039
33984
93138
12565
67613
46941
97716
8885
9847
9862
83293
85500
70349
97835
12130
30201
59259
12013
39849
29316
59105
86710
39814
41384
64195
15543
85924
67838
15501
34825
20358
16539
85161
29847
45456
52773
76788
43171
78009
86634
53032
61301
72133
39733
59136
615
69933
34746
12627
26133
64061
71731
12842
20226
29466
93388
35769
15389
61226
67621
66566
97935
512
51726
27782
45967
20850
4569
5489
98858
7554
58520
60158
96039
14604
35645
96653
889
70391
25631
27021
50803
13713
56215
71029
43178
65954
23149
74919
27179
90769
41484
25114
7632
93209
69247
53598
14058
73815
59086
12915
97720
33958
89424
93758
64913
25069
6762
65801
11811
32392
9174
78965
62456
65388
66345
5634
47693
89493
96904
74872
96614
38387
16337
4245
31595
85583
74195
62004
75749
49632
91270
73468
99941
80693
83578
64854
22113
6691
30654
50275
55435
39827
29240
17890
21566
11936
39875
69259
1429
36778
60482
14394
91516
93170
34990
39462
78752
9184
1465
70852
75168
9086
60671
75108
6131
60600
39961
28243
67291
70615
94870
22725
26793
24109
56966
64711
36044
96841
33969
53824
49970
10802
84569
41486
3971
19559
80947
99074
45094
98764
69925
20261
7849
46947
11721
13979
7547
51681
58574
74837
38647
53443
13913
65440
93903
70878
30150
46298
84070
80470
122
50392
7623
84690
91877
11593
20600
89175
27018
82046
87938
96942
2306
95787
43888
14026
26117
51434
82059
84690
42622
20705
54484
56534
2496
48386
43764
48997
94684
27833
45818
11157
78224
53440
12198
86452
81384
32798
75627
8401
14843
63564
21694
33500
75702
65582
63878
1819
33367
62288
2860
92341
82992
57344
48874
1840
5729
8989
67188
412
53174
13006
27920
47749
82797
40118
34201
64181
89267
26179
72581
4109
6094
94275
53960
81796
76208
34189
99966
25926
96476
2825
18266
95820
60168
83492
97659
65897
92480
81198
82660
45653
94203
10580
9754
93352
67049
43954
57532
56315
86484
30112
76775
92577
40738
30734
90724
16945
64923
90689
59223
77750
93514
77488
73569
53681
60979
87579
35929
53459
68777
18589
15463
79331
45520
25216
72682
12568
85521
30213
68882
88356
76677
45656
80933
33766
92741
71656
67063
74015
78697
26285
51765
72210
3772
25333
42242
81103
12912
78171
34561
98040
13111
66375
93722
58630
7943
66404
87549
9815
12968
72782
98171
5996
34789
95455
39762
27529
83462
23176
17896
62158
49460
69660
34367
69583
11344
76609
50685
40607
71131
1597
38646
84241
84324
32368
59222
92266
15123
46770
2080
28090
35903
16602
34086
70691
12056
90199
14571
95518
13374
32466
57675
79185
2125
8394
48767
13469
1354
15804
54075
72484
17400
9073
73076
1723
41440
32297
10340
56562
79066
12420
1003
31320
45373
51440
2010
57429
41638
16580
69298
71363
49046
43324
50547
67522
68069
15666
97342
69422
31469
67769
58257
48868
76841
31332
66943
34632
63628
77282
7545
59045
6053
8547
90364
51426
76339
92373
25206
17976
25305
94503
89339
90702
37826
56237
74575
5895
71902
71917
91668
3370
39685
49925
68590
32877
97608
35532
67508
61236
12813
91404
36632
18866
16302
26996
86643
92640
35720
11848
10616
77376
6350
16306
68077
60527
88894
59004
82773
60796
30920
74441
64165
86956
40717
49106
36184
38324
84637
20043
15911
13802
11446
52543
49019
27747
79538
35661
36739
31609
47508
47354
8985
70209
80011
93413
47087
68904
52416
29860
46051
83335
20652
26568
86642
77720
75673
39177
16043
60310
59219
31954
90463
70664
848
39481
14763
80385
75141
51501
11993
39000
15206
37329
9208
11568
30742
56294
96823
83157
2505
42874
82844
23156
69441
85837
875
61465
25014
33270
38126
84232
81575
28588
71248
82422
68068
2362
79158
43208
70214
7502
82207
85419
44831
7766
13338
75572
80412
10160
75080
82916
69385
57923
22424
55177
43760
23298
32994
68773
72919
71119
69356
54493
99707
40603
53266
84126
42964
32423
27334
13177
39925
25892
14947
84755
50010
44636
76678
30421
71148
51757
13336
56884
26032
52111
12061
86143
75409
45054
71267
64679
32524
40622
35524
32230
97577
88789
16356
40540
21212
60041
70069
77488
2284
1367
78594
52293
62355
55271
99065
33502
23379
28753
90385
65762
80863
18797
51904
72623
63850
23170
37302
96374
80144
72825
44955
77720
77965
77662
34611
15528
37702
21031
93015
56338
22398
71608
24982
84752
43230
24047
34605
66609
52799
24989
48722
33661
43786
626
6284
23987
40147
59937
36712
20290
49113
81667
98009
27077
59328
48972
42605
13382
70002
51971
69719
8751
23579
94700
9854
66808
35098
44458
49768
87896
69447
98490
37909
29584
15467
60544
69922
71965
36832
6634
92255
85944
4652
6615
29372
80331
55586
88328
10064
41940
40299
96134
50690
63877
90834
60544
47036
42283
21353
13156
46531
7151
27997
84439
53086
43463
44982
23008
15427
98165
29641
24033
84108
50644
30648
13479
30974
2585
18159
41038
60876
58457
37171
27918
38685
44356
4813
85720
86639
26165
98875
33169
33316
26871
33959
86401
86685
95292
9408
18464
93456
55400
42496
77563
6043
89495
7393
53369
8432
41903
10758
69307
359
47928
97224
39043
8636
2036
41115
11626
44553
56341
61146
77868
83212
95104
80620
86248
90395
6380
4711
202
78131
63559
94116
526
53053
17860
53894
77836
59763
64651
47143
60121
28930
60718
99164
37565
79106
40278
65542
23658
96618
26687
17877
96181
21790
98496
98781
28536
4875
19843
28737
99358
83401
22852
99883
52806
40712
53776
30641
474
34778
94135
76946
63707
71205
76109
17624
50310
32738
83165
73967
45708
26204
8195
58240
47993
6690
73372
92881
27917
93215
21617
27274
92967
60821
27156
62124
1532
97283
92765
18357
48412
3251
95302
28470
74455
87763
46093
41116
36852
45610
31434
98911
71813
39628
73503
36157
62670
46874
29037
90586
56440
67006
34211
65759
27826
77718
27882
45709
91352
36998
64065
39763
40249
75718
68232
31055
63480
30677
72171
16684
92638
3604
15594
80802
43232
89096
16958
22253
52322
62347
12838
25113
29352
63400
90871
57177
57469
18753
2885
48820
55750
83301
88582
12350
59018
56813
43405
22498
3841
15575
39181
96478
35530
71126
77279
95113
76574
94237
17365
28895
72935
46554
54007
2286
9953
44878
75814
83773
79982
95050
32592
35731
78350
37525
48081
37367
94338
91485
76216
98178
23411
31748
11008
75292
2874
88286
70405
79447
82522
4121
24693
71808
50675
78699
74093
76979
39928
66258
60752
36261
61307
9695
71992
39656
47220
36424
77023
57909
44260
69590
72438
84022
1338
83445
59313
4211
71731
46069
9
70604
50190
24701
42412
864
19751
32856
94194
76031
99114
71297
12291
60420
80992
84282
76
28211
37057
93450
86119
81316
63039
58556
65337
64376
42001
24650
84938
30083
70718
84946
686
37259
25998
43097
38122
45749
75953
48668
21779
75066
19964
50421
51837
955
51055
68264
45517
88111
61713
47987
69427
41104
6543
51115
21831
64895
92116
6769
94977
79186
8066
95662
16444
50416
55111
70918
96164
47415
19585
34294
38832
39548
1066
90668
56855
52120
58932
18723
40231
20644
66710
26009
78099
89604
77123
99930
54498
69239
23050
65826
48424
47467
77839
64867
97882
49301
52136
10397
96715
71720
61042
35546
27620
62108
26214
84474
30579
1497
3196
70809
38492
86257
96817
16591
75860
90292
32872
30357
75882
55921
12534
40657
19739
90373
21875
17621
39673
74011
44369
52740
45730
21763
88285
73349
222
30850
74174
30800
32346
93722
1609
70838
79978
14777
3780
55838
21420
36651
2546
97301
92571
31432
37957
28661
38156
59832
62633
94180
50194
7002
46919
95923
45116
51556
85624
45337
82405
76149
76136
14751
69870
77744
1940
66200
8873
5719
38389
30292
42369
57286
43945
51291
88717
98253
96303
26872
58084
58936
21052
8277
82289
84322
20552
27404
35877
6175
72740
18282
98675
48875
49384
68545
42971
67675
51096
68195
89745
89484
14838
48465
46769
58782
99755
51838
57035
12409
95061
31470
71344
16112
56099
53632
16786
93002
81035
52662
15528
70126
87295
14202
19001
53030
99098
78323
37056
50193
46517
26800
39676
61354
75264
2797
36488
91370
54634
93522
3779
49694
41343
75122
82158
13793
45106
15295
6794
26140
84308
22321
96266
87955
36523
31618
40984
35620
9940
78040
85813
72808
21191
41840
50513
96455
60988
87000
87824
15621
96873
7954
81667
54568
83076
80176
68360
44533
95470
75154
70672
79777
13826
83289
67731
50348
31258
25067
2320
57549
19458
88132
30356
40648
46323
97221
53454
7311
572
57630
39283
13797
65583
37301
68364
65010
17476
36723
9542
29297
28228
96566
25426
42054
79854
9508
8753
11112
50926
11072
68660
70383
15555
15368
27383
61878
12588
80836
85540
13159
38465
24822
26955
20400
78475
11670
85409
12302
64745
94951
41599
92972
7868
83376
51377
87721
92883
60130
15184
43809
87553
83844
30543
3108
15563
57925
81337
28150
55113
66876
57660
9929
8049
967
30328
2875
12636
32089
15177
77380
43391
56775
86704
51258
40150
54432
38978
49384
14561
70514
9544
18466
70709
40087
21573
86271
14363
2909
30772
69475
86136
88431
95756
10536
5749
26083
13411
18385
58171
28587
12116
17913
1713
15171
69170
58214
69603
24500
7597
515
95013
17141
18980
65721
73579
56904
68343
87941
76164
99114
73768
62299
3896
69523
89187
9645
95605
2597
44381
70128
31183
72848
88040
49247
88019
73562
7460
73973
98061
15056
74487
9425
48548
9819
91497
22126
66722
76191
26419
42886
75304
186
21536
95551
69708
10722
21547
65312
29670
82279
51791
77204
55127
56183
26450
59497
29744
33909
33469
44156
65317
24307
69932
13864
34125
61428
52342
17199
37618
78760
76436
29273
78945
14323
41175
48652
41397
62722
30315
71066
45000
98458
48270
126
54640
74719
75974
84383
24980
9442
44890
90296
50101
14821
20511
577
92600
89204
17775
46569
84315
10562
92193
79611
24885
33367
28262
66281
96088
74929
37346
57440
73386
1967
73917
44377
93038
49891
45111
18017
75684
90000
24664
25784
21172
61526
26361
13771
50730
60487
60339
35044
71049
68883
14655
12285
2249
59268
78565
14689
50548
32262
72128
40285
34229
46044
84661
43618
95934
29771
61634
71618
19770
86297
97401
40941
47822
40113
71063
14903
600
47753
66299
88000
16635
97305
284
18884
72924
78848
33572
23472
27461
5699
63756
78041
68094
64769
21658
64028
94539
83291
51997
30661
85939
65749
87953
50113
5862
59016
81367
22813
6768
47665
10812
39755
44969
11095
58638
17893
6294
8561
57716
33754
30611
21471
11795
98704
2591
33452
79083
97130
33095
47431
27790
19033
13180
15742
85497
35393
91109
66864
58205
14229
30880
69016
53983
75849
96462
12620
10093
2755
37532
67808
36508
68142
5630
64654
83197
8221
98106
62280
21702
31200
9710
49491
66584
39241
81584
68433
74633
89045
35296
49189
