10000
76364
92271
46802
4669
44150
22805
36923
75750
8140
60769
94055
32151
19563
76125
72980
16280
6088
47827
79959
8475
97185
56209
29097
67874
21149
10846
88621
77528
45959
23784
39679
22322
32406
86481
26991
76555
25637
80265
68656
33777
41034
62710
65927
76948
55186
38906
9579
61273
3084
89537
69748
16620
45745
15196
84493
83245
26042
89465
77124
88352
29600
16802
27025
62006
19634
54015
54912
45271
50632
23568
95399
8017
2629
61325
84964
74167
16582
94542
35439
36017
430
21538
52637
62526
36734
53481
45770
79127
59298
39245
67478
88897
56046
94502
67254
75680
64869
38518
20950
15500
62085
16348
39868
81065
94024
24831
55231
26957
19372
7022
79325
19801
28559
31961
82326
65292
1794
44447
60770
61091
83691
28247
66339
56088
39101
33593
31767
20321
72110
69068
52172
50546
1767
92039
47962
12142
16869
3193
39098
52592
26566
18423
72392
55124
66735
71069
36768
68528
31867
97537
45970
31909
42136
12309
87996
97588
45901
19763
17908
34362
5182
70079
84907
6949
62117
49220
35442
95337
52412
74540
47928
95329
9314
36671
50453
92400
24091
87220
60928
55957
84756
6897
87865
43243
19205
92212
40830
81457
28326
58737
32170
33508
45167
33428
56808
23635
82648
92249
18971
51411
83140
83250
46740
92453
36272
97192
84853
60362
763
62132
32670
1870
85380
36886
45113
20937
29098
85942
18745
57423
61031
50915
7282
6197
84342
64089
29832
66989
56338
65154
18400
55829
48404
81491
48282
84675
78682
49486
61389
79444
11617
10410
81313
13348
47296
42777
34284
92745
45071
53029
50167
6101
3943
57449
28649
4636
37889
74832
71625
94226
39986
6376
50055
4741
87866
14688
5767
82899
80525
67155
78694
8493
77565
76358
21840
41212
19135
56124
33956
80557
25504
84122
86657
45798
57922
31657
50433
95811
6489
38409
6388
46474
44784
72794
67566
49001
87481
73332
31899
84357
40487
26944
92849
34403
3302
14689
75614
38788
87164
9569
19344
12667
10042
22352
74816
67964
54008
25248
80126
60496
80009
86513
23321
41144
59307
7238
90145
63139
80570
38395
47496
37408
65339
40344
71810
84992
71384
63775
40131
58547
73343
59474
87565
99736
81825
62380
67699
52184
3980
64176
29032
340
50689
68704
41483
26347
75942
31627
5837
72863
86374
53332
10270
68064
10028
98431
53055
97763
62205
93185
56310
51899
69010
60226
51634
67186
38958
35685
19369
59289
99860
64752
59628
66900
33456
1110
93246
25749
32737
99083
98611
35462
68766
8880
3525
95145
23662
72931
92908
85866
66115
65569
54116
51476
42146
22101
18661
81103
57785
54381
40391
73997
19133
18
40896
52588
1128
50494
78336
50216
65928
93298
85677
51045
2177
89201
62542
25838
78483
71801
28055
60949
37369
82170
12424
79514
4270
31084
76969
78407
1816
17359
52403
20948
17377
9650
89887
34856
76495
84574
85071
42422
77871
87099
9819
80047
76299
72360
22236
71133
44160
66642
32081
97880
48811
44504
77393
69433
91939
54361
64191
93754
88072
32945
14702
5448
42594
20940
40303
35441
5514
41725
77862
83384
28823
87680
79783
21473
76391
2018
92605
20550
68660
24685
18429
33822
69188
12174
19606
77478
82886
83796
71231
70957
16740
2284
92756
75686
23224
49410
11126
45089
91134
5339
28472
36308
9371
8254
57780
85761
26624
50384
22663
11635
75068
41091
61808
60607
69616
81414
38084
52502
81561
25667
39810
14653
27950
48918
90338
67525
98327
17815
12613
5813
23153
57437
42120
48875
65690
99900
34636
8665
66635
57298
36651
58055
14740
98459
35013
708
96224
73097
69561
94136
15115
9370
8788
59416
74639
99125
26941
72966
16939
55905
95130
56444
13341
53601
5318
95383
53500
56305
4047
36487
29954
57050
94541
44694
71860
45905
61753
68083
35353
31313
62218
50467
40682
71006
9883
31673
86482
53175
20990
19773
9079
16119
76216
22420
69719
97885
34154
39571
54190
54552
76057
495
11601
86949
61540
83460
32853
23292
67894
84558
54604
30112
35024
11638
17469
61258
43310
20302
14432
64299
40074
23511
80417
32641
62282
66487
46878
96435
6057
1067
67338
98465
1561
78939
1765
79453
78750
50970
2744
46644
35527
57348
93107
70550
68985
26927
31808
12294
47228
62591
92944
3654
86101
89712
36294
64734
56198
99523
77520
78607
589
44858
77071
18502
40148
95188
14306
18897
46157
17049
65540
81683
74396
74998
68584
59732
1924
16743
88377
49152
79334
81320
69157
81786
71031
21802
62872
43581
21325
56743
22187
38265
17952
15609
56766
58099
10796
71071
93348
73304
4472
75239
54986
95219
50237
39922
54951
52160
73016
59679
17663
68701
40999
86819
66839
28381
8621
29710
71961
29945
2804
10499
68209
20756
26108
41327
78854
36903
28749
88553
10207
33220
63792
81544
28439
14028
37817
99741
82539
27185
59419
202
95885
16769
3372
62723
45150
11992
8784
33462
41936
11588
43961
26497
32343
86420
67823
27548
39674
12923
16101
66232
46143
96244
64128
90933
10271
1944
90673
9161
29128
66443
25714
41365
83212
29086
4087
44713
41077
12871
78174
99365
40810
38486
25861
73152
41257
10035
17051
80931
22957
33151
47162
69099
29394
11289
76383
56016
29585
67055
81529
75064
33498
7242
16428
33061
36327
20515
77773
93756
49737
72298
93120
6898
27136
35332
80049
68392
45366
13451
49322
68322
46602
12836
53773
92347
24124
46507
64715
53708
13562
62595
45124
63411
69836
61551
12823
22515
98417
90595
16270
64505
79244
9389
71402
6379
44720
67802
74771
6437
81253
40444
74758
44206
53279
44882
52904
77403
91389
33970
47462
21302
96564
92585
1064
66400
54136
13886
5266
68904
20832
21535
33409
75
30923
4810
22806
91994
88964
13928
98430
70216
54371
89539
30773
7650
50773
83676
1404
42161
33998
48865
79814
30561
57802
97229
13312
28289
27466
18577
97192
64649
40111
46952
81075
87385
68114
3880
79378
57077
17807
94159
43644
72178
83698
90768
96179
34470
74443
97582
92982
8440
62798
89147
55353
20599
2727
68664
65239
30192
87241
62431
94840
43703
25734
75914
31088
93847
96146
26817
67275
13952
20976
10918
2481
21025
1685
98659
71846
92480
12592
81179
17271
75390
70325
72623
12340
73051
57639
77579
19594
61231
56361
14433
4933
82094
6698
52372
92293
2843
95541
59567
33147
32868
70485
35627
53892
88521
50638
42089
81000
63229
23267
14623
38618
9943
3597
67310
99345
61235
44888
18938
22465
1248
49722
43750
99693
72771
12473
91985
91966
8013
51552
25112
57232
38388
77090
11123
26908
27727
69563
24260
7308
92829
38882
62277
19123
42478
29586
18467
20065
74473
53756
58881
92072
19829
18982
8117
92600
31455
101
84565
55819
68004
26028
13051
6391
3117
40525
49651
47196
10088
90262
54503
19268
29143
33131
38391
87972
62717
73209
24388
53541
43317
83269
45613
63145
2250
70081
72096
50056
70181
73012
22227
54537
99039
35277
77279
18508
92153
43281
65703
2240
33542
36557
21508
79036
69687
76250
83360
32403
49458
7747
85944
92774
91015
47908
72271
9617
17988
44366
76024
4520
17378
98250
75408
16416
49878
52687
34923
42031
12319
16977
44270
45861
53533
82129
24896
39572
58378
8255
88326
24188
16002
74269
33313
23368
38528
5583
49336
72867
49949
41712
77387
83678
39961
69146
16445
89839
38184
51368
31869
50503
84696
92490
96363
38229
90971
37610
94152
65700
45865
82477
89887
78218
73098
39552
17937
11625
45134
83625
84492
11434
25336
78230
11463
81648
47375
27908
71486
85559
79275
19706
36061
63970
28548
48775
18550
35870
86384
12701
1569
48600
11530
7808
43169
84627
47359
61106
96251
8844
61082
97094
20278
86417
75323
31740
84416
39050
75999
72254
40960
55273
91959
93372
35595
36858
42146
70496
72727
44881
99549
90648
93481
11078
98455
36649
95704
45813
14106
91954
71008
75187
5400
7637
77955
97074
55729
78723
36123
31727
50976
93434
87000
59286
86805
38946
96144
45302
25793
85222
90183
25341
75869
15
36418
90675
36663
48473
36487
67121
56779
23847
58659
62178
31483
52966
59251
87211
31688
11726
18938
82663
5159
22289
41948
8316
61234
54443
53617
87026
56017
43799
28719
31885
60165
65136
22560
96828
13609
75398
80300
86739
99244
38958
48916
30727
8275
24518
34289
39962
36243
53226
22624
57754
75514
80924
66069
53099
51718
19685
56477
7734
79836
85195
39619
40000
66682
78530
53179
80290
70279
33478
83380
85875
88788
32295
32953
97062
56813
67241
53376
93055
20467
92351
50808
12332
73274
33228
65431
24992
52913
21907
32725
49100
23453
88695
5451
90134
83576
58630
86776
70207
8459
70155
56081
13598
2450
89033
27012
75614
72625
80387
68668
9443
72737
35828
21775
62363
85407
3557
87354
54671
41815
36430
3770
81619
41477
9221
71752
25052
84202
58527
95258
9012
28682
67690
22610
47483
73074
65973
23096
45699
46359
8115
71493
19095
60294
93267
81457
45701
13175
85162
371
71341
37944
20493
52959
79420
46065
24711
20823
30266
99589
32433
55629
28270
16474
94590
75752
89548
60562
15199
51598
6920
23314
23090
42367
83607
32709
40175
29307
62235
25337
46030
33576
79632
66522
2886
75403
12586
43948
12577
59203
43537
61361
14831
88158
77835
9421
80262
67382
69982
95460
35331
93254
18773
58420
35620
18732
91128
75794
64390
53363
17482
10419
3290
13465
76940
6175
88867
5877
66475
1444
65079
10011
79156
96262
14520
56990
5682
94781
40723
92015
90241
76053
85268
25365
34473
37239
44096
41952
29385
24838
95314
46866
35256
14955
76683
28548
21130
65549
34424
87604
83344
15855
13966
62500
12116
28485
35841
17797
39618
76564
26163
46210
68968
27783
71574
19792
65021
32022
61744
10757
56859
73409
73975
8466
88364
50657
37013
25845
32557
87789
13448
15901
3643
43765
94752
15758
72249
30592
33554
11866
23507
76068
58075
92475
3850
46001
12266
85223
94374
74009
12331
67584
63770
86305
76049
52133
36961
29414
77977
69518
17202
7776
1770
20844
51540
96521
36601
40140
43464
86506
68358
66971
62573
42784
59445
82775
88784
88062
84349
99509
62071
96679
67092
42192
99336
59493
94324
36296
88906
88652
22165
6107
96427
40286
26950
64318
53158
79902
4457
96622
66407
72814
63592
45331
31950
39388
44457
37085
27449
45157
36594
5871
41836
20037
48062
41171
79529
42385
93818
68434
47388
32335
90892
43814
72620
34193
8131
25778
14094
28940
38751
96852
18105
2342
58535
50054
41729
19343
87139
69177
64500
23732
75048
6335
43768
39461
63857
39649
98198
74026
8082
45585
22712
98974
89399
95332
33166
13881
37461
63612
42820
76211
60463
77277
94904
35349
27330
52984
54692
14468
22160
19191
54551
13559
41877
14671
53020
22085
54319
51217
12462
62400
13153
35174
77725
2551
46857
27243
32784
84317
90854
91955
76879
67668
69231
88134
19369
96561
41117
74060
27380
79628
9602
81931
93187
51478
96601
62558
89914
50919
30126
2375
29670
43278
37548
7395
62181
84404
50989
94964
85072
58194
3270
78302
25861
72501
66435
45229
69061
7551
35640
96440
87179
45241
94722
96717
13070
91322
59274
19335
58592
5751
21710
88262
65380
75609
12008
27560
76365
79348
38875
61436
37541
42145
39738
63401
14645
6172
24982
57
30075
76973
12848
17253
38566
7570
13969
67987
15243
89594
87322
73835
95344
25383
78448
77075
991
6807
4635
77355
86154
59861
55143
40046
2005
94880
19798
33001
17403
61131
49409
63829
38104
62257
81081
93021
86178
11401
61007
1420
994
48328
91606
12689
73710
86405
89764
91053
9563
10750
68407
12068
70610
39901
52113
88967
51132
71911
38319
68535
33041
87728
32363
87496
49984
29796
80516
52513
41196
41523
70284
42190
6202
61890
54878
96264
64646
60993
87316
90561
71742
72074
2628
42352
11975
54741
47670
63106
43003
85988
47992
92395
73715
96707
79891
40050
26502
76758
92562
67697
18280
62846
26238
24482
41087
97468
20745
5732
58460
24412
96292
46554
96485
15272
5257
24811
86364
52926
87917
29366
38913
35908
38112
12628
48966
34354
69029
75467
11112
61591
59516
29391
40788
2105
70224
81874
99572
7320
3957
74384
48083
16601
20937
44568
31872
42545
69378
34587
95470
73646
80304
34382
25906
18415
63361
74871
52769
32390
50338
63880
10332
26205
9622
51119
28309
96198
49344
27881
3517
53300
18616
51600
86252
55904
12519
34475
98448
98248
69061
93917
71894
49364
44650
97799
84131
24363
89021
53251
56752
55710
17130
67083
81914
43103
34553
10223
39300
83896
54455
59169
53547
73070
10768
56151
45325
39638
90625
43772
37885
76038
54040
26130
41753
15041
40280
25883
39403
29301
79133
12506
85010
12614
95940
66924
55717
30492
93498
95016
30739
47952
54184
638
37373
81303
56788
99049
20940
47412
42820
75177
23449
13211
1306
81554
44603
41586
7436
84006
87238
2921
96511
72247
15534
92451
55522
87602
39294
65371
98970
70033
29674
53153
70670
67046
50808
43809
66094
88099
91220
25265
63275
31021
54827
80933
12574
99430
38870
36361
99787
26107
39281
96297
14705
71167
5099
86579
58768
44393
51949
57737
30777
81623
27242
17798
65020
78049
61606
47466
82499
69177
89082
62126
197
43909
43058
29122
59690
81927
81835
59476
24385
21115
72124
39089
8633
77223
25667
67401
37967
77616
25137
68743
75590
52378
86540
40609
46778
64497
88074
45629
33673
77156
7754
50222
37416
50811
95695
97105
49089
77529
72932
73473
14996
45055
12561
23628
38629
38228
91028
76595
32195
32517
61689
7784
1246
64580
64744
64376
45428
52818
10004
79101
29973
17757
29322
83740
84919
25016
97196
34007
18897
70127
7479
33892
31533
20039
73871
86514
74618
81251
79460
23164
30119
41149
47299
31364
22080
12043
12091
67508
64860
22094
62960
11184
56202
92281
11275
41120
33648
8470
91478
68896
94948
98956
19139
26480
35347
93010
12993
26316
90612
92453
49480
20730
49953
13130
52093
88384
25172
80536
55891
6383
2629
18850
33918
75183
27482
45192
32654
77482
53661
24132
46377
64960
39439
65516
91440
74785
74877
20784
17453
65488
29588
83284
86217
79540
96413
54661
84276
37937
35196
56518
44319
54177
91720
94589
29359
19201
39780
62012
13034
9793
2495
75763
74752
41934
41278
82543
16718
32506
3327
34170
14345
49266
17453
16913
45158
30218
87925
29433
68154
23121
85950
28824
93649
77669
23412
39359
13222
79544
17722
26255
89336
20217
2017
80439
62150
59646
79334
95219
8503
99012
45741
22847
48277
79545
39759
93434
26114
27684
22866
94267
67156
25168
23091
77156
2836
46502
16514
32409
26045
34235
75016
31732
70803
93384
28523
49304
53030
7856
44523
77884
6867
6615
731
71495
2511
56841
64929
28625
876
4146
22891
68031
29313
62333
45186
48501
25187
78051
97261
67583
12286
72276
15667
99440
65660
44189
48744
35041
68396
9618
12924
91614
16232
30006
63108
35094
3199
44388
63718
4074
48534
2961
88457
94198
65293
49994
59050
6831
28045
56311
74414
56682
44938
90080
56121
26949
50620
4864
61989
35367
14481
91265
26980
47064
37622
6439
82158
40820
50827
45875
44894
15712
65187
33350
26261
46832
83343
1663
53662
11387
74325
44427
84420
19262
50858
40541
62563
1477
45404
24551
36843
76237
32167
80174
23300
86141
86613
5457
26960
53791
51332
88205
69502
16518
21554
12114
79701
21249
13776
33363
48987
88100
77789
33407
23714
28647
73947
86276
46475
35702
27178
99670
11938
75697
79843
35238
61837
82807
40694
88796
36597
8377
77001
6098
41247
14906
34564
20947
36154
48339
70661
1493
52791
48450
34899
76504
93448
25197
62779
56274
60898
89956
55943
89188
65652
52138
24425
43840
34944
81470
32636
71541
6199
25988
93990
47445
40893
28553
84743
93399
93244
55404
94891
46034
20205
46141
22537
30004
71337
1667
86277
48586
7974
58572
37773
73626
10709
78549
33817
62004
76371
82804
33544
82569
8791
43886
46365
66036
88790
31107
75786
82033
2862
87028
44418
23066
33168
66954
53069
20856
68620
55698
69441
76594
14269
23566
66571
41329
18466
387
3332
11188
99543
53228
93756
8333
13465
56472
90720
18606
87579
66505
639
90440
53532
45056
29858
3051
28362
99278
23906
13333
54975
9699
6278
85595
49616
89200
43275
84433
5939
62959
95621
5481
32538
5728
13813
46002
62200
4533
64607
49778
87389
81597
56569
57273
43005
86426
60323
87718
2056
84229
1050
73382
10279
23680
58977
59894
12879
18603
44326
18817
81561
56298
24297
14098
62026
38110
76451
24225
58994
57410
90354
62734
55358
63274
20006
14714
66052
80329
18783
68107
80909
19833
41488
91187
59864
16816
67432
72742
35419
28109
91559
33331
84407
15855
63781
62784
70316
56583
3360
45661
30344
93713
8395
85702
56986
28400
16767
23037
25080
35550
7495
5988
71734
48983
13526
31597
82150
97309
20690
33920
25418
12248
67251
26176
44455
31031
5311
14770
3965
8670
76783
34309
2382
85177
36362
75719
29928
69480
15108
55008
5029
38954
77347
93114
4288
7225
41062
86438
4533
61752
20357
29950
73999
87607
72477
34805
34989
77787
49575
38954
2808
42709
89614
5189
27885
25975
97260
74164
95454
28719
45523
16835
67672
22870
26300
71960
46446
67362
58397
50978
29113
95105
97280
19463
99064
69756
54268
34052
63895
20194
89357
66702
62902
95322
88243
7138
21296
1854
97653
33102
30572
43176
66288
14595
82397
92587
86554
28842
59948
61302
96171
5412
72759
93450
41227
71822
79558
11846
5873
43452
32039
11582
26505
11292
6903
31099
34781
44551
32952
48785
94004
79875
91960
60291
94470
90708
52877
97375
35901
29177
75029
32072
34588
47787
25521
92166
19608
21430
4011
41832
81233
52401
69765
7738
63692
93020
38836
14824
37570
88140
63609
31573
68014
71920
8215
62483
78980
77443
76210
14880
6619
67590
63303
57559
15376
5176
49724
51335
26605
53735
9518
7838
22487
79283
15575
86179
72302
70762
17354
26223
58901
97314
74147
26915
69234
82361
5749
64565
76155
98310
79444
82774
65899
42747
56684
81274
64274
22759
48960
90878
92845
58478
98715
15332
37760
30641
17862
26413
1403
35215
68987
76655
48881
43133
3569
34466
41845
25670
99030
17999
23979
78473
17124
89878
37571
90159
87503
1844
12918
36463
9074
22114
11292
7788
37445
65403
54781
55306
8167
72535
6873
77153
49189
55753
20285
52758
90218
78481
94779
89247
96479
18757
84071
29955
24986
37994
20113
28841
56189
49382
81655
65262
71496
92946
89402
8940
74700
44182
80598
82866
16716
3822
60018
65904
59574
96654
35013
66143
75134
46143
71741
87964
81252
72163
17918
6237
10156
54383
51429
66345
20116
33083
47958
91611
42380
37359
16903
33431
97892
13852
16296
14607
17673
76313
96863
93598
72966
48227
59740
64451
94370
31480
52415
75621
19994
86684
98209
30150
57418
49638
12846
77534
99072
60803
85496
57804
14514
2398
91234
12405
16249
7530
43364
50273
194
56578
43870
89512
4804
19961
53962
99173
67792
6376
74793
87786
9412
89354
17935
66829
38991
47132
44362
54414
24286
29858
12217
38799
48607
19803
67556
81208
27332
27271
31480
43877
83848
91702
33388
88651
11662
87350
4176
79454
10077
95320
67239
19488
84673
85173
2669
40015
48656
63382
94429
72941
93239
22997
11740
58198
42799
95647
39405
86482
22917
87236
30359
6764
78937
63746
11766
90599
67447
15941
86404
77524
11261
53642
13363
95933
55166
32383
52300
3821
95765
46728
76761
5355
69724
4852
63552
28875
498
19308
15356
39766
22896
45714
46529
1832
9460
74647
8782
76906
90587
95185
70781
18199
65178
496
30484
20343
32878
82783
24163
28642
45862
17276
50349
31937
22127
13900
60811
38977
49560
76167
78742
72455
21880
41623
90638
47691
16269
15772
40949
23207
27308
28081
41406
92486
28576
88241
12828
77806
71023
53343
22799
33236
70618
73147
65172
9096
87047
25983
48072
52958
18501
43166
25412
56732
84788
32401
4423
17408
48172
61723
40614
75480
6155
98371
84317
34731
2963
13496
28888
90337
66838
51686
23572
53807
24833
88744
79255
28231
31078
43678
97540
49578
86843
39303
6309
87982
71703
27083
5389
36227
5157
62355
28058
11312
77077
12374
62394
80040
25869
91281
70376
9059
59318
10300
79217
502
15395
58471
28732
46472
18501
26271
12401
5343
81925
35061
93325
53628
62144
15065
89854
83652
93771
34263
94963
70848
46636
73708
67239
88856
64988
53966
14266
40658
64265
9835
41159
79659
68305
86243
42482
86805
28865
54882
8500
10790
6295
18176
64417
68438
49592
70622
68441
43363
4884
63404
30562
67871
53463
97800
73078
18451
51765
87344
59108
32382
97178
16618
28392
81834
2860
70874
84991
31725
42107
9842
42514
48401
44369
6930
33190
93960
93903
1631
37322
15138
81386
67883
83008
34848
82034
56085
69650
33799
59780
45109
82532
73309
61727
10923
71495
64586
98148
72837
12662
40255
82678
55175
5007
27046
78456
38197
37357
72358
56179
74679
87495
53916
58913
86854
5115
40947
59291
74765
91097
19070
36225
73628
8731
14303
84550
96577
95241
82698
69413
7902
39304
68442
63077
44310
11839
41532
98858
49195
30242
71388
40225
34088
25303
99138
20942
46770
56436
80232
37886
47532
15653
74110
37511
40735
88413
38412
37311
83653
21109
6723
7906
76764
91516
70982
37426
3354
28866
36283
52549
75459
24023
92773
9546
65677
8262
30487
12446
64697
27070
50331
28580
42723
24441
82442
83457
29205
20854
37120
29209
41962
43842
37114
35078
35358
24448
72503
55063
69665
25137
7611
45123
49159
16736
71020
14836
24997
17859
43633
6046
44928
93964
50977
4002
34756
33419
87459
80312
54272
40930
9520
12585
84771
62985
64014
36480
3784
36516
91543
73448
61653
15505
34922
27163
32240
5942
58350
73589
23800
1983
95986
85079
12298
46962
89081
47053
96732
92891
27364
67355
33820
53235
96292
34942
16219
60305
71422
36355
96821
79316
9802
74825
11172
44724
18339
59764
67017
76689
33352
7168
78671
29337
92246
90968
92650
81326
54372
89382
90568
98087
73088
24387
51321
69379
59329
83891
29684
47102
20245
42856
42769
46399
17680
53940
7474
36018
13703
74490
29058
63406
98009
24080
9094
90254
15047
1744
87932
85770
7477
78499
83856
80564
19238
51528
49943
78566
35419
95978
42019
72015
38833
1139
18413
72864
55078
25886
8881
85133
16727
37939
48538
14735
62018
57632
21341
93417
75727
9272
95538
83203
4122
95746
80118
23359
47273
46412
18276
99043
42389
76646
71058
81221
77784
5822
54084
32862
48060
79317
34346
81138
33607
99235
95873
11976
73218
33565
21744
48944
59188
17282
48498
63309
13027
44968
3020
76651
91379
37647
75694
33768
14293
63103
14988
92076
85276
85424
41289
33335
64740
75634
14473
98346
91221
26697
10321
64438
60261
32065
29734
19448
65698
94583
99108
95076
39550
18479
71726
30929
56126
63771
64696
70418
26873
96035
62493
28501
81458
3782
61835
46197
95767
92659
60894
86987
19355
71215
67777
95967
19631
97510
31766
85328
92092
47226
96755
47994
65704
68480
78922
21829
32251
59969
8598
75475
56003
87443
3975
37461
91224
82162
9
3342
74820
60903
6681
10527
48469
74457
22845
68099
88318
54611
69778
96761
1836
66532
44754
83891
51363
23675
22072
83613
83643
30669
75440
55998
18111
79414
9810
25686
77927
9818
45380
52747
70720
52060
79625
35540
42868
2469
19990
31185
73431
89767
27945
91618
72650
72699
75509
40365
12725
13932
23977
12720
44600
15768
68717
79063
95182
94878
21100
89460
4695
66479
42206
91767
34890
38182
27306
77757
40651
47296
8941
14081
53414
53238
5699
42416
42288
97559
82780
55012
11490
23108
84083
72441
38876
69151
51503
50409
64028
88955
39868
68723
55433
98426
76841
6675
36607
20498
84431
93609
84145
9724
24042
53911
62961
29740
96326
21600
43650
95457
76611
55139
34916
77046
43931
73791
46196
11786
40551
26576
740
96771
11650
72524
95196
88490
79198
48154
8987
63629
58115
9484
89704
82156
63394
69016
28247
76071
90615
71896
71527
83577
43386
6442
60622
87316
96585
23170
99101
53487
49745
16192
50257
61394
88716
61804
66235
67913
26310
91573
47893
84424
1056
53948
66579
64449
22963
94825
40519
29929
83072
28397
13506
42809
51191
90479
46476
47775
30000
61929
1261
79744
78120
67870
57489
66835
29673
40075
51100
55982
31648
15344
56757
49055
69292
23335
13504
92254
34511
70374
38535
33934
98771
68392
76742
66313
58870
23218
14087
88870
85146
31699
84965
79617
99568
58806
46452
29241
98880
13903
1574
46879
29246
58331
95934
98537
98017
25789
7143
48880
96162
45677
82813
11284
14068
75907
77596
89289
99124
8034
94510
621
39733
95827
96589
55652
54632
43040
84892
69863
56942
2818
16742
2540
61148
29027
1076
75516
54815
24570
24395
67328
70246
7208
94964
665
83114
72559
6306
98589
96945
815
15561
53029
96641
12149
8680
67624
71541
9924
53839
44834
12741
70580
47373
90240
15958
64801
65755
70772
89370
90150
54451
75968
13709
49414
92984
13174
21973
99289
11762
35269
104
43674
88297
13096
72174
96976
97072
43714
6899
50910
4900
35991
37841
52272
26230
53798
33424
8337
40921
22794
98486
95371
98761
28546
44785
91744
41719
83109
7385
69832
18377
7488
13505
6673
36935
85678
20000
34006
45744
43251
84915
50643
79241
22755
19266
5471
92904
52690
30159
33824
91835
44996
29195
90595
73541
73979
98690
15259
73439
6074
85090
91815
29913
14946
14839
83200
16975
34838
17205
62718
94440
18472
29712
73681
41226
48978
95503
50482
18019
25661
84305
9853
70656
29851
16799
60548
3829
31840
75806
77267
54266
77247
85433
530
8544
271
83729
41870
51461
934
20940
62252
35757
50651
35932
76982
15980
47786
43815
50350
73446
28120
60202
60453
57970
93352
21000
78151
25192
13157
71769
95809
6755
73554
96338
31650
73824
80067
73520
41636
97352
94459
3888
33108
61461
56171
26441
77441
3957
70256
27790
93754
14727
4344
70559
89048
97695
91558
67198
39238
21067
55319
35046
44173
28872
31384
75823
19047
27802
65694
77035
41505
60152
80922
90964
21612
53444
33756
15404
57400
4011
43194
67506
35089
63889
38064
24137
61583
45973
7686
17173
67039
63004
52218
27564
8227
99953
19738
27274
44106
85431
4308
85610
45582
1581
92925
83545
55024
26681
98949
28776
47043
58494
12633
82132
22382
50696
22620
316
96668
30305
17488
80059
9661
86058
23974
17887
86010
43711
45160
30116
29141
65819
32077
74722
67399
25002
74618
38775
51682
73566
67550
98724
48411
96534
97207
70792
47229
19826
87460
60248
66483
21299
56658
76143
7356
80631
10381
9718
24341
55541
39833
53481
21359
88261
44554
5110
29614
35524
43884
97647
9089
27785
12723
73852
24318
9929
44643
87898
46107
48454
48145
12589
69753
21155
5083
77108
1785
15463
86825
42478
87355
43009
12310
25066
47622
73216
30175
77235
8739
74058
74882
34179
18194
87604
8030
42511
13884
69025
30408
76342
17478
94904
88930
87230
16058
10364
80690
34195
42179
83866
93024
45885
26875
5333
70950
74496
94900
17476
68082
3638
7885
59315
54169
26078
63270
62198
68588
77154
31222
15347
53495
65052
26603
58777
68633
42660
85492
49322
93206
27670
33188
86229
73555
76414
7914
60856
67261
2813
78332
35342
6451
86216
94657
76971
12294
57926
39168
97233
51431
86742
28932
21278
51793
55534
80054
36777
14545
81897
2451
7751
9567
35638
93979
99473
28403
18244
76680
95663
21057
55011
47356
43859
57579
58364
20829
86224
32642
59996
83456
84072
63089
12387
21701
31233
84272
18106
68010
98817
3
70460
6567
25921
22449
16897
25393
50851
35141
18424
62865
56197
89787
10220
55
47365
84936
37235
33588
17577
97230
33395
18000
76671
45782
39701
7903
46405
57806
92264
45221
57808
62723
51787
80
1523
85036
41824
68725
20176
60248
31589
92724
50034
58161
9130
97398
59448
46364
47337
77024
59945
80731
11375
36615
42864
51075
60870
89269
25233
53133
34489
99392
32208
2628
99472
33730
87663
41295
18807
24190
17894
66747
16913
67927
41259
26042
81676
706
88757
45364
94081
48701
26095
5456
1668
85310
72882
62537
74578
14466
32021
25419
13858
64228
28046
29681
14310
32060
87327
49468
56249
5221
16214
89513
89499
57473
31906
87527
74530
20662
32890
68611
85714
75336
74066
87381
60646
63299
66269
51575
77765
14642
93345
91622
78869
37742
37654
9530
69801
24980
58997
42401
46552
75211
31913
52403
49035
63818
39929
23564
84479
89170
92174
86545
64506
82591
73925
41503
45890
56546
9429
23654
71187
2774
31627
66407
40515
69280
92289
26668
10611
67637
69068
73515
59199
981
25917
8233
81150
82197
48149
65629
71366
40322
52173
52223
39265
42449
10077
85154
15346
35858
25159
2884
38631
56785
85643
95497
42416
77931
38516
53026
45567
23936
26540
4766
41268
68808
29350
22417
51004
77498
88045
38722
34172
56569
7296
73436
15370
33725
74941
47067
69582
16451
49951
24564
89587
51945
20060
32002
29875
74928
1379
91793
98863
44271
12910
40130
13078
42260
62546
80434
36109
66943
35507
70280
39863
42802
60067
71584
76526
51359
18651
46107
67809
84953
70670
73747
36897
7082
5748
83123
82009
23479
74915
97223
84101
4177
37352
13530
46436
16249
93963
82544
83191
29469
69176
39406
88623
45594
10989
81500
96953
29639
27607
81113
30943
14628
54860
67839
38061
76959
50961
36421
16789
42228
33643
889
46404
87346
14419
9191
3595
24733
8086
3137
70554
77261
42542
75528
22855
53531
57027
36159
99521
985
17271
30464
15613
88482
14654
70025
81793
81967
6446
98581
24194
56440
15822
86949
43786
30240
96139
63732
71324
4224
66868
41877
97837
9410
17404
37043
79292
90783
73201
95164
91767
6823
25627
23731
95305
56633
93756
93449
38599
16553
8381
62792
72992
24202
66092
16777
70793
62230
80508
42117
82805
63728
345
80641
89489
34101
17683
68780
24883
90883
63943
16649
14058
5922
40380
25714
78906
50487
19162
17504
67039
27542
96647
40030
51744
62738
73159
38888
41319
70018
81004
24123
50097
97701
4764
39585
31801
38798
8364
73035
46033
88659
89683
60090
10932
46414
2155
6189
96900
21316
23692
80290
65209
20338
36672
33304
99427
9830
72192
40745
96199
69547
64867
46296
67247
85982
2232
15399
41132
10596
88433
87164
15606
94468
63605
42889
40881
65759
49077
54133
3426
89120
50774
68634
25809
87445
1938
25235
13626
74129
82331
26177
43675
63549
72472
27274
65883
74703
42672
7014
1650
31105
10529
33607
25572
74133
92847
82804
56243
41923
53288
59668
31042
4062
44653
73202
91506
46590
98436
21484
37070
80766
47660
97097
60667
36483
24370
26549
27537
83393
33562
45539
30849
44090
79145
72772
34574
71992
55576
7168
30266
8863
66835
77660
29276
11487
50861
37134
74429
65649
58617
27850
62766
6276
24946
23432
42758
65667
49980
86646
49060
99893
32184
79908
60334
11329
52680
11259
99672
24607
18426
46289
49821
1612
40300
79097
29451
7513
16230
3879
73161
91198
31728
52278
13825
73026
75710
72934
38692
42041
59579
4103
41934
91763
363
18619
19443
69394
29878
35466
94000
48303
81754
60172
66267
38406
39268
95717
45918
71849
99595
19078
79398
47674
71355
93222
20699
63416
66155
75743
5457
25734
79845
63742
17496
96559
82360
53290
65952
28589
88755
76303
93244
86860
36475
59510
25265
92094
55226
71182
80295
71172
6611
59692
18845
94318
52914
55896
57733
35420
31638
79541
61153
27834
59634
95000
24393
41994
48289
90344
86934
53395
66647
80177
40255
19473
39686
65519
11566
94911
53053
91860
66082
59663
51552
1279
53980
20817
57174
28065
56236
5163
23957
33741
32996
83591
28740
73740
41936
93381
80436
28869
46775
47082
9046
87029
66554
65083
68900
94471
59994
21952
86331
42427
97966
54234
43705
68298
75050
17230
96362
47637
22392
20318
81377
71740
3908
26469
61831
62195
19849
42266
91064
82975
5699
16461
86356
88604
81543
71607
83075
41536
93558
85757
315
7875
39990
60371
76172
31391
77601
88885
79027
16344
25555
76756
4435
45814
19576
66266
8009
39424
8531
99072
38750
14230
15532
25105
2833
97074
96711
2259
54962
6620
88015
71628
30847
28004
31998
7018
75746
25950
95903
71125
42294
37809
47880
63080
83622
67455
29345
91630
23230
54228
90701
78331
84809
22584
19788
87641
36010
16498
6252
7323
39470
94266
78950
70316
38622
10947
93685
14367
36897
5939
85491
95542
43747
49722
58621
27369
17176
4318
18998
56757
58545
26051
35088
43353
48634
54875
47345
995
87724
53596
8317
43545
64214
87266
30212
2835
14565
23897
17201
51461
29835
2692
63354
73582
52413
38326
17302
85941
42643
36299
59049
17539
78701
10488
60891
43687
65362
24588
44681
69438
78183
52998
12982
42396
40263
59546
61582
54827
83442
78783
22639
29628
97826
85992
19561
66590
40670
36862
68882
83312
73161
27931
851
68213
38418
78093
11899
20132
2680
56580
89569
97215
9577
18902
55962
66191
94799
17544
37370
78240
12678
60008
7868
10503
62352
27428
93444
3021
80642
62326
2684
70154
90256
19886
38366
45025
14331
50265
65156
33362
23196
71076
30576
49124
6330
2890
15314
1128
20433
69035
95720
49462
29043
19939
59964
7746
63718
53407
27118
44359
15732
46153
14512
22339
66039
52878
83716
96721
19494
65223
30082
42689
36299
77010
8164
58980
79899
39829
60107
16683
8864
72178
66144
54258
92116
42459
62003
55834
12217
5472
192
44301
51624
14704
66639
34014
83933
66706
30734
19778
31929
77168
62466
84579
54177
86981
43558
50427
26809
20016
67109
35672
92194
49604
89929
84309
8414
68283
40142
20630
73754
56686
64930
25378
87741
47921
59391
71673
14626
6477
7802
46554
83644
70267
31132
37820
73599
91041
4598
407
11057
88058
36079
19602
37661
42359
3910
46074
10642
60404
83055
84395
33441
47985
9772
21181
95905
85515
9205
10530
91991
17006
73436
91986
3624
20919
46157
77222
11960
50754
93980
39368
38811
30058
58969
92823
88769
79230
55248
99410
39633
38302
83804
73073
86286
9928
10605
98542
11794
19809
25424
3784
53166
98859
12121
56789
36129
58277
50362
64440
9030
44342
3807
64192
90751
62775
57014
79519
42005
12261
95280
97989
66914
79084
87414
53200
5363
98018
51741
17156
34179
77164
37291
3696
92374
49411
76837
28503
7687
27198
92942
33068
87891
13101
97259
94994
75875
70624
74512
34231
99236
69792
48572
66149
65227
35985
19348
86941
50354
87441
4096
884
64604
57738
4580
73330
7148
97768
1832
31186
41317
11125
64253
29208
24225
77863
24201
16452
48486
15064
67034
47721
1207
15605
13869
66433
67941
49569
53373
18295
37009
73820
35530
17964
31557
56461
7645
55056
54228
9476
86241
95545
36953
66845
41104
77529
44707
81656
93980
9544
96719
61014
73616
97926
76618
3837
80710
44559
53405
50435
79205
6765
40606
31086
41080
72163
87547
48725
27218
41774
74552
29811
53670
27856
96655
94773
5385
57714
76428
99364
83609
89499
76729
57225
3776
53347
61061
84485
14257
30817
51271
9813
53933
91877
40898
95012
80391
28444
60088
23960
86570
50992
53770
40239
78847
66777
51364
84231
24490
44143
83595
8098
49993
60323
81674
53768
30021
42734
54605
60629
89902
5875
70441
43834
14103
11339
55198
94493
56134
15285
18453
42703
66276
72222
99294
45123
38998
67009
45705
79839
27503
29299
4289
77496
5974
85962
47615
52346
28696
2219
12975
34949
24446
99767
78783
38548
27457
33980
33041
83591
65616
51493
42645
31892
40066
58290
93366
95416
41650
39070
75254
69153
84721
79542
63000
7046
65504
10614
59391
10551
12833
88717
45499
53630
88484
40633
92177
15940
74612
25217
15882
40228
93061
74879
88471
49479
33168
98188
44894
74818
37257
36499
60322
38329
16041
23321
45374
97896
33934
21117
24798
63118
26185
86648
33099
31020
27281
25276
63312
1892
66844
79193
58471
76257
54071
63293
25735
3591
61480
86980
78408
15089
23478
55081
53417
55870
78401
15143
70117
28686
52611
94914
8156
78795
81562
41254
26167
25194
82881
89478
43437
49725
85022
1908
25981
39093
81552
68067
59035
43032
55046
53794
74472
94875
8874
44240
50745
3626
75734
20861
32311
28344
32127
56818
23491
30040
98072
49657
55233
97304
55486
15021
47028
40507
33280
89360
95951
14832
57426
54985
74215
28823
8778
48686
23698
34003
92925
90794
37628
68659
28006
69939
13354
76484
43108
53196
6523
57531
19204
78107
54835
74689
9480
1862
15196
42759
7574
11146
57590
81351
82483
31804
10174
91260
96841
50223
25263
6118
57368
79242
74776
1725
49180
4481
78209
8640
57677
1083
66170
76880
95542
21004
51569
5021
39218
83116
47779
46791
94261
5369
28141
93095
53524
54666
84355
66717
21240
25969
72834
94959
5210
63961
96684
70742
68441
74892
79381
42469
75974
45550
19349
87867
82906
87269
92887
22123
70384
40666
68913
80996
62386
13405
74091
32261
84423
74797
98977
5662
17117
71810
621
38678
35770
97304
9419
4211
88547
5151
46679
80872
67053
82379
68739
49958
69647
61625
88432
56382
18642
57344
53730
81027
87100
44172
13288
71522
35320
12264
77184
52436
84074
94156
91113
36195
7811
16884
40405
96357
22034
3436
93580
89086
85814
62318
55395
71813
23943
43826
44546
58936
17521
98275
39963
4621
42446
69602
76142
94117
81865
69677
46552
82290
80184
54017
18485
87994
70900
75241
702
9285
78676
94282
98371
80842
56599
70117
52654
96893
13943
13551
55829
47815
11826
12143
52435
70623
81744
44929
64740
79960
30957
27643
78602
11141
81659
13438
99134
52558
88678
99836
61843
83706
94117
76565
80899
67067
63033
33552
63960
93327
47102
36140
41142
75279
48282
9928
62254
30025
54856
26993
26336
85813
54635
4937
13305
36294
18374
12438
5203
23404
28625
83397
7109
39093
76313
88007
6160
39346
37910
86471
32672
1363
22610
90165
92994
87243
93
55247
33619
54948
82239
59954
57112
53225
64891
70416
5870
99616
99206
27425
23019
27830
10821
46479
83275
3486
34485
5786
42831
88746
92256
91854
6461
31217
82019
99454
18459
82111
54700
52077
53410
53290
28382
26874
6514
9624
13641
28736
9240
12846
56160
48610
57028
83332
95089
40302
86817
45925
46087
45999
34671
54694
37853
57483
85910
36223
56936
20720
34685
11635
89148
4446
81276
17529
31319
87789
43505
44960
16524
52744
74157
89035
17705
31184
72367
12793
87837
59183
75070
50275
5182
26092
4968
59386
83574
7229
11960
40509
27948
62996
68495
33447
67441
49770
50976
15112
53910
94480
60071
86786
63575
50579
75820
97631
81763
64538
10424
85951
23721
1845
36226
45254
27936
57545
20991
11509
64774
49302
68369
9073
12297
53215
42520
79737
19336
9847
94848
73245
4326
71270
76382
84252
38201
68554
81882
19963
33091
8657
22265
73163
10501
58490
34768
54788
16035
55758
66296
97160
5059
51016
6232
17355
4230
48751
13444
23565
58597
24643
13162
79274
12265
89543
63525
50465
74448
61759
86779
7539
70415
9043
97053
97268
67533
31821
52055
99919
87578
34703
97078
8989
85718
3309
42695
6300
68412
72490
46216
43360
97133
59377
22634
9397
65272
2510
76213
56071
80620
62991
63609
51035
88385
60662
64654
72269
92482
16708
72187
96411
67762
85616
21751
69832
5277
64446
76131
90040
36935
38698
33399
50419
14427
72384
76167
79698
74894
52379
52120
55513
31721
15729
22899
36458
92742
3904
8726
1575
36964
97265
14337
4725
82880
36088
74556
4508
16885
67038
94547
70171
5736
44298
20590
20162
16681
13108
16211
91574
81839
68330
63439
13559
410
2689
50016
93151
6593
75094
11077
43556
72358
25414
64632
71589
77853
39188
92449
11089
22577
3347
81259
28312
47644
18200
48473
64325
31308
81035
72250
13146
49365
35688
43056
66126
54729
9424
75629
77673
869
86705
37580
89578
28470
2211
61166
22674
57750
69966
33762
80327
73313
31373
24990
20956
49572
89815
85280
97231
70849
57530
26728
36565
9569
86136
2691
80649
95559
78319
58321
12779
81375
12252
2356
9845
14463
63521
32518
88564
49839
82632
85242
23151
14004
26584
44106
79927
16398
45738
93510
3598
19619
36589
40163
45539
22724
59205
26188
34634
53875
860
47412
35249
13112
49767
61445
43926
29640
93963
48841
79478
92946
50435
18980
23301
77018
63085
3227
93415
25174
13088
13364
44792
49677
69878
6683
72400
29082
32870
23386
82956
50081
70797
34557
79544
36916
96001
23469
66555
6315
88662
62384
99260
39096
81363
22560
16113
60799
42139
25879
85973
55226
55594
47116
21254
25472
53798
10006
70905
3019
33391
53861
53100
20539
88417
32643
57454
84417
72464
40360
90732
77477
2743
6343
16572
84105
28903
49036
61256
87393
91266
63580
42618
46859
10695
63872
88682
80845
73877
59587
83863
23619
13447
53314
44157
18215
85957
1611
18983
74772
41970
26066
52248
61065
48761
85171
61521
77663
34206
22776
65055
41823
86355
24024
88681
13402
4247
77363
94246
94475
53301
94460
18093
83099
47774
62250
1313
50082
80212
36647
41205
38533
79065
93452
15949
27825
78622
77470
21839
29179
16597
3245
71001
19304
43620
76033
32705
47867
69747
43302
42341
23047
37761
76786
6145
85534
55387
23809
51967
51950
76808
93171
90482
55872
2974
22783
48
81595
252
38238
27125
16848
41482
14477
36151
85101
90510
85207
49319
76608
28508
8012
16007
66269
84797
22151
68154
40183
62312
36473
92132
39119
29643
98965
11342
32617
21747
27741
30563
38350
65978
74040
71550
23811
88516
24052
25263
95377
9259
74582
71985
37766
82593
4343
20386
83741
42845
4892
40275
5156
41364
48758
60626
87358
47722
88319
19974
85821
16059
66889
40522
98388
40928
12071
38550
29443
36123
63813
41172
61733
54746
29508
15850
53690
33850
36236
37430
76694
57479
77704
98202
15194
26461
58827
2551
90534
63498
38877
92706
95908
5765
33228
10648
46692
61650
49197
92486
97772
13009
33657
75856
67754
79516
91706
37795
13365
44293
75224
90059
1771
69279
4612
33316
12091
79790
35866
2625
43287
74742
95330
39195
96858
44909
66194
43549
6559
15390
52387
20682
44751
2395
96538
12504
81911
4595
66651
11627
48887
41874
18037
67009
27505
22648
324
39595
2438
36189
58571
45724
27283
70253
1270
24140
15161
67463
84041
38071
99205
52779
58753
43955
55173
71642
72810
53435
76236
39460
65062
25122
97686
99450
8482
25190
22098
8805
64784
24535
61345
23355
86610
4979
93607
4232
29119
25119
71694
29511
63190
70898
82289
38294
31204
53813
9935
4014
23600
86170
43473
5013
27643
41158
4462
52476
66347
26559
61280
47483
67445
38976
87189
54055
43955
97147
58286
89425
22265
46331
35287
85454
33581
17575
23747
64784
87739
50033
68797
27690
52554
12270
32702
80196
69779
37164
32671
36126
80074
10302
99960
47519
65630
87148
17925
25936
84294
76210
15360
22910
38892
50646
8364
72472
84572
48462
37256
88662
98495
22404
16352
51048
34673
65405
47596
20804
18920
96618
73281
98994
23272
73240
62864
88901
76739
80788
14836
77384
73349
46547
293
12240
13544
25008
84712
14467
73470
38319
19480
88316
60722
35831
55715
11747
17588
19662
32550
36507
32632
5830
35500
55903
95421
14715
61155
72159
95502
92342
49542
68850
55240
66186
97442
85135
91194
98505
99601
64663
36823
19080
69330
13896
71263
25044
25642
88850
44706
74543
25356
93689
96724
77208
49591
92144
8274
27097
80654
3776
35790
46547
88977
91029
12733
86418
76163
3926
84922
92115
84940
38096
11194
54269
51992
98808
95664
93985
87657
56721
84880
29365
50409
97955
22924
16351
6451
31197
43447
87104
51324
79236
50003
40301
86616
62735
43070
79130
83012
44344
71244
84303
98791
98790
38571
50782
97597
34234
61119
1606
7307
62350
47322
57715
60304
70245
74066
66754
17793
33864
53858
69117
29452
20212
25769
16067
99298
85190
95197
82309
29533
82792
82963
28324
81581
21533
95457
79178
72118
72927
97135
79424
35276
44456
53491
95580
14700
27556
78685
32492
77771
48894
17960
7222
69105
43728
23289
68402
28918
34837
67062
74802
17628
50024
19477
99209
87908
14934
94738
76378
4212
91872
72153
39488
36327
25643
51419
67378
69550
46455
16221
47321
95349
34181
54542
64453
94260
94182
49207
39529
29018
32620
14331
62998
98996
33807
78558
86903
65092
73295
63280
69304
81518
51785
25143
34196
77427
92913
1573
63329
39367
34145
10649
51067
84677
81542
15520
78937
75724
81078
18465
21093
13697
49147
84090
12692
99306
62647
15947
64397
52293
95578
50052
50162
47362
75194
84357
41141
84458
2281
4469
40177
36426
31469
91243
21102
13010
23114
16390
5085
20543
51207
26178
34240
353
26619
63283
99658
5618
95581
80407
57910
91159
30458
24424
54872
22004
8780
96012
22813
27413
16832
62989
80190
48300
70584
17643
77662
93697
34033
82746
14240
1591
25275
64831
18295
51894
44465
34305
57511
40046
14711
31772
47556
61520
56195
18779
83523
81327
31143
22688
25091
47974
85676
5280
12626
56259
22922
6639
66308
73306
5736
96899
74896
47363
61729
93191
99256
22545
27495
73118
78942
58557
21241
26497
20076
93788
61628
19951
91466
92770
42638
16556
57095
44665
21835
69720
924
61108
92710
83583
34414
98446
80481
25661
45808
58561
18851
61415
81105
62697
50884
60047
21253
72124
2895
57681
82263
64522
77631
73728
57291
36620
90283
30738
81284
28469
16809
98559
89577
9519
82141
40342
24316
62621
66002
86475
21181
1205
47889
2286
63901
15124
78684
1506
3599
81578
59186
85862
46100
53168
59589
19742
89787
66224
50479
71070
11044
67288
69629
16972
93158
68121
57313
17473
30742
39667
3947
68274
40871
68187
86911
21123
83310
65594
22628
3260
63524
98165
89121
25975
51332
65062
62068
57470
47637
28899
28540
58680
12538
14520
75652
5695
82640
49316
39519
29733
88982
43465
14359
29852
28003
1269
50975
27664
83215
89954
30923
63090
4471
20044
89064
55802
1457
51131
29624
49093
96381
58163
7772
8918
89034
99775
14612
88025
49091
54130
17758
54424
13946
48468
84276
41948
66088
51602
85963
49302
57907
16886
28743
62377
53281
17806
34531
54737
85289
64154
3829
81669
38668
27952
6939
27701
27727
21550
32077
93169
92032
66186
47592
22329
14653
48219
80629
80741
99820
66591
46394
74079
83476
75137
36455
36756
9294
70985
7844
10934
35138
11672
8955
73805
39624
15893
17857
83702
53794
49934
76870
62177
16119
24461
84506
47124
72680
65134
27864
88851
31724
74257
62929
31552
65745
15736
84659
75039
86720
92503
2324
38210
4174
11278
28366
60149
27170
62575
43850
97316
12508
37071
59492
44978
77884
43997
92101
66915
25482
36316
72117
73558
10573
51398
5109
92669
67133
89767
84059
70204
98621
86383
8413
19147
97660
36779
79295
41182
15705
39497
38497
28212
92919
97988
89541
70802
58337
97994
54068
83818
34309
26185
57375
61233
77582
62483
53902
44714
68602
37960
14917
67222
40694
39682
2720
38354
92812
82015
79535
8516
37863
18031
53079
30781
32370
58971
17935
90706
56964
72002
74524
7625
14538
31898
68857
92119
10733
39110
53184
95686
93422
84453
79259
34115
40486
81979
88820
33297
80345
68354
58164
18207
2736
11242
65339
35106
70212
83273
42163
43528
71627
16686
51152
86164
64936
36360
94635
92020
91822
64170
4057
85243
64974
83315
35709
5459
81645
24529
55107
61989
9234
13270
96547
28322
40863
61886
63427
27427
61510
5589
70954
33136
38627
22105
35652
19914
74816
30286
28285
66637
10807
32341
68231
75781
32007
20292
81239
13652
61172
52698
91992
70405
65967
4891
98726
6830
66776
78504
34256
44637
445
21561
77773
55423
60017
29776
75336
34832
60061
3620
17821
70867
52312
86051
62999
84318
22694
60590
14321
83865
13287
6313
70622
79253
11203
85699
2434
94330
80555
53041
38966
80999
90953
33090
52773
50969
62865
28108
2153
39277
48079
19973
26496
16742
22375
5846
1059
45069
66435
31732
45285
79721
38044
15906
75326
65598
17957
94111
76279
98511
63504
31596
79509
54456
81038
32281
5425
60254
76740
7577
15883
41170
27549
42378
57911
66275
48223
75321
11343
31010
7052
56628
10730
61447
88885
2407
43396
6841
96518
19674
5351
60021
67622
1211
14476
48659
49843
36252
8912
26582
43828
24794
84103
87728
83523
42013
54003
48098
33686
81697
79107
57089
54676
6188
18536
43561
8595
61931
50401
5112
97957
72104
81484
81930
73314
95959
30588
39509
32211
55851
66090
92390
96997
66545
80118
96871
24909
50472
44968
58594
32168
40426
15683
86844
46614
50570
30404
55208
28852
97156
76671
26808
85611
58154
8737
75277
70464
55676
14785
2674
27879
97226
11416
41227
63770
91533
38097
88679
58356
99417
63624
90523
39842
95658
93718
2807
46227
40473
74366
75079
37629
51036
18238
39591
25541
43327
14867
96005
15354
29651
15030
43232
43229
26445
84458
6998
34329
38907
12028
92684
38323
92004
99559
94516
87661
93276
13675
50240
33749
88040
41670
87729
55428
76259
27319
80968
19585
58538
93324
51291
4540
8354
10874
47768
51150
11684
54766
85479
50590
83145
94514
5264
75148
10424
99779
79161
3700
13453
29400
53800
17845
71069
41528
89624
63679
85198
70591
83264
43735
80267
50906
48275
4972
61779
96042
56121
73462
67159
57951
40403
50304
68817
45666
41803
79240
61797
20963
82939
91601
66714
36738
25797
54134
94617
15420
17813
79815
86011
1076
23549
82629
68333
88175
87600
30111
569
43720
19925
67727
18023
60327
34382
86839
22345
76185
66078
493
13499
49017
92093
80213
2106
17890
34346
96723
33309
52158
92889
35671
69585
32789
34651
37917
20964
22250
84380
37884
82322
4304
5610
344
80982
56344
87182
19678
48880
53259
20170
62378
18627
28615
42590
37085
46504
93288
33807
96164
45445
26695
48187
31382
59483
82837
69298
96798
21439
70029
34681
3760
74332
56643
4103
71666
12986
91284
91343
61865
60894
27865
40594
79521
56479
83184
16605
19334
92823
66763
15497
38267
93457
80035
69648
69291
79224
55298
82441
662
25326
17121
4421
16010
73763
8523
4027
3100
16158
11721
81316
77051
39585
21910
56571
96063
21445
89527
15396
14267
56289
47245
52533
66097
27279
38533
51740
6502
10182
34180
23515
51859
51300
27935
84220
41415
52809
88246
44514
68966
99967
25830
46017
39551
64091
18939
51966
85535
24818
67361
99801
81106
14605
68685
63555
58236
23569
15294
81089
33750
49473
4604
1961
17124
32538
86180
58538
1699
74426
19404
70664
90744
61585
33032
46646
25675
68323
98611
11209
9492
65972
11009
90597
96928
96045
70503
55163
19614
85796
36252
69715
51620
40855
71675
68744
89744
57855
43633
7794
48632
79388
94810
55727
40972
27841
2372
82998
12515
983
94206
22006
83306
21566
28955
80233
17611
99457
51748
53576
1605
4351
23290
69576
61557
11317
54671
51300
85523
98304
75446
50506
94043
70255
6232
35015
14447
8603
34364
26962
25937
28570
65319
9242
66487
10625
5827
449
10082
73926
54024
28038
78276
93666
97613
39832
21334
52284
7483
6856
66939
82928
73713
77333
53182
79944
28699
67629
4898
63063
10942
30835
91632
76260
56428
58118
3237
62254
74919
29670
36179
45294
57707
30806
38959
71671
70637
76644
40306
94472
83499
23596
77399
73563
929
46933
53506
29627
14561
58404
92689
41854
5590
672
34465
62017
75142
37701
40623
50060
67370
93153
95353
41428
23959
50664
13099
10947
27307
53404
5418
27158
77000
99169
720
94280
46101
54226
23906
77013
28981
32947
18866
50922
33618
53330
12938
8759
91031
69912
58818
74752
63065
70523
16180
3375
21186
29278
14321
48492
99033
36091
75649
92384
35259
76369
86663
97711
46946
26921
74723
92278
59867
93588
43199
93484
63269
72488
18595
70651
42400
77412
45403
21816
64286
61582
41542
85471
7211
55862
33963
6243
8304
25963
14979
59914
18683
1641
57624
81980
44913
32346
74257
4779
42285
33807
14615
5554
6295
33209
76204
65046
26972
21606
86861
91258
99539
28402
76728
6749
615
27042
12992
25271
69357
44322
85184
88039
45962
42808
70019
7227
91505
60627
12005
33790
10786
42971
55695
17080
76179
31898
82125
19503
69856
85337
10760
69394
30090
3839
76143
47056
47233
5486
72326
16589
49807
57510
20979
12120
16669
7349
19346
24525
67976
47703
58314
78761
90673
14008
12192
83204
62258
10668
2706
32113
96004
13465
1506
42445
33655
77648
89500
80887
99485
61826
13827
49291
35687
34806
61411
52355
42154
97108
76879
10129
44810
51545
5241
51835
81904
17432
35038
44161
44451
37743
92625
56806
67559
94131
99250
1213
88130
88750
98452
87615
50575
12278
36905
2613
47083
14667
54967
89237
11775
48197
15717
72936
16093
37310
24770
97997
71093
59807
58509
15544
97549
51134
72349
81459
61616
71599
99024
49745
76700
97475
37359
43626
26104
74264
46238
73187
5282
17556
78775
33408
65752
10843
6344
98197
48152
31113
12545
19245
7272
71053
34788
21172
38538
23488
2631
153
95086
18006
49898
88137
15480
3608
31762
57935
94223
77999
47473
99505
95554
26247
32912
77658
53442
55607
92206
1593
3072
4750
20837
10343
92154
71976
31514
47044
95464
50496
47196
6901
68501
13445
11390
332
33405
43151
58267
27627
37502
22091
27131
49407
48338
76395
43416
1779
32001
35621
19723
35072
40370
56912
61766
48876
28887
9632
95919
40702
76479
59466
63955
44980
89263
75344
61663
22667
18494
36281
50293
72347
58372
93776
21754
23061
86522
65169
41191
34874
790
60913
69946
57511
17824
48063
22738
63063
57694
18656
20116
50525
94474
84070
11856
83736
59413
73518
6402
94259
26151
73046
66605
84522
66821
88358
23934
69694
69879
65124
4568
70668
26036
90865
44530
60212
38927
67268
39626
12973
2275
59741
63497
96748
43811
75352
80483
19575
65221
3236
30185
91371
76282
96790
75892
59454
1499
99825
29148
71377
81300
33715
58396
23688
24579
2926
251
79857
70193
39876
92829
72467
99616
56325
69215
59778
48028
66049
95705
13249
69285
25889
4619
45566
39030
96863
21371
40529
13039
50518
11905
94339
584
70301
34378
25162
89578
34628
5019
76122
74503
14199
64940
90470
86876
50506
66600
34903
16555
62304
64503
85839
4544
69122
47756
43574
82336
85478
84102
95374
35996
12358
6064
36579
99010
56793
78093
88587
91420
83111
64708
82274
13661
29648
72744
536
96505
55695
51791
13059
34350
16293
15249
38893
1766
79356
82466
84101
64834
82919
95827
17181
95277
18242
53759
10638
75035
31851
99225
66454
31313
80284
65080
61326
26283
37823
61861
22788
9869
30003
52198
44218
46296
67447
83110
64413
63154
81928
48514
27987
81198
60692
45167
76474
95285
15278
3464
70319
63480
2688
53125
94793
99323
18204
56118
41958
72378
34330
64745
82246
64333
16942
42815
26980
740
25924
91392
80246
24203
56257
24584
5401
33300
69751
98226
28585
1380
1689
15255
64859
20728
68379
76003
20051
2934
48472
62008
91663
99154
43104
90260
79838
76397
33074
6817
93489
75350
14560
73734
99552
70817
98317
21304
4116
84419
19530
49052
2150
37570
64307
67009
58298
49037
59363
94700
51971
7835
73059
59985
6988
32514
50245
3177
8910
99670
9993
18750
75019
24552
92483
90923
11720
7152
12226
32188
7922
48107
81239
10072
2029
61897
93432
60326
10934
52794
71377
79256
76980
60787
39240
319
93300
5836
3495
2209
5506
13487
20959
96876
54391
29793
87798
82462
53296
16376
31001
61218
80834
28592
71289
82862
90488
81072
59539
1421
33865
47267
80676
10845
8053
36268
27515
1352
42103
31010
19913
47608
60848
57223
44484
31590
87015
48633
30404
56663
65008
61404
17880
62194
6347
5520
45055
96835
86591
4594
14607
20455
68212
11635
47651
76265
47902
91518
77616
90004
22527
13880
53964
99726
71102
14799
31316
74469
63431
78071
31131
44791
39474
49010
6984
62173
70881
68390
59007
57471
89335
89965
94277
57547
1599
41928
33811
49500
33445
27778
55856
72323
41658
26171
72048
29111
40969
19715
3579
20751
97785
34709
81893
53611
70
5228
15783
70950
89970
74789
44772
79304
64753
39049
36850
82704
97328
87012
32203
47124
31142
4410
19446
72799
30580
7845
1909
87900
43912
21840
25003
41696
72900
6895
95306
72970
28475
27440
60271
18444
18580
5043
97747
99685
60443
50949
82388
57770
54312
30942
21245
85453
35352
57042
74603
65931
64886
92864
70183
25149
14703
95185
66845
87602
18431
78502
76923
46905
5942
53546
81700
24521
74940
95799
24205
35382
63099
22944
9503
17410
53886
30747
19215
89237
4140
10169
71519
85377
3032
41701
10526
34086
53237
93722
38040
71668
72223
14962
34924
94516
84859
16624
35389
59798
28774
75945
11531
91872
98889
37385
25633
52774
84483
44847
58362
88622
55016
29880
73999
74399
87933
84524
8485
41169
78245
46524
29188
66819
77837
64112
61335
62696
97087
13075
38845
25860
89019
50376
34083
4259
87760
59715
57032
72243
20914
31745
60864
92281
61625
51214
66679
65909
35737
91515
23429
30333
38038
52617
97152
32227
33080
74838
94922
46518
87912
33766
88729
76930
493
22811
81189
88253
82525
54572
76847
3438
86317
54062
95718
64293
5276
78749
30201
41012
70263
53629
71345
24653
22597
84848
56879
55676
59685
68152
2193
47596
1917
7273
40877
18762
30083
38417
23366
28960
92989
212
48749
95657
54273
44467
59949
75900
39567
6501
16912
9829
76481
4608
50833
99078
5807
7711
71105
65491
75862
89650
29438
94131
96922
70314
12892
43357
8731
36257
72316
18071
36468
21064
13727
7092
81882
90027
82992
21448
12879
16255
47629
89359
37214
98461
4788
59372
22524
92245
24862
98385
98246
70651
92515
11519
57316
21758
54875
66046
58014
27190
468
10833
64606
30546
34277
46487
36924
17268
84287
49802
49874
31915
55513
3439
46727
76652
62810
69250
85248
4023
67635
83493
74673
76501
11364
31988
98259
66238
14386
56272
9780
31205
83457
74385
61751
17733
37223
98674
51352
21509
64828
1225
53423
36692
21015
150
13343
83824
69399
98591
87846
53385
98435
78870
29886
9798
27209
44496
92388
41594
767
18519
72799
84223
92903
50901
18307
46477
65926
69658
67986
30753
70882
37760
67444
91896
37909
97139
92071
23660
12081
96268
93396
10515
75137
23281
36665
2346
67776
29052
60291
84895
47570
49441
85469
56824
341
3776
3300
82619
73433
87637
29723
60667
25397
13519
68914
79657
10657
77337
3316
22737
73604
96712
33251
65093
36344
86267
83790
20472
15318
60432
21718
79239
9873
7186
52414
26565
27313
72066
9183
17098
59702
38906
94116
85098
52424
79381
64755
79432
56717
84422
2168
46673
97485
51770
11765
33829
38037
11906
70652
69706
72337
92369
65297
98561
15906
17710
25126
59571
6127
50660
93020
65829
5917
87135
50926
74692
82867
32032
54123
39584
16454
72642
86256
13938
24412
14372
64118
78800
42629
51121
64857
31317
43489
30153
29878
75747
64215
71355
51669
70341
22014
44688
52521
44283
48174
3447
18974
31040
51830
89449
86975
68283
62090
89582
98573
2853
20305
79042
98004
62933
30163
62861
94250
90003
9365
40479
82101
89931
11833
33769
76624
33846
94808
29144
94480
59333
48942
13454
6725
772
19254
93699
85406
81343
99633
83978
548
19937
79372
98551
99222
9534
77763
9823
99536
3480
50301
97989
93410
62133
31757
70033
12330
42917
15529
6810
2249
64470
36615
8973
65241
55868
19024
66999
53562
18656
67328
54109
54944
46699
52660
54165
56232
46774
63987
72120
50253
14287
70108
43663
76419
18216
30047
5101
61132
61927
11910
63381
26397
64876
72353
7989
20743
7728
74987
74304
26383
42315
28413
81327
5365
97424
35491
61597
44197
15830
50068
94450
46468
20175
54464
39239
38390
862
44339
15874
62789
72600
79254
5537
37475
67958
13525
58217
75686
4864
48872
2068
63530
77284
99746
68894
91059
51589
46842
35256
67418
96909
46057
30237
33435
16872
69475
88177
17733
13813
4050
96873
86412
83303
2409
23886
67612
32286
98454
43297
53501
47326
61717
17030
40961
61462
2275
32020
29402
49117
83627
13171
62377
46035
43408
95812
62906
12882
83988
96990
43047
88037
93863
29458
87691
12623
69696
55302
44908
84501
14951
98408
48178
76667
31789
89139
54480
34064
37510
83882
99532
21136
97052
78260
83522
40459
74071
46427
69693
74410
43416
12739
78798
53630
58548
66488
66253
44595
38142
11160
29096
53092
25920
93625
46110
74060
82763
589
24475
36624
822
40358
74111
97874
18618
57632
54684
9040
4058
24376
83450
63826
53466
78599
17455
12014
61439
83707
72960
99580
11219
2055
69023
53490
95680
15132
27549
94794
15720
68376
31418
16542
8733
5528
30767
27350
63160
85450
36390
83569
26178
36191
47394
95995
14789
81201
8008
76227
64907
80968
92158
92477
99374
61180
62318
11405
76311
6219
22551
8383
74594
53968
41276
83326
75847
72042
27028
55358
73843
79769
38927
16372
32311
2672
12367
47099
83872
36726
39678
65131
17693
31835
73959
33419
9367
36277
44823
85677
42495
67373
10411
17088
37692
51686
16765
29891
40079
60144
85248
13922
39912
40526
46645
88574
43198
59011
52025
43421
12089
91702
8551
29781
39888
82510
79551
65606
35138
40726
67635
77632
24450
78045
11071
62142
29731
44187
92032
86161
4331
93631
16434
60594
34157
63079
49168
93706
38441
17544
37126
50529
9245
45677
96662
65484
44538
92564
31090
79675
33289
98724
73658
57739
93120
1080
36232
39202
45266
44615
25363
65948
38245
41796
42894
72401
21226
8413
66106
59667
25956
19584
26547
51552
65260
39560
17035
26149
32124
64476
22175
65412
79551
12184
23150
72671
13263
75733
11872
74880
20347
37234
57180
58592
95382
73
47344
16607
24837
29802
92625
50792
49385
35524
18695
30996
75083
52081
73496
23558
16557
95670
88970
96107
7853
28471
85129
37467
4204
97001
12346
40902
50586
69525
99493
45967
85949
63189
62574
10785
92990
71550
77928
58726
7073
96622
6073
82156
48703
79568
5713
81611
91589
11034
94069
15793
55857
79198
53259
60060
76198
81956
961
26783
51481
16806
72750
53781
96346
51675
64566
89335
23224
58845
64412
46649
55467
70484
28804
20521
66403
50868
2131
57991
78254
96199
90135
34110
91748
43393
10521
67945
41700
27833
94728
9532
60990
83829
63313
57335
51855
44230
63021
75078
3074
27432
38078
74892
14267
83233
11764
97021
34101
30246
71363
28706
42797
61497
79167
34544
4889
89687
2489
46589
33871
13568
56120
94861
13748
35784
52195
65602
80013
31568
57031
99439
75351
95109
74330
89618
78341
86094
2990
28793
16339
74353
57498
75487
35849
36664
10031
57090
42702
12519
20030
76573
42438
92501
87785
56185
28285
56331
21786
8297
87898
95168
7735
63249
90276
98417
69218
68617
862
72207
13761
33552
46559
87611
9039
82408
40626
19069
39497
83328
47939
59526
76252
90376
52026
64036
46560
96662
36718
84697
4959
24616
79864
29045
87864
70140
43813
73433
55108
44674
45639
85220
78226
92198
72830
87264
90957
13456
6332
46805
13135
70622
22682
89386
60997
74707
69773
23908
87721
6490
8604
9031
47457
88467
38075
35320
74958
98240
8752
46417
42913
70743
31637
21138
62940
20818
24753
70248
34273
47436
17052
47407
18057
39733
53144
79053
30791
39268
2960
18511
45758
27915
27541
93214
16382
81968
44886
7691
80207
69989
70460
23119
40731
18448
60609
20022
39265
85361
90269
89890
49149
23672
53648
67205
63404
6792
46258
10547
62411
65569
29057
24520
93484
72950
34086
26217
54917
78971
50259
51475
65311
20718
90945
22394
39165
67905
42415
94782
53266
49036
84671
18766
72707
38318
85970
52463
61461
32227
63009
23872
14148
8417
64743
7631
81366
98828
33847
52634
94150
84105
4108
59461
21175
95053
81854
76691
62957
40620
71472
32574
89655
72494
51339
78714
27164
53661
31176
88624
85887
10536
28847
34
18952
9942
24016
