10000
318
8769
57862
52951
2919
58319
73411
62379
79493
68463
60584
56183
47771
1203
27655
96697
7210
16500
64387
85923
43663
18047
33450
48639
20286
43985
93837
36671
62936
3778
60687
79605
12547
34900
32556
15465
93218
5966
94195
89062
90780
54778
45245
54902
55980
89251
67950
63189
5750
32337
65463
65765
66735
98912
14403
3372
59248
8239
56395
22184
12017
33433
18140
24563
68332
67047
56379
77902
89364
50573
83315
80143
5350
28559
51397
77681
34161
19346
57222
56263
68034
22684
22027
51121
21596
36429
54492
80843
61019
10886
19378
89387
44318
37518
13949
29002
20916
86679
23255
10280
37251
6569
6774
58952
51480
58170
52985
85640
93868
10206
58254
78253
32889
80280
45725
70836
33060
217
51679
10431
27454
87408
99817
88124
41277
30118
33477
62193
16796
56731
88824
70399
79651
95597
45702
31130
70119
98686
16770
63986
8891
75023
58590
41780
71655
4315
12615
21066
20883
80645
31496
64688
84405
31313
69163
42033
61430
2639
20577
94577
75721
9400
64975
55372
4997
10677
86501
75115
25714
19622
55452
34605
10997
30393
92736
82651
34707
21702
3716
71941
18699
51564
36629
3103
82876
22143
61487
60657
24782
82064
55233
16854
91463
36560
72225
12811
63588
75078
87925
89301
94699
59728
23905
5695
90121
16640
4697
41179
54694
24765
29472
73392
76328
82452
92846
75555
4594
54332
52563
45727
36395
7795
62581
44210
60706
51157
57020
24293
42586
61297
13594
37285
21024
53850
59331
27496
70490
64028
85027
25183
5144
30850
14926
97823
13301
7771
73377
34246
62102
25939
79973
98497
50085
58905
42706
10791
26413
16077
51435
68999
77373
65028
6283
14749
18878
81965
58596
5719
62344
59974
47253
67487
90823
62178
65309
20475
69948
55037
54721
32049
97327
34693
46897
63764
9949
5954
90906
36361
38383
42340
5359
15755
23720
27993
46855
42597
9958
5451
64667
72301
65424
11919
56140
72599
90448
21448
93073
60395
92837
47793
8795
90163
98837
72044
70278
8785
94349
61183
45146
32731
3523
66856
64838
27242
94849
11692
86190
21158
17142
50856
93458
98918
79126
49597
71516
85925
87397
80940
62671
96585
45085
71465
3099
43921
59860
73377
69058
54209
34559
30555
3291
38081
97410
68128
81674
8610
79820
84215
29767
13313
51422
23225
12230
30547
89173
97
32823
92921
97389
95493
89505
42473
66958
8956
2745
43169
82332
71802
13729
16890
2356
17020
71323
16118
1499
52996
24727
97670
37211
54494
10983
88632
94070
39564
35531
99594
56013
68353
8867
53401
80198
14723
95873
47155
23678
14969
6675
6009
86771
36756
22899
5478
70127
10573
21595
71625
63568
62674
69295
17130
17167
96629
22114
27588
36192
73996
43533
92204
58700
52399
45604
38897
67122
57828
2403
7151
72797
25430
13160
75919
62185
52410
81396
32311
62982
2991
3935
42901
65664
89581
76383
99182
86209
14848
43121
22401
5195
86653
30956
63894
55404
76560
19143
38877
50739
37897
46027
39887
63326
75538
15805
25510
44299
97201
57820
23632
16543
78107
66533
98558
67687
59267
97739
70248
90466
57211
9000
95660
60215
39955
75905
15618
32866
95047
54494
83605
32944
16873
23491
96269
8762
55648
38131
53061
52848
12302
76692
69390
90408
59576
67947
74447
35194
82037
44694
25659
39247
53693
21318
15813
93647
97223
31431
26513
8621
2276
26469
57916
35500
66311
70537
44262
21958
8667
97322
91157
20968
90365
76898
11376
49941
61196
2174
1486
59584
46867
27145
15182
559
64814
30995
10557
62036
62425
53421
87009
81052
96241
44924
16552
78904
15460
60813
17213
40478
74486
8370
77798
64850
1619
5525
31142
62815
7698
48980
22398
54564
76124
37580
71474
40937
84926
98382
19325
47350
51803
22685
44753
64395
67608
61304
43298
99420
38468
60511
56249
12953
85232
34046
94155
86850
39570
41648
66016
47267
90627
4766
1830
66750
58697
89655
24039
43622
88037
59715
7323
39839
82399
52075
4233
66358
13379
63883
82129
51846
24393
38378
81151
9624
72423
75305
12825
11993
33304
78841
75611
23931
83606
77441
7032
42302
83447
47422
2275
71483
7136
9597
27673
5886
61671
48258
72244
91401
12140
54372
43247
52884
9101
40749
78859
81524
32405
91683
9868
65708
86875
85478
89638
86832
79270
13022
29133
62717
60443
47759
50551
83931
57355
78224
89816
19026
26481
78411
26778
54972
49135
70024
7855
58235
27124
86713
56110
59528
94747
65977
25236
81622
67807
31225
68453
63428
44246
13938
26144
21041
61696
93047
4971
35403
71270
11138
70780
14102
89549
97557
85425
38683
83933
9631
13269
11056
12695
69379
70584
7441
51707
12171
5414
35865
43395
90219
99293
87641
4156
41788
25033
82203
34834
30003
33957
22455
41140
4736
52908
47040
2293
38332
2074
86225
64314
15343
13632
77008
1073
84215
84449
52779
12737
6214
88644
56132
96432
4288
60124
16939
46075
85156
15494
80909
15158
49450
19715
72649
54186
72623
36041
72830
27306
38114
75406
91620
69808
89037
68627
70880
89604
69427
40011
2340
75641
45006
58471
72072
49293
18594
5363
95367
20101
20856
76275
51610
70305
95990
24259
24490
84964
60299
97319
12269
14764
72724
20240
84572
78113
88867
71803
67716
74645
11813
86407
50285
56818
44878
38709
6110
79823
44071
1477
99924
64926
94103
51533
51582
6444
92143
76072
91407
68793
89742
20028
99909
78818
40267
84480
73282
45485
56282
40997
20130
68095
43755
86766
41264
4984
25474
47374
84807
85896
48850
1082
67173
59304
68966
18755
65748
77461
11178
73506
46253
17271
93533
46161
96088
50152
46992
85721
95636
19626
26717
32117
4072
86824
18883
45335
91807
60708
92708
76613
62956
57909
94046
46480
33565
63012
65234
99312
40472
92763
89169
3076
10034
99054
65589
22473
49205
12580
8194
61192
48557
51262
9661
52628
38085
28543
97963
29892
5602
7022
22856
84909
81283
33254
31389
14847
12617
12974
30510
69440
5737
19678
72515
32122
18731
54455
70946
84287
67035
79139
61831
15591
46753
71491
84571
1189
16385
82533
31080
38338
5906
70288
23247
87188
3541
70987
18386
32509
83960
65247
1948
6048
1277
74462
54521
20007
28917
25467
20646
12303
20957
98828
44245
84061
70318
28815
85250
3054
27699
32681
41391
49957
19320
80989
53496
39212
51975
71882
71720
52287
53480
73667
58334
54756
64481
29207
91115
9749
54673
11760
22051
91981
10587
82647
76042
97256
27814
77643
309
71864
10323
58051
21820
45995
39040
75316
85206
91014
63549
56926
43300
17028
30592
17986
71784
95072
47192
62898
4820
18216
91009
43222
26548
17947
25869
18941
15202
70034
96583
31862
41897
23258
6264
63717
85604
45303
55384
70809
52669
18932
27734
12320
52311
58326
46657
24094
53397
10200
3343
74569
44767
94351
17790
71315
28649
60010
6607
60202
30043
19542
92063
88292
42799
14679
68360
28402
59981
23743
15562
29001
59026
43296
57673
11336
1621
4329
51782
71369
30881
55124
45937
75647
65827
80079
63313
94475
40088
69920
54677
70131
89461
63091
58422
48611
77769
43133
93364
54102
66875
8925
99454
42252
52220
57126
53587
70192
77807
21720
57913
8687
93196
20201
685
75374
279
63998
69848
40367
33917
40876
26849
23377
20319
1622
71987
14439
44754
65350
84892
27980
90626
698
70231
42846
57823
40169
29389
51981
61889
87301
77019
55084
7502
77704
30457
7780
41701
16656
64498
75617
73884
7698
15345
10554
25671
3683
41344
70424
85384
26236
14755
76009
26933
84985
35206
1107
25154
64595
69440
87042
51895
46458
58477
75748
24161
5285
99880
82213
21940
80729
74181
12175
88427
5877
22728
14097
9559
64072
873
94942
6659
15627
70951
49943
16964
6156
51049
42117
70750
20488
45510
38997
83298
3986
31096
23810
25622
30975
6023
63913
11704
96555
76088
16482
2432
15167
46930
11990
95590
64154
6932
18600
79781
94234
68542
96744
389
35943
55212
87491
72782
721
42839
56079
21058
73934
79889
63031
21261
2263
26943
49316
98817
19382
65797
1248
34549
29078
29590
46490
93232
52873
65090
89364
47106
49983
2459
63846
85925
57670
51336
58707
74742
10526
31137
12151
84460
11025
75181
22072
13287
18475
71387
28456
37857
53535
46055
88757
82612
75644
35246
92195
28516
16687
97910
91973
66670
368
55819
68946
74389
23506
27652
65482
34032
58789
93984
34843
86165
85516
56914
15804
3991
44652
60611
41847
98186
6665
46955
97149
98661
82200
5696
43528
15239
3605
35501
98260
3973
7671
67205
94713
31176
11209
60195
81559
69997
54178
16401
72513
39694
89666
4668
60036
50669
65278
18234
48854
71943
65188
62355
86955
63739
68050
30482
78977
88006
82334
77236
91978
90004
44441
3043
37532
55649
63237
19090
41997
33766
51843
30861
89811
57860
35529
49846
8529
806
68079
73734
89100
33266
36088
76054
97005
20489
22888
92333
8495
5221
69569
16824
11577
30361
19866
49108
2361
99454
68197
44357
49572
36391
91569
39382
94251
27097
89228
2779
44255
73658
92864
49706
6924
28952
42112
20280
65792
64999
12612
90638
86571
98532
7462
98147
45244
43679
63606
47604
59485
31803
91960
9056
84545
99881
48437
78795
26977
54016
97925
87583
27674
90789
37289
50949
36092
79400
87580
1883
60750
16543
92521
47320
15075
16334
61819
60318
76364
25424
24274
52200
73578
32585
77607
58123
32465
26044
53269
59442
96411
51194
47024
40436
58334
664
7736
94425
96415
95315
12659
57164
11858
21531
20836
43284
54216
82654
19953
46932
24429
44226
99131
14359
76811
76738
72481
25627
19133
25749
85068
31895
93294
48444
72331
67979
65459
80066
78755
61874
91733
91414
19037
19942
29296
39872
79577
99864
38877
99529
46795
79658
60107
62277
94016
53269
39014
82848
78895
74498
24948
80315
6393
18242
45110
95075
2572
10568
91492
81327
72441
83224
89092
7830
3165
18387
64053
82741
34602
2930
98622
81396
98939
75080
43673
92954
44700
99038
75801
39946
73536
748
20260
96280
35341
81721
7706
37913
92289
99197
35591
81081
82421
24682
88910
1937
59420
69315
1030
94022
88596
99651
75417
87534
91082
35441
96839
35781
34479
72639
75726
24366
89738
12338
36997
25079
94058
44702
79343
86346
60250
14933
83779
42670
39614
89040
60959
15385
58354
61988
9406
46949
77990
1175
50834
69071
52967
47672
21203
3797
20310
96928
28162
10048
9265
81510
51478
19675
42563
30820
6020
2813
62104
6150
61834
18069
95190
22792
33453
69895
84779
59211
16844
79120
76737
67677
48190
29703
15349
85744
33500
52010
82672
78013
78409
8288
59523
46238
27962
18437
93409
50334
21249
55512
72835
83083
89932
68024
5874
23385
37919
7005
98947
71114
86124
75683
55142
50666
5385
86842
36409
55236
55204
35432
33249
33612
60072
9123
96202
4385
27559
89610
71070
48808
61474
43905
48242
51405
28280
54115
91141
82550
77471
90087
53663
79947
82121
25157
30612
3858
11998
83372
59093
67201
35156
92341
17165
95227
17815
29718
99611
45374
19327
70681
10533
97152
30937
58774
48557
59216
29240
56049
41766
23063
62488
11780
3009
44608
36936
49972
48465
65286
49695
23910
32486
84850
16250
66002
80076
50417
95719
96039
95790
31398
66719
22674
44901
97655
81447
93457
73222
27038
65858
14987
50100
28345
26767
53108
72952
80054
19431
37769
45339
69126
61678
94177
53975
94279
60178
34051
44695
72249
46441
56836
19998
13159
79509
64898
27165
77307
74707
16738
4345
40564
31725
54444
85260
74843
23904
74563
54896
43334
12331
235
12459
90360
10763
82786
991
87292
16836
62037
59540
79628
35225
95889
92786
31085
77139
36302
8392
51845
69391
29088
8760
1115
83531
10371
92309
23786
84933
63557
83472
13616
80143
95930
20327
90905
78715
21317
78196
11902
99706
54088
91529
34930
49976
666
66014
43466
53319
74405
95310
22710
19844
20421
40176
3375
30791
48837
43512
32076
12393
26983
45691
92535
39265
66017
99791
34331
3686
77986
46233
3391
32073
54113
54672
98401
71131
20685
41866
40801
11442
53528
79862
31285
90300
36390
51011
37443
85226
94523
69518
13970
37857
31560
22856
77121
97576
22646
11452
17613
631
74036
21003
49056
44500
75674
63808
31982
12711
22025
72783
24152
91904
68996
71788
82204
5385
22799
19646
6962
33673
5515
20931
71529
37074
43786
48650
51001
66431
76453
68614
83414
50488
89616
48821
11339
81642
28980
43321
94352
51004
32455
34855
42908
17802
6642
41463
23187
45792
77460
46500
79464
82974
83783
67345
20047
27568
32346
87399
10351
8798
56012
10116
75637
61980
75288
86975
59973
4267
46647
54324
55270
79101
5530
14529
96903
12171
55991
36441
74315
49802
82940
53778
32775
83074
21122
69173
10642
53467
56572
37344
78616
28935
47459
54252
90914
22746
41227
50886
43364
4225
21561
14985
83326
27090
29514
96580
55613
1856
33020
29927
51658
32311
56
784
15385
21178
69957
42378
90996
42880
79721
69612
71814
43531
40215
79080
82628
97793
29965
25991
2018
67878
40975
85343
94967
86840
98274
66931
5048
31293
96857
73057
79955
13265
73840
11691
50794
60148
54068
41789
19379
50140
27752
91193
93670
84319
86624
92649
82111
16588
34991
84128
84465
92318
85822
95784
79157
84095
62714
84204
31739
75923
73612
11694
5539
47452
23384
56332
23951
93804
14472
43330
43943
58576
50874
53965
42894
37497
46613
25004
70436
97956
25484
71253
90273
27657
67036
69429
11752
46101
69985
59842
38375
43596
87887
43913
7399
27623
16596
31350
21426
31068
74679
81720
89643
41904
35684
32536
79400
98649
73891
49835
96604
15726
37439
86876
43383
20826
72656
71486
66927
42640
31327
21653
2588
19214
81918
26338
46836
98513
57687
84613
29580
48717
66332
35574
90620
2016
84461
86371
17016
74704
36206
13619
90429
89996
494
33811
10822
89501
5296
77748
32141
52975
15752
51080
72188
97669
77417
35375
96182
51456
19987
42113
172
86318
77687
7144
4685
78499
93514
21700
53202
46071
35318
43631
36067
52163
77441
46888
41664
99089
24635
90156
52063
56738
57587
40602
54407
35003
75976
66940
2810
95962
9052
2982
98631
3090
26477
3316
81589
19990
25015
34790
66061
60333
94772
2127
28847
88565
49014
86862
87653
90000
77017
56067
46737
50955
96668
17495
2310
88995
84434
5119
84956
93486
24452
83586
12927
50928
3253
94515
70918
28268
45657
53330
4952
40428
71808
33798
28992
20821
37012
16644
27172
30380
89062
90260
81335
85729
7755
83644
74723
92188
88762
76030
2025
29566
75968
14952
80493
79220
25818
67762
23839
71474
37443
28790
11902
9250
78940
40893
46422
15951
73889
73593
46330
79302
63853
44016
65031
71607
27659
56105
80146
32773
48487
82171
62338
24454
97122
59182
20025
22939
43296
43864
10765
80738
89005
22666
6340
67944
79910
52761
246
70150
26354
46576
49452
6558
90591
30834
78164
34602
86938
58309
67374
51776
56831
46063
76229
70304
21596
12606
9595
81243
56469
20359
78333
45473
59376
84672
29769
39285
37432
30014
25787
80137
92941
75238
86694
99884
22423
81209
34485
25712
55870
18210
77488
12700
80624
70068
99356
2219
82673
8950
83462
55493
45660
61794
17318
5035
62817
47086
60671
16600
77099
86457
96737
70040
78046
99782
86275
468
97343
20759
42532
53212
55320
20019
82263
35943
90086
81618
38161
72759
6919
37974
44603
52578
16119
61920
73964
78935
9005
34635
11887
2456
37443
8623
88847
31841
24756
75121
48660
22098
12231
91191
91661
67550
11209
73924
3492
17647
71893
58004
6757
95164
12330
51359
64093
44800
13279
38057
40087
38635
89043
51973
57442
42837
76947
46288
74677
1702
37760
39689
40152
66342
30879
31812
33891
58440
22087
53734
76086
10332
11738
82842
5495
40419
50552
69587
85218
80182
23995
25304
18817
29389
77276
92610
72226
54222
55250
63254
72276
93009
2942
12427
59351
50173
60590
9593
8612
82677
63327
1049
93008
91416
242
14854
48186
50793
84440
33403
47327
24787
75059
82495
54175
52334
75104
26400
22908
30353
6006
95183
39714
8947
23961
15416
75471
84550
25008
434
83578
4686
1482
76585
12453
18075
7790
60638
85220
92230
10393
32546
33368
85451
15040
87542
37784
90143
30294
77043
36848
36299
88577
92913
61597
28889
8328
37068
13439
49687
37501
13368
70725
55335
6305
83177
89761
14094
60167
74980
22675
70559
23877
56042
72361
38916
59936
26496
45411
6581
3539
98610
42879
92115
91522
20827
37356
99849
74246
50794
65887
11747
80513
36611
83433
86817
36140
73193
911
96306
64525
39937
83216
88401
12331
55576
27317
72266
98423
89079
78846
1961
87688
38076
10428
79209
58902
47783
95409
49500
14928
61295
61246
95440
14258
61030
98609
50397
50574
15871
63054
15098
55807
62621
3499
68137
18196
30815
56754
32970
36245
51951
34931
23932
90026
61710
19492
65280
9492
14900
14779
40771
92546
92376
52562
6803
69757
51170
73551
20330
83392
36604
35428
55551
99224
38926
23687
33771
86092
96793
66741
22336
48743
18023
62619
55121
79732
82110
36752
5575
13361
67882
46345
5906
76609
15258
29061
46365
66428
2611
66694
66171
55567
18473
21721
54790
73750
61760
4913
59841
58552
71653
98528
23646
89675
61146
78766
85758
43255
31869
91332
72967
99750
54028
95225
76358
69285
24285
39074
52064
43247
22120
18235
98813
40592
39955
69955
14342
18066
74867
90534
76617
62871
89062
16615
68897
50207
11732
54654
9814
43601
62337
99132
43350
16364
94356
36060
85648
34992
75133
54064
94591
97252
72298
93403
54196
28604
79709
84889
63022
54575
75422
55990
33797
80835
72604
2693
31042
84336
73698
57207
27936
36034
56338
87637
52397
67046
40048
54397
2037
15181
8460
12979
28784
97109
6382
99331
42064
2442
84219
5085
73369
59641
61075
7165
40475
33678
9858
87868
34365
83555
61426
78652
35941
34116
82641
4689
1161
22688
59085
19549
54220
83896
48880
83004
81004
55261
82334
23068
74054
82905
44504
47422
42545
5578
54587
99371
55608
80796
3591
89972
80702
65016
68624
16642
15483
51264
21331
32995
73951
96767
68896
44523
80663
17775
27526
61666
89387
26211
1085
63440
25467
45589
10862
68011
67518
65448
83734
23125
62595
87324
13097
43296
68691
98072
59938
526
49335
97620
33520
39637
94386
2415
84159
75048
20189
28036
53066
25927
70599
70502
89367
96065
16090
16580
80428
99960
82027
80513
23084
60973
67836
52532
4268
52878
50603
80557
53403
16289
94528
3275
72278
88914
5689
56436
80313
42230
824
33378
68156
87774
20232
73874
190
52673
90453
80617
52632
88831
61129
75716
49803
45316
28247
54071
14546
78850
50979
84300
11490
45507
87574
83767
34420
9615
56555
31084
51844
57378
80814
36351
61503
1045
10225
61692
53717
677
58661
6349
89508
36141
98416
55662
97809
26662
9732
28706
21863
77063
13005
49705
22569
16931
33471
73340
26545
90025
4423
78388
63754
1588
14738
41608
2632
41314
3300
72701
41991
78312
79049
47850
30804
77464
3511
28612
20477
29595
73669
58692
6657
86674
8396
45577
3604
41866
18916
30148
48243
39690
24887
28348
41278
55976
69956
60261
97290
89607
32961
55632
67918
28361
19833
98721
22176
39695
43685
42653
69289
17353
17696
92297
20378
42443
37873
23981
84308
73140
70480
48902
12830
11718
77250
70459
67694
47205
30719
81335
36811
63680
53318
21080
92040
73150
36152
30568
12844
79836
73220
98485
13541
7267
90781
33918
49709
45006
74251
50368
18145
61082
99270
47326
72800
92871
17784
56845
56427
48503
38179
93237
28534
91496
30668
36925
80997
66819
67492
10192
63007
57063
8676
76547
64329
15809
10464
14037
60814
84714
80757
95310
62148
96378
42636
34947
89248
60419
91791
45674
25273
46321
55262
53806
54168
85929
90731
35164
69099
58222
61707
32105
15285
70383
8651
95965
2543
35467
26354
79708
36532
7110
75017
98679
3487
34004
33625
92734
10775
41767
54759
36047
88087
10020
89853
42254
12300
80583
77417
81398
55156
55476
13503
70440
25858
38505
82757
44752
73971
9110
40811
26855
16219
32179
25533
19705
66183
75510
28790
76957
17276
83548
13003
21715
9919
19207
63968
22218
99789
57737
19967
71297
13212
49821
58088
55421
88326
40844
172
78648
49953
57334
21854
66171
89512
47387
2227
55694
39248
47368
32650
72875
30915
62005
94589
57185
81211
74909
95754
97352
32645
15721
68648
62208
65541
26735
17628
70218
67579
34151
48866
17531
91484
87071
54
80995
34457
2280
53041
90056
49648
2042
62931
96914
64046
73871
70451
61609
48779
66204
75312
97775
98276
43959
59982
63817
87045
77609
50386
54623
28111
15603
88506
35946
2674
4911
33293
53482
7190
86333
43538
73189
88374
22820
86455
68772
96690
56905
46732
61821
39460
22043
59595
37736
66001
19577
17904
53045
13537
68289
24020
58000
83892
28877
93945
86565
33787
27237
40046
57328
29921
83583
46869
18295
22754
33323
3418
35796
6579
50149
97616
46038
72191
57210
125
38191
93138
18028
7587
23027
86317
47958
97378
70208
93186
91322
56772
26972
34911
96817
652
64831
96752
47520
99477
19505
80842
2894
55300
3772
53042
69267
49809
41584
42829
49934
96126
52318
84313
20065
75344
70629
68022
72721
40836
77560
80395
13959
4531
15305
27128
5182
96487
23879
69053
95964
59735
49894
15209
31387
53665
84603
17005
19826
26186
59833
86111
38664
12151
70423
58728
3846
41052
26749
76567
98239
20660
73313
12198
25191
4969
55677
46724
1455
95907
15777
13770
55641
82022
45331
3379
52039
46285
36736
71864
72470
96568
57974
11133
25070
44748
86212
28916
85799
29313
21834
390
49972
95146
28939
75162
16466
84615
38238
34272
80521
70366
64394
52513
52387
9724
55892
4425
56008
92627
92640
44829
5546
66965
72314
30616
11713
58525
75883
13863
87837
97716
30604
37809
9213
59542
29322
25678
44156
83911
59949
24676
54276
24342
77189
23015
50417
49432
43791
22776
58410
36431
67605
80307
19747
56270
10922
47811
14794
3156
61674
18983
871
92277
73143
26435
68171
18816
52112
12326
2727
28413
53354
73354
69106
30542
96368
19523
96325
40159
42298
71086
92941
26254
51392
12687
82523
78666
60498
13669
81821
38523
49003
82692
47151
38497
25478
15321
57312
93942
27647
76390
22354
97352
49744
7811
27893
46111
43685
40569
2621
85983
11654
95561
28588
63045
24600
27463
58062
85097
41131
39883
39971
6485
38926
87121
44981
64403
2442
2292
58344
46440
95034
97049
43791
44777
4860
88035
7239
48544
44955
26212
50878
56608
38124
79466
36004
62723
6928
94066
64171
64410
50300
4141
87246
89225
7614
32226
53627
26407
50869
28323
89198
45902
25371
49340
90678
30230
53726
14269
95126
98680
40480
46003
71639
78603
41820
23994
41326
65099
34411
21848
45860
84710
42341
33105
73934
49954
65330
43913
76360
16199
72235
65557
78452
13957
14896
69130
60539
68621
99750
55664
83652
40229
18018
55290
35183
76190
79283
92860
41288
13694
14708
87148
14755
57048
20252
88689
7001
1934
48953
99712
18132
37539
65268
96583
51495
96515
82064
12033
81487
81813
84048
65138
38393
2066
36779
73576
94607
32413
66435
35894
62458
81142
23041
77213
54541
59645
82253
61541
61578
31205
61252
96061
68743
42871
8995
36589
55737
91059
48622
53575
89223
49021
35064
43968
67438
71842
17543
62044
20607
329
97938
83064
97823
37330
76628
52363
13326
58880
30256
74903
6436
7859
87315
91530
50730
96310
28119
22818
3720
76740
76393
9294
42112
11456
53261
9550
99650
87155
71593
20256
87484
85882
3319
85306
39564
96299
54020
52889
55178
84275
27792
61614
92134
15106
53143
59215
27767
97613
82032
31486
90704
74776
40780
32816
86232
10392
42365
85881
97547
30309
22488
85030
32543
42158
86687
72106
38456
40706
24994
93634
41333
52785
71599
33466
84243
41093
9032
12009
38706
91063
59847
29409
82191
626
62224
68422
11017
20940
70654
8563
67601
93141
9944
143
35298
12982
72248
73754
70040
97241
83739
11372
66378
71689
61189
66972
12781
70220
78980
67838
77634
38826
13599
59824
55803
92174
28245
66820
13114
15250
91734
97066
24742
18030
97208
76392
47363
85807
66497
17402
99399
50235
28773
65776
38275
89961
32747
67407
76532
28079
35245
54166
83256
48843
13989
39059
41016
58586
22230
70481
73835
30315
83898
14929
48344
81105
91320
95707
83263
57816
29460
82662
24402
58233
48437
62676
64545
97536
30082
41077
25614
81678
95242
8869
30520
25582
64279
87888
84167
86508
74720
58002
16823
58618
89282
81518
56074
80601
77224
39337
38416
23036
38350
79169
81268
3138
41844
62164
673
88277
19592
42638
69955
31185
67859
16826
56767
32137
21065
40933
34997
95785
15286
51819
70754
4567
49688
43179
85167
43264
82515
39934
66299
37216
19102
47566
40354
77297
26081
41026
65574
45673
16
35528
76857
67874
52353
49975
16362
73418
90908
51358
85554
22545
19528
56307
27112
69216
99485
28630
12479
98352
84916
78777
51919
4017
26342
92272
81314
68774
49650
63239
30798
49665
98766
24007
33890
67470
73981
50251
57239
81240
1609
42792
3785
21136
15450
47248
90351
31287
92229
2829
45990
77144
81605
97908
97513
24298
90180
95178
9424
56181
58416
40221
5845
73533
64227
56086
41002
54560
6336
98241
35799
24296
57384
55935
45432
89186
3182
52134
20472
95411
54963
82813
88906
52919
80720
86418
93569
87251
81595
2992
59783
40010
59564
81979
13542
23791
38064
70896
78350
44400
85488
30500
68695
59223
86435
30478
48408
89616
82612
85231
1378
53926
68043
90284
23196
65115
93053
16764
52365
74648
36107
12148
31009
12023
94126
60903
35813
48542
48150
30514
92941
33637
61013
77987
92859
63799
8465
41267
53415
7428
26497
71144
61353
10892
77779
900
76006
70832
34016
44722
45479
70122
73221
92839
82144
83699
53741
34308
32240
18242
81173
41532
51878
58538
19518
44737
22336
44334
2355
92102
68113
45203
79598
45817
72446
57376
46717
48451
28207
80732
93173
90037
67205
66393
82876
65701
50091
52968
8
98682
71210
97533
40213
39439
56070
59731
527
94757
20416
19233
86859
88529
64436
66456
34345
53233
23831
81061
1684
68390
78144
11208
58426
45349
93952
57653
11049
44043
26973
27408
59076
14534
24940
99289
53972
97361
75371
70851
92118
95786
90083
78976
666
70870
61783
51363
24103
1965
48775
25786
70354
26919
53345
45132
72267
47296
19136
99667
7690
46108
27074
66766
76993
68366
66054
30965
65726
41424
1815
57843
53561
8249
53170
70579
79119
14952
21941
3221
33269
70715
45358
3622
13985
98702
48753
2603
45997
67889
2269
53687
30348
45695
20452
7341
14060
2857
54657
96137
60632
72823
53980
14192
81071
23501
1122
60189
54805
23062
63409
88073
10129
8766
91694
40465
7467
56799
43068
69816
41039
45336
23502
87738
7382
60305
95078
21441
63161
49734
17578
40144
38908
87909
54335
19979
27761
71809
80167
82565
94870
59928
70637
21350
68693
78683
61815
92512
35481
4882
78679
92871
66569
18532
80608
90303
78836
92038
11743
58348
41771
45672
98491
80679
49932
69177
17009
77693
40985
97175
60257
52207
57102
47246
73556
42147
25928
51722
51010
61408
72955
29688
70630
55876
64571
51237
46178
43406
43274
74272
18105
1397
36296
32947
98427
86227
2123
15435
80271
59460
28961
56880
11666
86063
4125
1573
44561
30052
69647
11922
7811
42601
57961
78440
14828
22531
46028
61005
82288
5654
51629
392
7050
87924
33338
21828
90502
51812
37262
70773
11271
66222
27652
39288
68636
31776
57213
29548
78179
26859
41469
85989
85811
99429
80780
16991
21959
26807
77995
4246
32460
29623
20989
55861
33898
54326
77688
24400
22490
31301
95172
50112
13875
39175
5752
98862
70950
62964
28410
65480
6174
69878
51468
8336
85659
32247
25326
7617
75405
19673
11863
24217
65647
49203
96429
99545
3529
74117
23944
42370
21769
35467
92481
51995
74641
14584
50857
61942
77547
79266
27421
72
65495
78888
8408
51153
27486
50085
58770
19242
69757
86984
43458
35404
36186
39887
34948
56066
30355
75243
14787
52123
10709
23620
4118
85349
38203
71326
47290
32102
50591
74710
32173
32437
69949
56932
83590
13786
7017
58711
33027
93125
62046
76485
28528
14583
32723
79827
87001
63077
55069
1787
31551
82129
25406
52020
83829
79961
23345
31118
12062
90287
22179
60586
22724
8479
17518
22665
22264
40886
97727
71643
34010
59772
48127
78890
90706
97201
58716
77706
60277
30137
95845
8179
12265
21250
60199
96094
1210
83543
43563
29623
90182
82094
90209
29257
6924
7726
68273
45540
64963
65999
17182
98972
42122
81660
94213
32827
78860
52929
26885
39136
99417
22729
47314
28033
43978
23864
24126
61540
23759
84041
91162
13940
82486
97722
59548
89409
21799
27820
34948
86761
93818
68481
2085
52291
50140
96297
85117
28999
65577
28353
84486
64993
51081
48152
93026
11411
72015
33503
72950
95773
33895
80463
26064
16380
94537
85611
22141
16335
13430
73440
19448
23599
41921
21532
75889
8412
34180
77358
37411
99757
5710
21896
81101
56791
86399
74126
68201
58414
23981
57502
54186
57875
54316
80250
90607
65204
82212
12747
81539
95642
2538
986
35592
60810
22517
11481
69222
73048
5190
6632
72804
10899
44879
53905
84041
31278
44382
68593
89691
68362
42446
60228
42589
96762
56829
33195
61965
39041
62293
59855
51034
81182
60840
2977
41992
99708
14457
11213
72756
35998
17844
61911
46897
79074
32167
30937
10351
76549
15882
16393
61262
58327
92973
20202
71440
66153
69748
33405
5193
48392
9611
72578
29574
86803
75555
71565
86510
6363
82777
75617
42361
16972
53880
5609
12397
86046
52897
22748
78946
68778
55492
56560
27105
64816
76761
98544
30969
46509
48300
36161
94900
74263
25091
24473
61065
16997
12389
63926
23359
11517
39543
82071
28488
9774
87679
40885
95819
40576
79984
91117
25705
51827
47676
52809
16643
24436
67705
47611
87296
32356
123
98548
6618
25213
39372
67682
58561
51761
31608
81920
63277
87502
80342
8117
97275
68021
49001
9445
24948
45336
16913
50652
97162
64588
19813
13804
5376
87517
77766
9023
19872
77889
7570
42842
19453
46942
10523
78014
15054
58482
76285
78330
45983
56626
86446
59609
40998
51798
85406
65945
97133
2318
16597
10647
83258
52761
40802
4985
40277
18568
14007
76500
96456
37929
19341
32260
1222
46216
10273
16275
21049
2909
10956
83384
59535
97402
59344
532
65551
44749
82829
62684
63419
15777
89682
63028
68537
30483
68012
8813
49050
98370
1664
61857
52650
37357
94117
53871
99924
20741
86497
20972
23650
97453
4355
99536
94854
63699
67
76756
24799
82895
39439
4569
15023
45472
67596
83559
75955
51959
8723
41356
66681
10387
3213
19330
64095
13681
89553
64018
34421
76049
1341
58070
89853
5696
57605
1058
85746
74024
77814
10544
73270
17252
15113
88293
62724
99060
71851
55030
51019
80574
96385
34051
7312
99597
53380
87758
13277
59284
51775
64050
51685
69467
38471
41537
75162
96076
42595
77259
86451
20408
4155
59720
54011
35619
64364
33086
34678
52567
88115
2048
49492
84500
36098
56803
448
5830
44560
30077
65113
12686
10478
33149
82152
48948
74686
73666
61375
17280
50924
47825
54039
71430
23897
8049
7048
4612
41135
41726
57178
45601
60125
6669
46452
96223
63471
46900
18404
24382
93328
83516
37067
3805
16665
35571
52752
7702
9236
14127
24981
76511
78303
95371
47941
18551
3419
54988
23163
44553
13065
80340
6506
73190
87009
52957
85764
66831
16208
4167
91213
9535
4034
44631
29691
37050
96553
98795
44751
5788
29273
86083
82299
23927
81453
46591
42478
1224
1578
65640
62128
30995
45979
68633
4184
49339
21590
6299
16170
37797
26817
23734
63684
30850
84716
9726
84252
81269
8520
29002
3408
54144
31437
2058
78071
29241
48648
20548
30464
50226
2539
92592
81220
48517
61224
1755
14208
99165
24405
46729
36962
51221
70462
16997
98422
71529
43074
82673
69149
67946
28027
72557
22089
75815
74614
16511
5055
23262
53410
35519
89839
55948
44462
87410
20817
5685
89164
35024
21202
29920
81752
58163
81140
68565
91511
79561
56445
34584
78586
25594
2529
22964
98150
40970
98778
89115
57480
3832
12376
10890
55702
2214
66837
16515
89623
4005
38552
95138
55380
59753
25057
37131
34267
22548
22047
25777
18461
78492
76712
97046
20437
79241
20009
34938
36562
18786
24052
94041
38969
36428
21282
11023
54993
4471
27537
60968
8475
66088
72457
63855
25840
13866
17337
60106
36413
55736
2234
54873
50579
78946
68270
71015
74538
88278
5952
27451
23415
46355
21491
78736
99134
59125
89758
54127
63595
17294
31446
72069
99734
20254
52275
41925
34119
85964
18383
70532
41699
20616
41756
8629
15913
10026
79643
6802
14655
1946
50604
38070
48300
72095
33157
47434
31219
22914
17912
11165
56559
65709
99585
72644
85962
51860
14569
20081
54175
32951
6964
95873
69918
65071
4501
2183
91448
495
25336
6103
18792
75940
60524
67091
64386
93680
30876
95604
32945
48787
23120
89503
14495
22704
62147
16809
90915
93067
53241
45089
26017
76556
57313
12286
41626
78165
14468
33074
78659
39804
39176
13802
32095
16051
80893
96480
9730
28120
8435
42674
93259
31554
48528
24105
54257
27026
40913
45172
20092
94153
90260
62460
70708
63925
74746
28686
42089
89213
61759
37100
45368
17286
50901
77462
33336
48145
90293
59417
76265
98727
18442
69523
30280
66969
93627
889
93995
50892
46060
14086
45044
52671
92898
32104
16595
67643
60789
75036
73207
22547
12135
18575
56184
63035
12388
89519
11180
2681
48935
3796
1407
83728
89670
48039
50696
83296
48927
61042
34187
11338
91480
95583
80360
84377
44038
13307
52019
4826
88342
25225
43724
476
60151
99907
79862
88891
5777
7393
7923
71063
11188
25681
54790
857
73719
5485
505
22645
82879
51043
50334
74358
46625
30694
75086
90662
44000
27104
11839
32341
68680
71914
49168
45183
71820
29029
34073
77596
36422
58347
65010
47609
84027
19799
64818
57746
41636
65322
96742
24514
16364
47076
15223
79341
77769
90308
86354
21768
33763
14545
70460
18794
86458
19627
63976
58278
48655
14400
52225
85076
72746
33587
49037
56773
53385
30206
30870
11372
11879
43963
52237
28242
91038
67459
23934
85158
74118
26640
6925
24232
41184
93736
59378
27641
13362
23353
2270
62017
54105
70847
63444
43202
4433
28832
16326
74169
59037
47195
85541
87267
91158
54129
31861
98547
37940
55794
83705
12057
82433
6981
52641
39968
717
12018
83961
30430
51722
86230
92446
22178
73428
72242
65380
94212
17425
81705
68381
92814
45252
70273
80080
52761
24401
11940
67659
78692
84086
51363
90749
82870
74696
59741
22838
91764
88110
6798
22193
39831
9379
30991
78361
99159
3232
43740
93370
37008
41796
78102
29821
3399
64726
9901
72511
5479
38192
40170
84170
22277
7884
91270
5147
98931
51010
27984
90694
55471
51133
12887
11654
60511
60229
90014
59669
79812
50105
69391
16819
8252
47492
46640
28003
28570
72892
513
34048
11083
57034
18217
33360
81270
9487
38506
80200
76848
82841
70894
32319
33973
132
60324
10835
60360
50337
86856
40171
441
56246
73341
25044
20089
36332
53046
48658
9223
69911
82705
36658
26944
17274
86369
24565
43112
24874
4765
19959
24066
92010
68629
74390
8493
28952
85224
68852
95640
88431
25374
96080
44676
15066
37476
81117
51398
90521
29774
60620
60431
28831
97277
3727
46104
83645
44643
89215
24870
49407
25525
65287
57768
94154
39676
66260
39457
41252
51463
35097
46034
93188
47528
90710
8254
85003
88178
59651
91876
17951
36622
68658
46781
50251
88736
9236
50247
33379
98450
91469
82785
40327
56755
56905
34480
12783
23164
90288
70386
74627
25384
16419
67814
89264
23480
76067
74266
11657
52069
66141
45960
88691
51151
9092
38941
39886
18328
89187
73264
33129
80655
72401
73455
53762
29305
24286
66544
68820
30926
36929
43446
56309
69699
27612
45572
93179
3678
36190
21187
72099
18682
67146
60789
69832
92590
16081
26070
10917
5267
15685
60397
2274
88085
50204
56035
33741
90841
38930
2561
21766
92210
46006
94427
61908
73617
56350
71438
93647
92539
8977
82097
27573
76122
42885
13756
85063
58965
39825
12331
80583
55510
72728
82856
59946
39283
55242
93687
30123
94171
96247
68241
2732
58604
62667
64640
48573
19016
52429
58571
27907
61405
40667
55479
53879
99903
69234
38941
58867
9059
51272
55801
80920
40351
38657
40865
79633
10250
34551
26107
20773
47149
94347
23504
5753
73365
4495
70677
92381
56924
45599
36639
34680
86265
92117
88558
2519
77702
27499
61385
86760
95122
33537
67679
35472
88545
8544
31456
98795
59446
57562
19567
6595
68261
59422
28699
41625
63917
15727
50357
20840
61325
86995
55519
63941
95463
60429
66459
73165
4279
44195
59924
99400
77731
43955
51223
82628
68850
82678
81422
44647
56591
17340
67593
41203
76761
96291
99180
40677
28369
49536
77868
6045
52883
49739
69985
48345
10167
52795
21509
14445
13341
97785
30196
7424
58091
97770
90051
43292
80447
87824
87938
53389
5163
55531
94592
98275
68173
10123
38952
96542
59658
33171
2586
12540
82909
88923
77237
9427
58069
98745
40223
71410
12881
70418
95185
70971
68187
85235
14262
64985
73058
2200
34726
94572
74082
45669
92846
42254
55791
48149
55147
31800
81320
74085
44340
80580
63007
37928
90007
37427
36672
30229
8836
49553
16999
4020
36875
1537
5606
51137
82874
95015
69688
17599
89586
43769
79619
98784
2374
35409
63284
57521
67208
60955
31605
27899
41535
10963
65826
47893
48389
18850
94473
73577
84754
11471
93948
21628
29360
99554
89116
12233
10920
58803
46183
16858
18923
25801
15641
21297
77561
95276
78817
44768
56231
26773
89019
97765
37735
54844
62009
2475
90045
56481
76051
74798
84304
86351
96426
13663
85904
85541
42247
13175
60696
88429
30032
79618
14229
62024
914
8141
57300
96082
52908
13530
22854
41926
27646
76940
13122
89654
79415
3166
62486
71817
94316
46789
58167
90741
60451
60422
92633
2697
89949
53328
7477
19980
32946
38057
98356
50211
46197
55655
46293
99105
85536
85498
57382
29533
78790
86855
35538
74556
6373
98023
46372
688
44812
20891
7780
21614
97664
412
40663
87612
70092
48139
23944
19389
2548
22299
69599
48744
94305
32243
64200
79840
17741
37934
25724
96530
24788
61261
71085
47512
75635
33808
64551
36798
71050
72330
58412
68714
89094
15426
72677
75537
79916
96620
94925
82463
18918
64523
31207
13222
96766
95406
9413
30858
33339
35136
27387
74479
12748
14823
21990
88383
64982
2893
25180
36032
91574
99943
21097
80667
15368
93773
56203
95284
90393
51127
77746
9310
32002
8952
38884
28767
4358
48296
59624
54048
99784
3362
28526
12531
34536
66868
913
99517
86112
26093
51900
77685
26035
72996
58352
57755
66769
30906
53038
57161
98385
30783
82822
30386
56087
21705
75504
76796
86353
51479
30843
86136
71192
75721
98666
5727
58940
15931
21595
45051
58375
73495
22735
761
46490
97438
58515
29610
44696
11552
86770
43080
58687
85944
89817
14773
24000
65320
91568
10352
33150
38762
12839
4341
14482
27857
10067
89773
43787
48013
51175
18513
21507
90262
19273
84349
4051
77788
13958
48746
5691
17080
8177
64377
3023
97993
95501
43374
79664
87068
53726
12813
42182
82916
17153
73015
10772
43571
62788
70910
91584
13962
89422
13090
20575
25047
97438
24626
19186
27748
73371
24876
44827
81548
5605
47849
95892
1105
91222
75556
4525
61299
88368
46706
60567
5521
19720
87690
65443
98859
58600
57026
29173
64373
86468
49747
5771
257
74372
24956
28004
64095
49832
72830
61994
71788
37030
57885
72892
44604
33440
93768
5902
21808
40473
82820
43680
76545
70510
25474
91755
45461
82500
20927
9833
85319
87026
31956
85575
77749
56911
29931
41843
6742
2760
3836
94881
56142
78073
67773
745
11512
77892
22998
49671
34717
5818
9702
11261
92679
35176
19367
38139
17675
40294
64323
2993
27319
96278
4919
5067
53189
34849
63262
76282
53961
83449
71163
10102
61521
55287
27198
73033
33178
50195
39055
67894
72364
48757
95506
65042
83932
14873
3180
17958
55166
83855
37302
98836
80132
42220
20254
49672
93421
83515
25954
63733
66964
13468
73834
44836
68754
17383
17868
1931
83929
56923
86177
56293
22031
81682
37686
5962
96554
57218
23919
68071
41072
77572
83258
21203
36143
19864
70875
29563
3378
13180
93295
86693
26647
83480
31529
95400
862
65748
13682
84791
39022
99858
57435
61052
97892
95120
83365
10797
68689
7283
95220
9760
1206
78477
47315
37349
98340
34541
66911
18070
47720
76558
21114
90718
76389
68994
2469
93603
34742
16150
78393
90115
32360
52179
51167
30251
63650
34531
57399
32339
58166
52618
58450
59371
31095
22116
13071
45786
56656
79982
63855
20727
72891
1321
11444
49279
70314
30264
42881
21407
46414
37625
11522
95125
6155
79040
41727
69805
29922
99125
18495
88087
68095
93296
63810
99189
15412
76880
61326
72067
73213
41533
9146
46103
42853
36941
11734
29518
67205
70966
50925
29970
8591
78798
25094
14745
57837
83172
901
87758
82296
35747
92197
50390
29043
56006
65930
44454
49237
43608
16520
22450
85140
42017
84904
44344
78958
12989
73861
46162
83955
24785
76131
8897
3582
17576
39993
77770
747
40894
65528
99394
92992
57724
49784
22034
30081
32065
66487
79317
75672
99359
18118
77163
41375
3022
21506
36684
32362
95367
82845
16316
36503
75327
25212
56437
9254
65205
50558
10000
22450
16085
9394
15441
90160
75529
53827
20240
23945
20313
15909
99617
36023
34026
76779
93750
53399
14637
30433
85761
26355
29630
18428
79209
21308
43640
51997
30562
25196
2555
40561
63997
18639
66306
95789
25151
41834
49615
61742
65779
86280
77650
81747
22302
28028
74877
16051
97778
89513
62836
83538
32219
92465
18318
11428
30124
78309
63424
60685
3504
65978
1246
83852
969
67551
79640
26119
25737
29255
87860
7867
15534
81862
5965
54187
9889
80841
86590
24018
86706
49425
7556
18924
58241
42225
46703
88364
20533
10127
65401
24036
92456
66646
24239
93424
50548
3878
35894
92636
49484
40106
16854
65017
21967
22818
35556
48207
20011
22145
72224
6716
87921
96131
41991
62513
38355
88694
67228
58887
15172
32628
99274
7627
15625
23512
1051
82525
43742
36944
75160
93225
93401
8366
74594
31719
31183
10149
79925
51193
48645
68501
74260
52917
80983
16251
31781
19338
21296
99008
94576
36467
47988
10202
44093
63612
50065
61495
62488
93806
14791
37648
87031
8191
62365
77976
39910
93547
88124
36186
61092
53120
4686
35351
6036
2021
51601
54168
21358
89248
53175
32285
25714
1162
42486
86159
81126
8903
64005
43613
2708
78795
97612
6090
3338
59976
84065
43247
69875
88540
95784
30966
41659
16822
66316
64046
18842
34269
18213
56551
23516
87740
5187
65582
5253
47673
68092
86378
72927
32096
46343
75634
10891
60306
81724
14228
36634
65788
73826
6508
54328
69609
37473
12338
2782
20140
92736
21623
54408
10948
94525
94276
15039
99712
76209
20292
63736
44300
23021
36662
76395
85715
12295
3637
46021
10370
34216
82654
92510
24393
5513
63189
10354
59337
75526
13135
79476
84613
34758
50236
95561
29282
44511
26951
28993
37071
47242
92728
81370
86615
45741
74116
72329
58036
94105
34701
68405
28320
33706
60914
52713
39218
24102
63066
98554
15980
76200
94382
592
27309
44617
12504
72943
5479
39455
18287
42549
3048
27367
40270
6014
73107
14385
78343
47494
8489
13043
32251
53161
46749
9516
22225
2318
33618
85290
17224
65949
77841
11605
82892
21502
72573
95396
94444
78051
51202
29082
36951
70601
56448
77220
76615
45907
7956
71309
93400
32797
84351
25650
2309
47451
35166
24533
66121
85135
9822
83344
67435
4014
11300
50326
25515
83872
62073
19958
78274
13274
65392
15224
227
21839
8795
76841
84097
33102
48149
93849
65898
48851
19498
68206
12654
71015
92738
78774
72501
18911
78469
39935
22925
89768
6613
48439
89991
68685
84749
68264
81959
50140
99839
82185
88330
8633
75377
72427
41734
23525
66275
23984
88727
2124
92189
1380
89491
1279
80153
61991
36541
58621
18278
59465
64740
24890
24256
54730
93574
9004
22993
91884
75495
39183
90420
80176
47815
65796
68954
5901
5672
35228
29884
10751
53704
38424
12130
59546
56054
8635
37888
92595
83607
56165
68411
48347
97406
92666
3076
90980
18021
42421
99215
9867
81603
89635
90043
45770
71782
58996
68022
93806
10576
14257
4556
80631
69032
33037
40176
25086
41671
78063
34032
25278
34228
2442
89976
31633
11460
9403
38964
45832
68175
38179
55699
66130
44165
45741
28251
32298
21088
96272
26103
31663
10528
47010
12293
95911
80047
68820
37348
38069
46883
71379
63346
97462
90173
69673
45446
1632
79076
762
63815
47250
55292
19513
29731
99456
81605
57981
31753
2693
54252
74208
50707
81131
21217
79352
77042
1263
48171
14389
39332
11405
2120
19029
25218
92292
5054
70664
10275
84129
87777
74089
47730
43068
9954
77461
58875
91558
51793
90627
10602
22397
81186
61309
3527
2403
40660
96920
20017
5182
27661
75700
16587
46132
11081
41804
38423
16134
28819
65049
262
32947
55489
64343
76014
65442
58155
34888
73352
9948
41867
83953
48696
23052
45261
52222
41806
2272
65494
78175
7454
9506
53874
40392
55637
64954
98547
94059
81087
43718
75459
97700
76664
30947
78395
52678
12741
36549
3917
86092
62848
62135
70044
11543
1539
31657
80117
43344
33928
45610
37870
41381
71467
91744
98124
27103
56697
96671
37513
54136
40388
12971
51835
17051
60269
30229
86080
73009
83130
89997
75452
62329
68483
61848
73872
70021
93504
70340
29717
27431
32301
67586
85164
3767
59329
83287
30869
32378
79957
68381
2865
36696
97703
71051
53747
57971
17632
39826
47332
761
46174
22783
63089
14657
84630
53312
84677
78133
40003
30745
21916
72303
98331
7079
76069
57659
6717
23289
6388
86674
91669
9252
23369
89371
80303
93467
63694
97934
49645
11025
15046
12170
50159
94486
26826
51141
64150
27855
45625
4152
58599
67540
76455
56929
90970
68875
30940
97687
92164
53679
712
83832
79283
40432
89555
59585
33899
53248
73870
99895
80624
5267
12064
47134
99752
55242
14626
80253
83096
60251
84405
58046
44142
60859
31327
51464
29733
78618
65502
21896
32296
66213
22080
11578
22996
27986
87514
73246
97585
77735
73140
94560
83001
1556
41693
99105
56797
56319
79357
39892
32921
80113
14289
77062
57323
45615
28525
87056
24232
94026
25303
56528
76590
63734
84457
15938
91719
88323
89183
5655
66057
78675
214
65410
80230
41907
80866
37026
14577
60222
76917
47497
56687
91205
24558
14009
53172
69435
17416
77403
79812
59071
50282
72754
22804
51091
88691
30875
39413
77873
36529
5469
56547
36743
87230
36776
95001
68095
73801
9577
44669
67069
73425
1355
74626
14334
15363
27797
120
32779
21551
79932
8201
88185
52685
31004
39275
41375
78230
78687
35599
31111
507
92146
84205
87737
45273
95557
72183
35426
21485
16851
18846
94909
18205
93471
9242
49920
37619
9362
99050
59170
5645
7250
47354
58329
54605
2980
16055
32835
81666
51653
80297
98524
60150
64501
86260
21775
60057
58443
73552
81541
91645
92397
92801
9850
85868
2042
76121
39838
27755
75170
15359
33399
82419
79064
8079
37023
82043
40485
86209
80060
8490
66505
78584
68639
47357
81195
6765
23765
55989
80316
5305
47634
72713
98105
73835
74932
16499
49955
14769
60605
41476
46480
94004
23894
25543
18434
77268
23938
58919
79829
3997
67408
62685
82580
52398
10042
63775
59163
33806
19763
55830
55463
83748
28542
69919
57582
19825
2769
23888
50946
63374
65363
97425
73729
5608
39319
92162
82876
63256
67432
79056
67253
34839
41740
66184
3589
51781
46310
62751
1939
82425
34932
73753
66172
79826
43671
23754
99650
62792
47641
50595
26165
29356
64371
99893
34963
3690
8406
34190
83297
75838
13245
50549
27028
54985
16733
30616
23117
63042
9718
41407
45466
44650
15159
27990
24475
75182
68095
24124
54325
15735
91071
80489
61442
71793
96733
96405
91834
21490
30594
75131
97327
43839
42031
24355
15175
75115
54970
54643
54509
81040
96050
16326
25689
27560
44315
50163
19093
12409
74286
73417
44496
81708
70257
5937
53501
66989
2341
61686
88479
32935
36816
2157
93125
78847
42863
24651
70313
14185
79293
24821
95224
91694
41147
20912
19254
85461
71074
54698
97870
61711
28115
58717
59771
14723
64653
13271
81712
83346
91308
86542
32632
28124
5050
25756
23322
47913
66758
93634
78449
46050
18455
73672
37744
59601
10935
73349
61413
98360
28046
75634
60070
72512
34350
36192
87235
15355
65814
85298
98700
57122
71839
31331
85245
93240
73438
24918
57504
40195
18551
35952
2596
53357
25975
40339
29309
53261
13687
90722
51620
58085
82707
28042
30596
33409
64233
17830
48763
30047
3127
63814
87168
91317
95144
88764
909
84933
13681
58412
41479
48583
10716
44074
18292
36690
765
47600
6303
30803
54673
57922
88887
37380
85963
19483
70788
50196
53664
35902
96594
73143
99715
83761
80811
11210
72524
81719
96142
2556
40131
53972
67490
50846
98045
85781
3887
98809
33381
10189
29612
4405
84463
34850
58136
70425
54332
45275
36972
24348
81176
33565
97490
97242
33677
78300
8451
22552
76371
20944
25107
16501
74915
8949
83698
72960
94729
3936
88120
44461
30477
34083
48866
14939
68933
7001
85363
39616
52276
38687
63963
49803
72251
77804
47045
22280
72456
55495
44831
48826
92791
86290
81678
67705
95238
65375
57016
89966
85662
61488
34427
16138
95570
99644
31076
64502
22996
32791
4118
91623
71477
68080
41426
60079
62236
4822
82358
34691
76668
27189
99868
69458
29830
81545
53515
25067
63271
10530
31384
48932
72017
65810
65070
67587
81805
96145
32088
4801
28935
52557
96423
16763
20637
54200
76842
99224
59021
75551
33914
35689
19091
33781
5146
48920
31677
75012
73986
94947
85542
5370
43878
73910
87531
8947
57848
85688
21444
6288
90488
66730
58844
3262
83493
95832
57462
76686
95055
32834
52236
45320
68522
71327
95452
90020
20246
27128
65031
10584
22074
66924
32305
82304
40834
36187
7602
15033
21874
29045
21320
28713
12127
80164
31975
11971
92347
5788
88656
87402
38621
57243
32721
23495
44921
28173
29866
81519
71652
11248
8454
93726
78172
40758
92381
35357
76944
99982
50389
98818
45379
88061
27530
57505
84576
75856
85827
76922
97995
90834
80675
36616
48076
13396
76462
9349
57920
6327
90867
29571
17574
99320
39648
12097
56429
32028
47453
33372
48362
14194
48541
93740
18606
92423
67596
3181
84630
53422
80102
82625
44255
60777
19240
8682
90524
12053
34382
64795
18379
25248
10717
52304
40919
50365
64401
97347
98744
28205
47071
47105
58750
95611
40844
77355
4385
24791
80535
89015
78212
76989
71639
38818
37765
7230
63852
44640
19282
98233
9434
37660
39833
36502
6315
80751
86866
70715
94450
85610
15272
41520
49066
74021
53482
6262
51376
57867
31052
31910
46881
9264
8898
34871
64433
63014
42100
28284
7653
61381
26517
33438
15392
66349
69940
38058
63451
73157
8773
57900
75118
24044
99419
40536
14416
52901
46797
65791
27119
77848
97701
73999
3463
22950
25221
67896
85964
67320
96179
9968
45052
39047
59758
76795
21747
46049
14852
85198
19205
39976
43097
10675
80371
58868
51210
94787
28120
98006
60577
55238
92205
74629
45588
95668
97579
70808
63563
83542
38127
76093
93509
99530
15140
69618
92676
53238
15666
7527
38435
51223
63855
97884
78249
44225
73103
29458
55363
1222
43815
15940
56459
36019
90568
18398
31686
4498
89205
95248
88039
43683
87693
97900
43212
19184
67517
35887
72421
99535
59765
27208
67109
23619
41443
45357
84196
14545
74814
39558
32118
34980
71849
4928
87350
78769
23325
19036
83266
12529
30635
87657
56211
18327
85556
15774
37510
69424
51660
26283
85310
27776
53490
52418
51395
11284
97774
35590
25828
88939
91499
74297
23918
63348
79224
27620
42116
18900
46655
41733
31428
93641
29389
3990
28320
14944
19763
82181
720
87774
8463
86029
15549
78304
38447
83295
89587
52572
35236
31766
41511
26735
6062
81780
6434
1637
9399
48549
20536
72405
90281
68315
66046
19670
72304
10717
50965
92066
92897
68036
96191
1360
54065
11740
96015
8863
11386
85602
61434
46622
33719
19296
73356
39781
17428
96141
57769
43178
61041
78305
15583
51321
46619
97980
87342
35275
8696
54659
27340
1592
22694
39883
19303
93110
67974
31670
18324
79359
17271
96110
25980
50989
15405
15687
7121
49184
11827
81242
92362
72867
75898
24296
40540
22516
38627
44233
57790
47322
15243
1482
65265
37937
41364
920
47398
9337
32589
65722
5047
66211
61831
31027
33551
93587
63065
57024
42771
91244
38265
51484
64110
14162
75779
21001
53029
14405
65234
27171
78078
96828
45004
43342
34764
2719
60613
82162
28407
9553
64235
33453
75763
26065
64479
9314
19651
43896
82689
78773
35139
20953
30256
15600
35114
6034
36601
4494
36790
18186
31664
14867
15013
76667
74561
66129
79385
35173
64642
7791
44726
28876
41244
36840
71292
22074
62505
90942
65969
45193
69715
17459
66145
16322
33059
17610
22356
86011
38456
59145
4196
70119
90364
35560
63138
64924
1688
42522
16448
82681
66665
61173
11556
7908
14365
82847
46333
76869
90141
28654
38414
76207
46112
20910
92528
95522
54872
31235
81532
93327
6732
2079
63445
97095
37639
42934
78370
55678
85456
94817
54711
68472
72342
82618
76379
86706
81817
39063
79926
71957
67716
18339
64515
30180
39249
73394
42053
94120
4629
23585
87446
11360
25663
67242
24806
79653
10176
3175
51683
11983
97991
6393
80454
70332
5362
73184
73389
87178
12246
53315
75486
96314
71653
40000
42845
27253
13394
84897
21372
34374
24833
8817
62085
66848
92411
86890
62852
18938
90064
14534
30920
4406
37278
11373
91090
42640
908
64478
46169
29505
34144
21655
42170
22149
61654
85014
49401
91399
86263
87125
25772
11095
12293
87856
94294
4703
91097
57146
23640
97512
71679
54559
1918
25309
82283
9359
84300
99542
90188
30468
29047
24332
68474
71216
62832
30128
72582
12232
37878
58844
99356
80002
86290
11649
67857
80584
32703
75306
37729
72695
72817
25759
27253
74734
67419
25888
444
68070
41781
90632
98538
70827
31315
83363
42043
94146
29842
30976
6377
67720
89819
22085
47721
92460
50085
31929
73043
99139
7234
27123
71833
80051
52882
15438
71136
36652
57677
87932
4722
99457
78563
19611
70284
9877
2973
28678
4022
32815
59653
26750
534
65823
65186
64606
58282
31622
12886
47677
30761
36472
74799
2593
16522
44032
18030
4009
80684
75706
8292
85405
75163
86854
5015
61798
13082
7987
6827
17103
40801
66479
60205
57686
48653
25390
38643
23286
57012
67881
70962
4124
4352
45761
6716
37225
6144
41098
41233
86827
33155
49525
72231
8317
52730
77245
86466
65812
1584
93292
99266
58736
76122
59470
32774
24774
1212
71416
48060
74575
39296
35373
78698
43647
97485
1765
97223
3629
42862
54808
90455
92369
4332
62686
685
73413
56282
3503
55576
74217
96794
54842
32953
72916
30663
65726
14041
31874
53493
78452
22800
9141
13825
17849
69139
11309
19614
66362
14937
78827
21169
21744
71195
41852
781
88232
31616
57062
8086
87192
31279
4879
42033
80583
94146
72695
62660
8187
20921
16152
2990
43720
41644
16814
77921
10783
44475
13886
93496
59411
92712
14664
97506
80259
72867
98286
84842
4482
71700
92927
91673
2978
14157
50057
99912
8303
39104
62571
32841
76376
78722
35830
36447
36718
68996
14367
47500
13470
28252
57347
89232
37316
88362
86738
17574
61228
85023
18767
82061
56722
11693
90086
76051
25849
56494
75962
50503
95597
54884
83343
71972
49958
35525
8419
86675
4520
22785
50526
17989
67389
7872
7220
4704
96233
10309
22277
73812
95332
57395
72224
68405
69087
62309
60808
11287
18803
53121
61790
30751
8005
61484
19075
57962
97008
27493
60988
1527
66629
11513
35867
34017
19384
59439
38720
31968
69747
77348
22131
81430
34742
94354
66187
20180
73015
26994
31467
8169
96466
9608
55271
20822
71091
74345
95135
84451
1837
56122
2329
84818
67634
38196
35186
3369
97634
73906
51688
83732
67605
73818
81514
18699
84524
47700
38878
73890
91045
86696
98410
3862
96303
53680
24684
83746
28025
19818
68196
46213
75940
70524
31030
59925
25071
66216
63294
39056
56473
31333
22788
40429
21503
20653
59127
6026
84704
98005
96267
75748
1052
94676
79609
13707
48355
20644
97452
76379
40462
81999
38944
16401
52522
69973
92677
77593
52540
55970
33000
25364
3655
55787
65793
25157
92791
24919
47534
77494
39275
43800
53241
40327
38475
49202
54033
3181
69845
67836
95912
26658
49834
34855
59410
18707
21179
52087
12651
90071
8056
45651
15434
28062
17789
81226
53218
10580
6145
751
88073
61771
60902
57666
18449
99376
6867
88833
18909
93063
56668
14820
19721
22853
49674
79130
41560
87204
31216
70562
77274
55624
16212
92708
37
34001
73933
53255
44580
96429
70357
49004
74552
31259
6669
93000
46986
13535
81833
65894
22950
54852
97065
59022
77705
46738
54503
35616
33942
2071
22529
27567
74046
38741
20274
74082
89093
10559
27336
50024
23339
14045
99027
97890
45303
5696
90890
8640
35582
89074
74534
74883
60277
71598
33904
37981
34688
4759
89948
84981
6829
12477
12547
80874
67569
32821
54955
56661
59731
98643
23036
83069
29039
38414
80959
74341
44109
88200
82980
96043
93625
73865
87277
53901
61815
21181
8234
96502
25939
98181
97834
49119
27009
10380
29992
10929
59552
1298
83941
19282
16292
6976
18703
45330
45390
99661
36022
5850
4212
35354
18244
97836
9218
5521
51736
87384
43053
59969
237
85343
74502
98070
34461
17862
24802
80804
28791
84353
82101
12731
19987
14745
36059
55041
76426
97800
71053
12448
3649
75264
47801
21893
89451
73370
43765
57538
77106
86817
17507
77342
72159
8360
75412
22971
26221
213
3774
71363
917
2226
446
37255
33322
36504
92295
9748
34303
63347
38547
54303
54962
86347
76195
44412
76068
36311
1950
53173
23127
35808
30515
11637
44167
22278
50959
86739
38842
71084
74454
39758
73310
74899
93365
22983
11402
85659
32730
62056
65358
87628
16358
20319
73974
8905
81083
66394
45215
83032
35918
68342
35191
82784
96330
95709
5061
47289
82447
43902
18372
73252
12
8033
48150
93376
47368
75903
95386
96449
37958
77095
84077
54316
97414
74402
63220
94848
40795
24786
94231
93065
93127
29421
75848
5809
41481
97261
69449
40279
41162
87820
13531
57525
12205
61680
50900
59572
37583
62638
56020
75540
39732
40096
46207
53497
14498
25778
64696
71644
50564
58926
64708
60042
4698
40556
65850
46178
54168
35298
86457
95329
39470
99987
69206
68026
61666
36457
27597
15600
99094
99968
7492
55178
56416
53698
8674
87265
79476
73370
58908
46391
48647
39968
6432
53345
96875
88634
99522
51042
40283
85978
62722
96104
2316
31927
64129
63982
68384
8077
79581
83829
24397
87072
39006
80812
57122
64032
68076
52949
53753
43335
99339
18751
83302
22122
72095
80176
27107
87969
31217
83742
90298
93939
79845
92614
42217
60326
56595
10600
84754
52527
10781
9150
55951
49786
6313
29424
30169
90740
82372
273
50427
98062
19024
33728
36535
91118
30256
79994
79086
77824
63735
69384
88114
59931
61997
30331
20256
34943
57282
5010
3821
68062
30511
76123
17848
53176
5546
64368
43915
4269
64641
94341
2330
83664
44421
55217
91133
74676
35210
70219
52499
98944
55954
40613
58874
34302
87295
95482
85596
44576
16843
89416
12638
47353
65539
46837
16880
87436
11204
60795
91705
92196
71487
94034
75859
15907
65602
66992
90582
811
53562
59433
16106
25867
16397
91332
76520
3691
86813
62115
48266
20007
67882
77255
83711
33420
24091
591
37208
51647
61385
28912
43842
32871
22945
36053
65130
4899
3044
72063
5709
72957
47847
38167
98823
64243
29498
75342
84285
32662
53808
48903
52668
21689
26157
36378
71461
66600
36968
8668
34598
14704
37579
78439
63927
76875
14491
45408
81773
33886
17470
3834
23194
65317
42000
38368
45911
87849
13709
30196
20510
83868
79098
89529
5557
21606
25906
93369
88205
79226
18388
22802
10281
55966
17593
74207
49192
48435
35966
47317
82321
53436
67502
5514
18752
25853
43882
81014
13701
73942
11209
34210
74162
90306
23738
96070
28264
65995
89438
16468
61572
7825
55622
71853
80142
73214
62411
45685
21648
98377
9353
20320
68164
76854
42186
3267
2706
2419
84280
32758
92712
95489
66967
66873
2146
7056
62942
30409
89403
68731
46877
50974
76555
18850
39178
73048
8415
1589
35085
30062
16317
44437
66734
84480
37643
8919
87746
40348
27689
72025
73106
20400
83865
56424
87273
86011
79832
66566
16419
85586
35297
79647
36559
28203
98496
92089
17603
6910
93677
52687
53324
26345
97123
36409
10824
51117
61679
14921
91465
89367
3297
80922
26118
87162
53697
29742
73172
33528
96308
5942
19113
47956
1941
72024
76158
16788
64112
10112
40050
74140
62798
93373
484
76273
46133
27659
27389
7811
42579
35205
13529
62227
16126
39646
49388
86175
85740
38911
19702
82047
44853
55167
46354
63145
43542
38863
79932
7653
48975
19981
81792
11772
29705
98627
4396
75837
26285
48137
99999
85215
83341
13527
47441
15819
69525
13181
1993
71616
52091
38046
70014
13295
9564
16367
76439
53105
55229
56371
60757
4203
76351
58900
32327
6056
73878
53074
98244
16514
1210
98243
1728
903
28121
65521
16721
13997
78701
35065
85612
30791
73110
55625
60438
82674
71991
36876
52130
43572
93246
12887
47774
85949
88138
96452
8356
78368
49526
6599
94881
50735
4841
96609
51637
32962
78481
84709
63310
57181
19773
48922
4323
9235
4546
64760
91908
92889
1636
60389
36460
11233
89627
585
97181
77765
97037
5536
72484
46562
28487
67364
13648
33327
80324
81637
82640
58804
66345
45950
15984
2470
94871
36659
11704
15768
1418
19963
25008
19405
80351
61467
30638
69978
62052
44170
64094
75440
66058
36577
22001
94544
3940
52000
44222
84264
33636
26862
59419
99981
72811
91755
2450
84033
28413
30505
16152
29830
50467
41160
65587
30817
18978
96224
794
81029
56745
64887
56468
39154
17815
94820
33697
21755
46820
94271
22370
80455
21132
81788
96787
10294
73542
15588
10678
18306
46092
26829
64488
96558
84340
30074
43727
3318
26297
60872
698
99393
42111
57166
38547
59925
68337
88595
81679
31508
82865
20400
11963
3996
18540
25101
30641
8433
57041
41318
26739
19484
84499
91226
16042
68838
21299
76120
88507
63947
36991
89205
63339
79101
62722
18237
39026
31058
6832
37056
62566
89696
73808
90880
10044
92347
32332
40684
779
89372
98354
27517
25208
99204
35094
41249
68041
56392
33720
72900
36690
70710
62104
29
49811
24825
18265
5188
72234
41448
42243
51151
31144
32402
58382
57539
24748
90714
14574
25527
96437
12927
69395
21644
12130
20841
79244
96523
93584
29315
85774
30274
25
47877
46654
66187
89053
64918
87726
77638
22718
46320
28789
53861
78722
3522
27751
3469
10587
42324
45347
7024
55251
31094
45019
83732
51934
40615
96606
45517
69929
82379
75790
86305
46607
22443
68843
35659
3713
56568
29649
26430
2888
74789
96642
81609
78310
24392
85077
88897
66715
46776
12272
38317
77869
73642
38401
29802
14256
51358
91670
537
33737
67460
3193
96695
6254
72036
48706
9966
44955
78354
52747
47842
53142
49388
29450
31451
90131
30879
36699
56846
77654
48970
11514
71874
22612
49914
1675
53219
1272
93344
70107
51360
77155
73300
64406
99761
61687
13111
26078
6641
7816
78825
70835
60957
44564
16636
8760
34695
47514
45458
7892
41519
94428
19405
13392
33391
85671
31418
86609
3294
41114
56716
