10000
54653
34620
46367
35410
34380
24405
48521
60458
31045
56336
55634
18231
33645
197
34867
58756
51243
82380
20565
59134
40251
31344
94891
53642
64734
80561
85060
51343
83854
42525
24410
54858
77144
87128
90267
11524
11532
55139
71981
58928
27827
27614
77159
61471
44162
12025
36578
95405
94404
57142
70890
34654
88486
65780
4648
69571
62692
6059
20913
46545
48583
61674
17754
25726
48801
24373
37249
76684
79511
25581
35612
7337
69546
12770
85159
13708
24794
21736
9112
35549
95230
96353
70203
83715
62133
91202
53285
24824
97260
90550
87721
45842
68575
5474
71567
33728
29846
25168
10411
25709
50748
46022
33045
36646
58791
34556
50353
99936
72643
75816
35485
67872
72168
22039
67938
50652
13240
21223
75476
10499
28124
63196
72692
13050
85021
60610
46777
31219
85777
57188
56927
52877
19561
6323
89522
94704
40878
56226
94639
13521
32041
30123
97744
20560
52161
65682
71212
65400
86904
63039
92250
31379
26234
81293
44428
27606
41903
7557
58824
27679
64744
32102
96907
656
54777
2780
95359
95654
59005
89998
25526
7397
20120
23270
44309
88633
88951
15520
70384
92206
78558
78986
39936
21143
60278
715
65100
2180
8271
40276
46211
89366
72377
43117
90022
27153
45897
85380
39159
21253
91729
81036
28650
28201
4305
89310
16833
9607
4829
3568
18164
99738
82553
58099
37232
42831
58814
2331
45010
67084
42606
91220
56450
31335
50689
62823
74839
12937
64554
13997
34189
56283
11385
79190
84483
15689
68499
17667
41648
89679
21234
59811
89416
20139
17910
42999
62969
76723
45330
24330
60158
4287
15550
32959
51973
82590
95781
26812
95526
60335
57160
29714
32969
68544
8904
33803
585
93754
51469
42232
83433
89054
2042
72848
9192
36303
32199
88512
29377
77528
12842
89535
98166
44743
22493
50139
27332
34626
93302
22857
11312
50461
68922
44280
35357
94177
78082
35941
87931
45902
78172
71363
51307
96565
60562
60499
32868
92760
65362
62244
86639
78203
68130
1157
22945
6975
51295
66628
41600
44596
5836
52911
11408
91110
97190
63116
85286
91623
99056
89568
37524
93579
77282
88830
6496
54196
65680
39363
63307
31042
17958
66298
25596
86088
67454
64893
93062
18748
31520
51013
79695
53708
3923
7454
44817
17464
70570
46454
9086
85977
36022
62961
79556
29655
68142
86051
83850
33822
41765
63509
81215
59722
29806
6810
62161
97259
71702
71574
32358
3222
22586
12052
73281
42860
35857
18097
76675
22778
80902
2112
8755
33275
65072
88310
62930
33214
90712
63131
83387
48828
26639
64601
8549
56444
71410
87062
53702
43112
74987
86059
62685
97573
14462
35965
56784
66671
70413
33459
89448
51314
35570
98202
84589
16994
2863
63870
50207
93574
27000
49945
42401
53639
14545
67302
26434
85954
70715
80136
29065
45701
82546
8101
59625
97008
44065
16409
80030
14477
66219
69477
65791
1788
67679
66731
35133
70541
30600
1691
80467
73951
51635
39219
43941
66179
6520
70375
68485
93586
50510
13901
39287
33055
22002
98911
46414
66066
31671
26443
96895
97889
12272
79037
16029
96302
45767
51161
66842
92718
52852
63660
83020
4486
2879
26961
87017
25750
97335
55501
19336
47844
69401
74974
97250
91402
73884
60016
73820
21907
2810
70714
19795
15081
66102
35823
11382
28220
3336
94576
20937
72539
74587
3956
77024
93817
47268
80392
19567
44602
35892
55254
8797
21645
30227
6047
29398
20462
82414
19569
42368
1575
90282
78515
16656
72735
30689
44389
954
34024
55316
38242
22914
46255
42198
99938
40071
5817
96681
59637
50419
32573
31242
59215
70569
77820
81613
99966
14634
80378
19535
73353
81953
26168
51867
14960
98903
98908
59348
99856
49283
31016
38098
72197
77270
96647
88486
17340
2463
85166
93329
69233
17738
24570
44800
88306
18742
26412
4624
33375
23142
24158
6727
5094
66677
58594
20053
81931
73853
95752
81787
23135
26767
36236
95331
20388
49234
83816
54080
68048
68982
47408
37281
3071
88329
82080
7729
7070
24843
12352
40444
47984
52861
63523
69429
19537
38468
89481
1468
12320
85233
99606
35454
28351
52193
30785
48739
1426
14600
2818
69473
83581
66577
23105
86652
54905
21536
94380
78327
62731
23083
35122
10714
92295
98644
80143
11831
37111
85975
29650
49430
71207
45607
84884
15910
14151
15668
81000
15576
46619
83817
1401
46552
66745
24505
33203
21649
62393
43934
16327
25123
83368
51449
52188
75662
50092
48682
3844
3555
34657
49846
52984
22215
11804
54219
38124
25955
86238
19123
41530
32857
19291
59282
79408
86035
139
28962
24036
62531
89247
56714
87653
88966
8162
56192
64627
74606
4874
68470
78160
55882
34667
47495
78096
46471
1714
32572
72425
87951
68046
30306
37159
3689
89588
16566
6075
89726
61879
46462
68608
67477
3176
72612
56442
11337
28803
21068
2294
50028
5890
80453
5909
40556
44300
357
3378
46013
49280
75802
50315
33677
22460
87474
37365
12047
20391
43440
18124
98622
6253
3083
66098
9428
75694
22540
37117
20848
59959
39410
87228
82200
36215
9488
39108
80514
9844
42485
42878
75475
18287
93192
25504
40746
97017
62868
69144
33760
22659
3619
32381
28912
6701
14830
38339
98746
53721
91807
19593
13680
31217
23172
12231
83783
32660
51338
80648
58855
93823
23525
34330
28461
33068
59833
85558
30085
39052
71053
80196
78063
74671
12576
6974
97723
27405
61664
96468
81126
53471
32412
11157
1039
55584
23387
1173
88243
74725
81820
47097
68547
21696
97778
13359
54763
73962
98916
1199
13014
69968
81394
91076
44638
10321
14401
58712
37726
92416
55179
35203
62238
3942
46359
79628
59525
69745
80800
64119
60821
62619
27568
29367
666
25345
42725
55429
15659
57992
72979
28672
27959
70725
36099
88948
81045
66851
47659
35122
59266
19189
70324
21504
23131
16682
17483
99007
2779
98283
63126
63599
77253
7045
9318
77919
48741
68394
49699
64399
26386
39029
93070
70696
9753
45520
59644
7150
12370
23654
42271
87988
42843
28947
25843
82325
61980
43325
81331
64758
41607
60808
44709
35212
67852
70378
13130
16593
38771
79180
80991
81508
18208
90413
68556
27961
35932
44551
51462
64654
68204
93732
52641
27398
39030
78483
9722
1010
38159
91053
82119
79766
51860
26827
14977
36064
97204
44458
52656
52327
23637
49998
33834
58196
40410
2389
86156
92694
63291
53969
73699
31495
64053
42691
58892
3082
37525
68614
4091
75683
76018
86210
55448
27877
29388
86776
63940
26592
47585
32947
95270
87573
82945
45455
45769
39706
64196
48276
48751
27486
2245
38801
58980
66297
81491
34224
69378
19015
2837
73469
11050
78854
76030
82849
23082
5417
69625
3374
48360
33561
36320
43629
21134
35616
89084
66902
91674
53279
15177
56776
80764
17421
95577
39744
83717
93419
73967
69447
12434
93155
59267
23483
88360
35296
6331
11441
40712
92307
14814
89072
42220
67486
49052
63353
19453
38135
30254
11126
91413
61782
67902
72177
79203
79830
28272
79271
73248
18590
48717
2033
28096
24335
25515
16455
59630
48198
44247
16694
56856
59061
5765
99075
42898
71168
62427
62350
9303
9032
89828
17067
70814
57729
5595
66368
37558
33866
61990
27157
68807
27059
29190
96902
51393
71056
29708
11023
19253
73955
27716
92461
49367
49832
7887
92264
20999
86666
70965
46653
95697
60792
63720
82862
18520
69314
65581
72429
19532
27571
15938
4690
70981
45127
1592
22373
16182
47651
49747
51787
21605
93814
44247
70971
59997
52133
63234
97348
38798
34199
44000
50847
11342
24071
50060
29862
9737
15641
18642
29268
59563
34579
50309
30543
79705
68252
69267
12239
15903
35366
64025
37507
29179
8271
8478
5528
76755
88063
2875
31905
38613
63226
82751
49955
3649
32810
96168
13385
64802
31161
59004
24364
65740
9312
71258
61796
77564
40525
90386
93466
92242
54410
47324
21420
79032
72153
43299
72139
60216
62525
4043
15180
25751
86793
65134
29399
35954
77653
59135
17108
8814
18138
41471
90905
43801
29081
69052
37716
69605
59438
47533
78198
30199
94857
15969
9231
67009
59268
81369
43576
21792
85411
58756
47542
88555
40241
93292
40860
17894
68778
57967
43059
3267
15790
33963
47068
44870
3014
1135
30826
78803
48668
9023
9002
43524
24991
18232
26884
84258
15952
70460
6050
1362
45567
69943
6268
85807
79587
63479
20052
48364
21446
63110
67983
53587
97072
15050
98456
16438
16184
29281
95240
81203
38303
4241
41078
63293
38824
67962
63903
54775
54773
86304
72488
339
56246
95107
2497
52184
58586
22549
16900
96383
85658
84882
49969
99082
16283
48424
15519
48818
94056
27110
30021
32358
47703
71098
12002
86526
55411
75904
57653
10183
78559
30140
26873
34805
41599
29370
3340
184
68270
20239
12918
53927
21472
62886
69360
37754
27661
1230
86572
21716
28340
32944
70425
92394
4041
98778
78919
59452
74682
52923
85986
69592
99415
12859
4396
41013
58580
24088
57548
26849
60678
70465
97127
82150
49702
66487
36255
77362
84068
22826
15429
28759
55769
85853
21152
76162
84630
16423
51965
75663
69345
37950
45255
68759
67160
66002
26123
25739
6441
83670
52587
67119
54134
49714
65620
20187
32552
1874
13900
16619
24700
29328
61730
96820
31532
82881
72981
32514
15655
41297
24528
85000
79247
86134
70110
62758
52136
96233
88497
74928
96254
57435
42046
66740
23500
7665
86926
56051
25891
826
89022
50590
30153
50751
63761
78037
49983
53094
10550
65638
94390
35077
66989
89988
37563
37098
52746
6050
49682
57594
80977
45936
15028
39375
12675
38528
63391
99600
10930
89281
16777
16303
56222
63282
83405
19983
41318
33388
89428
68219
15377
169
19647
82365
90157
57209
35814
59254
63258
85496
16847
44235
47783
48226
99961
60457
86753
63351
76408
14035
52632
9537
30337
25205
72818
13742
45187
14135
63481
50966
98705
78857
51135
18351
77573
57643
91912
29738
33248
55169
15233
50094
15755
79367
98319
15715
56175
1424
95418
48935
15458
64401
58471
45794
89605
31288
75887
51144
61774
39367
2109
60478
34575
69595
95180
28499
27237
87091
58237
60484
58612
89821
26929
90718
69188
41600
22785
25362
59375
18202
90648
74832
82602
49118
36977
72206
80405
29216
23349
58530
68582
25458
35359
19509
11404
30539
48007
38641
33981
6243
15476
92592
96064
58757
83310
81603
16708
6094
23316
76082
40647
13964
67265
23248
63081
20593
11805
59838
49808
35154
18367
18390
76963
53726
54250
88366
616
2256
43358
34596
24851
58834
27188
37266
33942
26849
18868
50649
49294
42183
26730
6292
56146
10346
29539
35579
30938
41343
95416
80746
92848
30134
15487
69810
211
69736
74528
826
88343
17885
35422
13193
93070
78961
50458
27011
22161
85677
77659
87806
27860
20740
94097
357
47437
23635
35935
78375
81329
47702
59120
74177
94188
90958
60338
94398
60693
34865
95224
49035
52750
30645
78580
45819
25957
29037
89182
48117
14714
83192
35922
58925
20284
30018
75633
67720
70004
27920
46094
51332
75621
21565
41860
69808
28874
18550
80558
89566
53414
75781
54953
6163
22777
33532
68334
48733
78920
57515
13201
93633
40706
65474
68909
60989
11843
44542
28709
81846
72461
91154
49529
64433
29071
7741
50593
57944
26290
31150
63862
79703
23282
18814
2218
46058
68697
70551
11142
47616
44417
24342
57601
1474
6167
26509
62463
18009
71050
7523
99854
59862
15028
65734
24295
60450
73474
74887
18394
99763
22388
98607
95818
45669
17420
98035
91726
86116
84937
19219
33731
29353
59912
91331
30826
66078
34192
9640
84086
21593
17162
291
81455
48542
66024
22101
8991
39498
13339
27384
55612
35726
25990
51429
97746
59761
49463
5823
62228
50751
25041
12311
80103
84952
3641
27281
51029
54184
53272
51466
75777
70434
51756
73583
35327
34131
95683
44317
89980
25373
88053
61944
61098
30394
13372
58843
90155
79187
64665
68734
29937
6057
81044
26392
91008
1037
70024
58388
55220
23295
26205
30996
10080
94312
20930
45406
28442
16612
6075
34774
41984
94127
96717
19433
24520
26440
94627
31026
5626
75643
99760
51915
81699
97155
94658
89058
98191
64681
63797
53411
4327
90001
758
14407
84312
21688
76164
29106
38299
82238
80231
96635
76364
76947
32419
17236
19738
27046
64613
25364
2688
80724
93630
739
77879
88287
89796
76069
69319
69945
45831
89997
59945
46589
4403
60609
68276
96919
6066
22926
79156
86296
35912
71872
79594
68331
5459
99331
11728
86423
41046
14415
67147
51027
31505
61377
55665
37653
53797
24983
7597
99628
14980
83893
62568
35734
44501
47195
32652
66918
86472
28160
53213
22384
16383
49158
7066
21841
64841
18793
8263
22238
49559
91761
73265
81064
69489
28929
35068
23286
70264
42664
39265
1595
26556
1832
53680
87409
65378
2684
54326
51849
30843
7539
74232
47225
73048
81297
85417
54240
16441
93679
76478
66000
1792
66094
63415
71280
11374
98482
94565
97989
41145
33829
99583
84052
52012
69615
71460
17389
72298
25786
69238
3140
49676
59821
66716
22723
57470
52132
76963
73910
62162
69792
56261
63953
35885
19675
35233
63610
18156
46149
61599
75652
96330
77533
59704
48341
47147
31163
82082
19444
56948
67671
38935
6623
43843
22002
45698
1312
74133
39012
91574
52647
8803
47834
16599
61039
83861
68183
24648
2016
14332
86246
77668
10661
63779
53723
75353
10925
84885
57434
46721
58185
41456
2007
81159
85299
24009
43208
2962
98141
82219
94535
67139
91021
58721
83738
68411
42581
51920
93059
60948
66251
95656
54967
93263
59434
8689
68616
86711
9926
42401
49783
84462
209
51789
65620
85507
75797
8828
88468
90290
91046
99355
57428
98419
58075
41165
83181
17007
9437
92591
77954
92039
88247
32921
85302
64032
41609
70269
50742
67886
29021
16876
52347
29229
68665
17967
14735
44461
43146
19555
51102
50543
18909
8530
65313
93335
66046
48494
10341
91834
41084
88294
83873
45682
21214
85526
9714
79175
72146
76807
47060
1166
93683
15759
30395
62347
50077
61481
23159
93222
81035
74261
60116
16295
82790
25429
9629
65187
90274
36321
57021
47709
40967
57245
93391
62180
42770
3104
57706
14915
79910
21118
32432
73592
36876
62826
52290
86952
40659
75449
96525
21693
49709
56640
54340
48850
82068
80320
30388
88693
16641
87408
36402
57607
44652
29792
36138
3773
32895
10196
35039
29156
31313
67471
19100
84540
30296
71389
87843
70954
63189
84367
8999
29249
41006
79690
78098
39426
60009
8486
28118
93001
12245
64519
66959
73249
94310
19449
93373
43556
29644
28412
89064
77308
95882
24515
61847
42529
95903
49689
29835
75444
50407
55185
4692
91412
34874
99142
30837
11234
23979
75307
4235
52575
39825
71193
25823
50487
6993
19196
94042
36636
63959
99457
13943
59840
23971
92141
18720
36226
58181
48554
11669
8587
20090
32712
16351
54963
31853
63539
82549
72183
38845
86783
24758
78670
74327
50580
29156
81320
86127
39549
34307
50085
55358
64602
26276
79328
56742
61348
15553
31275
26253
43573
56213
46343
76285
72563
17657
24489
52454
205
96672
91298
3339
21429
86319
77666
88360
15474
75337
90839
71375
9643
57275
26732
74244
99903
22411
47338
61250
54316
94964
87502
97888
51176
50196
90524
40091
67853
15013
92544
68057
28036
193
87748
49464
86512
65413
54175
18337
57101
45013
89711
83095
18640
32794
73691
18542
71557
21028
79791
25872
32343
83644
23759
83518
33840
30635
39960
1692
45647
48855
86100
73682
49048
73847
39497
35559
55611
93671
53895
29063
55036
59958
12158
73675
92751
85848
92216
80659
23227
88358
6530
55569
72001
46641
39086
5840
77275
95398
23883
39273
44252
26335
12954
93299
181
68802
45209
72144
78824
99104
1206
33859
59061
13363
23885
68163
15562
32452
48822
38788
20809
71703
94356
9162
18343
49794
31353
95617
45191
55236
34889
5794
97922
64194
15445
98102
32995
60653
86597
28171
76108
4155
78381
35168
33869
2266
19683
49431
51069
84856
88218
88230
56558
82574
97391
74901
48719
45095
86869
93909
16682
38110
16054
14603
18655
31498
29057
68002
92151
15653
96172
68258
19807
74552
19778
53676
93169
55812
3106
44238
40667
7675
32467
13576
6600
46209
4828
55318
91303
8049
49226
7985
46158
65280
22587
64812
13129
51643
32813
21631
83648
28984
89889
3454
19888
26018
73481
13056
98181
92938
57293
55199
16965
6111
68774
23564
52319
89954
78882
43622
98002
44459
67958
60511
26090
6896
25322
39219
58539
74487
60849
42186
19822
67089
61991
39709
93106
51824
52765
7638
61113
26409
62836
78077
32520
31610
1641
1190
37915
80522
61163
35916
24980
29120
96426
51070
36016
38099
6640
10906
12585
67488
69443
32407
34577
47785
72115
44034
99608
41231
51672
60721
83992
14507
38797
16511
62468
56789
34052
382
37310
95215
52649
78642
24334
65426
46063
76701
3525
69054
3958
16109
36541
73400
64867
87469
21185
53334
47855
20792
10916
15878
97864
94907
46736
53013
27769
9204
9801
61821
25937
63463
57035
94938
58456
97720
60363
20870
74421
63887
89923
94730
96348
42815
68130
61214
30284
89314
14547
78138
26457
25463
10367
40673
36721
57102
93685
64490
66305
3485
26310
8594
83299
83344
3531
41754
81063
80245
78975
71835
44132
68897
66565
40479
11712
51046
18044
58347
56711
48943
52836
83167
90757
63202
23839
27477
20303
33875
91966
2960
53712
18275
11553
37010
17970
31435
95116
15385
11679
74090
3571
72162
59339
86487
12640
71050
37532
47036
29396
94242
95978
82231
93761
86734
45432
33951
14210
65734
67826
6176
68693
21537
40802
96597
74898
58772
44383
70013
90508
56062
60455
94078
44575
19793
80565
73567
7194
34448
20602
36589
45042
16579
35171
38802
3312
80602
72752
33873
62687
56929
56400
47732
94817
97202
60680
69715
72325
5063
56079
62832
77476
32885
73261
22050
52677
70177
95616
59870
4625
32569
12810
49666
49147
47980
4819
68810
44933
93922
19035
23972
50851
75434
88055
45667
88987
48734
31733
61311
70148
4164
40494
47623
37048
30107
86025
89725
283
97992
65946
21259
30561
78756
70924
96059
43087
75742
81221
4372
86016
255
28343
36866
92040
16397
98884
81027
65130
46969
58689
35278
51132
15535
99252
88179
45641
85276
94255
45923
99620
60201
67182
30180
55308
54457
42590
14746
46551
23810
19117
32566
40416
47459
85783
32456
80207
1018
13482
61689
47986
88522
13318
99117
4056
12569
3648
49696
14197
97902
11971
13816
58102
95504
60347
29761
49960
2936
44507
96510
43098
79975
45427
83513
43786
47561
32320
23992
48579
62153
85680
96564
50675
98997
12033
54730
27918
15680
20778
42114
13581
32748
72281
88035
28251
48979
34147
94562
51914
78653
7424
11363
74980
52850
11228
18765
411
43547
42756
65341
22052
44788
61904
89078
60136
90288
60159
88053
5967
80936
46518
19548
30035
35150
23934
58285
84128
58080
69199
52394
53085
76622
63756
28064
45823
74983
46828
62585
34882
5935
27925
73285
50722
6181
62362
10858
96468
22520
98910
2435
19808
61780
38334
49842
96929
62267
24479
97409
36698
93677
49802
89782
86650
13557
17845
32472
4892
81024
95057
56125
86959
39333
29409
37680
45513
8122
48537
58333
46993
63799
60767
66800
41930
15452
16642
55210
94070
57472
52618
30767
51148
2419
20549
37797
32328
54745
86620
37219
35769
98028
9695
22727
37361
55455
60406
99225
63576
25295
73909
10568
5445
51027
93720
47374
66478
10361
2583
76899
67832
71553
7666
35331
73971
44566
89479
6298
99310
92450
59868
35078
90478
85914
74156
44190
41368
50914
59766
21295
76208
33675
48215
98004
84701
41934
45377
67531
52294
64311
44429
36477
35863
52094
88159
26186
96659
77637
48835
12321
70086
25055
63750
76915
10968
37906
37456
52336
88819
97222
89982
81378
47248
38196
79381
31948
80129
41109
15830
48774
5419
60259
1602
57634
12352
89760
83819
25363
83748
49005
54035
70186
74059
17784
63452
85027
72041
908
53714
77211
14481
60047
74940
61728
98243
54320
10027
94723
95428
25857
43497
17199
2467
61450
91184
14818
51210
91354
56532
34957
40358
26918
21494
14417
61054
84946
15795
49446
85853
85860
26657
16685
45906
1596
78412
44148
72268
4790
55223
84047
46998
98719
17597
49464
60168
8780
80634
27729
16485
37165
79038
73195
80435
531
3963
41488
85476
19757
90933
87680
21968
33941
4364
67873
51889
99127
28373
40508
3917
83595
24554
50914
98665
58503
378
58832
83634
81011
2913
119
34527
81950
73313
31313
98832
77275
72800
84308
13383
80085
88339
35350
30377
9055
19574
82265
8181
47946
39124
28449
31540
80030
79363
30204
38532
96092
5388
22165
93454
24652
38635
44332
6601
28299
75645
5432
21925
64796
6091
35307
61232
10782
87008
91609
19836
6582
90225
28016
54527
45701
56465
2419
25730
52179
48974
64261
64622
70713
2777
74427
95364
57764
18758
18316
86062
10754
23748
24339
91902
46190
75997
53133
56971
63005
61093
76806
85938
67670
21174
56816
13370
93990
59234
55451
62520
24560
19711
43493
95272
38839
17919
6988
12954
53028
25303
15368
80134
65402
39706
72035
27944
15702
41519
84914
95058
18964
78072
80995
2985
15597
37811
32706
25938
13396
88156
88457
37955
24218
31949
49579
63056
66219
72918
92362
35598
14572
7729
15731
96326
47434
4117
24269
79487
45636
9182
74545
80951
3605
71891
83935
35553
9701
16640
61490
39449
4795
49946
93755
45364
98246
59685
24771
80816
32602
17132
16414
63526
24860
48496
59851
88645
52613
84119
68132
14600
9652
59028
95550
13257
30918
95836
48809
56971
12475
10299
96419
33621
76596
6525
78984
91194
66210
3754
72009
15163
37238
4774
78688
62097
53270
38538
50742
5882
22656
35225
36833
32308
10604
32382
61916
57873
44569
27076
14843
57043
37374
27613
7015
30322
34138
2350
21515
16699
22455
9875
31861
59692
14649
10549
38141
84270
49086
5234
90151
71742
40458
43335
20401
67413
75716
82316
25285
36636
9391
56480
93678
63117
84092
17044
9790
34581
35745
31304
67631
58199
57530
99492
34243
72178
10040
72383
56447
75477
77616
62949
63570
34425
6283
83970
1837
98350
82637
43473
34985
92028
99952
45014
71496
396
78409
81285
51328
14153
28940
18959
88704
86469
18450
22946
74999
44841
11680
47797
20317
5647
27098
239
40071
33380
84208
58259
48082
66845
18083
99418
75224
18035
60784
63071
18430
55544
44355
69757
69697
89646
88715
74752
76114
23516
14049
67464
68356
25728
15261
5025
47726
42358
5263
87796
92089
5822
62406
56522
89018
80488
72292
64241
14874
33075
43663
33303
88618
88017
19412
74666
94014
24478
49417
70128
47994
63465
53943
32701
5544
69203
37725
53269
27912
59339
57416
36353
65161
36173
92874
54178
33013
65165
34771
47886
98239
78433
97541
3209
82802
33304
77874
76815
57781
43643
63294
22126
23459
17237
54827
29003
2791
8903
98623
30703
84594
56039
83407
49754
8563
76280
20283
41575
41445
55053
89461
56035
49838
3353
75595
32639
36656
69821
9453
94436
13463
89099
32914
36921
6335
4092
82275
25477
12994
80898
72531
13939
53288
55937
80044
78202
32217
327
19777
90013
71731
25589
62399
21568
28941
37994
70558
81948
24166
96363
76383
37628
85461
9296
90900
8147
29739
89527
33623
42733
86776
6154
73023
56415
62090
53067
34616
94306
69745
70744
670
57827
96332
63069
95747
41624
17414
66304
23571
41579
62666
16306
95558
64478
41953
2809
72624
71692
92335
22599
30776
79110
28752
3798
35524
90841
73216
70140
1499
42960
40883
18520
787
53567
97940
96533
11542
15353
79188
35113
73283
58206
67770
85192
22683
26074
88001
11659
97765
80335
34257
44892
59445
63008
65042
94968
70200
38257
81459
88050
97569
38694
6570
14707
92260
4509
11239
3801
36214
6778
55265
25848
64983
39386
11040
4018
65460
99040
15676
63224
95726
49932
24468
71522
29291
89509
82842
15842
27765
64300
3892
25333
2993
26813
40039
11604
31321
67629
31757
67534
90759
87021
9734
55741
26407
20773
59758
8218
36164
91785
87793
48241
58068
12260
19763
87358
1768
2604
3200
45885
83255
23443
87569
2600
50255
43960
14203
97927
11588
45959
81813
18698
49332
91546
74439
92090
12318
50548
307
64833
42333
88099
13073
400
16711
49187
4110
18478
51790
23661
64362
35045
47103
51931
53996
13709
95890
68198
11635
23829
14157
93447
42527
79840
84992
33317
71929
13661
83864
72235
78493
42548
76685
7918
59300
93395
57104
63409
28225
25246
87069
8938
76642
50523
77220
30637
80583
89461
98834
92217
13290
29342
85664
72168
9181
87007
21836
97461
668
22051
86047
95512
64599
62732
19781
23898
72478
76885
3658
17054
2130
7078
25992
95123
73952
3211
25759
54534
92672
24592
46750
22313
70286
48765
10832
95818
52124
32667
93279
69143
54717
79325
81006
19315
58408
787
59564
47238
77671
79573
64291
96152
86650
90282
91274
60601
9845
17032
31486
2516
57975
94588
41180
44612
59704
52011
40430
11827
84677
50060
80969
39393
29384
61975
75060
4144
79113
50975
51381
56783
30548
32023
69286
33549
38657
76911
10502
48501
93942
41987
67368
68268
36574
8547
12880
96278
60557
69661
24456
45233
19720
5425
977
65455
83751
76036
69598
62863
43363
37330
35997
73910
69353
21634
23810
24361
98544
34311
72861
8837
76298
40228
77104
29223
48774
6335
41852
9330
92347
66308
70914
12066
88084
71890
93873
88186
64278
79822
67400
23992
17152
3396
14253
2856
25029
38062
27216
39924
72373
16428
48760
65022
56655
42215
10596
21780
48550
52448
31109
57248
35107
18374
85666
23190
6615
79538
27727
87244
59359
95126
11235
92862
14873
25487
12069
56253
63549
55636
96176
52273
72063
44935
33646
45069
87149
44241
66848
52050
13040
14308
9298
48146
32681
94963
87687
39296
90852
15413
26539
50210
26890
54126
59424
41762
79612
71492
98014
59512
43480
10541
28136
15542
55475
61781
60611
58976
22374
43810
27377
51765
58118
53026
16263
90798
47988
20301
46445
55191
35714
89336
21753
78955
43461
81176
20717
39424
69019
35082
98936
12498
45623
27071
44392
17449
5204
21354
76424
43929
65163
20153
95693
39632
73178
11955
46782
37518
32256
93226
92708
84321
98913
14460
63275
58725
11987
343
98149
81006
51777
13436
9855
97399
56858
54246
31199
78413
91951
23975
22341
57114
44127
18034
13097
17304
46340
59878
54821
78595
69456
63881
79267
68368
78340
58894
43445
90327
59236
57945
87684
11012
87732
97538
24762
44589
68136
55961
39354
60086
79935
61694
33551
40413
96079
46648
57716
42419
6525
28889
37365
75980
92769
16632
60700
87460
91877
20496
77786
51112
78440
81821
78476
66171
79359
19589
27111
47494
75549
66464
23931
71835
44510
57482
12247
40588
4129
86315
99358
27005
15203
36723
19337
24323
69706
80036
11782
77934
531
5920
29045
95322
87740
23872
61492
83450
43461
4954
47295
35361
87770
71226
23548
32279
28707
52146
89218
49187
38460
88576
76191
70014
41650
95527
10688
27707
91914
22470
5640
8796
44741
51036
4117
32480
91260
81960
15930
51072
86914
63224
2784
74683
50801
26331
23313
79507
94829
12530
28693
49640
17457
21236
36006
75458
16762
46693
19516
25028
69162
25155
33823
13902
92543
54292
62734
83802
36251
95015
34873
23164
74590
54008
14198
25391
96691
37510
4897
91519
66392
49942
41158
83848
71177
77163
75658
4290
40208
95173
29317
9369
20328
79492
39623
29222
33783
2356
13023
70033
97370
64247
9549
88311
34606
40098
13701
31296
77608
34950
22814
43999
84891
80324
44198
72419
73838
19855
76708
14045
31380
22377
39766
68059
18220
79388
97280
68354
98095
26654
54738
11816
7252
64286
126
41857
4384
13827
73153
98343
65128
12318
58693
50018
8993
2890
38788
99183
39097
31847
29579
70476
70575
69344
38534
88794
65083
35813
57147
79529
78818
11885
91344
86069
92522
91470
44277
13257
21648
17429
11599
3127
46099
70291
69496
71443
89533
8283
86977
44981
40129
16556
15456
10704
2251
70341
15849
83686
22505
72996
63214
1322
1232
54558
3742
93753
62379
48018
23362
378
81799
34960
3504
44249
21603
89351
15691
11135
97633
2668
72467
54113
35575
87922
64816
37825
74614
80665
21510
97118
70012
1076
14791
87595
71985
34884
97699
34363
82901
21060
51092
64699
72372
70947
25299
93974
60297
40990
21460
74281
60009
93926
28393
95583
98199
9561
33407
89164
6577
71269
2633
76588
72344
17423
80534
44328
68658
78232
95042
51558
99292
62485
32609
71663
33431
57907
81988
10079
15248
19799
84359
75256
13724
29103
70838
28274
38663
4245
17437
45239
91865
20069
38178
64208
53843
18711
24887
22500
13295
19928
90409
28938
82412
39369
16952
32194
97276
98939
58624
28875
18737
59334
4131
48812
88436
74968
77085
43451
95564
10873
88689
87428
47293
43219
67987
1135
78281
92873
39986
91575
29152
30394
20512
27915
86115
37463
76460
99742
52753
51435
28616
71489
10768
32746
36652
15556
24066
30088
59006
35981
40960
64046
39761
88252
7264
24099
5738
85545
33324
45723
93471
62475
92469
30335
6742
78583
67797
99553
94676
36902
50988
23291
8390
61755
72389
61394
77310
12806
91481
36315
48786
32441
16713
4898
37044
23976
28997
42782
25872
62320
4856
19343
41146
13676
49677
47887
8610
33825
47440
3285
70726
14779
26576
95468
76533
98964
56861
70195
28121
64693
22861
76906
13485
39573
98156
50529
79901
27152
93310
5772
5823
14517
41466
46968
28193
7494
11207
36802
57671
74998
40087
28396
89776
83014
40215
82660
98329
13427
52854
26449
78120
75715
19706
91604
31639
17861
42132
11539
61364
51793
17311
67186
82662
75128
14154
10854
82622
41712
64007
40292
16709
4093
85039
22836
3458
25254
5495
1786
38680
74701
44586
33151
66767
64292
41107
98405
82152
83238
9944
43516
51383
43606
27053
34044
18733
57558
61249
17706
99269
25255
57997
32329
45700
43036
71516
49157
84641
77011
67295
39672
68063
11880
72823
34829
92523
30281
33233
74675
13518
59528
34542
81252
3133
77946
31647
38218
35504
92895
55923
34772
34502
13920
83453
80201
73307
54968
45709
74299
48330
29355
13970
16392
41235
3144
67572
33757
33424
805
24783
63294
76684
75676
60897
96169
53622
92544
34386
89125
1790
90308
40248
36291
20579
40052
32843
10237
95020
94904
84535
43349
24258
14857
76093
65492
34352
43664
15601
84128
60820
56735
63773
37504
32411
24669
33672
2384
33564
84409
7860
35354
91068
64459
87996
27999
4511
20839
38235
99530
15742
39122
59230
39999
70330
35322
21843
21033
78986
53795
5160
39805
10529
68932
93660
59291
93601
43683
78026
27164
28091
85885
78869
35511
50344
66865
63509
54854
87703
1743
70735
19796
57216
29964
76146
43897
65286
14340
64930
60623
68134
70089
16779
95015
55373
10439
70657
48973
70473
48683
92488
98564
34567
87709
34074
1262
54573
13934
56115
58627
32028
26849
78422
89244
73165
70919
33140
38450
85259
14421
15424
69744
84510
32202
64758
39882
58992
35415
5206
29465
84097
14045
44380
35015
1753
94805
36277
56325
8738
8743
31303
40765
51944
9724
30008
25108
80643
79500
79909
82253
93920
95332
51996
94781
43885
33106
51014
2877
68520
56219
32341
68968
86616
76720
20334
4720
71524
56610
61045
80261
81705
8699
21025
33648
18423
67385
58755
15417
63236
55015
14021
57155
66698
66016
68288
10582
99121
19301
13458
83992
91872
45798
52959
78487
38869
73293
83206
26744
46254
60602
23356
27958
69301
60733
77957
4075
28117
53063
35843
7704
8077
49863
81210
74774
32230
49497
85356
31351
68798
15165
31694
77021
77315
1005
55507
16183
90649
55064
42927
36902
32018
82634
81212
1318
43366
59168
21744
71482
12231
57586
95537
36659
23800
76747
27785
56029
26243
13140
3731
11392
28304
35425
88412
21970
36429
60270
38153
27077
15334
97431
80330
63703
80064
61541
81372
23430
37061
3115
11263
65643
77052
6800
2301
851
83546
30085
73231
26140
59576
93314
37532
4232
28738
42295
26201
81518
2565
80705
24946
34250
78135
5275
97952
74551
83168
79323
14332
36580
82437
41946
2222
75840
65097
20874
76690
48642
50959
66272
91134
26886
59585
28665
31117
4674
87311
73670
86191
89875
54374
27488
24124
48861
32763
22075
39763
32282
1397
70446
68861
185
12391
87434
76024
77488
8307
69065
42481
75617
35337
33614
2503
11273
78630
49971
15947
65941
39992
18489
72167
94366
45977
96291
59578
95091
34717
15692
43724
36114
86137
12584
52650
14879
17
28674
92366
24675
14090
51199
292
65778
1164
2794
77051
96146
69116
9349
78438
9108
44189
50604
19825
6517
46894
95754
17959
97963
11445
61682
50428
13933
90617
3077
28811
6985
48102
37529
31660
62192
88727
31951
27969
89890
51096
21371
86035
20211
47071
64472
29318
91260
15076
49142
14128
78321
44895
32087
76283
72691
10120
43062
86623
737
46139
15434
7721
94240
52962
55732
72783
58040
87682
17104
47929
38777
54826
50316
58988
1897
31139
4657
9508
62566
53799
39987
40887
15045
72073
33521
87736
82193
76583
74358
82929
39073
6143
7001
49664
75456
62733
22447
33495
66766
55902
97776
21895
10727
48091
97234
28975
79229
1890
38482
41795
72040
78469
99033
87085
66893
48905
74820
49085
41839
65529
48365
80911
88024
71718
30575
63479
50802
69373
96974
17567
25274
11101
55813
52352
59191
53046
81327
54771
54936
36160
12917
26975
14628
28301
30411
81521
77206
21582
46957
35396
87111
11674
16307
91486
99743
63233
54964
50544
48957
68289
84462
90582
79389
40275
42933
54931
93320
24259
26054
64607
60419
38970
91582
91398
83623
38344
89270
77180
59926
52579
12575
47036
80604
45233
54873
80346
24817
9836
30889
73773
94477
31702
80706
73865
71976
23639
45148
81648
64249
71201
46254
41019
26522
54187
48769
26496
92531
54390
3675
52456
6968
16250
15843
87571
61482
70715
67916
86299
96902
15156
76423
91378
63210
57129
81595
35185
97119
26742
33184
77719
14294
95790
35090
57167
66328
83858
83663
75210
38247
87337
27665
61567
19938
59859
65489
97772
46925
33405
422
60179
64912
76844
67908
28121
50324
49502
79658
63794
92595
29193
57865
23240
24982
92954
80407
91310
93163
80421
66519
47761
84109
10536
9327
4047
86746
74816
1818
50023
24572
2239
10201
5835
95434
78108
33956
62110
43962
29965
25903
36556
59157
83767
76148
491
93072
56554
8152
86234
53326
91022
33995
37434
1557
59673
41480
4655
50840
59649
71029
75411
78239
81229
97598
73673
75688
47905
35782
36001
77869
78036
88909
53377
78155
65056
53867
71226
21609
78370
73812
91286
69392
24158
28719
87300
182
86551
91954
51022
46199
62982
42784
40790
60562
40381
14462
52602
88285
66595
88602
82505
60982
77510
52234
55488
42565
22452
43066
80525
822
33229
71810
70213
57386
16881
57512
57567
3431
65818
24940
65981
28799
67724
6770
5713
24456
37583
58314
12741
20529
46915
11597
97863
40777
63830
53350
99693
86282
12767
80218
3455
45995
68379
73667
3380
85259
47530
77299
5041
13347
2238
71022
58498
86313
94143
64210
10769
48078
38875
39861
84958
2141
51457
82820
42917
31639
52522
42610
34272
65288
39179
37726
11283
7557
27744
31014
9168
75273
24664
14208
4972
26902
1581
63469
29566
95724
44030
40334
60153
82904
96546
45110
85044
64355
44282
44313
95993
96803
86922
46616
78442
42452
84341
6076
50008
28436
37090
75527
20060
61753
89735
25031
5006
91315
4851
34572
3390
65232
91257
79894
64487
87803
25004
49531
52157
85637
10195
64501
98791
97116
11116
77232
55919
11808
83308
5926
40243
36749
97805
60302
98501
87539
1685
19859
95205
22887
70782
14947
88119
62038
11192
52605
49840
36195
18487
18348
38183
28681
82848
36973
42148
10315
14205
98066
22122
13864
20344
78716
50612
18148
39018
65464
22038
57054
1674
33594
79940
72455
48540
68058
34493
59732
20663
684
12278
55501
35384
50461
84182
18231
3785
26329
44898
17989
40747
67019
48204
61090
45735
98815
95589
1104
80631
17626
58157
82304
51219
38096
54759
16111
22506
5603
92194
59520
22638
20823
15020
58021
87635
99201
92604
91420
41882
37501
25760
98980
4519
73964
60069
66605
89130
72009
67708
69760
89634
42216
68416
57204
80312
39526
89666
2817
61480
81859
78688
84117
2682
93707
42138
90316
9260
34741
98087
51141
72241
23847
66472
93111
97810
26540
59716
3291
98548
43775
89403
4533
85991
57818
78088
82654
13695
67754
85470
75174
65964
64157
59290
68645
74215
17779
75313
83474
52519
89751
50966
41111
13597
17437
34222
27758
60328
10289
31049
75227
54063
20451
79759
56405
94620
74199
39058
8314
41952
40879
99839
7915
5035
75480
92912
95602
93259
84576
79075
62129
74326
46393
3240
4275
80181
53813
32032
40509
64101
79432
15735
34515
16234
11846
90920
10853
86044
29977
35518
44347
70856
51708
68613
92242
27188
61524
4195
20446
62451
99622
98926
53129
46014
2165
57403
26194
72329
5786
83054
52781
1570
98789
3648
34155
26986
94567
45008
29381
40895
96877
73727
28102
48585
58691
36696
92124
20215
40890
28921
99017
40511
27846
68497
2876
46363
42251
45422
18691
64389
28475
87824
65958
27263
91471
112
70600
2389
61471
99980
43283
74700
90058
87737
39636
48749
40784
31759
85315
98025
60679
84331
38536
88524
69180
57763
34886
11430
3184
69929
75818
31659
57752
41775
75273
49222
58239
45873
51610
36061
62204
11244
10760
52262
15332
66747
17362
56115
98505
2676
54140
75535
3358
9027
64059
72537
83141
15296
83967
86325
85224
76136
34335
59327
34263
9607
24900
92501
71831
76509
44913
50387
4105
55673
19000
35788
22419
36361
8255
37276
39036
62394
12810
58745
87772
93220
47634
70912
8516
31600
73588
10091
24087
7922
69418
58349
33881
94317
50849
5711
87178
95762
56097
7634
67786
75096
43421
6556
27808
51675
60183
83195
30420
72993
41940
34543
66212
89573
21807
91079
37524
95394
1170
61610
19668
86939
19959
53548
81255
87159
75610
84784
99272
48059
8769
83409
39506
68542
89965
67314
36568
50147
50508
66988
39491
8799
17882
22055
14723
39688
13133
52246
51434
14302
30208
71101
17592
66518
41000
15199
70028
16609
99982
69300
64667
8751
52708
20525
77292
59024
87838
30211
25523
54697
97198
81365
63496
31432
3419
78218
87471
16552
46816
55256
47205
93375
42708
64797
59892
83707
79995
46271
16668
96328
15570
97686
21430
84630
18210
15073
60005
22399
45284
1879
77096
58833
83244
56943
90264
86662
35160
94087
19565
98327
49342
66770
8053
92050
47918
84296
92108
27912
30567
8775
40591
62488
22813
62021
47117
41022
77093
23474
63421
38728
25352
56868
97561
8595
13810
4176
11609
65321
14614
31173
63648
63956
97942
71700
72357
45859
55996
80816
90122
2914
5943
30713
65401
28755
9085
28870
86128
2529
52343
65900
41257
77694
22767
55169
2641
36576
59344
14249
1897
90310
45421
81896
54265
59715
69947
42973
21925
42294
40140
28399
61559
46082
59111
26960
91188
84547
55829
77316
87075
8171
43215
28331
2216
82334
99851
4856
18909
59195
35456
37157
49504
97229
35404
20120
56943
21703
79444
95219
80348
35935
23617
41907
98369
99079
68866
89556
83625
41046
83223
87052
49216
42790
15382
51431
25123
15233
72639
60383
90779
8094
13892
56634
5322
65647
93105
78616
87349
88900
90187
84049
24834
13803
25955
23202
29234
11172
29110
29210
52217
28684
16261
17784
87825
47995
85566
29299
63227
58204
89682
70357
66298
19925
43342
87971
85571
36446
82939
89272
41697
73125
89672
82882
3279
31978
22436
48864
43149
51545
78074
11717
96580
94334
29500
84405
42328
15065
13703
21906
89621
19736
8614
72270
39660
68307
60240
41583
4752
59530
30854
62800
49006
36877
45682
52285
68854
68117
17500
12002
36013
95573
40070
48944
6259
85921
33348
64938
985
63403
3196
6957
83138
11809
79226
39150
80116
55818
80732
1219
15347
27937
80371
64353
64813
26052
32989
33666
10520
50488
62019
62884
62413
2088
11827
85023
4360
45175
49960
5344
24929
53155
12301
8066
81316
7878
63567
77783
63695
44298
95353
79042
88586
92075
59746
69750
18126
9086
3415
44997
75925
81785
7880
38337
224
19707
23359
4583
81233
89671
26279
6161
59177
54931
14226
56844
62808
94145
34626
26503
38442
46331
21896
43380
38405
97993
13129
72883
7078
32896
34231
83002
14680
42111
37691
14904
78169
77401
35838
59401
67071
62116
65561
42600
17046
96138
99443
96206
90282
50421
39060
45076
13103
60955
88455
67859
58947
1583
40741
82376
34478
74972
81729
65510
33434
35771
96765
11602
13172
32602
71002
96594
11070
52914
39193
28115
49051
54988
40672
55685
5408
79731
760
18510
40685
5566
86368
15983
7148
43461
14710
57978
34784
96439
39839
68217
48561
36603
96170
61732
85556
83523
74678
96625
36436
13870
41092
1838
68857
81763
57522
90616
77846
58281
25477
34882
63846
28197
67217
87346
71657
81926
61675
22792
94716
17865
7360
43277
70819
3529
21360
56374
87051
96037
69351
39838
26259
10442
41675
11467
8556
99197
2083
2753
73829
27559
37635
54027
72107
4851
57724
43763
3128
35750
66554
97844
53614
73913
57472
24432
93793
78831
97157
97195
74868
66507
37032
1126
93300
78707
28944
18208
94255
31026
20960
84435
74937
58594
54813
47043
79796
12536
7158
82924
64637
90063
97119
18250
80328
54590
59033
74120
49772
56190
87667
24639
22696
24698
42116
15996
19756
71060
50555
30362
18437
71514
14797
9725
46460
85961
56768
26255
98497
80277
9178
63133
70339
22648
97735
50666
77237
56767
41138
27009
12956
28804
67999
35652
53501
26467
67999
89609
13878
34905
19970
32314
6418
51118
42039
69229
37079
15158
95484
51927
95434
21013
31411
82124
43661
29145
32790
37249
85912
73927
64257
15219
2730
48608
67222
72582
75074
35220
62190
88951
86476
98512
37616
92894
65981
96006
62122
3059
11163
73957
71337
22948
11322
2748
5072
54982
31892
54213
8582
34155
28139
72839
49374
47220
21446
32947
36153
12871
84519
14695
1821
70994
13206
39436
63887
79186
51794
42361
98597
79308
16317
69933
2256
43990
72680
23679
98971
20924
77891
7553
55078
22381
96743
20803
85952
34540
53750
22104
47410
38268
36798
65582
9261
66355
21369
89500
45541
73162
48212
60489
52470
64528
30421
71077
8518
3101
94755
23840
40376
88997
47744
11805
11377
60838
32608
13680
11729
2709
35783
59138
57328
88933
24719
82940
55287
62440
72439
827
35601
20650
77667
88070
1530
8088
59146
26399
27540
70252
66590
67915
59248
30686
79719
86976
7875
28678
655
19604
47738
36438
95093
5065
25370
19812
4357
97008
82251
93147
14187
34203
13797
91853
38625
31678
99940
14122
74428
27479
84374
57369
11745
59973
4406
7816
46949
12281
36493
47603
31884
84231
392
26976
5647
42113
63139
10003
39121
61741
3150
53307
12296
33298
45159
50920
81327
61451
65041
72106
5281
49414
29474
17026
25739
33880
24841
72687
46160
77685
36641
94395
78267
53385
37722
83914
11849
17213
10268
67321
78953
29769
20627
91248
79418
82138
58519
60744
59940
23560
32849
65220
89325
78675
82245
15063
12554
23437
4101
75065
1122
57094
85811
79388
10478
23532
79653
22326
40744
6273
89647
36049
36041
26625
43648
15459
25114
2167
92554
85053
25726
41755
66625
31402
20429
65221
46465
49334
88658
66917
40750
6131
24010
26560
1870
34487
66443
81523
73165
23539
87795
79163
59587
40187
22139
3234
71997
63605
21752
64551
65009
47477
6305
31633
95231
43085
96854
41695
92418
1863
24963
33167
7993
48973
76078
9862
99811
42520
7736
89327
66058
95530
84841
41996
52069
6980
45230
24065
86936
66981
88615
51944
30810
11271
83577
26040
54355
96782
84086
63124
98644
9048
12642
6636
74372
88719
32849
74183
31239
40585
79861
13648
52466
64702
55644
4534
88033
873
28599
74968
84205
33565
26911
31366
61188
26839
73757
31894
23620
74194
95018
38615
83242
24011
61602
73965
12730
94451
64499
43968
35035
44360
57615
87500
9061
13258
8386
13445
30482
53336
88412
31039
3252
31674
62404
64439
58513
52513
12685
98484
26706
24054
37099
26299
48064
98700
264
60793
9502
64762
21112
44536
25473
78727
48388
50885
8336
56773
64329
55170
10108
52740
86208
13359
84414
64963
94150
59278
33827
6834
57761
60533
47239
11211
86831
95302
26263
3446
56095
35764
84560
77206
80300
10032
72284
28687
60917
96972
1811
25245
52141
28270
94337
54700
57980
95102
36014
52129
54379
69841
75314
28491
46725
22552
39702
33555
34206
65964
37001
90300
18079
21560
83857
98378
47943
72493
43416
25211
69464
61578
66808
37956
89847
61144
9007
47827
72597
61372
16307
26975
31212
7973
71817
94288
46876
11518
27843
81081
93833
81195
87732
11912
19106
87941
26641
83400
60433
86409
8611
46248
47986
75418
555
54185
36561
9561
18363
9157
70932
51021
52483
18496
58993
24299
12783
22221
52169
56977
19653
62353
54523
7385
90616
73628
95325
33609
57028
72109
20017
65638
18356
84354
41055
18910
54890
93967
44822
73252
19475
32105
24273
71957
50600
99617
12607
79735
21837
81127
36711
41490
59832
7586
65226
50447
81213
76902
407
54592
49010
36775
36581
83717
21129
93987
18978
92370
87953
63799
65622
23779
95903
6246
12087
62855
5862
41046
58941
44051
22172
12003
1892
82003
19588
83469
48802
17153
60370
65560
71744
9379
2335
24677
9447
39815
18663
28424
32184
22968
92222
14157
46746
4476
20402
75185
83682
42616
16230
42622
3018
38401
70977
4909
36756
90564
4729
1909
24068
65098
67468
12164
90828
86154
36840
274
25968
71854
28697
74504
94821
37270
88660
57919
41745
25414
33103
41779
68029
49332
752
71046
4084
71728
92306
40839
78644
97034
59099
2711
78483
42919
14874
69310
29072
68065
85935
71392
39919
14631
45895
34739
51900
50906
9009
9996
76319
42111
51774
60699
7794
68878
31744
11878
40605
40401
69068
19248
53786
44519
38311
32268
87437
69536
1577
16508
37601
87511
87899
77519
18493
50145
28609
86744
1051
37618
13092
77369
96080
81217
54420
3874
50094
86163
32103
90699
42916
1170
26298
96701
45688
80960
28969
49476
50496
46897
65984
88096
50760
70234
65614
85604
20379
94222
72348
21429
48191
85439
15149
44271
83007
69568
48144
33101
72083
80246
40151
31350
97767
82800
28050
59807
63760
73370
9282
14255
20267
91617
2350
71026
61851
84315
56629
98581
94888
45328
36361
43079
47118
67861
87349
30125
53781
35492
63225
25863
32089
19727
57212
46207
2526
1613
6013
66285
74983
31647
96891
95249
23263
99240
82626
1465
99906
55606
45
94794
17286
36405
37872
64403
4266
25220
94527
58046
77063
74103
260
9151
93829
73823
71709
12707
91787
77722
78991
66769
9368
75882
78369
48982
91473
77346
50447
91379
32952
50491
2524
66589
3248
40395
30991
7513
81966
41870
81910
59028
32324
98521
84530
42505
88695
56238
55211
80481
50311
50553
63602
59678
26434
41970
25012
34259
19316
75458
41989
68619
42300
44512
35207
45547
1258
82549
69411
83223
40770
67672
58602
73094
66192
59483
15598
54886
32072
87160
51719
82383
37712
15320
58412
80498
57289
83423
14756
92956
58880
73096
77926
1180
33959
29484
63078
35216
28385
32489
34790
69154
160
93391
42247
82704
69225
74196
53941
1296
77707
5659
83678
15419
37330
42090
95916
94619
41864
27023
3926
17096
16470
98204
34627
50428
27687
97704
1995
56071
30192
36784
41577
46704
46526
175
45759
15750
74371
99699
17045
52077
5358
723
83847
42687
59164
96114
53657
1027
23136
73935
18122
55957
72138
52748
6384
16176
50452
24730
88599
96995
61513
46527
60050
8038
46701
5808
40139
37423
5507
57184
5852
27216
74258
89698
86254
33421
85812
56263
50799
25299
46549
68921
81256
18686
38020
3991
51213
4823
28721
56163
18170
6585
2689
94571
30975
49390
379
71113
86812
22237
44648
92663
65804
18905
98713
52057
68677
84524
24671
19476
26174
71219
4748
23781
6256
59119
44124
57469
63942
89196
29983
98463
95780
32672
93033
43106
98413
9763
14219
85224
31999
58866
94239
97802
94123
92951
66211
62799
93826
90881
82274
36351
78452
3373
60132
84707
62492
4255
58527
42785
9802
88510
41247
5581
37533
34279
48687
35945
44042
79257
37520
92392
54474
31758
6546
48596
41060
72756
11395
51237
79988
10020
87588
74791
29745
64071
59498
92236
84677
34376
51372
94478
22885
92618
58
60417
43248
65096
12713
3641
60704
50233
12385
15178
81990
18930
63773
39402
8037
91519
90638
4376
17891
94577
79167
63987
58647
55016
56222
43323
89391
23945
37800
28628
16562
54210
89044
76161
35657
18109
96154
96361
68341
8538
27890
66682
27467
8014
6083
51855
99533
13073
56230
33775
24001
35396
97761
82648
6763
70334
42322
96154
94278
96474
24781
27191
67035
30176
19703
2691
48284
15856
15403
32976
40745
43292
99658
68211
51306
22092
20065
67190
51516
92647
17316
75517
44394
15076
74516
51157
1761
16837
47310
96038
29662
88442
39580
96696
18617
59282
99387
83253
91490
31141
16228
32234
74433
32237
16797
42090
54329
53213
25631
22196
45859
42946
97712
90253
58021
72227
41409
59781
5416
5070
72170
35077
93511
28101
31773
28479
3734
47511
11731
95223
95003
44311
43809
85787
92899
60605
27876
47227
13817
53506
85775
59676
96451
83486
66280
70823
72065
7688
46955
93832
12757
19124
28908
22619
63576
77032
51097
67310
40894
79180
62532
35897
23490
6340
21683
16388
83296
65911
79967
13465
35768
65741
89492
32219
65578
55771
19393
53994
79810
66348
47825
92566
1823
93085
31536
65399
86468
82632
32708
27362
61811
11591
79610
1652
34283
17644
34392
33930
83554
30710
47394
19322
12802
36885
67892
78379
92655
87284
32373
88816
69983
96549
81381
88158
89633
29268
69908
76101
11900
18967
19814
90062
30557
15775
91714
81191
33418
42457
15121
33324
73166
62514
52645
2319
99399
36888
80697
8405
40523
29421
97221
26858
25970
94953
15015
31954
24221
84922
24406
52472
3888
44219
42533
50796
76345
50598
31987
9763
9406
47107
43086
98923
25972
12082
1241
41722
65321
98290
66479
5843
27710
80051
32700
70031
75003
64066
1985
15575
65339
26390
84398
85578
86961
43283
36374
63305
10232
84712
73067
19638
48170
32504
18560
74141
60937
36153
32215
26257
34442
98693
48452
78503
78743
97503
48534
70097
61569
50518
2024
26907
93259
86421
28837
80219
46055
65210
43524
56287
66273
32942
75924
14442
81798
10835
4934
59086
46987
37148
85343
97780
52192
50146
76283
30934
47648
24816
17383
9216
91685
35758
52475
84943
22178
81311
81514
84585
62872
41389
40871
29144
90682
16794
59937
72479
43980
64870
31565
7319
18370
33259
5098
70561
83404
81380
17847
31051
6195
51581
56619
97879
87338
25445
99174
25867
6755
80687
10451
69626
38427
51321
15121
29108
84466
75057
17939
44798
56278
49503
52116
90999
99113
57213
77912
98868
38593
12110
46270
61139
63690
2888
75370
51027
44684
90895
93245
51438
87933
3696
37415
26359
55016
68887
55466
55834
43943
73404
631
16573
39258
52746
23923
54722
26310
1834
53589
64902
13943
16211
42393
93984
35450
17762
45010
80134
8656
54607
31571
96588
58302
85338
39298
29669
54224
94763
85502
14519
84519
2484
47443
40128
55229
71365
94850
97891
73199
64790
79144
3493
81000
21536
97477
32802
55649
58838
12935
64304
13444
60857
77243
71745
46194
16540
17766
418
27655
19619
31288
28525
22103
78730
68652
93683
50094
79853
91573
39644
44643
70717
43137
41994
92252
56965
74795
47901
15802
4081
28556
45598
64938
22151
33694
11131
55042
51459
27900
99048
71078
59187
27572
93180
54268
96224
86862
4362
92428
94787
44005
37070
65503
3493
95416
74106
60457
86562
38358
92611
90643
66914
38208
71932
5416
71901
83062
60457
23360
27314
59505
94437
2852
87076
3968
57120
99651
7181
77833
92079
1967
38189
45500
83821
41682
57267
57927
2138
43829
96284
11100
50823
79549
49307
22754
84964
21208
22167
61773
60919
65832
21277
71707
68684
24704
75674
42155
40707
99206
19987
49137
1173
74527
94636
84993
16208
51903
59271
34698
12083
71907
45797
79257
51455
95104
2010
52771
32663
40528
14543
93581
6360
52171
65287
91395
93226
57312
33549
33932
56517
69887
83068
74041
44413
94056
75386
76973
62310
34656
11670
74392
6562
73818
70000
74369
85273
72009
27139
34287
12536
58033
27867
18895
10203
9505
26641
3428
83168
60189
53712
39685
46427
36779
30077
90840
30834
5462
67812
93143
56470
95833
83886
79383
86002
53885
53751
71275
42245
97241
5561
71133
55273
49780
6379
81827
75636
33020
1607
58804
93208
55318
14840
55987
92096
44916
46826
39282
66730
30989
48776
23199
43173
49014
2581
29174
19250
72684
16800
61495
69924
38713
32627
41549
4844
55357
23375
80479
88376
24981
55634
97936
96650
86825
53922
88746
31741
17099
44379
14822
64439
93154
38020
7611
42167
56952
53136
61417
29635
86288
39263
15911
25000
88241
57459
46195
43597
97185
43025
48325
38518
98659
46260
35167
85483
16533
40264
33575
33631
84642
48396
98069
94148
2767
22031
36314
59719
91518
14082
5705
77805
53344
21615
19156
57936
95425
65350
1533
8962
8375
49857
47479
23385
12468
98997
8867
29000
55613
58794
62630
40254
23541
77050
50753
26308
99080
87067
2378
90597
17500
8082
84754
87196
46049
3909
45131
41473
69259
46663
50434
93985
12871
14264
17369
25338
29613
42587
54337
85225
17732
33318
41830
41273
10367
92583
83932
25798
96001
2661
16395
13500
10742
1148
17047
73142
21408
62178
30967
90666
25192
97752
1002
54415
12016
18370
79752
57980
77309
34089
43204
95040
83758
85033
52664
94125
93967
36595
19922
89967
39255
52668
19819
66349
70167
36865
39490
91575
15394
86808
98592
56938
84560
99594
11352
12927
34315
91103
70906
11623
41543
14109
6663
25301
15493
59326
35777
9460
12273
55698
15778
67879
24718
51948
34227
94884
88813
90069
86458
20558
76876
85050
93847
61435
84643
5198
90713
18957
12653
61618
46932
70547
92078
53594
12199
7571
29271
47975
33382
57895
20025
49159
25774
44742
1107
60000
55977
6271
66420
42435
43180
43296
43836
37027
21082
28478
58576
11795
63786
71228
89764
10717
41775
81842
80662
53973
89412
26285
18300
39145
84179
38324
88303
26304
99417
5761
2656
55393
28383
69075
14179
87915
28722
58014
24941
66156
86491
83516
94302
66629
71096
84065
93697
29222
65906
90711
83194
71669
16995
17845
10813
17525
72520
15468
60181
71936
37580
62836
27329
65963
31910
41507
70229
76984
15873
95169
43139
2363
95036
37440
85343
82483
37856
79040
11704
3762
69750
11250
75430
3096
29094
86243
36972
1614
1710
97152
89901
39289
59987
17229
21603
8249
75088
91831
85232
90960
3351
44722
9674
14739
98513
11369
97221
36368
6760
25277
56481
92861
36526
31911
12308
81971
34505
49279
83584
52566
62783
73485
91854
22769
7065
29809
47369
98504
37991
48952
5815
41342
93673
31841
72432
8537
59561
86004
61257
66320
11280
17737
59180
47805
49647
71487
29776
84151
37117
29711
53068
99899
19547
44922
39020
26612
91082
86388
41467
29072
51692
47282
86765
61716
95474
59196
70253
55034
45200
31509
21353
72831
49245
96884
20636
15244
84722
66763
15746
38190
12825
68814
38089
32372
30087
93460
75335
21168
79847
16801
66591
47890
80434
53356
9606
92259
28903
96210
47292
90454
44070
84996
79637
93314
98231
16624
24909
99304
83386
40655
37494
12562
25820
75582
44933
55906
69041
20267
93425
65239
53420
60015
13129
33853
29722
39086
42464
74977
35295
89755
81782
79364
91103
61418
89029
89333
78041
13938
88637
77778
70944
26130
90340
96763
18063
35272
69020
3455
71891
62444
85045
25310
38810
14525
75514
84884
53610
17977
59860
5256
24084
41641
971
15186
19411
90000
20870
97451
20289
25858
75229
7584
68339
65568
20698
86401
17191
89717
6207
89081
52160
91252
30742
7321
5776
6256
92204
59386
40584
52063
80993
64667
10056
81964
96204
29466
71963
17074
43268
8603
42931
34848
32538
11270
415
53235
14022
33958
42951
20229
39390
11462
11480
70132
18782
17255
92739
27338
92992
33322
79400
73985
14341
5807
55948
10544
51624
44262
43969
94892
69216
3252
29739
1753
14521
46506
54987
44894
96815
14289
65122
36204
25750
92953
22687
60883
26560
15425
88220
19551
65099
83972
9887
95791
89778
65834
22686
57754
26447
66655
52645
95662
69906
98735
97414
778
45240
68752
62023
42054
83040
27145
94610
25141
36449
17296
86024
63008
49073
90595
98911
14171
74566
8797
26313
80696
90983
48998
38449
17429
15652
7445
29443
1909
6179
26856
19038
67771
11960
81061
26176
94999
24557
20785
36492
61005
38081
38867
40365
87153
29461
39275
17675
20379
64423
43987
17426
55405
92984
72226
89186
24988
79670
18628
43248
85848
61835
62286
69970
73794
43346
96146
85145
67902
16930
21636
28906
55010
60502
85622
58514
6314
41248
92540
43044
5671
36526
60469
77427
45862
32694
66612
87201
12363
85239
30448
14563
47074
92733
884
37219
36078
97029
22363
20331
13959
60350
65589
85320
20851
51210
60186
43517
92458
52725
86560
14480
5603
47029
91906
51464
96074
58518
38664
24789
60108
85463
55703
23533
78196
56586
60752
30625
53615
83114
67308
83925
43464
32896
85596
80666
84105
45781
40534
92914
14858
27094
7393
20460
90474
15651
71923
86547
74168
26938
27687
50627
28752
83389
74160
23299
39975
34911
53924
9941
34376
37583
10217
94191
70478
95812
91209
70934
57945
31742
63848
72802
58835
87592
93261
65660
3242
81535
52207
93761
24824
79893
60740
53575
79634
34899
76874
19608
86161
47149
45900
36888
84731
72468
31079
55208
68279
38639
26141
42575
70380
6340
15376
45567
93932
24988
11226
13525
6522
79784
23638
47697
76029
84377
1272
55662
35627
78145
91621
21787
25293
53872
58674
26375
26339
6104
81582
10969
44742
24074
53544
31474
46766
85271
77040
57049
26611
4617
70573
49484
84401
10562
97181
60429
94938
98452
32442
30564
92948
24062
52350
18240
77933
27376
44614
4271
49831
42547
15239
94573
82972
85134
26046
29737
70405
19437
86785
97015
24053
73710
46498
24805
84271
60030
1585
79209
58481
34026
26124
51428
58087
94826
86019
36019
22201
46984
56641
72031
5882
88232
82955
88854
73365
25352
18590
43769
44788
21727
57135
85193
95436
19985
26349
79706
80014
27934
75266
54847
61959
1390
6274
20046
96215
8645
72416
34767
55628
45409
23149
61510
33640
6104
66715
7004
47807
1656
67125
8947
23382
24259
94139
35169
60595
20487
14875
40609
64772
6492
95455
26731
7881
18080
63128
20447
26724
51895
55213
98704
97303
78362
76565
30942
817
43279
54298
48623
44934
21422
57569
84668
62032
68059
19836
38979
4898
51062
95939
69669
57554
7745
96399
81786
25824
59526
2233
68900
27773
73797
67603
25075
68510
44167
72369
69326
3797
43018
17949
65082
80791
91869
49749
59174
59928
85937
98152
64825
53350
94090
50845
10903
1834
47244
9041
44010
23121
11273
12909
50893
1421
96863
92320
69931
57381
64688
55608
61177
7705
89908
42610
4847
81777
8711
64020
58056
94647
62172
39232
47996
56261
90076
75251
74447
37319
84291
18456
76792
11915
31364
44036
13335
28226
36355
99617
85606
17394
55225
63134
41450
45132
5743
46296
43260
14453
10316
1315
9099
72487
40546
73447
45099
46974
65049
19545
84292
49339
38000
77435
77605
69363
21471
7291
13940
57825
6908
15897
75219
78484
79030
16668
39967
84773
62964
83227
99225
73279
84541
24676
62117
41439
14474
7215
88412
79522
26760
89055
45212
81111
66490
22816
66826
4312
46458
80765
62136
69717
96662
53706
48200
75691
86726
88167
76815
49689
87745
92392
39319
88637
17067
1435
30075
47892
25001
34838
27413
68112
40245
88976
49223
23086
28143
16048
27397
74600
13164
5884
60669
26177
59590
8868
1868
46315
13386
95034
12355
17482
87425
68025
6119
20843
85811
52545
68734
10811
87383
12498
78923
43979
17825
44497
67064
45967
60544
94460
36919
90059
16695
97587
16236
76284
22806
34455
38950
52544
29488
67656
70025
16913
35680
76143
54107
37842
28688
22841
48653
32422
51690
43927
76400
69515
88423
59815
31833
65318
70626
68751
55376
87320
82689
71611
79956
21847
22417
35257
74390
51905
2913
44414
85169
54944
36909
39275
92786
81948
78467
57790
30721
30157
18068
23472
99671
6490
83286
31503
88159
53911
16606
59886
57582
99294
47849
37537
21140
70265
72794
11881
22169
92058
72647
23689
63353
9555
62964
56138
7854
41430
30279
54926
71586
48346
78397
87608
71187
78034
35463
59345
48296
52068
35583
5877
67713
83431
43414
5205
53695
32559
17085
92216
24616
89731
15904
87968
15637
95219
60458
39842
36649
7088
94767
24586
55434
73163
12194
26620
51196
47656
2317
99491
16075
54251
21720
83787
37681
65133
5343
7727
97691
22428
16294
38658
28510
48550
42977
60499
43768
3434
340
80416
10522
95107
21354
82307
84621
33547
25278
52169
97554
43946
68011
13628
98196
89730
13766
52228
54862
19109
76307
68904
57888
92600
23913
2749
41149
66890
63247
84917
86675
63587
81684
97196
75045
3037
95854
59665
52935
21132
28185
50488
65077
96196
80467
79625
85925
10585
31852
57139
46045
8158
26042
20284
17110
49955
23032
58258
33196
86279
59526
19870
66217
57562
17066
57613
60598
29271
33629
29885
50402
61814
96724
31831
58009
93543
27807
43933
4127
76010
17423
66523
84168
43465
86806
17629
9771
26189
75886
42966
28819
51764
62835
95035
9325
96252
68999
86274
25523
2628
16158
92276
80793
29234
40458
38801
22776
68264
99085
26902
44274
16508
9776
44793
76324
96581
62421
2446
22769
54658
45411
51588
22773
24597
62974
32097
20849
48325
34723
62723
50952
67232
71350
31744
96465
11808
86896
19240
96423
2332
62493
57048
35191
72268
1840
27866
85200
80612
30311
7969
51622
75721
75908
74394
16670
55233
22843
53870
3557
57565
16592
70860
24796
4293
18955
37613
32452
22202
73204
28875
24534
35697
85922
76076
24316
4114
3942
9516
1077
34252
33836
52698
26325
26095
27092
42994
81327
49934
96863
1236
23850
29806
72095
64997
34098
91050
2609
82902
13251
75813
11776
54136
27861
14049
30212
52176
18162
50505
78043
19239
84756
11878
88288
27432
54324
31731
70425
35651
81664
83639
36886
21865
29796
25332
86862
80246
16381
5822
63147
45984
97986
91274
119
25846
5322
46682
94374
39836
97186
72416
75426
98294
646
63713
25725
54969
95444
12502
6971
93459
12492
60208
15324
42288
85540
18537
38885
18272
24358
2031
64255
22344
93304
80726
64541
98625
43759
75266
54812
40945
64034
30237
55590
81031
93950
97666
52351
5745
26519
59322
99203
39011
35881
30878
97650
21420
49414
36534
56044
90124
54916
36650
28819
48219
17375
9711
63195
77486
84977
18007
18430
65362
64595
90371
46392
58544
88036
98742
80640
14555
74415
79843
69917
10296
27072
67566
48067
76486
20451
4110
82961
75366
40760
11779
39936
74486
37841
3130
51971
22817
37488
86752
88178
2083
93474
50921
76978
97862
49663
73970
12416
24077
53812
98684
34372
97235
66249
98791
90072
86699
2900
73032
78416
60011
1162
18351
50849
39003
37832
19171
78171
91672
22275
66349
10106
15748
17269
3435
13609
83283
77404
42376
7360
47567
41059
58083
44802
23659
56873
34873
26709
76125
7905
5124
52487
25418
23474
3335
64420
77658
38858
42591
69329
61132
25291
79434
76879
58911
82868
6840
58546
76624
49215
82257
24190
90274
40339
68991
13932
13564
3864
40641
6040
28120
62116
74878
69889
85590
94565
34309
79599
33422
93251
48927
94553
34893
44712
87783
10155
43931
94622
68700
20554
43837
50956
44744
50462
7647
30086
64393
37562
33949
21385
59953
78420
