100
28 48 100
92 66 6
54 70 81
76 93 92
50 27 52
32 22 18
56 58 44
10 24 80
63 32 10
10 23 90
63 2 89
14 94 6
19 47 75
99 23 19
43 24 45
94 55 19
63 10 28
58 20 51
37 34 35
47 95 9
88 9 11
29 22 56
34 93 2
61 43 76
79 85 100
76 31 6
94 45 68
21 55 39
24 91 72
58 89 18
18 29 27
28 57 100
83 90 44
37 2 87
12 81 23
63 56 5
69 1 50
88 21 56
26 96 46
97 5 87
66 23 67
44 2 75
96 37 16
39 25 18
25 88 50
48 51 5
52 71 5
53 58 77
8 83 73
6 31 29
44 48 51
62 92 5
36 87 41
51 77 65
20 2 4
69 1 54
25 52 76
29 57 85
58 16 19
82 21 1
10 16 49
13 77 92
17 12 30
9 15 6
25 34 7
28 55 7
34 79 11
61 8 19
46 17 34
64 98 7
17 59 74
65 71 51
8 87 14
37 47 28
42 71 14
1 51 68
59 84 46
21 44 5
39 41 21
25 57 70
83 73 29
56 89 99
6 96 38
20 32 84
99 25 7
12 77 57
31 36 92
77 56 87
81 47 28
54 23 84
23 5 56
51 12 96
2 18 91
39 89 74
74 39 98
32 3 75
40 33 62
31 9 69
70 42 67
97 95 89
