100
32 69 45
39 72 57
34 73 26
24 63 14
49 88 4
98 20 6
24 59 39
85 42 47
6 11 40
72 7 86
61 90 55
5 28 26
61 61 50
38 36 12
51 36 99
55 33 70
60 57 29
50 93 70
97 98 32
88 70 90
74 82 79
28 38 58
5 51 18
54 88 5
17 91 92
67 45 24
37 56 32
17 58 25
38 6 74
69 93 95
58 66 76
88 45 14
45 49 64
14 54 51
70 70 93
61 37 89
84 25 45
16 41 54
92 78 59
65 46 51
60 55 17
87 42 13
52 86 62
15 51 67
18 20 37
10 80 25
99 63 49
95 30 89
48 73 18
6 90 63
8 1 69
76 87 10
89 39 47
2 5 97
68 74 16
56 36 47
32 86 61
80 80 91
20 79 63
37 36 4
51 95 4
19 71 91
80 59 81
78 12 85
74 31 59
41 87 46
87 18 31
48 50 62
90 21 40
4 10 27
8 60 21
11 31 43
53 10 53
33 40 64
70 13 95
80 6 33
25 44 50
55 43 51
16 32 72
7 36 81
85 95 92
57 5 22
100 10 84
52 42 23
68 11 87
62 90 44
46 14 88
95 20 30
98 35 14
21 41 1
1 77 95
44 34 51
18 85 60
53 36 54
27 55 64
65 68 6
9 13 19
96 60 39
77 57 25
90 77 18
