100
90 29 94
84 24 79
87 41 63
46 45 51
51 71 5
15 36 73
20 96 37
90 91 96
80 19 4
5 9 32
74 98 12
67 34 88
98 72 28
60 69 25
10 20 47
67 34 82
91 5 77
27 46 19
75 78 38
30 82 98
62 7 95
25 25 80
12 22 51
92 82 72
68 43 91
14 9 76
96 99 32
24 78 77
95 4 54
32 33 87
29 46 45
75 23 70
7 34 91
9 77 24
80 44 67
22 58 27
97 5 26
80 28 55
57 74 58
62 5 90
1 85 88
45 12 10
14 70 95
57 30 72
80 62 15
46 83 24
73 32 28
50 11 8
56 19 81
13 81 38
54 81 74
93 77 37
2 91 6
97 99 88
20 78 49
86 76 31
10 100 14
89 49 25
96 56 43
29 68 75
66 73 7
39 66 84
28 67 26
33 15 24
20 34 53
20 20 28
3 81 79
16 69 79
40 17 34
35 45 1
9 10 26
68 100 91
51 27 9
28 12 76
3 83 9
55 3 80
35 5 12
65 20 81
44 12 97
77 46 41
30 6 2
55 73 1
97 75 28
5 2 91
80 56 73
41 63 75
72 49 79
84 13 51
64 56 62
12 33 59
4 14 64
5 68 37
57 64 63
36 20 17
26 100 72
99 92 34
25 63 34
56 46 47
6 61 54
19 72 86
