100
77 27 99
40 31 18
28 88 81
91 23 53
7 1 4
30 99 95
16 23 9
49 78 55
47 35 67
1 53 91
38 29 17
89 21 48
6 48 87
39 90 61
91 48 61
94 78 11
40 93 86
48 93 15
54 40 50
73 40 54
63 77 83
79 17 55
78 23 54
16 13 44
77 3 91
37 48 20
100 39 12
85 38 57
99 92 96
48 16 87
54 78 15
88 8 32
42 38 54
95 53 66
90 29 20
81 18 19
100 17 57
64 1 94
72 51 37
67 51 52
5 4 81
19 91 41
50 32 78
55 78 30
72 68 59
43 48 28
61 99 44
69 14 96
63 85 46
51 3 96
55 7 99
87 78 41
27 27 72
4 34 2
86 5 69
44 48 68
23 60 18
66 29 84
13 43 68
58 93 23
6 99 81
56 86 58
97 12 37
20 68 70
21 53 26
41 48 25
8 70 85
26 87 65
9 99 7
28 8 51
2 65 50
83 21 35
40 69 98
76 40 65
97 13 17
23 53 16
47 13 85
83 38 23
47 98 21
53 77 81
4 79 45
5 61 17
39 52 37
36 80 29
53 28 93
21 50 97
37 49 9
73 83 98
96 30 95
68 34 24
100 89 2
97 93 14
65 83 17
2 19 48
82 23 76
74 43 77
70 31 25
31 4 60
28 51 89
75 70 74
