100
59 48 28
74 22 52
36 80 26
13 33 50
16 29 32
58 4 72
3 18 49
94 17 15
53 65 48
94 82 99
100 92 46
27 65 67
30 1 99
56 65 83
57 80 11
89 90 14
12 92 83
60 37 99
27 42 63
26 35 45
25 34 36
70 12 53
89 42 5
39 49 69
21 5 1
31 93 90
96 57 33
79 68 22
29 94 63
44 20 97
40 96 82
27 17 45
79 5 38
83 43 86
4 15 91
56 97 35
97 93 91
29 23 59
2 3 4
64 46 75
60 85 70
93 12 87
38 42 43
75 77 38
61 80 52
3 87 49
37 83 93
28 63 15
38 65 17
93 28 15
68 40 99
89 32 62
75 21 4
18 48 32
55 8 11
58 62 97
6 98 79
50 77 93
64 66 57
33 59 85
47 78 76
97 66 7
11 93 80
66 10 27
97 16 86
59 73 47
55 31 44
85 80 73
29 96 38
86 28 48
22 26 77
97 74 43
55 84 35
34 49 96
60 97 11
97 55 35
43 61 65
39 97 97
11 26 92
48 11 71
48 32 96
24 28 69
18 34 5
52 68 5
99 79 2
9 76 56
44 18 17
60 56 13
56 18 38
47 18 100
69 65 31
64 88 10
85 6 44
89 9 63
45 8 41
46 68 68
54 63 86
70 23 93
34 30 11
24 29 80
