100
42 92 26
7 3 14
46 36 72
78 15 33
81 68 74
63 27 59
16 100 40
1 42 46
6 62 86
24 76 61
86 69 52
63 75 6
28 72 42
51 49 56
35 81 75
8 96 2
66 11 1
58 11 94
3 68 56
40 43 31
100 80 51
51 43 25
57 22 49
50 73 97
57 7 30
32 15 25
33 32 87
85 89 49
78 43 17
85 82 11
67 33 91
17 84 85
94 92 6
42 93 78
90 49 85
71 32 51
95 64 82
33 100 23
82 30 65
50 14 47
60 33 79
50 49 14
34 42 57
40 35 1
69 25 50
5 95 81
55 42 97
89 74 48
11 55 77
75 4 43
73 16 75
4 65 75
69 51 69
78 90 3
78 10 79
79 15 26
60 21 67
8 9 92
55 71 99
84 98 54
26 22 69
52 25 34
26 46 84
94 23 25
49 52 34
27 31 100
52 42 21
70 1 29
62 55 52
12 38 49
65 15 70
86 66 47
19 92 44
54 37 18
30 85 69
15 64 51
15 15 44
35 37 44
15 50 51
66 61 88
66 77 55
88 62 20
86 32 63
29 37 100
46 66 36
66 81 99
69 95 66
12 81 54
8 95 3
58 61 15
97 78 91
51 65 5
23 50 36
85 30 73
36 27 90
24 93 70
74 13 16
39 76 96
92 83 91
46 92 3
