100
47 37 37
96 64 14
56 20 20
37 98 8
9 68 23
76 12 29
7 84 54
74 11 38
58 19 28
22 76 58
77 74 47
13 70 10
26 77 81
97 65 79
4 74 98
78 1 10
7 7 93
12 33 3
49 90 73
76 11 48
86 87 74
32 99 95
93 77 23
26 73 88
4 29 13
1 6 13
62 64 71
6 27 3
60 76 44
32 3 54
32 40 92
5 23 91
99 68 19
21 93 43
8 48 71
20 48 29
84 62 44
55 67 71
57 27 98
1 10 100
6 41 92
98 97 14
40 95 81
10 68 73
52 27 20
75 99 20
3 82 81
98 36 99
68 45 77
65 97 87
17 2 79
8 51 76
21 90 22
54 99 41
26 3 68
98 77 66
69 31 99
1 28 35
99 48 31
28 64 27
14 80 28
92 39 31
19 60 72
41 65 23
81 42 25
100 39 1
17 7 83
16 7 62
2 58 9
32 85 73
58 50 4
37 93 43
67 12 54
39 4 18
61 36 59
37 36 50
89 52 8
71 67 67
32 68 24
93 99 60
65 8 9
20 97 53
62 63 64
15 53 19
84 65 55
95 1 90
44 89 93
3 59 60
69 43 79
44 87 30
3 3 37
63 22 33
16 84 48
31 50 100
50 34 17
56 28 17
97 23 6
89 25 16
100 46 10
79 89 96
