100
94208 53344 89898
29896 75958 65320
55881 86025 41955
38480 11608 4304
61031 72509 22589
58047 76664 71168
89916 30660 35042
1121 30548 69767
14888 38848 91964
16650 39178 48352
20145 49737 18047
26395 95984 94005
8066 68216 80029
66372 6695 91636
87027 84078 80496
9616 42124 57159
97135 48391 87818
32177 49511 34718
18295 80751 89917
10258 97400 45446
58609 33896 95182
93008 76642 91165
87012 84707 75733
83392 51078 82427
91380 38105 82856
71875 64072 41332
29034 61206 89722
33203 9734 55585
84272 28028 36335
74188 54637 50086
19633 29598 333
31166 22605 76975
38683 9616 78033
14415 93007 45463
96841 738 99919
96049 72613 80342
37380 17998 57899
27101 51200 67633
82685 51824 12012
35371 42363 66649
85456 78348 96246
2141 9513 35202
79115 48195 44817
73499 62609 54175
35313 75802 54913
35231 71850 43877
15572 9229 61874
73471 52681 13073
57455 35366 64896
69466 70736 7259
52466 72544 1958
65063 74684 11470
264 70150 76017
61432 60000 38625
15607 95313 30778
86871 30543 18979
30747 62467 44559
92620 35937 97240
22044 9743 48957
3292 79208 19692
26902 48026 8587
28859 13088 83270
56680 13352 69771
32696 74783 29771
87673 6741 25083
18450 9963 71977
37429 40709 34443
98339 49680 86731
95578 88076 12825
60886 7719 92033
96930 50972 40058
5516 79830 69497
5138 36509 82848
74908 85557 73983
21030 73229 80723
62464 91678 7038
34441 45458 47746
85235 60149 13778
88318 72078 18205
1142 32964 42275
9526 29893 93246
65935 51760 73075
51784 56897 25935
34631 48157 27843
24965 85538 1071
22040 48002 9101
29077 98794 70910
93174 380 31058
23303 88697 3136
41507 6191 36099
83781 32068 82343
77026 14355 34102
66452 66138 7351
8739 17120 71859
36581 42085 57396
54004 64124 5397
63104 9552 4190
34013 2725 4570
65071 26028 9618
84558 83886 32160
