100
37008 67667 80580
19350 61044 94934
69803 43848 77423
93505 68938 94542
65363 21870 52978
22759 75873 33453
44507 55328 43004
65049 5693 45729
85970 87115 88108
11939 71672 71993
60451 8679 39659
41030 44380 17055
52315 30534 77254
29737 24039 46191
40630 5753 68060
9960 44863 60285
43412 89370 31964
86416 70770 37656
48496 73091 24770
36603 85029 96441
8595 45479 21471
64606 86508 65850
98012 55174 12736
75265 84910 36774
21455 41892 58878
5866 51851 3741
82502 11614 9462
14466 14381 96583
52121 79228 69673
76891 15830 54701
89683 40777 16532
11154 5382 19391
93355 3393 74565
6090 95009 75826
59215 32815 34069
18093 38680 2271
38185 37534 13885
47646 51999 28265
60580 20471 7493
30252 97361 39674
1304 3396 80450
17835 14549 2183
37226 7903 21927
28142 30345 16935
3967 5911 49749
38036 24003 4781
40306 78539 58666
70542 42536 10664
15159 3115 47486
39003 33366 61199
78676 34670 64594
75478 68856 95494
77660 22433 3396
15939 50574 50092
32873 54541 56003
98974 8928 96357
20106 49233 74896
78771 19775 33783
5786 34933 36898
53271 73935 86615
30821 68962 37636
95414 44439 6492
90907 38451 45276
10655 54389 95850
60746 3613 50390
33100 18938 59317
45809 55395 24901
20704 34165 61027
70838 56302 95959
7735 9573 86245
10702 56745 55207
48337 52159 15997
71180 59417 54447
16456 70071 25187
28657 47169 45152
79046 96620 80441
54714 42428 35836
95966 79483 70000
56993 50321 26302
69303 74407 52226
55548 85108 8970
27106 49797 77480
59454 37328 36897
13901 70135 23319
55439 98791 70487
16942 77836 67107
97383 48901 25886
33218 44867 5369
3217 18211 55689
45870 87513 30095
14447 59412 31555
39769 2869 81351
17248 62323 35030
70496 92575 5165
93815 48013 3955
80653 64955 98143
47759 78689 63395
89997 11906 24613
95365 31474 42823
51053 93696 46688
