100
97499 8142 6099
45405 47910 8968
43107 81510 71290
78137 52005 63864
83301 62171 28228
87255 42824 9534
1749 6934 88222
65144 96930 16479
89756 92294 47953
32579 59698 41648
79266 73549 66141
1716 18953 14051
27035 62060 11912
98324 56548 80268
78539 39848 42439
23119 43454 85262
49004 61555 92195
37226 26698 89125
70056 16453 81418
18008 65383 41116
76007 61000 31016
42148 79068 49968
72550 6102 28379
84461 20778 84926
64728 15668 41125
23518 38786 931
8779 87790 62485
974 41367 89182
6450 11422 21986
4219 29430 3721
61686 5436 81072
92701 63935 76491
42669 36484 82593
71047 37296 3370
72325 18376 19037
13449 41893 74175
14379 50672 61964
93215 67997 19682
82396 90798 31103
20734 95016 76884
40806 56702 98672
38229 49402 62606
14720 8422 99090
97312 79469 52737
17033 68145 71112
52421 81593 13005
42947 12324 80028
21262 5538 64376
40943 4286 55173
88398 41371 50188
65281 82176 23241
80304 36756 72643
42910 51475 81064
58351 65138 76884
11087 82170 61380
82199 50943 59325
11555 93889 71648
91582 15151 93537
55957 56093 14174
27481 60842 55544
94020 26123 54071
17261 6426 90827
6255 65687 58653
3670 24037 23791
96906 51476 5960
58285 50026 73254
17609 61580 67143
5608 69513 98645
15497 41821 71089
29670 85653 31931
85214 79672 58053
55636 13284 80830
62814 35890 46517
21467 55912 86905
45257 52817 54732
67568 27453 21109
40822 61414 82688
24316 83373 68552
39312 98869 26724
10400 28539 12376
42330 30104 8400
16734 85739 21683
13916 64905 73925
76784 86371 29836
80040 47979 99004
34772 31898 26456
55880 89071 4221
54920 29738 87594
39823 69049 86462
66547 79449 15000
78922 38130 61455
87321 71216 63546
25356 1483 28450
99280 78266 31172
45467 58305 95502
44470 93076 27399
87277 65308 32822
91498 20227 62559
95443 76401 31608
81904 42947 27408
