100
80812 54802 25637
67990 11840 75141
92548 92426 82109
15983 95512 84193
16155 3383 97550
29986 48551 81921
58565 5879 45783
13491 66028 25955
48916 96970 41146
18922 92362 81584
54059 89525 52737
96048 73867 80929
87540 66414 73354
86001 98748 68866
86545 14902 88600
84094 44887 37151
82366 3451 59381
28148 16941 41760
70454 82208 38729
27952 1130 31090
25887 71540 36967
78624 83939 10833
75904 87831 93598
49257 73831 92345
34474 60375 7247
23074 60820 52133
76576 43185 71936
35956 87685 88876
77715 58138 87436
16443 86089 4917
63884 11976 76456
850 6951 76747
28034 82854 64577
21631 48462 38407
13976 82936 15133
21222 6009 75952
89706 82584 35488
61641 34891 23172
66869 12605 97662
54304 29047 102
59220 9282 28429
52027 10132 35379
28773 38165 34584
93349 59796 83046
48107 90123 82333
79591 11344 88341
71894 17401 87276
7382 79042 22166
30553 62262 51122
44566 16565 96520
44668 92136 5801
73096 44162 15932
24827 89287 70449
75762 98987 46596
75159 63446 36718
57491 43036 64413
62183 14930 81813
65810 38663 77206
4327 85567 39467
55448 30133 72383
51967 74800 64518
57768 64247 25032
90051 5425 30670
76851 81187 29656
23446 72697 93101
60163 30188 52489
40927 8722 83770
22740 74532 22432
16297 78858 7998
55764 34306 38130
28146 2624 29281
9016 76743 9880
50399 66794 15304
81068 43644 12842
10723 83442 85539
20176 59956 32078
89016 883 40799
72785 39974 31682
11568 56270 26892
19565 28385 61197
74047 72883 80172
19679 98250 56915
29558 48648 40060
61214 29715 55
90407 40437 83496
92297 76964 43452
24374 65979 60686
81525 55115 659
29558 66682 73280
56449 2599 18017
33997 92997 7251
14169 12675 5500
87435 58585 54147
27494 36150 213
27548 26556 57001
27396 18853 33965
87199 59578 16295
47884 57454 71410
64894 3364 54443
54525 59812 57041
