100
88893 10161 50037
96143 40681 79064
1642 28115 54000
72140 71960 90149
72352 15859 33056
29353 59606 68260
79669 46804 27838
95963 94687 1643
67372 75932 21358
21815 30457 97522
95207 19349 7682
61596 31844 48362
40659 49837 92828
94658 21977 81139
84806 10680 96997
17861 56384 56603
86121 36052 19758
30310 32015 14445
48304 15738 6728
69662 53904 37184
67183 65463 72885
91216 27058 4728
55929 67716 54564
48756 78725 92892
29894 63530 3572
43242 97742 59955
16196 214 12359
35954 46875 60725
66750 11531 92814
73477 97544 46718
27013 81078 28532
99897 72293 55589
20976 28221 39656
75539 93328 18380
84783 23221 98261
4706 82814 12354
81012 99010 12568
93370 51315 75794
54094 18064 87324
46908 7892 1219
9977 34904 82296
38508 34800 54588
10448 55775 99160
50103 47666 92487
84834 32448 32059
83094 53505 14873
95447 34516 30234
24366 27886 81548
160 98331 15963
3835 45238 23854
5054 71566 58758
87349 26425 9909
58289 53224 65684
57448 19678 29701
66287 4511 78500
98345 87604 32004
29569 99403 66519
59802 23768 10756
57701 40279 9087
90015 60466 70676
13869 81871 42242
88978 69219 85018
98886 43859 38242
80921 17659 74271
26973 83945 78782
5472 98641 82737
37475 28210 82139
20346 4363 22259
31101 62064 62537
40187 52078 39354
10863 82298 21224
69456 87627 6795
70825 2865 50653
25418 137 84663
99689 27110 84959
78470 32581 83600
61206 86408 11809
43345 6753 16171
81955 37853 94586
60843 78040 63016
197 5254 61665
21420 91061 49292
44566 61885 52156
11571 87303 52292
96233 86991 95753
81192 81812 28334
64791 43017 14741
92951 2713 37845
25473 84667 75697
20059 45510 70088
83074 62058 91693
44738 99829 82753
10381 44395 60990
78888 55965 48292
47532 68549 51634
43284 66092 33445
87969 47234 92813
19061 40184 11878
56905 65657 12896
48954 85715 58405
