100
35393 85140 36814
43438 46229 36643
26190 72962 97389
3531 51849 69705
51822 15732 38253
19807 59016 4345
69603 63336 51578
62416 82397 8114
74293 55653 73770
3540 4606 75836
61945 56351 77327
15110 99788 39907
51752 42329 12868
49140 45860 81069
18844 14033 96800
73449 33840 55815
94145 3442 35503
45722 82209 17899
70187 72853 73551
43956 76393 94509
36143 54689 50859
29821 69798 50646
69728 37902 9326
82595 3393 55185
63663 38589 85570
76815 12037 19409
48981 6181 39202
84483 68254 37763
2381 38441 10615
75932 98748 3359
86792 51243 58047
37650 81063 44197
4647 67142 82098
13972 66089 85490
85509 29751 40430
87430 22917 52466
23190 71898 74998
62391 56380 59604
153 58761 98044
27120 51044 13143
30478 37835 64385
4877 91836 61800
49073 12834 28941
47522 43157 11381
33011 28665 41132
89793 32446 80400
42258 55635 52297
33608 18026 8677
93211 34530 83789
7606 78001 51184
20748 8479 5370
1485 29707 97205
79636 78779 10038
24928 26300 53194
36309 75662 98211
93792 65454 30656
74191 24064 2643
26488 57671 20668
35164 50881 71549
35304 58486 65902
86487 95585 74380
91856 97069 4086
5412 93056 99216
31801 17984 25515
1346 54292 17528
15908 48083 82982
62916 22273 23397
65558 65112 81067
2577 16627 48299
90477 51930 23136
56378 54768 35072
47109 62975 48493
67546 68386 41548
66761 16538 59531
8627 17884 30174
26155 50143 94608
25488 13058 33233
48884 94967 98344
46302 97543 31323
10952 88020 83252
34087 44397 54372
85510 91506 17346
34002 59051 2084
75550 42164 18621
51432 50790 52856
97958 76944 19351
92565 2431 32408
25797 67666 27375
40493 13967 41269
71815 24918 29288
71418 75356 90037
25789 60866 97894
43135 11219 73296
45218 86768 15459
80190 54552 66249
49398 52509 59544
68748 45073 78327
17507 87222 45992
44881 27714 76311
86150 99528 1228
