100
31789 70945 92936
38177 13086 70153
36070 56220 81371
9366 17789 84491
24824 97978 39042
91072 47375 7902
66968 32474 52974
45294 49981 56547
91285 11213 84260
67595 13714 139
85175 45503 87436
94462 83679 521
64614 19749 73092
62336 45466 90880
46826 70289 88857
85867 77713 52584
93768 44680 1409
63094 89973 51389
35992 97609 62602
20252 81556 76315
36742 83082 38169
40529 77543 21848
41049 58508 57948
14140 20843 3413
5019 67669 90053
10228 69887 67765
79163 80007 28796
80571 59452 35120
48312 95443 32729
10913 32046 30636
3579 85140 13717
41748 25668 7611
79947 83069 66118
37894 97208 86960
57658 18579 70980
47710 45158 40867
31827 40672 37225
76974 37594 96676
12094 85905 8470
61174 13169 40516
91809 16748 25655
21877 74847 67674
29487 54793 50742
11956 9038 64302
98915 66695 99232
86247 30756 44389
43465 78934 1412
80689 55908 39005
93716 84353 41262
2185 45526 54430
59052 53686 87529
1058 75562 62375
68732 21400 17167
35825 33355 42556
126 48621 9250
99357 34867 56358
60097 78331 35291
61508 59019 7550
513 69086 91902
41774 71271 37427
12555 46674 91112
84 47732 83025
78810 32815 4424
12329 68639 54130
54884 68765 2751
64134 84473 37617
36843 44570 15948
88485 6077 91318
96035 22941 76756
87936 64714 48026
41715 93621 94699
49178 10056 58782
32203 88865 91596
52978 1193 60235
7108 56077 45351
9858 36562 29823
63826 73404 74392
96125 78240 80469
3795 74274 19761
80550 62210 84475
28575 20276 94447
39625 69453 4502
14759 1655 93366
6354 70985 94559
82940 78092 66987
28290 4301 19900
74465 68126 9655
48856 64251 87894
45676 68045 62168
81789 48594 40729
66263 93520 61004
77061 49496 30456
81562 64254 48463
74927 70608 19447
85837 69899 13890
69175 14541 18190
89074 89005 86315
98728 54212 66917
2974 16240 34961
65141 98028 99906
