100
22221 80642 93425
99576 57702 59273
30031 39263 23526
94845 30541 10485
30643 32730 80384
44532 1904 94924
62721 90978 83928
65388 6057 54491
32304 9030 70730
67265 90522 68757
83522 12742 65750
76947 12317 23451
36219 58700 79065
76096 69896 9606
86581 539 42335
66964 45070 44238
78239 24143 51567
78518 89530 73976
33008 21833 83005
20090 5449 89879
5198 88971 2620
70948 82269 31289
94398 34839 6340
73463 10934 76235
99420 97514 76773
41754 80829 38195
2343 75419 78689
70262 53936 68218
44237 3296 6402
43593 23385 28203
33471 28582 33525
52443 99529 15793
83731 10279 66983
6422 93 77916
82656 99512 91782
75781 57617 88962
30327 76311 64381
9015 46572 18316
93584 90808 37963
99985 34401 61347
44539 84223 89929
78063 36665 5809
10207 36747 16087
77189 43168 32531
55105 42176 32042
63238 34308 6010
52199 80986 82321
16579 6352 28892
51247 99935 36052
89209 16271 86804
66908 60810 71026
56836 55224 24043
78996 65431 60789
11435 42619 20309
43965 14075 78836
76007 77312 29495
82016 29511 26832
80688 62441 33183
9580 30039 33117
45631 19248 65739
32434 86155 26548
19811 59342 98124
43853 54689 63554
20994 66123 22524
57654 10088 36599
36489 2446 30262
82335 813 76124
9166 81501 38565
42348 91080 68603
91816 53062 4202
57554 1847 6708
454 21657 82401
98577 65510 37090
78482 86503 19564
1005 44156 29651
37603 96996 48448
84217 95682 65613
60340 4847 47113
15256 63546 54544
211 71713 23957
4412 45618 25803
27472 46071 47459
9872 60999 29320
63313 39480 15822
82877 40485 76329
28879 94439 89676
93679 95007 85357
59291 55347 6555
6403 70602 70100
77298 70812 58164
1254 91576 3782
43408 35399 66204
90866 61622 27203
20186 24935 83034
52359 24163 39870
45040 69393 34309
34715 63071 29315
36424 22361 1013
42978 45115 87967
29430 38764 75130
