100
87593 56369 66705
91374 99776 2103
73930 90642 80077
1132 27179 5011
84165 95889 45525
40387 57280 14917
74695 91995 94340
20361 44770 16700
37726 87747 78167
25692 33528 16930
821 21121 89651
83878 28846 89426
2332 2775 96419
82408 20258 39949
3770 20775 35838
49294 61161 93117
80563 52207 1463
74902 88919 62584
7953 26644 50331
86119 68687 210
19401 69508 37682
25403 69737 82880
14828 72068 85654
11247 54476 22264
67547 58245 59390
3384 23891 20550
12853 4453 89108
30667 95706 78026
93251 3658 4670
59933 6129 89708
76494 41881 75567
14176 67283 45303
97055 82110 17371
99060 9708 88198
21323 77255 46442
80712 96990 86684
17613 26194 91136
6720 56861 86841
84746 66463 6851
5767 42747 12979
95474 19240 54859
71041 33415 22141
32695 30469 20602
50065 45881 30310
38262 67203 23916
1056 64267 20905
87739 98231 63451
95227 4951 36663
98419 6048 3125
5269 11814 62223
18247 23639 81462
89457 11031 31229
11597 43726 78049
32199 10142 23929
78860 48404 7484
2775 65811 88102
40031 53549 86332
3481 65127 91282
56495 63546 97329
75971 68814 25494
38193 3413 65485
36007 92869 92867
83587 4466 36592
61635 53016 63086
1916 31875 11489
25751 51001 93651
13852 7383 63551
183 27216 28678
7817 83710 92223
21497 59681 61036
63343 14225 64448
28827 50231 57317
21693 33817 78134
74637 11804 47501
37722 30071 79375
65562 55821 46727
59212 86024 54109
22762 86206 97676
67791 10374 81386
60013 48223 57418
37401 11565 71642
18200 56743 38225
91868 78435 88393
86353 69423 196
33853 23496 46618
29579 5409 2438
76305 64620 88461
46766 3734 91019
44441 71524 17744
42178 47889 65966
99595 1641 77530
87589 19840 34272
25813 28060 29059
14205 14412 14833
30753 48265 38329
77370 77843 43737
96160 70500 24709
84620 33617 44794
91990 78057 16317
26086 36587 80557
