100
8
1 1 1 58 3 1 27 1
9
1 1 96 1 60 1 1 2 1
5
1 1 1 1 1
10
93 65 1 1 1 3 46 1 2 1
10
1 2 2 47 82 1 1 66 10 1
4
1 1 1 1
5
1 1 72 1 29
4
1 1 3 1
6
1 1 1 100 1 1
1
2
6
1 1 66 2 1 1
1
1
4
1 1 51 3
5
1 1 42 1 1
5
1 1 10 1 55
4
1 85 1 1
1
1
10
1 1 2 29 3 1 3 1 3 1
8
26 88 1 1 1 1 1 91
2
1 1
5
29 72 1 2 12
1
1
1
1
1
1
5
1 1 1 1 1
5
3 85 1 1 81
6
1 1 89 1 1 5
9
1 1 2 1 1 1 1 1 3
10
1 1 16 29 2 79 1 2 2 76
8
1 1 1 1 1 70 1 1
8
25 44 1 17 1 76 1 3
10
1 1 1 1 2 3 1 1 1 68
2
3 2
6
1 1 90 1 2 1
5
2 3 1 1 92
2
3 2
3
1 1 3
3
3 1 1
7
59 1 1 3 1 1 1
3
79 37 1
9
1 1 1 3 24 1 1 1 1
2
1 1
8
1 1 3 1 69 1 1 95
1
3
9
2 3 3 1 1 1 1 1 3
10
1 1 73 1 1 1 1 1 1 87
8
1 1 1 1 1 65 1 1
9
1 1 1 1 1 1 51 9 73
3
58 3 75
9
3 3 99 1 1 1 1 2 1
2
1 3
10
97 56 1 1 1 1 1 3 1 37
4
2 1 1 3
6
2 3 2 98 2 2
5
2 2 1 1 1
10
1 1 1 1 3 1 1 1 1 1
8
1 1 2 3 1 3 13 4
2
63 98
7
76 60 15 1 1 1 3
5
86 87 1 1 1
7
1 1 3 1 34 1 3
10
1 3 23 1 1 1 2 53 1 26
4
1 1 37 2
3
1 1 94
2
1 1
8
1 1 1 3 1 1 1 1
7
1 1 21 1 2 1 1
10
1 1 70 1 28 1 2 1 1 1
4
1 1 1 1
9
3 2 68 47 3 1 75 1 58
10
2 1 12 66 1 1 78 1 1 1
10
52 89 96 1 65 1 9 1 1 79
8
1 1 1 1 1 1 1 1
6
34 13 1 1 1 1
7
96 72 55 1 32 12 3
9
58 98 1 2 93 1 1 1 9
2
1 1
8
1 3 1 1 2 1 82 1
6
1 1 1 1 3 1
1
1
10
1 1 58 1 1 3 2 1 1 30
9
3 76 67 1 1 1 1 1 79
8
35 32 1 1 50 1 2 1
3
21 60 1
7
1 1 1 93 78 1 1
2
1 1
8
1 1 1 1 1 2 1 2
9
1 1 1 1 71 67 1 1 3
4
1 1 1 1
9
3 3 1 1 2 1 1 1 1
7
2 2 1 3 1 1 11
3
2 3 2
2
1 1
2
1 3
1
1
1
2
10
2 1 1 1 2 1 1 1 1 1
5
1 2 1 1 52
5
1 1 1 1 2
8
11 18 2 1 1 1 100 15
