100
7
7 4 1 2533 27 1 8944
13
1 2 6 9398 6 7818 8 8 57 7 7 2 48
10
5 6 8055 8 7 7 41 7971 67 35
1
5
13
5 3 65 50 9251 6551 1 8 3340 9842 6 4 3
2
4 4
14
8 5 5084 2 4826 7 27 2 3 5 7613 5 6 37
1
1949
10
3628 6474 23 8 2 29 9546 59 7 4957
9
2 5 2 3 1090 3 6213 5667 3
8
6 7 7 26 533 9 50 82
7
7 5 97 7 7779 4 7
14
8 1 4 8 9958 4 4250 1 86 9954 2 6 1 7
2
4237 1048
4
3 3 2 3746
13
3 3 4849 21 3 7393 8 10 6 5 9 2 3
14
58 54 6 3149 5432 93 3037 7 4 98 8873 2 3 6
3
6 8 6424
8
1 7 7 7697 5 3202 3 8824
1
7
7
4 4 48 7 7 82 9
15
86 93 8174 6 6 584 1 5 4845 4 56 2 40 7 8
5
1764 5023 23 52 11
15
66 37 7 8451 46 73 4 1 4 6938 1 7 8 94 7367
9
7 8 5 6 1 1 7 83 87
13
5936 6628 43 3 1496 33 67 2 5 3 4 47 19
13
2 2 4781 11 2 8 2 1 2 9899 5 6 6
6
1 1 6465 7 2 5
2
2 6
12
2 2 20 3 2279 9150 5071 6529 1952 42 6639 7
15
2 77 6 1 31 4 28 847 2 1 3 5 1 3 8
10
2841 8971 25 1 53 8 16 2715 75 57
5
62 65 8 7 8
10
5 6 8 1 85 5 8 52 4 74
15
5 8 83 76 3 98 1736 9964 2228 1170 5875 73 4 2 94
15
3057 7658 7 1 6 1 65 5 9980 2 27 48 6965 4 41
8
6 4 81 4041 6 7396 1 3098
8
49 32 8 3220 7 1 2 96
13
51 31 2 71 24 6 5669 4 74 6 7 2 4026
12
6 1 3345 8 24 7 6 7 1 1 7 89
15
6980 8100 1963 34 3 7581 13 5244 91 440 8852 5 6 8902 3
7
5 1 3 7049 3793 10 8503
13
5 4 4412 4 4 4169 97 6 3 4 8 8 6
4
599 2965 3 52
3
6 3 2
3
7004 461 2060
10
8 8 5430 4094 50 48 2 1091 5865 1
7
5 7 6 2608 1 75 2
8
2 6 76 63 3181 36 8 2
1
5
14
1 4 2 1 5 5785 19 2 44 73 2 3 1947 7265
3
5597 9569 4
7
7 8 6 1 4 979 9167
4
79 83 8 1575
8
4 4 33 1 9863 2 4 2
4
9102 4958 303 1
7
6 8 2 1 5 5 6
15
1012 2051 2 21 4 64 4 9341 6763 3 4 81 5 3 8
15
83 55 2 5 10 8 7 4 3 80 6 34 6 2 9431
15
78 90 1 2 64 26 5 5 33 1 4 4 5 100 76
12
4 7 6 5317 6 5 6 28 6966 68 4 4
11
5 2 4765 6916 4 3 22 5 4995 8 1
7
69 66 1 10 4 1 6
9
3 5 41 2 6664 2 7 3 1
11
6 5 6 18 68 8937 71 3 8 4 42
13
9374 8741 717 8 96 1 61 6667 3 7 6 64 4
11
5 6 7 3 5 9467 7 4 72 7 8
9
11 55 6 6 91 7 50 3807 4063
9
3957 9097 1434 5 5224 4330 4 16 2
13
14 7 76 77 8 2 5 2 1787 6457 17 4185 8139
10
6 5 8 4283 1231 2 1 6 7 8
3
6 6 6052
14
6 2 3 5 2 65 2 7 3 90 2 3 7 835
14
7915 7960 2884 1 6 3 4 1 37 5 36 1666 4260 2102
15
1 1 8 9228 8 7 2197 94 72 47 2 6 8 1794 2208
9
6 2 7 3 8 3414 47 59 6
9
5338 1440 77 9405 3 8 76 2 4
10
4 6 8 16 2243 4 52 8 5493 7679
5
8 5 2 8 4
9
53 98 24 6 1 1 2 4 4
14
7220 8851 32 3943 6402 22 9186 92 827 4309 55 9228 4 2
8
6667 6698 5 1 9293 3139 1 93
9
3 4 8 9884 8 7663 35 8 7
10
6 5 4 3 3816 43 3 2466 7 69
11
8 8 54 7568 4 60 5911 3956 2494 2 6
12
8266 1534 5615 1 7944 65 8 4 5 8 21 8540
3
2 79 64
12
1 4 2 1 53 14 3 2 9344 5 7 7
2
8 1
8
6 3 6 2989 8 3 1 2
3
8 5 89
2
1 5
4
57 48 1 4
12
51 63 23 4669 5408 6 4555 5624 7 2908 39 3
3
8 5 8013
15
78 9 1 99 50 5 31 1 3 8 37 1 20 23 1
12
1 4 2 29 5 2 2 3 99 4624 4261 9010
4
8 3 1442 43
6
4910 9453 6 86 77 7
3
33 66 8
