100
3 2 25
7 3 43
4 4 29
1 9 17
4 4 10
2 8 22
4 2 8
2 5 29
6 4 11
1 7 12
4 4 12
5 4 7
2 6 14
9 1 22
4 4 30
3 3 13
4 1 8
9 1 40
2 3 7
1 6 45
3 6 8
6 1 6
3 6 17
9 1 26
5 2 13
3 1 11
3 1 23
3 3 16
7 3 40
1 7 42
8 2 4
8 1 4
1 6 32
3 4 19
1 7 33
9 1 30
7 3 36
8 2 6
7 1 21
4 2 41
6 2 30
3 1 48
1 2 5
8 2 14
2 3 50
6 2 43
9 1 3
8 2 42
6 4 1
2 1 34
2 3 39
2 6 21
3 2 40
9 1 11
6 3 11
7 1 4
9 1 2
2 6 29
6 4 2
2 6 8
2 4 42
6 3 9
1 7 10
7 1 31
2 8 37
7 2 14
3 6 43
1 9 7
1 6 16
7 2 37
6 2 14
6 1 24
4 1 18
3 1 50
5 3 33
7 1 22
6 1 5
8 1 40
1 4 16
8 1 37
8 1 39
4 4 9
2 4 21
4 2 18
9 1 5
9 1 48
2 2 48
2 8 9
1 4 12
4 6 8
3 7 4
4 4 46
5 2 39
7 1 46
1 3 49
3 7 33
5 3 17
2 7 42
9 1 14
8 1 1
