100
9 1 41
2 4 44
5 2 37
8 1 38
7 2 48
2 6 48
1 4 10
8 1 44
7 3 33
9 1 50
3 5 30
4 6 11
3 7 5
3 1 31
5 5 10
9 1 48
4 3 39
7 2 31
1 3 36
2 4 17
5 1 31
3 4 34
7 1 21
2 8 32
2 5 13
7 1 12
2 8 15
7 3 38
3 7 24
7 3 39
7 1 36
1 1 5
9 1 39
2 1 26
8 1 5
4 6 23
3 3 29
2 3 30
6 4 23
2 1 39
7 1 29
5 2 23
4 4 33
4 4 13
1 3 45
3 5 39
9 1 43
5 5 43
2 8 26
1 2 23
2 1 5
9 1 4
6 2 3
6 4 24
3 7 4
1 9 50
8 1 28
5 1 2
6 4 9
3 5 25
2 8 38
9 1 32
7 2 13
9 1 18
7 1 28
5 5 45
2 4 44
3 3 4
9 1 5
5 1 21
1 5 38
4 4 36
8 1 39
5 1 30
9 1 24
9 1 13
7 1 38
8 1 41
1 3 15
1 5 35
8 1 27
5 2 44
7 3 43
4 5 23
6 1 12
6 4 13
7 2 27
9 1 33
9 1 34
1 5 38
4 1 23
1 5 24
9 1 24
6 3 36
8 1 28
8 1 29
3 5 35
1 6 37
2 3 42
5 5 2
