100
3 6 45
6 3 2
6 2 16
2 7 25
8 2 9
1 1 39
7 3 35
6 4 31
3 6 21
4 3 23
7 1 20
2 2 40
9 1 30
6 1 32
5 2 18
2 2 1
1 1 47
7 1 30
9 1 36
2 6 48
7 3 3
7 2 25
3 3 36
9 1 13
5 4 39
4 6 47
4 4 16
6 4 28
6 2 23
1 2 40
7 3 32
2 8 45
5 4 31
7 3 9
6 1 3
9 1 22
4 6 5
6 3 38
3 5 49
5 4 12
2 8 48
9 1 26
1 4 36
7 1 9
7 1 27
4 1 7
7 2 3
7 3 11
1 2 10
2 5 41
2 6 46
2 7 35
3 4 30
9 1 13
7 3 2
3 6 34
6 1 7
4 4 37
7 2 3
4 6 29
3 4 3
8 2 7
4 2 39
1 9 30
5 1 39
4 5 20
4 1 46
7 2 25
8 1 42
4 3 47
9 1 5
1 8 13
8 1 48
5 4 45
1 2 16
7 1 36
3 6 14
9 1 50
6 2 6
1 9 45
4 2 3
3 4 29
2 8 9
3 3 22
9 1 33
1 2 44
6 2 40
2 7 29
6 2 48
7 3 2
7 1 19
6 2 6
2 1 17
7 2 46
8 1 18
1 9 23
2 7 32
7 2 40
3 2 21
6 3 18
