100
8 1 25
7 3 1
4 1 7
4 2 41
9 1 1
8 2 5
9 1 38
1 4 14
1 6 32
7 1 3
8 1 17
7 3 30
1 7 18
5 4 46
1 5 30
2 3 8
3 6 23
4 4 14
9 1 9
1 5 8
7 1 8
4 5 31
3 7 33
7 3 31
3 6 22
5 3 25
7 2 13
4 2 20
5 2 35
1 3 32
6 1 27
8 1 47
1 2 44
9 1 20
4 2 19
3 6 43
7 2 48
9 1 19
2 5 21
3 7 36
6 3 18
5 3 33
9 1 13
2 4 24
4 1 11
6 2 7
9 1 20
1 9 22
7 2 29
5 4 48
3 3 38
9 1 8
5 4 36
2 5 6
4 4 50
2 3 41
3 6 5
6 1 3
2 8 8
6 3 2
5 2 18
7 2 32
2 4 42
1 6 41
7 3 50
5 2 37
1 2 49
3 1 31
4 6 3
3 7 33
8 1 12
8 2 4
4 1 43
2 4 42
2 6 26
9 1 4
7 1 33
5 1 36
8 2 36
9 1 9
1 3 6
1 1 13
9 1 41
9 1 25
8 2 20
2 2 29
6 4 44
9 1 19
7 3 8
2 3 21
4 4 8
9 1 39
2 5 45
4 4 15
5 1 44
9 1 31
5 3 10
7 1 35
1 2 35
6 1 11
