100
5 2 48
8 2 7
7 3 39
7 1 40
5 4 3
6 1 1
3 2 39
4 6 1
2 5 26
2 6 47
7 2 25
4 1 15
7 1 31
1 7 15
7 3 41
6 2 27
4 6 5
9 1 18
2 1 37
9 1 20
1 6 39
2 5 1
3 7 48
5 1 20
7 3 35
3 6 36
3 4 6
7 1 5
3 1 17
2 5 30
3 5 1
2 8 31
4 4 23
7 1 19
6 2 9
4 1 47
6 2 32
4 4 4
1 4 17
5 3 47
7 3 38
5 1 20
9 1 3
9 1 25
9 1 50
6 2 16
6 4 6
8 1 19
5 4 30
6 4 25
5 3 22
6 2 13
7 3 1
1 9 31
7 3 26
6 4 17
5 1 44
8 2 10
1 6 23
5 3 3
8 1 25
7 1 47
7 2 44
3 3 45
3 7 16
9 1 19
4 1 49
4 6 41
3 7 47
7 3 37
3 3 5
4 6 42
8 2 15
5 1 29
6 2 10
3 3 7
2 1 40
3 6 9
8 1 39
8 1 11
9 1 46
2 2 19
5 3 44
1 9 21
1 3 31
2 6 2
7 2 46
2 4 11
3 3 6
1 2 2
8 2 5
1 9 38
8 2 45
9 1 26
3 2 25
5 3 4
6 1 36
7 2 21
4 2 48
7 1 15
