100
9 1 10
6 1 40
8 1 45
5 4 39
7 1 3
3 2 45
2 2 23
5 5 27
6 1 15
9 1 30
5 3 29
5 1 11
3 3 44
3 2 22
4 6 18
5 2 10
5 3 3
3 6 44
7 3 45
7 3 9
2 1 43
1 7 1
9 1 19
5 3 42
1 3 1
4 5 17
9 1 45
3 4 23
2 3 20
6 2 33
1 1 30
8 2 21
7 1 45
8 2 48
2 2 18
4 6 9
7 2 13
9 1 6
8 1 14
7 1 1
3 6 48
1 3 35
3 1 23
5 3 4
4 6 49
3 5 28
7 1 2
7 3 22
4 2 34
4 6 30
4 6 22
3 4 4
8 1 24
9 1 4
3 6 31
5 3 11
8 1 8
4 4 18
9 1 13
8 1 16
2 5 8
3 4 21
2 2 23
9 1 16
8 2 43
6 2 25
8 1 22
8 2 47
1 6 9
3 5 21
9 1 34
1 6 48
8 2 1
4 6 13
1 1 42
7 1 33
3 6 19
6 2 50
4 2 1
2 1 2
8 2 36
7 3 24
3 6 19
7 2 48
2 4 14
6 3 48
9 1 14
4 2 17
4 6 27
1 2 7
7 1 22
8 2 31
1 5 5
9 1 15
2 6 30
2 6 42
5 5 29
9 1 12
3 5 37
1 1 18
