100
7 2 22
8 1 33
4 1 3
4 2 28
2 2 25
3 5 35
7 1 41
4 3 12
8 2 49
4 4 5
9 1 33
3 3 15
8 2 30
8 1 43
6 1 4
2 3 28
3 4 14
8 1 27
7 1 32
6 4 9
2 3 14
3 3 17
3 5 2
3 3 22
8 2 43
1 1 45
1 3 20
8 1 48
4 1 40
7 3 38
2 4 4
8 1 15
8 1 2
5 1 19
9 1 44
2 3 3
5 3 32
4 3 22
9 1 34
2 7 22
5 3 39
6 4 17
8 1 26
4 5 41
3 1 10
8 1 34
3 6 42
6 2 48
8 2 30
5 5 16
8 2 20
8 2 3
2 8 33
5 2 14
3 7 16
2 4 37
9 1 19
7 1 31
8 1 20
7 1 31
7 2 49
2 4 28
4 3 35
2 8 23
1 7 11
5 3 46
9 1 29
4 1 44
8 2 8
6 2 10
4 1 19
9 1 25
7 2 45
1 3 4
3 1 48
8 1 30
3 6 41
6 1 18
6 4 9
9 1 48
9 1 46
4 6 30
7 1 47
1 2 34
9 1 2
5 2 20
6 2 23
4 1 29
2 6 22
6 3 22
4 3 8
9 1 30
5 4 15
9 1 49
4 5 7
8 2 50
8 2 23
9 1 11
5 3 3
3 7 9
