100
4 2 40
6 3 15
5 1 8
5 1 18
5 5 48
9 1 45
4 3 41
9 1 27
1 3 20
1 4 30
1 5 4
6 2 40
9 1 17
5 4 32
7 1 22
8 2 39
9 1 49
1 8 26
7 3 4
7 3 3
8 2 44
8 1 38
9 1 10
9 1 28
4 3 40
8 2 3
2 4 16
6 2 3
6 1 25
7 3 34
2 5 40
2 7 30
9 1 22
7 3 22
4 1 50
8 1 3
1 4 29
2 3 16
4 6 44
1 1 32
7 2 10
1 1 33
6 2 40
9 1 49
7 3 45
6 4 45
1 9 45
8 1 37
9 1 3
3 5 45
9 1 17
7 3 12
5 2 17
9 1 43
8 2 21
5 1 38
3 7 50
5 3 23
3 5 10
6 4 35
7 3 33
1 1 43
2 3 44
2 2 11
5 4 16
3 6 6
1 6 37
8 1 41
5 2 31
4 4 4
6 3 43
9 1 8
7 1 34
9 1 11
2 2 39
2 6 16
3 6 35
4 4 43
3 1 24
5 5 37
5 5 24
9 1 2
3 7 34
2 2 37
1 5 4
3 2 7
5 1 35
3 3 38
1 8 38
8 1 49
4 5 5
8 1 38
4 5 47
8 1 20
5 5 25
6 1 25
1 3 27
2 1 17
2 1 36
9 1 16
