100
4 2 14
3 6 21
3 1 47
9 1 23
9 1 12
7 2 6
7 2 16
3 5 32
7 2 44
8 1 30
4 3 25
4 5 2
1 4 17
1 3 49
9 1 37
5 4 38
7 2 3
1 5 24
7 3 32
5 2 22
1 9 38
7 3 37
2 1 9
7 1 50
3 2 30
9 1 25
3 1 11
5 2 15
4 2 1
8 1 10
9 1 4
8 2 49
7 3 19
8 1 8
9 1 38
3 7 26
1 1 26
1 5 2
1 6 41
3 1 36
9 1 18
3 5 9
8 1 16
4 3 4
7 2 20
5 1 2
3 3 42
7 1 42
6 2 25
7 2 25
9 1 14
5 4 31
1 5 14
6 2 22
9 1 4
8 1 41
6 2 9
1 3 16
8 2 27
3 4 47
8 1 31
4 2 34
7 3 6
2 5 17
5 3 22
5 3 14
4 1 15
1 7 4
5 5 33
5 3 41
3 5 17
5 5 26
2 6 32
5 2 50
4 1 35
3 1 2
7 1 10
8 1 48
1 1 8
2 2 15
4 4 47
8 1 18
6 2 9
6 1 37
4 5 21
5 2 19
7 1 21
3 7 36
6 3 32
9 1 33
7 1 40
2 8 29
6 3 34
9 1 12
8 2 28
6 4 5
8 1 7
8 1 48
3 3 35
5 5 47
