80
755356151 490376664
242719555 352611428
749750747 85418833
589573056 226818825
285627235 191550406
83867229 538579030
84163954 195736047
560956397 821415112
124414040 567233693
923907899 494603967
295198763 272469686
27455142 589127902
266481801 917848313
756486020 647209480
225400936 342584652
284875776 595580362
486908977 79235881
295093694 538154775
220547583 373126607
889188561 472845549
407774526 288834577
402931686 156283240
412720807 341341641
250243717 401238728
87793336 476942957
579748581 450813104
824344665 432495850
478785004 867237618
731760660 413023552
789725527 915787355
177287083 316541260
639518330 727190591
611175552 296887747
663729611 374856528
732872941 182085179
651708806 275013911
209493939 134301906
427093135 369355584
383601943 63238123
591362036 789925890
631088523 759608795
435921794 404836072
365145633 757405145
621188162 33815500
430957262 421162230
970438930 98883624
77216023 116818082
947552107 497365384
839783137 916069790
278322212 890621270
793620745 424615578
839809345 25472586
157828270 944383363
326029588 648472648
306917309 824238499
275376911 954570842
389379092 674048632
682842580 251605774
4968929 95102480
370342104 466204304
607301008 842713318
906738740 636244673
240887832 514609311
104183617 472634338
204165492 847065060
845874768 711537146
212880140 504056310
251469341 594112851
30990853 849158504
648068926 635695133
279122467 940928080
683497478 287470062
77985628 255346575
104586589 26227441
856733973 845196345
26163506 96708796
762343908 146214194
985634065 920417480
555272858 381041084
492946110 509829962
