100
45
44 66
20 85
30396 38714
80594 85169
27 9364
38756 69134
14287 38504
8 60
19889 22580
4024 6083
74074 77641
2036 4811
20183 82377
92 11029
25 31584
11 42409
1104 60352
15114 57110
7 57739
39922 95226
53 88
15657 73625
62 75
95 36941
35102 40774
24730 47395
4813 76296
44252 99338
25452 39593
9815 34411
61 79
15 98
21344 24437
13 41244
40610 41771
24 66
1 31
52 54
39497 72460
31486 33791
8100 70940
97 96578
28216 40493
14 54
13 22
94
74 18170
9372 12064
12 10701
16713 29374
14347 37193
3 13
14023 28944
59 94832
51 47131
13979 18871
68 45290
5414 43355
15750 87366
68 17577
89 41500
23737 47871
42 1437
23770 85553
19 86531
45763 76345
13892 14052
26 29
18 38985
27 79
49 40196
7578 27665
14 56
1651 4243
491 14432
82 4001
45 50
28 80
39461 50040
37225 39092
71738 97640
31541 76565
29444 30778
43917 68992
17202 42871
29 35
57 14599
4200 85489
10449 29358
46090 51061
77 40364
18181 97382
29 13890
26416 64706
8035 81659
81 12648
1 7
5 15774
2017 33230
10064 17825
35084 78760
73 50016
42422 65651
31 61
16679 34444
79 86666
9 88906
41138 58629
11818 27054
29 10383
55 90
74 11945
69 17419
19165 88401
6644 29665
53 94637
12162 96818
14735 45801
35 39
20545 61003
7445 97512
15880 16448
47294 83115
25538 31987
39121 68813
19 40
3316 31233
18 84
55 84
60 22168
21 12572
24 31834
16053 88398
83136 99019
17704 82542
113 98211
75 75029
221 37504
21 47067
13 92
52
65050 72424
27 1547
48265 73056
77425 98943
25080 80032
24266 38243
89 94
34 20863
100 66044
28427 43374
15 45795
29442 69675
9068 43260
44074 65269
21821 37326
13591 32212
9622 21614
31918 86190
31088 33684
18930 47044
5 11466
37 37255
24 35
1407 76982
5461 85549
34402 78882
60 57272
39726 86847
15 49
1 27874
20310 67436
34072 97044
24873 77372
72 94
39342 44924
15 23129
80 23818
7 60836
9251 66427
60 4726
6 49870
23803 49726
18 28
8842 16852
19318 27826
11397 91207
44517 81599
25 47
16 42
76 79
59 10887
50 82595
35
100 69369
92 761
33 33152
68 40935
30332 81615
21895 26993
13628 36081
6376 41303
37667 78014
29 78
32 61139
17729 34559
12425 20193
78 95
31 78610
11 7842
83 19668
8020 66410
4060 32964
2 40
22965 30513
35824 81067
18600 47020
83 69805
62 1838
54 78
13145 46244
20827 93421
56263 75173
19984 33617
51 89149
27 15485
13192 43780
85 97929
34 40
65
25 38
10 32447
64 1360
53 15222
42412 51873
48262 72979
13492 41346
87 18364
17192 36801
14615 69229
51 58
67 20364
95 17356
13158 27095
21676 40174
18 97
19 1104
40405 42511
31 32
57 77
13 47497
4655 28180
79 93
12533 88676
22813 32347
84 94
19141 22955
11 1600
86 3010
26 21922
72 38252
65 31588
55959 91481
26 47031
35150 52713
88 33287
15586 43282
54 40894
50 6228
39 73
21289 24060
12321 26851
9074 38835
81 31390
38433 49021
28243 97086
89 14288
58980 88794
9 93
18482 35980
69 62996
8425 79270
62028 98395
36794 73319
22601 27370
9510 23000
13 14428
79831 82163
5953 9225
4 39575
41355 43554
2339 49616
40947 47123
18384 42213
6089 40172
6
88808 96659
32119 63615
2 3239
13 29859
24202 33947
48529 79897
34
44 83
58 94
87 79481
16 70
29 99
58 10781
26501 83408
26292 64639
78 86
44490 67051
41547 68594
58 80
37118 58941
54 28149
86 26594
78 5478
3 1181
84 6642
94 57722
22589 46724
2 77
35 76011
54900 74387
1338 91555
5 23
87 95393
81 10358
26 68
11367 33612
15394 49850
50 15745
5 76852
49311 52214
7111 38401
75
25 68
2260 22899
20 8453
95 77478
20990 40369
12 89
17 89
29731 40061
14 16427
6393 74770
54 87610
4770 43331
19678 24346
60 73
56 2568
31287 69389
88 41028
27493 38030
42 21159
11 31639
90 48214
28858 34917
36733 42004
27 16065
70 95
35472 47212
12360 18727
79 16722
51 14956
49 58
38 66
49 43017
8537 22364
29918 45023
17548 20248
31455 34437
63 99
50662 70489
48 18159
8 10
83105 90933
58 3898
476 56129
46045 84112
38 12527
5462 94409
34 12029
28389 36283
49203 57082
16 73655
76122 93583
97 29363
21929 40869
19 86
83 96912
70 96
44987 58498
11667 13709
70061 89273
19348 21232
21578 32477
63 89869
41 88
7839 22580
22600 90781
35847 97731
2732 37000
47 47786
6 46
16 28261
34 93462
23343 32583
28442 34103
83 13694
93 100
16
57567 73556
36129 76872
19725 26497
55 6260
15642 94888
78 34662
27236 29183
61 92697
47013 92120
36 41444
27095 37297
62 81
8100 28752
1108 10891
74 78
73 46547
61
1291 7771
36 47
29310 30358
8061 8861
10834 14120
19 10670
69955 97948
7740 76302
36926 49551
35078 49019
3945 51448
24961 77917
11214 15665
1721 10279
21914 90139
23 30442
4534 76153
1597 66690
5435 18880
13 37
15 50726
1362 7438
28 24007
21661 39849
13 58426
4344 5317
73 40470
14003 54519
43055 46573
15 47
22560 42247
19 49634
39206 49903
47 85
5564 23498
59033 79034
14092 21221
2388 60616
64 19937
39086 39634
5981 59875
30 47332
36 48300
25 89
38 85533
28043 36812
25077 42218
9307 91787
25 21211
8045 15619
86979 87786
29535 44229
17 81980
2933 39276
91 49387
43 7611
47462 70179
34435 41265
39444 71878
7100 67947
28580 31634
32
212 64959
49763 68986
14528 29242
51 3437
86 69991
31404 71962
13655 73758
42940 99136
53 91228
84 47746
19 23392
52963 59973
38529 83136
10174 29456
89 65898
9816 46052
87407 98834
20197 40592
10 4631
9704 74659
15 77
54 83561
21753 29928
58 92
4 85
45661 47568
31 30517
12711 36753
13 31169
25 2581
49 6599
17 25674
29
88 46449
38 41732
4951 92448
92 72668
2646 32952
23 37
39443 49007
69 17714
18 52
8518 21108
32973 49106
20 71
26820 85743
91 37678
30250 43196
15 25560
27296 37079
86 95
14837 29033
19700 42686
58 24523
35652 49541
49 84973
59 20204
11588 96346
27 56
76 28957
45392 46360
73 89
59
14923 20863
44 13457
100 33462
73 44256
85 5469
21 65
73 5993
18 52
23 1023
28900 88349
24 74
986 38594
66 74256
10 76756
85 95741
31 40
58 2346
15 96
15324 27279
25190 29971
44 18779
22323 24878
14528 42633
52529 96146
13 34112
32 22121
23671 61127
4 53279
2 81776
5 7
3861 16995
45583 89954
7 25644
19701 58828
43589 80522
81 100
5654 45067
19463 27109
77 30674
45 70991
17057 46336
22641 53140
74892 80629
35 78324
12411 13124
26 32447
2258 37676
37 85
82 84147
85 23940
41673 43877
38878 83147
46363 62206
47 21080
28744 47851
7733 38455
43613 59268
64 61692
17792 56003
49
85 1826
63 14423
57 34279
35215 47976
36634 87923
12 63
9815 60226
5735 15862
23 58365
23052 69144
23315 38697
44 90
5455 29628
88196 94731
27046 46452
14000 29347
37213 63173
50 21795
15541 98779
26783 68050
36410 82950
7 46754
44264 75104
31 30672
14 58332
12229 32507
13 3246
20273 95766
73 21260
22571 32144
37 34345
79 85
11 27325
9 62
76 21697
34 52
79 11356
51018 59032
17009 17647
11754 64458
17854 20624
22297 46261
11378 39677
30 16253
35374 41718
12658 76632
1752 52220
4 27261
10159 31569
18
77 90
37129 72626
26900 87993
52 24203
16689 36929
41 14225
24 63350
23314 72194
5202 8283
21 4248
71 2237
9295 50039
70 52948
22 66755
6 65233
68 8288
52301 75509
11794 14672
53
98 56970
25075 33204
16844 37753
81 82750
79492 94236
55 46190
17996 20255
13 38627
81 46279
32 35197
4011 5449
13741 19040
30388 54513
27 27453
29 11030
18 34
100 63810
26 41
6803 63152
18583 30026
31 36
37 60
39766 60885
36 69836
1964 40643
84 49646
84 18788
3650 18406
12 50
595 78006
15593 31589
23042 76383
14543 20541
9344 24073
19923 31181
4179 70119
39 29474
20988 29217
4911 43759
3 17144
6092 21685
20 19750
4 44777
47075 47987
12 15730
27766 38745
18914 38787
3 72816
27815 32386
44 24681
37 36221
33772 83740
67 41245
86
14136 19800
37430 42215
26208 73829
19452 30158
10 27
12546 16774
17467 37677
24568 75792
3492 73706
3 11784
6876 24864
23018 87071
12957 64635
28 23954
5717 25629
9179 25244
18159 43373
14 54
69 4633
13 50
76 82064
53 27762
59 89
57924 89399
17 35074
26238 43413
30 20774
14936 76566
59 55985
4699 40674
60 71
10823 79345
32 87631
64 37580
32891 82466
19771 25912
7621 81779
64 69780
3127 29388
87 48586
3 5
14070 46975
66 31600
55 70
32833 90046
29520 38570
17304 28649
54388 64745
10342 16847
24 10163
33010 88185
3975 98675
76 5229
33 82
30456 35953
24080 28294
61 56010
36175 45273
60 94
1640 36012
56 68
3696 11922
20062 48886
11298 38427
19826 31879
23906 49027
28280 32359
91 15651
8 57165
53270 54213
39 44100
31 13589
33605 63622
17 39801
29 48478
100 1043
7156 41928
17 68808
36348 67970
19890 25615
38 3972
182 36020
43 4360
26024 32307
58 23481
5335 47421
28
759 55519
27533 28161
18091 71746
2045 69622
100 19488
20168 34145
11162 20099
2 19871
26 26244
120 12577
29332 74787
8681 25674
12 89469
56432 71244
30 53806
31816 34006
14 83
41754 56030
7876 97661
15 39
14 78122
58 5932
41609 64725
45 79832
58 29702
10 52
76 21484
36 598
25
43 65
37600 88347
60 10134
12634 53284
8163 47115
60 65
36775 92972
31 32147
37 73109
14 74
46 24365
42 83
69104 78149
17590 87848
46 98
36234 41557
44 46
4456 49149
20 3241
2328 64393
48 79
37867 51136
13 98
8 24
76984 98456
37
31 16692
22731 48772
50 78887
47459 77860
13932 24233
9 20340
13174 34034
7265 31124
6510 8879
59 4468
25461 44824
82 953
16951 95116
422 86660
24194 27171
17245 28351
15215 31104
6773 40206
11214 34428
21 85
25694 36340
29023 42307
28806 71097
58 30188
1182 10496
21173 50130
9096 34426
11914 54017
17 22010
11 33967
57 60
14677 45942
9 34711
89 34757
9719 28191
19975 47790
25658 32861
79
44 44422
74 60526
36688 36957
60198 94257
28093 71786
1604 18625
4694 40278
11635 17265
28709 60693
9 60097
49 21112
10604 39203
29616 81115
6 45
32341 32801
48474 68387
13 24614
37569 82730
38 71058
49 91
56 1944
1599 17913
85 61781
68 34753
44 19605
6082 27373
92 98991
24 74
28160 86787
22 35313
52 47169
14444 30715
7 42
8 61320
4 60
8937 85505
31081 64691
36002 36704
50 59
28294 97293
54334 56978
49322 88698
3853 51411
38523 99248
99 13712
30149 83144
57 14101
16124 16129
56 25163
76 30419
8745 97491
5247 99512
81 31145
15142 77029
90 95
16630 68680
74 98
11721 41105
59 1252
45342 65714
86 20006
9830 33758
24269 36827
94 1076
10253 17218
20965 23651
31674 51019
25 28200
6803 35090
18 30
22 4505
37 53
29 82
55 19399
25 96
54 83425
42873 86638
31 73
11169 15795
2
802 19402
17 13195
63
10639 55266
11 26127
74 27039
10628 13500
30 13922
76384 78618
1047 17990
13 52
32 50
15472 64775
97 83583
20072 26594
5551 39705
41 2987
19884 37216
1663 15244
80 77771
31732 38071
81 75686
9131 25768
24046 28612
18 41579
44135 86627
73 83
100 8372
4031 42685
25 16571
84 31339
49233 83648
18 37781
14 79
15185 39181
2 13383
72 63700
19418 82519
44 67
42278 48351
38 10032
94784 99247
46308 49613
9 32261
5719 54984
14790 32236
4831 35393
16831 17415
36469 42345
51 25243
6 93
90 20461
12538 48102
32133 54284
38856 47261
13 31
28237 28499
87 4407
34525 44935
7545 31121
43 95
17733 36229
28 42
22336 44798
21 22973
70364 94111
88
21 8399
10 87688
22 24
16 98687
76614 98512
83 32115
57 91
24022 33711
5153 87155
2494 18859
11646 40822
91 847
17899 30073
31742 46489
14 8074
127 36662
21153 44887
63 81334
11 38077
28 24389
9037 41850
36 31301
36206 37983
19350 49256
32 20977
49 12274
42490 93409
99 2859
38 34727
10264 47163
17 77
14526 24572
70 26347
2324 6502
1 33
57 99
31788 60494
68 83
11 92838
13361 82529
50 100
40 10683
40 27240
10439 80741
33 48672
9 77
22481 37513
53 58
480 1873
18 71
12221 48239
21 34231
76 49466
59 20183
54171 70696
23 53
23809 48228
9447 30573
7037 48317
10272 34952
5166 16725
17 37471
23 76
13870 36302
26930 89088
40715 91439
8964 24026
48 81
17 23367
14 93489
93 19717
31332 79224
67 28320
93 94
33365 58940
30 84
24604 40231
20991 38072
9117 10922
19804 80079
26059 45338
33270 45674
17069 38778
6323 39678
6919 42631
11 36
23 33691
25014 35687
6
21219 48643
66906 73833
17004 82836
71 78274
713 35835
18 82
29
22606 64968
49408 92230
39369 46715
59 72
39 42645
8728 18369
2 44
85 92883
26284 67446
39 71
17 76
25 31446
58 54290
38802 70423
9 29075
76 37986
54 79
79 89
20 10402
2682 27269
25484 91708
69625 91581
5281 42180
93 100
48325 49194
1 65
2544 10646
61 8653
67 62583
67
8236 11765
38 49236
9864 46501
5 57
68 5931
22811 46841
15698 47377
2527 15210
30468 49098
3 48171
72 14814
35 89124
86 48219
12450 12996
16743 99858
2943 39702
15891 32869
63 88
78 30952
32 58
48 11435
44 90065
88 38228
10435 78219
31086 39099
21842 43971
42199 55895
77 17434
84 30893
2 78208
7 25
4830 32112
39414 60258
17 34
22 4728
35 74
7681 29381
588 70479
88360 96604
62 56810
18 99
31160 48454
46 40699
12301 43530
5663 48104
16385 30212
11667 60235
61 51235
24475 80441
31018 98441
70 47167
48 70
53880 77968
27319 34279
64 3945
27900 47903
15722 31678
52 43997
9028 74827
40 2384
31877 60366
9093 93856
5 31673
61 64
21973 71663
76 26687
88 97
12
37661 54803
27 11401
31 52
8 3776
23903 40189
28 29
35 60
47 25063
57 27555
7918 41882
66 16354
78160 94519
90
14825 60428
58 100
23208 39730
20836 73733
39 28759
3528 85421
65448 66653
95 90019
35 20127
10 15521
70 79
79 12815
27383 95728
53 58921
60473 96211
4 13476
7611 57543
43609 84448
14842 18652
13375 39608
76 79
40 12978
3519 4983
26484 48327
53 25719
41766 49808
10083 19450
42 57576
30 55462
88 45740
57 76363
39 14760
91 96
95 29165
26 59657
15636 87955
65782 93502
67 8093
15160 45017
14961 93764
41226 42801
36333 44851
21655 41726
99 20231
14196 93121
30009 50654
44426 49109
50 96
38015 49269
18396 82123
29 25438
42 31357
27 76
35906 85908
20764 59599
29993 67127
49 71
19051 83052
4905 40246
45077 76934
80 77589
43686 51228
91 17672
10634 15413
42518 90837
55 78
7 27
84 47416
22 88
7777 34476
30 37563
969 82561
2142 37328
35917 92820
66 21038
31048 49135
11 90
6289 23538
3 40
13352 26556
25660 47535
36 2025
22954 40177
42 64
27852 88563
35 67
6568 7458
81 65151
24 37
88 2076
60
67 4341
2125 61883
77 6370
7278 50785
13167 24647
33784 39925
43 83794
21 37632
52 71
12513 26645
7276 34890
1 8299
40277 97510
12949 79669
25 33
43206 79144
82 58753
48 36914
21 54291
31 3763
28 77559
13 32063
69008 77894
1 95
24 29
35384 40874
11 31
14048 14363
10 94
37 53709
60 65
47 48004
12 18204
11 97171
2 30372
79 18374
66509 72087
4 68
26515 46828
69 92910
34 44
331 67612
22531 40249
16 60
17 3574
75 46334
53 5637
7 74
2687 9403
22 45827
2 22912
32 51391
32 47
21844 33973
12666 42193
58 89
14 37702
93 46292
3 8300
17290 37080
98
74725 99315
82 87
32 28579
83 36380
10116 33854
22 84
13044 28545
11 4104
6 23
68 71
44 30671
89 48763
3 17395
9284 42223
4676 38293
13 61
35597 88121
29 682
31003 49172
67211 68912
39318 91473
5503 97053
16793 36108
17107 25117
23 36234
14 98
3593 40141
12 97
41 54
65 75
4449 63015
33340 75131
100 22156
916 83669
41063 43000
5 64
42 37073
34728 40861
33290 34073
1 94187
74 7651
18256 22024
29081 45401
33 10419
94 36822
20158 79684
31004 47720
21 43642
75 43394
28188 49035
47 41173
41 69
1 6160
76078 79258
16695 31913
41 16340
11 16927
92105 95582
45 36053
78 25537
45608 73496
49 84
4 100
89 44657
29315 46868
68 34303
22615 50570
83 44110
64 11495
49052 94654
10773 81034
3265 14713
34960 74177
40 64
72 4748
23721 34336
24 24253
30996 73244
10172 26301
5 73
12 59415
17908 63348
49 15806
27 79430
15093 30020
28543 89353
3665 40589
73 96746
2 17674
27413 98497
26720 55281
1626 4848
14 44
53 32842
68 440
100 89854
1475 22563
49742 60289
27
26 47801
19938 36756
27 46006
81 33755
15775 35345
8195 79238
21249 26232
71 39413
3043 25950
69 91
32472 35367
27427 48496
80 36643
28962 39065
75 49417
31 35144
88 96
11117 69027
76 10970
4 46541
77 17536
69 68598
20552 35204
36517 50536
44 82
5912 15843
72371 91770
71
5 6
6743 42718
2150 20170
2 23
32 16425
59 95303
9601 69677
6233 49579
38790 46988
25969 31954
2 15
27 74
46 70
10398 48177
633 4251
42936 88806
49 863
23 75
58 61
16344 33653
69 96365
68 71247
67 69
36 6121
8 76411
57 63
20354 37765
18916 32544
15695 34840
42 94666
47309 81815
95 39907
6389 24118
3749 18781
68 13929
67028 68977
65 69
60700 87998
10 57
73927 80107
9283 44269
22776 33527
2713 95253
80 40051
32 89
14763 78680
37739 59298
35 77
13251 82733
7316 36058
83 34258
43095 67260
45341 75586
3057 33684
5148 29718
61 51438
29960 45542
36287 42188
35033 40825
41 44
33 31459
43172 49659
7315 48489
88 87864
48 16775
6 20349
34989 64314
47 2407
8 19328
38295 94145
41 87354
43
18686 65387
55 77
14222 49689
95 97560
25 100
7021 29499
40 61532
63 3734
42962 83089
6 23181
3 47783
70 97985
20 88195
15 81638
6536 44775
35134 56891
26942 31025
24381 31923
11 39
17795 89859
42580 50936
17374 41122
325 1174
30 47057
35103 94233
4 69
12731 27203
6019 7661
22 61
31 36
58 77
8558 35233
2 51
28 26518
29157 95367
31 48
22288 28751
54 42938
58147 75122
77 19697
21 85
41588 43158
43841 48227
1
100 3610
69
6059 41434
34325 53628
15314 35102
45 58
44041 47883
8535 10288
15563 72634
32602 76950
2873 17088
2632 43700
9083 80072
14 22646
9539 25490
6466 72036
49 40833
17643 21722
26 83
68333 68764
31 44092
41 80301
44 49878
64531 71661
50 73735
85 17651
75 50839
1740 16146
100 57289
72 12499
598 38864
11916 47481
7234 37703
33779 54257
16 56
66 16519
24792 32535
4 71
44248 55604
38906 64330
66 51850
52269 94883
49 61
71509 93183
3153 18909
80 47876
81 80954
45795 71327
32437 44290
24 92
7360 38516
90 15530
32843 40616
23 4603
21 89
72278 76780
23 37261
3305 58227
32683 66137
55 23126
39 100
36 47741
9 13716
22613 24411
17464 20316
98 73713
91 51409
89 350
19 63921
44175 44532
46 19709
17
47551 71836
72 82
32 74
14116 40469
78 18806
44 13283
46010 47302
18558 38838
52 69
13 93031
25624 30776
14637 25291
14 97517
19128 37039
29503 49470
8 59047
18296 93436
47
3 38486
51 71
47 85
73423 84595
822 48692
44330 90869
12 22235
6 16747
34428 72673
6 23
21820 22756
39900 44448
49 86
69 44523
23138 75485
79 97
8 35586
58 96
32 89
86951 87336
8 22
77 11800
87 36443
3 12
37267 60263
19423 92019
21 4354
78 100
26163 76374
25 85
47 48846
6749 53993
11 36
65 16882
46 57760
17582 27241
26 48504
15891 35236
9208 86891
31 79
1 13
27403 43236
12464 94681
93 34089
31 94
15 12759
48 82983
75
18741 27718
79 49803
25264 46636
72765 99306
6210 45082
2883 3731
89 28321
69 37152
45 79906
27691 32418
65 10863
21121 46981
36 77
79584 80196
8 69
80 1358
95 91761
10 22078
50 30854
54 50068
30 34
81 99765
2 7
38 94
8553 32549
45 80
8327 49522
16150 20945
13289 49197
65 66499
72484 86178
36 31275
44673 46862
1595 16970
76 77
7 43438
5 915
13171 41359
3 74
1 15
73 74998
41516 43867
65 70
27 22064
21 38
71 6338
45515 83542
26 61813
51 6055
39186 88885
9 73301
21715 74839
24 78
10 26785
23650 47822
89 64619
61755 91075
9 12203
21904 29407
24 86
42162 73422
12843 41808
23184 46616
49 91
22456 41294
2606 15039
18736 39000
16 53467
8 42552
24803 77603
47842 75317
24820 41081
16674 49482
9105 92419
3 72
43
1559 2953
19503 33555
3844 12916
90 42065
96 1659
37833 86515
54 19595
48 64292
16 26
2855 38998
29691 38914
94 88370
2948 43472
12725 18534
32 45
86 34459
64 87
30 42040
2 58317
45 51496
11364 59114
42184 42900
34 43339
50 6024
3 38567
7 128
28 47961
47 45743
97 20433
45722 78311
5104 31403
50 59295
17529 60336
19 36
17896 50506
61664 88747
47989 54156
7580 17614
7225 16492
38995 40216
66 82
57 90
64 91
29
3857 28634
7862 31539
69 9768
13 70
29 96
34351 35320
37559 49971
28353 67178
37172 48451
97 89285
28578 78707
43662 73338
85 49537
1891 12930
29 83
21 82
60 36419
2437 49530
31 12296
96 30365
39799 45058
14837 40949
7272 64901
21520 93038
40 18280
48 49
1250 66834
498 33093
21818 56415
1
30161 44714
93
34 5931
21266 77200
71 47738
39756 41973
22028 36393
95 5363
16313 58062
85866 88782
82 46031
81358 91391
25 72
4568 39653
39040 58869
31 21820
1059 3782
5316 81492
60278 74698
8154 56480
82 95932
1319 71469
71 44876
40014 42956
29717 37418
3169 47384
26802 45266
19234 85527
67 48341
37 21793
60 9214
47864 56041
96 70609
66174 79035
9965 38691
9499 33216
13 16186
5 72
50621 62866
31 23049
4 67
30 64
16440 38534
85 71849
4336 32631
4289 21101
73 90
30696 37128
38464 48580
27757 42936
35799 99841
94 3408
25862 44089
34350 98979
60648 92012
3 21215
1 94468
15526 85530
55 26846
12 43322
40 61
8181 24473
49260 60714
33 1114
1359 94575
3465 32641
22 49
50 59235
1255 15428
39 13294
78372 92738
28871 43637
12 73
46 83
71 49780
874 17578
64 19247
15750 23430
18360 87478
85 80100
27 22616
16319 43987
24947 53558
15 16598
99 44589
51697 73778
45053 80777
19854 44674
3651 21885
55312 95398
27279 39277
60 92821
36 57
20760 72850
26 29095
62
55 20250
5560 14587
97 69222
27 19177
86 91985
100 5724
97 14641
52 19549
93 36807
23678 38920
24 42
49 31255
15945 75897
73816 75149
40 46391
11 36758
14004 52484
4310 39643
17 40140
1166 57952
51693 70486
22651 66349
9 88253
1625 44442
5695 70187
75205 97969
4252 45658
25427 72789
3716 35924
42 21398
29 7205
3314 26527
9484 12216
87 86374
80681 88387
29 67
34271 68037
8339 22829
67511 90014
17647 46902
3 97
64 87
62 79
75 9777
13513 86158
41348 57613
59 61259
4039 13165
93 68092
56652 88807
5134 56505
16245 37207
25 32
67058 77696
58 1028
19 35
3366 3931
20477 47882
67 26686
8577 46058
28954 48147
41367 49863
100
4 30128
178 68054
20339 25231
89 16782
10 26
6917 39044
23205 93248
39207 84172
11 98774
95 65812
3977 68877
41049 87953
49149 96912
1953 95889
5 82046
23 28
17257 97693
25556 29924
36218 42978
86 22101
18 94
7211 48549
74 52680
100 34487
26664 78463
9 29
19805 44499
88 41430
64 19559
415 24279
10 14
7496 11550
19786 29999
30396 74999
56 15148
44 88697
33 82
5 62
8 10705
40237 66562
65 45936
16054 75132
84 12821
57 30208
38 80
5919 36317
15599 61303
84798 89842
12769 81295
43 78
27 41768
32073 37952
83 76263
13 38654
25806 85442
66 36569
2 82
69 2588
21818 42043
16833 49920
41 62
95 100
14250 52506
33647 49162
35587 44288
84 100
90 73375
41998 48585
19255 84699
39 58
55 34056
36366 63444
43 50
34064 57459
73862 86649
6848 92363
12 99030
62 88294
59 67
22 4357
1081 23234
5513 5944
20075 25853
11281 19973
16511 32174
61 37310
16717 19933
42564 82724
23248 57432
65095 74688
9886 38356
94 49574
38 46070
87 56369
8428 23552
1618 32226
32 57
7132 7664
9 77430
18403 31911
28
91 17202
47 31086
56292 91556
31 90700
8 37
16 49060
75 86008
37 81
2966 28261
45868 47871
38 88510
62 93
74 77
4808 35061
30 77
51597 86317
16753 41024
37 41865
21648 74836
2450 21547
9563 74649
13868 20363
37626 45142
704 27966
56906 87984
26338 75970
13899 87981
21230 80682
59
3560 29691
4469 45638
99 6940
81 24945
5131 75421
49 31007
30 49935
56 36689
35 77
57 4556
13 340
5 6
13978 48828
6330 56165
98 46038
3584 41627
70 34978
18 32970
66 32284
10 85976
25345 80039
36 13720
17379 39036
73 1037
72 38234
38613 55289
20905 76755
28314 33349
45 81
96 3084
3144 23016
1941 11730
8314 29035
18 92
58 28607
6009 14940
40 15650
11845 61293
290 39829
18612 93904
2 88654
42655 46721
13 9535
50 17286
30784 58703
1075 34292
28029 57182
41733 44767
44 2798
45383 97105
8 26530
90 38934
10002 26941
42 61027
15 71
17566 34738
25 37
1890 10927
6 76917
81
79 33218
1 11464
766 10363
20335 27104
4 6651
6 16
26737 76332
46656 47657
17 13432
71 46301
7 42089
94 74229
85 3300
29187 39642
68 72
40303 91907
34 93158
27760 36601
93 34109
2018 3548
29525 77496
20 6821
16422 90554
29249 60181
20 92728
88 28836
51 19834
68 34961
43 6259
46797 46973
14902 17686
8074 39657
30 2999
34655 35571
10 89
20389 96963
71415 75827
37358 48355
22615 26559
3135 32423
94 17212
84 36411
8 54085
1215 77088
13310 15990
2 74
85 51846
23 45309
61 59698
13 67
7 41
2610 80047
99 24512
2433 2788
828 10425
80 5452
67 98
30599 43047
1861 62252
61 35965
75927 82202
55 66
19 32
1130 48516
64 86
55 33161
8 82
31427 39551
25529 36409
47258 47571
63 26626
31 66186
15879 42159
49 82926
90 4485
71 77973
36822 49680
10751 43705
21 25145
62 27705
27060 33009
72
96 45703
4368 36130
10 32
36837 39182
83 43867
14008 71907
39563 48678
31 1854
70338 75649
26311 37352
8809 14303
31044 40842
14700 43471
27524 29959
30 73
34 73339
3213 28570
22 66773
69 6098
3451 24468
42699 46369
31853 57804
29453 49278
74 24967
18828 84560
10784 82826
46 98
53 95
3791 41974
14297 50968
8 79482
3241 80194
74 47226
12329 31555
26 38445
30150 49302
83 16597
34 38
48439 74863
15135 23141
1250 84561
22510 92295
35 78
90 84963
13939 22432
49401 65932
7 68542
71 32685
11182 18680
29459 71150
20 86763
30389 43679
81 15155
81 4679
28689 41586
27192 42402
19697 95029
6375 30396
49726 88620
33 58992
13411 34243
8332 58444
48 96284
59338 69076
9208 91665
29 51683
3631 53517
66 21880
41 78603
66 15616
60 86
52155 61004
52
7698 99671
85 80553
19105 38530
5560 45902
82 38326
17 35177
32 37774
63 65219
35 6611
24320 62450
16 22
74 18354
10087 48628
83141 89642
5789 61624
24060 35166
27 21178
13555 24084
36 47016
72 78357
14823 80821
517 17863
10415 60677
28349 47757
59 71787
54 73
60 40532
27389 46613
11 80566
45 85756
14 76
27 56
93 13126
99 32035
21 74
36294 42896
72 79263
10591 30378
23822 58177
183 31889
65 2216
73 92
2 2709
59 18913
26075 45784
2524 67290
81 85
30684 48471
33696 40466
3 814
36 60
5 82546
2
38257 90565
10 68
4
45776 99229
373 17282
25 75
69 74
97
26281 44739
30 31
94 21610
45785 63780
37467 37853
37752 46756
77 18046
24 53
34 71
56 57
17296 94277
53 48666
21 88
7683 14420
67 95
50824 67521
59 19696
33 39871
7027 22633
20968 54467
96964 97132
82775 86799
21 14697
73 30817
28133 57090
63 16919
65 59716
4520 23598
21561 65530
9 34026
62 79
72997 81061
9252 33464
8411 40527
6001 79225
10 41251
23979 25893
18312 47091
12399 28441
65 16208
43290 43353
78 79
6707 8900
6 43
33 48809
62 64595
23605 48116
79 49300
83 20759
91 88904
34250 39917
72 62991
47 96126
88 21759
87 14072
88 7892
24181 34578
14492 20591
4 7
58138 88428
37532 49577
117 19349
27636 35393
14866 67082
12133 92728
48946 49192
46087 88648
39732 84526
22585 71360
80 97
29558 43946
24671 87540
54 27220
28 50489
35577 47207
33890 47336
7295 92507
28925 45849
40 82
18763 31501
20107 88900
23792 33243
2476 39300
89841 99145
29 3295
80 90228
31288 53137
18779 22462
10770 33964
21361 36535
55 20727
95 97
76 30215
7 18930
36 7972
80 100
34 32630
3
20221 88817
62 54659
27502 44071
24
37597 46059
32321 32706
30 57
28292 33177
18 68
91 32314
33763 34938
84 10213
99 95164
40 29148
89 5642
62 89
1 81528
7014 20190
10 41291
47 37728
17 39245
20795 34038
45 22576
46 29076
37 41
72327 74088
20728 33289
6738 20845
80
61 1752
56 10930
21719 82654
27963 41894
60 14464
33 10736
55 94543
94 35693
73 19816
25 35257
17048 46832
66186 67802
7 28571
65 60052
22 79974
14260 21917
33168 36973
4142 7408
3518 13580
68 48903
20079 80380
15064 41702
42443 48035
95 11700
73 69594
6 459
27 22241
3 49766
18068 83753
24 81205
39497 42065
14344 38764
50 81
87 35442
7668 46462
53 5404
55 25519
78 44104
35 28154
25299 33102
54221 66590
63365 79143
23024 37533
6 33608
35 72
66 30499
7085 8264
49823 60603
39 81
86349 86979
30219 43262
31 36
48 25915
7054 65713
54 10222
1286 13756
26719 36839
139 8842
15 41609
73689 86346
16 47
75 33026
28243 57002
12622 75751
39 43658
14 70323
62 44263
20546 32216
5384 94649
27632 41374
13671 45152
87 82410
29827 36665
92 95283
99 18321
43998 68780
48357 49952
68431 70955
15088 33897
520 74253
67
317 60088
96 24758
21265 99947
18318 23745
14160 72535
12045 31030
5794 19594
55 93
19 43
23 64
67 33666
12804 26269
51 57
60965 96531
57 94452
46 36744
18220 75527
1749 40927
29062 33136
12860 18296
81 33401
24741 81310
73 79
3539 41837
6355 21249
24557 54057
23306 89154
36210 75409
5 74211
2 50153
1496 41456
94 88734
30384 67229
36536 42809
76 52903
25208 47645
13913 31539
24163 46674
3 23
60259 63926
55 56
16574 40235
16 30038
56852 67579
68 23684
11962 22415
20 7755
8 17
9436 14259
55243 62738
10113 85762
5864 23095
44 48436
31290 39148
4 32210
31728 47071
5229 18926
51 7593
35 36158
27 31
7 37
35634 46454
13627 18951
59 60
6628 20518
36185 40046
62209 77021
36
25 72
19670 38706
21 44135
84 26035
73 13856
66 70
21710 86381
33476 82477
49 77
14584 24755
9418 42487
65103 87363
4482 24092
8710 27293
62 72
2 69451
83 13682
77896 82323
28952 37115
7 31
1778 14929
45312 65566
70 97
39439 79452
5172 23417
17645 38316
61 65
55 31957
4 13
7 11274
7005 22988
43 92831
29 81
60 40215
10 93
36258 41658
26
35 38
74 88863
18095 34208
8 96591
4969 24251
43 46
37667 44363
41266 47042
13 38
55616 58132
77 45577
14 91480
36825 72383
58 1673
21 54
25440 29905
12702 81539
65309 75725
51590 96628
4677 11721
7287 14771
87 40960
16841 28798
28504 53010
68 78
67 76
42
16289 29280
94 6254
71 97
23 60
62 42314
41 62270
7704 55135
16 98
16 24
58380 81348
53123 67062
1730 34960
89 48708
3509 18689
35617 63904
32791 90377
70 18673
29626 46615
9825 33547
32 68457
6226 17926
9101 29114
20141 49521
27251 40174
39966 89129
25988 42545
5543 6518
23 11787
3 23
11093 16680
32426 38399
30 76
2074 47645
1493 33758
4125 20759
49151 71850
26351 49547
1380 80830
40118 94925
14465 42843
54 40175
1521 70630
68
4 59
8 41
97 27846
13 35017
60 91
56 15767
49 67871
23435 41189
4427 79556
68 92
675 4674
93 23391
4 37
10095 44791
6 7
538 57183
2 10374
69743 94613
82 94513
28157 47597
17024 40320
16024 37202
37 49499
21899 78606
56 43155
2333 48272
14470 48042
50 86162
86 92365
70 90524
52433 67529
38 51
18555 39663
1 43240
15908 45155
29992 47271
55 9859
15 12608
96 31022
8417 11580
70 28730
20386 33731
15644 98956
31528 35860
32 36106
56498 90644
38042 86681
19 74
22486 55610
15 791
6350 97541
30840 45708
39 48
48203 58953
49 75
34692 53938
76 23530
78 91325
4941 49387
43978 75974
1364 45801
54 23497
5981 35148
10 87906
31754 42533
3532 39033
4 26722
15 95
29
1 19
62 19160
13 86
28491 72590
97 42955
47 15597
14646 84000
41757 43030
8 1092
21007 71220
5576 31969
13561 23046
97 75355
25 75
18 76004
34231 83262
20487 20830
27693 30033
14535 75104
6550 55212
16867 40679
39966 44877
78 46159
31 53
90187 97574
12 49
25 47
49 2725
40 6620
66
35 39038
95 89105
79 27644
25476 64423
48574 61017
49133 76539
53 41948
7116 45974
76 32675
47 5851
75 7333
22487 26638
9462 13709
78 53406
11392 20594
13049 44122
13 30645
20254 36866
14530 29826
25 96797
2183 7185
98 44972
64 10964
52 43921
10745 75369
36481 41674
61 72
21726 51853
6426 28797
74 41161
36015 69607
64 19102
77 2472
52 95899
70571 99144
6 16
14827 51092
53 55
5884 47975
100 49585
49 55
98 89689
77 18397
65 13218
8836 97925
5829 46655
70 47149
37697 76332
29 92944
36 30154
12067 42574
8 11833
27 25715
41 41646
8843 35818
1 87
52779 65846
40456 40927
85 69597
37663 95878
23746 58636
60704 62137
81 6838
33 79
92 45579
29778 45883
17
1716 41526
28 85
33 15386
74 29804
91 29591
76 406
53 32881
33 35
99 52533
57 49850
11369 47655
54811 57488
59933 69600
31 40505
10224 53724
51 86
1057 42552
96
18 35661
53 26220
87 34418
30145 34081
61 85
42573 85413
20 24
6277 14075
3857 10346
7981 52725
77 91477
55 76
30 13400
4348 32129
46 62
21 20903
46156 86791
12494 33826
6 49570
12668 27513
57493 86947
8948 65760
31719 48397
55 70
30812 42407
56 69007
10 29770
45545 63062
61 39853
53 42550
1172 31860
49 64
94 64356
32 20825
76 16158
23425 94982
38778 42150
42 47732
9681 36413
70 5805
30 34
12 58
81 8823
23496 28127
68 38038
36109 70227
37047 47834
73164 97059
14899 36660
5989 68883
30948 35533
3 25016
3 24076
26 8986
28096 32191
1 41456
49682 88629
20767 30892
34370 45421
37 19605
20 81585
50139 80098
6265 21542
72 25967
3 92
17 25170
3632 41387
80 29000
76 34324
28 89
18184 43708
32 29431
94 30357
90 11867
34510 89162
47983 73564
28 34175
2 42465
68 20997
68 94080
42 38044
13974 56514
37918 38337
5 16
23 39
37 79
32 51
11452 63937
2218 37511
16732 45499
28 64633
34 19973
12955 32231
1450 30412
27741 40612
69 84
69
25 91
20194 44565
16 29
69 44800
23 98314
24 94787
33 25079
43780 44731
69 20094
79 20227
97 3424
94 4552
72 34091
19 42294
11 59
76 83557
52028 87365
3883 43103
49472 67074
31699 75054
66 41052
27 48344
30 57
37006 46399
75 100
19690 20183
59173 91129
29546 32989
1127 4554
21962 77625
60742 79470
2047 14619
10 62973
35 83
21012 34850
25314 70336
18211 28039
25337 50399
13114 16882
15715 33020
1988 11739
66 16819
12 42465
2084 65697
35676 47197
23 90251
9792 22585
13540 23858
36 66
12 39648
11909 83036
12 44013
13 64
35957 51118
24533 63546
13674 88126
84 60307
13561 58325
2 12794
4966 32808
24 87157
69572 92012
24498 29927
16 20
23008 40088
6677 52627
47140 95008
28600 44475
11061 20562
72
92 37620
3947 56873
6139 16172
10767 20589
3978 23402
28 42
6 42327
82 5263
18331 31620
32 40
27944 36808
31687 44420
21907 92484
1370 24447
16258 78089
34351 98889
25 38750
15696 49221
13 38
27695 35039
29156 32053
64753 91423
55 44357
17725 47884
12841 44149
78 99
23915 30098
35 74
36231 37069
4 55
15255 47479
93 3082
31 15513
19191 65246
6358 22261
57 23354
63 33502
80 9984
14 91742
1757 27104
46 88
9129 40312
5 58416
12877 22008
1250 16798
34 3976
20096 51665
56108 77112
27 42425
88036 95336
69902 86715
12594 15621
5 36
84 2799
72 3889
27704 88989
3 64
21596 21829
33279 33536
53 48348
30037 97246
43 73
11620 96737
21120 42415
42 59
4 18
81714 92324
65 43271
6214 16648
55 69229
63 54029
32 69
40
18 12189
22 95926
47 9804
23336 41103
3 41829
64234 87840
28 8628
11548 33771
9358 16105
23 22542
21 90
42140 98375
1784 20056
21 83
19639 34142
19582 48099
2 37579
69 78
4903 48142
66 31039
79 76388
43135 94784
643 43946
32351 35803
19465 60367
16 59716
17383 45074
8978 62575
4 94378
2 24408
8 36543
59 20711
1428 51886
90 70110
4793 14830
9 28379
28341 66568
32056 48516
1 6
3747 81614
82
19399 21601
21 50
12612 18194
40213 54711
75 89205
60 68
9415 31945
15018 16333
86 97
78 18783
41075 69234
1 45930
74 86
8 77136
94 2993
58 64
2 41
45742 53442
6172 8427
44 61797
84 26681
85 100
86 22284
1831 24562
26 12242
3 61
51 4358
54072 86871
98 41675
67 43580
1993 10791
6 73148
3056 64546
34 32866
95 45295
61833 95823
39081 89177
2083 77510
5263 16955
17960 37691
26 87
5945 17723
26 38
29022 45425
11 76
43287 47531
83 99
15520 79840
45 22565
5522 27924
17 12717
12239 24785
14262 36499
429 44583
47 98
22888 58478
85 65438
10373 35429
46434 81065
53 69
42918 87071
30 12128
50232 53734
18584 33483
28987 31957
10623 13305
41 48
15473 42037
1 10
19 14260
22056 58871
2501 28695
30122 58535
3480 13374
60 58066
46 96
11009 39166
81 22238
35070 41811
28226 31455
17774 44654
32983 38919
55
20 29408
13 53
9671 24592
96 28927
44419 93013
47672 89342
21055 97484
37859 56969
59 32659
13 28
28090 46359
66 73
4042 17566
43 69
19 92
18322 49721
3479 10882
17 61
42 3977
65 26624
2 64
13 14
54 1792
18001 86584
45032 88643
94 24453
27615 71625
9675 12574
34157 90883
74 15886
94 49618
35101 45218
29683 87833
5423 43291
69 84
7296 17895
35 16685
79 1032
5 99202
73 45101
20 9198
35 25487
3719 11536
53 17800
16113 37875
23581 30998
37 33209
76 80121
27 90
18451 26863
66519 89793
26 69
94 17292
7323 54268
36915 46597
79
18 72
3832 42613
84 2567
90 62090
10 55193
57 41187
100 26523
40369 73452
43 75
28 45226
28 21644
4190 16483
93 49160
85 59847
56 8870
2637 33333
82 28590
16 37733
18 63
32 423
13 41143
30419 86317
14069 25801
28688 42205
12816 76940
95 50415
19114 49171
83 25699
20348 20423
84 4062
84147 89371
14407 29063
69 9873
30 89
32399 49649
26 24463
26 29
1569 89885
44178 75065
8518 30066
18471 31841
30815 79355
32 37315
43256 75226
3190 14048
77 78
19962 41555
86 38952
14 81
8193 20050
12 70
43 58
2 37934
12535 27557
31394 35312
26065 77389
21834 63992
72 45599
17629 74676
8993 53005
14 44
18688 30679
9 21560
20 23159
84 93
70 95
39 67
5248 31193
88 25400
10073 25990
66 5286
71054 79117
50 89
2 37
78 40049
27604 88407
16354 96502
6517 38957
45 7388
29
31 19800
29 71
25167 50726
1283 4174
3283 14305
5756 39944
22846 26805
11038 21833
96 31711
8488 9038
14647 22517
20 9488
61 71
33473 35680
40378 96042
23 19590
11453 43044
41 17618
4640 31124
27829 30722
51 18591
21 48753
17164 45399
29 26234
63 94070
93 26700
79 35873
58 61
76 32177
7
37 99013
36 81
15134 21842
17 9157
26 69892
49 87104
40841 41628
93
90423 99091
7473 24400
10586 79552
100 19808
13 40
71241 87095
48245 86227
1168 54335
8344 88014
8273 10161
63975 79800
21573 31762
88 99
1722 61051
35091 91103
31868 37426
56230 86284
92989 94100
9501 49549
61 67
14522 40965
40 86
36 20635
78 93447
43 8193
6786 46333
564 76563
81 98
19685 53986
8799 55849
16609 37786
3 43565
11661 36579
36525 74910
3 73
34 67
26 92556
16 72866
19 99
68640 94623
38050 44774
31 75
27694 48553
16251 60130
10 23
13741 20460
51841 70368
54733 80321
5938 26977
57551 57604
7517 52808
2894 28682
36 46189
24695 50940
51188 66755
935 23336
83 1510
200 63985
9332 15905
23 55
39287 69590
77 100
93 13528
14692 22117
49 95
19 11082
2722 29025
9 45087
6 65
43495 47577
26 8388
15225 41223
10419 90543
7926 45935
2949 2977
6 19754
7166 38852
21152 47944
42 7097
5301 16254
3788 36309
14666 37763
15 51912
28 25721
18716 55578
29973 34309
74 61072
24 232
4918 64630
59 81
4195 71995
24228 42599
59181 71983
90
23 4887
708 36780
36 57041
9323 35561
69 27818
28 40908
86 17441
3918 86173
2615 19651
46 40790
894 19226
10 58369
4143 93412
67 16615
11111 28558
23 26
11 64
99 8945
14209 35119
8690 50778
13 23516
13 81
2 9
5 5276
65 73
38890 47646
2800 86899
10 12
33 44867
44 1481
23641 93766
8176 48315
13678 39934
59 100
4947 87323
19882 44752
4396 65489
7223 17309
21 44
28 30
87 28160
5586 91018
25 58107
17011 38102
44 35674
29265 84721
89 54876
3797 24944
78 4520
20421 69372
65 78
82 54328
26 25536
24284 27748
82 3092
22371 79063
39 96
5 37
1090 47832
80 18873
88 44651
24 23828
6505 39958
58 17325
31 50
15576 25440
19415 71858
10 99834
7393 79448
57 44134
38 74
94655 98301
27 5110
46605 90483
70156 81691
8 21579
5 78154
48067 49441
32 52192
4962 46244
15154 33451
24555 40835
17370 42637
56361 89030
41 71
49726 70750
66 75250
84 52575
52 94
61 44583
14
4089 95281
17811 32250
14514 69393
2 61
73 92
76 60183
9046 29865
18 78055
40389 95018
44 29288
16 82
37 36457
17 39928
5130 42727
22
14850 50879
4 20124
43493 95186
23568 54836
6467 74296
20 59289
49802 65654
96 21465
3412 10695
29712 98316
16170 49216
77919 98584
7592 12569
41 5167
37087 38275
46 82
4691 4751
5490 31239
40867 78270
19466 42115
94 61954
32 15858
80
7557 25747
18 3216
2571 37519
21233 28038
97 39968
72 60792
15678 31453
6716 48408
61 15757
38 92233
5637 77145
61 75
10 32536
40692 85718
38053 57550
24758 65755
52 231
17 92
29 34755
100 75634
57 59
36 69
26176 88599
29 46
67 27341
14121 53066
71 99
97 34130
64 5525
76 97
20919 49246
50 23869
54 51389
16821 18691
31269 96555
28 75
36 84
88 52833
12 36857
37657 47323
9576 43942
53 43785
6993 68701
978 8382
20 78536
32 39500
22899 31263
19212 41759
20649 32422
31 65
83469 83889
38 28992
24 33
17134 29047
26493 43734
15860 34206
12245 39076
23153 30849
58 92
635 3864
8475 9703
22555 26999
18 29
28825 50707
62 67
9883 33146
54 92
63 61087
20297 67955
43924 63484
99 37806
14 50
26 19964
62517 63311
62 30058
25712 25764
88 22224
65 75
18939 31685
51341 55964
22
11875 88825
13992 21888
71482 78996
37 63
15441 38996
27 70
18 16918
20806 87427
92 42399
26 80
83 45465
85 50309
13 47
69 92817
25 291
44883 46715
35496 39615
66 78015
7740 22422
34830 43608
27 38393
19825 21019
59
14646 44759
21 41431
33 81568
92 15224
28697 35521
42647 72339
53 96
14 53
95 24846
10223 49464
21 77
52 7468
24116 58352
79 50620
11320 44338
12417 47706
30038 68516
43 63
10 33
62 19533
2729 96507
39 49
13810 38553
32951 35198
24 19688
5976 22884
39332 42114
8431 43033
86 50857
25 74
7 39
80 27969
18409 22386
88 6468
353 46664
26133 31662
3854 29404
11567 33779
11 22234
45844 81164
8239 36948
14097 30371
41870 46781
100 74382
25 35
30456 33148
44 54
31128 46450
27776 81137
4 11133
86 52779
86 94
72 21615
43 2493
61254 97553
13 87
28 43
13232 31949
37732 88914
71
51 27334
99 21619
10041 41707
5639 43601
67648 97759
31 18780
4 2300
22 74073
1751 29373
39 85
5 77883
9360 38718
26777 43901
8 17821
566 14817
1945 31246
1 34
43585 44412
27 55
49570 81795
52 33209
1280 47590
11431 29891
7955 32659
11190 16093
13 15
62167 74215
99 45705
43 44387
34170 37677
20859 93347
74 96
80 42406
87 763
80 22841
17969 25052
77 86
239 23286
4522 61331
52756 98012
2086 13498
91 42796
8 15
4232 47810
41801 49328
2723 34259
12580 29909
34144 59946
1 16
2949 36272
6 63
23363 45305
28969 79762
45 48293
65127 95587
14437 86711
32 39
42400 79905
71 6645
16082 16880
2351 34471
20337 30893
17449 31387
86 93835
40 53
36004 84352
34572 62691
5358 9262
8098 17216
57 58136
79 16643
24
38 100
2 27851
5 78
8143 20125
72 20122
22 46594
77 29304
38 69
61419 83490
5 74
56 85
52 24844
47 56
24092 82238
27607 53395
34 39
29760 29771
8082 17359
9373 70391
54 16504
23252 33735
59 38875
16 84306
36972 42559
37
39575 85488
71 29854
26826 44037
26 34449
28 46475
64 65725
28 48
19405 82347
4457 30427
75 17678
1 52
83 90
34 36255
37 77768
5 54149
29102 82792
23956 66938
11837 81604
18189 81794
17441 21714
17101 47878
721 45625
33 100
6135 15878
33296 42571
93 49033
95 93124
39 13606
62606 66615
90 60851
68 73
14000 31928
98 19972
21179 34709
22 55
20436 99138
77 80731
65
50440 78057
13662 34670
19949 22666
5 46
34 85
20532 62018
35609 40133
14 48968
49 28745
3299 13616
40 1777
7927 42330
12898 13541
23 34
90 38153
72 97
80 20896
42808 55059
44 46553
7 29
11070 39070
52 41606
25 26
11515 36617
13084 18676
57 37488
14 11277
17636 21483
71 84334
29 94987
38 82323
23 52
41 45
28752 37044
6 68
63 90
69 77
21625 30876
45854 75515
55960 76554
35 44
88 32632
14357 30439
22109 23490
15 67587
28521 43766
9583 22855
55 11976
19 86
9 37679
47684 51130
5165 25939
22 26
43 34709
76 77
17749 37497
74214 80595
22695 41632
3524 90345
14859 45178
2553 42303
36049 86595
22371 31978
7609 37319
73 77
42
32686 41353
3686 16850
60 92
15546 26764
80 29917
3557 27877
12221 46512
18243 30223
20591 34092
37666 39186
1772 64539
32 64265
55 31332
17 78
63567 93746
16 22560
7480 37508
7 16457
34 88
42 22141
5289 83818
14221 36860
46 39842
58166 96904
38 48
51 42958
97 26204
8 34815
34 34809
67244 70013
38 15946
46435 53969
25 5948
55696 57839
12744 57410
55 64557
4626 29290
30583 38006
1708 8513
28 74
51496 98309
44460 69559
85
2 27423
45082 60196
21 80113
26744 35723
22582 45437
53 75
6641 30826
15 70242
3 20
16 82820
17279 87116
55 35981
12 31877
98 63205
65 23889
97142 97214
40 49
37718 80927
86 13039
48 25850
6 8787
31180 34407
4351 43929
15602 38502
14483 92924
94 37859
63168 98317
83 22018
42 41192
85 35216
16356 30097
28 19902
14205 42059
85 26852
37470 45380
1 48951
46368 78111
66 62499
2 70489
7436 30109
5787 17060
75 1439
5124 62952
1 32
7 51981
20108 53836
69 30828
30 50006
13726 40154
3 100
7554 37892
92 15428
20630 84009
82008 93609
6 45746
56 96757
34540 40108
85 46131
9737 85303
37 15239
22 35
36736 55600
47587 83956
5152 9176
41758 41855
25350 44597
19353 47792
87 3228
41 59
54848 56734
24941 55648
26 45635
20 46
10 99
8 68042
95 20806
18 26228
8255 22562
29 31870
17 7222
90 96
2 22
10 88
1182 59999
19655 61224
61
16 2623
80 72138
56 41796
89 33024
14234 48302
3 20630
68 13453
2846 20310
8 15048
11 6548
59674 84832
39049 80140
82 36261
65 25938
4 45625
29206 44681
16 23585
7 33
23948 58643
88 47469
21489 96423
20519 29063
81 82234
92 3363
55486 88400
16846 63761
3325 25385
38756 41611
3493 65476
35055 35135
19766 46051
8179 37177
18 47
18323 39653
42 70
22017 47403
14033 16508
37 68236
88 53338
37624 59288
1599 86895
97 62825
30789 35186
44823 88732
80 91191
24558 42831
40 22342
98 9410
36099 44636
28249 39695
13781 14521
13602 31878
38087 46595
26262 29696
67 13316
93 9763
89 18188
49 67
7 23
11 12
71 20371
62
25 63
56 32310
3 90
50 29538
42 44818
72 77
24 96
7077 34572
31662 97816
37 22735
16536 70596
48418 49651
6048 33793
60 15597
57 70876
91 36613
19 88
78 100
64 29666
69 38333
35178 55382
23910 53836
64 39935
26644 86920
5964 48618
18158 80030
521 41468
8 81
26487 40602
16 21025
53 26007
34 56
31 31491
73476 74109
19 71
16724 40508
20 9438
83 56973
1117 23165
4 98
4074 30209
52183 68479
92 99
48 48470
49 50858
6 14633
13647 35315
12784 36299
32245 40791
86 2910
5 40
1 68087
93868 99096
7453 39103
10 45726
40 60
85 6812
22 84618
16797 18410
23779 54275
4 89447
18177 29196
47
15 70
39 49
18309 32452
86 20504
66509 77083
43381 70958
6 16512
29451 46127
94 96015
23 22115
71 94468
14243 29970
10796 20437
82 92907
36162 46989
3410 20025
54122 73460
39 89580
3202 13242
12625 91326
6955 31367
27960 75186
27 15896
6650 34511
35689 47541
88 58153
41985 85149
74 98
9 22
11408 12222
48 49973
41521 89276
15 46655
33460 71844
9 72
20313 95461
72082 76802
22456 75581
7 93
30 72
7 74
9 49
25769 47748
150 95702
17 26
27407 95721
18179 41518
57
56 20556
68 4792
73634 74125
81 97
32845 39723
1 19
5995 33646
30403 39853
54475 82853
63 95
67 33598
53 68829
33 2540
72 32809
46451 49376
91 83457
9353 86900
13557 32568
39 50
96 9423
37582 45629
89 95040
1328 4966
11 20348
46370 47435
33 71
51 46260
14 65
16 23728
11074 86332
32 9692
56812 66301
83530 88324
7 9546
49078 73230
1208 87480
74 24141
23 66
39 55
14054 30097
24 8084
34652 97404
94 9825
13684 73544
7 40
62 45294
13321 24877
24930 30499
34723 37231
38 70
36182 48887
13 62
6948 23387
36 92199
50 45966
8239 12668
38754 45443
9
3757 7533
14 14418
43332 55713
34 21515
14126 24810
5933 37004
34 25088
4278 68701
95 29335
61
26853 32105
19452 77799
24 8180
36761 58826
5659 6007
96 1682
56 74
7065 30850
3 24
91 47106
10281 41423
22865 47329
33 43321
39210 49500
38039 88410
13977 24377
18653 33168
47269 74875
7971 70659
22 27939
39 33549
2 92
10160 17946
32582 34832
23 33090
48913 93449
47 23717
50 79
9739 30690
10 29
33892 49927
99 43579
13963 98794
65 7786
8 100
30562 45806
8109 8342
51 69377
55 50217
17676 19918
19 87612
22598 47247
22 46847
21002 39820
81 96
98 14870
52 8492
18308 27970
25408 44802
26128 96605
4593 38684
20838 66733
7 76811
43 30754
599 19656
24685 85859
55 27751
69 16563
35 54625
48 18362
45 69457
73
35285 92177
36 18424
43 23333
36 52217
14 9837
10682 87726
13 86
39208 88074
27329 64322
70 18831
52 7537
23654 31196
31892 97208
32 25130
52 48518
23538 88891
30938 76104
46938 98026
22048 35643
78 32163
15883 29869
7599 89497
42729 81837
51 24614
2174 93126
4640 37993
12957 88317
78 79
90 31870
45022 70670
446 88956
3 23
68 26424
16142 41915
44 5791
27545 93723
86 40405
15 51618
6174 21490
18 83
36953 57456
23575 38197
3 54593
68 35597
40629 61323
23 28536
94 48972
12 21460
4 41893
2353 47725
47537 53684
47622 55507
26 34603
69 18052
7171 67222
19928 75064
4073 17638
14249 31882
5265 43671
25309 82934
5413 74209
8 45447
17 2307
13541 40092
19105 55934
20803 22522
25660 30222
30544 35646
70 16688
23 23723
3287 33752
42 88
24 75
94
66 27626
1 94032
19412 43343
7450 29560
33781 46002
21299 74356
55 38109
77 11044
50362 63487
6222 22585
13060 20966
15 67
27 84
2 49
5642 20470
40613 53741
12 18529
965 13067
8 20970
27 57672
37 31544
72 87
18 14407
2918 97168
61 9578
96 88404
50 51
4650 26493
4127 8038
44 72893
60100 73690
99 54264
14 24
2131 34328
42 83068
17747 32576
18108 44142
46 5467
9055 23458
15 72
16 72853
77 63491
21884 41927
42132 75910
2347 87604
54 84969
6 13
36297 89529
13389 24579
33 82
41 70
24458 32267
70 31442
4066 45322
27 95
12815 26027
3026 63150
62610 82042
24184 37223
22 69205
48034 60653
4103 32220
92 14585
48 19371
70241 97976
39604 71223
58 88
31 32
9767 15476
8 34803
34 23685
15 22678
3564 51654
47 10230
85 4673
20664 49030
12501 46480
69408 76034
42793 99162
3703 63021
12757 21111
53 34951
24743 95140
48 14135
48 57
20787 79412
38 11065
563 20340
2 30
19085 59749
46506 66142
19940 90562
43988 99952
2721 52205
80
8606 43359
3630 77196
65 3133
1769 82230
23 89
3 27970
32139 69026
29 69862
45335 49344
91 30613
8760 93591
54 4446
38 19438
3084 20763
18 1332
78 95
29 15525
9255 59916
61 89
71 89
7793 41649
48473 59573
78 24849
3887 46180
4253 6843
24269 26376
55150 86372
30826 48380
38873 41227
100 173
31881 48903
38532 51721
69 34690
45515 54463
44 25486
21241 38635
6333 14219
6783 49503
68 24692
16 19
91 21820
7991 14288
93 74363
69 88333
49 50006
14466 84310
15561 38589
23 27430
6191 82317
21619 76866
30054 43937
87 72250
23 39444
43341 91168
45 18847
80 26401
22 39
24109 24424
61 89
37 75
7 12
56 9379
18899 91538
17756 25355
27832 41073
29 34252
35 30412
20 63
24 35
32952 58689
73 44492
790 73753
21314 33299
9783 44197
16466 53814
55 478
5144 5881
92 81066
38415 40490
34 76
17
67030 84235
53925 90668
11 22579
39087 91943
85 88729
10 69141
37 59756
34152 36541
24 13269
91 28363
72674 76078
34047 40888
44 92
25606 27421
2220 27990
4 43
30599 93758
37
31107 33727
9060 47660
47 90
52971 60223
36 41004
2293 42165
71 74
29459 94834
5880 48337
20 32
47956 49213
2101 25598
49 56
67 70
18250 93898
72 20043
36587 70724
1629 26645
1541 34321
96 49475
895 16341
53 5076
69160 79994
91 77300
20571 48686
40231 69359
81 17076
13 34986
27 75
45 43564
10642 28369
74 34305
26843 81950
25 38361
24951 27627
62 823
9880 74744
97
7857 11535
7934 29713
42 98
2 82
4 33592
30467 88259
11 19
7828 71004
23924 90403
13341 17686
16 53695
18208 52429
48 59658
79 37815
19205 78406
33 73
8 28464
32182 49044
4 40
64 31008
37279 98504
19831 64006
53 26766
70 21101
570 58712
39272 85369
46 99
59 12197
100 87620
67 97262
28 27907
65 57369
4171 5182
5558 88423
2 21
5867 25733
5437 29213
3718 20265
5 51979
43030 47462
5707 36952
27609 79212
64 39509
91 59863
62 5971
6737 11116
11839 26077
7 23737
6397 14974
12 48
40318 41077
16 96
40104 48072
41 95
63 24468
29072 79554
21 26
91 38627
587 32250
9411 32208
13341 60114
2816 76483
21761 34711
9529 45977
16 32
48340 77444
5089 12543
30309 49875
51 100
32513 51625
35922 56192
43653 46516
75 78
40 90
44151 80203
29133 94175
77 69672
29258 33336
5385 73070
36945 51461
26 30
19 73
39712 44680
14 47
27793 37150
41999 80782
91 18635
708 47540
2006 34565
77771 80723
93 21795
33095 83305
27 2860
52 34263
62 76
70 97487
21006 44274
39
8141 31873
17 12157
13371 26363
91 47320
18 27328
68 45468
24 39390
50 86
16 71
89 40395
94 17272
35711 45350
16 71
44348 90882
4682 21748
26 32
35712 82455
54 97690
8364 72944
90 63487
85 51530
95 58139
12068 14279
42592 42822
17588 71933
22 70
4789 11424
26 64
32228 42290
83 20756
3851 25180
27096 28507
29145 48174
30840 62469
60 83
8 47
220 47197
58 5123
8785 48689
62
34597 66910
46 86
55 19914
7174 9833
79 93417
27787 44124
62220 79252
25052 34127
22 47505
48221 71687
2 54
14184 40271
79 5900
9 19
26433 29419
43447 67060
73 22604
96 36022
62 20380
782 36043
35 44
49 73
52 1882
22144 29586
33802 40477
92 33128
40 28838
18028 35045
46432 52610
51 55
36 68701
25178 45211
63 35043
14044 30984
24 42922
28 99
38580 44069
32137 49580
87 39829
85 44962
20 64834
12739 21172
11183 74654
83 90
4399 39076
4729 71471
26 50
75 94975
66 2179
76204 87633
97 93458
51 84
95 12304
49 82106
25 50
10650 32659
62010 72288
100 33105
22 72
26482 90338
30639 49850
22446 61971
