100
45
9 95
21 76
2259129863 4291220520
2355590207 3582384611
88 3052712498
3480812225 8557206111
656852957 7801148955
17 73
500750071 2339306312
1697831479 3536794744
5602865361 8920501011
3574975513 4539225103
4064568588 6241080139
73 4654117277
46 3649060402
67 4524816233
103205373 4436231483
2801395324 6133101596
84 6142299889
2464734200 8247891821
9 34
1823949515 6211100305
47 81
23 1284448000
1702179507 2463681487
1546880631 3140563026
1502113897 7420010245
2157112853 3630969321
928308692 1022895994
3773019901 4690921954
12 62
29 77
6105888471 7047906704
53 2990794947
4018891093 4150139185
47 69
41 45
84 97
6665149991 8294371591
3977202779 6456416767
2651568589 3659778057
79 9717271545
2346707321 3063627757
10 96
15 40
94
48 1946936831
4509617841 4909604917
72 2921664698
3911334620 5412979525
687280800 3401166938
23 75
2043764539 2115867916
58 1783204695
66 2258543271
1243612798 2548669247
35 5835850076
2821832332 5781695863
5660866392 9752023609
25 7980881790
91 1110310852
374876248 913582551
24 2113317486
3577082509 7694808599
39 2115913134
1851512176 2908549869
340659191 1496001031
15 90
17 6271094312
33 34
54 5206078021
129527741 240052183
27 37
560496173 1856838685
3017762807 3129826934
72 2654206868
29 70
29 59
438864114 4703047331
740707117 1174630352
236219838 8876318899
3395760494 3946402159
1289061155 4223076301
957339549 2539893936
1323130978 4895577641
33 36
75 1334887216
861208447 4264858297
2391334047 3785793477
5498146192 7647412513
67 4622416961
5774115242 5857272415
22 3875512075
1689275458 3263606284
482535817 5865470782
24 4482684260
46 98
43 4885918327
152559071 2318009149
1832324160 4130668914
453527735 1375343038
89 219468154
3967042657 9400610018
14 28
3688296642 5787746725
52 4327883529
44 4465541292
667997151 5533373090
118300768 2292894582
87 3825714334
12 87
65 1055544187
83 2497210808
4240234350 6737781999
2425516713 4650815088
61 8771959713
793325645 8327800789
137022563 3072051952
74 82
77694304 8236341038
6505238543 7193602040
2192958210 2905138206
1973785219 5642939109
1142047287 1517887444
333774023 6011946737
17 90
4142017835 4270247638
3 31
18 77
47 4707407416
10 1563213146
38 2989430090
8589766811 9807111093
3192324582 3503646702
1988586512 3985925772
1692056291 3233547783
76 4772593192
217576902 1593568344
96 4217012550
60 80
52
4820331666 6276063716
73 1130788317
2821426595 8148324824
3287857977 5428516021
232917350 9473430482
4374996381 4871993964
61 92
100 4090570839
92 6593975627
1108235937 1447757168
91 3423213303
1770123553 3636799547
124894831 523697653
1137333193 4441992458
1051705931 3522198832
1610001933 2946242553
364002815 2260607152
2937911146 3128607252
7373091051 8732407519
1899181642 2868667068
88 3404884623
39 2003155297
60 78
1462633527 4061028911
9305732260 9407780047
83753003 5126133893
18 7389900255
962509540 2618764983
45 69
89 4863038404
1975222511 6612435516
1524953255 1769264328
2089394233 9572058580
2645990989 7968283631
13 507606045
68 694891255
20 6061747709
2597781433 5869101072
58 751236416
3 741785918
356906691 4736509367
23 64
497860724 1623472410
4950506420 4965801052
4418108315 9761197777
1235009208 1497570543
7 66
37 68
25 55
96 2839621898
89 8695972192
5579071128 9885889370
31
12 4593928677
78 8017031562
42 5073474092
3172845655 9309433995
3169476494 4836797772
2918301503 4414646811
1730009330 4573455226
1208527798 5637848919
35 68
84 109956793
1363322862 5882899886
1412274878 8738750886
27 34
58 1875473346
30 1864687108
12 3998441135
2862032094 7318292848
106130213 1860817530
18 36
439551844 958741727
2130393447 9801114800
3624460116 9168227349
91 1430467453
99 1137638441
73 94
162436393 5194842129
961992007 9678322025
3401730739 9188938958
6446428829 9955390267
27 9597231214
81 4737768319
92
94 4217031079
83 99
2336534304 7920218280
22 44
27 3239894193
34 1901261330
30 3991392007
2115877763 3891301722
2943166361 4354792945
4599426269 4964467226
77 2266992078
585993779 1892895301
872375406 2599971394
72 76
55 2995053891
9 2349518642
2365715520 4020150373
1285092553 3754734734
21 73
84 1251228229
1524605984 3900183900
16 89
23 50
7 3245918367
5697732494 5700515506
29 59
4387234631 6522691982
344811312 1033487360
18 80
1508577599 1656218120
94 4863800533
70 8134697519
42 994924329
69 1036395636
72 3725316596
2317554350 7788074582
61 4929795275
3814836187 9875191062
49 3768702872
3217096980 7761376781
18 9573676834
17 9073821621
8 88
954650087 3841699807
2304884978 2953728158
1200629807 1946878915
64 8883666794
1973679438 5287508885
566979622 4589649402
52 8860000808
4479953663 8162156885
29 78
180865735 4447556776
82 1426674933
6794073805 8673982147
742870035 1559522407
2657104365 3318527655
1773632971 2675372221
1319016412 4120285334
14 7954246096
3887423876 9310899680
1900073864 4245739923
33 7187982285
2972357296 4849961059
2137473927 4347479241
1581853087 4324569775
1061612647 3050068984
4175227722 4354131494
3556150529 3743580044
8580887634 9058880940
2117279089 5104696904
46 2548371214
12 8083733626
2772074931 9929057547
943171655 9407977907
2465702987 3175612827
61 69
59 95
92 3989943698
94 96
28 46
47 800095873
3561318132 8396309331
2216689222 8714177894
55 74
123952055 4479436436
70411919 1570770268
7 44
1080223464 3556530841
9 4380904446
14 2269778370
39 3761709829
36
88 3702757778
99 1739510869
1470024187 2194898456
13 99
6 3975856704
3683280244 9620262352
76 78
430244667 3255064470
7 46
78 4165476746
59 1083756546
45 50
1524686673 4590506892
2418123561 4487540691
62 779551873
87 7374780476
8237613045 9919594930
3373172202 3813592487
3635213438 9908623535
11 49
1605578782 3875696804
35 5274150628
30 580898094
955653744 8691126217
1 38
27 87
2468401036 4802594139
39 1740029188
874982055 3940245441
95 614085517
5758870611 6837121842
1202815130 3511195608
10 55
15 494603383
3282207668 9654572289
44 2871356840
41
20 2001268106
24 437471551
92 3016360022
3060893446 9042591745
7251017387 7891502457
97 5822426873
36 55
1094609242 1729727355
1978283745 3532229533
73 505281051
46 596368522
21 89
69 100
69 1634534132
6103993494 7389871267
2400374203 2807404797
798995954 2792405860
964709379 4024787043
8 48
3030708186 6289700234
44 7303033487
13 41
6897521628 7179347065
97 4844605033
4652149893 5292252089
3961333272 8341294162
13 4514689974
1237844334 7158580824
6 7639951071
3129045051 4336266557
3145437872 3711999897
82 2546440520
309829552 1878771869
59 2325813762
9040117197 9180971336
57 85
33 9830803944
37 40
5535798940 9717770412
1955437088 5119697138
5880066208 5989084783
18
4845361993 6077353037
36 6543875398
29 50
674291776 4883666696
1566951628 1825198455
252227301 7739316867
1881568811 2683507264
85 8007391391
18 78
16 8185260597
73 3039194585
3813458793 8510734075
2775156896 3673054893
23 2166907230
57 94
57 4699970601
2542839166 3457944467
4649059540 9974020917
86
55 4330011901
652616329 1008201252
23 1890086113
3086791557 3500800648
24 3880562963
7102074926 7870091573
18 3206557738
3366326253 7625313696
18 76
1799728602 4331601610
4852401615 8910584547
63 81
56 1381367081
1702493051 4843948783
1370950899 2254613231
86 95
3620545489 5956881508
780029649 826121184
174139469 9390951353
91 4426708439
8522646854 9236770980
3157399444 4454228653
2256027191 3239244059
672679687 7049167928
792904231 4468887523
496952327 948663484
952378971 1680864981
2606991092 2822793321
262862741 4323770131
77 1330724348
233691754 2963529691
1052757697 9859653951
6022731403 8194887351
13 48
21 2153428825
2265759443 3910838556
68 3769193922
2949591543 8492126829
12 2347795618
3093180953 4916868393
61 4544971989
4994506292 6359997576
1124957195 2034225177
9 22
242990787 4030032761
98 3064390282
1027950387 5840998475
37 94
1216531999 4639101667
1999462548 2433479645
4263623716 4902047252
2177743338 6407645427
20 3002479039
2806148519 4646193273
281243676 8675417495
59 1308232028
24 82716001
10 57
76 9080842386
3262491752 4537569353
1276092706 3565898050
2737663614 3138004634
76 3719010181
228800906 837368071
2639103158 6969494122
2663304891 4468698356
9 743129767
2226862320 3924076468
95 2198215262
45 401235232
1804800768 9694187653
908084402 4874913645
69521735 3852855681
1663820679 2909241013
85257447 1400739654
100 2096212924
6994479264 8541340898
2781718227 8316012726
939792866 4932311446
68 5018625831
37 5143103801
785037310 7102057691
4795204691 9803088255
2144790768 9886784491
96 7461862023
69 31229317
62
1581944598 5481605760
8483278206 9224716116
6549680691 7161209947
100 9725657875
2783101920 4891091993
3598693573 3758033800
1633980165 2396485841
27 2797560385
1129655299 2572243735
16 35
4 253702615
1900820089 7135092697
63 100
54 55
839515228 4477390644
36 2082446053
637747701 8387428935
26 2692200265
63 6382160118
55 2749183512
5 1412763148
21 54
88 4333924971
35 2244259513
1191230624 2134932566
9 6664784335
1492956358 8418919227
16 99
4504481554 4937544293
12 7027924630
29 78
364945939 2306326648
784630769 1138355281
23 86
1556013788 3147395951
30 1205367883
2427949170 4954186152
20 2273238445
168275727 395983295
49 70
2768750502 4497942372
1147738655 4311429223
75 1300462626
932484445 4576639809
73 2856009263
29 3615176189
7052537054 9684984927
23 74
86 773622894
440726428 3326136171
17 96
1041280503 7075141784
3085376817 3847954033
1 4015636861
62 7364480380
52 1009252991
38 4256721544
77 4162962835
31 79
58 4317767240
775101224 9070080631
8 57
95
96 7268494829
70 6911379127
91 2961340676
45 97
91 2371808779
3 71
3717686621 4878282704
1463186992 1837396846
78 1667258142
4098345031 9493599027
4769058336 5651051104
602149132 4618985977
69 249674830
79 1747449799
1621212288 3113579326
7 7672906962
61 9688449969
9 76
4369117068 4696632626
3615184284 9588048284
77 4220130445
2246683539 3012863243
1461105354 9413431525
47 64
1839873561 3252841554
430930291 510365074
62 4728542082
100 9185182030
3520513373 4084092742
3674934641 4110787655
4501980187 8039397230
61 3385823384
1121580991 1913502413
24 5384723673
345399080 1279786266
67 72
20 8619334050
5 4282223151
727508047 4193239114
5873246524 6899116200
2732244201 9754485362
21 4856142790
4096521046 4542252070
3613327910 4996869683
493432332 5679010896
89 3644415575
1221290208 1283161409
4517515724 8598281015
4 4782198776
34 3175426495
32 4367740956
2733073313 3454823427
3382312883 7994453038
9 93
6637058039 7354067938
488057601 1449298195
99 3851866922
430619036 5168968834
71369094 4683500186
16 58
483913065 832831171
6011739739 8679456171
2384511432 7117533283
661404106 814910367
4506169345 5231282665
8 2153720536
3400922398 4256434266
239735108 2248966257
4969456521 7911290865
1 8060685118
3256345100 4092488951
76 3843383174
25 5559360431
141250753 695826107
88 2350889298
89178743 8874156698
35 4269141866
267622504 3301850670
98 1162704387
5 51
82 453192754
32 99
10 2758360865
77 78
9 8778402378
4010254718 6013303829
292826198 3057899548
1460650671 7450234391
830446442 1485769637
3540385540 4856984464
1022843435 5972239370
63 8070259561
1820577590 3887190221
5096452963 9674662537
2230007680 2488817002
91
2299072449 3204326433
43 1623938781
23 74
2505102140 2526695512
4966206477 6382557147
54 5651306928
3206424245 5028227606
89 4959024573
75 8467357018
534214147 2515189069
4821432189 7979125664
26 986172036
83 695638385
319850766 693738743
24 45439170
15 4861540612
26 4357179068
33 1463341191
5338906494 6013096312
81996097 3908877239
30 58
88 3288151693
501808034 7382404127
266424264 960010601
43 7779476111
2646594862 7475435377
14 1738318711
1179161615 2478615373
10 780186635
41 2500752399
74 2200019774
175081918 302631782
1087574078 2826062307
3227998034 4536229933
8 1720131393
63 4543214035
30 65
54 9602497686
50 74
439669702 1172490161
1273847605 2615740810
12 54
60 97
277596117 7404010715
455901590 5243820607
722707213 1836007303
43 671455888
64 4104874770
3094449561 3201219080
7 56
4489936372 6579086859
1824097857 3794519054
2124129336 6529974801
3398993972 5059715777
504206151 3737160291
2968766123 4758207242
1367684727 3290926121
23 3851462741
399092228 7633390338
3872470521 4062241213
93 1218399571
993177033 4231063629
18 1160658187
52 2221106175
3740571818 4930632439
77 1144735026
3967009526 4368492439
3322546365 3909905787
43 6832339309
1610921752 8487839380
92 1932831182
74 3392111270
1387913444 3856031593
64 3493753344
519827409 878949216
2515122931 2665831908
4105766358 4673007904
4444162551 5114379552
3029803972 4428680316
41 43
2687716222 3524135167
620774004 1578494521
6456507601 6608914989
4599992815 6899970230
96 4060852074
2752580017 3095117973
5924084123 8155106922
1601622020 2573987466
82 91423570
696043043 4561834249
1822819930 2561772265
30
25 85
34 1343368264
48 88
24 8048702194
37 238240153
21 75
5403129836 8160587405
42 2983522884
1394955261 4155710172
14 1597004741
5655990369 8017559143
75 6848118310
1009183249 3376405521
2 31
1985272285 7120809894
72 7612233886
1 5313552686
6244734173 7442812540
25543310 7015892045
3424595664 8533169861
64 9902789726
1481495414 1757744341
77 4365450081
19 42
4496164087 4926550550
92 780087431
14 52
1922230266 3416500282
2975343710 4216252927
2868454226 3551616151
75
3915299546 4343533506
18 1776345696
2814565395 8216070727
951658562 2026928935
78 3140540514
47 49
2196391814 4246412003
5376476169 5987104473
18 855473391
785062842 1332458759
50 63
2700787308 3493644746
9 78
3671498632 4985225979
2536113040 4108307495
3158327014 4423123902
2096132088 3413524134
1095464491 1156441517
2435510609 3893815799
24 1915463080
6 157358686
1065448653 5216113306
56 2002607927
60 4192985171
4345449580 8353419595
97 4488229689
67 1647135786
79 1451972264
60870502 1378013274
83 2099998295
3122511498 3931058556
8103470346 9332314559
10 624457130
407729822 2535574907
23 1073545957
1752405873 6055268689
68 921486418
214419749 2504879144
2442199168 4624506301
787028070 4117257717
2863004755 6170169515
2681208639 4341580679
9605827841 9979474592
72 3726398788
712923014 1028284132
2796370333 3499637817
74 4126016869
79 1399157697
273803436 402013622
2355932590 4723781747
1861403553 4621610124
70 662507244
7731778229 8694571630
60 8834860014
1024866355 2602090824
4 97
177193422 3985658112
2141416590 6099769722
48 88
88 6703547601
62 1622688212
4264271216 4642317090
12 5891962931
34 6979417514
75 81
32 421505678
31 2626392051
7209204471 7611554102
20 92
1916416202 9455948801
53 2119726849
2162949241 2244407540
3243593171 4646327198
25 59
2483303069 9837960483
38
77 9143009208
2 11
86 1255630983
28 95
2933441991 8280543826
836066827 3321746754
55 66
50893220 4440352922
64 76
2100874702 5521351182
59 9239826148
4731318489 9389104042
25 36
1584488009 4570734393
5 55
32 72
1760073859 6339405122
68 5236435766
7 4143163665
2872340454 4461836216
43 8924919097
4796990385 5757568948
69854865 1961230456
51 31491372
823982793 2258566947
1629096470 4657021697
1359969334 3815509667
6 960942759
920486186 3808126490
94 2948894711
3457418035 7066120718
4667359635 5661043144
2733548583 5792334821
3884850095 8365225296
2643386467 3321289862
113177367 3073225016
2052882926 4357247338
36 57
20
1114217235 4811715533
100975711 4231015632
60 3006193611
4633801433 4736417636
277812427 1779866636
797583436 1980119303
1713708389 2006153586
27 8384964390
49 2788997392
6 57
2023226770 4792252515
1 4089039888
6 1281712045
158948526 3818920720
3965518940 4632001032
4035574424 5874332357
4433797895 7325319523
52 3140701245
50 4290073666
1554399636 1892603310
57
4078257519 4135895867
1245535552 2528478660
1241376319 2639989857
3075128951 3520857697
927981514 6207003334
77 5833835369
12 4684256557
1394686569 2900472648
2939228887 4679838240
27 64
3492677882 3845358263
2621415980 6285966209
59 9583591795
72292342 3029666302
23 9962449131
30 62
48 4758676811
4479924071 9264493739
25 3828239162
75 4812239972
96 3500750032
2515733977 3735086579
87 2484201262
24 77
1566513167 5825972504
44 3932332543
49 2646629559
810328746 1433318940
35 85
49 1243505865
22 37
232814388 4323238455
1922233912 5469249626
4064536660 8893706180
30 88
207209981 712056171
6930115884 9609483289
3822616117 4933713719
4928528428 5184513454
2192257503 6459912722
20 2347935180
297674327 2246673907
14 704361535
3638139381 4197137773
92 4076515756
55 5463794586
4610318571 5088551772
1190598989 2030472034
87 3121969236
42094026 6324119524
54 73
2299753991 6067178004
31 97
249953769 1572916900
72 6125663997
641340649 7730548039
94 3072926142
72
535429216 6074464206
60 2105194514
228674907 2404043185
1915694150 8240911414
219762354 1564908966
77 2958550218
2311974059 4061839786
72 78
35 3003786495
20 98
60 93
86 714829031
41 66
74 6798657240
4064628484 5802177067
14 100
2688066839 4592441365
4181238996 7215647818
2721717686 3546706638
63 4436304162
5958412237 9400861779
2251715436 2599172427
59 1023224644
14 9802711365
3082380892 6012698621
20 6757570519
744793954 5279052701
42142557 507428184
1 52
2 96
1305456128 4213242228
46 5843819294
1924421879 3219526217
3127699624 4862614563
69 9495721983
3519914678 4735849219
3467866537 4421094653
65 9022857511
4717744095 6455555808
44 2003393273
3993997387 4372393316
287749359 3587655353
13 4578039451
1201014870 1546248935
50 59
26 2624204881
2877727784 3167071437
84 511940824
99 3150127106
4724721881 7002556617
2 4391155698
34 85
2494311559 2841010189
51 2570537205
48 5134309143
4504192020 5052062528
91 99
95873022 1232042921
81 7748515730
5273022081 8409957752
635043331 2005934891
5 1823266189
4209142610 8501097698
2658292333 2848739994
17940182 2206232276
3710141295 3725797575
1354531213 7329543682
27 3873486671
10 25
65 5769793802
2167376512 4643989958
1245480586 5749648676
84
17 32
818443298 2635275597
58 3627135525
314402599 1195866828
464825937 4645294536
6 20
322706887 2566218859
2 87
4280169863 6485568945
45 4817541176
1826056721 5218251013
666689534 666803172
88 2147257053
72 1126976665
4 69
48 1505054652
6302557268 7075299552
2 1172653813
59 93
1860794135 4639016837
3246413705 9241894159
386315174 1500577790
845263428 3201879227
70 4231764070
649397789 8171472567
108525076 878251090
39 1291231830
2052649325 3742021445
670181677 2565874867
78 7341872414
27 1401075663
75 446401234
1516873002 2709621983
41 642437843
245803850 1989488442
729091311 2947349349
25 3089511245
2 9191184009
2964186940 3303598840
12 660988968
53 4477555624
268733493 2461725738
19 39
77169885 2014579960
72 9096612000
1473973274 2965075354
44 77
24 37
4006652148 7132779081
39 40
89 875508227
1657965632 5712059925
30 34
71 1635956244
15 124166317
377858760 1777503198
85 2312224402
26 80
84470197 4634361616
14 83
2201686202 3567179145
40 63
2414757887 6072659389
69 3714053421
29 4881126918
29 248260300
1411255061 4720512335
27 53
3277011843 4342453629
1911071813 2533907270
2740864612 4967682675
113868493 3809844444
1197035008 1350038420
50 3161310788
74 95
1404080381 3596070268
2552894645 4768779734
2694869167 4793612576
602893936 1128955985
23 95
3 4375918283
5 8716894102
97 2752659538
4239708258 4265109152
86
61 89
74238094 8491319898
1 70
1004833388 1055290072
1005473923 4702218039
243570008 3508107390
474140 4602423655
1883314324 4895591656
2875359083 4381269006
2917006106 3668063808
2828567074 7586378430
3287074508 8457095019
92 99
50 2835366371
3364166002 4231662351
93 4864829745
819526697 1150661938
750631159 4386645423
2434485409 9869126683
70 2822593069
1738146075 3903513803
63 85
7650416253 8625259103
2188882593 4999220072
2437877855 5597760340
1716832053 3296525292
37 45
49 4856183351
2828824921 3708893807
4 6
36 1442523021
451549308 8593582300
50 83
22 97
81 5578013417
76 8945597101
3863055288 9486748909
52 1871473679
24 4266308104
33 80
38 60
42 406434990
774189904 3032684234
7395954264 9266723952
1883619038 8232558740
4464800542 8740533476
25 56
785554822 1808653750
5 54
41840496 6483431704
39 4674042032
41 4645240179
64 99
396733173 7191081605
58 1358361083
789250991 9766433593
90 100
87 2701172800
5255188792 7140921622
3145225081 3740574343
2009089290 3259898821
1690210701 6616575347
8 3166140876
46 4225973841
22 1897802190
30 128101492
2071526669 2558834544
3080846223 4517084378
20882525 7635683978
1132859259 2667855787
26 78
39 4595809984
12 86
63 40601826
92 4324471350
95 1109836777
6254240160 7702844495
2312390946 4219811484
4072034763 4443940026
380891529 5712165215
63 1290992194
82 3751849176
96 3647160831
32 53
2290904595 3689420494
2793828381 5523890804
51
16 3119869466
59 71
281135606 3836214342
2590372318 2591579655
2723754884 7865589628
63 9785685756
25 87
4061707980 9606789361
43 8311025946
1362372122 9189527146
1353465607 4709688394
705274845 3745179096
586843427 593737458
38 2453009640
858613316 2326750627
742963850 8233235896
17 3580753176
65 97
3472812261 9598717466
100292303 3241800688
17 7187530013
6333258546 7744480947
537810212 4033636310
21 3483438880
3093587546 9618087032
6 707467422
2282471313 7562643487
3397525732 4361408947
18 3827388840
52 92
4921936783 6386195388
3 1688132549
22 38
825838907 4996204203
2844713465 7482876880
44 1520351775
44 49
73 958910286
4159994518 7102450884
38 62
12 46
53 1801928105
24 1870627299
1236454294 2677359753
39 555620070
3008139650 8470090846
228163310 240679412
2529125164 3197462356
21 80
3971611358 9897066559
711459704 1118308487
82
4623997325 6564518031
3543000143 8550776910
33 5316275598
81 2550296927
87 4518038799
51 83
37 4607195144
1366780205 4573434392
83 1739599840
4644877528 9989011902
37 2522335420
1775951284 3452167105
229885196 7303180030
2667997026 4006313340
1510421526 6392691925
24 25
30 2009148706
97825852 2581023124
4428689450 5862955506
64 1428608675
248227642 4437723519
1417979892 4980271374
28 4793046513
36 5687773160
80 7186423270
97 7130757358
11 9119619335
52 76
37 7090248741
77 9519116361
2437305602 5940163611
4627366392 8502864211
95 59207300
2019610427 3801165275
1511157545 3734191481
1591447672 7010672816
216118172 1443566736
925708348 3653746651
97 1620876800
5102330996 5980531293
1075624913 2305099085
1597514433 3789158154
4 73
780447044 3555834259
969262727 1432974478
11 4401095698
87 1655147217
19 38
6677576706 8343069844
3681009596 3691342741
145633236 4603823734
21 3115269335
4467890241 5148288533
3463117111 3723178720
3270145414 8118590681
38 7611400833
1524866085 2508761921
51 8260836827
354910236 3290325401
3461188352 3493623436
31 78
86 682283086
5 3016368337
53 77
2143879162 3520083269
22 4528269213
544813778 1039005183
2541788257 8895513831
4141838323 7434586140
75 5167259685
506780908 4464171657
71 81
3243289370 3631437096
68 73
1116118008 4987993677
2567155963 8877919501
11 91401127
1980451802 4233713865
15 89
6100626060 7403604322
55 87
1130999842 4605035881
19
13 32
46 839401429
38 4183416870
67 1130826948
2240769635 5464517518
56 2128668377
3909066701 6150585603
1265040681 1274364219
589824912 1410025453
46 7001895788
38 1587966006
1737106056 2628654424
4976121337 7620525727
64 3214554392
2456341880 9909348792
5594582822 9871707310
6 62
2624941684 5744437800
78 6978840453
21
2 8596681823
83 9944416901
26 6082213334
32 3799619162
1965239798 5477884539
6 90
79 81
325724423 3719366342
6 79
3375307165 7356425362
29 33
80 2131072893
58 73
73 1401304448
53 2474390595
76 1337030386
4 1347400982
93 8143496035
4616565460 6313534107
11 12
1413849324 3509706860
37
4 21
3392800124 8539927719
3336428018 8483696011
32 53
21 3212772643
38 6312139028
62 2616392641
19 66
3094767012 4713884716
51 2141191226
92 2700737582
17 8634731165
6 69
2004946963 8717921041
560579489 3919519800
12 17
54 4755841895
65 2299313222
44 6159279453
573734434 2232974972
1043936051 3500084436
2438916896 5022157863
16 31
97 639375317
62 4455206871
1464265244 4541661249
27 81
230484843 4256610058
37 4819016420
7 11
23 70
84 1657895601
85 1923576492
49 3021160807
1220448656 4630517211
4413916298 4632487984
10 54
35
54 978605806
804836 3986934361
7561118275 8161324427
244200968 3008763707
3714882441 4528038510
2761277277 9694395993
113637528 1199099412
3 3060437066
5 26
3733431704 4712953424
31 34
16 24
9 64
1407168317 9833020159
5855346557 6941959892
83 2451923062
130823239 5998695714
1334544651 6209121371
7 19
4 2599154760
2404756945 7121781779
3313368029 3570030600
33 4169843897
76 94386346
3156989657 9186879212
1765730448 9749126157
52 842878641
48 2818856681
4111098501 8756810025
98101798 1882423002
21 8726227819
49 4395586028
759500984 1256765809
87 4942974123
16 84
77
3005089788 5962572381
2142193561 3365431839
85 3688164834
48 4450631480
2959749044 3910389528
70 3560621310
8 4746774529
52712528 997610890
66 84
46 89
91 4628587626
5419980491 7854814628
88 2882184107
2468292707 2925878844
20 9235229081
47 4087048560
1606586226 4535251401
2952675098 4917059576
323051895 2689670132
3443010381 3844425760
71 98
27 2790490192
1064369953 4395419833
76 3288356245
4225474652 5539196543
990021130 2026647583
27 69
62 3752396384
5798259064 8574573662
48 2482198409
78 2097699366
1226589658 5356325740
1920115847 6295375463
1635678747 2173583041
94 6123713092
71 4836005796
3876454102 4272988104
4258280047 4581990496
3467185916 4222175717
43 86
52 7128332608
31 3737988810
54 2513725421
210111528 4981711596
5539034730 8378314066
96 8732055642
53 4734278793
4603575613 8887817651
53 22321110
98 713041428
623657129 3728825110
1324368634 8915890018
3674329512 8809426179
18 3512392077
2266309513 3376082726
7 18
301460716 3042688884
780852679 1506284793
56 9716035338
1717663426 3719596507
35 1911599262
67 1423724960
30 67
4014073543 5209774087
27 3328148856
1 4713553140
18 9733285180
94 897835172
2868155632 4125524906
432854360 2796229243
74 83
1740092379 3748482621
3158790854 4108289080
2124335118 6517505890
46 69
3099308370 3566023774
668805721 3047324344
5
59 2015908421
39 2803780960
5204396746 7850211080
77767569 2461466974
1320815988 9746184189
54
14 67
49 90
30 46
4376698876 6531882914
2334898631 3810268214
176396738 8032947470
57 4564943488
5 56
28 62
1568668364 3137202854
51 6035646921
90 6566832108
82 85
44 102822902
38 5921230031
50 78
2893846623 4858038129
3049423891 4996350119
1151390491 1819251528
68 8092512542
1784569522 2005625836
24 3264599417
14427445 4373338218
3338628183 4265857252
59 3958064781
6761611011 9003278817
8 32
3089392874 7987665547
7 19
262569533 1516481872
2283497880 2438396170
2619302976 8320619564
3611114589 3984609588
37 5635333603
64 67
2073213383 4405282509
1219463736 3968238336
18 83
3548827283 4659777513
405304694 7502107708
30 4846879841
4324510204 4733452394
7842036461 8468407013
1355000092 2354031493
1465376178 1552575029
91 8112582676
1952269544 4222496418
834489223 6555336984
1375785249 4194381746
3 86
6 695389017
1092854414 2146092919
643521471 4945436353
22 420341120
74
75 8558822330
2429339092 2655503856
29 4363459004
42 3529070723
6464289300 7932774325
91 8525879800
11 4293736255
4427298512 5377894150
72 99
3042875043 7569161014
54 467692791
33 87
4814119881 7961546262
67 1352908532
21 1871612807
3880751190 5829774097
13 2016801544
11 170107263
36 3141004127
100 8218934050
9 1498824104
1701584293 4869309120
179281256 4520252707
1439847924 4033313098
3286506235 4010246509
3 59
1654200547 2207649845
3939605970 4172680285
714685759 6209740938
3717591970 4218901146
57 2721114389
5849597388 8873111050
17 78
645093573 4192425825
1369320810 3442968568
49 87
43 89
74 91
866061639 1414219915
45 90
86 566526471
4362613326 9097516353
65 90
1178553138 2459736732
1 2838477878
9721228003 9874879383
57 1586292870
49 52
731277166 3507762805
4652574744 9752448056
69 99
66 98
90 2444706359
20 3301059001
1186765899 6138162351
3209447954 5408775080
521658143 3824399928
22 83
815998471 822112778
2647550086 8909002157
5347378688 9345640854
924621411 8696473651
35005261 3191539942
4465469938 4766952388
5802121867 9573567471
88 522655546
3637669551 4952393812
869933835 8772229148
78 884152107
4790744259 9280958228
27 92
497150902 4051040339
3 2482369922
34 3258691291
32
9156993286 9409596028
97 993228797
12 3542970169
16 3138901513
447948122 2051174977
42 57762993
27 2670190817
412585210 4482858679
506225514 3100448427
544568951 1376240902
2625972595 2907779686
74 91
50 2173235360
3088838110 3774034370
41 90
1240224715 2434204301
4135674356 5236345416
3 4112888530
4167124349 8920928296
12 86
4700660286 8516920682
742240333 5608516971
59 6229699222
38 9480090776
1333375342 3339703941
2989146363 3221231377
37 74
934681157 1405804058
80 1873850758
1594241684 4418116116
76 3975412631
4 56
91
26 4036511539
1821935396 2042510134
1378945429 3553336546
43 245963406
20 86
9 4902825390
4 1392462453
2018811695 9126443174
3961101675 4272912688
99 1423240600
32 3505654403
67 740832299
26 2060343404
3143310068 4668729437
19 648628124
5783387718 8558259223
710440859 5303113645
67 73
14 19
1004196037 4246662319
28 4333030467
99 4377843835
1522032144 2740494163
1355000503 3184321154
42 89
13 1041143694
1374069796 1523285608
1759209023 7272306902
44 8954430259
1677511288 2240750847
2468814101 4943562631
54 7253354955
96732311 7366556686
32 47
74 3854501973
47 89
19 22
3510664861 4485403743
2498736337 4959283565
497522547 3859585765
86 2977161552
13 1461818425
997022704 1150069628
7 23
2204102415 3671033162
4165032511 4621671809
35 55
39 1554583623
7940528631 9976658512
60 61
12 3524586248
54 68
43 60
3370203297 6451116616
43 52
98 8545031122
37 4550409521
33 44
3687256615 8357456777
6104108933 7259548317
31 2220826637
57 100
4522063049 6339428832
52 67
18 4120810210
2277303416 2401239290
11 82
99 9871071847
5 4766856005
2878624271 4125378026
85 3341615444
2066921202 3086037624
5618330174 7709163974
35 76
25 62
3791016662 4430698340
939964506 2820391588
48 2964230205
13 56
10 933520398
15 3611181513
1291099102 4426964228
1580718473 6321799306
3 3351533289
128837837 1552216512
3682228494 4233084778
3590589033 4126564546
344445963 4043219381
90 7415546533
3 3611575576
17 979502126
80
92 3710248907
3994729361 4532001350
15 95
4024788721 5902513568
58 65
32 9103787592
88 9894635585
86 4687792803
48 3603631287
7 9082825643
20 73
67 2241763575
38 76
95 99
550366410 8391947348
17 61
2989676861 5585886202
2295148204 2388435461
4498182920 6650432617
12 2817839389
447870664 2083037219
53 9581401685
3104173355 9819281025
2317304159 3287608642
20 75
85 5904291533
46 4733287438
1477043384 1941277008
21 67
37 88
41 5337099257
94926398 4423012809
18 46
32 2368510624
28 100
50 4169254415
5565032435 8764660132
88 1881143307
33 4759766756
1143600476 2845538716
35 3143323498
4351813152 7696292692
10 55
87 3002283537
1413145451 4602358884
98 7859581481
2553242569 8282002503
4 6217812750
2043760309 4273641194
41 59
4976490167 5362663004
2836926818 3432855678
3887810747 4612518244
4 60
1878766364 3977611004
718349083 4252108599
332493871 1870962555
41 9384195035
100 4128989685
1955086994 3371650929
1578493707 6869933081
4100913061 7833656264
1295931996 2146870386
2363386748 2990787812
34 42
3 28
1844039490 2008244297
526583685 1808627469
2148998450 3230601912
72 1518643222
53 3320990740
7004000297 7922790291
40 2322309253
51 5543240731
67 73
29 77
685276186 4626440797
3950349594 4457335086
66 7636879268
402500916 639689328
86
55 63
49 1166361658
23 99
38 6259495830
38 4868311426
70 465486696
3054975998 6598275348
1313923050 2288098224
26 1284380350
61 4308213687
41 1484550578
25 1473454968
28 5874843
22 7376794262
24 8043800746
5608580290 8301553959
322560221 1712149890
78 1924535574
758038043 9154583582
8 46
1737687558 2529512788
6107450619 9853846034
1638756981 9682575874
4421925589 4485260667
5820117377 8053124446
2146352645 3662396605
13 100
37 91
37 55
198409654 8646850685
1890591792 4490328397
1080359723 3536451825
28 3854419937
26 67
43 54
661248116 8533412823
3250540435 4662501546
5721866310 7646213480
2215864978 6140874290
99 9078628249
85660054 5313004434
4590872410 6534841545
90 8447091273
1237364394 4350819156
20 38
25 51
35 541438645
5378114692 6791451830
16 8131414586
98 1369603626
1286446981 1970889626
1649055063 2468140150
329948815 1028255585
3820071451 6887458453
27 1922292027
13 84
3790575748 6873855082
498081675 3343295331
7441350443 7563010366
29 46
3526062643 4086324246
59 1280297629
41 3960978661
206635160 5962200118
62 4321220777
2290160095 5011125205
3415751677 4050210074
26 1755647437
996590713 1544209529
546513262 9203980167
66 3203177215
1888576927 7944492229
6 58
1341543377 4750736198
3706569893 7801968315
52 696287712
3551397783 9389992287
2592754612 8755194132
7688662678 8061660939
685842456 2422309372
93 3488897230
425455604 1349906463
81 85980236
4905972772 4956786524
3023343876 4621175161
845071379 7685208521
46
529002118 9300202169
74 4289935875
31 1667646571
24 545355480
4548536677 6198484740
94 2088930772
4679203048 9648605611
2300661690 3552284045
5400549345 8506091343
79 4862060431
95 99
3671108201 6024944954
22 3986817358
46 61
56 87
3776048438 7019047613
11 7395283737
1545019654 3017388489
56424194 3862254957
39 66
506516264 9330335081
16 46
2254535132 9345982566
4591450541 7420116288
2248912795 3563022050
70 1169316662
501192620 5826922312
3914432512 6543361073
1090094014 8849758177
8 9633651055
97 3921172188
3296188534 6045465295
73 2506526384
58 4382167489
32 72
404342690 689724982
1025620609 6998876888
31 3177434197
2488498233 8344420126
9371628 2440596430
58 84
37 3762473408
115287238 9828875345
45 2151924890
1250286303 7696286077
1189066858 8909967114
7
34 42
38 6620926706
2014851869 3062835333
62 71
26 2748861895
10052381 4260258843
1260405532 6734089055
73
92 7013204929
2282058958 2612172701
6353018780 7791308359
26 760151571
14 796578051
1488570437 3178912499
3441448958 5728965048
6072871309 6523255600
3959676148 7520981397
3604447176 9174752836
223742816 3957774196
91 1556325411
63 85
1053993230 7896021976
94 4579810019
1293666929 2547383882
31 2199589911
4601451201 6079504081
62 7840241786
34 3725385682
4 4897739179
22 3047191450
15 5997620039
44 8721674858
15 3222868852
1493697919 1759424910
61 66
1 708823923
3527324660 5043102376
1224785465 2455192167
10 4542602206
8 2460110734
1273991562 4595371941
1644784000 3460196907
60 758912173
4247507930 7090643511
5632635179 6637659627
5791185350 9283414270
15 78428841
3107277765 6854942986
6048538158 8203407234
4966363224 8837372770
192087698 1803206501
685943275 1732607617
2033324940 2481186696
37 830105385
77 47023743
1017602968 1130739837
106465331 2415798537
56 7877384213
6033198237 9596500071
7 58
2064537268 5141336119
2106033094 3943815280
230859455 8628222142
2118611625 4576803412
39 59
50 68
39 66
98 235187864
4583435835 4944383707
538984802 9806971565
48 6885210382
7160372709 7852459562
43 6077405777
5112329087 8373065208
5101501941 6918190990
502218927 6423933641
76 77
3157153588 4641713445
56 4422196271
30 75
1549233778 3720124825
16
91 1864647292
2208004268 4726809670
3253521317 3673590086
3018564714 3428289376
72 4120470074
63 2320698921
2224412847 4283914310
132647536 3982296578
9 4797266010
2 29
668829729 1187119487
5007909091 5466720386
3987044010 8095183201
9 3233115804
39 7651155803
2659821036 8693947923
38
1186566616 7144436433
1050606331 7524742316
32 4368640709
39 48
6759810144 8855347055
1346573455 3233576424
3408583218 8875056162
21 1894339223
1 79
1013139362 3060699592
78 5655661146
50 2131615695
810273049 6413246593
58 77
241041027 9052090161
53 1824714329
71 3544070022
2431021866 4107503984
21 94
3606169102 4755646567
270024145 2603126350
1492361128 6884966749
84 216743436
47 665311485
39 57
24 84
66 83110314
619333768 6043166480
85 2992160811
278123830 5135754215
97 4696678152
16 663406997
69 94
1045343212 5688104080
1175474754 5658464196
3444686630 5932831604
543316841 5707825463
2 54
65
1905218330 3776841447
41 7256585799
82 4029199871
3565618739 9494234491
93 305399296
19 32
57 225479384
5579580895 6445560851
887480303 3642309642
37 60
25 61
4548171770 6274724511
8559428046 9001385541
4488624281 4641973599
27 56
95 2671825745
1124423760 5914684469
4613240637 7500581316
12 85
93 2075945623
3152798428 6995450721
17 88
943544784 4982442121
1059354895 5989876378
3400644322 4244020776
2 3744855844
4 6849752774
11 30
36 2020958484
1025626551 3624834959
2357627918 4834679983
1210106919 1992414863
4331972924 9050802910
2569374291 3107073194
3 1066369661
431338681 9115000074
1169149656 9481649930
1758195475 8029684122
7207435746 7985540727
939426994 3905629462
37 1736327182
100 5738385652
43 2844628283
1496138240 1708620061
359453096 3572733304
17 69
5531406294 7722775306
40 2541172597
4690228315 8040368131
1971192799 4968886987
17 382036370
38 2090744606
3433080850 4585487117
55 492290712
51 87
54 3833308298
24 8068911579
31 65
1169084290 3245048663
2829051623 3231056030
21 8119529741
21 67
79 80
1162911873 4622993248
28 32
77
3363841579 4238576805
77 3529600377
40423514 9560333901
985920995 3154123422
2577971149 9671477537
204569652 2118108613
759292095 1741895704
1175506073 3911440130
4525818060 4549124215
373354367 2378751330
1182396319 4021963992
1162755872 2058769007
2423763414 5639084957
3964228969 9336461881
144143459 3609717899
89 3353911046
49 678387924
3411470453 5266506665
27 3076333355
89 5633921275
35 333993061
8 45
33 4195667842
89 4178365705
23 37
790427614 2845072336
1913205677 8813410071
12 3792530529
1746491120 2977030234
54 3598115047
80 4444568551
95 2159172419
45 556747654
4708281742 9851934010
32 908000035
1512530496 2927908252
14 2447024113
97 1142206681
928285764 1613765754
2541902830 7441400325
394727668 4199300256
15 69
60 2381535029
819024432 2134588035
3041824337 4782498955
1464264172 2159959025
14 30
20 9698364799
3685571200 4595724282
97 3876023367
1393725238 6449524559
973239018 2504806184
3805552567 9863618363
78 6532935065
402870685 3515698001
41 1826020219
67 7007911573
1834471714 2602956594
2977058992 4021143674
2785593743 3367158871
1147434236 4885483562
73 5771105714
541846705 2125854670
2 3467315145
40 1057732726
15729307 2687643234
5 6840280288
65 72
2865663420 4729983083
12 75
676345144 4662992688
63 759949188
94 5354602911
20 3111207496
93 365929798
983782461 4141738072
3922328169 4587858040
24
70 76
7296806064 8757720043
2017123518 3014544871
90 139137329
17 3837766819
83 4702143300
72 4881044038
59 2294631968
6332557347 8117020771
48 60
3794958742 5044165045
82 6344363022
317874259 4367790575
81 9341048228
261025454 3086424277
3312986340 9301033072
46 2685612133
3712566145 7659990611
4308788354 9962779662
70 7344954953
60 1266542225
93 2365767951
32 7663075899
61 4559695346
88
2303617962 4519826600
3687570023 4899557903
93 745596249
1560735812 2310033125
17 88
4641340519 7069386436
1066543660 1461010553
1310019276 1364045466
1281898189 6944537111
4660510219 4848157537
58 9895103825
84 1163410768
13 27557603
295475725 7958802507
5342606230 5562467185
16 96
42 4811852182
29 1695584283
34 6985084700
33 78
49 58
2384384833 8715971905
77 1898487528
1155623873 2568456660
3831975997 4119544669
24 5346056310
21 90
2353551481 2775364809
1670457746 4682302203
5 3222668005
1806387422 7132432098
10 55
44 84
4610379502 4778312757
44 97
77 3472709308
26 57
1485452048 4397407292
919807439 4943975161
1138426814 1704715754
89 9348662027
40 8763887409
4604463419 8641953000
56 6233026651
100 111615268
42 1184819643
6693882814 7813875259
2507013734 3816828163
19 9253903792
54 3055793217
3955985974 4448597610
947452853 8243334903
57 1716953790
3744128986 4519370938
75 76
8000328352 9248481467
96 3597850647
558640996 824689290
2333967176 3616276085
68 4962373600
709111595 9755470806
173475497 4118911585
999197355 1109044891
5386532705 8256088658
1505188498 5466438406
3171569617 4431665968
43 93
86 9389613344
2403563616 3896874952
40 4925033208
4 1684835833
1083514621 2193495611
3994360193 7477571295
1704343331 3785885161
1392137549 7917847013
70 1170070379
5933611880 9332756649
4219459967 5091564625
12 52
48 51
1351948520 7032909557
6393490781 9188854715
34 2721698218
2922419858 3217798272
84 2571757648
1040148651 3255079662
57 3821821555
970875129 1530402025
88
17 49
3599553523 9578461526
849565025 1770282898
3806823418 5251436314
2224570430 5974714287
16 45
11 8318994885
3959495153 4250466254
6263876832 6300863517
85 8379333083
10 969163501
144795298 2191509805
1589734051 3955950952
2 3349549920
12635211 1342741518
5 916784629
57 8396966246
1716080497 4490446903
3972396016 4773926578
620777667 7499909972
691338975 7867345732
5230673965 7573297423
97 8347861816
2551171808 4110718409
2407693850 5553843547
97 1112477150
1724098022 1975549450
8122722701 8528027118
27 145831989
3846201905 8689772940
1 1383828914
65 7844651185
15 3518616242
29 63
1563984047 4098525228
1960588214 7485396681
4190088932 9413541140
25 6170577468
7937924485 9055163913
1074512612 2600037223
49 4093181664
82 2792224213
57 4303236854
95 4192324838
5 3172610066
1441124333 1664117905
47 48
40 3937465966
525126216 2729323592
4635435537 8603608989
1413486883 5168831347
2143629684 3041700669
26 935127818
2614844314 3076088246
95 1249774079
79 1312979787
6772281952 7145196188
2372337129 4466037201
9189114132 9496632742
800316548 2616139286
100 5706452550
11 28
36 412917611
3736573390 4199469876
25 2215459085
23 705900056
29 93
13 96
90 2077862631
22 4916375293
51 84
2686082303 7605406888
15 2852100854
1110171831 3805430313
3072565604 9435906482
546816369 3208533794
22 6301504461
71 88
37 2776734297
56 9801894055
3976276018 4110768826
4757824932 8805603088
2 22
1123882275 3874703372
702442215 3780024078
89 2396307326
62 70
92 987695777
2
1038894560 7971957518
36 47
4
3778284527 7414504235
314489905 6858207647
27 32
84 89
97
1449973977 4074874877
6 37
18 5024625154
1230234400 6465626869
122461493 1098963646
3207333780 6616861778
60 3165957282
8 84
51 75
4 87
9577719958 9781469296
91 1802198912
47 92
4361508961 4518918340
2 10
598264816 926484100
34 796963771
100 1255475276
2463848671 3481619022
5715813373 6967315141
3107034301 5565908938
4068952462 8358440322
27 1484127705
57 5448246739
392806300 9213462818
31 636011302
87 5570307886
234872815 1521189228
7106159600 9213842292
26 4475426794
12 47
2508160685 4103667758
4398304770 8209584233
1378835520 6178421330
1230109024 7554622013
57 772032083
533954013 2048865703
1667618066 7148662628
3479750111 4285129721
15 1280353147
1668268675 1793645749
21 65
1192591154 1547907339
46 86
78 430680764
78 7490178190
2921502224 4335924679
17 4367121744
70 9652496367
46 4110014038
878906613 1532875386
24 1173923773
99 7125054627
89 853676142
30 3999125930
100 3415715194
370837733 1493364837
934376845 987904908
34 55
4306934616 4895962489
2300602867 3244776705
5747197666 9710404940
4594483423 7687482806
2028449597 4394692009
811650319 6279053012
816936371 4424622184
3276951081 7355804405
1978521031 9278659400
2954235813 3427134600
46 62
1424244216 4205129156
1745812538 4814107287
61 4835948296
43 5099540982
2663610829 4567987779
1229616315 4191371955
4428242739 6719471154
2010642640 5457945877
1 90
1910940425 2977740719
684990143 9407381015
53120492 2419968239
3599860295 3786335697
885289130 7115475354
97 7872075987
13 533364921
5546810302 9077232406
2281119196 3317855694
2131604783 5083829296
455525251 4063145240
95 2558722810
52 90
93 964170255
100 1640574614
60 6245289091
80 98
73 1184767769
3
324908063 9774511082
100 9380953025
192647343 1836083969
24
4089271362 4728299080
1334572258 8045427391
52 84
1978720422 5951208906
39 58
57 6679173595
2367996299 2893673869
11 84249301
24 24471738
77 756949407
76 8657319148
25 73
83 366081116
438271178 1226233865
94 1067362146
18 6086857971
66 3489152009
1699218169 7942386308
37 3483058638
90 1576466840
63 69
2976782480 9193597125
4517814962 9912391916
1402793238 3234731029
80
86 2913202847
98 7227395828
3375267100 7922011095
3126507495 4155271074
58 2170577587
60 3101777970
17 3343655978
8 736690971
21 379551855
96 7261104420
2511688763 3112592928
2082096706 2946983800
3 3717327940
36 1018082226
94 8668975608
353326599 2790386947
3214449769 4948552548
1042898254 8899598046
2087871218 3472721562
52 496039889
3611536278 4452381594
1346205474 3084046637
2260915660 4032965436
81 8494392624
78 1496467546
100 1148063210
84 157908045
73 4360174640
11071232 2290927046
77 9047673349
1110922768 2153095407
973616378 2923637161
32 53
25 2690283478
1642230935 3207040151
66 8758427892
96 4086907534
78 4640127335
61 4404876557
8181873647 9158800650
4381646384 9300225974
2755090747 3848903830
2904504186 7975318835
49 3587885486
5 61
72 3963332869
1599223870 3890628151
1845803338 2285307508
39 77
5631702960 9107130105
2035560052 4467692304
10 44
94 2622275472
138090462 1170312663
65 223689248
2102883555 2250891581
2358402731 2423568836
2856066869 4606170016
45 8064430687
915097482 2839291090
38 85
11 1797366202
4502441646 7220119994
1635189013 3701551044
91 364883694
73 9387610154
45 2711055904
251700215 2023789448
3241431962 3650348336
1935223136 2834080454
3474332616 3698057351
59 1983473445
3798151080 4870598328
7 262708343
44 4963845207
6202077445 7467070723
534815585 6498287725
683412169 895412059
2220901760 4177038291
1119506682 9816699896
67
893036682 2262643478
76 6717616498
201012225 3563136728
2166594260 3628162259
8037111397 8841263183
2245314240 3474837795
7024022230 9699468470
81 86
23 53
35 57
54 1016691719
368289711 3104581939
36 70
2754271421 7456893599
52 1700083827
37 232615082
1905339538 8966985616
2198518660 4633012825
3192781330 9969653399
2459699069 2494724166
52 3660572905
4261509715 6304694212
1 66
903030581 4376825061
110914925 4827015351
7423626988 8145301414
4390579194 6425662628
1536962626 2900575051
19 9378989987
56 257051365
4668733399 5661004653
44 8588159868
6516341059 9910098696
2070082263 3862871107
2469412385 7162037643
725601345 1490692354
7070290077 8323951281
3891325767 3986701627
69 72
402957413 3921033882
2 5
2871398171 3434122747
63 4567592530
1757631482 3839847010
4 4632149505
897434313 3274263349
81 3637264635
25 94
2525805488 3098432951
7302743766 7575103071
6468276265 9489760068
3390925946 4772520380
92 4286825301
126385060 2153423417
24 8714366501
3268157054 3590935865
2236678532 6677403530
17 4441918125
61 7061869403
61 78
23 75
1330080453 3857896988
8885755194 9037489403
50 67
1601815422 2755088046
5278217 2465001247
4370520881 8868107245
36
56 76
1916438296 4872657059
57 8699499574
30 3595351461
45 1295894152
58 63
1091376087 2925363255
3954990553 9244614612
5 25
2668070752 3649255800
1962471246 4842242584
4965996346 7359807209
1206696310 2253989148
445092914 712295451
41 69
80 5830546791
8 3756604132
2227237719 4695772487
6671552458 7088572030
29 37
390757716 2230359495
4208879519 7897210861
54 74
1864141632 5163867612
613281317 1696569171
237915468 2100409013
21 92
30 1933532775
2 35
17 7457217508
2470653116 3214222917
40 6919896003
9 96
55 7812937010
33 63
1783654245 3861180804
26
46 80
96 2430199177
4319841264 4353274900
88 4778472986
1181027968 6775759916
23 83
2409915068 5407550981
1681500928 3025998411
4 8
2933398671 9234290786
12 999114096
30 4995156998
552596299 8263351953
26 4195849747
30 53
2093797730 2102276103
4232281870 7604737728
1961747611 7226899837
6469265984 9542871463
1625473236 3362984715
3420335123 4428460570
2 1029445871
997173744 2193589377
468278845 7869158303
20 85
18 87
42
1721319353 2034700563
89 2380887821
17 29
7 21
27 2821565720
70 828548993
1326754739 8540336826
16 90
54 88
350919205 5152081365
2567072488 3017006957
1305702717 8912518151
5 8875179788
3934882762 4918332340
1697781697 1788588777
142536376 3627070087
99 4249323462
2833447198 3784337148
2459691823 4523381340
39 7887805373
4744012424 7959343005
3415973788 4238571853
3648761848 8399629477
1749939748 3017811499
2347556807 2536462064
4053249593 4765249256
1358696120 2158547564
49 4013791160
52 96
1679508049 4191654252
2052990558 3282994564
24 85
4086022575 4316166950
491949345 4226941277
3943012836 4081867538
3488726575 8291593220
2766826980 9735890227
6258910363 8771337916
4013550336 7330940649
1904579032 3369040279
12 4462944559
4662272219 9292887675
68
11 15
52 98
91 3320483661
22 3808304502
20 65
72 4806854790
56 5682475162
1748796125 1836926566
647543181 8475232392
7 100
1328282504 6902887522
32 167991074
38 69
605755405 9765941058
13 89
225445355 6774647076
93 236007775
704648568 1387341433
99 514584864
3211919521 3477609267
4054336637 4973654691
141617299 2233305347
77 1400037388
1980954821 2174961971
18 72182490
2109349061 3298914060
2410155461 2755833396
36 7630533946
100 783181993
92 5582647869
342834070 2226517003
11 67
1978628039 2248604371
36 1383055083
143056219 9029388887
2492213421 4419200008
82 356053175
10 3011576461
34 9749171779
2814221738 3672074527
51 3614047878
902091839 2682572037
1823116058 8642496460
3295868941 4476228387
8 3639375206
1248043592 3313717117
5578037000 7757078277
5 88
1219368911 4084615915
22 943150024
1863900197 9898581099
2965143021 3988088248
70 100
688539811 9672215457
25 62
3805687881 5685012669
5 1609451651
19 6786275852
3609810144 4872530528
461635780 6419903925
2996267607 5450535066
70 1132653124
3047951070 3834810962
94 2117660034
1308335107 3925716622
2939767201 9064953321
98 2570496455
81 99
29
2 57
29 513788828
7 62
2482570640 9637686460
16 3059037687
24 3811828873
3663167694 8273275854
2614401494 3981249012
44 7682988120
978324260 3556098753
461845029 3027629372
1578506334 3859503658
70 8460738148
31 56
41 26617491
379602865 9512409475
2297844753 4689970749
6747772820 7627805331
2674394143 3476215620
65 100
3135129996 5963018239
2201648373 3994489937
1957178483 3868540549
64 335132478
12 16
981064503 3183695357
90 95
85 100
48 562663102
14
2133341314 2804110843
66 1821327323
45 981270491
80 8023523131
2431999018 7316048093
5461530659 6114349513
274528574 1899868394
74 8814294389
2004055910 2654079992
66 568777232
2 3969947703
24 654877563
1981907833 3996852011
2354294941 3073042673
3
6503740282 7113316031
1113746290 2887624235
31 511495817
49
164716719 1789943264
26 9603133417
446963191 4566459592
80 7365414109
54 522124234
17 2980434482
4027925458 4141294923
1527910604 3132275474
19 63
1895578413 6117613305
163513601 1815994049
20 1607602558
1891977732 4902772127
98 3510795884
67 7917104948
34 9771159558
7824861423 8427318151
23 40
349630379 4235655953
12 26
878272656 2429652621
60 515663896
46 61
96 7999313479
64 3484987326
25 3669687667
706966702 8804632254
1918129504 4567234497
81 4886392571
2802078240 6292361514
83 1568715679
89 199887916
4681819452 4980250135
50 9878907109
99 2280039344
72 3181183110
4417818640 4966972732
91 93
4325632652 9147976513
1728869711 3369572128
97 8892156273
1154977976 6292121854
2890300362 6164851981
2420393621 3726385352
60 4362572001
31 90
48 2725893999
2336307304 3186303548
1277506492 7534761344
6
99 100
10 4241121231
72 1270777357
521707168 1049957872
87 8652550506
11 2490528337
43
8 6416965227
87 2733676001
3787814134 8844699071
3232684307 7494664878
4117628408 8826771006
17 4854742562
2080231393 8155000818
14 91
2315695274 4329087885
11 4533336477
24 4623748848
31 442232470
4 43128621
1508652757 2270366325
22 23
4244645219 5983347938
7 58
1265455489 2518322310
289670623 3663467996
1182567579 3894061258
20 1668137299
34 46
4 8643714526
348695767 3090076181
15 16
24 4284524623
1933015778 8647330712
3733813377 9651415921
14 3315242278
1172847125 1935852914
2516171158 3420177165
986726470 2789708643
3906429770 4100755133
82 85
1355304031 4183932773
63 960015875
75 1292552845
2853718596 3425380828
48 5216977862
77 4804959509
1219331947 4466210657
31 51
32 7252382815
14
41 4802595317
1228911616 4484518900
732450711 3648752401
62 1747934521
3445264903 4650054556
44 3373965534
45 68
9 41
100 159887486
3189753325 4510870492
79 8493782307
1022998170 8171677010
1713574708 2881478550
176230596 329513975
80
3575891640 9642207634
3721501816 4279855470
39 5374140913
70 4122830558
19 1730664977
4383459292 7678259811
67 3798624459
2839049104 7726941391
62134638 2669331937
4847656046 4905276838
5 9487894611
3 276537816
1800966678 7853983116
137227188 1065987142
6 2366537268
35 36
9 4157107431
1464075296 3550229582
82 4509118403
2 2140979955
35 93
704702840 4642226494
50 4800933964
16 9125079013
4 872271954
2263008453 6717476336
2414744582 3873348463
88 4122950294
91 4959705952
29 1215408483
49 6278131776
60 9406178642
836555962 7753900541
3354211982 5920191098
16 51
14 30
78 94
64 69
2204083692 3210638471
7353565163 7508919819
383965703 3872932359
4 3095430081
9 2725912034
2201190834 5297314812
1330052301 4042968325
3351121411 3419547980
6 35
8354579256 9133930609
41 45
537209060 4713343870
46 99
59 4824467346
29 5822461055
12 8583977160
98 887352308
1849668550 3591161073
74 2454729675
49 2070193803
65 1299524658
30 3946245734
42 3759109254
53 3291761558
61 91
63 1451376988
5783901975 8261301568
1466044545 2804488295
3129741207 6134752055
636349886 4845895019
45 6373783900
28 209217688
8 95
4201174616 4770328819
16 90
469153373 884878878
7196080759 7798978195
590784346 4668223167
2738186392 4342130306
3029179308 8102226127
1295145029 1545036196
4717807985 4969279051
47
41 56
2337291123 2376136813
6776795016 9290593932
15619922 987433233
3996820997 4913661889
250110175 4605191023
365408464 4427026163
447909261 2629101842
25 8039933110
3 3418251064
4985687659 8043055699
1881571927 1955802857
44 7181185771
3142599352 4482049708
875585857 1001872431
96 99
96 3644429106
794454381 3092018035
9 4968465679
80 88
828489541 6060076436
3006083299 5386637065
2957658438 9615990470
50 2994155160
2228629704 4579245165
6 4229847990
814691880 4224915591
22 1373156500
7451024808 8561439428
3428442503 9429300373
11 28
221528296 665520230
219792128 5379826840
889110760 4578385126
1620662258 4418033976
2828262808 5879097449
724485110 3600933952
70 9926372768
2673179052 7499702452
947027527 3918553108
3159655623 4695115583
1429336005 4235942003
73 84
47 1302155156
48 331428871
3041893022 3831391648
63 95
58
1327569965 3199277142
276150084 7896952281
601266009 2870943710
4034442524 4612760494
864694591 9793892268
82 316304162
2748048474 5625630533
30 72
3316066180 8499013500
506509310 1232327083
1074843906 5564351999
88 2484374102
636204264 8530373572
2276679929 4739648982
12 92
414410892 3776774586
4 6
2328818826 5593147772
8 49
573442001 2879093389
1 743122781
35 3630686915
271192505 6814613477
3038275407 3833601038
70 2875201053
9 7019101212
72 4075664253
75 8918683991
1828295006 3529577729
16 22
536458176 2094000558
3090927078 5211005787
1259621257 3717100059
913881037 4676132368
46 2988736252
520636695 4771570606
1015979602 7582828526
8 9995384578
1331339277 4414568256
1264958694 3965693878
1163486770 2709526953
24 69
25 2786596348
92 3822828142
3780322016 9183766322
29 80
25872863 2980600681
4505117449 4858857299
46 4012121943
2005009131 5463247834
60 92
1922719622 8171135853
1618540751 3557441795
57 65
38 65
2270207499 5897282860
21 5412049424
317472587 5310081586
9
33 484979623
10 79
1300495121 8665905000
8 321650168
25 6444604293
68 6001512297
4034542245 4362321910
39 445957417
584351309 6543840035
97
2182787941 2281875563
284348833 4659679393
66 151340712
7 60
1545945508 5521166429
1172337583 4680496189
37 98
1898221720 7867671114
857568722 942164983
77 4245245314
50 67
1713026060 2860988675
83 5894753367
57 1822375595
4687440181 6112556715
2299570279 4722368656
4378729691 9093613112
1934570302 4272972004
86 2904349181
3410067970 7061841088
972842307 3224727255
38 4716263954
26 1423301018
46 4615383221
40 1118578155
2030340608 3855914934
32 2294641988
3151696125 3434260195
18 90558407
2016618388 8740375356
775859138 2438586719
11 78
6524660480 7677092321
1677336656 4090308569
902436254 1026812187
38 78
727741837 2372915993
4925337866 7870748398
48 7935874773
18 26
799568863 5532808133
1177133074 5504647122
2 75
10 2771555546
1611932303 3661016315
25 3177503739
27 89
37 5467076003
37 343670891
3 73
12 23
1714849642 6916979291
1229872528 4999562763
75 100972142
3 1461114245
17 37
92 79815580
1734270437 5898655256
47 257096130
32 51
78 603761888
550137585 5592189436
58 4995755627
4875977384 5389215250
1227740858 6772851098
56 1750659855
4123080503 8371779770
31 4412279828
68 9014448449
6425092054 8994041746
351375050 1389496847
7118895639 7633177844
3859171666 4193300961
5485494744 7013493074
1 97
1271881891 2593287310
41 66
1686850236 2624708117
25 88
1008107414 1735876994
27 80
4403194274 5809087848
4 37505567
1818989082 3548609489
12 1428918694
693982337 3203211062
2586671493 3280419926
6745133914 7415706837
21 85
247432529 3335557345
97 1709185084
4545868268 4932503069
1477758221 5490837842
40 63
2159419718 3556999204
47 8155065826
7737005401 8362367561
2
1991825352 2317088453
1269342421 4411735269
13
4102127395 4678399963
36 56
32 933908461
4854916651 5360205717
6090124133 6607129389
2876866105 6626460720
1524411897 4806165491
77 3188105625
55 58
3441021904 4324851597
59 2862736788
901606249 9779585566
623777791 3115461414
48
1445302924 1886304485
4546205653 6343024007
2 221828267
36 95
371072215 4986004882
16 8898353899
2862759401 3068663664
1184922035 2208141915
4850382422 8805279799
3030236536 6584766652
44 63291863
58 87
823454003 3096515431
29 34
822434817 2044969458
80 95
79 98
39822576 3427131665
635055962 920659081
52 98
70 3695890581
42 4446902072
3 49
14 56
33 1886477254
9140087556 9307281837
1968312103 4546476692
48 6234074889
6530615255 7717011146
2684975962 3133324070
3208024286 8987574551
65 6353383920
83 2910872408
3684681154 8992713848
5382166235 9530434616
4060987680 4590988063
34 54
2016882480 3532491605
21 4316217589
84 78152621
63 2474744319
39 2698703857
34 3188289975
37 5914505138
934483916 1214488681
50 4938244321
2135994702 3880837401
2984785468 4854291659
4
96 8569818170
6 36
1230792210 5958573768
2813578730 3566327813
81
36 4264274071
2758348223 4910259531
1017084760 7184163289
54 5304215254
16 33
1658642347 3512921070
22 3475507704
94 4617477737
93 4314259477
10 1257013918
2 2082813372
3002655341 5641523858
66 74
16 4285419112
73 4536446976
480865159 2386154255
34 746214637
47 6996335550
55 2230288709
1565188953 3126872844
33 4647422969
38 3185990378
14 16
3 4214387404
97 265812118
5050345406 9754587359
4511267949 8626306372
1874949819 2600702996
6348468181 6687413616
70 4514554396
2353367037 3814871790
69 7109498995
3325398300 7834797949
84 18180996
6300876983 8876740530
1549273257 3830898601
60 1627524608
48 79
545480450 2898532400
25 3568202767
5 39
932000093 2963533772
4616005032 8588117272
1158642351 3362889184
1489458690 4929409068
1294255348 3340209868
65 3329982464
421263322 4487287869
3807482521 6552401942
7 94
2223676593 3014716559
17 120208196
1 28
418175524 2463016509
75 94
4 18
24 2220108359
2411007113 2723168891
198505985 3881456859
2242910534 9059938968
3843441878 7011242128
65 1319207684
3778443401 5645363447
2121883199 9339551934
29 47
828200979 3233994972
70 5140093712
80 4288008187
46 83
34 88
16 88
3583098572 4715601051
92 2231745333
2325953684 9153225113
68 4646154807
806626139 8667236226
16 20
14 19
33 2425099799
925021787 3962126437
843471416 4023819134
70
91 4381595075
55 74
21 2324800517
37 60
1162344260 2999602735
2393271949 2426827041
473268806 699211907
1043485819 7976101235
3582357608 4498768435
352762370 2003955069
86 496127695
416077156 4237771749
255775565 1105159505
78 1489807809
23 80
606332601 3896145938
2524792506 5427234607
99 869645603
1939509193 6426630674
4 4564758722
1060769656 4001365592
4637896489 4780190366
84 4948653578
20 7240901793
247018558 9599013430
54 8170225756
7 7388217413
13 4022421919
69 6913296088
60 99
12 971010091
60 4150358966
62 614638916
63 69
346141746 1534152306
51 1915079990
92 4071518289
69 9586936208
4251734501 4817657680
3790647464 4994896654
2810403538 8923263095
2582399117 7585399417
1754959088 4187001902
34 4054323354
34 53
5075262800 9543715490
9420299345 9632805709
569080969 4605580726
2659718069 3735685872
3083263880 3324617428
6165430376 9883500562
2838268153 6176118978
6 34
422841859 3647105739
2927397286 7822879287
2681071437 2863711500
3421123262 7284433131
2064916108 6584963113
372180853 1930722369
21 29
166657755 244227609
76 1394437759
29 2209191481
13 441622411
2598692670 3057565775
3565898268 4351418971
78 100
7319864205 8967702017
4280372912 5991985013
2186781741 3927591618
22
445813810 3067621848
650672066 1701398904
60 97
77 87
14 5633428517
1 798445439
6 49
4286812938 6059466422
3696873472 9401171333
33 50
139988066 1735186373
306071925 5385989068
17 34
435812386 493831327
4133536191 9247991541
392185713 2808942059
2501854157 6726027506
4958367210 5830103222
2676459466 3849369838
3049752505 4232104569
27 18713629
73 88
77
5048298790 8509147458
1670761590 2271070247
29 7016193234
2937023426 8368095785
827279450 3331838491
4 76
3164401446 6193210123
37 79
76 3619986428
3033039563 4475960618
47 57
21 3855047542
1346628782 1881480062
18 4973103441
11 15
2098100949 9067381263
69 495938541
2660102757 5582187822
128411195 2206144781
184020332 1034064179
253108956 1063651190
18 149928990
1412992083 1492608865
1597818364 1773864706
52 2889048419
1162208681 3616391446
1958128219 4424181558
1345569120 1396814809
97 5964581287
44 4215386610
2238416420 5872011520
6763873001 9878907956
45 5905665966
5 2528503489
4121918373 6180228592
20 37
1691576336 6218410109
2239484702 4398646690
6832963332 9744386876
1900910856 1973128320
75 1666588121
3522191721 6963964682
97 4411970838
58521727 6828610512
38 3461350022
41 2832850730
71 4880605061
5332378631 8581247635
3923673333 9185460176
38 3910153774
577544922 9741512989
39 678329382
702941447 7357513982
38 4020576045
1079052845 3369923403
53 78
1 73
46 1767269185
2008808716 3860202369
4087673089 9828389008
76 530590413
35 97
22 99
90 3120044141
57 69
2508287085 3108997181
3272830613 9227041664
31 37
94 7762476894
39 405712550
1994765943 4445348440
4493567882 4758954345
2370684405 3158759060
11 28
4384206870 4429642845
2995336520 7412014745
769012604 9924174584
99
44 96
77 90
69 4959549352
1936339957 7420938592
88 7232993076
1724710191 1937132416
63 4073840033
1471064923 3390250410
56 8273778778
6643179169 9384294632
47 2242487337
27379190 1007375657
5 19
78 8964030511
51 2608939383
1592158550 2575059921
86 2795907254
280728095 6649361582
65 88
76 92
349154186 4515428718
37 5118761212
76 7312051595
42 4743508742
104680314 6997876537
53 6189530338
49 50
2500989828 6074041228
2879997207 7538533232
6 4191867558
59372103 6420314647
84 1385123713
69 86
978897979 6573740248
98 1953460475
1187993859 4817025992
4539594094 9714428372
63 1261939200
95 8007494464
2580782162 6539459613
80 5852179292
1808088538 2251655727
1036372318 2524754738
857803060 2704023695
1441906667 4790434166
6329523414 8346462357
83 94
6049549874 7177282361
35 8161459632
94 6532686542
48 66
29 2044251389
1587129683 4720379012
2598210814 3116772800
193805634 819340956
1553354380 7779482752
30 91
56 90
89 5974821891
2556911535 3619663025
70 7943696806
397304876 6507479276
30 1260168010
15 88
46 8380581042
46 4060664362
1515942699 2767150068
354579052 3596174642
4217143407 7871881340
79 3464216631
1730086942 6092706074
3458420550 4221037571
1566460653 5338785165
2 5728228233
5994768702 6252610822
17 1043658619
252952347 3829428705
3153080610 9483170849
1426770282 2017233440
7778782005 9530220874
535986591 2162437347
50 2589113883
128407214 154240811
66 74
448058957 3368696488
1182573052 1278782174
1162226315 5262461071
2899302649 3621872236
15 9163553329
64 2728287452
70 2451903186
2083558360 3748959366
17 4421696596
3445267818 8070340723
991134796 1229629525
50 248539272
41 4749519674
2839206497 4771001178
4479947277 4872372037
79
60 4389450613
1268007127 6739580633
59 65
85 4867034596
6653543841 7625807378
1626216435 2537886826
1531849152 3828938881
8 3713622387
31 68
87 4236484525
50 6362956931
28 46
7 78
2416103359 3904532816
72 100
21 2345112636
850266569 4628375520
30 71
26 189058910
44 2880909226
78 83
1038488 4919044225
98 923036480
31 3036183955
1097440978 1305197037
2725821154 9938441445
4 8
57 96
56 682955311
89 1257366958
86837754 3910868851
213508931 421086556
31 3805233198
714069966 7933991948
853065726 1500402849
13 9752427313
38 3275590122
140911686 5824216193
2730635543 3603589264
2034752220 2894112776
40 53
1713813879 2241515696
44 7963365213
33 49
512148845 3571869880
1900709583 2652724029
2192969011 3537555531
5984615759 9883683420
1473044513 2034549500
11 43
1814154807 4928091814
2767957513 9593114329
1870989840 4981891830
41 51
1385007240 1678940921
33 60
1013753008 3686453645
17 68
88 155275276
4789367474 9665810403
3692204648 6473508347
93 3584880073
7 73
37 3388032653
6154827209 9563767409
32 542298608
4247893596 6666747383
67 614437124
2 16
126702090 3707255746
2097065031 7978453031
35 2817707712
4179607423 8619369293
1103640273 1403236766
314452382 577024833
12 100
687697054 9117896286
41 69
54 3815842230
47
61 1463426082
22 96
98 16267845
17 4737024909
48 53
20 4797692853
64 1890788654
490067858 3518451015
1757665953 3696210526
74 4154377569
3214734073 7842736451
4687170668 6250293033
41 1193690525
850090412 3855084911
42 55
2147931058 3541557644
98 1197955468
25 7215453244
5 3043626666
68824667 3973166741
6068973736 6872950036
42 77
58 64
13 4310309366
4268809719 4699692297
83 98
23 2739126055
4549716350 8590010156
65 2157437549
358311146 1055944172
4788960394 8972593006
5745448495 9747426762
42 78
58 93
40 2689999325
1591795252 9630382988
50 90
751658240 3040373035
527230898 4041380917
37 1867389845
502537555 4573472847
1742939422 4694917398
1430229846 2412306953
32 2653418691
15 98
45 85
6 3922928034
72
58 2726156871
3734211075 6034030490
2914599145 6635098078
2134893175 4062777126
2927246358 5558741968
100 2656726956
2848308008 3041153835
2696284580 7350249839
1944478627 6809870901
3904458743 5137775147
76 7908181050
1 55
3360014942 4091924443
33 76
3197072887 4640956320
4754127904 9506176163
7 1162810501
52 1204079939
18 54
2 1294975764
38 3723818402
4242059295 9051710178
74 98
61 84
1910561485 2663016163
4217537343 8546040193
4626466676 8715373406
59 2629067135
99 3038669914
635847629 715355744
1531172952 2043911073
510296826 841319656
20 3050486598
61 4025350127
86 3668566624
2449177595 7235574923
63 82
44 9916692102
1909083444 3435507575
650337612 3131976693
64 8181832664
1607217194 1847225191
551715634 2947300406
73 76
676828212 5440798498
51 92
765238912 7845351771
80 4388062380
957563532 3931351357
244497819 422431556
2498722867 4294067611
1142955174 3795522448
23 74
2938142275 6395059325
84 3661282479
29 954724742
298048 3843871619
3720908740 6914660541
11 98
82 3005516420
45 4770054479
75 5795576901
1261923044 4594038085
57 92
504800784 1386908199
446150487 9848843614
3702819586 5590717629
680066237 2699808368
66 5883792782
5 11
1287874629 4504605481
1911715621 2869172968
90
1908248714 2556099930
588245964 2402656617
10 74
1947766274 2715235107
23 77
3502168 3392848694
2509863340 4959471131
44 1544667881
4817207621 6672952220
3266016752 5234448128
2 42
4913577941 7665279195
72 682549440
239786787 1024490181
441412814 1941729863
4854659850 7216758603
2827489487 3375048405
70 270567924
75 89
1431066513 4259460121
1398146024 2181256701
1750493963 3596807387
2350256370 5339588554
50 3040635223
3 7963004201
62 4256416805
5 43
38 669078714
28 58
4126867700 4781451642
63 9935619257
100 930766015
95 4386841971
58 70
102893353 9256040416
21 48
19 79
47 2300934244
19 29
674577096 1162819875
2865498474 6990687435
63 96
2516503245 3094601613
2390587508 3633201538
162496035 9769955452
68 250933519
724354249 7096175046
23 1387210876
28 9734033454
757972239 1827685063
28 64
6824722306 9582657157
14 5176574801
520030713 7720424903
4 1806072787
68 3641585438
35 9314298509
24 50
2441534154 4005544392
786482474 2286780119
71 227330670
10 63
2 46
64 481695032
12 7567798654
17 2039607342
524356036 4948377143
710989497 3389375727
3558557521 4156711901
1457634758 9213410370
235859509 4767806579
1337642371 7036656724
2181433506 3383854498
46 95
8341853479 9668284226
3104791083 3218078671
11 1891528137
44 3849026889
27 9500374555
6863092186 6986928675
58 7639280458
15 53
1406326532 2630134772
63 9391139952
1005740921 3238649899
43 87
560887257 9894035462
15 3268873216
29 662855343
1549937440 2680103397
82
6119257339 8976179906
10 84
77 80
37414863 1013151262
2417621995 5706083273
38 3399031466
6 8414996711
3664060106 6820830725
44 2526142138
4708737354 4843334640
2259468590 3494994852
32 52
23 4976732634
15 32
12 7130532166
6533340183 8741739266
95 8435185358
21 97
3647340261 5615884298
1 1978603533
21 34
4223213468 5592656086
1590083874 4846975340
83 911965539
47 2547654189
4297113769 5115385950
54 5680965285
2 6885235772
11 1600343069
5 34
20 29
3550144852 3768733505
58 68
5 41
50 71
3117198734 4013769995
8668219330 8790985777
938079461 1484952249
2 73
16 954041963
1770643894 3960531590
7109794073 8273069191
7 889293458
2150423767 2200175324
1028461432 3143993121
18 4757557411
17 42
95 8801079472
3016888137 4929944572
412021832 2250336473
10 100
23 1244972414
13 91
793940714 910008199
1754375252 6499136384
3150662399 3409486418
304159526 4709837848
6226148373 8301073806
4054722293 4531984401
1183088780 3528388092
2009506046 2543440961
3835556135 8009137728
17 75
36 2919147997
3079050915 9966357551
752767755 1366348921
19 35
959439773 2989396356
37 4370089422
2278105484 3022827035
646462573 1023193595
2253884631 2581327500
2078927706 4548129812
2529182489 2846986964
369231753 4958872779
32 7630275995
72 3052657869
29 62
7960917547 9967449471
8 3440043220
1526561058 2131494450
88 1479868892
87
89 2187783722
8594961288 9285757138
2395083708 3062752443
27 3135214760
2038388731 4576691109
32 81
92 4311514452
67 1938283399
23 7851455478
97 1042066318
7809353448 8748343656
66 958185338
2343608133 8058584381
70 1688949444
1078706373 5156944143
1722119417 3860824756
9 2657117857
7391683709 8072376602
390045493 1198734471
2371784919 4003870367
31 66
5741818166 7297465214
5408182026 7027356361
7 39
68 2245585038
6580262348 9292386494
79 3533548159
2281333105 3112994529
3154589460 7004112902
46 47
330025632 2895371116
100 4808122924
53 54
89 3404391506
5930140826 6914315663
100 1071338312
71 4623437939
23 3687834976
83 5621703937
3491748483 4920427055
3 74
2843223786 3100829086
91 1826150492
42 7267288499
27 3741369112
2295319969 3520146052
127895863 3184660977
1990155110 2890364017
4260922690 6460788065
34 1792551012
1739507574 4420883049
14 5470476491
76 2606109953
5 2165315756
1368535942 2790820536
43 793542128
1721482810 5405974086
32 9680365446
3957036969 8012165076
46 2293156667
684718886 2961734654
20 5204360785
93 8721311280
591931214 3520315438
122626100 697356763
45 9411188388
1673470920 6533163184
64 82
23 4261856981
5069271020 5704646720
36 1166969790
98 1854846842
68498101 3683257899
49 73
884566002 7152970198
97 3426484575
3099803807 5322894051
6345587512 7835588075
66 7664670973
94 3183891672
4249830469 9379626069
25 472926023
5959950319 8993590574
25 1788548192
24 90
3773258689 8269088517
2480720627 8085158275
50
2523488917 3811954236
36032291 1640909245
3266713090 4899109447
64 1877737329
16 79
1122728651 5249517029
4217927207 4867597129
79 2261043969
90 100
29 51
1 1175377587
98 4823736009
10 2773587332
575763258 2338927185
67 4076958426
27 3028731729
9 91
3 96
14 97
3597542669 9538607103
223757557 2260470432
43 47
69 1329385707
88 2347863313
98 1174839278
20 849360826
3397933451 5056403561
79 8428702108
81 3180540110
1553925555 4689882593
73 8331561024
2319440136 4856986958
5526386805 7312978799
671598010 1099082550
89 4884664944
28 2252109429
62 4630275872
2745252001 9289639164
82 4561783005
67 99
4773768356 4881812399
17 2655803123
5328366194 7399465471
2064614835 4780662759
95 5218948000
3 1284520675
8183671469 8938305110
428008943 2447241419
3191520980 8886732540
700626478 7812459117
80
4203083586 6541953497
4366070749 4979396740
3189301450 4710523518
13 17
122446698 9495273466
53 68
2027528272 3668596957
7860470317 9928882640
20 5738521384
16 4427426156
2272220745 4072067015
1903775125 5558548617
17 9802252684
280970150 4820873567
784835475 8425915634
39 8545111854
984363748 4720355889
58 740503155
69 372565958
3189347174 4277877129
2985740036 9503215837
5146046897 6527757772
3824064764 4112273013
4811064427 8858453787
2967204264 5353912076
52 2237682348
51 1784147051
55 2681309225
73 82
7 10
4 5
57 4700887004
22 298537016
40 55
8 2501546686
35 53
34 6392811817
23 3347231108
31 53
41 68
48040677 1270872816
4241335528 7536633137
18 1954513042
652138282 1780634886
321495947 4973818516
2384429447 4790985613
19 2397306226
91 7380584963
69 4611798590
30 84
7 78
85 5934938190
99 1287060166
22704262 3859874972
108458634 5998705522
21 2420792289
947467736 3414748469
1093818740 7129071985
2843604497 7189659023
3291624754 6305501826
10 91
3509501393 6951368115
36 1578869915
4 2004839513
39 51
33 7704883423
3354518697 7568496868
20 29
2639127224 4597275675
23 1820353802
79 1317748557
3249556653 4979635738
76 96
1040459689 3845957165
1350284523 4791985523
31 93
26 1670182529
56 9727548927
5 2436793182
1105634829 1376502177
90
3463650219 4195942298
86 2539710648
55 88
43 7395252260
1956399253 8387368388
203606775 2323401737
34 90991936
14 24
59 9229908092
16 8222661349
4170650484 7913361492
1184105175 7929346998
70 9694054533
430910998 3509732930
96 97
28 33
83 85
3226201697 6169825032
86 4994825913
2828125725 4247325243
488678 8378947997
42 6370851424
799885940 4138675688
59 9453430202
43 1234080854
34 6275862653
109213998 603070493
977321209 4768081041
23 7315825883
3584424750 4928914382
2285673535 7735013002
3841775379 6965182270
93 9329365667
71171563 4502772289
2985607222 4151386816
3238319298 6750703040
6459152459 8252403759
73 4139423401
2804803544 6180708869
811725106 1786479930
29 5755595577
8366155328 8392456469
5 48
46 70
109333266 1505598127
18 3880220492
3046113258 5625680245
44 497427539
2117067868 4752958471
42 59
944220412 959203617
3703563905 6665086643
1874972109 3424608929
27 81
38 62
48 81
38 79
2544994679 3828196607
2124246776 9525469759
72 85
7634042685 8362371076
1230056614 1901575783
55051508 972808865
31 3414494563
62 5572108091
6231685233 6936010452
55 96
2397311249 4680188540
56 88
852793146 9940906652
204931273 1772414101
6408222317 9284674620
34 95
76 1370175815
18 2273329794
48 3006522556
2 4011228112
1088061528 3743188648
45 7501273393
531299396 9301359874
1771929469 7231512412
41 51
24 1126417105
6293917035 9001103281
93 9348218362
1034765840 2642868046
61 72692020
1330030299 2226027168
45 61
94 6263891324
53
84 1094523822
182108017 489701957
86 2567091957
1914158524 4538699131
3051988266 9683447014
64 6843714908
1176916741 6358600025
2150886254 7684860680
41 2112035658
17 23
89 91
1454385790 2139924152
35 3841708610
3357073169 7734569538
62 3032585776
6288432076 6471211528
72 73
70 1359218355
3693181881 9562987577
100646592 805427173
11174875 4472775606
41 50
8741144659 9527287586
97 98
2855724585 4739766368
86 1913527095
9 9903724205
2713020528 3805522668
1444377419 5263881687
98 2533589762
1202838253 2477125755
89 6570443756
3018056791 3958935428
81 2300027815
2637980772 7584212177
77723133 3723432691
68 855741339
555299212 786925980
67 1341628582
37 49
624717952 4393758620
26059985 1325910892
36 2895360538
1569366150 6978953732
2689300406 7005056426
85 3875928025
40 77
2181177099 2590248295
17 96
41 3462527252
1682702142 7278068127
1683376036 3347284489
24 8249249073
58
4052994267 7356121204
2953348064 3858136358
2575673161 9842074928
5824430735 7559632119
1806239572 7620543900
22 2054246435
71 557365482
38 66
1017012401 9977987142
3219195570 4069167307
92 4166257676
1443770953 7014569595
89 647710994
28 93
868401662 2819901901
12 35
2770038482 8036949038
15 4554099963
3146942233 6403028060
92 4846180845
51 78
779554330 8759289999
493240329 1062484985
53 4762366223
26 5720872058
1093504146 2783745373
16 4310780484
1433636779 1957833117
4 7543874385
4443044540 4509142859
6 81
56 3542312143
45 3955158294
1341327087 2007452460
3963822740 5293600231
3143631601 3402699193
4195631769 7901068218
4446023076 8888365309
56 926926426
58 2215185373
2188288033 4068477822
2881651773 9421589037
6 3955286340
58 1758289164
71 8995195441
67 6677995332
13 2487139557
58 3278621267
560721038 9919511349
86 3570413279
70 1503964068
78 5470990731
16 2379984355
3677259181 3737732126
1 43
1983022943 5796010968
1141821908 7747739318
34 5263740572
42
4462913201 4844094305
658657730 5351035659
51 1144966631
52 4208301259
2343043938 3832173499
6837274121 8809232807
1656027678 7927071704
1883153367 4739475488
16 4931125279
879470220 1873838994
1741151414 1930765752
6304175471 7267875394
8 3641285763
2197570308 4627090310
3358573167 4381917614
6546861083 6844076917
71 85
59 4657513217
3317004405 4107574862
3488246463 3897056914
11 44
62 2395115274
4017659616 8952026436
16 3575590792
1152189738 7902133655
22 4792248134
36 6747914295
1350620409 1805777569
20 80
2712949412 9232812792
732652966 4786427264
100 2500801664
78 1157668707
2194515377 5664818335
59 1105503460
30 3571030643
24 812679193
10 4058019646
2131233906 4582578799
1167801325 6985242079
2402743311 9344382649
100 9902633200
44
4198363666 5542095958
3701894773 7470956729
1271750727 3456347429
3520144683 4954825364
1376448699 8788339805
5559317198 7656739387
6896428340 7419687200
39 6359998078
9 1502123022
943357134 3172594751
1212417613 8149073852
779487534 1012541667
6584643919 9657182579
2294111039 4418697390
42 566222426
55 1443259854
1445030521 4356718184
80 84
19 66
1745251541 2541246332
32 3778038516
10 864908672
1356426882 1746079796
3525735667 3731543308
1542194968 2410082435
195050229 7792514091
86 2007416551
4 1302214788
2588677323 7309804085
1056923675 1742806715
1355142128 4728128603
5 51
69 92
8 44
983675117 8697848175
9571857420 9571871616
100 5461095414
235313085 4043319433
54 5908194636
24 4999357971
68 449378701
61 65
38 1404030625
3710087241 4003132546
96
73 1910101175
57 90
4566171411 4957651617
445545724 1717865908
45 1465848077
8738828730 8920163206
85 7471559457
90 93
3613858652 4821203233
49 2839779167
267177074 2790762383
1026182138 2747438206
63 3271451745
2127775104 3510151524
3 70
65 3954537616
19 9320715913
794085521 6746317418
6669072344 6721989748
348198386 2719408006
55 4684910965
13 33
665934822 4282948960
199094772 5481680895
41 62
11 41
1115481653 1131984721
13 8790401574
1118978511 2597325435
3 6
100060625 1111233908
2401034828 6587921580
6152301202 8630284754
1251197965 4693641511
47 5663183858
3743723995 4051984183
61947213 2666803935
86 4701345490
76 2778989089
2430470973 8224542218
4044487157 6404319996
59 77
19 45
545965678 2116249864
69 732280239
73 5080556495
9 981246822
1186679493 4884364771
54 339476956
39 6713466987
7481357602 7587162597
21 83
2065422637 3475694214
1590100051 7989285943
5805971463 7303982880
3208196825 3820980844
1622512522 2934621296
72 676086324
3664288963 5067920562
74 3664139889
52 61
4373962771 4800476551
41 4169872954
4357133042 4494148116
22 25
2685781962 7433823551
2411494148 3252748418
4563415898 7631852425
3694958041 7022310937
417294579 3581504211
2024151875 5594812632
2272594717 2717757732
3097663433 9434829505
83 2445215611
2025401814 7814184725
9 33
44 1015426888
3824491275 9727639206
22 9110308070
2080065149 2409722308
18 3873338732
737414350 8934612224
92 9457428480
30 4433190723
2548616618 2945026128
35 9637210582
10 16
92 905521624
3717380999 6294594348
56 60
50 86
626093153 3007060532
3228717722 9059246913
63 1619935816
1960881600 4754732094
5219238791 9847223891
36
10255733 6962462230
6375572732 9037908630
6261295148 7228770568
83 8788048545
2733882797 3005072103
4706996262 7474773864
16 9421226637
1042962561 2024677169
95 1565321624
1545566565 2940547721
24576155 2522384008
4338226882 4962524746
97 1374578009
13 94
64 3527476098
1434178059 2480507216
21 3740741158
26 1453929439
16 1805750201
6109632616 8195528731
4029836560 7267343922
17 5089320621
6604783812 8769683625
8950188156 9143473918
2033021631 4024920303
94 4355990162
63 997081420
1011829455 3535908999
50 2575672551
29 4886316347
71 82
4198128271 4697229112
13 67
5 77
22 82
50 373095235
85
1087783050 3177948071
2735907428 4794471083
25 7182409550
85 687725619
23 51
29 77
412460968 3856437417
75 2270017447
3546782947 8838975118
4001108996 4593185996
1394016423 3832949281
4616799256 7813419782
7 2691276053
1129750975 4834891650
94 3996282077
6584254277 8674761234
6 23
26 59
1084315585 2796252591
393128831 3111674216
4 805943786
7375607313 8736557101
87 4072704785
92 4704575557
51 933515459
5294162071 8046659387
1 3934542985
72 9561301966
5587518415 9329001098
3907555670 4102281192
57 63
292100629 931213046
761381559 4697029813
6 81
3141770752 3569822980
47 4304494314
2878814660 5685061848
1970619209 4326059341
63 93
5902731230 9533529535
51 2650129291
2103152770 4943563054
64 100
4126688321 7219161011
901188202 2733022724
30 67
1003918469 1056703336
1582876858 4836119275
46 72
32 58
3719215478 4374578241
85 1210599039
810505107 3239907150
1141281946 4871630979
1519939654 2006010718
1 5412352958
170757813 932724517
15 2027753720
3597698264 3833318776
17 5109153374
1292650578 4307293434
3049329237 8445249572
9 3839036699
32 3738554484
82 84
51 8378550772
598008307 783654450
14 1049208626
1191559195 6176304344
52 2233696349
3142255417 3867157701
4 3601046751
7807324988 9317903121
73 82
3246997818 3345910154
4954798138 8922905364
77 85
48 89
20 1290470600
1927677788 3898804430
3 93
220206192 3947851202
4418075096 4945415252
1893614289 3298825372
77 8627136904
100
91 6067902685
14 2289305318
48994418 6036944924
24 32
32 2726478581
4093727882 7839075477
5 82
33 3833739798
2058031843 6774919459
5705812849 9963254321
95 216115939
75 1184777596
2284492783 3073569351
308013588 817286521
19 93
10 399070800
93 9103442175
17 6563989160
18 4238803980
96 8499388477
889753095 4891499039
3112494459 4473227384
52 98
1435041405 5213336114
470193854 4513532145
3265287878 4181148440
19 6969481493
1576740356 4300300806
2585776037 3881255098
6802024588 7756629070
63 773866824
84 3900341875
20 4546233941
98205582 1655276593
9045083693 9983714425
43 2389176040
1174378396 3979030616
18 78
2179940272 4150366540
61 70
2732408742 4847690455
12 65
29 4738679667
3098606536 6376394678
74 89
59 840042368
4595312529 7484346914
750835002 1965321055
4863087296 5143705843
301192914 1611148329
283187678 6541148798
220641980 2725867611
2 51
4813096002 7984627740
2701392409 4053377756
4078312890 4243546495
13 55
2308927093 6620218099
4226027524 8380068114
1407144627 2551531527
69 73
45 92
1259624851 8672756864
3824151576 8338848722
75 4024453686
2969857636 3427172884
7414115979 7863969715
73301336 1292671835
20 72
21 36
2439480459 3549639807
69 89
1230173636 2773915826
4124465293 9919401924
94 3836257091
2360414930 6196637670
725247144 8475750734
3304735239 7981358650
41 2424726472
4656338703 9290451622
86 2092624690
10 1523737662
52 68
23 2514835446
2745170736 2983037223
39 3131927246
581569573 3405009912
98 1644405695
1795154585 3759273336
74 4424677934
48 2381630200
83 8702617077
21 4821844774
42 61
28 83
95 18657604
66 578454445
1535658249 4626760840
10 54
3230236529 3458928835
46
8 82
3676119770 5783151274
52 1934397051
566946112 4354459705
7 6178897410
74 1867765901
3 9948464752
1760453999 2525190756
3508300979 3654061818
1225996014 2360774705
2243672357 4061233916
18 54
1378714434 5707538066
7 913778166
988115255 4750742361
457999128 3688789611
233641954 4112141640
1771172915 6939460207
11 97
50 54
4046611746 4418188668
11 1228473736
2071406187 9551811376
3611983558 7939451384
601280489 5668157319
74 79
61 9090144515
1126578134 3470463950
30 2464366920
2655669213 3820808429
7694712689 8643064572
634008977 4122093870
92 6567267991
784598205 9229980250
57 60
667050807 1714669718
81 2453046521
17 71
199434135 4864438700
5379308221 7974092045
7 8584486266
81 1986394244
61 1291625528
2326209149 4561189841
59 98
46 52
96
843747360 2788975921
4533386597 5324891918
9 3837959033
70 3623024191
515519579 9703690612
1935182551 2519718402
65 75
78 1431546830
337491648 749323112
16 674592112
2550111869 3840267821
84 4680566941
16 21
1559149093 3620173412
1527876262 5087878461
13 2167467985
97 4782979753
32 5651751651
77708871 4950494585
4431188605 6378667941
24 61
3225664480 4418158642
1407911697 6039123212
18 22
67 5519536710
52 9146426395
1811925804 5453520145
83 9071095173
4 95
81 1709032749
2 198923518
40 56
2157139137 2822451459
5112265884 7427852812
75 1569064349
7 48
1829042527 7696579624
6274253294 8551506325
4475911681 9214044617
322874946 8631019024
77 1516244848
8308346624 9303684555
2049079057 4735129334
3 16
14 41
3229434841 3738525985
819451800 2689385130
4 60
16 34
93 3034676858
49 92
95 1985521195
1241727634 2391960013
579503034 2393741687
2535145575 9659868805
20 6585141827
37 4047689935
2592721522 7452496394
68 2133615394
1425396404 6828988646
592876058 1427491594
42 1554816348
6 81
67 628857279
1985684842 3578760427
848843324 2715286318
37 1458421205
3293446512 4551952025
3621574617 4336792065
12 16
3786989572 9404463766
17 38
4071429021 4346588256
25 3873927365
2066786927 3487897481
48 2600442764
4668021045 5978667167
14 4040482370
37 1018675828
164982577 9253138597
82 140658926
5715518689 8832102509
3111012178 7700522425
94 8493088074
48 1175307721
40 2402635045
1473151617 1685243686
23 49
42 60
43247808 4094579556
1768394234 8409678400
4513806458 8007333682
39 2515125102
589174963 2029270808
4202786319 6144415956
65 3658325830
21
1160112229 3820492973
4132328022 4824824275
66 2741227803
2959964392 3309245875
51 4695828302
38 4372224743
983783254 6205097045
2 11
756630693 1961368800
1047301305 4032059339
5729132397 8111177309
6810238142 9652214639
2035591372 3681042832
76 5760491400
68 276535669
60 79
74 3852528926
7 11
4 3119769790
73 966898093
1274984999 3201763072
52
11 1748010123
1987052915 3295492595
21 92
90 648301103
23 2485673301
10 96
89 2386848959
2451113832 3450514303
292230617 1336912385
879930598 7319600739
47 87
783355945 1727733376
83 1098245073
488106133 839185511
3902778400 4626403601
3339478274 4394430103
1529148178 4543989300
70 75
3108375437 6123064086
54 5599777936
68 1852194324
77 4045786635
33 9680289931
1803587205 3696123999
311859972 3977783798
51485480 4927875648
3 2723198168
872040478 3069342419
2847794422 3678863748
2016026752 4333480610
1415715500 5050342797
1506148358 3291184256
25 26
3687563010 9736728161
535784291 2024630529
14 64
38 6177318279
9 9002618732
62 80
29 32
4204790616 6367895890
60 7869502905
2532488524 7571583048
11 8654311076
86 2380803022
4681565961 7517857083
31 2801546574
24 49
20 8653897322
5506891671 6511006858
4 86
45 92
47
1237280133 3426668107
5909591756 9276889070
966855653 8190772573
44 51
367093533 2674963836
4919854743 9457520077
2 507744717
2065963854 4700214869
3276495006 4462472236
35 1018604212
571018213 5589378818
61 86
78 3158244640
41 71
95 3278880457
2576087782 4687315911
2001369193 5571601467
86 7394714975
84 3384047348
829063069 2567302501
11 4056055127
36 1191446493
268939616 3619784591
895001889 1453893170
4200897601 7083628969
111253756 170119576
69 98
1540111034 2190949073
717170778 5836183836
3 296715271
89 8966211912
34919652 1018268462
2134895910 3937178523
56 5016220598
79 3189481906
6473886188 9463347527
841221949 6842100515
79 5141952510
89 1314380223
3345547847 9593416307
75 7158167031
99 2765416861
98 6610937554
27 99
34 4974631112
3073102489 3153052700
4156120137 4889259847
9
5735324455 7900581292
27 3036553561
78 3689313526
2915710321 4847153790
34 2504330791
4299528085 4999812193
1576306209 7388283774
83 3309322976
1046225723 9184880543
100
9 87
76 1378829729
34508263 5413827198
35 55
87 3444631217
35 75
1028182899 7726448318
31 100
5665492879 7812854419
46 84
70 4132886801
45 82
70 93
37 85
3582750652 5039284447
2669968735 8964845213
78 2930225423
1148875372 7928926654
88 7884055063
504008672 2490854068
3701110472 8651456226
64 2961980734
3895725547 6946679568
64 3845796718
64 79
96 143074488
553730571 713512746
1665994436 2040854036
81 688407057
29 3161407026
63 81
327892743 2524758887
2 7372554703
2142435620 2820330810
775584594 2398042332
899815784 9597300992
3 33
50 328364292
76 89
5893698648 7489682193
31 85
333757604 9564749137
2448024569 3505445487
53 2888625828
6 1559235338
20 88
21 1789886120
15 37
2351477720 3959270420
3058751224 8347156016
74 4427275063
32 55
487666936 8771330541
440359745 4955428075
375999041 435440357
1546977111 4220770004
1502086503 3127733298
886111843 4270531685
4082227560 4405284490
80 96
19 59
30 34
2491169110 4489987946
2431858099 3732047537
54 76
84 1973811612
3748729086 8089388593
539409004 3649647818
28 39
41 7119120118
2527051177 6048447159
3599612134 3978467465
19 64
77 2421470683
22 70
4591507730 6581869763
15 4125302010
18 50
4802483884 9810397903
1759416097 8076990785
98 973760081
1461353935 2352482010
2442722073 2624192182
15 7279312404
43 5283643329
97 3693547005
5 55
31 90
3233546619 6734406967
49 5132166503
69 9724278650
41 58
191666259 8102875007
1820730827 6843418667
53 2367678171
13714261 1572697535
1990066816 3140273207
31 85
88 2507013975
396504859 435824265
