100
58 88
7 55
58 67
49 56
73 48
20 98
7 10
46 15
66 91
27 53
84 20
30 87
87 23
57 35
25 82
29 83
70 87
89 27
5 37
82 77
84 53
26 42
62 71
57 80
14 35
32 49
55 61
36 93
35 44
27 60
26 55
42 95
93 30
73 97
18 6
73 53
58 98
94 71
21 2
50 86
37 33
34 43
93 21
35 80
65 13
39 90
19 32
36 11
61 60
59 30
65 83
82 74
80 27
44 52
29 46
37 17
78 23
11 23
43 45
2 7
9 92
48 27
23 35
89 35
94 47
64 10
29 97
83 60
23 79
64 3
24 100
71 1
74 81
75 17
77 76
75 85
19 75
63 41
9 51
75 55
97 90
64 77
38 99
37 13
77 100
15 100
51 38
52 25
18 27
93 47
54 67
83 73
41 46
65 2
96 92
56 45
33 71
21 71
21 57
83 97
