988
804289385
846930887
681692779
714636917
957747795
424238336
719885387
649760494
596516650
189641423
25202364
350490029
783368691
102520061
44897766
967513928
365180542
540383428
304089173
303455738
35005212
521595369
294702568
726956431
336465783
861021531
278722863
233665124
145174070
468703136
101513931
801979804
315634024
635723059
369133071
125898169
59961395
89018459
628175012
656478044
131176231
653377375
859484422
914544921
608413785
756898538
734575200
973594326
149798316
38664373
129566415
184803527
412776092
424268982
911759958
749241874
137806863
42999171
982906997
135497282
511702306
84420928
937477086
827336329
572660337
159126507
805750847
632621731
100661315
433925859
141616126
84353896
939819583
1100548
998898816
548233369
610515435
585990366
374344045
760313751
477171089
356426809
945117277
889947180
780695790
709393585
491705404
918502653
752392755
474612401
53999935
264095062
411549678
843993370
943947740
984210014
855636227
749698588
469348096
956297541
36140797
463480571
40651437
975960380
317097468
892066603
376710099
927612903
330573319
603570493
687926654
660260757
959997302
485560281
402724287
593209442
194953867
894429690
364228445
947346621
221558441
270744730
63958033
633108119
114738100
7905774
469834483
822890676
610120711
791698928
631704568
498777857
255179499
524872354
327254587
572276967
269455307
703964685
352406220
600028626
160051529
40332874
112805733
120048831
378409504
515530020
713258272
573363370
409959710
77486718
373226342
631518151
200747797
289700724
117142620
168002246
150122847
439493452
990892922
760243557
231192381
622597490
111537765
338888229
147469844
438792351
911165195
269441501
142757037
116087765
869470126
155324915
8936988
982275858
275373745
387346492
350322228
841148366
960709861
760281938
771151433
186452553
244316439
971899229
476153277
213975408
139901476
626276123
653468859
130794398
239036031
884661239
605908237
350573795
76065819
605894430
789366145
987231013
875335930
784639531
103318779
597322406
939964445
112255766
432114615
67854540
352118607
782436842
909002906
165344819
395235130
532670689
351797371
492067918
504569919
680466997
706043325
496987744
159259471
359512185
480298491
398295501
96689774
86206728
601385645
172755592
544617507
243268140
12502956
272469788
27907672
968338083
722308543
820388466
933110198
6939508
740759356
285228806
789376350
502278612
450573624
37127830
34949301
654887344
529195748
392035569
335354342
87755423
889023312
494613812
447267607
369321803
745425662
396473731
308044880
346811307
569229322
705178737
590079446
434248627
977648524
470503467
402586710
552473417
143408284
188213259
559412925
884167639
473442064
201305625
238962601
776532037
238433454
273911901
431419381
620145551
665947470
619290072
707900974
407487132
113903884
7684931
776808935
711845895
404158661
937370164
58657202
973387983
642548901
501252998
260152960
472713775
824272814
662739670
25187193
967681097
850952928
437116467
704365086
176911342
638422091
943327686
953443378
876855544
69755938
237379109
349517446
588219757
856669181
57418420
995706888
823089414
65103350
625032173
387451660
469262011
562402338
298625211
295166344
57467589
799878208
555319303
382697714
476667373
70575323
260401256
296864820
774044600
697517722
1229907
950955941
335939813
797073942
756915669
65311707
719346229
846811128
414829152
307565986
555996659
324763921
155789225
231602423
389867271
780821397
619054082
711645631
195740085
917679293
6811975
253207674
570073851
414647627
635905387
46741224
337739300
896306642
343606044
111783900
446340714
197352300
915256191
782280526
846942591
524688210
700108582
566288821
371499338
114937735
726371156
927495996
292218005
882160380
11614770
682085275
662981778
630668851
246247256
858721862
548348144
105575580
964445885
118421996
520223207
452867622
17679569
857962506
201690614
213801962
822262755
648031327
411154261
737518946
282828203
110613203
114723507
982936785
676902023
486222844
950390869
255789529
266235191
242608874
137949910
277849960
777210499
653448037
908518810
23457755
364686249
309383305
129033335
329132135
280321650
501772891
781999756
150517568
212251747
983690370
364319530
34514502
484238047
775473790
624549798
767066250
886086992
739273304
750003035
415505365
78012498
552910254
671294894
344247688
795519127
661761153
474613997
425245976
315209190
235649158
448703731
679895438
545032462
430253415
861543922
677870461
932026305
496060029
828388028
144278052
332266749
192707558
31308903
816504795
820697698
655858700
583571045
559301040
395132004
186090430
974806405
473144502
739000683
498617649
669908539
387036161
12895152
144522537
812282136
328104341
380171694
113502217
860516128
777720505
543755631
722060051
455590966
328298286
70636430
136495344
472576337
402903178
329202902
503885240
219407973
2416950
12260290
655495368
561717989
407392294
841585797
389040744
733053145
433102831
887658392
402961684
672655341
900553543
400000570
337453827
81174234
780172263
450956044
941690362
410409118
847228024
516266763
866000083
175526311
586903192
2495428
500618997
989806369
184214679
4504237
61730692
186631628
16764527
717226059
748349616
276673170
411328207
137390361
9726315
696947387
877565102
265204348
369602728
630634996
665204918
707056554
564325579
297893531
10528948
358532291
708302649
857756972
874799053
426819082
885799632
314218595
281830859
386418629
156541314
318561887
243439216
70788356
505193514
112720092
788014414
106059481
241909611
51858971
95966191
104152275
748806357
826047642
369356622
970925434
309198988
887077889
530498339
873524567
37487771
541027286
232056858
745790419
251300608
959372261
25125851
137100240
126107206
159473060
376035219
282648520
478034946
471990784
353436875
983228460
584710875
993967638
941804290
826620485
45826610
37770481
930772759
647149316
716334472
152645731
470591101
25533461
39723621
1089440
899058027
77211391
394633075
983631234
675518159
645933683
943003495
553160359
635550272
69110702
712633418
864101840
204275571
190668365
336092624
410228795
26413175
773319848
404196433
968217464
452456683
302539392
858504294
235745792
802205058
427355116
388391523
272796159
452888576
280631493
126401948
204462953
210359233
521035022
40610538
738393741
19485055
983614032
291554100
655035327
905241083
4187519
371653517
962033003
47372233
707746141
372261798
73785407
333582339
628974581
894519220
786039022
931513972
605539864
21784814
586235380
32894980
262692686
859031538
338299906
543324178
985433485
395279208
606199760
358984858
435889745
344593501
378469912
272020128
488663951
33505239
29777561
345367819
257675106
991810564
392740051
965421246
216588712
319041807
151519935
845563292
66077377
937558956
629593615
524133590
959343770
215828995
409544919
74552806
927376883
747844824
617876984
765326718
143124033
76593094
124311576
431530127
421186595
502781488
703550254
909850545
388803076
733327815
107734714
646478181
725138379
500474764
464415777
941727090
672032920
615935712
639806733
738110296
406011018
269400348
114760236
217871138
337745692
524305154
292423944
265122575
124666329
910300927
30449294
120306711
986894020
7277219
551836837
260596965
362575056
255387092
22963860
751378132
988714906
130698573
250372663
566369635
483689686
567304790
360613075
155722606
35756852
419808
746349251
441767869
122336505
861109486
659639007
460082197
385414641
952062950
577721121
510080969
714880227
460686764
630387679
554290597
467963983
34740866
814887562
830539038
290127957
690367771
434433520
131359213
821066344
537322533
550245197
157272380
104627323
910858272
312994986
140384174
763794429
59344237
582152042
738647284
772970073
94307399
51245831
10901064
46370349
628966951
520982032
761250575
89653716
3886061
168057523
410134048
38626926
982945084
93189436
181271233
525829205
527622956
312630445
199411899
64945489
862875642
356684279
22089161
626250264
669679264
14989684
242561043
581539850
597141725
981208326
207026273
691449124
32454157
217927336
590335822
513937458
738909367
204102748
603591173
595311777
372160270
13725221
633938703
207621704
106914656
815209935
733450908
487053961
980356729
932862807
404515799
695748721
289547086
279121309
174515335
811742699
294110992
417076378
245798899
891252717
250801054
452825172
435218191
135771561
670752507
25554013
649709018
262178225
82173110
105816541
857490001
454333379
972058110
343945054
661955082
931489115
11671339
395405991
271059427
992028068
180785148
675575225
687776789
470332233
954696534
862292124
134591282
101323876
131884852
380390180
992576592
235202255
833215351
280311133
370973815
503967859
158381496
873199182
766146083
240554605
979015722
476152434
694887984
803590182
820097488
209359416
735079298
831768826
604765406
6138725
823796894
785550553
534230299
364090034
108399136
341443183
78898508
242990417
442767059
63299709
623380597
287860001
298501963
309112298
420687484
669475778
813080156
579068979
395191310
431742589
672139933
226723383
907895023
219544267
30313565
580508861
428903683
617909212
412277687
33669089
476564286
88590932
671735992
10794586
305197315
632651477
204754118
384095822
875641894
500037526
447395530
351538841
787897527
745897492
660651138
61101361
267889620
326247645
640170339
663080930
610506583
164826622
889804312
370917956
384370889
772634226
951426816
813274571
390543439
216220854
699460009
867107724
304811785
223712351
730418659
610009099
856363828
787689127
846621270
584522072
287726653
146533150
936060912
928140529
892430641
449228400
989241889
12836612
627992394
481928578
528433891
238498978
646755200
270754553
609416933
31126089
43388779
413360100
844400659
286448567
629580953
396377018
6072642
934392737
620089369
736491300
396918186
476453197
376696777
96055806
60975269
664423430
242588955
849552530
445080309
135019596
151297280
434322199
