100
1 6
2 6
50 50
15 7
4 27
43 46
1 12
33 3
25 39
50 25
20 12
29 22
48 34
35 27
31 20
20 22
13 15
46 22
18 12
28 23
38 23
20 38
34 4
42 11
42 42
35 12
5 16
33 5
49 19
31 31
40 50
2 2
15 49
23 34
10 3
9 48
27 28
37 12
34 29
22 25
20 9
38 26
26 22
30 26
43 12
6 32
12 9
36 28
7 10
13 18
14 21
15 40
1 2
2 34
32 25
10 3
35 48
28 10
19 10
35 11
21 42
45 34
2 30
11 10
39 26
28 3
48 44
44 48
47 47
33 28
22 45
30 8
44 10
18 12
19 4
25 41
48 21
25 1
50 37
13 40
12 40
42 10
35 36
9 34
32 44
13 5
38 43
13 31
4 32
44 24
37 20
14 36
40 40
39 41
27 1
31 38
42 22
49 26
9 8
11 43
