150
-20165.512000 41502.787213
-13804.023000 38898.367022
-25129.005000 29317.571221
-25615.370000 29957.742164

36548.922000 -41590.533822
41964.994000 -37704.067596
48098.152000 -46063.932532
36281.712000 -54050.636351

28003.274000 11901.138594
28165.736000 11598.222063
3866.325000 -980.111896
2601.563000 2662.226438

-17931.886000 -4865.570723
-17859.201000 -4908.511828
-23208.010000 -12876.206148
-23762.893000 -21109.773394

-15496.092000 -42385.102158
-9102.428000 -46888.104247
-29873.988000 -69726.388671
-30372.875000 -78204.879945

-26354.325000 19467.413493
-25463.035000 19110.802576
-25078.834000 10736.070069
-25239.465000 2208.136707

-30701.608000 -17486.379501
-28758.149000 -18712.189889
-30260.924000 -24601.067498
-31148.912000 -32642.719637

21323.843000 7334.217583
23222.395000 8620.952152
25873.851000 3861.119675
23099.945000 -6037.259528

47672.033000 1559.485936
48219.834000 848.534956
29894.791000 -27935.775365
20181.644000 -28963.376076

-50052.553000 -1052.703057
-47614.600000 2926.418441
-37675.951000 -19794.678246
-41575.731000 -19124.586747

47625.654000 57040.503961
53278.276000 54582.816485
32208.004000 28383.853944
28154.737000 28032.762070

45739.693000 -9690.292841
52352.814000 -17785.192544
41375.055000 -38202.469348
25784.696000 -33177.743329

-11965.417000 -2280.655126
-8704.801000 -3262.783713
-13227.322000 -13015.401432
-14145.924000 -21137.865681

-60413.068000 -28050.612104
-51540.749000 -27249.452617
-52755.665000 -36416.366112
-58338.605000 -45764.164618

-34077.247000 21548.133082
-33698.908000 21056.227312
-43553.071000 10171.052708
-44606.952000 5596.042564

-9447.150000 -28514.136263
-1046.059000 -34195.493537
-13576.377000 -49101.118489
-16212.952000 -54605.966143

-7279.339000 37487.602369
-7242.922000 37345.149032
-9236.170000 30285.647151
-20916.329000 22814.852644

14815.410000 63284.413500
27311.658000 59388.494529
-2296.090000 41542.463324
-2393.595000 42141.008317

-41656.380000 -10496.885720
-33773.347000 -12033.407091
-56493.134000 -38562.678618
-58178.500000 -35209.881756

-13297.672000 838.135936
-13201.292000 660.075701
-13047.295000 -1716.222320
-17109.188000 -3551.436595

-26758.584000 -1005.218326
-26147.661000 -1598.992032
-49061.997000 -18491.052126
-49495.808000 -17630.595278

51913.059000 27429.854812
52445.183000 26285.639865
36613.057000 16409.410134
35851.908000 17344.634428

10521.395000 51974.822940
13073.298000 51890.173130
10789.470000 50588.955468
10583.584000 50884.772189

-50062.856000 -33700.918529
-49806.252000 -34333.248505
-54947.722000 -44000.313087
-59389.914000 -49874.447417

-6536.688000 16045.542595
-5837.603000 14948.183807
-6884.044000 -2546.997793
-29516.958000 -11810.003731

-33316.690000 10932.305259
-19384.481000 7326.853417
-26201.446000 -17165.991859
-35873.014000 -23027.289806

-5532.286000 -24397.193556
-1523.277000 -25080.686994
-4295.650000 -34575.916544
-6490.976000 -34099.492392

-3799.065000 27713.975036
478.734000 26880.861676
-7182.490000 11989.236656
-8298.611000 12711.245365

10149.646000 62135.936387
22589.869000 60715.242129
29845.056000 44768.143553
24844.230000 35993.989072

1248.705000 -35637.153438
3406.840000 -33518.852041
21929.746000 -63226.133200
1596.264000 -68040.057355

56257.867000 39098.215871
59712.178000 32531.878467
43467.904000 24935.637054
41618.173000 20619.390314

35230.555000 27036.582544
51280.702000 19391.213302
40396.988000 -11494.233137
23324.346000 -7576.678908

-50657.789000 -2271.375528
-42377.508000 865.799875
-43674.880000 -27936.198294
-47488.444000 -26844.107076

35413.974000 -13701.117740
37630.554000 -14984.845220
37750.074000 -20288.705434
30981.807000 -19668.835480

47937.915000 28059.265244
48130.166000 26881.089669
39455.520000 15959.630123
28454.921000 14565.908463

35334.414000 -6286.849952
42485.668000 -6850.811364
39244.765000 -23284.833818
36639.189000 -23183.319661

30683.490000 -5647.346385
31455.992000 -6322.023867
30663.276000 -9895.686521
27130.633000 -8185.477941

-16788.582000 -36520.252496
-4815.508000 -40908.831441
-9816.189000 -72725.484642
-15558.779000 -81802.075147

-36501.216000 6368.440450
-22997.663000 7872.534747
-20348.961000 -27147.063142
-30691.043000 -35488.964689

-16630.353000 46532.634828
-6729.914000 43897.324150
-20981.395000 37410.164433
-21086.176000 28440.769074

-44569.396000 33420.370393
-44523.825000 33215.781901
-46910.846000 23869.133432
-54890.660000 10694.336176

-65413.809000 -37751.230129
-36646.853000 -42465.801751
-57436.915000 -68379.412510
-63867.122000 -74135.148307

17097.602000 -9743.328033
21456.124000 -18689.421728
-1055.141000 -35225.786246
-5444.651000 -32172.893805

42636.429000 45301.575688
44856.468000 40971.636963
31636.678000 15939.884157
14946.682000 19483.890696

-19054.075000 41699.012134
-18661.724000 41075.746719
-24519.741000 25110.787183
-29149.294000 24524.965700

-28789.724000 -29366.742628
-26017.906000 -30919.448814
-31527.820000 -39347.740133
-32272.322000 -47242.065865

29498.782000 44159.041878
41854.915000 40114.647615
45330.929000 15991.931469
42849.473000 7548.271850

26262.353000 4057.820266
26966.136000 3805.556918
29340.388000 -4313.906620
19255.921000 -1609.384710

-3111.571000 -37990.789048
-3054.302000 -38168.144128
-4763.242000 -45048.474580
-9316.689000 -47052.344283

-25454.669000 27490.939928
-9623.522000 26645.715641
-29266.791000 8429.613134
-30632.762000 10943.174256

-14983.778000 -17780.691726
-14626.447000 -18587.882863
-17457.298000 -22109.505232
-18370.790000 -21915.414761

2950.142000 24127.087276
10022.444000 27716.503649
14997.546000 19161.140836
9276.248000 9569.138328

15421.482000 47526.286895
22142.171000 42762.571144
1156.122000 29396.971982
116.514000 26236.521172

47716.554000 17279.518764
47939.445000 17177.633030
46453.782000 4138.587661
38573.338000 8149.969561

-24649.802000 59317.387138
-22287.150000 59768.839201
-16091.542000 41043.878697
-25945.076000 32346.573459

32006.900000 -17100.384353
33934.339000 -17078.025219
38821.930000 -33864.846293
26027.597000 -32637.333571

5760.585000 41346.127500
5973.222000 40965.571915
-5767.673000 27898.723327
-7341.616000 28706.375653

-49753.531000 13621.232446
-47018.645000 18504.386652
-41666.407000 -9608.560146
-42402.866000 -9146.999103

29101.066000 58680.041228
33912.747000 60040.668021
39832.816000 36372.762593
34649.730000 35307.998742

2536.299000 -46520.610531
7468.474000 -50511.893310
6932.235000 -65144.956479
2769.343000 -68338.588543

-51559.603000 10669.922205
-47505.946000 13298.211650
-43276.570000 -20517.321108
-50337.154000 -17470.436772

14621.977000 -10613.376071
17267.376000 -10462.874227
13505.283000 -13618.103224
13444.513000 -21381.406404

-61371.705000 22627.974944
-48879.214000 28900.518469
-43846.427000 9652.160388
-47661.455000 7443.307235

-16917.093000 118.811376
8451.146000 -2645.752423
-770.506000 -32017.187525
-20793.803000 -24693.078603

-35614.631000 11592.439220
-33881.576000 12222.179324
-32783.485000 497.083768
-34941.389000 916.958541

-54021.258000 -49442.903619
-47475.962000 -44254.378723
-50233.717000 -72406.555838
-53381.871000 -76079.180971

-37814.676000 37761.593166
-33655.235000 34006.927734
-32447.089000 25544.009927
-46826.171000 12981.645253

-57023.765000 39390.758385
-52055.653000 41833.821931
-51810.288000 30087.380805
-54548.148000 21763.872349

58843.796000 -34395.995642
59643.451000 -34999.223901
51961.621000 -38864.965793
51930.987000 -47960.026711

27004.287000 27319.564899
32535.516000 25242.679687
31114.353000 -7460.819524
9493.201000 -2849.123553

24287.100000 54845.794472
27122.523000 53789.729653
7609.813000 30930.920080
6267.081000 33246.771218

-11718.593000 23146.558110
-2416.539000 32331.958278
22106.092000 8022.634728
-5326.449000 98.196082

-58589.746000 56472.824501
-58467.148000 56538.847958
-58279.076000 54432.003160
-58948.540000 54922.593571

47057.266000 41638.299003
73780.227000 33050.233061
41097.807000 16029.764290
38863.788000 21163.863909

39798.928000 -39316.653944
41383.682000 -39017.202636
39115.291000 -44842.556414
38530.882000 -44227.708596

35757.374000 56927.244888
37903.451000 57150.246872
36309.215000 53026.729338
35451.811000 53568.076299

39802.487000 -20368.133745
39885.324000 -20360.024409
39981.954000 -21112.455396
39842.847000 -21124.094934

-24524.978000 -25342.178857
-17386.224000 -31502.845627
-39838.053000 -47211.069249
-41147.484000 -55064.585697

16631.037000 -13855.305666
17215.746000 -14266.941815
17225.238000 -30729.863198
8663.279000 -39098.605315

-26746.501000 15664.726255
-14662.209000 17944.791128
-18527.370000 3380.516569
-26386.956000 -2737.857285

20021.736000 -6241.282254
25680.974000 -14937.351055
-3469.300000 -29988.979794
-4987.792000 -33974.199417

-12262.801000 -14732.017198
-11755.996000 -16371.333229
-12679.959000 -25537.845578
-18814.789000 -31939.653785

-39893.035000 61024.177160
-22058.197000 56975.912793
-31489.449000 37079.532484
-41859.906000 40456.228067

30558.751000 28015.576757
32640.214000 24696.311687
30525.409000 16234.363429
24520.739000 7319.813049

-30524.371000 -21202.444153
-25304.704000 -25165.989754
-34216.102000 -50840.016592
-42088.846000 -50348.477963

411.605000 19818.079499
719.709000 19631.692663
249.897000 17505.142299
-97.382000 17465.540826

-54443.011000 -7602.583260
-43466.707000 -10847.665066
-45263.840000 -26001.294909
-55825.305000 -27044.262454

40085.100000 -2673.941875
50098.030000 -4176.295656
43178.080000 -25607.955811
41081.757000 -25356.298300

-15003.134000 -42980.035311
-14703.530000 -42475.535884
-15780.142000 -53715.208891
-16269.455000 -52151.081037

-41747.445000 11714.372833
-39158.990000 10093.865772
-59774.578000 -12811.176185
-63415.758000 -13060.172322

-10318.991000 -6366.856229
-8939.830000 -8072.468500
-30699.538000 -32296.847635
-34645.941000 -37908.494790

-56183.788000 49638.913073
-52433.921000 49045.705801
-66316.450000 34138.524288
-66941.342000 36117.842519

19652.039000 64764.042498
24244.111000 61142.366422
4604.043000 34774.447568
2016.298000 36279.421202

-29788.733000 -51170.736029
-22055.944000 -53670.614261
-23650.872000 -65023.991025
-29295.672000 -66202.959726

16201.476000 21801.906693
17334.793000 21270.411349
10210.179000 16519.125691
10145.758000 9116.328872

33974.241000 8509.850168
58207.464000 11011.491544
52385.436000 -20163.745630
31271.716000 -10516.579347

-25852.713000 -1487.763284
-25699.364000 -1467.930568
-27144.457000 -16654.645650
-29632.114000 -23040.539147

-22185.244000 12662.929485
-18282.132000 12767.731954
-31373.589000 -1017.522951
-31583.060000 -8941.320813

26463.506000 15421.307937
50863.065000 23862.295147
52812.474000 -5273.400930
25797.528000 3781.253092

17051.713000 -52216.997591
18866.327000 -51995.862779
23512.515000 -63358.544255
15447.291000 -64467.685217

27002.649000 -38724.839765
27250.276000 -39689.906391
23507.569000 -45733.423326
17669.581000 -43965.982352

-2232.567000 37407.384289
13037.991000 33256.021970
-6271.181000 10992.587986
-10204.284000 14964.572425

-39002.913000 59101.445313
-33568.020000 54167.515884
-41795.934000 36972.604639
-48984.358000 38076.918462

25327.523000 -3932.369724
25922.310000 -4277.746246
25354.854000 -7687.306357
23261.813000 -7281.504887

-47080.226000 10135.945172
-46930.091000 9932.105088
-45542.168000 4257.905172
-51026.616000 -2190.731440

28521.892000 5673.800054
28590.985000 5720.500246
29087.914000 3600.475326
28478.636000 -1189.619327

11661.901000 -41532.387407
28399.314000 -41043.219642
24373.318000 -55159.925862
21249.198000 -56047.128851

53073.403000 5563.720275
53189.499000 5550.231471
53358.931000 4915.124295
53114.098000 4802.894890

23636.853000 16667.889165
26406.035000 15768.329006
26361.805000 12156.557860
26075.272000 6490.230308

-6813.672000 -14487.179872
2133.593000 -14117.325637
11142.475000 -46831.598674
5727.469000 -58002.220915

-27883.932000 30900.952749
-24655.013000 31684.122355
-24681.002000 22466.612677
-28526.372000 23787.358031

35932.140000 -20189.234032
38997.932000 -22941.615247
11406.126000 -42031.371785
9668.317000 -43475.272852

-14386.656000 -47511.174752
-10060.757000 -49225.041569
-12037.024000 -60522.641696
-14454.450000 -61010.205804

-22141.193000 -7353.654629
-16668.646000 -4686.496558
-7615.463000 -15979.812900
-17996.182000 -27271.612070

30924.458000 62901.927719
34762.224000 62656.579843
31384.360000 49699.066324
29335.655000 50371.840732

14826.407000 -35836.009380
15590.485000 -35817.296039
12756.087000 -43355.085985
11926.112000 -51157.591522

65391.090000 11619.649831
65425.414000 11518.221453
46364.884000 -1428.354110
42698.063000 3995.698504

4307.030000 59071.416654
8533.025000 58881.395218
3438.223000 33617.500671
-1155.708000 30304.937791

54078.391000 -47070.621428
54641.217000 -47799.652044
54661.562000 -48448.997252
52150.616000 -53910.318485

10532.889000 37588.227011
32209.375000 31374.468497
12459.399000 14317.609589
6525.153000 11176.767877

-37447.076000 -43686.998920
-30070.410000 -39080.020226
-32523.240000 -57377.443732
-38655.294000 -49909.654180

-4510.127000 8120.986482
-3948.220000 7783.884741
-4389.157000 6871.929961
-4945.030000 7039.167444

42420.491000 27628.336776
44303.006000 25412.703581
34757.722000 17764.115935
32892.102000 20362.315187

-29742.610000 -7562.077286
-19399.907000 -9558.672097
-29780.544000 -19474.980043
-31064.544000 -18302.484965

-73934.265000 -25356.001469
-42115.944000 -28993.644021
-43885.843000 -47990.894302
-56871.394000 -55663.872492

-19185.646000 -5887.138682
-19126.697000 -6023.546073
-19296.820000 -6361.942754
-19730.891000 -6206.477337

1128.968000 18583.735342
12065.757000 18707.586047
19404.312000 -6511.494321
1084.733000 -20732.133329

-18939.301000 -21110.573882
-11138.134000 -23242.013570
-14083.666000 -37662.292792
-22221.618000 -43990.506965

47952.726000 2588.197287
70610.120000 785.632762
39743.135000 -21366.330528
39181.985000 -19712.757724

20550.062000 62183.705775
22567.694000 60709.883633
21155.376000 54196.690092
17294.852000 54056.092123

-29210.019000 -45623.968164
-27962.723000 -46496.210700
-29557.647000 -53294.810986
-32007.726000 -61902.967004

-41981.590000 24079.982038
-40466.065000 24796.793080
-45019.009000 5154.280550
-45353.795000 23.947716

-44013.798000 48854.380524
-31163.190000 44865.791835
-29692.180000 14365.556302
-37017.074000 1146.949731

15812.294000 43168.095579
34295.219000 49395.855672
27010.607000 20465.707644
26711.515000 20502.815708

7079.011000 33717.230572
12136.053000 32355.781720
9104.638000 21671.468327
6425.374000 15871.353815

-18486.921000 48274.152267
-16761.970000 45062.986731
-22682.258000 23575.642669
-37739.646000 11268.750927

-56240.703000 231.911756
-49442.730000 -4572.864314
-71347.271000 -17671.494392
-71453.561000 -26840.854254

-24879.166000 -35960.715584
-22919.497000 -38213.466210
-31167.038000 -46059.348047
-34080.418000 -42067.086577

61679.473000 -13310.628289
67895.245000 -15917.248005
64758.277000 -38164.234483
50722.525000 -35220.719088

1455.642000 -20055.840863
10512.728000 -21501.729837
7087.585000 -30352.141404
5173.675000 -39600.655450

66202.137000 4156.452965
66260.120000 4114.381718
43056.847000 -15256.353893
41958.932000 -18041.397502

-67558.114000 28220.784568
-53348.393000 33492.460499
-70648.078000 7886.958623
-72235.812000 12486.329463

-39827.372000 -5656.525014
-39573.743000 -6013.889917
-48879.832000 -14462.022497
-48947.681000 -14406.453038

10200.430000 22456.379275
10711.358000 21957.572905
6224.920000 7249.407436
4560.431000 7037.445146

2013.005000 1832.639277
10561.818000 4689.076259
28355.287000 -22517.330570
15145.205000 -32073.258948

1798.913000 -48657.229803
6340.392000 -52269.527950
4362.350000 -64505.308654
3251.047000 -70539.763447

-47416.045000 36097.323734
-42346.905000 35876.206523
-45160.162000 15873.142671
-47631.566000 6749.421880

-28821.727000 -3981.617224
-28398.337000 -4389.147440
-30974.368000 -9193.803778
-31114.341000 -17706.844488

-64394.471000 -21077.131757
-61680.969000 -16602.965274
-48822.484000 -32870.148551
-59657.099000 -39237.518433

-54956.327000 15074.793860
-54225.550000 16064.710461
-51983.953000 11625.533170
-53036.346000 11587.610267

