150
45916.309000 -10940.162693
45971.196000 -11210.176925
41417.329000 -27359.792763
18608.020000 -30995.149256

55245.592000 -27083.888974
55856.724000 -27897.820084
49710.994000 -38889.358097
45647.860000 -46183.875086

9302.971000 14289.121551
12574.998000 13522.383401
14532.208000 -14337.728500
13505.285000 -14825.783036

3884.076000 38304.544717
8470.406000 38760.346400
7161.545000 33985.119778
4741.077000 34357.775034

7689.424000 -13588.137543
13701.895000 -21801.660043
-6223.637000 -30671.604884
-7686.795000 -28283.421973

-8986.892000 47308.633853
-1254.490000 46512.332446
1384.088000 31129.495313
-4677.836000 27889.482857

55007.285000 -38908.212489
66467.229000 -46886.077068
42772.289000 -65684.138409
39918.609000 -62342.113546

14454.893000 26968.633771
23810.506000 25790.353755
23474.010000 21.819730
15608.567000 -1192.444417

34602.062000 49656.214246
56533.535000 44609.962479
38323.930000 16699.098316
31361.643000 20160.179246

40508.198000 49355.509014
54996.065000 47576.961129
56711.207000 24657.821046
37622.022000 14067.156058

-1511.128000 -9208.912063
8896.626000 -13330.066146
-6344.202000 -32767.691533
-10033.552000 -29779.967615

34559.889000 40836.191520
36722.499000 40558.837973
35438.399000 35818.697054
33051.678000 37225.797262

-4920.014000 23266.922010
4417.620000 29727.901443
3723.432000 8236.140322
3463.292000 3199.584609

-2721.862000 -45985.377330
-1827.270000 -46511.957342
-3682.811000 -47952.230762
-3876.446000 -56515.502558

-50836.849000 -29697.089825
-50463.604000 -29837.571224
-51004.548000 -30746.977164
-51110.695000 -39944.474860

42538.753000 3491.999373
43801.449000 3289.762250
42626.738000 -4565.087635
39549.790000 -3236.167230

58707.629000 -53879.331219
60453.276000 -54654.917572
58318.126000 -62923.687680
56622.827000 -62815.380917

9274.028000 42039.502999
17412.533000 38933.184540
18062.287000 12484.505700
4856.242000 9025.785784

-23156.724000 -1268.664559
-22538.377000 -1768.697500
-26797.344000 -4590.787564
-26902.514000 -4326.761912

-22869.532000 -26261.787336
-22724.420000 -26506.898481
-25883.768000 -30361.233846
-25994.791000 -30326.173753

-31200.820000 37504.093402
-28675.380000 36477.399934
-25441.328000 28498.231388
-33525.407000 16518.064143

45183.116000 58323.702814
59919.370000 55299.918804
51186.087000 42571.561191
42560.345000 42289.689798

-54481.197000 15890.979480
-50187.697000 16378.031905
-54057.282000 -18317.569271
-65261.473000 -15780.767687

2989.871000 -1575.814247
20793.932000 4510.558315
23013.670000 -8293.163537
13524.399000 -21796.993707

51680.529000 -25966.685506
52275.343000 -26145.774904
49250.619000 -52777.882373
35959.384000 -50797.211121

28106.635000 47916.272140
33027.002000 46372.998627
36002.595000 33658.843792
23306.628000 30144.690368

18766.493000 59625.993703
19331.905000 59525.334150
20304.922000 57514.149022
20101.734000 47412.454049

23454.239000 44627.968751
24219.904000 45854.646276
37612.132000 21894.179857
35279.433000 14382.726088

-38712.018000 -24734.229821
-37746.463000 -25442.581644
-40868.466000 -31229.729441
-42322.790000 -30590.140311

59703.113000 52024.551403
61356.388000 51011.387040
57242.130000 38286.837258
51440.669000 40691.057053

-45187.383000 17915.866656
-44667.625000 17708.972829
-49977.945000 9527.798106
-51180.406000 11101.182129

34359.879000 -16023.060530
34589.989000 -16859.091543
27699.370000 -19801.643573
27614.240000 -27281.473267

42628.300000 4938.784659
59402.910000 2537.652348
34253.261000 -26286.401842
32562.102000 -24116.510680

-3232.513000 -2592.476240
5655.080000 -4508.430117
-1553.303000 -8951.667023
-1637.783000 -15306.890748

60973.225000 61784.518810
66904.634000 56882.047928
64826.456000 36352.448103
41619.155000 39036.138073

-39382.541000 10425.072626
-20628.979000 13431.554215
-12834.550000 -18339.475616
-24348.724000 -30426.231670

60071.188000 10670.724392
64865.597000 5536.525110
44742.040000 -16028.694859
42146.156000 -14432.430428

20727.166000 67826.882242
26795.766000 65229.175478
19697.969000 40200.525139
4693.700000 43104.853893

42051.073000 52542.151946
42806.377000 49116.008065
17629.561000 43108.812816
16892.513000 37945.500821

21392.185000 -33813.373820
21840.328000 -34227.300548
17302.206000 -41586.598812
14270.822000 -38481.622813

55803.017000 -21306.988076
55852.922000 -21272.218691
56630.854000 -24934.229737
56168.044000 -31394.657065

-3130.686000 1688.648990
-1697.239000 -264.362907
-15151.929000 -18933.153847
-16508.895000 -18556.447385

32736.019000 -32265.273339
33199.788000 -32547.732913
32760.801000 -46144.708871
31990.545000 -46528.788071

17126.560000 22919.059316
20552.330000 25886.746490
23089.583000 17982.969036
19975.247000 17685.518876

37740.804000 14942.254104
45811.922000 24599.346377
60898.117000 -3901.357397
48838.264000 -5282.836546

30724.429000 -41713.496268
32040.644000 -42756.382199
31391.444000 -68696.647832
15510.995000 -71459.794895

34996.361000 12374.410957
35117.020000 12241.991565
27760.342000 4515.188832
27193.677000 -4333.942858

19742.057000 -13662.613367
23115.671000 -11159.909025
20740.828000 -29397.513955
19348.974000 -34845.096585

-23002.078000 10569.058748
-20607.540000 8564.242017
-22752.162000 1269.886376
-24743.656000 -5945.465843

-14607.675000 -1515.919878
-12255.938000 -2659.570617
-21160.370000 -13378.637558
-21960.201000 -12503.569164

-17086.897000 -44465.600469
-14933.503000 -47384.449737
-25200.630000 -67244.618476
-28659.338000 -77175.378057

-19806.783000 -31619.437596
-11260.861000 -26129.041703
-1992.209000 -63440.133531
-21303.609000 -55498.235652

-52915.738000 48531.006801
-52680.595000 47630.326402
-58572.116000 43415.717179
-58904.572000 43604.676687

-19353.170000 -41754.760026
-15162.581000 -43242.226136
-14602.109000 -47039.598414
-22264.045000 -46697.629304

-50034.062000 68440.778904
-49586.103000 67997.119079
-66384.254000 46129.798791
-68420.133000 39522.279013

56033.199000 -38629.316186
57689.166000 -41408.232401
43889.642000 -50441.518261
41956.914000 -57188.656891

-35640.389000 43356.031556
-26976.378000 46338.649340
-26245.653000 17618.834786
-34279.213000 9723.277869

-7952.736000 -1622.429583
-5629.534000 -932.204523
7980.732000 -26039.630454
-1473.552000 -30371.188469

23819.419000 43884.264485
23955.517000 43158.556766
23195.855000 36786.402870
16874.532000 24682.847817

-40777.562000 51540.885908
-39660.489000 48545.401485
-65279.815000 28025.292859
-68310.703000 20390.437846

10823.795000 -2854.796691
22251.805000 -7445.225550
21759.905000 -25979.874875
674.081000 -24053.247945

-17426.935000 -15271.787288
-16392.568000 -16555.357454
-24370.357000 -33212.752937
-33612.023000 -29114.390159

-7267.257000 57470.202248
-5690.199000 56561.263424
-2559.196000 27193.756985
-6854.709000 16757.319764

23263.740000 30736.946547
47782.903000 24468.856575
25855.330000 -215.171838
21442.460000 2431.869600

-31070.305000 69151.063103
-24643.811000 65811.060388
-23234.158000 50798.034608
-31395.833000 45691.901524

-32209.250000 22725.183136
-27405.490000 18770.213013
-43151.751000 4436.149220
-43486.677000 4720.024189

51943.526000 40007.380599
57110.043000 40243.837807
48171.280000 13458.327784
46901.681000 14256.385411

25356.905000 -21230.578554
34408.559000 -27947.642859
8239.741000 -54977.698941
7932.716000 -64743.105538

29728.817000 -47555.363238
34189.144000 -45346.835432
37375.476000 -63882.506681
34180.007000 -63811.383713

-45801.336000 -21132.669859
-37584.679000 -29428.025951
-39892.594000 -37135.367316
-50867.841000 -49666.079123

13884.077000 48615.479469
16259.279000 50923.072655
18399.759000 38257.640503
15373.107000 39676.887554

36645.593000 47708.668319
53371.679000 53549.067415
54473.399000 19856.891471
53254.959000 19571.598395

-20441.911000 -36570.258918
-15495.673000 -37382.415998
-25939.195000 -67676.420853
-31612.677000 -72846.855791

41941.714000 -36176.582295
44563.964000 -40798.741057
43454.874000 -45965.967737
32942.613000 -55992.551870

-36019.519000 -40323.723796
-16105.484000 -52753.726032
-22057.269000 -67308.061799
-37581.049000 -75167.209729

592.997000 -36080.622426
2553.964000 -36604.915468
2189.883000 -37844.417109
2116.679000 -37902.654034

13277.228000 -15895.894857
13334.936000 -15862.154680
13991.586000 -16628.620458
13573.781000 -16846.967864

19610.745000 -38319.765948
34122.546000 -37367.436741
14572.685000 -52601.128072
14246.294000 -50945.464129

41204.655000 -17863.767583
46206.022000 -11662.287036
54689.484000 -38558.389880
40188.101000 -35971.309511

-48412.207000 -31702.786379
-45774.530000 -28108.137135
-33098.703000 -51650.580493
-44267.949000 -58126.857384

13028.445000 19385.137017
20568.259000 17537.955024
-5708.386000 -9128.044436
-6925.529000 -15781.433852

-31904.156000 6583.077330
-27742.604000 13053.003988
-29074.727000 -8740.981457
-30197.095000 -7213.365886

6744.281000 -46775.543652
6931.253000 -47135.540098
4351.567000 -48276.351297
4196.769000 -57516.198229

66177.411000 35476.317055
66507.890000 35227.835299
56387.807000 1527.098825
47234.074000 -3195.533593

-44227.462000 10564.081256
-37846.487000 14083.591942
-31988.507000 -20675.276365
-36947.161000 -20155.791045

-54315.150000 -22603.000103
-51846.367000 -23094.439648
-49079.031000 -32796.543213
-55324.962000 -35405.166311

32278.058000 41879.237979
33486.278000 44127.293340
42663.379000 29100.524053
36602.617000 22429.931303

-57828.385000 -11478.211249
-57491.242000 -10878.574831
-47979.085000 -19862.930584
-55725.691000 -27956.515999

46536.963000 59691.715185
53839.956000 63619.828864
50374.070000 46140.331220
48158.764000 39483.289087

-34294.840000 -19419.848865
-34079.447000 -19576.797002
-34632.138000 -20371.601265
-34903.629000 -20157.412740

1931.308000 76336.466916
3907.151000 75219.015872
-11945.581000 39328.253498
-12206.458000 29442.546516

-20027.829000 25072.910936
-16848.652000 21652.472187
-31249.340000 10217.174629
-32599.593000 11700.359271

-19284.330000 -32676.517510
-11347.808000 -29886.351467
-22183.215000 -52670.358963
-23694.018000 -50159.931784

6469.540000 -41084.197613
25788.915000 -42690.831227
-1459.956000 -57777.462187
-1491.252000 -57552.689268

38679.940000 411.963142
39900.429000 506.699420
40683.167000 -11025.385812
35636.621000 -9407.538658

55967.939000 -7790.901733
60564.398000 -10515.458852
58069.491000 -32179.557979
54753.772000 -38759.754441

15466.759000 1346.593473
26460.018000 4672.778006
25076.113000 -15498.924623
24570.233000 -15565.826764

14542.627000 69393.717200
24558.015000 65333.778332
21097.648000 35988.568938
5961.098000 35711.913020

-14570.477000 36262.836856
-14063.542000 36490.731195
-6956.890000 29262.907092
-11363.785000 16410.002550

-38635.888000 44588.932910
-31040.494000 46670.434775
-29722.623000 35393.527615
-38516.973000 29362.329656

22148.303000 -2721.918369
22909.751000 -2702.329013
21195.162000 -25459.561490
13832.189000 -21207.966442

42739.884000 27138.673829
42776.804000 27057.743622
41436.467000 24667.510171
41014.156000 24657.352614

8282.300000 6365.979232
10504.773000 4370.218943
1278.032000 -24512.912628
-12867.797000 -27565.527658

37959.332000 -20854.148452
38308.303000 -22229.650844
35728.810000 -33698.212030
21546.514000 -49045.924725

47729.064000 -39713.664517
71717.706000 -39621.365943
71388.471000 -68887.543407
68555.725000 -70728.329735

-62034.473000 -17681.464774
-57643.762000 -13377.240360
-56121.052000 -43236.265926
-58017.998000 -42044.050415

-175.856000 -19843.845498
69.912000 -19720.750804
-147.398000 -22353.472848
-450.428000 -28538.868921

-33490.317000 50825.390120
-25995.916000 53580.684275
-32962.179000 47029.682673
-33248.315000 40188.498824

-53371.840000 -30089.129122
-52745.296000 -29753.844378
-52841.183000 -35190.996321
-53506.551000 -34794.309873

-33892.847000 -44796.054556
-32850.008000 -45963.947125
-59188.562000 -57321.543805
-59257.206000 -56744.902619

18778.356000 2289.769576
19646.642000 1390.594353
8175.614000 -16718.535630
1272.503000 -17363.845870

49917.435000 37351.217205
50124.916000 36747.953716
41247.508000 29603.086898
39353.356000 31185.882841

25150.262000 31877.035307
26567.723000 31149.140108
21366.516000 14447.708226
20387.288000 5279.643904

-22129.118000 37990.215878
-21213.856000 36563.676482
-31098.984000 23149.271638
-38296.978000 20186.119027

38621.142000 8993.981389
51325.485000 9094.585691
40535.298000 -17630.502520
38798.268000 -24542.987117

-33557.099000 45323.100258
-21544.893000 39425.708540
-45414.944000 12047.942345
-45870.801000 12372.218760

-42262.900000 57365.142520
-30651.461000 50677.935157
-31902.555000 31662.929726
-35380.646000 20068.489469

38640.007000 -23703.220378
53063.450000 -15204.243555
58480.023000 -50820.865354
53336.126000 -51371.822423

33386.931000 36970.226831
41608.834000 32948.652581
29432.541000 22431.938339
28974.963000 17647.883830

24474.217000 -38438.426618
24589.211000 -38583.283588
23815.945000 -39108.622048
23751.926000 -48775.921946

52119.166000 9719.503960
52854.009000 10158.568620
57125.306000 -3503.023524
49315.069000 1401.053864

-14118.588000 14242.356962
-492.340000 8962.499163
662.376000 -8501.469315
-21661.688000 -19100.192973

36362.763000 2248.158086
36440.310000 2147.632683
35611.097000 1749.993442
35580.953000 -5927.389289

-16316.692000 20217.047813
-15001.851000 20638.869297
-12910.741000 13700.618662
-15352.272000 13399.253504

-12222.362000 9250.486431
-11627.082000 9208.886675
-9482.780000 3677.995856
-13534.402000 -4785.998816

32939.781000 -24144.727493
36922.810000 -23095.140109
38331.256000 -30232.437083
37032.693000 -30910.501046

65001.455000 13961.458723
65220.587000 12730.871331
62108.468000 -714.320521
33865.633000 -10965.129189

-17495.828000 -25790.821491
-16503.547000 -26575.422856
-46338.500000 -48684.946201
-47475.690000 -50345.020186

-47578.057000 -2290.987075
-38934.605000 -4172.655802
-43051.744000 -23523.652817
-50995.689000 -22198.429213

20485.908000 -6640.631105
24059.665000 -5287.386098
26968.605000 -16485.010805
18857.710000 -13652.583282

32185.548000 -21010.181132
34883.734000 -23914.879654
20044.049000 -38189.558594
19494.911000 -46761.079766

539.688000 62160.294801
3676.719000 63172.970233
-3751.745000 50373.132961
-3985.906000 42020.072208

-58500.108000 7501.228531
-54826.265000 6879.574483
-59645.933000 464.522032
-60461.185000 -8117.075448

-39767.192000 -25048.415337
-26017.049000 -31994.332842
-26459.665000 -56265.087014
-34664.069000 -68369.723514

36023.705000 -33875.955137
46787.100000 -37753.997636
42987.921000 -48169.511834
38179.826000 -48842.818531

-21669.588000 9234.026424
-19026.650000 8173.999996
-38988.381000 -22702.883668
-40992.139000 -20781.392968

-34121.260000 -47361.094574
-33856.067000 -47547.761310
-33112.690000 -66331.581855
-48395.015000 -66526.243502

7621.233000 67270.229502
10851.009000 61436.810017
4516.064000 50212.330224
2413.672000 44444.922009

24692.827000 -864.555318
24952.133000 -1085.844669
1662.116000 -18588.357183
287.096000 -13033.849591

30979.444000 935.032782
31776.174000 -844.224497
16272.689000 -9636.703651
15352.199000 -13980.699866

52755.399000 -47074.733436
60788.233000 -50970.213411
49687.390000 -69273.071744
45533.911000 -72679.890135

-25268.055000 12981.740643
-24571.741000 12342.795094
-24537.097000 11620.552938
-25334.506000 10864.139140

-27442.675000 30992.151271
-22852.594000 25452.920711
-39256.071000 17104.107236
-40193.352000 8947.285439

24352.333000 -36537.481637
25587.627000 -36492.913557
25498.356000 -41599.936910
25176.204000 -41634.445462

43362.129000 -15195.600502
45370.212000 -14926.153908
45293.537000 -23413.342215
43294.356000 -23109.186839

-19635.030000 17575.716379
-16524.893000 14641.919172
-23646.712000 7689.743435
-26220.937000 10179.584893

52313.554000 52186.373466
53114.531000 51307.996521
44420.717000 43851.910972
43275.063000 45504.577191

-2007.773000 -37893.235456
2817.252000 -41498.403855
-9316.446000 -63760.635361
-13373.440000 -62553.502935

42198.676000 30754.869900
51083.122000 25204.018183
26233.853000 -3434.077935
17872.068000 10864.487398

21677.831000 4581.699738
24635.800000 2564.723382
24154.138000 -9041.564833
14050.982000 -9720.229165

