150
-145.599000 -37590.291478
5062.142000 -46930.193689
1923.894000 -59672.788710
-8797.604000 -71389.634169

7181.690000 -24904.406985
8381.317000 -25806.273640
5442.874000 -31409.099963
3048.838000 -30055.771051

37859.537000 -39656.669454
38141.092000 -39692.027615
37842.626000 -40489.312472
37670.890000 -40399.471274

-38674.818000 -10074.536338
-23861.376000 -8466.566165
-27494.904000 -21899.346443
-37431.067000 -27002.765303

34386.350000 7724.809252
40950.312000 3410.230368
34657.009000 -11510.895582
29089.442000 -10988.993020

20403.822000 40107.582200
21810.863000 40080.199932
32325.629000 17522.506456
22816.507000 5515.298244

51308.701000 54953.177021
51698.826000 55031.842387
51435.659000 54072.843111
51215.281000 44883.617998

-34415.797000 3004.101597
-33008.005000 803.807021
-58086.807000 -24684.792059
-61670.323000 -31862.155644

20121.592000 13181.986180
23240.324000 10930.665530
-1748.131000 -5084.837881
-1934.554000 -13847.486543

8990.577000 -39238.459339
9078.132000 -39333.573756
2458.204000 -46580.127305
1125.067000 -45075.129774

41403.034000 -42134.441747
41825.269000 -42229.399245
46138.404000 -52080.568677
39285.074000 -55633.434314

48078.138000 -51343.581426
48477.572000 -51317.328567
49487.179000 -53524.653855
49070.574000 -53900.211490

3626.476000 -26418.498329
19709.944000 -23711.455426
14599.406000 -51355.405432
11130.005000 -51163.912911

15374.386000 25694.059366
16298.969000 23031.989747
13458.124000 10663.844727
6537.440000 159.013820

26646.232000 -6259.301825
29063.080000 -5993.818289
46826.122000 -29959.552838
19849.569000 -39014.088963

65727.615000 -16910.789350
72410.318000 -27145.768517
64124.472000 -45890.761541
54004.991000 -48120.259855

44333.692000 25954.268532
45804.202000 24343.585850
38388.665000 10286.320234
30813.399000 14766.454863

6515.303000 -51455.056926
15394.636000 -50375.029992
8802.887000 -68521.439042
8684.674000 -68479.259744

-13423.418000 29581.438210
-7862.046000 29925.579199
-16622.212000 15667.314153
-17163.326000 16332.454095

-53865.356000 41488.674478
-49838.295000 42465.472410
-44454.503000 32431.462657
-46250.742000 30366.658696

-11373.359000 23399.589422
-9724.922000 21171.051578
-24388.589000 4080.047874
-27215.729000 -3803.552133

15143.528000 58166.095256
17735.068000 55893.590838
4788.046000 30812.738676
-1707.234000 26920.050024

-15060.202000 -20882.140860
-14724.036000 -20973.579175
-15767.180000 -22390.407295
-15901.194000 -29331.240427

45388.114000 49772.993334
56742.500000 50455.110054
44558.680000 12737.050024
32811.921000 26706.074491

-27960.968000 19141.746909
-17333.272000 20912.954987
-10106.802000 -7561.231570
-29639.889000 -7982.883578

43987.459000 -51636.868046
47191.629000 -52203.740444
49191.552000 -66636.030481
48334.041000 -67204.092101

22682.005000 70450.476527
29182.065000 67356.485653
29845.051000 49715.298317
18492.225000 46057.080949

28231.752000 47068.935612
44103.687000 39458.461805
25718.594000 16992.691524
22521.320000 13084.882623

33206.924000 69447.978676
38288.309000 68090.265761
27704.516000 50501.902699
23689.624000 55282.051428

38428.159000 38074.059437
50821.706000 44679.113085
47624.998000 6075.514901
42555.301000 8424.943888

35538.572000 -34753.470877
38550.161000 -35532.477682
33131.346000 -41105.972140
32969.630000 -40896.081933

16543.282000 60643.726302
18371.473000 58985.637941
14301.448000 56694.999755
14033.066000 57056.439514

66857.441000 -19623.358284
71971.821000 -24545.141475
58898.707000 -49743.032945
46672.539000 -44721.801455

1105.267000 12756.281519
19730.026000 25999.412074
7074.523000 -8245.824532
4304.781000 -12769.929194

33512.277000 -55191.053773
36934.540000 -55887.362911
34541.795000 -63527.148399
32083.925000 -72432.962062

27309.674000 52093.602231
30961.678000 53699.653512
27600.761000 38427.744741
26944.058000 38936.064971

-27283.179000 62799.573343
-25712.677000 62475.476718
-19896.395000 50720.866446
-29431.691000 44964.819171

-59000.563000 51531.885001
-53254.381000 53112.168310
-61350.314000 39771.408975
-61603.862000 31944.059191

-61069.954000 -34933.417934
-43726.953000 -33767.238535
-49277.218000 -60913.345541
-59392.117000 -58875.015883

-49713.058000 65145.532580
-44440.596000 64033.205458
-58362.039000 28960.574774
-63468.391000 32201.008913

46769.623000 5157.320636
53109.584000 3323.350132
44148.441000 -27067.823460
42922.634000 -26914.381570

-38532.486000 -23706.757884
-18030.909000 -29952.149134
-45826.935000 -42781.207474
-46463.601000 -50057.111986

-37932.213000 18662.869841
-36333.425000 19449.298686
-37332.414000 9158.156874
-37380.386000 3159.100420

-43294.160000 50139.043638
-43193.197000 50142.956165
-42900.937000 49298.156305
-43115.743000 39928.466501

18806.198000 -10598.893499
29524.226000 -12512.510974
13219.802000 -29501.603162
12495.211000 -38257.184434

51318.525000 5736.530922
52862.627000 5313.033045
49731.511000 -28479.607699
42157.811000 -35889.877569

-34495.507000 -59070.167187
-33622.181000 -58634.789679
-33602.645000 -60995.763276
-34667.902000 -70152.223615

36082.035000 57516.088015
37675.629000 50757.535726
25251.398000 35388.803799
24206.797000 25753.286673

543.569000 48475.764206
11059.825000 42303.121357
2297.582000 10291.609341
319.570000 3977.044704

-60318.667000 -32305.530767
-57497.297000 -32741.544124
-58544.430000 -38619.243415
-60503.799000 -46417.733113

-18709.873000 54476.596599
-16459.822000 48998.347125
-49436.611000 39504.272074
-50392.762000 38231.634841

-35290.166000 52139.707199
-35110.131000 51962.262489
-44099.871000 45581.196412
-44163.843000 35828.142447

-33258.514000 6790.621223
-33185.477000 6680.547691
-48775.753000 -7035.282330
-51204.833000 -4017.764926

7390.487000 21044.256505
9810.010000 20037.615949
7609.890000 5328.782838
773.387000 6599.537446

1256.602000 -35578.206800
8804.918000 -30786.129891
933.530000 -50347.711287
-596.568000 -47304.168064

29361.759000 38294.524728
31371.520000 39162.128970
29225.228000 29148.672902
27230.183000 26711.564162

16687.091000 -42513.850384
24850.263000 -43790.888248
27900.088000 -63179.438980
7917.419000 -60158.017269

48997.616000 42249.168317
51781.068000 41784.971068
41145.235000 4128.270497
28709.049000 16253.305847

-22011.058000 64355.419495
-20673.518000 64140.654547
-18914.446000 53668.132269
-22412.916000 43215.813247

-2406.683000 -16463.508977
-2017.867000 -16354.857493
11116.443000 -40829.927008
-12025.883000 -34327.710051

13754.172000 25582.812411
17066.981000 25258.343193
26778.166000 6976.952598
12304.874000 -1553.321980

-51882.034000 62457.672732
-50304.506000 62137.169170
-53624.452000 56826.774499
-54733.689000 58482.770336

16085.512000 -36663.163742
17909.663000 -34459.473209
25417.605000 -41453.972721
16154.946000 -41057.627422

-1667.124000 -7143.672044
4150.871000 -5631.317377
-6746.816000 -21497.626311
-7194.221000 -20108.879493

31696.874000 55236.616156
33080.658000 54277.742485
26429.652000 43982.771977
25841.978000 36489.546562

-25544.524000 45153.684392
-22979.163000 44024.946640
-19274.249000 23342.558632
-41427.282000 25048.211558

53225.803000 19353.418640
62257.969000 24264.001441
63761.004000 13930.691002
57197.387000 6774.416067

1774.028000 18756.988166
2697.647000 17985.152878
-3980.472000 3968.525190
-9633.249000 -1626.305665

-47206.189000 -17170.278561
-44643.665000 -19094.318530
-58964.948000 -31663.173837
-59528.692000 -30894.383410

-24901.477000 -43160.725590
-17419.654000 -37566.005964
-13086.603000 -51886.780526
-23498.867000 -50274.780597

6702.877000 32992.700419
8926.735000 30407.638414
4908.234000 25900.645541
2478.499000 27228.861998

-19817.592000 22035.462963
-16936.948000 19649.013098
-20296.415000 -5312.370115
-34248.188000 -12871.606853

-34908.218000 -23416.993501
-23765.771000 -35165.734667
-40367.818000 -53925.521034
-47257.215000 -56777.917477

54036.653000 -10802.179742
54137.744000 -10828.668738
53797.420000 -11950.670171
53582.457000 -11847.311151

52726.586000 59484.077445
59808.773000 56723.091962
57764.428000 38831.089640
47963.299000 29201.330144

-22442.739000 -12978.906587
-9159.596000 -15514.959927
-5959.521000 -35133.897713
-20392.759000 -48266.843510

-17086.087000 -32533.100606
-14970.921000 -34134.877606
-19975.092000 -47116.310123
-24899.381000 -50883.346565

43129.353000 56621.690133
47237.357000 52870.695679
44337.835000 42971.639427
38039.831000 33923.362721

-40902.390000 -14936.952842
-38300.506000 -20496.371564
-41830.375000 -30432.849908
-59542.013000 -33397.613999

-59928.015000 -19573.385210
-55670.301000 -17470.795026
-40267.928000 -36096.638114
-56687.691000 -42513.881736

37701.101000 18254.883817
38230.704000 17411.691874
21904.853000 3840.690552
19368.262000 317.902735

13062.925000 -7927.983862
15221.838000 -9183.200848
11461.147000 -18638.999686
8172.996000 -26396.242530

47405.685000 -51171.662433
47964.070000 -51173.055852
47902.403000 -51916.302345
47415.295000 -51883.720201

-3421.972000 -25787.681630
450.757000 -28227.508744
-12482.639000 -44474.269509
-13200.544000 -43979.575335

12690.181000 -40668.102335
13865.379000 -40733.064933
22977.261000 -72096.529124
597.006000 -71226.219566

49387.244000 55875.676437
57213.531000 49605.045096
40414.713000 38732.633510
37773.305000 43714.528681

-48594.520000 -3965.991890
-46953.870000 -5274.536309
-47976.370000 -11517.494705
-48845.155000 -21173.365875

17997.333000 -14726.969624
18259.944000 -15498.248357
1228.865000 -33934.693184
-794.911000 -33322.301384

-52345.823000 30204.901460
-47095.893000 29515.035368
-58482.127000 6371.342000
-64092.844000 14579.766766

28777.456000 3073.228096
33635.188000 6846.101614
46067.523000 -25704.900463
31449.758000 -30497.130588

8139.789000 -21325.938353
9904.968000 -22107.488399
8436.026000 -41752.544086
-2047.443000 -40119.303575

17146.388000 61212.734048
17229.062000 60723.948307
9743.921000 48838.778986
7761.454000 48419.791328

19094.328000 -23671.993885
37549.908000 -30864.287947
14586.632000 -48974.323500
11952.818000 -46032.710730

-26326.518000 61841.860125
-25193.668000 61501.135712
-30203.691000 55845.247723
-30740.348000 57195.535835

28043.293000 -52428.261239
28665.562000 -53902.621506
19869.157000 -74071.113002
18182.816000 -83714.146204

-11538.949000 41030.264951
-8912.237000 35151.625507
-19968.138000 18139.769100
-33863.963000 22491.740524

-5235.027000 19090.076712
-5062.564000 18251.599431
-22056.488000 9023.708842
-22206.302000 612.409372

8567.457000 34902.734021
9119.734000 34758.294388
2083.293000 882.248602
-9780.542000 8161.873546

34543.050000 57217.479412
34839.286000 56791.729134
27227.837000 40356.364151
26286.344000 30931.157592

58786.546000 58556.388528
63529.361000 54986.333390
59490.631000 34127.197218
53397.694000 32574.774973

5822.560000 52072.286124
13347.817000 51885.992819
4625.301000 17647.358613
1755.622000 18681.563377

-36913.945000 67240.791174
-36289.551000 67098.539245
-50535.327000 32590.551699
-51395.310000 33140.689598

-2116.142000 59553.307039
414.301000 57533.042817
941.971000 54093.731397
-4751.802000 45574.732869

28312.163000 43693.153758
29558.781000 42040.124816
27637.880000 38739.702709
24824.928000 39655.908006

-34676.859000 18824.919640
-9290.606000 22223.624394
-17792.390000 -10620.102968
-26254.514000 -17950.420652

-21404.582000 58052.997142
-12353.745000 47514.454802
-26574.878000 22559.272663
-46218.878000 30726.708496

-17413.358000 21546.026146
-13722.440000 16721.353794
-22837.088000 2449.874432
-26464.048000 -6681.474983

50821.155000 16655.747309
50874.671000 16237.942013
46242.543000 7251.015658
34613.459000 407.303126

-17461.484000 54985.341058
-16254.465000 55155.958436
-18520.927000 33589.692950
-19510.478000 27620.182301

-9453.965000 -30920.352850
-8616.824000 -31446.622119
-16286.976000 -64005.035432
-23564.357000 -63423.698306

51106.870000 51323.560236
55771.966000 52765.761974
60013.225000 37877.785506
54617.910000 36708.273313

60585.975000 -20793.483081
61798.361000 -21666.054782
59779.685000 -33535.354939
58035.347000 -43390.179256

60797.205000 -28893.227335
61892.099000 -29200.643062
59144.016000 -39245.826449
56068.978000 -43308.025975

-15924.646000 -25764.861649
-15371.545000 -25463.526346
-14550.748000 -30694.083156
-14660.461000 -30684.000078

-30700.338000 65053.859350
-10629.416000 65933.845694
-13037.958000 36740.453467
-28189.853000 32269.683321

13653.970000 51443.290511
15628.325000 51687.196903
17481.226000 46952.374876
12253.051000 47382.642741

49055.797000 -12958.220699
70497.207000 -18502.981418
59449.909000 -49996.244803
40786.120000 -43147.846930

-30947.074000 -48872.622317
-24518.427000 -48136.414533
-25538.929000 -58882.746458
-26094.866000 -65685.284079

-5080.213000 23933.463299
-3010.999000 18937.519724
-28878.548000 7603.799471
-29989.158000 893.564459

-26900.844000 -34455.065252
-26483.519000 -34774.312807
-27681.423000 -40567.137334
-30655.966000 -40172.011171

5598.144000 57128.667118
7846.336000 55495.063578
7638.352000 27458.806774
-20094.614000 26670.533964

27660.038000 45281.158647
29193.011000 44998.689198
29251.059000 43897.580417
28631.116000 43370.070520

57001.018000 -47126.120985
57054.781000 -47122.840202
57141.853000 -47422.055119
57097.702000 -47447.033981

-61340.594000 -32782.347181
-35011.737000 -35873.565567
-46156.807000 -67329.092554
-59137.016000 -65288.236801

-2588.857000 -31803.274809
-2062.349000 -31742.495629
-2213.711000 -32359.935863
-2481.036000 -37320.671615

52247.565000 43290.072562
54670.836000 44294.637106
57423.310000 37143.617207
52769.990000 27301.649750

39450.900000 726.209249
43927.242000 -2254.153329
11429.572000 -18734.344999
11393.395000 -18292.144623

39884.426000 49181.405257
40672.021000 48471.072600
33543.762000 37157.520973
28776.573000 34742.610808

-26939.299000 -32012.420700
-11362.308000 -26254.257386
-28373.120000 -45404.041945
-28828.011000 -52303.978917

-38342.495000 -21937.162894
-36919.688000 -24166.041994
-36891.847000 -41568.307732
-42902.282000 -53458.688209

-39746.266000 -50490.907533
-29449.662000 -51317.233836
-35634.378000 -61876.241484
-38894.135000 -67023.218349

38039.873000 -48036.172129
38193.019000 -48071.458922
37209.824000 -49896.088310
36980.753000 -49633.616142

-45260.922000 -36735.926777
-44810.538000 -36999.392381
-45799.065000 -38939.338062
-46566.435000 -38409.253072

-15014.876000 18023.383959
-14082.204000 18304.997668
-13324.245000 15135.605267
-14620.956000 15041.005300

45908.023000 34923.795954
46627.504000 34403.674467
45188.880000 33067.169547
44809.828000 25874.125068

14493.791000 31151.269279
15803.215000 26841.048446
4524.526000 10877.048202
-1853.826000 5811.363780

-43739.871000 -17564.557764
-22771.696000 -18497.370588
-42705.775000 -51043.233640
-44319.393000 -58440.115041

46697.818000 58505.814586
46874.389000 58275.628730
46502.468000 56594.050145
45587.961000 56394.531739

-61341.485000 -36801.849971
-51077.116000 -26406.412418
-55598.286000 -54569.011235
-58658.856000 -51592.366768

-32348.181000 17571.579660
-31179.479000 17218.591180
-33337.216000 15889.159742
-33368.095000 16000.909806

-8143.806000 41877.692492
-7918.849000 41151.535530
-11344.607000 38547.776450
-12720.735000 40143.221301

659.993000 52647.281746
6673.841000 48487.755437
-3289.441000 26518.768616
-8118.667000 18930.772518

55367.744000 18609.335461
56611.249000 17886.831518
35148.082000 -14901.602742
32345.950000 -17968.097868

31215.567000 27315.568047
33216.943000 27278.389559
32401.568000 22133.008179
31184.273000 14104.562883

10133.952000 29378.648583
13095.485000 28199.016839
9423.387000 11418.035482
1145.345000 14814.127144

-19281.588000 -31400.307658
-19157.533000 -32026.151537
-46609.886000 -50695.179314
-51919.643000 -45680.429681

-32786.445000 -14774.231437
-21454.063000 -9967.293571
-28126.975000 -38404.880722
-34565.531000 -37649.840068

16288.528000 40447.856901
16918.168000 40095.471648
16914.013000 31795.791863
13509.802000 31023.813486

33110.948000 16112.215136
38412.755000 16613.015306
33387.605000 3514.541017
31327.785000 -2410.857333

-16946.290000 55619.266526
-648.970000 61602.731108
9953.127000 36513.572798
-13945.860000 32269.537250

