150
23200.051000 -23771.725420
35076.928000 -16346.166095
26430.686000 -37211.244396
25431.590000 -42568.863464

1696.628000 11309.768612
9706.931000 15972.456937
2271.050000 -9380.130272
-1359.211000 -3528.156375

1283.259000 46623.036912
1918.500000 46531.565797
4031.021000 31797.228325
613.557000 24243.101467

-44746.792000 63827.736166
-40151.954000 64909.743059
-35610.341000 54514.919985
-43488.247000 52178.894350

59641.622000 -13579.669009
61105.499000 -19208.630119
48819.878000 -37707.270497
37322.719000 -45505.183392

-7262.955000 15859.215372
-5586.861000 16349.199233
-9400.254000 8711.976696
-10013.136000 5057.710224

-54568.289000 58337.815234
-43281.424000 58182.227743
-42516.303000 50888.692316
-53029.859000 42254.515365

-29587.344000 13187.359303
-26680.328000 11192.767645
-27685.020000 5566.773534
-30250.602000 4638.363339

-31126.738000 26914.613794
-24013.055000 25408.072907
-44101.455000 -3942.490729
-48219.251000 -6201.828360

13878.829000 -45149.037208
31596.040000 -38958.263096
18831.528000 -60716.451682
15641.021000 -57866.821521

-40595.947000 12409.847634
-39430.488000 11048.600533
-43846.693000 1477.623150
-46785.543000 -7618.121188

-27214.883000 17794.252272
-14483.437000 12420.733195
-16781.705000 -9432.515416
-24775.141000 -18569.725395

18801.824000 2687.441011
31575.618000 6548.748073
42047.620000 -13699.238833
36778.916000 -28959.013574

-8711.831000 -8746.184066
-1787.241000 -7803.376725
-8484.347000 -13306.742701
-8557.616000 -13196.643327

-9774.594000 -36482.829944
-4653.854000 -33576.778846
4956.796000 -51277.774716
-9690.516000 -51087.095186

-19121.788000 -12163.723226
-19077.583000 -12374.033176
-21401.059000 -13238.145490
-21552.987000 -12925.710103

-37190.914000 56918.364401
-28451.546000 58555.392802
-37565.246000 51868.939817
-37689.368000 45803.432746

-11335.977000 -6202.797480
1968.051000 -14788.440962
-10050.163000 -41960.108460
-29668.753000 -41537.451118

-40683.769000 -17846.942947
-38649.815000 -20462.105535
-46540.981000 -39861.436548
-50851.721000 -45463.071864

49088.278000 49779.292966
49186.167000 49624.084696
47918.432000 48640.934721
47776.690000 48796.104169

48984.988000 47315.166889
53676.153000 43384.571859
47899.735000 13916.531338
23174.060000 10796.285746

40221.443000 47352.890025
41762.729000 47571.389660
31516.484000 12627.888468
28047.883000 8087.226393

-20823.057000 -22903.599402
-20164.835000 -24598.304984
-33367.873000 -41752.853539
-38499.432000 -40475.313657

-8394.744000 14977.214243
-6593.260000 11515.358277
-35169.234000 -9199.055409
-40966.612000 -610.861103

-54648.405000 -22042.484444
-46940.515000 -26335.436705
-56298.542000 -42276.086461
-60089.820000 -48187.963771

29610.871000 16385.630477
29801.635000 16320.210170
25088.414000 -10263.807927
11973.868000 196.158161

-39856.799000 -17488.459491
-39577.263000 -17805.295099
-47403.185000 -45809.804492
-65001.774000 -47016.164238

42053.544000 61023.799047
42099.010000 61078.728161
41280.118000 57981.701093
41244.719000 50720.439536

18708.826000 -12497.749390
19777.012000 -12694.279047
21315.272000 -20757.959922
15010.447000 -20302.903535

38120.510000 -11785.352671
42414.836000 -11018.347332
43223.859000 -15600.854024
40040.760000 -22305.029171

35317.927000 -13837.326443
35397.657000 -13927.289818
35356.038000 -14061.565335
35276.855000 -22755.767839

39926.735000 26279.397124
41389.319000 25393.913051
42471.708000 18045.840116
37635.484000 7493.333888

-52971.725000 56504.805505
-52054.421000 58375.802198
-33638.825000 43255.846611
-47481.206000 41575.360568

40381.288000 -54984.771175
40476.718000 -55109.796878
39499.788000 -56330.685252
39443.032000 -56308.501229

9333.393000 40975.568609
10537.684000 41997.143181
8894.599000 32599.549167
8337.076000 33484.913984

15310.879000 19151.904617
18295.497000 17297.499564
5950.822000 11359.447543
5892.959000 12161.351004

8997.451000 10975.465455
9146.108000 10980.998856
10640.065000 7798.226426
8207.184000 -1752.241106

-70400.015000 4014.388134
-57430.716000 11168.134019
-47844.379000 -17598.640442
-55709.762000 -27453.464356

48669.825000 4851.829374
52169.162000 -2325.583014
25817.203000 -24020.666905
16875.105000 -15360.288148

36450.344000 37853.559025
44558.643000 38118.036106
51257.931000 13304.610324
28987.677000 15271.087666

17869.991000 -10424.196333
23217.553000 -14635.636827
7677.024000 -46684.091007
-9166.436000 -40636.211540

49053.341000 -15756.877921
55386.930000 -15241.989145
60851.522000 -42490.763752
53604.291000 -52193.350525

-16606.373000 -19047.694392
-2584.305000 -18006.160184
-3350.796000 -24557.905898
-4646.651000 -26036.961951

-47546.341000 29737.542059
-43425.507000 32012.556340
-47804.696000 20962.090269
-48109.047000 13777.811019

48748.258000 55449.100615
50849.173000 55384.814815
49223.914000 53775.147617
48821.437000 46426.417701

64788.408000 52939.306733
64958.636000 52711.044251
64846.901000 33122.201346
35789.742000 32777.218844

-12093.422000 10943.993747
-10234.202000 11757.044084
-11341.330000 5018.518151
-12780.826000 -428.913246

-62592.082000 49119.644527
-39842.250000 51248.836078
-42386.238000 25839.243627
-57480.579000 25532.740109

-16713.846000 -8664.508817
-15286.831000 -10633.271571
-19278.381000 -13182.369100
-20019.888000 -17758.416832

15590.611000 19615.870037
15668.011000 18880.842225
6934.789000 4968.344987
-6994.078000 2167.362071

62307.886000 -41128.779197
64327.671000 -42032.465538
57903.240000 -68991.550646
47371.056000 -64841.452791

-25097.509000 52013.021287
-21773.781000 51726.113997
-19345.233000 45125.730386
-23620.410000 42268.735033

10500.952000 11814.034264
10919.277000 11893.221690
7524.818000 1782.560204
6216.791000 3837.031309

14429.005000 40020.886688
17670.651000 37642.489865
9630.325000 30867.164031
8543.269000 26632.381186

-44874.179000 61414.256484
-32247.220000 52552.823301
-40715.684000 30300.012363
-58694.914000 26374.431125

-60763.956000 28441.933831
-44183.064000 27653.821403
-62296.267000 20749.621775
-62417.585000 12829.171230

22580.179000 -31618.964177
29026.786000 -33855.931745
13878.125000 -66214.058640
3222.907000 -55618.750396

-3982.975000 17119.484820
-3700.211000 16069.719117
-7578.222000 13916.210407
-8291.030000 14663.197296

-42001.694000 -7415.512855
-40447.401000 -9444.385754
-50628.252000 -28164.174121
-62484.963000 -20095.553643

-48111.852000 39560.644253
-45785.711000 38648.729573
-54104.872000 20390.839566
-57918.851000 15618.905291

49696.486000 35704.605579
51441.121000 34835.721355
41647.164000 26065.758378
41106.682000 21061.616273

28962.097000 29551.024756
43773.023000 40379.433977
28194.113000 22930.625714
28125.844000 24094.987315

-10086.439000 60367.775542
-2171.419000 57664.847501
-15161.945000 38749.805393
-19504.437000 36343.477100

30389.648000 -41526.283820
30803.785000 -41939.246755
25769.240000 -62753.289908
25018.913000 -72076.567578

-60508.083000 16678.516115
-55721.177000 17008.653040
-58426.965000 9961.287867
-60107.260000 1373.988895

-2002.106000 6884.556596
4297.957000 4632.667327
-3738.696000 -5848.641302
-7411.732000 -8075.041318

179.519000 44829.202260
7567.866000 34675.764950
-11049.523000 15937.529572
-14492.475000 17105.992124

39471.611000 -8781.817152
40908.181000 -9180.780333
31537.327000 -18896.029792
31427.778000 -24262.063734

-55738.879000 -42127.179555
-41728.359000 -40529.866563
-52139.332000 -53642.419264
-56226.850000 -48931.183212

38479.808000 65783.634978
41050.007000 64401.646727
19653.347000 31945.993540
12081.415000 42062.478439

-3051.922000 -33772.747944
3927.354000 -33703.404513
8027.297000 -68393.302695
-4559.078000 -69215.212161

-44629.009000 1196.217852
-43962.441000 671.214359
-43656.800000 -8542.827795
-49666.636000 -10323.563566

20898.481000 -47444.529819
23832.705000 -46829.922763
30077.962000 -67181.301936
14604.976000 -62187.454171

3364.876000 49209.645834
4283.815000 49748.412675
7384.188000 42358.427658
4196.864000 37128.253701

-47985.454000 10011.272430
-32916.384000 1757.524419
-53768.889000 -9491.431296
-56113.167000 -5270.845034

-8613.419000 -46571.272926
-7537.561000 -48574.753533
-10400.959000 -55945.241386
-14889.494000 -66373.687736

23329.749000 26819.335745
25603.267000 25694.864999
20979.585000 18990.483430
19694.477000 14813.063878

1107.050000 55475.151108
1711.985000 55664.537189
6680.489000 24165.857875
-2939.439000 18227.745855

38362.135000 26344.243953
39516.837000 26416.010935
33350.087000 14799.334763
32430.537000 16590.363177

53945.006000 30712.250221
54291.541000 28646.728246
23757.090000 14196.378767
21690.330000 16726.551579

6748.395000 8370.730646
10559.388000 8474.554434
13408.857000 -760.782881
3192.419000 -8645.983183

-9472.666000 -33160.556078
-3172.923000 -41396.887519
-29754.389000 -53556.373383
-31742.820000 -48618.830169

10637.509000 67324.945845
11297.875000 67084.723310
6336.140000 50347.675097
-74.262000 47796.530570

49164.800000 18908.454618
49239.846000 18664.764869
32828.047000 9568.705667
32009.931000 10629.420395

-28331.995000 21937.603778
-25532.962000 22384.679218
-28662.006000 3996.304912
-30076.308000 -928.440639

41540.496000 29713.455417
45873.944000 31237.844502
57491.540000 -4906.385529
36464.105000 -9376.368290

-33298.251000 55685.241772
-21907.823000 53091.565329
-19573.302000 40552.911388
-35394.842000 27357.033213

-18921.658000 29644.905546
-16219.023000 29959.967814
-20745.418000 21433.803227
-20889.715000 21596.057149

-23348.166000 72153.814056
-15269.418000 69696.901012
-33458.332000 37200.443423
-37603.642000 40256.848876

-10965.712000 -15348.913282
-10796.471000 -15393.470291
-10095.729000 -20602.295072
-12114.128000 -28848.242582

-49682.658000 -14574.635033
-39682.902000 -15018.737082
-41158.280000 -41558.433468
-53656.282000 -39416.051119

24665.403000 -30069.506424
35596.198000 -35810.107722
16308.157000 -63261.193739
5672.539000 -50365.667766

-36878.712000 -38706.427063
-31037.974000 -40996.523296
-40670.218000 -61956.861022
-48698.823000 -55642.848400

-15319.030000 10906.355626
3544.416000 21580.621388
-10869.792000 -10300.795553
-15757.663000 -11995.067875

28325.119000 61739.365302
29949.789000 58658.268047
27688.440000 51741.823850
18761.540000 46286.208827

49507.507000 27789.695033
49705.845000 27835.371247
45014.514000 8214.160761
42572.395000 2781.856331

-21009.744000 -38279.449554
-14063.770000 -36707.729416
-162.573000 -58651.734646
-2428.619000 -68101.805779

-46047.637000 -33091.867193
-37930.912000 -34252.066685
-43024.892000 -48899.941803
-43709.056000 -54029.759541

-26975.137000 -45746.893346
-16353.123000 -37097.164988
-14017.370000 -57353.203377
-24221.331000 -62503.653039

-48920.035000 13226.601566
-48055.615000 14077.445189
-48944.472000 12343.217153
-48979.919000 12488.894081

-786.423000 -26328.499627
2865.834000 -27591.826268
-98.147000 -41365.764884
-4404.918000 -47979.400152

-20748.957000 -43937.187930
-17853.577000 -44556.522441
-19184.578000 -49222.054368
-19560.628000 -58965.542503

-18628.892000 -41844.444785
-18417.816000 -43094.929225
-33868.170000 -62690.676855
-51938.334000 -58811.814830

-21403.700000 -42467.281106
-19786.746000 -40633.289596
-20872.954000 -45239.374586
-21127.737000 -44871.160844

-55225.070000 4425.842866
-49813.292000 4597.337401
-51585.064000 -22965.885169
-63803.470000 -25134.262905

-39190.678000 38130.793750
-38915.812000 37962.740836
-40640.002000 33826.508570
-40909.617000 28381.002685

19576.947000 4072.946660
29893.737000 2252.238267
19739.614000 -10622.365877
15398.500000 -4717.435922

17821.544000 67364.170713
27192.622000 71859.882516
35133.436000 50523.775825
23829.804000 48099.160900

-55329.730000 11872.878983
-53149.595000 12862.363336
-37233.432000 -5984.600026
-41076.889000 -10324.771036

5932.952000 12234.444870
6006.844000 12018.324896
2181.193000 1244.159144
-3162.620000 -8669.416490

-28652.259000 -9637.977260
-28171.512000 -9805.458876
-28588.599000 -42622.748280
-49605.384000 -34075.211277

21807.504000 -51483.719668
21918.063000 -51750.821838
20626.828000 -54905.498592
19361.741000 -55166.748646

-1877.838000 -15404.401871
-543.325000 -15342.995888
-1121.112000 -31902.919083
-7505.546000 -28531.325651

-35477.677000 14983.684789
-35427.718000 14952.225456
-36004.295000 11782.738557
-36829.019000 4685.597063

-44986.262000 -36710.074302
-44833.505000 -36672.723538
-36027.588000 -57340.929775
-47613.599000 -63427.803929

-38507.963000 -24479.727019
-35171.884000 -26551.515149
-35695.422000 -28189.150104
-36332.956000 -36559.830488

7268.417000 61418.606938
7778.673000 60376.350149
-7611.923000 48960.774931
-8431.618000 49720.622701

-54184.407000 48018.234286
-50147.947000 49069.197470
-52728.026000 35690.806183
-53130.401000 35841.747913

70207.811000 -41179.396775
70425.046000 -41785.615751
61998.985000 -61674.024978
58576.952000 -68486.830041

14317.968000 -40570.428493
14544.124000 -40310.818843
15419.344000 -56542.245095
13797.073000 -54743.184307

25402.670000 -14127.617301
36229.794000 -12313.598625
27060.713000 -36172.344369
26374.530000 -42696.006246

66093.888000 -18471.962586
67121.541000 -19560.505343
50916.906000 -48657.103654
48271.162000 -48018.743855

44634.432000 -18934.338108
44774.696000 -18889.172447
45286.461000 -21181.748718
44265.174000 -27458.685570

-56528.386000 -41936.588153
-31959.613000 -45099.455121
-36911.360000 -76084.713287
-58568.012000 -83315.697505

19991.085000 54977.958563
20605.423000 53231.568825
19587.028000 50208.875069
13869.158000 40922.214326

54903.969000 -19186.311990
55308.005000 -19157.657009
57741.441000 -53222.236591
47729.651000 -50967.549957

-33159.261000 32440.053453
-31374.673000 31756.388295
-32669.887000 23900.395559
-36889.103000 25043.685029

6028.651000 -36349.644754
10113.898000 -38370.967300
14918.886000 -64562.676192
4039.162000 -71765.422005

8768.503000 -46080.504678
9068.154000 -46366.012614
8917.595000 -46976.260343
8782.084000 -53636.253782

23349.762000 5153.028304
26299.329000 3866.010862
23027.050000 -11507.019658
22811.905000 -17369.841613

53947.089000 -41061.165858
58734.938000 -41250.374757
54699.691000 -46127.060868
54351.608000 -45904.716711

29091.255000 -44668.573872
32682.312000 -41958.017327
41948.346000 -67274.122059
37327.881000 -75140.296382

-2235.345000 -28426.272164
6841.372000 -36000.777643
-2074.570000 -48777.839170
-7721.025000 -47684.108410

-30824.675000 -18577.074441
-21264.502000 -31737.859021
-52822.231000 -48579.812826
-54720.781000 -46431.396268

-457.062000 21500.772776
1380.853000 20970.471017
-195.338000 8749.489667
-4874.446000 9728.976094

-28063.211000 27510.491232
-28019.944000 27507.291379
-26050.385000 22616.380277
-27887.011000 15796.563613

-47183.877000 34145.749772
-46652.246000 34325.451533
-46399.490000 30621.407815
-47331.882000 25692.500344

-25376.878000 10524.455886
-24834.454000 11205.898977
-14245.443000 -12202.632876
-22353.775000 -9482.099449

-7031.502000 -24332.117989
-6636.160000 -24926.727164
-7760.401000 -27818.901739
-10704.477000 -26460.200046

-8208.461000 -369.671525
-7715.330000 -781.015889
-16722.089000 -12199.114829
-16961.929000 -12029.099774

46203.670000 45152.589867
47542.194000 45059.431092
54361.297000 11332.147335
46487.666000 9094.825306

2641.389000 -46810.252395
6091.329000 -46227.084648
5762.577000 -60961.245807
4447.393000 -60879.474032

-8468.927000 -4251.371942
-3809.659000 -5838.839404
-18802.593000 -34213.016969
-19149.041000 -42288.774196

27024.494000 51658.328825
32073.088000 53768.148045
32010.318000 23439.951921
30165.826000 23980.146651

14645.245000 60216.388536
18920.417000 58179.350845
17187.324000 46573.996386
13766.100000 45752.308457

29022.873000 65124.357504
29196.516000 65065.733244
19642.863000 54162.369959
19217.401000 49611.691964

-51823.379000 62863.694265
-42773.509000 61679.460538
-43821.754000 26589.192472
-52640.564000 16997.597329

-22670.277000 3406.938749
540.195000 3795.941483
-21901.641000 -9383.477434
-22450.003000 -8453.591924

40613.936000 -38520.575219
42003.857000 -38242.261294
56689.376000 -71702.904968
28681.070000 -66336.955471

24969.416000 48456.523579
25014.986000 48261.526024
23854.554000 47042.061584
23319.315000 47240.537782

