150
41935.296000 51283.575719
42553.185000 51160.711102
42078.534000 49438.011076
41790.759000 42024.281416

49759.707000 30179.775698
62118.910000 27960.060088
50927.475000 12601.243662
45463.821000 9081.378369

4977.406000 22459.268769
5468.678000 21873.669871
6611.857000 8559.479601
-1568.963000 2437.801615

-53176.241000 53681.334622
-49502.385000 49798.437183
-54201.817000 34713.585704
-60169.177000 24895.196888

-5209.109000 -44355.479868
-4560.377000 -44845.786753
-6277.717000 -46602.090360
-6676.574000 -46190.043095

22654.544000 50214.661924
26327.683000 48401.580835
24772.547000 42010.576989
18695.312000 34650.579390

-41983.897000 17964.721452
-40547.803000 16774.896686
-62192.516000 -8039.495669
-67237.253000 -926.007685

28098.912000 -11627.907226
30500.006000 -14819.173979
15274.842000 -43917.563945
10429.964000 -43622.317509

-47556.173000 -41011.594846
-43667.736000 -40861.715689
-51341.825000 -64858.941960
-52388.777000 -64212.143228

36059.821000 29526.225409
41553.973000 21649.513563
13276.804000 4974.012888
9233.662000 12631.378331

-44866.727000 35700.634595
-40519.568000 33883.873942
-43549.664000 30059.014869
-43793.752000 20264.932510

-32636.641000 -7561.161337
-31916.322000 -10658.308366
-40637.485000 -23100.182888
-50508.682000 -21234.454421

-57240.455000 52042.108515
-56914.257000 51537.946809
-58679.072000 50903.331845
-58759.079000 41326.644810

11524.402000 27606.184486
14499.115000 25683.734832
4682.183000 12794.953174
1667.614000 7688.719849

25324.631000 60972.105975
28076.030000 59543.690421
27553.838000 50225.103073
26700.060000 49708.218921

38970.172000 675.042825
39336.501000 411.601520
39998.933000 -12171.822853
31953.812000 -23465.279469

6279.913000 -35417.263954
10530.511000 -39656.578472
-9660.806000 -70815.205243
-19676.658000 -65253.702827

-73239.894000 51412.702577
-67654.640000 55772.838830
-48233.680000 23377.503473
-60811.017000 10317.175196

-35187.670000 -50528.019194
-33102.727000 -51254.672580
-37413.696000 -60931.100068
-40947.409000 -63979.863696

58968.494000 7027.681606
59329.690000 6769.656241
59092.823000 2097.946623
54670.493000 -5294.550605

-59689.276000 -47823.041724
-52412.358000 -44346.950715
-38298.093000 -63449.456657
-47317.680000 -70809.783549

-36576.511000 25486.628040
-23829.021000 20130.992775
-24205.964000 -791.596615
-40848.958000 -4862.069770

-38226.263000 26491.927354
-35352.130000 24244.669455
-39681.835000 19102.885439
-41627.254000 20257.606084

25810.796000 -27317.808118
32495.405000 -33964.980748
23702.258000 -42703.728337
17679.561000 -38109.909260

-38516.681000 54227.216453
-38079.636000 53051.155234
-47365.420000 45173.269040
-49348.667000 38030.773958

48184.767000 29869.076777
48454.262000 29479.156530
44291.316000 26384.740626
43744.389000 27239.781209

46164.551000 -43518.327971
46980.037000 -43702.408595
45578.965000 -49090.705456
45534.847000 -55043.261597

43034.634000 -7358.888026
54865.170000 -3326.643769
72422.729000 -32705.569423
57348.423000 -42871.491533

-58533.596000 4614.680748
-58332.091000 4599.065615
-58520.361000 4278.857604
-58624.336000 4397.013218

57194.478000 -29584.587901
60441.095000 -32559.259422
52371.333000 -50624.338684
49566.798000 -50547.562307

51965.238000 -49731.375284
56938.433000 -46842.990942
56925.497000 -65442.111486
55500.506000 -65002.286060

-10031.091000 39199.446735
12487.734000 29217.531645
-17713.973000 16944.054827
-19464.071000 17357.898753

-36139.586000 -38138.798484
-22245.956000 -29926.445930
-20233.024000 -65683.987635
-38760.943000 -56234.271848

-42870.426000 44713.529990
-35072.380000 33577.246967
-58445.416000 13269.788120
-61278.579000 14619.263809

-35574.049000 28689.736848
-24421.204000 22398.677972
-40996.664000 6210.993883
-43536.581000 324.223704

-13536.874000 24729.140219
-11224.725000 26046.426508
-13576.912000 9227.729592
-16853.347000 8024.075654

8966.307000 -17431.872942
9400.546000 -18069.428078
8315.806000 -21201.956708
5811.614000 -26456.456783

-9533.155000 64449.929856
-5209.973000 64998.494584
-9918.828000 39673.634449
-18192.912000 48177.933448

-26816.421000 41067.342471
-26222.001000 41165.512587
-25885.627000 39638.122023
-26781.844000 34420.719319

16354.689000 11603.312699
31178.668000 16904.564586
35400.722000 -18681.488877
13743.595000 -11013.496507

-17900.504000 55151.043093
-15687.126000 50498.864888
-21177.855000 34115.875176
-40219.313000 27931.199363

-11625.613000 -16539.964461
2228.358000 -10116.827326
-9181.327000 -31219.994747
-11832.555000 -37216.381205

-43500.206000 -35910.528522
-14252.083000 -37635.229411
-21688.534000 -66661.373530
-46281.498000 -58691.511822

-464.184000 -15975.614002
460.461000 -17714.286311
-21795.819000 -30962.072210
-22656.535000 -29710.244493

-25933.616000 56656.220971
-25553.953000 56114.276011
-33682.948000 45684.721839
-36857.476000 47825.617119

-20093.709000 -39155.000161
-20061.680000 -39267.595867
-22358.284000 -43018.507424
-22575.545000 -43057.553451

-23790.931000 -42065.791307
-21932.366000 -41696.004256
-24079.985000 -68580.304931
-26353.400000 -67683.301305

-51194.101000 56690.259464
-43605.790000 59242.232845
-48276.185000 38481.949828
-51137.045000 31766.571188

19061.809000 -17742.089721
21055.748000 -18146.044317
17419.423000 -55511.466796
10865.793000 -54754.115144

38120.408000 24087.999381
40962.352000 25557.362098
41715.916000 19308.251693
41394.390000 19230.950872

-45159.242000 -36052.986750
-38705.171000 -34852.521152
-42886.996000 -41235.540565
-43309.960000 -41051.926847

49182.894000 65211.771294
55590.843000 61431.151852
53545.577000 49651.873180
53278.551000 40065.035494

-25211.134000 -33152.759780
-14995.739000 -35264.255755
-26486.673000 -47136.152999
-27399.573000 -54090.226327

34704.511000 59514.610590
39550.443000 59423.686793
40425.450000 28838.546169
38061.817000 19507.016441

-32512.899000 42055.065371
-22759.707000 45709.085338
-19301.644000 7351.183989
-37494.467000 10651.098155

27137.088000 24423.267676
29090.251000 25744.185496
30242.527000 22370.148738
27354.249000 16104.717949

13849.872000 -9042.439809
16469.951000 -12721.436639
12598.994000 -26546.928932
2619.289000 -37899.962994

-8114.570000 -35263.269768
-464.724000 -40415.673092
-8447.536000 -53052.498669
-9586.570000 -52991.488192

36258.363000 -55719.474034
36606.173000 -55535.168293
39376.787000 -60915.048606
37486.696000 -61307.381528

-23022.308000 66455.693876
-19240.722000 64764.673203
-15843.432000 51832.799422
-29672.965000 46756.229867

-25067.608000 42477.117827
-19312.146000 38792.341760
-26910.621000 8909.155182
-33043.345000 957.226428

58065.980000 34860.100592
58606.135000 34015.366568
47598.639000 22310.659746
43584.076000 26404.104931

43373.165000 -32446.272488
47624.894000 -35757.205331
29904.319000 -52165.969109
28438.585000 -59528.912253

-34875.140000 -59187.349948
-34488.876000 -59076.716028
-34756.576000 -59635.800542
-34868.158000 -59540.713123

4001.021000 -43409.919587
4145.061000 -44458.671383
-2699.887000 -60791.433150
-7793.965000 -71907.808033

11461.216000 -13813.849096
39696.453000 -16743.723978
14321.190000 -40571.544803
9846.195000 -36092.904306

12005.618000 -11671.875595
12065.701000 -11858.506804
4568.605000 -32337.442528
-17833.698000 -29611.586143

2918.205000 62145.900514
4149.978000 61716.394654
7570.852000 51787.922976
2378.401000 48008.748130

-30677.117000 -19746.418259
-17790.599000 -17202.352592
-28959.908000 -32178.910069
-29351.385000 -31831.067959

6041.190000 -32661.072772
6712.734000 -32982.996671
7342.182000 -36348.552912
4127.491000 -37077.639427

8548.810000 -5300.873745
14889.688000 -8570.649450
-5794.490000 -39755.500177
-6196.251000 -47158.421093

-45825.799000 61307.918601
-39977.949000 61371.104866
-41004.208000 52631.046556
-46830.294000 47851.827909

42601.528000 -45153.854727
53449.944000 -42867.315568
58780.474000 -65859.083720
49772.877000 -77919.798898

-2538.747000 60160.918220
-2373.198000 60156.836990
-2383.197000 59183.318289
-2705.011000 59236.430344

-31385.977000 9865.168248
-17443.507000 16943.773910
-18308.226000 -6925.803596
-26011.028000 -10874.755673

10715.138000 43452.433256
18413.175000 43794.913804
10706.885000 26363.663104
7359.798000 29130.968416

22959.412000 23018.558613
27443.155000 20437.845591
14523.720000 -7814.457222
6482.934000 -3866.100624

-38565.930000 11164.158712
-22549.372000 6601.486406
-43993.931000 -19622.175373
-47849.668000 -23732.111564

51760.268000 72101.046124
54463.810000 69129.500568
50537.437000 44081.956737
25045.103000 48412.938179

-44664.333000 57365.987891
-37338.274000 57908.168137
-42978.213000 29837.456872
-48344.167000 32217.309841

58203.427000 19919.938814
61388.791000 19664.047757
60354.780000 10771.447922
57229.549000 11235.040543

-19568.479000 -25219.683697
-16588.294000 -26539.373998
-19299.269000 -30341.596641
-21024.465000 -34996.941240

25794.433000 -29722.530744
36737.055000 -34343.253257
29654.584000 -45941.570148
26832.673000 -55186.582418

40829.878000 2222.849597
41194.669000 773.831909
30858.627000 -3918.413635
29994.771000 -2664.527735

46490.337000 38281.459114
46953.824000 37918.340993
44428.206000 31663.817575
42017.370000 24863.076191

-53409.120000 -25393.787356
-52129.948000 -24776.427458
-47164.730000 -36389.217158
-51411.411000 -44148.741139

59253.497000 54806.833991
74304.073000 45881.812251
42707.092000 28091.074877
42429.647000 19944.089366

-32124.539000 13755.547429
-10024.758000 -2019.419733
-30793.224000 -20712.476026
-36515.148000 -26687.217567

-52175.219000 60566.587571
-50549.179000 61609.642918
-45694.926000 47312.700232
-48490.189000 40504.045428

8926.618000 -31149.158335
13751.415000 -35874.340260
4540.550000 -49366.705759
2348.102000 -55178.166899

22163.901000 -413.900085
23863.175000 -1057.784021
22503.714000 -4251.769486
22080.263000 -4225.420184

52087.200000 -3384.433736
59340.389000 -2364.347836
60562.375000 -23702.513219
59829.091000 -23911.891927

47873.243000 7566.642343
48478.298000 6098.753021
43692.079000 -2294.017140
39896.263000 -10298.714194

162.720000 -15792.509345
20468.787000 -16858.835845
2977.831000 -41663.154482
-4685.027000 -33237.765248

-32494.465000 35929.504897
-29025.200000 35528.204318
-37107.538000 8397.116873
-39132.643000 9298.199722

19673.458000 -34895.861599
43079.117000 -29536.655094
47939.424000 -47213.283071
24943.163000 -54480.451006

23227.942000 -2203.829361
25327.690000 -6424.142778
12770.772000 -20414.777415
5078.784000 -24959.744596

38492.778000 57442.484432
48270.941000 51267.293115
37059.303000 20886.356917
37019.869000 12192.608635

6345.991000 -7448.042052
12230.034000 -8418.143155
-127.409000 -42421.319251
-4346.046000 -40108.130834

22570.472000 -35820.353624
23035.261000 -36914.081004
21762.054000 -38638.552391
20401.109000 -38413.902527

29736.390000 -15122.825440
31186.357000 -16735.351436
30124.945000 -24672.238192
26701.674000 -26283.854545

30383.839000 -9607.605896
41835.489000 -7465.226359
30960.683000 -32986.744228
30688.252000 -32810.340214

-29828.035000 -47239.023472
-28289.302000 -49859.339356
-37189.449000 -63646.868845
-39505.325000 -63482.882771

40436.548000 -48095.804248
41291.943000 -49664.499812
35119.787000 -57453.223578
30993.653000 -54985.398459

20475.052000 -14157.943641
26219.019000 -10042.739486
32721.122000 -29039.847297
20881.499000 -25923.541495

-20528.996000 9248.629327
-7104.538000 13061.916714
-8801.692000 -4476.859290
-15816.648000 -4219.596347

-37891.480000 -17996.397671
-34844.077000 -17917.820173
-34542.466000 -24424.806031
-39147.871000 -23466.067120

55051.088000 10269.738149
60332.099000 12065.038536
54868.887000 1599.193671
53550.143000 3835.389624

24709.753000 37433.817368
27612.701000 37150.716843
15103.039000 19229.454731
14212.560000 15388.685034

-45609.611000 -16339.314126
-31703.346000 -22462.922045
-45756.420000 -45222.242298
-56272.658000 -38127.823493

-11589.457000 -21556.978794
-985.717000 -25226.330315
-12722.121000 -29688.613789
-12934.662000 -38048.611028

-23844.781000 -53200.255759
-22858.918000 -53060.419040
-22201.380000 -56255.635289
-23805.133000 -56375.399775

38595.182000 -9060.834221
43739.804000 -12584.245539
46501.172000 -37975.854877
40076.126000 -52935.023022

-47535.684000 17414.244465
-38841.353000 16191.469964
-39340.350000 -11354.658995
-50466.367000 -20844.226680

-19691.467000 7198.691338
-17277.463000 7298.499678
-15005.133000 -18285.024013
-19020.866000 -24190.799269

48546.487000 52724.894839
49443.812000 50796.180380
40203.183000 39546.904453
33664.545000 43909.246114

46374.820000 -15968.643616
65932.005000 -8851.102670
47410.009000 -28542.697776
46784.879000 -27405.976697

12491.288000 64789.998153
17234.975000 63951.515096
10614.186000 46708.228428
8869.150000 47440.834337

22633.808000 -6938.773446
22829.984000 -7064.431216
24338.888000 -15653.025696
22724.962000 -17164.167060

17676.106000 36332.660085
20223.178000 33422.520377
6911.806000 22770.026380
5899.737000 23809.475823

1018.831000 -37639.029416
2471.297000 -38049.939775
-974.765000 -41284.156022
-1066.759000 -41111.049576

-55837.279000 50853.607855
-53549.705000 50385.672547
-52994.802000 43855.952278
-53522.760000 38138.284666

44214.820000 26148.144954
50323.892000 31418.042889
59214.460000 19725.362893
46810.082000 17014.508329

-62572.874000 709.681909
-58935.918000 4321.200440
-55202.285000 -12665.690218
-62826.491000 -7489.248181

54681.084000 16629.932454
60107.467000 18141.583903
64030.966000 4519.946666
56092.110000 3590.464488

5559.799000 12215.545693
8824.676000 10953.926273
11203.442000 -11125.544338
-1212.288000 -22315.019810

-47182.418000 54525.714210
-22076.575000 53641.751785
-50249.795000 33307.499141
-51697.771000 36607.174274

-58437.006000 32908.569940
-42773.885000 35257.745440
-38411.967000 11488.944905
-51410.768000 625.926698

-34170.247000 -49978.821844
-31596.651000 -52794.739661
-39133.821000 -56284.340247
-39187.872000 -66175.810921

17502.968000 55624.879731
32008.104000 45971.127079
8218.117000 17796.118342
1489.017000 22000.576242

-47532.926000 65398.116305
-35863.396000 52528.085737
-67821.443000 31552.329988
-74116.987000 34537.866284

-43152.807000 19634.473493
-39928.325000 18413.061971
-58584.010000 -710.813611
-59046.676000 -7653.345153

25700.822000 -12558.909333
29970.284000 -13061.880253
18650.261000 -39092.542274
15192.571000 -36104.235404

34561.901000 -27677.210195
37208.186000 -26021.800650
40000.162000 -36220.202798
38532.046000 -36418.903436

19314.444000 -14077.490716
20645.029000 -12502.041563
23691.800000 -34096.318323
18179.743000 -28320.099384

35645.821000 19132.901565
36811.623000 18456.860553
36089.587000 16832.832328
34818.504000 17230.205685

6727.997000 17933.015327
15623.396000 5662.865997
-9037.056000 -12400.423720
-10027.708000 -18645.466436

44422.794000 45509.043804
45209.816000 45928.437407
47998.367000 40298.698714
43610.080000 41277.516307

-42461.541000 58690.881248
-42282.227000 58282.761245
-46300.881000 47026.311430
-46744.136000 38212.177042

30639.713000 19848.205320
54137.892000 17641.482414
59521.864000 1474.847406
50697.277000 -20584.183210

11680.973000 -29290.373135
12286.568000 -29982.270673
12279.954000 -31788.321654
12026.164000 -37426.061202

-13555.870000 -22482.157473
-13222.012000 -22591.295424
-13065.390000 -23228.373973
-14043.756000 -32585.995119

-12529.667000 -26473.630819
-10969.683000 -29894.859210
-11302.671000 -39162.836407
-38705.956000 -36093.812598

34781.444000 19541.939366
43380.716000 21070.186182
32753.886000 4200.017909
31368.881000 -2513.574677

31020.192000 -17299.500116
31054.468000 -17623.194782
28015.154000 -19951.450115
26842.830000 -27252.269565

44149.530000 16639.968409
46582.680000 17124.999433
49185.791000 5022.031514
42808.301000 -3330.109579

-37257.589000 -2667.019014
-26862.201000 -1611.079099
-26540.327000 -18080.417853
-31860.109000 -27408.368645

-42895.831000 3587.266090
-34196.173000 -2974.647518
-56721.642000 -16930.505184
-58988.356000 -11061.914351

-44966.619000 43255.391684
-44444.547000 42045.328563
-46971.048000 35584.815195
-51092.884000 25359.884870

-12809.204000 -763.898199
-12688.313000 -1167.314616
-15070.812000 -5844.950159
-20051.819000 -10318.711259

