150
6647.258000 19671.190851
15697.547000 20939.150131
4885.890000 1094.915054
3579.332000 -4843.732801

4919.859000 -1677.095673
6252.922000 -1672.644480
7958.580000 -17289.277200
556.236000 -15839.251960

-7064.715000 16832.974542
-1214.224000 11016.271959
-5887.948000 5219.770342
-8841.270000 -2436.070477

8202.032000 56713.822909
14984.460000 58639.636766
10347.376000 28136.694385
1999.871000 35304.352541

-39886.843000 907.131592
-39577.782000 478.079837
-50225.187000 -15608.659852
-52582.217000 -20406.032586

36956.277000 5049.688257
40698.395000 639.319537
39411.524000 -10618.871548
35057.988000 -13954.742502

33675.513000 23111.536186
33926.133000 22708.984490
30227.197000 17353.945257
27137.558000 20158.979788

40894.239000 24244.070417
48507.965000 19377.801986
37786.783000 10294.474541
36654.622000 11087.346400

21825.811000 43923.788634
24518.057000 44864.296708
18377.647000 25990.969148
18037.077000 16983.319877

25976.402000 50497.213297
34696.718000 54480.025677
30849.891000 42068.341919
26818.096000 44732.892525

42409.003000 -26369.076096
43255.996000 -26616.043619
43829.292000 -42879.908508
43691.549000 -42937.530219

-10660.590000 -19770.833149
-10575.777000 -19898.197331
-11429.334000 -20735.810069
-11628.808000 -20570.523868

3420.150000 -39512.534702
4858.121000 -43396.635092
-22517.163000 -55942.272974
-23828.113000 -59124.888179

-41807.873000 35720.107155
-41603.937000 34467.261286
-70798.702000 25312.067387
-71593.131000 27066.097495

4291.398000 46263.468720
7843.600000 45266.666134
1713.373000 36098.888913
184.176000 27799.311882

14060.663000 8479.052522
14584.021000 7282.279605
-10736.870000 -13684.442444
-10961.915000 -13540.260265

-17940.150000 -46615.172123
-17595.154000 -46825.199767
-17835.873000 -47414.124686
-18333.109000 -47168.670622

35639.811000 -46583.136713
42580.101000 -47608.686681
42364.319000 -59689.607480
40006.916000 -69432.892968

35612.743000 39811.455395
57061.802000 50377.401463
36945.624000 24508.282061
34582.294000 31403.794159

-17267.041000 -55402.945364
-14189.874000 -51888.165628
-15373.109000 -59865.768103
-17151.875000 -63397.423848

-12953.876000 53882.834631
-10783.525000 49779.684033
-30888.367000 31429.129537
-34725.757000 27285.086226

-32958.218000 -52502.605090
-30453.952000 -56248.543519
-44497.534000 -64609.345918
-44534.465000 -73330.009488

40702.170000 -45017.064910
44937.674000 -51803.771885
14664.886000 -70942.641953
13342.642000 -79307.130263

-38534.338000 16574.919732
-36316.275000 15178.822008
-35129.795000 -3806.809967
-48937.236000 -6649.701506

-63292.460000 47141.308955
-42464.785000 46111.976936
-58724.542000 14635.894012
-71570.164000 30343.406277

-36223.153000 13033.287151
-23749.050000 6772.357189
-39931.539000 -8594.065696
-45170.253000 -10783.197402

-49600.936000 -36997.796677
-49068.769000 -37358.183700
-49102.697000 -38152.944900
-49252.729000 -38311.107650

56442.773000 -2581.077786
58697.554000 -2036.891506
59111.710000 -8730.890167
55363.825000 -13719.921712

-15208.060000 62440.374096
-13993.960000 62409.764452
-17554.686000 47190.615599
-21174.261000 42420.238863

-660.458000 29466.011238
10117.678000 24301.116716
8280.634000 15278.978535
-3750.384000 8266.789661

-64267.290000 30820.904783
-57227.656000 32870.054035
-60939.793000 15126.405437
-65374.528000 18004.559840

-65349.855000 29842.523938
-59184.830000 34718.176904
-55562.753000 5467.498413
-67982.651000 16992.020116

53011.999000 -8914.214171
57582.906000 -9971.089622
53438.839000 -45530.121309
33825.289000 -33425.500359

-6743.365000 19852.813204
-4842.593000 17634.219844
-18383.523000 2995.626453
-18919.986000 -4849.390304

20493.777000 -43359.404002
38804.836000 -51089.392715
10774.336000 -66934.197300
9428.878000 -70016.893861

-42309.831000 19202.899711
-29616.438000 24079.109755
-25809.784000 8577.510032
-32037.357000 5136.513139

-4639.259000 -4987.930755
-3650.575000 -5307.299197
-4793.848000 -6178.691094
-4934.054000 -13168.960498

-13811.933000 -31045.673346
-69.656000 -28287.112726
184.579000 -58371.081081
-14909.428000 -54742.322278

388.884000 25158.136026
4287.416000 24026.581534
5883.512000 17631.778142
2771.464000 8650.469844

5165.588000 43080.424454
7549.842000 35836.625795
-18896.632000 20851.663485
-19470.340000 12030.901105

62040.496000 -31702.479253
62123.595000 -32079.575335
33535.057000 -43097.952326
32112.845000 -39898.392771

-12424.876000 61356.676034
-8364.983000 60323.326139
-17460.594000 39951.289147
-24006.370000 47877.754722

52102.602000 -42804.264725
60970.466000 -45030.421457
60866.031000 -56653.311333
48785.019000 -56681.098746

-18004.471000 -17411.180798
-13492.099000 -15381.972493
-17635.616000 -22569.784931
-18415.887000 -26465.568009

14869.617000 60132.776195
16142.038000 60950.237522
15534.515000 53791.747682
14171.880000 55182.885648

28704.002000 42074.834201
31698.236000 43439.591391
24123.139000 20855.740525
22880.862000 23010.081224

-56909.857000 -43465.694353
-53971.846000 -43531.325467
-48998.237000 -69796.288735
-63368.130000 -76004.057868

-36221.742000 58882.225546
-35694.399000 57806.292568
-40488.061000 35604.639996
-56236.758000 31111.248577

-53423.843000 13023.674358
-34677.915000 12251.997966
-35926.376000 -11843.587997
-42141.672000 -14330.168881

-16790.094000 -5991.923661
-16660.894000 -6091.324421
-20534.206000 -27500.041948
-25651.947000 -27980.914731

46805.837000 56064.285285
47219.837000 56008.275254
45558.827000 35840.437099
43558.057000 29171.659344

-42694.784000 66384.968010
-33119.034000 72091.517650
-37757.399000 42850.515311
-43110.124000 47514.511265

-10208.820000 55894.375121
-8840.919000 55513.811726
-16792.843000 44272.736828
-17270.892000 44894.138135

-2835.862000 -14021.583763
-2350.573000 -14046.213311
-8914.892000 -51107.050633
-18312.028000 -54699.119531

5738.888000 16969.895999
9018.749000 17380.709342
9162.025000 -4888.303594
7109.913000 -12313.905163

-55175.110000 60821.725582
-51136.909000 60577.908359
-49417.448000 52656.989155
-55322.654000 51093.019522

31023.213000 67222.344555
37080.291000 63326.093755
32152.354000 38845.476320
27662.832000 37652.032958

30034.479000 10838.990387
31122.253000 10411.505384
33859.678000 -5754.657415
18894.671000 -10626.065181

-23677.241000 34135.408833
-6657.070000 31824.629376
-11243.459000 -914.159935
-19375.420000 -1851.272852

-28929.644000 -53211.373836
-23313.359000 -53227.429304
-26146.071000 -58011.937426
-28600.600000 -56851.717037

-50655.268000 -21269.004177
-46513.577000 -24137.990135
-49991.777000 -44531.158968
-53990.800000 -51904.242229

-48578.352000 -45124.998351
-46317.454000 -44193.955841
-38003.158000 -61498.870508
-43772.754000 -63376.991668

14457.285000 55419.152578
14519.532000 55377.048205
15239.633000 53163.700531
12958.796000 44184.755822

-41621.197000 5576.750329
-32144.945000 10386.665700
-43326.457000 -9415.753577
-43908.482000 -8117.986374

14504.934000 -4948.061102
15101.924000 -3819.244524
18478.184000 -15301.398321
17014.104000 -14424.763390

-32872.037000 57391.531209
-19583.891000 53146.957830
-46360.246000 30791.005048
-47876.386000 25885.464945

-29977.055000 -3843.761665
-21453.700000 -6615.943238
-27103.444000 -29830.227661
-28028.993000 -37844.249308

-26853.051000 -34315.772967
-21263.903000 -30722.219820
-31775.738000 -54360.210970
-32689.472000 -58138.514016

56541.096000 -44865.226471
56721.703000 -45056.914700
55864.196000 -45658.948550
55803.692000 -45574.651302

-49472.842000 21827.787691
-43212.449000 24581.305970
-45411.627000 10634.723059
-48233.082000 3084.032323

-33588.592000 57439.667733
-30007.957000 51566.585236
-45372.782000 34403.677451
-47509.353000 34975.838803

57931.646000 2528.210462
59478.107000 1978.170762
57149.913000 -821.016965
56442.771000 -6354.899371

56415.812000 58322.847035
58394.173000 57863.058052
57208.262000 53513.178496
56637.538000 53508.489549

14798.174000 64528.741113
16843.315000 63353.964708
10057.775000 56530.427924
9777.774000 56842.689999

13412.158000 43578.417191
25081.617000 46047.266809
37922.237000 17127.600698
6365.275000 14019.015817

-13004.564000 28930.842770
-4705.645000 29150.606721
-14083.063000 -8852.218864
-18403.582000 -15882.114313

22440.634000 54646.131212
25275.425000 52832.448245
19794.990000 47717.389692
18281.774000 49953.521415

18739.496000 53285.032243
20491.638000 53971.031957
19776.585000 49855.923511
18504.830000 50801.687325

56987.211000 -53183.581600
57041.859000 -53328.680831
54167.283000 -57626.028267
51445.513000 -56396.246199

43992.521000 -37116.884149
46020.190000 -37604.448517
37045.150000 -54384.908241
33598.193000 -57286.323589

-46865.412000 -2437.526593
-46620.904000 -2357.787575
-46044.698000 -3763.902578
-46710.408000 -10744.267683

27790.896000 -28268.954053
27994.237000 -28187.069973
27754.833000 -28616.384114
27712.964000 -28505.487019

-5977.521000 -27429.476354
-4450.064000 -27936.553738
-8084.192000 -30462.796254
-8201.175000 -29796.691729

-8854.203000 43842.370830
-4284.561000 41762.996272
-17633.476000 18622.826570
-20512.119000 20419.671265

39530.593000 39432.190287
50347.357000 39710.384426
43418.480000 27097.899562
40977.893000 20620.745109

-16673.261000 4618.777113
-14880.477000 2201.383419
-32254.698000 -11776.740477
-35888.539000 -5474.942539

-8287.357000 49324.470378
-6762.259000 48886.293762
-10121.652000 44723.334949
-10311.928000 38707.843342

-38821.130000 36224.914944
-37336.545000 35406.752901
-38555.278000 32793.025376
-39979.477000 33237.510862

-50210.353000 -50995.875622
-44109.842000 -50516.984901
-46314.714000 -57603.930512
-49849.230000 -56456.404060

-19755.680000 10339.887139
-19706.918000 10296.040997
-19742.358000 10139.558412
-19865.196000 296.013054

-28688.025000 -1740.274291
-6979.178000 3632.901031
-18265.301000 -24034.337480
-21734.473000 -22912.995064

20598.424000 11368.177185
20663.121000 11269.199063
20361.431000 10865.194830
20323.710000 5805.066105

-42856.249000 -54253.316746
-42797.893000 -54398.965815
-43523.612000 -54894.602252
-43604.539000 -54826.583765

12462.868000 38570.663575
15802.709000 39621.762478
21345.948000 8254.081491
17449.384000 8127.911457

-57110.515000 -42319.443999
-50127.005000 -37217.253572
-39122.807000 -68235.463563
-52281.623000 -66961.071852

-24386.053000 68664.787579
-23288.304000 68088.921287
-37389.333000 48035.692336
-38709.488000 44006.564097

31583.878000 -31643.226513
32824.443000 -33650.019323
29743.748000 -40804.244498
25087.855000 -47377.602703

-40545.288000 -9606.587541
-39847.600000 -10167.687120
-41815.834000 -11853.257858
-42213.814000 -20419.589745

-29504.646000 -33620.056180
-27050.680000 -33221.619223
-25125.901000 -44844.112845
-32197.972000 -42791.551680

842.633000 -1738.051066
1863.963000 -985.967805
2185.087000 -9020.112672
698.113000 -7963.058597

-17422.125000 48208.302655
-16379.638000 48237.483890
-17599.226000 44450.249734
-18300.728000 44931.727735

45888.944000 -14368.416277
47754.434000 -13957.064509
52436.158000 -32638.846672
41103.810000 -37242.170589

-33750.977000 59060.543357
-33650.348000 59081.314371
-33656.556000 58724.249305
-33738.412000 58739.300573

22346.025000 47370.309473
22389.043000 47231.107455
22272.329000 46920.587780
21731.996000 40811.329968

-63167.903000 59731.343318
-53279.751000 60693.888801
-58613.664000 45661.667703
-62883.970000 39578.698024

-45211.035000 -23190.962614
-23119.198000 -29598.245082
-43194.970000 -57424.342007
-49582.216000 -54072.052782

-50152.457000 -46743.226796
-32768.460000 -45313.206977
-45733.103000 -61999.300991
-49982.054000 -58213.923485

-43658.581000 29783.953057
-43312.842000 29516.042735
-42905.319000 26394.869022
-46636.790000 25878.038178

-52040.444000 -24715.034251
-51887.971000 -25491.781945
-56193.208000 -33629.785932
-56919.252000 -33940.088998

43263.303000 17492.341286
44916.185000 17916.868696
44680.239000 13780.298769
44258.452000 7652.362001

-11104.254000 68173.411047
-7587.037000 66157.159037
-8560.187000 50128.664801
-12696.249000 43474.432375

-13130.944000 45893.553813
-10911.622000 43414.090484
-10869.799000 30260.856188
-22593.755000 25059.838270

-45028.140000 -44207.271519
-41368.536000 -40282.016019
-30824.230000 -53235.594097
-41984.138000 -64238.862534

-22351.289000 39535.528072
-10322.288000 33456.778554
-26555.936000 14602.522798
-26738.512000 9598.546967

-3513.053000 -11105.304606
-1837.107000 -11743.856795
-4804.883000 -14291.243358
-5156.648000 -13646.058145

-18981.753000 -20232.839833
-15663.213000 -23575.518396
-13847.890000 -34375.070535
-35409.385000 -45665.014268

-34569.259000 -42619.818477
-33466.582000 -43520.001313
-41747.262000 -47756.517607
-41801.748000 -47449.215408

-42855.824000 60096.148818
-40223.221000 60401.630932
-33620.476000 50849.571915
-42346.019000 36211.311280

54817.957000 54278.794351
58141.984000 54953.568879
55858.178000 48964.384860
54198.515000 41666.578641

52058.077000 -32416.858398
54080.895000 -34893.113534
45455.832000 -56715.363294
41950.201000 -57142.986409

-64692.461000 -10897.748933
-53190.891000 -13209.065057
-65660.538000 -16109.930453
-65838.579000 -21544.132697

-46699.670000 -54583.933159
-42715.754000 -54538.455119
-42092.874000 -61112.589638
-47185.517000 -68071.966211

-47115.353000 -47280.929010
-46905.805000 -47275.651541
-47641.971000 -51341.971830
-48664.661000 -56479.134608

-48674.506000 50641.545931
-48575.956000 50036.913017
-50756.606000 44170.463184
-57251.877000 35521.264205

-51338.114000 29062.279932
-32485.951000 24126.660566
-39200.997000 -5317.753375
-57382.589000 -2424.129868

-53556.705000 -865.572836
-40924.523000 -2327.350545
-46095.943000 -28805.128285
-51688.311000 -28744.949775

-780.709000 -23317.159124
-614.119000 -24020.522679
-11344.112000 -44838.946973
-12067.012000 -51232.786452

34423.227000 34403.532727
35491.070000 31556.747012
32067.118000 18700.167611
9838.679000 12543.893300

39638.356000 25912.022772
46518.731000 22252.581155
35499.861000 2993.786207
28514.424000 -2410.312777

-11249.125000 54649.435252
-10769.098000 54499.913409
-8705.089000 49418.947794
-15351.541000 41482.004831

-62335.054000 -21797.781537
-56014.971000 -21430.586092
-61912.372000 -31087.309233
-63875.825000 -38206.884125

-17484.902000 2316.300975
-4587.461000 8606.355664
6345.573000 -16715.352334
2636.263000 -27778.742046

1385.273000 -26457.324486
3314.599000 -26537.856641
-6931.833000 -52871.866822
-12733.033000 -43237.059673

36686.392000 -37598.930500
38533.607000 -37707.369203
32101.350000 -49087.199041
30855.309000 -56923.526349

-4912.397000 -1209.720597
-698.015000 -2434.183412
-4460.210000 -12435.188275
-9856.366000 -7391.724356

35468.503000 5480.492610
36041.119000 5700.876081
36649.639000 -47.134078
34165.209000 -4654.537774

44943.157000 -32327.426540
48080.276000 -35365.406783
43792.407000 -41628.980352
42369.887000 -50203.981179

8729.228000 7673.211404
12386.419000 7093.880237
15530.982000 -26387.004903
-1152.723000 -25777.856274

59522.886000 59194.332901
61810.084000 54914.996353
46524.360000 46705.390991
44350.800000 50465.980785

22143.972000 69827.507143
25568.681000 66216.040136
-2663.017000 49917.494278
-3061.458000 50832.965992

52774.601000 26047.571796
52894.391000 25958.392192
53235.777000 8067.632486
45553.441000 -20.503293

57922.824000 41197.263186
58082.297000 41222.199425
60499.333000 27649.156676
53110.600000 21154.659119

-28910.177000 16360.084234
-28700.520000 16424.715187
-28926.485000 15654.704744
-29033.450000 9743.184243

49061.104000 -6421.659611
51923.451000 -10336.464852
46903.471000 -29398.121285
34750.974000 -31375.107000

42591.219000 -43554.464938
42986.480000 -43939.727729
27582.768000 -66149.035217
27451.373000 -73871.507738

-16184.430000 50331.505320
-15851.625000 50145.675385
-19729.691000 47258.300316
-19825.085000 47732.872123

13232.932000 -50716.813524
16256.150000 -49754.570518
16971.791000 -56687.703190
15589.895000 -63097.499944

35687.124000 -38072.185200
40374.598000 -44006.745137
27607.761000 -63807.408583
19057.357000 -61225.160829

-40843.915000 1068.542964
-40561.925000 891.732481
-41048.998000 -517.994294
-41785.588000 -195.211872

-40195.735000 34669.967435
-40055.435000 34800.318692
-39245.469000 33832.981228
-39613.755000 24079.756982

