150
66063.517000 34338.270393
66593.791000 33137.953917
53091.947000 14311.278922
46194.490000 8600.096691

-2422.843000 50866.981321
-1903.812000 50881.282998
-3441.650000 46452.552091
-3845.533000 46791.077464

19784.090000 10021.658534
22071.685000 8788.972873
20244.195000 1380.994977
20027.485000 1318.598379

54820.380000 30019.614222
54890.421000 29092.627557
54457.954000 25178.653999
43911.167000 10411.630640

-50686.355000 -54126.437191
-50373.878000 -54015.878061
-54276.874000 -60262.519405
-54320.549000 -59855.911055

-10507.097000 -38986.920008
2433.504000 -38015.787948
7926.491000 -62834.722233
7350.891000 -69114.908781

-28186.245000 -57209.119426
-27973.085000 -57643.578323
-29092.934000 -63170.767035
-36419.421000 -71095.426321

32117.776000 24427.984730
32413.809000 23058.326990
31146.431000 13367.195656
10335.677000 4800.174510

-50958.704000 31303.383801
-46073.769000 34209.544208
-55418.489000 10013.526532
-56782.586000 13821.469462

-64535.074000 -52723.848388
-41893.137000 -41087.750388
-40227.110000 -70193.848777
-55582.025000 -80576.101253

-31529.024000 4678.179899
-30722.405000 5282.504711
-26883.031000 -5022.100332
-28006.123000 -5089.356612

38502.949000 -7327.299326
42702.753000 -8620.893842
38034.513000 -13391.335683
37891.941000 -13298.384501

-51098.780000 46638.370941
-50080.824000 46069.880766
-53128.854000 43172.909055
-53159.906000 43207.725797

-48665.726000 35631.833264
-44177.519000 34738.614927
-48262.446000 26377.740408
-50529.583000 27573.394974

-29226.774000 -28417.239785
-24522.372000 -36394.173879
-45200.576000 -46079.993379
-48249.113000 -44655.808246

14573.896000 -30137.436770
17599.096000 -33020.156947
4948.782000 -60059.710247
-10843.423000 -57251.257645

54629.576000 66401.472382
59342.690000 60901.882365
46474.649000 46619.453139
40282.991000 42056.201978

-16100.822000 23541.163843
-12609.701000 25959.817285
3687.706000 -7246.230630
-15461.225000 -4800.051292

-34197.923000 20286.075917
-22173.104000 21850.484692
-33429.399000 3392.271735
-33818.275000 -3350.571683

-14423.724000 29564.634589
-13741.618000 29046.002640
-12770.378000 8458.137190
-21086.305000 4577.122857

-48284.396000 -4373.102508
-47557.696000 -4607.890569
-47848.532000 -5789.801511
-48713.043000 -15507.600882

-64450.467000 -21651.884447
-62498.194000 -19510.414883
-58751.153000 -30315.130675
-61872.475000 -29719.759410

-31884.264000 12802.255416
-30274.638000 12157.923740
-29401.416000 7648.300234
-29914.830000 -1174.844754

-37171.757000 14972.787630
-21491.731000 16128.015803
-20709.157000 -12808.929125
-28365.884000 -21231.840159

-26517.837000 51980.825427
-24177.788000 49736.872306
-37409.825000 26817.956298
-45829.761000 31617.095183

23907.296000 18322.590669
23979.170000 18330.059300
23654.746000 16127.843820
23455.761000 10279.932842

18693.538000 52454.852057
22415.105000 50579.773087
20766.315000 39717.041880
18414.779000 39001.554395

1838.043000 -15713.139507
10563.822000 -5141.029950
23822.592000 -39086.353705
1852.879000 -26881.348429

-38903.123000 68053.121439
-21874.956000 74506.147734
-8349.998000 42404.925118
-37550.321000 39929.357697

38866.776000 12112.740123
46137.715000 7852.881778
37988.457000 -7683.967332
32446.009000 -6008.140864

45769.490000 -9199.876673
46288.313000 -8713.852697
47517.797000 -13393.860580
45230.200000 -11248.975482

33727.423000 15219.341299
34009.938000 14600.075049
30340.793000 10317.444767
27881.778000 6427.811201

49688.713000 8160.943774
50840.511000 7555.548740
50613.097000 -1787.432829
48809.471000 -8047.221675

-173.315000 6574.288324
625.669000 6445.280388
1662.711000 1392.033729
282.308000 -8283.592851

-4260.916000 -902.426211
9055.531000 -9239.133343
-17532.557000 -26625.633550
-20692.263000 -19397.098394

70494.330000 29738.687529
70568.641000 29070.162716
65966.884000 17944.590250
56698.027000 5532.176790

-10856.287000 1497.003428
-9343.111000 572.415936
-12765.886000 -1500.009290
-12861.304000 -6692.688632

10075.832000 -35922.730600
19381.147000 -42228.681596
20671.845000 -52942.286176
-1380.189000 -64465.866491

57328.008000 -30920.330792
57947.955000 -31179.049302
58374.394000 -35231.770696
56414.712000 -35876.770628

-24455.458000 -45770.934941
-21432.167000 -45484.877677
-21507.832000 -47579.750287
-22448.748000 -54517.087153

-18795.633000 9838.774155
4072.755000 7017.967430
-17172.696000 -16089.164883
-21279.636000 -12399.285676

50476.348000 -21323.000496
56963.709000 -28440.132775
35065.458000 -45337.371308
31115.434000 -40679.400380

-5816.177000 43917.228475
413.113000 40802.153253
-6810.777000 38200.840408
-7050.869000 29726.216094

33604.030000 46651.902406
40295.448000 49603.650608
38801.732000 20097.751353
28365.731000 25154.701509

-25673.212000 -31936.137950
-23066.372000 -29254.064461
-17673.796000 -42807.219000
-23324.847000 -41744.218395

-30579.597000 -21897.402247
-27896.305000 -22891.326280
-25981.226000 -36283.705045
-26983.466000 -46932.892864

-61384.310000 38630.561423
-45625.010000 39208.586939
-52502.408000 24563.788044
-54199.871000 24569.460508

61830.811000 14424.503251
64826.242000 11123.416145
51594.284000 -19572.989630
35775.027000 -14598.550194

1195.066000 8448.529797
10143.118000 2974.773601
-5960.394000 -20395.216157
-13869.650000 -20838.289782

33958.202000 57542.174695
49990.375000 56631.318383
38122.048000 29781.176914
28527.390000 31079.195683

-50769.606000 39390.760602
-50662.430000 39453.408026
-49062.020000 34067.096296
-50603.310000 27350.622383

-48402.775000 59262.728217
-44190.896000 56786.129753
-56220.274000 40008.603094
-60861.449000 44803.713105

24458.014000 27543.799402
24561.005000 27367.956818
24003.201000 26717.258066
23616.106000 17292.774685

-25757.871000 11042.765781
-23159.171000 10036.722674
-24435.135000 3343.293280
-26906.851000 3258.086712

18455.819000 16024.151231
34415.307000 14704.323525
17702.508000 -4564.629316
16658.868000 -12833.586237

33448.011000 -5544.419115
50354.529000 -14301.384226
31551.521000 -36026.499898
24283.170000 -31290.537503

43824.243000 -29551.099878
51532.150000 -27799.997210
43001.105000 -37315.308966
42412.329000 -44401.664028

-41361.598000 32818.601298
-33214.931000 34589.288553
-38236.738000 16410.455034
-40659.910000 11681.254889

-58056.684000 853.976582
-56888.606000 1048.452328
-56930.140000 -3625.840007
-57812.508000 -12072.134586

-33147.259000 59150.187987
-24088.907000 58780.583501
-14535.416000 26981.687787
-25414.885000 13912.717151

23800.564000 37027.840165
27799.526000 33537.847364
28746.532000 24517.658297
20692.456000 18296.313399

4728.044000 2926.382293
5329.528000 2496.260812
-2431.226000 -5508.886231
-3195.915000 -10524.096835

-32387.738000 -33339.998675
-31681.353000 -32187.700582
-24630.042000 -42852.687700
-31586.893000 -48248.698895

-9894.635000 51206.328558
3237.381000 50524.290940
1387.734000 25539.359246
-14967.774000 22332.146806

6138.746000 -9734.493591
10125.915000 -6694.301341
8989.561000 -34664.251545
7257.604000 -33361.939053

16034.471000 60793.839488
31326.435000 58767.138582
26852.210000 36504.951285
14297.557000 38321.693180

-13608.137000 50176.720514
-7425.492000 48652.473167
-15158.597000 30445.374012
-20276.112000 24164.518646

-72072.781000 20310.047939
-46936.145000 28698.716865
-65091.941000 -3081.957894
-70770.031000 2407.380942

21923.437000 45586.620031
27492.931000 43879.528382
28382.747000 35050.011941
24484.938000 32438.708631

65432.408000 -2703.143753
67894.220000 -4711.830745
59628.357000 -24066.619222
51312.347000 -26839.078958

12593.762000 54846.061183
24084.593000 58218.726652
32814.270000 21376.615691
30842.797000 11128.300396

48199.491000 73344.184185
53921.048000 68860.940002
38098.281000 43003.973075
30325.265000 47069.192335

-28302.367000 -48060.634790
-24688.192000 -52467.282451
-28858.503000 -65920.344032
-35205.095000 -72595.935008

-51365.963000 -4251.675944
-42259.628000 -10295.473936
-42828.934000 -25958.810530
-58895.737000 -30390.459259

20564.331000 66253.029387
39718.661000 71582.167276
46522.954000 40844.780825
41164.022000 37432.116148

-55087.211000 -11527.199765
-55049.636000 -11529.779397
-55279.292000 -12444.347893
-55341.445000 -12413.806770

28366.825000 38640.943002
34746.264000 37624.683600
46197.845000 17952.941896
36001.050000 4899.197035

-29511.023000 61945.317860
-23242.908000 50012.430637
-50873.095000 32565.877354
-51027.742000 27200.574720

-41458.977000 68080.114657
-36184.944000 65018.459336
-47561.271000 36915.713417
-60926.789000 37012.570009

-46546.316000 44622.228723
-28913.102000 35503.640544
-54028.797000 6563.082067
-54976.293000 1171.283316

-6827.281000 -23116.925129
4319.493000 -19443.952618
-6426.246000 -32605.771623
-6734.036000 -37502.083143

-594.153000 4649.433081
35.710000 3747.971679
-3488.280000 1346.240396
-3832.683000 -4129.514818

11339.142000 -18152.523675
15166.645000 -15640.174715
13260.862000 -26468.062942
10669.012000 -30385.366944

68857.927000 2247.207705
69046.209000 1684.004553
56133.847000 -11878.299285
50244.008000 -8026.675683

-18752.655000 41503.440222
-14008.542000 38519.620615
-20218.026000 29842.105169
-24343.582000 23772.587967

66206.030000 -13570.659958
67052.398000 -15066.007155
49614.221000 -36898.919269
47932.701000 -36390.896634

12403.184000 28242.766065
12470.298000 28254.503411
15967.661000 21949.278256
11037.974000 13482.475867

1318.916000 15430.854083
5447.571000 14702.310882
1712.066000 7702.792320
531.338000 8236.607244

-21243.187000 -42728.996330
-17189.651000 -42570.877585
-8955.990000 -55555.220315
-20793.826000 -62789.319696

-44438.505000 -10115.487298
-40145.156000 -10690.186319
-36613.385000 -19974.444346
-49795.149000 -28811.138514

-52386.823000 -7483.230065
-42931.774000 -10136.781473
-53349.141000 -20902.877680
-53534.899000 -20780.789422

-59838.018000 10455.606480
-39203.603000 5884.888292
-61000.737000 -18333.833366
-65320.002000 -22247.343248

40668.637000 35910.064743
44545.453000 35095.533393
54947.332000 19328.343592
38075.652000 -1772.378758

-9573.785000 22428.263775
-7690.151000 19830.034019
-29167.080000 3374.303062
-32420.020000 -828.784697

-47300.744000 25924.395133
-40748.878000 22417.522059
-53109.300000 13916.733484
-53426.997000 14374.989377

4004.535000 55204.874238
6385.544000 52621.057551
-16317.332000 28645.296984
-21608.473000 34293.474592

56691.042000 32089.991558
59546.191000 28575.844158
53366.926000 14456.449789
42539.019000 17903.756115

49407.617000 -41822.369247
59048.201000 -41757.564727
52704.007000 -58805.625901
48891.174000 -63643.155808

-47188.182000 55483.135924
-46091.673000 53408.361319
-51510.205000 45818.746247
-54343.079000 38224.834841

-27527.879000 -17222.053578
-26947.480000 -18172.585757
-27366.552000 -27340.998633
-30682.976000 -30378.786699

-14907.992000 -28121.076236
-6863.964000 -31289.104140
-7983.259000 -59998.844966
-28746.883000 -57955.253960

-33263.365000 -37832.072856
-33008.623000 -37957.038963
-33973.619000 -39094.457556
-34043.061000 -47758.705646

42679.595000 -53699.881719
42723.459000 -53877.063516
36847.320000 -59267.492427
36178.351000 -58994.285120

45303.484000 66276.942286
66205.123000 64667.847558
51145.389000 48534.954549
43443.833000 52583.000096

-60798.131000 66314.554288
-49148.054000 64743.019427
-43546.647000 36882.598681
-48814.245000 32669.180224

35334.168000 -7493.244471
38698.028000 -8895.827735
36632.881000 -22294.038986
33921.020000 -22702.391230

-5591.230000 15680.007617
-5403.044000 15568.690339
-5570.290000 15066.514244
-5924.350000 15223.782550

-15381.705000 36462.950977
-13790.530000 34785.019155
-17330.970000 32462.177790
-18072.332000 27577.032724

-64433.529000 -41098.998258
-41037.363000 -37218.689248
-66719.391000 -62870.123724
-67137.541000 -70797.566205

-67363.322000 -48491.054326
-51317.259000 -47855.231767
-55231.194000 -69446.325697
-61871.932000 -78809.776255

-21540.809000 -31949.679324
-13433.099000 -30798.970205
-16791.964000 -55507.820001
-26815.423000 -56156.160771

-29432.189000 2033.110646
-18893.765000 4275.458201
-25136.277000 -15691.152991
-32228.607000 -17887.205064

19495.707000 1825.980075
19738.571000 1786.805898
12647.536000 -9694.012951
12023.154000 -16628.095450

35810.309000 -48219.384952
36030.782000 -48768.601015
32481.576000 -67537.556143
6500.843000 -68476.574353

43100.467000 -16104.275905
47944.680000 -16364.998644
34690.197000 -29034.941925
34432.112000 -27496.071348

58833.567000 5522.912120
59356.040000 5175.878001
50907.941000 -7769.016302
48880.493000 -6054.318309

25050.305000 -40221.804246
27034.120000 -40511.026218
16511.361000 -72194.621253
10207.998000 -67091.533883

52923.709000 -41032.590137
56982.404000 -46190.739822
47548.038000 -66416.326999
45383.110000 -76152.348247

-3049.273000 20461.922156
2857.457000 17097.193902
-25493.504000 -4499.293062
-25851.538000 -3679.809749

25617.135000 -15111.224833
25659.089000 -15151.930418
23372.273000 -17271.707698
23145.241000 -16925.261905

-10187.620000 -19433.175451
-8672.218000 -18269.784411
-11314.352000 -26943.844502
-11962.311000 -24894.012775

-40499.370000 -14918.728525
-37638.438000 -17298.409365
-38452.869000 -33329.788994
-54248.601000 -33373.224655

-45221.304000 -15917.442587
-43916.422000 -16567.261577
-38022.974000 -41631.381260
-50079.981000 -48974.673588

-57471.686000 25936.534198
-42740.457000 26241.818797
-46957.077000 1175.838562
-57628.483000 -3005.210721

53239.185000 63846.488073
54206.544000 64038.020029
52045.419000 29330.080424
41758.087000 37444.108148

-49327.149000 -2482.846507
-45389.446000 2667.590757
-37464.868000 -9115.142654
-43212.597000 -10905.458420

-20443.834000 -10154.962602
-18661.432000 -10259.344938
-22236.672000 -16919.789668
-23489.746000 -24416.041226

29346.708000 31747.117557
38671.388000 32504.633214
36839.779000 19566.010940
35356.392000 11980.279961

-33359.980000 52908.131031
-32951.467000 52866.900730
-34804.824000 34272.070596
-39588.607000 26419.774480

-18273.939000 54113.611199
-14419.428000 55369.682083
-9886.547000 38634.399709
-18641.549000 29910.988108

41090.830000 64740.973491
52864.599000 59926.301184
46420.733000 34340.088316
45794.081000 34150.341983

-54020.282000 6511.128911
-32748.544000 7402.091762
-43696.585000 -20563.643852
-54313.271000 -21336.968896

2571.857000 -16935.425138
4043.437000 -18769.427675
-8467.399000 -34050.999067
-10161.894000 -40075.966754

6615.167000 -42153.159717
18713.563000 -46721.310079
3720.940000 -71914.803684
-7196.651000 -68332.008743

-6067.344000 10351.404037
1258.344000 11016.385869
-1388.640000 1921.691168
-2166.260000 -6204.195729

-42658.879000 48729.507859
-42596.027000 48619.142780
-43264.885000 46764.837357
-43980.659000 41548.990058

-22596.219000 -11969.621953
-20617.925000 -11749.030728
-18659.698000 -19659.190815
-23550.232000 -19702.638394

16073.361000 -35874.094116
21254.317000 -42781.387389
13787.218000 -63019.483386
1826.639000 -64336.910259

43942.835000 17005.075643
44762.804000 16926.259333
44704.805000 16096.755437
43764.669000 6871.794443

33762.969000 -12414.525227
38278.428000 -10804.835284
29706.504000 -32498.699091
29225.176000 -31827.939832

-46072.947000 25010.091667
-44771.934000 22385.995135
-54177.602000 19679.548810
-54531.618000 14521.018451

33456.917000 33993.949835
33980.349000 33675.516957
30960.672000 12989.989169
16558.088000 21417.467680

30317.515000 -33584.497443
37099.811000 -26239.786257
44028.174000 -54012.202647
31099.979000 -53603.712726

-34824.364000 5284.215623
-28863.156000 10049.487761
-4507.342000 -16911.515746
-28202.116000 -23827.370100

-27295.473000 -646.349858
-22885.538000 -2241.631073
-22417.130000 -6550.691976
-28723.619000 -16087.623544

37475.011000 15368.699554
38129.532000 15448.334142
37662.606000 2009.833412
36731.475000 -7435.509638

61345.289000 29671.196057
61550.765000 28856.645111
59965.742000 25916.672512
58335.191000 20093.409916

-29930.443000 32545.162309
1083.918000 20476.291340
-1472.148000 6648.430346
-30976.545000 2068.150940

34436.219000 -38441.825888
35776.122000 -39330.012791
34875.434000 -58342.068517
33046.322000 -59274.452398

-31911.616000 -25632.161143
-31533.182000 -26074.605635
-34660.022000 -28271.835565
-34713.216000 -36032.443587

