150
-47646.576000 67696.024996
-47494.165000 67734.157111
-43453.145000 48389.396773
-53510.297000 52815.657146

-39083.504000 -23814.337707
-38952.547000 -23799.168342
-38969.589000 -24146.553391
-39044.926000 -33766.973261

42979.146000 -30939.206555
43911.160000 -31429.956610
41672.139000 -33595.358433
41513.538000 -33414.044331

45547.164000 18708.117006
55984.933000 17010.442748
65340.572000 -4035.030226
55915.115000 -24565.767599

-58034.118000 38401.583219
-51211.450000 39402.338066
-48000.602000 32673.611303
-52800.362000 19599.211550

-28055.648000 51055.746038
-25798.531000 49168.107159
-25528.810000 36702.083893
-26488.042000 29096.700267

54680.921000 -50181.828969
54728.619000 -50387.299586
49485.920000 -55407.067822
48890.052000 -60884.434995

-30146.639000 28839.302611
-27334.450000 27026.645871
-34828.734000 17611.139005
-35428.635000 9218.978338

-4790.943000 7718.005388
-1907.591000 8584.319653
-1642.706000 5174.667544
-3580.816000 4819.635673

-37480.427000 1728.200342
-26621.633000 4148.592635
-30673.651000 -15230.404408
-37337.871000 -12292.091455

-9009.035000 -23985.933860
-8653.378000 -24574.188375
-17901.870000 -32346.393950
-19289.929000 -35888.525486

-63526.334000 35303.921748
-59611.043000 36223.229660
-52123.724000 17613.522558
-64345.220000 7685.536813

17703.666000 -40982.835839
37897.994000 -47820.625824
40298.885000 -64151.853649
17112.300000 -75504.805065

36645.771000 -27899.829524
38413.184000 -29137.421494
38590.100000 -42788.800515
32711.918000 -50997.953952

23738.512000 63985.879022
36334.453000 66243.481199
42652.200000 40796.213915
21613.519000 41379.691910

-10287.488000 -43650.926050
16138.436000 -29699.551557
20357.094000 -60578.221654
2055.149000 -64140.030637

43310.039000 -20887.603005
43809.579000 -21378.096114
38719.417000 -40472.943948
36470.350000 -40897.033251

6930.649000 -25256.621238
15661.599000 -23692.804991
20309.233000 -32975.065542
13806.011000 -39032.232045

35229.586000 37680.068135
37930.602000 36665.373170
38060.391000 32016.526424
33799.102000 31299.396905

-13652.041000 -50181.120050
-2916.656000 -45791.106159
-2953.099000 -64434.421766
-13616.120000 -69931.753496

-44664.512000 -35633.270741
-36899.748000 -37311.656720
-42254.163000 -54175.345558
-46769.762000 -63152.568721

41053.083000 -38030.171083
42859.647000 -41774.458489
33318.006000 -56670.974043
31777.774000 -62640.492844

55271.651000 -31565.317723
56329.422000 -33168.176931
48623.442000 -47294.430696
46058.900000 -53201.999022

-31284.359000 -54511.932932
-30495.346000 -54865.440179
-30587.649000 -55479.694726
-31029.176000 -55710.585422

12668.615000 13360.465992
12961.017000 12912.651558
5195.492000 5825.491598
3058.615000 1046.070042

-34152.636000 19248.982155
-33772.689000 19308.924802
-36491.474000 7795.976429
-38380.411000 9772.305606

24460.647000 60619.570360
29206.269000 62816.893288
16025.020000 40147.032091
15652.529000 32990.012104

-25219.870000 -8131.249857
-16200.937000 -9993.922597
-30464.993000 -19478.502128
-30744.555000 -18588.749006

-11642.019000 13502.618599
-11271.340000 12767.004987
-11325.133000 3281.466980
-13962.830000 -265.436602

42120.892000 60227.353203
44002.739000 58059.753579
40136.485000 53361.554559
38442.929000 46716.789776

-26623.141000 -39071.535321
-25317.705000 -40240.123118
-21795.962000 -57559.774198
-50795.766000 -64176.583363

-8449.645000 11990.881875
-7991.991000 12110.247850
-6106.808000 7835.765831
-7035.916000 7378.179272

34079.620000 45800.121947
35450.082000 44541.115721
9444.498000 19207.098806
9390.612000 19263.115224

11873.536000 1800.603487
12165.646000 1267.594343
-15785.813000 -18737.972172
-15840.064000 -18680.469098

-57709.437000 -30928.637979
-51994.985000 -30801.262340
-48031.994000 -48838.089319
-49412.624000 -56382.384357

57455.708000 7580.280161
58633.766000 7442.627814
57517.559000 5738.794666
57328.827000 703.129778

56960.120000 40338.459081
59561.436000 38290.509935
57141.915000 23960.776796
44313.753000 27775.473778

-30456.180000 11215.710915
-22849.726000 8538.840227
-37062.642000 -13642.645592
-40534.375000 -18610.077275

-34565.885000 -26423.467467
-28754.982000 -26397.477047
-27836.935000 -64018.440276
-48190.907000 -54708.980065

22141.600000 26804.831695
23896.667000 26053.672463
25369.691000 -2989.211297
6565.616000 -10436.523029

-35627.084000 -1829.275494
-33400.209000 -5071.477971
-43790.286000 -10708.634671
-44629.090000 -9482.125955

5737.414000 7209.246884
10473.444000 6986.721606
10572.049000 -30207.241581
-869.421000 -36565.082977

-28519.126000 65135.035840
-20814.478000 60642.187064
-30386.197000 55061.691108
-30522.896000 55180.060301

-23507.471000 -41888.056454
-22915.414000 -42006.608026
-24776.870000 -45141.447827
-25281.736000 -44442.386873

9359.103000 53723.689389
11859.129000 52937.409045
14011.437000 39647.954511
11621.185000 28154.395854

-46003.960000 42032.384787
-40917.271000 37881.599337
-58822.735000 27322.344636
-59946.813000 20859.214864

-25248.575000 -26933.215204
-25199.277000 -27493.567333
-30246.636000 -31022.727068
-31811.836000 -29894.685444

-39010.460000 45527.612446
-38812.522000 45535.249387
-42921.291000 34192.092841
-43229.508000 27282.735049

10025.832000 -21551.753870
10949.743000 -21957.365873
9128.853000 -25762.998561
8786.947000 -25647.283256

-38202.853000 37702.806818
-36823.250000 39261.886814
-31665.219000 28010.740334
-37253.609000 21357.646604

58811.253000 29255.327730
63857.974000 28275.664547
52797.416000 -1864.981784
48843.286000 -8008.919832

47814.935000 -10647.240238
60608.200000 -10283.947631
67186.969000 -30135.847657
60915.451000 -43836.192803

-32624.063000 22923.029455
-31934.567000 22691.520349
-30997.188000 7239.320380
-38251.722000 6899.801713

-885.338000 31162.992236
11411.415000 32264.878991
11328.009000 -4121.631458
-4153.862000 -1102.088058

24922.720000 -40746.053351
32566.811000 -50110.576127
13514.316000 -65938.232484
7761.725000 -61194.280815

-11068.718000 -43836.222371
-1921.814000 -45459.864468
-1366.678000 -49741.461460
-1841.716000 -60113.365676

-13909.397000 54266.103442
-7249.401000 48591.356551
-13112.878000 33057.921532
-24264.689000 25089.388135

36309.712000 59997.240906
37527.021000 59734.755111
32556.129000 26376.507440
19921.971000 32961.781111

-23516.006000 38508.955757
-23387.421000 38410.992285
-26203.874000 30311.000387
-29675.218000 31927.795742

-47586.035000 12277.517321
-41591.817000 13541.218903
-32939.174000 -1404.007958
-36177.473000 -5402.604587

-58687.714000 -38226.316818
-56167.628000 -37047.745282
-52805.979000 -51762.914770
-55465.112000 -57224.041937

-30119.024000 -23082.476203
-28796.522000 -24660.637055
-34164.875000 -31368.989724
-34279.685000 -37104.407468

62461.011000 69951.313113
63789.927000 68647.557665
40980.286000 48123.769637
39210.056000 50533.718898

-27362.191000 -32851.629642
-18987.549000 -29050.463146
2407.733000 -57374.955136
-13295.022000 -68125.055545

-5295.638000 36086.219814
4294.509000 37706.522046
-1715.278000 13143.022398
-3017.559000 6918.241201

-24086.447000 -16469.152025
-23650.324000 -16998.572871
-37277.296000 -34533.677429
-42810.843000 -39352.443469

46753.877000 -33236.002251
50993.184000 -34060.674860
51317.401000 -54818.053052
39723.323000 -60884.060275

45780.347000 61712.938380
46757.992000 61868.910326
49796.587000 40671.488388
45634.679000 31865.320790

-5051.249000 -29269.006866
-1287.146000 -28720.011764
11300.064000 -59371.820131
-9274.570000 -70806.211870

1727.272000 24143.457759
2874.333000 23091.270573
-1808.332000 15234.018892
-3619.239000 15942.443411

17983.049000 32479.945241
18225.722000 32231.737423
16997.304000 31053.485422
16872.159000 24735.948651

32028.978000 -37158.258992
35781.857000 -37115.746108
33029.572000 -48075.109713
28348.480000 -43239.780133

-25668.567000 60749.161971
-18412.731000 63632.854172
-17382.284000 47910.516449
-23488.734000 43417.154958

22479.224000 34019.078437
22539.428000 33893.213910
18632.085000 28765.939888
18480.933000 28793.390494

-57860.660000 -23675.095485
-57664.725000 -23826.956737
-57826.024000 -26423.345659
-58555.556000 -35759.046650

-58446.546000 -39566.877121
-50013.680000 -38333.615638
-62507.215000 -59722.353730
-63290.330000 -65642.735356

25001.126000 -29835.584860
26151.137000 -28428.121301
32125.687000 -46146.099020
28272.509000 -44762.466687

-41298.746000 67833.646640
-35291.688000 64004.825190
-42578.339000 44372.867392
-55474.372000 51426.439021

30877.464000 29542.311637
38750.038000 30028.604452
39337.240000 -9001.232279
30527.084000 -13967.617840

48815.538000 38087.744260
52865.902000 31501.834303
46923.090000 17326.220597
45257.995000 16503.125584

53498.798000 5434.061775
61383.693000 -2274.080122
53096.408000 -14819.569175
42907.774000 -17730.162578

30913.094000 6024.928013
31720.323000 5174.381216
30270.234000 57.769498
28680.098000 -254.113140

-13589.446000 64438.673102
-11439.352000 62397.656798
-9914.821000 39997.829773
-39098.759000 38567.094657

-42934.956000 -41458.275289
-21563.778000 -38074.919389
-38723.919000 -63973.668260
-39030.553000 -69444.557333

24806.549000 58293.123614
26421.301000 58441.608948
15493.145000 40665.100162
14942.662000 42032.899319

50957.064000 -9558.094377
59918.397000 -19212.192969
54512.765000 -32970.123271
37823.657000 -40503.588528

51324.808000 17326.182345
52620.654000 16785.489147
52458.157000 14433.355671
52189.527000 14249.458647

5027.297000 -24150.846906
6606.277000 -26339.854971
1805.587000 -39530.404466
-609.817000 -46351.001705

56289.089000 -8590.213462
57177.610000 -7913.677880
59490.149000 -10328.591213
56125.531000 -10406.572995

20950.036000 56459.454587
24318.642000 52719.356384
25125.130000 40347.127333
18931.685000 33790.143392

-22544.014000 5590.831134
-21949.994000 5302.487807
-22350.962000 4310.288426
-22458.608000 4295.808857

62939.497000 19979.774997
63806.247000 19636.587257
54425.325000 942.093810
53025.391000 1877.680018

47894.656000 53856.695834
51109.951000 51672.905769
42931.957000 43580.532951
41844.530000 39341.054051

-6421.445000 68272.140605
7784.800000 70407.102545
15688.918000 54226.201143
3238.771000 44058.371664

-56176.474000 -57471.302018
-56133.754000 -57530.091393
-56307.396000 -57719.175665
-56371.067000 -57680.076804

30352.457000 51178.636421
42222.312000 57337.640162
48215.820000 34894.377249
29291.027000 34340.729065

-9695.860000 69322.111124
-6773.901000 67880.159835
-23514.963000 45406.494492
-25242.200000 41372.247375

4943.971000 70236.780719
7113.937000 70676.872265
24400.117000 45139.848489
5437.780000 36903.294873

24783.694000 67337.876171
36137.832000 69154.202937
27336.819000 47985.496293
21864.920000 53138.266161

-56285.005000 20780.219054
-30358.505000 13235.213837
-47117.621000 -3474.340938
-55041.199000 285.685959

-57718.430000 -16008.908817
-55160.409000 -15189.626307
-54936.148000 -21876.409446
-55521.881000 -21922.892948

30573.918000 42138.576187
35026.624000 42609.171562
32113.880000 25286.106758
26479.564000 23429.515878

8729.187000 41780.577978
8793.999000 41825.873794
7885.260000 17012.437214
4885.932000 11850.568107

6351.067000 -45112.890592
7306.987000 -48427.391471
2271.142000 -62005.613245
136.516000 -73231.820491

4841.439000 4309.727038
5002.812000 3884.449113
-764.658000 -5041.833763
-1892.618000 -5054.269156

12267.591000 -37396.840295
17955.775000 -42931.912189
7352.721000 -55545.262006
-235.821000 -47172.119763

19850.244000 69653.631946
34205.596000 71143.601569
18354.479000 48038.341269
17803.503000 48607.537103

43490.752000 -44542.801826
43883.840000 -44865.912352
47512.973000 -55537.793338
34248.844000 -70717.706934

-2351.146000 -34368.963059
-477.770000 -38518.290257
-22072.154000 -53371.329665
-27555.456000 -50371.649393

44418.061000 1962.721649
48383.594000 5212.170363
63206.517000 -29910.513872
58768.467000 -30487.373779

10870.722000 -43733.220735
17248.359000 -42405.677935
18491.523000 -51228.721373
15142.970000 -59532.603500

33620.263000 -32119.980537
39105.153000 -34915.369891
40770.940000 -44732.454290
26080.467000 -52778.250520

58017.270000 -50946.650869
59363.383000 -52001.297441
48249.009000 -59443.803262
47933.174000 -58514.602245

15166.168000 67486.522305
17976.900000 66429.306182
24471.723000 52942.270857
6123.466000 44416.192065

-38806.661000 -69.807599
-38766.957000 -145.433126
-39434.825000 -1013.442146
-39519.679000 -993.966281

26292.526000 31789.559253
29311.494000 31271.692838
29362.595000 20492.067055
23282.096000 21101.728154

6461.428000 35526.521909
11521.224000 26990.548047
-22668.977000 8711.208414
-22741.251000 525.523357

23934.777000 23058.258898
27307.044000 22559.614627
25859.135000 9710.334531
22080.724000 10118.957237

21702.005000 43540.951838
22451.047000 43424.704334
21876.357000 41775.093763
21624.146000 34524.303585

-43852.111000 56704.634390
-38464.862000 54687.494673
-46680.871000 44679.479250
-47474.440000 36534.129236

23801.142000 15512.987697
25383.391000 14883.385427
25559.006000 10867.105572
22375.879000 10381.118465

51022.461000 -5857.806689
61111.855000 -11232.852132
60738.339000 -28426.015490
46886.597000 -32960.175720

25074.939000 60987.229420
33408.100000 54209.118167
16709.869000 48436.113989
16216.617000 41860.463615

-52616.622000 62789.022509
-43390.329000 58757.598353
-56786.481000 27678.206233
-60794.488000 19303.277520

1877.762000 34132.050166
14035.198000 33677.379866
5908.474000 16714.915317
2828.592000 12536.005326

-52693.110000 44463.165574
-48555.312000 40831.734123
-56134.546000 34490.204205
-58575.913000 31166.085338

-62595.286000 46627.778582
-62330.654000 47211.586956
-52665.333000 29711.649834
-55042.228000 30216.451317

37318.256000 66357.172578
37797.429000 66075.293877
32426.597000 51397.881811
28579.689000 53020.147807

-22733.263000 37070.763396
-16817.073000 36633.636500
-23917.280000 23358.266156
-26179.414000 15652.408026

36871.779000 -23637.305777
51180.851000 -21600.345349
39540.249000 -39494.409203
36302.998000 -36400.977643

-8897.795000 -53252.382965
-7405.110000 -54985.344259
-11664.412000 -62369.562793
-13361.969000 -62150.287793

-47290.604000 9484.316440
-46796.100000 9719.489994
-41780.868000 -23439.356476
-49847.479000 -27198.530824

-12231.910000 70083.560595
-7254.844000 65671.581810
-6249.424000 53830.677321
-17775.472000 37925.000093

27376.339000 25290.823506
30326.660000 23163.290733
23212.013000 17513.798604
22045.155000 11042.829826

-36016.144000 31035.495033
-29680.993000 27207.744892
-32315.942000 17496.714284
-38942.497000 8268.386552

-46113.701000 24308.907317
-45969.899000 23692.138932
-46755.383000 19274.383532
-56541.699000 17688.973925

44621.944000 -23616.062769
45573.067000 -24415.984283
44960.648000 -25876.354335
44362.280000 -31595.538841

-36134.778000 39476.138039
-33138.783000 39163.450863
-36888.677000 33001.251882
-37150.092000 26271.090457

61814.701000 45611.022765
65638.305000 42960.915064
56834.896000 31704.306787
54809.060000 32986.423222

26201.660000 34565.412704
34509.150000 36975.256857
36967.484000 10740.383017
23023.173000 15958.703407

33702.410000 -22473.472186
35865.786000 -21615.981275
43719.976000 -38840.739263
41238.936000 -40055.782878

8343.926000 59807.727115
8487.407000 59727.450029
6571.071000 58032.417132
6481.987000 49493.721662

-49162.428000 -2487.585285
-47627.071000 -2680.085661
-49221.003000 -8514.041914
-50138.237000 -8219.618619

1750.082000 47604.954080
9116.713000 45630.857857
7875.945000 26586.219905
2832.685000 25323.589186

2005.709000 15400.627636
2041.541000 15071.701273
-3775.928000 13662.390814
-4012.573000 14484.761172

-68958.541000 43440.189985
-64457.985000 48295.877094
-57738.657000 17026.047966
-62222.487000 18644.564996

-12176.897000 1156.286661
-10205.971000 -1720.278992
-19366.692000 -20208.565189
-32503.108000 -22912.166215

-34405.836000 12545.686194
-32655.323000 12784.054944
-32282.336000 -21359.252381
-39448.864000 -25088.579265

26982.627000 -49036.128501
32576.941000 -48864.659068
24698.222000 -64258.958506
23779.833000 -63449.667965

-7565.406000 1791.302192
-6852.372000 1564.999051
-7994.675000 -330.511141
-8475.787000 -8050.235861

