16
28 288
16 19
20 28
7 6
14 22
10 9
12 11
18 11
4 26
24 14
7 24
28 19
13 7
13 17
23 8
3 1
1 23
16 17
10 24
11 28
12 10
12 21
15 22
16 1
25 7
28 3
21 4
23 21
26 14
10 24
18 12
2 10
28 4
5 20
18 1
6 26
1 19
10 10
16 24
7 24
11 23
9 7
22 12
11 1
12 28
8 24
28 13
1 21
1 10
10 15
11 17
14 25
19 19
23 20
10 4
5 11
11 6
21 5
23 1
28 9
17 1
2 6
8 27
19 28
13 17
17 23
20 27
4 9
22 20
18 1
6 2
12 20
26 8
7 21
10 7
6 28
6 5
21 5
16 4
3 16
6 21
9 7
12 10
5 25
11 16
14 4
14 28
4 22
12 6
3 2
17 6
23 20
7 22
10 18
15 14
1 11
25 13
28 28
25 24
1 19
5 15
4 25
24 28
10 6
19 10
9 6
19 28
9 26
26 21
18 7
4 25
10 11
2 9
12 20
13 5
4 4
5 16
4 2
8 1
21 15
16 5
12 26
18 12
9 10
10 5
11 20
22 26
6 10
8 25
3 17
23 24
3 15
22 14
12 7
17 16
24 16
14 8
9 22
9 2
13 13
10 21
20 24
11 15
12 14
23 11
21 19
6 22
23 16
17 13
8 14
10 1
15 9
17 24
7 17
14 17
16 1
17 1
15 10
6 3
7 20
28 6
20 25
2 24
6 16
24 27
5 4
8 13
3 24
10 26
28 18
26 16
20 13
5 2
19 28
26 11
20 2
16 7
9 2
2 23
2 25
2 22
12 25
23 26
16 24
6 2
25 4
24 24
4 3
13 10
18 13
19 8
16 15
22 12
21 15
14 12
11 19
21 23
22 14
27 18
15 1
2 7
25 12
4 6
8 25
6 19
15 18
7 25
4 8
24 6
4 25
10 15
17 9
14 9
4 9
5 26
1 20
12 27
27 17
4 10
19 23
15 3
10 27
12 2
9 13
10 6
5 28
21 24
24 16
10 27
19 17
2 4
20 28
22 26
28 19
16 14
16 25
23 3
19 3
28 3
5 25
5 27
14 6
26 26
17 2
3 24
12 27
19 14
15 8
5 20
1 13
13 15
21 26
1 14
13 19
14 7
4 18
24 10
1 11
11 20
21 20
7 22
4 6
25 9
20 10
25 1
28 25
24 18
6 18
16 11
21 1
27 14
12 20
26 25
25 17
3 8
24 4
7 4
21 26
3 2
13 6
20 12
16 9
13 25
22 10
26 10
18 7
26 3
12 6
28 1
84 384
33 60
84 77
21 43
55 9
73 2
66 54
9 52
39 4
6 29
32 17
63 11
53 50
19 28
5 55
62 65
68 47
70 28
33 71
12 62
4 58
70 34
23 20
22 70
74 62
53 2
41 81
4 66
4 55
62 77
40 15
71 55
40 73
27 83
63 80
71 66
65 57
14 16
12 19
61 7
49 70
52 5
66 61
8 37
55 41
70 40
59 40
31 70
5 40
67 46
50 10
43 20
51 41
38 28
59 73
22 23
83 14
31 24
33 15
81 50
41 47
28 59
31 35
67 48
8 72
40 36
69 60
67 49
1 28
77 62
39 39
62 43
22 84
44 42
56 27
61 35
17 49
33 25
72 50
69 13
29 36
69 69
46 34
19 74
55 69
43 70
29 29
83 22
35 39
35 25
59 6
68 70
62 45
16 84
27 54
51 82
50 20
14 50
54 63
61 76
79 48
35 46
11 54
68 42
64 27
8 80
63 55
27 69
3 67
65 4
54 7
8 6
8 38
39 18
50 15
16 42
38 10
57 62
33 83
70 48
41 70
39 72
28 81
49 34
5 45
69 45
46 53
15 54
30 16
62 48
2 11
29 72
59 65
53 67
29 74
79 60
48 29
11 59
29 31
43 15
28 73
15 8
34 68
37 63
34 10
55 42
74 28
22 18
38 6
39 47
56 58
73 82
18 68
30 69
75 23
32 72
52 73
46 49
65 42
46 9
80 38
39 26
3 14
20 48
29 13
71 43
27 64
72 16
1 74
37 63
28 20
63 40
63 56
29 19
60 43
24 46
44 8
47 72
65 56
18 37
15 6
31 2
40 37
78 57
26 83
28 12
34 49
77 24
51 10
44 33
79 32
50 39
62 27
22 10
27 63
20 54
49 72
83 10
37 62
70 42
57 19
31 35
33 51
52 59
76 38
64 73
42 38
58 22
75 57
37 58
31 69
48 16
24 19
69 41
31 27
24 67
47 24
56 24
54 24
16 80
15 33
57 7
40 76
20 11
73 42
57 39
45 32
80 72
3 40
83 50
57 62
5 3
22 80
38 36
13 41
16 65
77 3
41 73
29 68
56 34
29 10
55 6
71 41
34 64
24 80
4 84
61 6
35 31
43 17
83 2
5 69
50 44
61 65
55 24
4 52
39 13
20 33
43 11
56 25
35 62
84 55
57 16
24 40
66 27
28 81
41 33
44 3
20 67
14 66
42 30
77 7
35 14
27 20
55 48
78 70
31 36
30 18
76 77
82 65
83 42
75 68
46 41
11 58
3 32
69 46
33 4
42 57
25 9
15 60
47 60
1 14
41 11
15 35
65 62
77 32
15 71
9 45
67 62
16 84
59 77
1 60
4 63
42 76
82 18
18 29
72 56
62 10
84 31
62 41
74 56
74 65
50 60
21 58
73 8
12 38
11 33
52 48
8 56
78 38
13 72
21 45
24 3
36 39
74 55
66 46
76 71
38 75
64 81
50 81
42 69
67 13
65 2
26 4
46 43
6 82
69 63
37 11
5 63
19 46
70 53
79 50
51 62
68 44
43 52
66 20
61 21
31 73
35 30
36 76
69 41
63 39
52 58
47 28
13 76
4 8
41 58
53 54
3 60
16 25
30 84
56 7
45 54
5 53
74 23
39 45
73 67
33 41
52 78
76 25
21 18
77 8
37 19
29 2
79 55
56 43
22 11
28 24
84 13
83 36
41 58
57 11
7 43
2 30
6 41
40 23
96 830
51 87
72 18
95 44
59 25
91 28
59 4
57 83
43 58
64 64
23 94
31 82
19 6
58 57
2 82
57 23
43 22
18 52
84 64
28 60
48 39
75 32
21 40
14 76
77 12
53 54
51 21
24 30
27 5
73 25
32 59
73 49
32 52
93 33
17 6
15 1
15 93
49 68
16 91
44 90
79 57
31 72
30 95
81 64
21 45
42 70
79 60
35 7
79 29
34 55
44 89
10 9
11 53
85 50
79 13
57 70
94 70
86 42
83 41
82 53
20 63
11 23
26 23
10 66
41 20
85 36
89 39
80 57
87 89
40 62
57 45
75 61
64 7
84 3
9 49
32 93
12 19
95 47
96 4
26 89
25 47
65 41
22 10
76 4
12 82
29 8
37 89
58 75
57 71
39 77
79 22
79 24
91 69
53 90
6 34
30 86
47 35
68 90
52 52
36 46
78 84
59 89
58 11
59 92
84 91
72 20
95 10
94 36
14 7
42 14
81 34
41 15
2 55
33 55
88 31
50 37
85 47
21 1
90 71
50 57
9 46
82 81
55 27
72 59
71 9
5 36
22 22
71 69
90 13
56 82
8 24
90 7
47 28
33 84
34 42
9 35
93 46
23 8
8 33
95 49
36 47
7 59
89 64
55 68
80 84
26 37
73 81
63 55
8 8
43 10
55 86
41 87
48 92
23 43
27 80
59 82
65 23
70 50
87 96
61 31
57 49
67 83
13 11
55 32
16 72
79 90
72 34
75 6
31 23
84 80
82 36
23 1
68 44
32 75
10 31
63 78
42 51
42 10
84 6
68 52
4 65
43 61
84 7
81 56
9 79
42 88
18 77
34 52
62 82
50 66
15 32
20 13
96 92
93 25
49 16
75 71
11 56
86 70
49 46
30 36
24 45
36 3
10 96
90 83
84 83
44 50
79 16
58 91
66 17
82 21
21 47
69 12
72 66
90 4
18 95
6 54
35 70
82 57
20 3
93 24
2 50
75 77
96 12
52 52
11 73
32 19
81 21
59 56
53 17
36 95
11 47
41 5
58 38
2 94
33 93
96 41
6 19
77 96
48 90
55 84
47 58
55 42
29 72
86 93
49 31
94 53
60 10
74 86
70 63
47 23
91 96
72 24
32 75
68 75
6 76
35 49
94 39
47 43
94 52
59 69
35 1
36 90
16 71
94 90
81 89
30 35
12 61
93 4
93 81
83 68
78 88
93 27
46 44
68 67
78 57
91 24
61 81
24 52
40 19
74 9
45 26
81 30
4 76
66 81
59 39
60 18
25 93
29 27
1 16
13 27
30 21
47 80
8 94
93 58
34 30
19 1
92 28
29 58
1 64
42 10
12 44
27 44
39 56
13 14
37 50
11 49
94 87
74 32
6 58
70 51
25 76
90 70
79 52
32 2
48 78
12 94
2 39
28 53
43 77
55 4
3 18
37 56
70 9
47 12
55 6
83 81
49 32
12 93
84 5
87 18
25 33
62 32
81 56
46 64
18 59
1 64
95 72
62 87
53 33
8 43
69 3
34 82
90 42
90 79
22 75
87 59
65 5
37 33
86 68
93 5
8 34
62 54
61 40
71 72
64 13
63 96
2 30
71 60
55 57
16 63
39 10
28 30
50 54
17 79
28 68
67 40
96 24
74 4
77 89
23 50
46 3
77 93
19 94
35 61
34 37
46 49
68 61
70 9
30 14
79 88
68 80
67 81
56 50
58 21
43 62
4 43
72 12
56 33
23 83
55 71
23 62
85 32
27 33
13 87
73 18
94 1
42 51
28 12
95 55
21 96
73 67
84 19
23 52
1 81
72 36
29 16
83 90
70 66
81 71
51 15
78 65
42 71
10 83
96 70
93 9
42 1
18 15
55 20
46 25
65 26
38 90
93 14
64 67
52 66
75 95
66 62
34 34
62 32
71 3
73 13
54 86
69 90
18 79
57 63
16 87
58 47
57 84
2 21
88 40
26 1
13 39
88 24
29 83
91 83
19 15
49 77
52 69
38 17
60 38
59 44
84 87
83 5
27 16
81 55
76 36
19 17
10 57
39 86
95 50
13 26
47 73
38 45
40 5
54 46
79 56
11 52
12 28
36 83
27 56
30 33
73 51
12 23
62 89
36 83
88 83
67 96
89 58
1 79
52 90
95 55
60 61
83 83
77 82
23 78
68 24
37 24
64 93
62 68
1 35
94 75
41 38
70 94
76 16
60 76
81 74
62 82
45 74
55 68
81 92
23 10
2 32
61 25
8 3
67 88
1 26
25 54
16 12
8 56
71 71
8 18
81 77
94 95
74 1
38 62
33 2
72 52
74 31
12 85
10 48
44 60
17 19
92 44
10 32
5 93
85 28
1 69
10 92
42 55
31 63
15 22
57 62
30 52
63 4
36 15
65 68
19 1
41 6
15 61
25 39
14 68
50 27
41 90
88 90
70 13
5 74
61 88
11 44
18 7
56 88
51 29
36 67
90 33
81 59
12 81
13 29
72 41
50 10
88 20
5 71
34 7
2 64
8 8
13 53
85 66
36 67
89 35
11 3
87 88
33 57
53 8
72 37
90 46
36 24
23 7
15 77
18 1
19 3
75 65
55 63
78 73
53 96
34 81
51 61
81 7
46 82
12 53
4 53
44 23
58 77
17 16
47 12
37 7
52 72
60 14
45 29
8 85
1 37
91 67
73 85
82 14
41 48
10 95
23 38
52 5
16 20
46 56
27 42
54 52
34 6
67 79
37 87
43 77
74 57
3 61
39 45
32 76
76 41
18 59
63 62
17 92
48 15
38 80
17 95
11 83
96 1
76 81
42 64
83 4
36 25
7 42
70 15
16 92
90 70
71 78
1 68
1 55
59 31
25 44
25 5
63 56
4 61
95 47
38 28
69 89
59 14
55 27
90 1
64 86
8 53
37 8
21 8
53 47
73 21
33 6
45 5
5 3
20 37
89 80
7 84
69 51
58 54
89 33
92 76
40 40
66 54
21 71
37 54
9 52
24 31
79 27
96 39
18 26
84 32
94 34
33 1
42 35
78 83
96 50
80 47
51 86
51 42
35 44
28 63
57 76
39 56
56 37
33 27
93 73
5 27
14 62
58 59
58 27
47 59
38 32
12 10
86 93
71 60
85 2
35 13
86 80
72 51
52 95
68 77
13 64
50 56
1 33
12 69
26 20
6 66
91 89
58 78
35 7
85 57
63 56
47 75
94 76
27 43
14 28
38 47
22 15
80 29
88 40
45 31
36 37
47 77
33 10
35 75
34 52
4 51
27 94
96 87
17 93
28 49
90 13
83 73
40 73
40 64
83 55
83 50
34 71
4 93
1 52
49 90
67 78
79 22
31 37
12 79
70 45
37 57
80 56
78 5
42 27
89 53
73 45
92 59
65 45
1 60
93 18
88 51
90 13
44 52
82 94
2 62
3 18
20 8
29 58
84 94
81 47
2 95
62 41
19 63
69 40
42 78
74 18
91 83
48 54
22 19
96 51
50 11
51 13
83 35
59 35
39 17
15 9
8 26
23 67
86 51
2 32
16 93
5 56
47 77
24 53
42 59
86 11
51 71
88 71
92 61
39 87
12 38
49 5
23 45
52 14
28 78
82 85
56 7
8 85
39 59
12 90
87 3
17 68
37 90
39 46
66 36
56 70
90 63
16 20
14 53
96 21
27 54
9 29
33 45
67 74
85 70
92 30
93 33
26 20
62 51
27 84
82 14
17 19
88 75
86 165
2 67
85 63
86 69
2 29
17 85
82 55
53 79
31 50
2 34
30 30
86 39
64 60
1 10
83 45
52 53
15 54
4 23
54 62
48 77
4 12
51 23
71 31
84 22
29 82
70 20
64 25
17 68
2 16
42 47
48 43
5 12
54 47
25 68
15 52
35 4
27 53
43 47
18 21
30 57
10 23
77 7
86 50
86 68
58 67
78 57
40 23
16 39
79 77
85 86
67 49
47 34
33 56
11 10
20 54
74 6
19 47
19 23
46 38
33 50
22 20
61 58
23 76
11 75
57 46
60 13
4 74
50 30
52 85
84 84
29 85
24 8
16 45
46 6
20 17
71 67
29 53
76 16
35 46
33 61
18 65
13 59
84 49
62 40
70 47
16 83
71 86
33 27
65 24
37 49
56 45
20 14
4 79
56 58
29 60
38 27
25 4
52 82
27 41
43 81
74 16
34 55
32 10
67 27
60 2
19 64
46 78
84 8
23 31
11 35
43 26
3 74
71 1
38 13
19 81
44 69
66 73
34 11
75 19
57 47
9 66
61 54
23 22
54 63
35 13
77 14
64 49
28 25
27 11
80 72
81 32
39 5
32 28
76 4
44 55
8 41
62 29
66 8
13 5
33 6
35 33
36 68
11 38
54 60
43 29
8 4
81 3
46 65
19 72
4 69
65 60
72 47
5 35
65 74
28 5
1 44
73 59
10 26
73 76
55 42
83 79
66 61
24 31
58 82
69 34
24 3
99 161
71 12
72 83
62 12
89 79
56 84
36 64
94 81
13 65
22 87
4 50
54 74
41 63
87 42
75 1
98 86
35 89
27 45
95 46
10 43
26 29
7 82
79 27
29 62
5 43
64 41
92 92
82 70
16 35
24 6
88 28
38 56
48 81
46 84
2 39
33 99
5 96
4 80
31 61
87 10
93 40
18 24
54 94
28 63
44 26
40 29
43 1
60 56
46 49
25 2
45 8
65 33
80 17
46 60
72 61
77 36
79 14
52 19
46 1
39 99
38 73
81 39
32 85
55 20
32 47
48 94
82 52
57 76
60 69
26 4
22 86
13 68
50 8
30 64
93 10
56 69
55 52
96 86
11 19
50 30
62 97
67 54
69 36
87 46
72 72
76 39
45 54
63 18
68 22
30 64
66 82
12 51
10 80
27 44
52 43
1 15
70 45
55 22
68 55
84 26
22 66
11 29
27 91
55 50
99 45
38 58
34 69
85 74
85 65
99 61
98 94
51 42
1 96
75 49
43 97
40 24
48 81
14 84
18 71
64 12
66 54
77 58
88 55
51 52
32 23
6 76
64 46
14 80
83 22
19 4
19 20
87 84
45 68
79 57
83 84
49 69
21 98
82 75
17 55
99 15
62 47
64 97
99 55
13 18
13 34
31 94
26 92
66 36
47 15
73 20
88 24
81 23
19 68
95 29
18 57
28 95
69 22
60 75
25 76
15 4
14 62
17 12
97 609
77 79
92 33
73 95
90 21
62 43
10 79
13 44
79 76
73 36
47 43
88 42
69 29
33 53
4 61
92 27
39 15
50 19
5 15
5 78
60 3
49 60
3 69
38 60
80 20
51 66
1 91
95 31
1 22
18 33
41 59
25 4
97 95
56 96
2 71
4 82
89 73
76 45
87 44
8 94
97 24
25 46
86 40
97 81
53 12
35 68
70 41
32 3
22 90
17 22
39 22
85 11
39 5
95 73
81 73
25 69
88 18
62 84
19 51
67 34
52 32
13 69
50 12
80 58
61 58
4 96
11 82
35 94
76 27
95 87
24 78
59 71
42 29
30 26
68 56
66 11
14 75
9 45
80 5
65 80
16 47
82 84
44 49
92 75
17 44
30 44
34 87
34 51
37 70
79 6
46 77
71 50
13 53
95 14
48 21
4 32
47 57
24 21
33 31
69 52
53 43
64 57
55 9
90 44
18 20
95 91
40 59
59 46
34 77
2 8
19 97
60 61
91 65
24 59
29 28
96 80
92 68
12 2
80 87
35 97
6 30
66 81
91 88
45 80
73 84
61 97
58 36
47 44
61 1
43 92
28 75
29 26
85 53
40 36
2 87
29 14
35 30
91 34
20 73
18 8
69 81
42 27
19 43
76 39
44 96
78 13
14 33
25 59
23 88
72 72
85 53
5 27
40 45
38 39
63 49
8 38
7 97
20 69
71 43
80 70
70 45
12 31
2 46
24 41
79 51
64 15
79 10
5 73
93 24
52 51
33 48
69 84
36 33
13 50
18 31
82 26
96 58
56 32
16 29
25 48
24 53
41 63
6 81
30 70
49 12
4 10
4 33
45 67
73 87
78 34
54 96
2 24
34 47
87 60
54 9
23 6
62 31
91 75
86 89
28 94
71 75
87 87
69 17
95 75
1 7
84 79
63 47
16 63
5 42
63 30
27 74
68 30
72 76
19 64
65 26
80 97
31 95
50 43
86 34
28 81
11 2
54 59
13 34
89 67
85 89
48 55
68 11
8 12
2 16
61 22
95 2
2 27
88 12
37 18
26 87
76 28
42 95
74 58
43 51
95 61
37 83
22 21
14 56
83 84
6 29
83 82
28 34
14 87
93 24
23 7
22 97
29 86
33 46
18 62
10 51
40 60
76 2
2 95
42 64
48 35
18 24
69 12
24 30
74 70
34 43
24 79
76 74
23 68
49 90
88 40
97 52
83 10
33 21
1 68
84 66
45 49
16 34
32 21
38 41
90 22
63 90
46 59
24 34
94 42
32 24
74 95
18 92
38 28
7 54
66 53
54 71
21 47
64 60
24 38
95 62
73 48
44 51
84 33
34 29
85 53
70 7
20 4
79 30
90 66
24 12
33 71
21 4
24 73
67 97
76 25
76 43
1 26
52 40
92 23
36 55
86 18
3 26
54 38
4 86
28 81
80 31
96 23
47 3
33 53
55 57
73 23
60 93
82 16
68 97
4 84
32 81
33 21
60 95
16 65
97 93
41 49
1 87
71 17
64 75
65 82
81 55
67 61
57 22
33 50
25 10
82 9
72 87
28 41
95 75
88 14
11 90
24 71
13 26
84 38
80 96
74 85
78 83
71 58
48 21
10 33
37 79
78 58
21 51
71 50
9 77
7 73
24 7
55 85
42 70
72 4
29 54
40 37
47 95
57 51
40 55
15 77
95 25
91 88
77 21
72 82
21 23
55 2
6 6
39 23
85 73
28 48
93 92
6 79
95 67
63 46
73 10
84 5
58 4
59 54
20 45
57 52
88 4
44 80
1 65
88 31
57 5
21 24
2 18
96 19
32 18
17 42
52 76
31 53
45 92
72 86
64 91
35 45
6 81
10 34
17 53
87 40
62 83
32 9
69 75
49 89
56 30
92 23
21 19
2 3
62 83
12 36
66 17
49 63
14 90
1 3
4 45
15 23
39 57
72 73
19 7
15 58
8 14
24 89
51 5
36 85
55 44
75 66
57 24
27 93
11 30
22 55
21 43
17 31
9 53
67 11
72 43
79 73
83 73
25 93
89 25
96 13
72 76
97 76
94 23
67 45
92 50
89 73
8 23
25 79
89 36
62 32
43 93
91 11
35 45
39 58
9 72
39 30
44 53
27 89
88 79
60 96
32 51
84 15
42 59
15 61
91 85
8 55
86 59
31 8
23 62
26 85
17 6
92 25
15 53
27 66
28 72
18 35
75 21
89 38
63 93
79 28
2 28
75 58
21 8
43 57
86 94
19 84
93 78
55 69
86 22
93 60
85 2
30 56
4 24
52 47
59 33
49 17
83 52
78 20
6 69
95 34
82 43
86 95
35 75
91 7
35 63
18 14
96 35
54 2
71 93
31 65
73 88
21 88
9 42
23 84
75 85
51 73
82 65
14 40
4 76
3 5
75 25
31 69
73 55
72 48
49 16
31 39
11 57
97 72
65 76
30 78
97 48
31 18
70 7
56 65
49 38
73 33
94 53
51 62
82 53
36 27
73 28
74 4
8 48
26 75
72 28
89 86
96 32
18 44
23 17
71 29
8 69
11 9
18 53
44 39
88 42
76 85
62 65
76 78
54 18
68 45
24 48
25 88
82 78
90 82
54 78
59 30
64 82
77 3
7 17
4 82
53 17
75 41
45 75
58 47
57 8
96 53
29 20
20 88
65 76
61 93
36 13
54 87
13 25
79 89
28 34
7 80
23 79
52 63
36 52
85 33
67 30
5 45
10 48
42 77
17 996
17 15
15 13
17 8
8 8
4 16
7 6
13 2
14 13
16 2
17 3
17 7
9 7
2 14
13 7
3 6
15 4
12 3
6 7
15 4
3 15
3 4
14 13
16 10
9 2
13 14
12 3
15 13
4 6
11 17
9 13
10 16
17 8
7 9
7 16
13 6
14 3
11 4
11 13
2 14
9 16
1 15
16 1
12 10
1 15
2 9
9 4
5 17
7 14
7 11
11 7
14 1
5 10
3 3
1 10
4 10
7 4
15 3
6 3
15 6
14 7
6 16
8 9
13 6
12 2
4 14
5 17
2 3
3 14
4 15
1 4
4 7
6 1
12 3
17 14
6 13
7 8
11 13
12 14
17 15
8 2
3 16
7 11
11 15
11 12
14 8
11 15
6 12
12 16
16 4
17 4
9 13
2 15
5 7
9 14
4 6
12 8
13 5
3 8
9 9
14 2
4 15
17 12
12 6
11 7
8 1
13 8
12 16
13 15
8 2
3 11
17 8
3 13
14 3
1 4
13 15
2 16
14 8
10 1
13 12
1 4
11 6
9 14
17 12
6 2
12 16
14 14
11 9
13 11
4 7
3 4
15 16
13 12
4 12
13 17
16 2
16 8
2 1
1 15
7 13
9 12
3 5
7 11
3 10
5 9
9 14
14 4
8 8
6 12
17 1
3 7
7 1
8 7
2 1
7 8
13 2
7 9
5 10
4 5
14 15
3 5
1 11
17 10
10 15
12 9
6 9
14 3
15 15
7 16
13 16
9 7
5 3
16 1
16 10
15 7
17 14
5 14
13 15
7 2
7 7
14 11
8 7
17 12
12 9
16 5
2 2
5 10
12 7
3 11
3 12
17 13
12 6
4 2
9 7
4 8
16 1
15 15
1 15
1 3
5 12
15 14
13 16
5 2
13 16
11 16
14 3
17 17
3 11
6 17
10 12
8 4
1 12
15 10
10 14
16 9
14 4
13 7
13 12
12 9
15 3
14 12
1 6
16 1
12 6
11 10
2 8
12 4
6 16
7 16
15 3
16 4
3 5
7 2
3 8
4 14
16 9
3 4
15 11
1 1
14 9
17 1
17 17
16 3
2 4
1 10
15 4
9 3
6 8
12 13
16 11
8 2
4 13
1 17
13 15
7 8
15 15
15 3
15 4
3 10
1 5
7 11
1 4
9 4
14 4
13 11
1 11
2 6
5 10
3 12
10 6
14 16
14 3
15 4
1 12
8 17
9 15
14 12
10 5
8 12
16 9
2 16
9 2
4 3
12 14
10 14
11 10
14 9
14 9
13 4
5 7
12 15
10 6
11 8
10 17
17 2
16 6
5 12
14 5
2 16
5 7
11 5
5 2
1 12
11 7
2 17
10 4
11 16
8 7
16 13
14 12
17 2
16 14
8 6
6 4
1 13
11 9
12 16
9 2
6 12
15 16
5 14
17 11
8 8
16 2
11 1
10 12
9 7
9 13
5 8
17 17
3 13
3 14
8 14
7 7
8 3
5 5
12 10
4 12
8 1
5 10
5 7
6 3
15 10
8 8
13 12
3 15
12 9
12 5
9 12
14 6
12 6
5 3
16 1
10 15
8 10
2 16
13 9
12 8
16 6
16 12
2 3
3 10
6 13
2 13
9 7
8 9
1 13
5 14
17 14
15 16
12 7
4 7
7 2
12 12
14 8
5 16
14 13
8 12
14 10
10 4
5 1
11 14
11 15
9 3
3 15
9 14
4 2
16 16
4 13
13 12
12 15
6 13
16 2
12 8
7 12
5 6
8 16
14 3
9 14
1 17
14 17
8 16
3 6
9 1
7 15
10 10
14 14
5 13
2 4
11 1
15 16
10 13
17 9
3 15
14 8
8 11
6 14
14 15
8 6
16 2
15 11
6 15
6 16
2 11
8 2
15 14
4 9
5 11
8 8
17 2
2 17
7 10
10 10
7 9
6 1
2 6
7 13
4 6
8 3
4 7
2 10
16 5
2 9
1 8
3 2
14 13
6 1
15 8
8 10
14 13
17 13
10 6
14 4
5 1
1 15
14 5
9 11
8 10
9 15
5 2
17 15
11 8
17 13
16 7
11 7
12 17
13 12
1 5
7 8
2 17
9 2
17 7
15 16
11 5
13 8
7 1
9 3
7 16
9 14
11 10
7 13
3 16
9 2
1 10
1 5
13 9
11 11
9 10
5 6
9 3
11 13
17 6
17 2
13 16
1 8
11 7
7 4
12 15
9 7
17 17
8 12
14 13
5 5
3 2
2 2
3 9
16 16
16 8
17 14
6 11
6 2
9 11
6 13
9 1
15 13
5 10
7 9
16 15
5 10
10 3
11 12
16 13
9 1
7 16
9 16
1 10
8 9
1 11
16 6
17 9
12 10
12 12
17 1
12 15
2 10
14 6
9 10
16 9
4 9
12 11
17 10
9 7
15 10
13 10
10 15
17 8
7 15
16 9
8 2
5 14
13 10
5 9
6 10
13 8
17 13
11 5
16 6
12 3
5 11
5 14
3 16
5 4
16 5
9 8
9 5
6 5
6 4
4 16
2 16
11 8
1 4
15 17
5 15
3 13
7 17
2 6
9 12
15 16
3 2
3 10
6 1
11 17
6 8
6 17
14 5
12 1
3 1
13 7
12 14
12 11
12 2
1 11
8 14
15 7
2 9
9 6
1 16
11 13
9 10
3 15
4 7
1 13
1 9
13 17
6 3
6 1
3 3
7 5
7 14
7 5
3 13
4 1
5 10
15 17
13 6
4 13
9 4
15 8
16 2
9 8
1 12
3 14
5 11
15 6
4 14
16 13
10 14
8 5
13 8
7 9
12 9
16 4
4 4
8 6
2 8
8 11
3 5
5 15
15 3
1 3
11 6
4 15
6 16
7 4
17 7
14 17
5 8
12 7
14 12
13 5
3 16
8 11
2 17
17 7
10 11
14 4
2 8
2 8
13 3
10 12
7 14
9 3
13 4
17 15
17 15
16 17
9 11
14 2
8 9
9 15
9 13
6 16
12 12
13 5
6 5
12 4
2 2
10 14
8 9
14 4
14 8
7 6
14 4
17 3
8 6
9 6
5 3
12 3
10 12
4 14
5 17
15 4
6 9
10 11
1 14
17 6
6 1
13 17
17 6
6 4
7 4
9 2
2 5
10 7
9 5
14 12
9 7
10 10
1 6
10 14
4 16
17 14
16 17
11 3
16 4
8 11
5 5
7 17
16 4
7 14
10 17
2 17
13 4
9 5
7 4
6 16
3 14
6 8
14 1
3 7
12 7
10 11
9 17
3 1
11 5
1 17
15 6
1 4
15 12
17 11
2 4
17 8
4 5
11 1
6 4
3 1
8 6
8 13
10 7
13 17
15 6
12 8
4 8
9 13
2 7
12 10
5 13
13 14
10 6
4 10
1 5
16 5
17 2
9 16
8 11
9 10
8 3
5 4
7 2
4 17
3 16
2 2
8 9
2 5
5 8
3 13
16 3
10 13
8 1
8 17
3 15
13 5
2 17
4 4
16 14
5 11
10 11
11 4
13 16
9 7
4 15
16 1
16 7
11 13
7 7
17 6
4 1
14 4
7 6
7 5
2 2
14 6
3 9
1 15
7 5
13 6
8 7
9 12
8 17
15 1
15 3
10 15
15 10
13 8
15 15
17 7
9 9
11 13
7 1
11 4
9 17
7 9
13 13
13 2
9 9
9 7
10 9
7 1
4 17
3 13
1 5
4 3
13 9
7 14
3 3
3 11
16 1
3 16
4 6
1 13
17 13
14 6
2 4
13 17
5 17
8 3
13 14
15 2
6 9
6 14
2 6
11 1
6 17
14 4
4 15
17 1
7 14
1 8
7 14
12 10
14 9
13 11
1 1
8 4
7 5
5 15
14 2
8 9
10 1
16 1
8 4
9 7
4 7
10 2
12 4
3 4
14 1
8 1
10 3
14 15
3 6
17 15
13 16
7 3
2 2
11 9
12 6
7 15
15 14
13 6
7 7
5 8
1 5
3 16
13 6
6 1
10 14
5 15
13 1
11 7
10 8
6 13
17 12
3 5
12 9
9 12
2 11
8 15
4 13
15 2
11 16
10 16
9 1
9 5
3 15
9 5
9 8
15 12
4 1
16 1
15 5
15 13
5 16
11 3
15 13
13 7
12 11
9 10
12 11
16 12
7 7
10 9
6 9
13 8
6 9
7 14
15 5
8 10
17 6
9 12
6 13
15 17
1 2
12 10
6 17
2 5
15 4
14 17
11 4
2 10
8 16
13 6
15 1
5 9
15 16
8 17
6 6
14 10
1 5
14 12
7 7
4 10
9 16
6 2
6 5
4 12
2 15
10 17
4 7
17 5
17 16
1 13
1 8
14 4
3 15
10 7
11 10
3 13
12 1
17 2
12 10
4 2
15 3
4 13
6 11
15 16
13 9
7 10
9 13
13 15
8 11
14 15
10 5
13 5
4 16
8 13
6 12
88 735
43 5
48 15
2 66
87 81
62 38
15 70
46 67
50 23
70 84
61 8
19 46
54 70
3 28
29 81
2 87
12 72
71 71
79 47
26 11
2 56
26 59
36 63
33 45
87 82
73 87
64 60
87 57
57 17
10 87
49 81
39 29
39 30
28 55
29 33
53 34
34 67
48 8
85 62
57 85
38 26
85 86
38 26
28 20
61 48
29 58
73 79
39 28
18 21
19 55
49 44
67 20
17 51
59 18
11 29
33 56
55 20
73 51
8 13
76 38
78 78
70 81
63 77
74 1
42 62
23 40
26 45
10 79
19 69
62 8
22 44
59 86
62 74
79 14
49 19
59 70
66 84
30 85
9 12
51 85
29 49
48 83
38 71
5 76
46 77
87 79
49 47
57 40
3 81
46 65
39 50
59 54
63 71
31 9
9 7
61 41
5 31
23 56
48 12
86 51
61 39
65 11
33 85
7 85
47 66
29 32
79 53
28 59
41 83
40 7
51 43
3 59
74 2
23 73
11 70
60 17
18 28
87 26
67 77
66 1
7 70
88 19
82 45
65 83
34 17
31 33
13 47
5 76
84 85
76 26
22 39
88 80
26 45
83 11
51 22
58 60
64 60
40 43
54 34
30 1
67 35
1 67
8 4
77 9
18 15
74 39
19 50
12 88
44 24
69 76
47 34
33 69
64 46
67 45
66 40
7 69
8 1
76 53
68 32
29 70
11 18
11 58
10 4
22 69
75 63
72 65
25 38
71 69
22 60
28 22
5 68
13 81
64 51
28 21
60 42
72 68
9 67
67 86
86 35
84 68
51 32
46 1
18 31
70 6
30 65
78 11
81 28
21 73
26 12
58 67
8 2
4 33
62 68
2 20
42 19
74 63
49 63
66 42
79 72
87 87
84 10
2 60
55 60
59 85
44 56
8 77
88 20
58 52
84 6
71 16
37 24
65 18
67 13
60 37
21 3
49 9
12 56
74 5
79 2
46 27
56 13
33 26
34 30
77 52
6 36
51 31
88 84
43 81
72 5
87 5
46 50
39 56
4 36
64 16
65 27
46 73
40 59
36 74
3 84
61 87
86 18
64 41
64 7
27 58
42 60
54 40
73 24
45 41
24 9
22 42
2 13
26 35
33 80
46 3
16 69
81 44
50 46
46 78
48 21
76 51
55 44
27 7
88 80
8 49
25 87
74 23
77 74
79 51
60 6
70 87
83 64
40 32
16 39
4 15
52 32
25 63
63 78
71 10
72 31
26 56
26 29
36 61
9 28
78 16
48 49
26 26
9 47
12 37
52 27
43 82
49 69
45 75
1 18
4 12
10 46
48 28
16 49
46 82
10 66
55 36
22 25
79 64
78 20
5 19
67 63
1 73
29 10
21 17
40 54
15 21
39 22
36 30
13 74
6 65
46 87
68 15
53 12
86 35
24 59
32 39
7 88
84 64
45 19
3 53
26 57
41 22
21 88
83 30
10 88
56 15
17 18
18 75
20 23
40 34
56 76
86 14
7 56
14 25
38 66
7 87
56 69
76 78
21 38
36 88
39 26
5 86
54 88
35 26
87 3
73 52
26 74
61 80
57 45
54 70
67 52
24 60
26 32
1 82
44 25
72 83
18 7
18 43
65 5
1 61
57 32
74 68
19 19
30 23
64 29
32 18
83 87
26 6
51 47
70 81
62 55
34 40
42 25
46 57
33 63
53 17
49 18
79 78
8 43
29 28
45 13
82 36
14 63
43 61
18 9
85 62
44 86
44 61
54 5
26 26
29 88
24 5
82 38
31 32
64 77
33 81
53 10
40 1
35 87
48 73
58 4
78 48
77 47
79 47
87 24
68 29
41 42
20 49
43 74
58 84
50 46
73 79
15 16
22 11
36 34
37 56
72 80
60 19
47 49
72 43
71 20
32 49
43 68
19 36
7 72
3 32
81 84
28 5
63 57
8 43
6 87
45 6
20 16
85 26
11 39
20 50
54 67
20 68
44 9
67 47
46 15
13 23
26 80
29 46
52 34
78 32
79 65
57 37
76 24
34 12
22 77
58 42
48 4
87 80
68 32
33 56
33 8
57 42
51 5
43 40
3 24
39 11
51 4
29 29
42 72
68 19
18 35
45 55
55 59
84 68
40 29
27 51
60 66
36 39
68 74
43 40
55 65
88 32
81 43
2 63
71 13
16 4
10 29
37 86
9 61
80 34
42 12
78 61
22 44
70 74
61 48
85 81
55 63
49 64
14 76
70 32
25 81
24 80
80 84
35 39
38 50
35 18
3 35
13 21
69 22
45 9
30 81
82 65
28 73
27 72
26 35
41 27
72 57
72 64
48 51
65 23
25 54
77 10
53 53
57 77
69 21
48 42
35 65
80 72
70 75
8 25
42 83
28 73
70 57
74 7
13 40
44 41
33 58
71 15
56 83
33 40
9 12
45 64
3 20
12 72
34 31
78 26
58 40
53 46
13 71
33 17
55 58
57 26
37 49
74 11
12 84
34 55
83 34
59 20
64 50
52 30
83 62
47 1
36 63
15 8
35 11
88 64
84 68
67 27
26 53
80 44
32 35
33 80
13 13
19 38
31 72
65 45
67 15
8 33
31 44
49 1
74 16
68 23
10 67
47 46
34 33
60 79
37 54
73 18
10 83
63 58
15 77
8 16
86 18
20 32
67 43
86 23
29 52
86 54
65 78
46 63
76 27
78 87
77 50
80 5
64 83
29 47
51 52
87 27
4 71
68 9
44 45
20 77
77 40
25 61
13 17
88 2
12 2
79 53
83 66
85 56
45 86
37 74
86 83
72 57
9 72
84 48
1 83
26 27
65 62
51 53
48 28
19 23
6 6
52 67
30 21
88 37
83 70
76 82
86 29
37 47
36 23
82 55
6 30
67 6
4 72
78 88
50 36
80 64
77 47
25 7
58 84
19 17
46 75
75 60
79 61
2 83
49 67
51 51
67 27
26 12
58 56
75 73
8 67
34 81
18 22
11 17
26 50
39 35
65 71
48 46
15 16
51 38
37 71
68 19
86 36
15 9
12 18
72 31
64 46
21 20
36 64
49 26
36 12
83 70
34 31
11 56
80 13
12 44
53 36
74 14
15 39
57 79
27 19
72 35
73 9
65 65
20 11
6 1
79 31
80 81
12 15
27 13
61 27
67 87
35 46
6 87
70 81
47 45
82 29
80 81
15 39
19 18
82 27
5 11
81 46
25 41
50 18
54 41
4 28
45 57
31 13
79 7
34 27
32 25
12 51
33 26
83 41
27 41
10 54
81 15
79 32
1 7
83 21
79 19
74 57
45 78
47 54
32 29
6 32
2 12
38 25
3 18
8 25
2 17
40 26
38 19
26 10
42 24
35 24
14 3
28 10
27 28
23 5
22 6
21 41
38 39
34 33
47 6
33 8
22 33
11 21
21 33
12 13
29 21
8 20
12 31
26 42
14 7
41 35
8 44
8 2
18 11
35 34
47 33
17 5
30 7
24 17
31 35
10 41
17 4
45 37
39 35
27 27
10 3
26 26
5 2
28 15
19 1
5 9
18 39
32 38
22 237
9 21
4 9
18 7
20 13
11 16
7 16
3 19
1 1
16 21
11 6
5 8
4 11
2 13
3 19
22 13
17 3
22 7
19 21
15 15
8 15
17 16
2 18
22 13
9 14
22 9
6 4
14 16
7 18
2 17
19 5
10 15
21 1
18 12
17 9
6 15
18 13
15 3
13 19
19 11
6 14
10 16
6 10
3 18
22 21
18 5
9 5
4 1
9 22
16 1
7 18
14 10
16 21
16 22
2 4
4 20
22 18
1 14
4 15
22 10
18 12
2 2
22 5
18 1
13 20
2 14
6 16
19 20
12 17
3 21
3 18
4 10
13 6
15 19
2 1
14 14
10 19
7 17
16 11
18 12
21 4
21 1
1 17
4 18
20 9
13 7
18 19
8 16
15 16
20 11
16 8
14 1
15 12
9 18
22 6
19 15
2 16
17 2
13 9
12 3
4 13
8 7
17 10
17 10
14 8
11 14
5 1
4 3
3 17
5 1
11 21
12 5
18 6
7 3
11 3
13 22
11 1
7 14
4 21
15 20
20 11
15 22
18 17
17 14
2 2
11 3
18 2
9 7
19 16
16 18
10 3
14 5
9 13
2 5
9 2
3 15
1 10
11 8
3 7
8 15
3 12
3 8
8 14
5 11
6 17
16 8
15 18
4 5
9 6
21 18
14 10
16 16
2 3
1 12
20 3
9 12
2 21
10 19
14 5
9 18
7 19
22 16
8 4
13 11
22 13
20 19
16 5
10 11
18 1
3 15
15 6
14 15
11 21
1 20
8 5
19 17
6 7
20 7
11 1
22 20
5 21
17 12
15 6
12 1
18 8
6 8
19 13
5 7
9 1
18 8
3 9
8 22
17 4
18 16
4 3
13 8
21 15
4 3
12 19
22 2
13 1
1 10
21 16
12 20
12 8
22 19
13 6
4 22
5 22
16 2
18 18
19 21
5 7
16 21
2 7
13 21
9 1
17 14
20 5
14 16
13 18
7 7
2 8
1 10
1 7
12 19
20 21
18 7
1 2
1 18
5 7
17 5
17 8
12 12
8 8
13 18
8 15
11 3
47 797
26 3
24 19
28 23
39 35
25 6
46 30
42 43
45 31
8 37
2 29
18 14
4 6
12 40
8 46
43 31
14 28
1 7
5 28
39 23
35 20
5 33
7 26
31 31
34 1
47 3
34 14
39 29
5 16
29 10
8 42
45 35
31 1
46 33
18 32
27 32
32 5
42 41
36 4
22 39
12 23
42 15
26 1
46 3
12 26
26 10
37 1
7 18
20 2
40 25
10 5
1 44
2 11
6 37
33 19
9 16
7 4
41 8
32 32
1 16
29 22
4 24
34 10
10 6
16 36
45 47
29 25
12 22
11 26
2 12
42 2
9 34
12 35
34 21
31 47
20 46
18 28
29 9
19 38
32 26
34 20
35 41
46 9
34 45
8 43
2 24
41 4
31 35
4 20
5 38
23 21
21 4
11 14
24 24
41 31
11 7
38 6
35 44
19 20
42 36
9 40
41 3
24 1
11 35
19 9
6 13
12 2
24 5
3 30
47 15
19 39
32 6
37 31
4 32
22 29
11 6
6 14
31 31
26 18
32 3
3 38
29 7
10 37
14 38
41 31
46 11
18 1
19 34
29 8
47 20
37 39
32 46
1 13
23 47
39 41
42 19
43 22
32 28
6 4
12 46
36 32
12 8
11 6
23 23
1 10
12 23
32 39
5 37
12 11
22 40
21 15
46 41
34 36
36 47
16 23
9 25
40 47
6 17
25 14
20 9
39 38
45 30
30 2
21 33
2 42
17 10
41 21
44 10
32 5
15 37
22 26
3 34
45 31
41 43
15 15
4 36
46 20
12 19
16 32
35 31
13 46
17 15
27 40
4 18
36 29
31 24
45 5
22 33
15 20
42 47
20 4
28 26
37 37
45 45
37 36
13 35
40 46
14 43
26 9
3 17
6 13
14 1
33 41
27 37
8 39
46 35
15 12
46 39
32 30
10 43
13 28
6 38
24 34
7 47
12 17
13 47
29 22
23 21
21 26
18 29
19 13
18 46
9 13
7 30
4 31
32 35
4 17
5 36
7 20
30 26
13 38
21 45
29 32
15 16
18 9
8 19
15 31
36 47
36 15
17 12
37 36
18 21
9 13
28 44
30 16
33 29
40 47
11 25
34 15
46 40
30 4
28 38
46 1
22 16
31 42
32 42
36 28
24 40
45 15
37 18
40 5
38 43
21 43
28 33
11 13
36 13
35 18
1 2
29 1
36 41
6 9
24 31
16 41
20 25
1 5
1 16
2 22
26 10
44 4
22 4
39 44
37 47
29 31
29 22
3 33
29 2
5 14
1 47
46 23
42 28
34 32
15 36
36 6
40 19
38 6
24 23
47 26
11 47
22 34
13 34
42 22
39 37
43 41
18 28
11 12
45 3
41 29
37 24
36 12
5 33
12 11
34 36
41 7
20 3
19 16
10 26
42 2
2 26
44 25
19 46
31 15
28 6
5 14
32 43
46 34
38 28
7 18
40 26
8 28
10 9
40 32
18 42
29 21
33 32
30 1
35 2
19 40
33 40
35 35
24 3
14 27
39 31
31 12
42 38
44 43
43 8
29 30
13 1
36 39
6 34
3 14
34 15
46 25
1 35
30 26
37 32
16 40
41 9
1 39
37 24
23 40
12 22
42 23
31 35
2 36
46 23
40 13
18 26
37 17
22 16
20 33
22 9
42 35
6 4
42 22
18 33
38 47
2 39
13 32
42 30
25 14
22 34
13 14
35 8
18 33
6 6
33 31
19 27
24 19
35 31
47 37
47 45
43 29
7 30
26 22
14 7
22 20
33 10
40 45
46 34
12 8
22 29
40 30
43 36
28 8
10 16
20 1
41 25
15 37
10 40
34 13
37 37
44 8
45 47
42 16
43 7
16 17
4 8
33 20
2 43
39 42
15 44
15 6
36 21
3 21
44 27
23 4
34 12
46 14
32 43
14 35
32 39
33 39
7 9
43 2
4 7
20 21
10 36
39 38
41 39
24 40
9 14
20 10
9 2
7 7
27 19
13 46
1 7
13 35
42 41
44 5
16 26
39 13
19 10
36 7
37 35
22 45
19 37
21 23
6 15
45 31
7 33
22 39
4 24
4 39
3 20
2 7
38 7
23 21
3 45
37 45
15 43
47 3
18 15
10 13
20 15
40 39
6 8
35 17
31 12
40 42
34 9
34 27
45 13
12 27
2 16
34 10
20 45
30 4
4 7
47 27
9 21
36 43
46 22
33 36
42 7
23 41
19 6
17 20
28 8
36 21
41 6
30 19
12 34
3 20
36 18
43 41
25 19
45 11
24 23
36 17
31 22
36 36
43 10
46 47
20 7
11 32
29 45
44 20
42 5
4 5
27 1
12 36
6 35
35 42
14 8
47 45
35 46
2 9
30 4
41 23
38 31
26 24
21 26
30 8
39 22
28 43
23 32
25 29
24 29
28 44
19 9
4 15
31 2
37 29
18 43
35 30
27 33
38 42
21 7
46 1
3 44
10 19
23 9
37 33
37 26
46 16
45 36
7 30
47 3
4 31
6 39
18 7
2 13
41 11
41 3
29 18
7 43
45 41
17 28
33 43
32 24
32 39
26 19
2 34
13 15
30 20
11 15
41 7
34 27
36 23
15 36
10 20
12 12
36 22
4 39
20 28
31 25
28 3
39 45
26 31
39 11
7 23
3 7
20 18
31 2
4 24
39 7
15 25
18 40
35 11
30 21
26 2
38 8
20 25
44 14
41 46
16 10
44 30
36 39
12 19
40 20
35 47
45 39
20 4
7 46
44 3
8 37
11 21
43 39
47 47
9 30
3 9
30 34
3 8
43 40
4 18
46 28
13 23
43 38
32 30
45 46
31 29
31 19
42 5
42 26
18 31
40 44
2 5
44 41
38 43
20 34
25 10
15 43
4 23
27 37
47 44
28 4
39 45
10 12
10 5
42 1
23 7
30 27
26 29
10 40
16 27
45 23
44 30
29 21
47 13
37 5
46 27
18 15
34 9
39 39
45 43
7 40
47 33
9 20
45 47
19 41
34 19
42 2
22 25
4 25
8 27
2 25
19 10
40 10
30 2
39 20
31 11
25 28
3 16
45 28
27 11
13 12
42 11
11 26
40 31
9 9
12 38
39 36
37 8
31 17
27 10
28 25
20 31
35 12
5 34
6 15
21 14
38 10
32 16
28 19
5 10
44 46
17 18
7 9
20 33
9 8
42 24
47 1
38 5
29 45
22 37
31 32
33 35
5 41
11 44
45 13
25 1
41 10
45 5
36 10
45 30
35 7
18 3
25 28
3 39
42 45
8 34
13 2
19 19
20 18
8 34
17 32
4 37
13 9
7 7
33 23
35 17
27 31
13 26
26 28
13 8
22 20
7 18
14 23
23 16
6 6
20 32
33 18
15 10
33 13
32 17
24 40
47 35
13 7
31 12
30 44
30 29
43 11
21 18
15 18
21 20
23 38
2 38
10 21
4 28
41 18
44 8
12 29
24 16
34 35
35 5
20 19
9 23
24 42
16 35
8 14
7 4
19 27
35 45
31 43
29 11
13 25
11 31
18 17
35 17
26 40
2 27
18 3
43 39
7 3
45 23
25 23
51 622
18 10
45 39
6 5
31 23
30 19
6 16
49 39
20 15
18 30
8 43
29 6
3 45
6 48
27 8
20 49
40 28
25 35
4 6
29 26
27 8
4 35
32 37
18 51
8 38
47 41
31 15
15 27
14 29
29 11
31 31
49 39
36 34
12 17
17 26
24 42
25 46
9 43
25 37
3 5
16 29
47 29
38 5
24 35
46 5
4 17
33 46
1 2
9 22
32 21
6 12
41 22
30 29
4 48
11 4
4 47
18 29
47 19
14 6
7 14
8 27
9 4
49 21
26 49
10 9
12 19
47 6
41 22
41 4
29 25
27 11
29 36
40 28
7 28
13 29
38 31
4 44
23 17
25 47
14 34
15 14
5 14
24 7
10 51
14 33
46 44
27 25
1 43
9 36
40 14
32 23
21 13
33 35
44 50
6 19
38 43
36 42
18 41
13 50
4 4
23 43
5 34
17 48
31 9
15 29
25 18
45 23
3 16
8 38
2 6
38 44
47 50
14 47
37 28
20 42
31 6
4 3
50 34
33 19
10 9
45 18
46 28
15 33
1 43
13 22
11 26
13 50
15 29
37 31
19 51
24 32
25 46
7 37
14 34
34 21
46 1
32 11
51 36
32 37
32 35
45 32
23 7
16 43
11 13
17 42
38 14
47 6
18 19
43 17
45 34
31 20
3 11
34 13
11 5
25 14
49 3
8 27
50 50
32 37
33 41
16 8
10 49
28 38
23 38
3 13
13 34
45 17
34 12
20 40
11 35
50 42
14 30
34 6
41 11
19 22
16 5
2 8
22 15
6 20
17 35
14 1
3 11
34 19
47 38
45 7
44 46
19 23
30 15
25 36
17 17
10 36
29 29
18 49
43 26
19 33
6 7
22 15
41 49
49 22
50 34
5 10
13 9
31 8
11 30
33 33
48 14
40 4
40 27
13 46
41 24
19 2
39 6
13 51
8 35
23 28
22 13
11 46
42 34
48 5
13 41
13 24
3 34
28 18
15 5
12 3
10 33
48 17
16 42
48 28
17 43
6 31
38 26
32 4
19 5
49 15
23 34
17 32
8 26
1 6
14 12
14 17
15 25
22 23
15 14
22 26
49 43
14 43
17 9
42 24
28 36
5 39
30 40
27 13
24 29
43 21
20 10
10 18
34 35
3 9
6 25
29 26
3 15
49 45
29 4
22 24
30 16
16 37
22 30
47 14
14 29
32 35
40 22
32 2
7 49
35 25
15 16
39 24
9 36
17 42
40 21
15 51
15 29
20 18
44 5
41 40
15 21
7 17
28 13
8 43
40 29
50 33
4 47
38 42
14 38
5 25
27 17
35 42
26 39
4 30
1 23
16 39
9 46
43 24
10 46
30 17
43 21
34 31
19 21
24 2
48 43
47 28
33 21
41 19
40 42
47 24
44 9
23 2
26 35
36 46
23 31
8 41
24 23
37 39
19 15
29 44
7 31
43 3
19 8
26 38
40 29
43 46
7 31
17 16
35 29
50 31
15 3
17 39
42 7
20 16
47 15
11 6
44 37
31 39
40 16
11 48
32 26
42 36
39 40
27 43
37 20
49 40
18 19
26 45
24 26
10 21
21 22
51 19
47 14
35 41
11 20
7 15
35 49
11 25
40 22
48 2
47 42
28 23
41 29
1 25
35 33
13 16
6 14
35 25
45 17
38 2
38 50
35 32
1 27
40 45
50 36
40 42
23 40
41 49
35 34
23 12
27 23
30 18
3 27
46 5
31 45
2 21
49 40
42 2
37 9
41 32
29 35
29 49
27 38
40 16
20 15
24 17
50 4
44 31
6 50
28 48
51 3
32 37
11 8
12 7
18 5
51 24
41 13
15 38
41 30
8 45
26 40
34 34
30 47
27 3
35 29
41 10
10 19
24 26
32 32
8 16
39 2
33 32
15 9
1 13
47 37
11 33
36 3
29 10
2 5
3 46
10 21
9 14
8 1
25 22
18 9
32 11
19 2
31 4
23 22
2 38
11 19
36 38
35 18
4 30
48 19
36 43
26 16
39 4
16 3
12 48
6 14
45 1
36 51
23 20
13 40
47 47
28 44
6 22
37 42
48 3
51 7
14 34
33 19
4 31
49 39
8 45
35 28
11 12
2 5
14 51
38 4
27 39
40 1
7 44
29 13
7 17
33 5
2 46
35 34
7 10
12 27
47 23
28 33
24 32
1 21
28 5
45 22
28 48
27 14
10 36
46 50
16 31
36 23
47 48
18 8
3 6
24 37
5 24
17 34
47 51
45 20
29 32
20 11
20 44
31 2
37 32
27 3
36 50
23 21
15 43
32 40
13 34
22 40
24 7
5 46
28 51
37 34
1 16
13 29
11 43
46 14
30 19
51 2
9 40
36 45
30 32
9 13
27 43
13 8
35 3
30 35
38 10
12 12
17 49
9 35
4 28
49 50
12 32
45 4
27 16
41 48
33 12
15 40
28 32
10 28
32 17
30 35
50 45
41 19
49 25
35 5
1 23
39 2
42 21
47 15
39 49
34 30
38 16
28 49
8 14
17 4
15 27
8 41
41 43
19 27
34 15
19 51
34 2
36 5
17 33
48 15
32 5
14 30
40 40
6 42
3 48
18 40
5 42
4 34
26 1
41 37
40 13
3 41
30 2
31 17
51 3
42 17
17 11
24 7
39 12
34 7
4 47
15 17
36 39
17 36
6 20
27 24
23 45
16 26
47 49
20 24
37 6
46 18
40 45
42 4
30 1
15 5
26 44
40 18
47 9
24 8
45 33
46 5
31 41
38 9
30 17
51 6
9 2
60 865
1 56
58 36
35 36
56 42
30 18
43 55
33 31
34 48
40 35
48 5
43 17
32 14
25 10
30 25
28 46
17 43
42 24
15 15
49 24
3 7
13 56
14 7
3 20
42 45
5 35
59 47
11 20
34 11
45 16
2 15
15 31
15 25
1 24
54 27
36 19
2 12
19 41
30 9
49 33
17 49
40 59
23 60
58 5
30 56
29 33
11 47
35 36
13 15
36 15
1 50
55 60
39 25
46 1
46 9
17 48
47 32
54 27
52 47
17 55
14 51
36 3
30 20
48 15
46 27
40 9
47 60
43 55
3 31
46 39
57 18
58 54
10 26
59 45
50 22
9 56
14 35
33 39
32 42
41 28
16 22
4 58
34 60
37 46
22 38
43 36
48 3
40 45
11 13
7 19
28 24
18 20
53 19
30 13
58 12
52 35
37 34
41 60
8 14
24 8
55 25
21 16
32 13
15 38
54 32
47 55
15 37
38 47
21 12
17 25
46 24
57 6
4 14
56 42
13 48
18 34
28 14
26 37
60 23
12 8
52 21
23 49
51 47
3 33
20 3
7 50
26 20
31 36
15 25
51 1
32 50
41 6
56 5
13 37
50 8
51 12
58 53
15 6
53 58
26 13
10 20
35 42
2 59
19 26
12 35
53 24
53 39
38 36
29 57
54 14
9 59
7 22
27 55
21 33
7 9
46 18
12 3
5 34
15 12
1 50
15 46
56 53
52 17
4 20
7 45
26 58
4 20
30 52
42 16
42 60
35 28
34 23
25 53
58 34
36 18
47 54
17 6
30 21
37 30
33 22
2 6
1 7
27 28
39 41
48 50
7 23
22 49
53 14
33 36
53 12
4 16
42 30
50 25
5 50
28 16
56 17
32 27
59 7
49 1
12 56
12 6
22 47
47 49
31 42
39 29
29 41
36 51
33 47
29 15
48 13
39 1
2 58
25 15
19 26
42 11
11 39
20 5
58 16
29 43
13 6
23 11
55 38
23 5
19 19
48 42
40 2
47 49
13 4
12 52
19 36
44 46
56 46
60 19
20 43
19 22
21 34
8 53
19 29
21 43
31 50
50 45
42 6
9 46
45 4
38 41
25 52
47 21
3 12
23 39
32 35
9 51
25 9
5 3
26 5
37 54
58 27
24 28
15 41
35 58
47 19
57 30
1 52
3 33
22 57
48 34
5 12
12 60
43 8
10 3
8 18
9 13
36 43
31 10
34 15
13 19
30 60
15 5
28 1
16 58
51 19
21 25
4 24
45 46
31 9
14 48
56 49
13 2
21 35
47 56
38 27
52 24
40 29
36 41
57 51
14 26
1 31
17 3
48 25
12 30
28 20
11 56
29 51
29 37
5 36
1 55
2 44
30 6
32 1
53 40
51 20
3 54
45 59
15 10
55 39
25 41
49 27
2 50
40 29
42 53
21 44
18 12
30 1
5 40
45 7
33 19
22 3
56 45
2 54
48 19
9 51
58 50
54 40
12 16
51 13
21 42
28 55
51 4
52 29
34 43
24 42
41 7
31 2
13 30
53 58
42 44
16 25
20 15
8 4
13 40
42 37
53 18
49 60
12 56
24 10
27 31
2 15
48 48
3 33
54 50
57 54
43 18
60 29
45 49
19 7
20 24
2 39
19 46
48 42
44 12
32 54
51 31
24 13
32 50
53 19
32 42
8 49
38 60
29 16
32 5
33 58
46 4
43 28
4 35
6 28
14 14
16 6
53 23
33 20
60 16
8 24
49 17
30 14
35 37
10 53
1 51
8 22
43 12
30 43
32 12
59 24
56 42
58 37
41 47
16 33
50 25
28 45
46 41
16 41
9 6
37 44
34 41
51 21
30 4
12 32
35 15
33 54
57 42
15 45
7 55
52 18
47 19
1 50
44 21
52 50
40 49
10 27
48 27
28 14
15 12
19 55
43 52
7 60
56 37
59 5
34 55
23 16
36 33
7 33
7 58
2 30
54 55
17 17
25 32
36 31
4 22
40 37
56 8
2 10
20 13
47 21
14 7
1 25
20 54
25 34
57 18
29 24
31 25
28 25
43 23
21 31
28 44
2 16
45 14
11 10
19 18
21 17
44 27
33 4
4 12
17 20
56 24
55 4
60 44
29 23
2 19
12 2
11 8
1 43
9 41
19 5
54 54
49 53
13 52
26 25
54 40
5 15
44 1
20 54
55 51
57 49
20 56
25 52
43 39
23 55
1 4
49 24
6 44
15 36
23 52
54 34
38 15
8 10
1 50
56 37
35 51
23 15
16 10
54 49
5 35
60 43
9 6
45 1
26 14
12 29
28 42
6 27
58 11
25 43
58 55
2 55
51 22
41 22
24 19
30 3
44 29
6 54
53 24
24 29
12 48
50 56
30 3
23 21
48 45
36 9
8 31
40 51
32 37
6 27
1 7
21 38
10 59
32 57
15 9
43 36
13 15
8 18
38 27
18 58
28 32
27 27
51 48
36 1
16 37
32 26
54 7
48 16
8 32
20 12
46 25
30 44
13 51
36 58
55 22
57 12
39 24
51 18
52 41
50 49
21 37
44 48
13 13
10 32
1 7
24 27
6 1
32 30
9 38
41 26
7 39
33 7
29 24
32 43
46 49
50 25
5 48
53 40
14 34
28 8
17 44
58 7
26 57
59 26
39 39
17 16
53 34
20 46
39 52
5 49
4 13
58 29
24 18
42 4
23 45
11 52
52 58
35 26
49 12
29 38
15 21
12 40
19 41
17 30
46 27
10 5
45 9
36 46
51 45
36 33
3 51
45 23
28 51
34 55
15 24
29 47
46 46
10 60
42 60
53 14
59 50
57 2
40 7
38 22
4 3
4 58
16 50
12 41
14 34
24 44
34 5
53 60
50 12
52 2
18 20
42 2
59 47
55 16
39 60
32 55
57 27
21 28
5 53
26 50
29 26
5 35
46 55
11 58
48 54
11 47
48 8
20 33
24 8
46 28
41 50
8 54
12 51
19 5
60 21
33 52
3 49
50 52
22 60
60 48
17 43
29 42
39 33
52 46
26 41
60 55
18 26
30 16
57 30
13 40
22 16
2 35
38 13
33 51
18 54
49 55
57 54
52 38
28 50
7 8
55 26
31 50
40 22
50 15
58 60
30 51
50 42
26 54
46 40
25 9
44 21
15 34
58 28
29 21
24 8
28 3
10 28
34 19
13 33
24 43
17 51
27 22
27 35
6 18
12 20
4 3
55 27
11 45
24 5
31 33
14 55
19 54
51 20
25 15
44 34
29 35
19 20
35 23
43 32
27 11
38 11
8 37
29 39
22 12
36 10
58 19
59 30
7 8
42 2
28 18
54 33
57 41
3 40
28 32
31 53
4 51
56 38
10 50
17 30
40 3
37 23
44 29
46 51
26 35
33 16
54 1
20 3
46 7
5 33
18 41
42 10
46 43
31 1
17 54
38 24
35 15
39 6
43 11
10 29
57 52
34 38
24 46
8 60
13 24
31 14
56 37
33 17
44 56
56 39
46 43
50 19
38 4
58 13
4 42
36 49
43 17
2 7
38 48
11 22
15 4
46 25
44 56
57 50
59 6
36 24
22 11
51 53
50 42
31 17
35 35
40 18
32 41
24 56
47 11
22 4
21 46
41 21
20 54
13 36
7 21
10 16
47 33
50 26
27 17
3 24
25 4
33 29
44 17
2 10
25 57
46 59
4 55
3 21
18 33
56 39
26 32
33 37
28 12
51 35
45 9
16 1
19 3
34 34
29 41
60 38
60 60
60 45
27 20
14 16
59 3
20 38
16 39
51 31
35 9
14 53
36 46
26 1
57 22
58 40
28 18
41 5
39 17
46 23
57 4
47 19
53 30
46 10
9 36
18 45
57 31
13 32
29 1
19 48
48 24
81 598
38 34
69 51
12 10
49 45
62 38
22 50
3 39
20 5
66 17
29 65
54 42
4 74
55 61
32 73
20 44
2 42
43 12
14 61
56 24
47 18
4 21
70 76
34 16
55 32
4 67
32 34
55 48
38 81
15 42
3 5
28 5
7 1
65 53
59 64
24 24
38 58
28 65
21 47
22 28
55 14
64 8
33 28
62 57
76 65
28 4
11 21
72 50
43 35
3 78
34 79
22 19
72 20
54 60
74 65
61 60
54 66
41 50
75 11
41 7
4 7
6 80
52 35
69 81
17 29
5 19
12 10
53 27
66 58
48 59
62 23
60 48
42 73
65 15
39 46
39 62
21 72
59 77
4 27
77 72
65 29
51 48
79 37
9 7
20 81
11 71
51 9
27 37
63 24
55 18
62 54
49 24
31 18
57 65
45 76
44 58
78 61
80 75
75 51
10 26
54 36
6 44
33 5
67 2
26 13
18 54
1 80
71 5
19 23
28 37
48 40
78 23
14 12
8 3
30 62
16 19
16 3
22 79
65 7
64 35
6 11
63 71
79 36
63 77
38 43
74 55
33 27
74 10
50 18
80 4
24 62
72 68
55 70
61 76
8 29
63 27
27 15
55 25
48 8
18 48
74 1
61 23
42 45
65 65
15 72
20 43
77 59
19 3
42 65
12 12
37 75
36 30
39 70
20 30
25 45
45 65
71 60
31 76
77 49
79 59
74 1
52 79
9 61
80 45
25 78
38 62
68 42
41 40
78 36
7 13
80 40
60 45
60 27
61 35
14 69
3 73
36 58
62 11
63 46
49 73
33 79
67 80
60 34
32 69
46 72
49 16
17 54
15 13
48 24
64 28
19 17
18 63
78 27
6 78
52 51
77 63
19 31
56 60
23 26
6 12
28 56
71 81
68 79
48 35
13 21
16 49
23 22
35 9
40 39
35 69
49 51
56 53
18 15
16 29
2 61
3 27
60 22
21 1
41 9
15 32
35 47
64 70
72 66
11 62
1 73
55 10
34 36
1 33
57 21
20 32
66 9
3 60
73 55
36 64
24 36
75 30
52 55
63 16
8 63
72 56
8 58
75 56
50 18
63 73
72 60
50 40
63 28
25 79
65 33
24 39
4 26
12 29
16 33
41 55
13 4
3 24
61 76
42 34
4 51
76 67
76 60
73 32
71 41
27 46
49 50
9 44
71 61
64 61
71 15
62 34
8 63
48 5
2 6
28 28
37 38
16 81
37 14
1 18
41 24
13 48
45 7
15 52
15 14
11 4
43 23
48 12
78 20
2 10
26 65
40 71
59 58
43 54
34 69
61 46
5 53
35 50
8 59
77 49
75 75
79 47
14 33
5 75
1 40
29 29
66 14
19 28
51 71
16 50
78 71
18 16
59 40
17 27
34 30
27 17
31 46
22 1
69 55
39 70
58 33
68 68
29 42
17 74
28 46
4 71
47 62
26 49
17 64
3 52
40 47
38 7
2 60
36 9
75 38
11 58
28 77
70 50
54 80
2 20
28 15
43 57
51 27
42 53
52 52
35 29
25 15
43 20
46 42
2 31
46 50
48 12
23 45
54 19
59 23
59 48
19 64
80 70
1 21
74 10
3 76
56 63
78 48
72 43
63 30
67 77
56 36
11 55
49 27
11 38
53 50
24 34
6 28
34 21
61 5
39 38
29 55
67 56
61 34
11 62
51 73
56 36
8 31
75 41
68 23
3 66
44 79
22 61
12 16
71 62
14 40
77 10
79 14
13 28
71 16
64 40
69 38
30 46
77 28
68 57
23 18
75 25
2 59
38 66
46 18
32 60
60 27
21 76
35 47
78 31
21 21
49 35
31 21
69 60
9 43
5 49
3 39
37 46
15 49
25 67
13 35
35 16
33 20
61 37
5 11
75 2
5 63
71 41
19 43
22 69
48 8
72 1
62 72
62 46
39 41
58 61
56 39
30 52
1 51
32 42
70 29
78 78
7 74
36 74
72 2
68 71
48 23
56 78
55 64
49 19
26 55
30 25
67 42
55 66
21 31
41 47
18 70
19 4
68 71
64 59
15 31
2 59
40 78
45 42
79 73
52 4
65 25
46 29
17 53
43 35
60 46
22 65
67 31
38 29
37 7
61 28
52 63
21 51
47 45
45 7
67 21
66 72
5 34
64 2
69 13
3 13
35 35
31 14
78 11
53 53
81 44
12 59
28 49
22 72
54 60
53 52
35 23
67 19
29 8
51 9
75 6
69 39
32 26
72 34
63 59
34 54
37 77
34 57
70 76
10 81
30 34
68 79
69 66
38 75
15 77
39 18
27 8
19 30
3 35
64 45
21 75
53 37
23 66
73 4
52 47
18 35
81 63
14 81
26 75
9 61
81 46
20 39
11 38
39 75
53 51
35 14
72 53
28 54
64 18
35 30
62 23
47 76
22 48
58 43
62 9
80 59
37 71
60 67
72 7
51 32
16 18
48 5
73 7
59 31
65 12
16 74
24 16
40 20
5 44
13 39
28 26
64 77
79 6
45 13
10 42
28 50
69 73
70 75
32 69
32 54
79 65
78 12
44 35
8 16
10 10
32 2
2 64
47 19
44 23
26 11
42 76
42 24
16 34
31 70
80 32
10 35
26 72
50 44
31 42
64 80
11 58
41 65
6 9
70 33
18 10
10 10
38 32
66 30
12 18
44 5
59 35
28 451
6 4
8 9
2 22
25 27
21 23
16 26
9 9
1 9
14 7
13 20
24 23
5 12
15 26
2 25
2 10
4 3
16 15
11 10
12 10
19 28
22 6
2 11
5 10
21 8
22 10
4 15
25 1
21 14
3 1
5 9
12 12
28 27
3 3
22 26
12 4
16 6
19 23
19 14
16 12
5 6
2 9
16 8
19 4
10 5
28 22
24 4
13 25
7 16
10 10
17 1
15 4
5 8
2 23
12 26
21 26
9 14
11 18
26 17
12 16
19 22
24 22
13 10
9 23
23 15
4 6
13 22
26 28
25 25
16 23
23 5
27 21
14 22
28 22
13 27
15 21
19 8
25 18
11 2
21 1
25 20
2 16
23 25
22 15
1 2
20 8
26 22
13 7
18 28
8 15
15 12
6 27
15 8
27 23
17 15
17 14
12 13
16 27
19 2
12 13
10 8
17 21
1 20
20 26
12 13
19 17
7 5
4 25
17 7
6 15
28 9
18 2
11 9
16 4
27 3
22 8
10 10
16 13
26 10
12 27
23 8
10 26
10 6
9 17
8 28
9 14
28 9
16 4
20 21
7 13
15 24
6 21
6 22
23 1
14 10
4 12
12 3
19 1
27 10
1 2
16 28
2 13
8 19
26 28
10 4
12 14
15 7
7 17
15 5
9 21
21 11
20 19
2 4
20 24
20 2
25 26
12 7
23 17
15 5
27 15
15 21
9 22
11 10
1 16
26 7
8 6
24 14
9 16
22 21
21 22
12 24
20 24
16 11
27 27
20 8
1 25
17 21
1 18
14 16
17 20
19 19
18 23
5 8
2 11
3 13
9 14
9 7
9 22
4 24
15 10
24 3
14 24
28 22
18 28
11 3
10 15
5 26
18 6
3 26
13 19
28 5
26 5
6 26
24 12
4 20
13 21
16 3
26 4
26 24
13 24
19 4
9 28
23 21
20 25
7 10
21 16
14 21
7 25
17 11
6 25
27 22
25 7
3 14
1 7
10 16
12 7
2 22
15 26
11 14
13 24
21 11
2 17
22 20
5 13
25 5
4 20
27 28
27 27
1 28
24 24
6 8
10 3
16 17
8 7
17 17
3 21
13 11
26 15
9 2
4 12
4 23
8 13
15 17
2 16
1 4
23 13
24 8
14 22
3 23
15 4
20 5
18 11
28 20
28 12
25 20
2 5
1 24
18 15
15 6
24 16
16 7
28 3
20 20
20 22
20 28
1 14
12 27
21 6
5 12
14 24
19 9
18 9
19 11
10 26
1 23
21 19
22 7
15 14
28 21
11 12
12 18
18 9
3 17
17 7
24 18
25 26
12 28
26 10
1 26
3 22
13 28
4 19
14 3
26 26
14 8
21 25
27 19
22 3
6 10
4 2
16 2
24 2
25 15
28 10
2 28
18 27
3 8
5 21
4 7
10 13
16 8
2 24
27 26
28 18
21 25
27 11
11 4
22 12
8 23
5 6
19 11
25 18
26 23
5 10
13 6
8 9
2 10
28 13
22 13
4 12
5 2
8 6
21 1
7 11
13 23
5 27
1 11
12 1
2 8
16 14
5 15
19 12
22 8
17 14
8 26
27 4
6 7
13 21
20 15
17 2
3 16
1 10
11 11
14 4
28 20
16 23
21 21
27 7
20 17
13 26
10 2
23 9
24 9
3 15
18 11
24 20
4 6
8 16
18 5
13 1
17 12
22 26
1 10
27 8
28 4
24 13
22 6
12 7
19 4
19 25
22 17
11 6
19 2
2 16
12 18
23 25
8 13
11 22
3 15
27 11
9 18
5 5
18 11
25 2
19 2
1 27
8 11
10 18
5 7
9 12
25 20
1 19
25 28
18 2
7 23
16 25
20 16
26 22
22 24
18 12
27 13
28 1
26 9
27 16
22 16
11 1
18 19
27 10
27 1
5 20
26 13
23 14
19 13
1 20
12 23
13 9
1 26
23 3
14 25
28 15
23 21
26 13
14 11
5 16
15 10
26 21
13 15
13 18
20 12
6 17
5 9
4 24
89 826
66 13
87 34
31 28
84 60
82 1
84 69
39 14
69 50
86 37
84 39
34 85
8 78
13 88
65 66
19 53
46 52
58 35
10 25
59 29
83 44
76 7
21 65
82 85
41 72
69 67
35 52
6 50
52 55
24 47
67 83
54 41
44 67
65 28
88 87
22 28
5 30
60 52
81 84
28 73
56 4
23 62
12 21
39 1
87 48
53 88
55 8
67 64
42 13
64 48
32 41
57 61
41 17
69 33
38 46
84 68
68 41
18 49
55 16
7 8
24 54
81 83
46 15
81 34
49 56
15 12
6 77
60 26
83 35
35 56
5 87
3 2
17 26
63 17
38 72
55 53
58 42
63 58
81 65
83 34
79 11
60 86
58 69
22 44
37 42
10 13
79 84
84 20
13 36
7 22
29 36
40 84
69 29
27 83
60 62
57 62
39 66
51 83
10 4
1 66
24 84
43 45
28 30
58 15
22 5
79 4
31 11
72 26
7 75
14 17
35 84
46 36
18 76
5 74
69 37
71 19
70 45
67 61
60 80
50 80
66 73
3 28
14 32
32 88
45 81
40 5
13 56
52 1
57 78
83 60
44 42
83 38
2 27
37 84
14 73
2 61
37 86
58 19
15 74
55 28
9 63
15 50
72 77
69 32
75 19
89 63
43 43
12 66
73 80
56 56
13 30
2 9
64 27
34 54
38 82
89 33
78 49
2 39
54 8
4 51
77 69
8 70
68 21
29 58
50 4
26 39
87 75
50 78
20 74
28 2
40 66
42 11
66 58
7 86
47 60
72 28
66 84
75 69
73 20
49 55
52 28
12 25
59 16
46 39
16 16
51 55
4 21
74 85
76 29
88 50
68 44
44 7
20 17
41 5
43 52
72 63
85 74
18 63
72 60
74 14
85 77
45 79
69 2
71 26
72 71
84 28
71 53
30 67
26 11
85 49
45 39
8 56
64 54
20 77
37 51
62 22
5 78
34 44
36 60
38 79
4 77
4 80
46 57
3 10
23 85
75 4
84 39
20 26
27 28
51 4
41 63
68 57
32 71
70 48
86 38
88 35
77 70
2 78
57 26
79 27
30 50
85 5
84 66
2 86
28 78
3 3
57 14
87 46
73 52
70 29
87 4
11 21
27 14
51 77
66 14
51 33
41 19
38 88
18 59
32 65
25 19
14 8
39 30
77 19
32 88
49 19
15 10
64 1
52 78
65 26
89 32
44 61
75 36
22 63
31 57
18 9
73 54
44 58
89 70
51 30
37 9
82 41
11 32
83 65
64 78
42 15
46 3
22 11
48 69
13 82
64 2
11 6
47 47
82 60
28 33
20 87
87 48
43 3
60 49
43 33
52 13
43 52
12 52
45 40
4 63
44 28
13 77
49 27
51 88
54 70
27 32
16 43
36 15
76 86
46 69
13 4
34 48
52 63
65 15
69 68
74 87
78 9
15 23
47 79
21 41
30 40
64 48
30 20
51 16
6 70
19 14
81 16
76 48
88 43
86 63
6 30
45 59
3 5
41 36
45 71
31 41
11 11
68 13
21 53
72 32
2 81
48 17
14 52
88 72
19 50
41 7
76 63
80 30
87 77
19 60
65 45
12 45
50 69
46 61
80 26
30 83
88 56
15 70
51 24
87 54
21 13
35 46
13 40
31 44
18 45
68 12
48 66
7 67
27 76
44 73
36 12
6 88
84 25
6 48
11 67
89 80
30 80
43 3
35 71
79 86
66 38
83 47
79 60
19 84
17 50
73 44
49 75
53 21
81 43
71 40
45 20
6 27
73 88
84 23
39 3
74 37
25 41
42 75
44 6
38 81
6 11
64 78
3 76
53 56
33 6
29 19
67 2
63 56
3 10
38 4
36 46
7 27
76 53
64 68
14 86
50 81
10 10
29 44
66 24
53 78
48 15
75 74
49 40
20 41
29 46
45 69
76 88
24 4
44 89
84 87
25 66
85 55
79 60
74 43
57 74
22 18
43 32
40 27
10 89
44 13
84 18
27 82
32 21
66 79
84 83
12 78
57 21
7 67
22 48
39 37
31 67
70 3
2 37
69 75
58 80
43 55
77 70
11 50
83 4
54 60
43 6
45 31
1 29
23 23
42 40
9 30
57 40
43 45
45 64
28 63
39 80
75 16
19 36
78 14
61 1
17 47
4 36
55 78
34 73
84 36
52 86
83 46
62 82
29 85
38 35
78 86
40 1
38 19
66 79
9 13
33 12
67 64
73 80
71 48
40 62
65 1
36 52
74 11
54 47
30 78
59 51
28 69
65 56
7 10
34 38
84 73
51 16
23 42
87 85
65 81
63 27
58 74
84 54
78 53
31 38
11 5
20 35
54 66
87 62
6 1
80 9
39 1
64 1
62 36
73 65
83 76
49 36
19 27
86 54
30 86
48 71
79 3
20 35
49 83
16 25
67 21
16 27
26 87
33 32
58 71
37 18
18 59
47 77
34 70
19 87
12 32
34 33
14 8
88 3
26 16
84 80
72 85
11 17
34 33
21 41
83 26
51 54
84 5
29 58
37 43
63 78
30 24
59 13
14 38
65 89
21 36
67 22
72 46
67 36
33 14
37 11
80 81
58 42
26 69
76 19
15 23
83 43
45 14
29 55
6 41
56 56
83 68
25 11
79 67
18 69
80 62
47 66
75 63
11 54
25 81
62 9
45 81
46 20
83 4
2 68
59 50
25 20
73 1
82 89
3 71
77 61
52 33
9 41
7 56
21 6
53 26
64 20
48 42
3 49
3 28
38 23
27 7
61 54
60 29
22 46
41 8
9 3
19 33
87 56
70 63
41 68
52 71
72 38
34 5
6 25
62 5
3 26
8 74
47 60
12 7
58 19
31 44
22 10
38 37
50 75
25 26
3 37
29 65
55 76
49 39
87 11
76 70
50 79
41 82
74 30
83 46
39 14
45 77
51 84
17 16
32 15
89 45
20 53
48 67
83 37
45 69
16 57
37 5
18 17
58 85
83 25
77 76
28 20
17 52
5 41
35 27
69 62
73 69
42 12
77 59
30 77
68 11
1 68
2 76
23 4
40 12
78 63
50 83
86 41
9 39
49 29
15 81
24 37
68 63
43 73
67 28
1 20
59 9
25 62
3 74
50 78
79 82
44 32
62 13
45 12
13 60
76 32
46 19
33 79
73 37
34 29
82 9
58 35
68 4
44 47
1 78
69 6
6 30
39 72
79 70
54 29
57 54
85 15
8 87
34 19
52 80
57 87
30 4
39 29
68 43
88 1
52 41
10 34
77 36
10 5
87 73
32 46
43 84
66 52
75 64
1 17
56 41
84 36
49 19
9 49
84 59
34 52
66 64
67 40
33 18
54 15
56 36
30 80
63 8
76 56
46 55
19 59
45 54
75 11
81 30
39 50
83 56
51 86
3 1
62 54
26 62
45 83
80 55
26 60
25 73
22 53
21 16
4 71
66 46
10 1
40 39
63 3
30 48
41 52
44 29
63 12
79 81
3 15
68 19
62 79
57 86
26 31
7 15
69 2
42 8
45 43
65 30
32 52
79 3
63 43
31 34
3 5
57 34
53 42
52 25
60 43
88 46
60 60
80 61
11 66
85 39
24 55
35 62
64 63
32 27
84 5
57 3
1 87
15 64
29 11
10 69
27 23
49 3
7 40
14 69
47 35
73 45
21 64
61 30
70 3
75 52
31 59
16 56
20 21
40 81
69 54
53 62
