37
52 499
50 31
40 39
36 42
12 12
22 46
31 35
16 32
48 35
45 8
42 26
22 29
19 9
11 50
51 22
18 23
17 37
44 19
32 20
45 2
3 51
16 16
7 38
24 27
42 9
11 24
27 28
37 20
13 22
36 34
4 9
45 51
26 35
48 51
20 49
16 51
43 11
6 26
27 14
41 34
33 41
41 45
49 30
31 10
46 46
30 48
7 23
18 15
14 31
12 11
14 47
46 30
27 40
7 38
18 51
6 31
20 32
22 39
52 25
44 21
19 17
46 37
18 19
51 19
42 1
27 9
36 10
12 33
9 17
4 49
3 26
1 45
9 33
47 18
42 40
28 23
16 51
19 44
5 9
40 18
39 35
23 2
38 48
20 26
22 49
29 37
24 49
15 35
31 38
4 51
20 23
11 41
15 18
48 5
27 7
39 39
39 23
6 14
46 8
42 37
36 17
10 30
19 33
43 35
40 24
20 23
13 46
5 24
14 18
35 38
19 2
31 32
36 5
42 23
7 12
40 19
21 30
32 26
11 14
8 50
33 39
19 3
42 42
42 29
34 28
18 24
37 5
48 5
5 4
38 36
19 3
48 4
48 20
29 31
46 5
31 45
23 32
8 4
20 22
50 28
41 30
35 38
36 21
29 42
8 15
51 35
38 14
20 50
28 38
16 12
11 43
33 46
19 23
41 15
40 39
22 21
46 45
32 50
48 32
39 38
10 52
20 18
1 43
31 11
42 1
52 9
2 40
7 48
7 21
4 17
40 40
47 7
17 49
47 50
20 50
30 3
31 2
16 31
45 7
45 9
41 45
37 2
51 2
7 23
30 47
14 21
11 26
4 12
10 13
33 34
36 37
22 46
34 33
45 44
49 7
28 47
30 23
38 48
28 15
29 7
51 5
25 8
41 9
3 6
47 15
44 17
50 52
26 3
38 23
32 11
43 41
38 2
7 32
35 41
49 32
36 21
38 19
45 44
35 1
52 24
10 19
34 17
3 42
40 37
51 22
30 17
2 43
15 29
49 19
21 38
20 10
35 43
40 23
42 4
21 11
26 4
39 41
19 50
16 15
18 8
46 12
7 3
44 51
40 42
35 25
26 12
3 14
20 48
10 24
49 1
17 12
27 13
36 19
32 49
38 9
20 7
16 27
50 47
40 32
31 3
14 40
41 1
41 48
19 47
34 43
7 3
23 31
34 38
36 9
43 24
42 50
19 36
35 11
47 33
5 34
41 28
23 3
29 3
37 17
51 27
22 40
9 24
33 33
20 48
41 20
20 37
43 5
19 2
23 26
15 11
10 20
1 1
37 50
27 13
5 45
3 36
42 43
12 46
22 18
7 42
50 16
12 20
13 17
6 52
16 48
9 41
24 41
51 51
48 6
52 30
50 47
23 40
38 21
47 1
45 4
15 51
26 50
39 46
1 45
20 43
50 8
35 49
21 31
13 23
46 30
42 52
31 24
46 3
46 22
32 20
52 43
3 17
28 50
6 8
13 36
5 18
50 50
25 41
1 22
45 18
38 37
1 47
43 24
32 30
31 6
21 2
44 35
4 46
2 22
41 34
15 6
6 18
13 11
4 2
2 51
19 23
38 31
32 24
50 46
35 37
16 28
18 12
39 37
20 29
42 35
28 39
5 51
28 20
16 15
28 5
9 8
50 50
18 5
16 38
18 26
15 12
38 39
42 52
10 7
4 31
4 20
50 35
46 5
16 30
9 34
18 13
37 38
25 29
42 1
50 45
30 48
6 43
49 36
37 10
18 48
36 24
10 10
25 38
39 32
23 33
1 31
51 21
15 12
13 49
43 31
50 43
11 19
14 8
29 49
38 19
32 51
17 35
31 49
38 17
18 9
48 36
43 17
20 44
26 21
22 22
12 35
45 30
30 13
22 30
46 18
44 24
37 2
2 5
26 32
7 12
3 42
4 8
29 21
52 25
23 19
26 43
37 19
46 34
32 8
28 22
25 49
1 7
48 32
39 43
8 22
49 16
32 32
41 31
47 18
29 38
17 14
45 52
30 22
51 33
7 28
22 3
12 40
43 30
6 2
26 14
6 45
2 32
33 31
28 27
42 24
29 45
22 46
46 21
37 3
25 29
17 26
6 42
30 2
37 9
2 32
34 46
27 14
14 1
1 40
21 32
32 21
39 9
13 34
24 52
35 32
16 6
42 15
52 39
40 39
15 34
3 28
13 27
11 49
43 35
29 11
16 18
15 44
19 1
26 4
19 26
44 677
10 22
26 3
27 21
33 35
29 42
29 16
36 20
4 10
17 9
26 12
30 3
31 40
18 28
35 21
34 26
39 22
6 4
39 4
7 31
42 37
33 30
15 6
26 17
15 10
32 41
5 36
5 11
29 18
20 20
43 19
35 26
32 3
6 39
32 42
41 29
26 42
5 14
27 43
6 27
35 29
15 29
13 7
17 32
32 11
29 43
39 9
14 37
34 28
23 42
22 16
44 33
34 36
1 42
8 6
5 5
39 34
8 25
41 30
36 41
4 41
1 35
12 17
20 9
37 10
22 38
22 11
16 44
40 21
14 39
4 41
43 38
7 41
25 23
27 31
33 36
7 44
18 15
10 39
22 26
7 2
25 8
43 12
14 2
8 11
18 26
20 9
38 33
29 24
28 23
3 39
17 39
21 2
22 31
38 9
32 15
32 40
7 5
40 13
44 12
37 18
35 21
25 21
31 4
7 12
7 12
11 23
25 31
43 10
22 44
9 37
23 29
42 39
3 21
17 39
29 1
27 25
21 12
11 35
4 25
41 28
28 1
6 38
7 38
29 6
20 43
33 26
43 41
1 2
2 34
42 10
20 43
19 32
5 17
32 37
20 14
15 8
13 3
11 41
39 18
13 43
7 4
37 27
7 37
29 38
33 20
31 1
13 17
39 14
41 25
7 41
30 3
30 13
31 28
28 15
34 34
33 9
23 1
35 32
7 39
28 22
27 20
30 20
18 19
21 37
7 1
39 11
43 21
20 21
36 43
6 27
24 1
30 43
14 12
32 9
44 33
10 4
14 22
37 30
28 33
35 41
36 38
5 10
26 1
2 18
33 44
38 30
27 2
27 30
20 44
5 20
14 44
34 5
34 13
23 5
9 33
6 30
41 5
20 23
35 13
26 40
42 40
28 40
12 2
23 16
35 26
40 38
10 11
41 8
41 7
37 30
21 24
9 41
31 44
17 25
36 30
35 31
14 39
15 1
16 12
39 8
36 40
13 40
31 22
43 33
16 14
40 36
4 12
13 36
1 15
27 39
43 31
34 44
44 19
17 10
10 33
13 17
28 17
38 30
10 5
3 5
1 36
9 12
4 1
33 15
28 14
41 43
15 34
41 41
30 38
16 1
28 26
43 44
22 8
5 2
34 34
12 26
24 8
24 34
36 40
29 13
8 20
38 19
38 28
39 8
28 41
24 28
12 14
8 31
25 5
20 10
14 42
14 20
13 36
24 13
25 8
40 32
21 5
36 11
42 10
7 21
35 2
21 28
6 21
5 1
18 12
2 38
19 19
16 23
21 21
39 22
11 17
40 25
23 42
34 40
23 14
1 24
18 17
23 32
23 19
28 19
1 29
43 10
13 37
4 1
14 25
29 1
24 4
29 27
44 28
3 26
4 27
20 33
38 27
25 42
36 18
3 33
18 35
24 2
24 3
14 5
19 17
9 44
32 39
27 27
41 42
3 21
39 13
40 8
11 21
7 14
5 22
13 1
29 6
26 31
7 27
26 18
16 44
3 12
37 16
22 10
28 33
32 20
19 43
13 21
25 2
3 24
9 14
7 32
18 8
21 25
36 14
33 42
37 6
19 20
7 7
20 27
4 26
32 36
33 34
3 9
15 10
33 38
36 42
15 29
1 18
21 10
29 38
9 15
35 29
18 10
11 44
32 40
34 19
4 10
2 29
17 43
5 37
12 9
35 31
22 36
30 24
24 35
12 41
18 20
1 35
22 7
9 8
38 21
42 3
36 41
23 15
20 30
30 12
15 42
39 30
29 14
34 32
8 24
33 43
39 29
26 29
18 33
23 7
4 4
19 6
17 38
23 33
25 41
35 40
16 44
11 25
31 34
32 14
41 35
15 9
26 25
6 27
22 43
12 42
12 4
20 28
35 44
18 36
19 41
33 40
16 3
43 36
2 7
2 18
7 32
28 20
31 21
42 10
36 43
6 10
36 15
35 27
19 18
16 30
17 39
32 6
11 6
16 26
37 24
43 29
22 20
2 16
28 6
22 29
19 18
20 32
36 23
29 1
31 3
23 35
2 6
23 21
5 1
10 10
6 21
38 35
35 33
24 22
14 4
3 42
9 7
44 4
44 31
14 12
40 27
25 16
38 28
5 35
13 44
33 23
2 6
42 19
12 13
10 14
38 39
39 39
18 3
4 27
8 43
25 11
20 35
18 39
2 29
11 1
36 26
10 25
22 26
18 6
1 40
31 36
16 12
3 38
37 9
19 16
37 35
37 35
14 8
37 29
20 2
37 40
29 32
13 35
13 42
37 35
8 14
29 21
6 20
23 19
7 20
28 34
14 36
30 20
2 11
15 11
42 19
9 15
38 12
8 25
42 39
43 8
39 41
6 11
3 17
26 6
9 24
14 11
12 41
11 28
37 3
9 23
40 24
29 8
14 8
7 33
5 30
28 31
41 10
43 9
11 9
30 2
2 27
39 41
35 26
6 1
37 22
14 27
20 30
15 21
17 34
44 32
23 16
28 9
5 2
42 37
10 13
20 26
20 22
6 1
15 7
28 16
41 5
12 7
38 31
1 10
19 41
33 31
3 11
1 38
42 40
23 25
16 32
20 7
11 20
19 4
4 12
25 12
22 40
35 40
9 5
13 10
5 15
13 43
3 32
13 25
37 40
21 25
41 21
15 19
39 34
31 37
16 20
7 31
21 1
20 23
30 27
11 32
39 4
11 13
33 6
44 28
20 3
25 5
29 7
11 19
38 40
16 29
8 21
32 14
27 28
5 27
30 38
27 1
14 21
25 14
17 15
7 13
31 37
28 42
44 23
28 22
21 37
15 1
34 32
11 4
6 2
9 6
35 19
37 5
9 1
12 42
12 23
10 20
4 18
43 4
29 4
10 37
9 13
16 12
23 17
6 29
29 40
43 34
41 27
25 32
1 28
21 36
12 3
25 1
4 41
35 43
44 43
17 4
17 19
3 8
20 6
23 26
37 32
39 4
6 40
27 29
9 15
1 17
27 37
14 27
26 28
16 22
5 16
35 27
37 33
38 26
7 32
20 39
52 72
20 33
49 19
21 43
10 15
46 41
11 30
24 5
30 36
33 25
2 17
51 7
41 32
33 26
50 35
22 51
15 31
26 20
13 10
45 21
3 43
5 13
38 44
5 51
52 36
21 38
2 14
9 40
47 52
14 1
20 9
19 33
28 6
39 35
35 44
40 38
33 23
42 15
47 34
22 26
11 17
29 14
30 10
44 13
14 37
13 37
41 15
21 29
8 38
9 5
23 1
22 6
13 21
51 52
45 26
34 45
14 18
1 38
37 12
30 21
20 34
47 22
4 37
52 19
39 30
10 4
24 28
31 9
1 41
1 26
7 7
7 24
25 51
20 983
20 14
16 19
5 16
12 5
5 18
8 1
6 2
4 11
12 17
4 11
6 20
6 13
2 11
2 5
18 14
5 19
20 15
2 13
11 14
10 8
7 11
5 4
13 13
20 11
7 4
16 5
13 8
4 7
13 8
7 12
11 12
10 4
16 9
8 3
16 7
13 9
16 10
3 10
13 7
18 18
1 12
8 17
17 10
17 4
16 12
19 3
8 6
8 15
1 11
17 8
1 15
13 15
1 3
11 8
7 6
2 7
20 1
7 15
5 3
12 12
8 15
11 12
6 9
12 5
9 13
16 20
9 17
19 3
20 8
8 17
15 4
12 13
8 16
5 18
11 6
11 7
12 2
4 15
7 2
17 9
9 14
7 11
11 20
4 12
5 14
9 14
13 10
6 6
6 5
6 3
12 9
14 18
5 13
6 16
11 17
18 13
16 19
12 15
19 10
6 20
19 11
13 1
10 10
11 11
1 20
8 20
20 9
9 1
13 18
16 2
8 11
11 9
2 17
16 6
10 1
12 19
5 19
16 10
19 1
14 18
17 6
15 18
15 11
14 20
19 1
1 12
17 11
6 2
3 1
1 14
6 16
1 4
14 8
10 2
16 1
8 7
16 11
7 3
8 7
10 3
7 20
5 14
5 15
5 16
8 16
18 15
15 12
17 14
18 15
20 4
18 17
6 3
3 8
17 17
17 10
17 1
18 13
17 14
6 9
20 19
17 18
8 9
4 14
5 5
11 18
1 15
9 17
9 13
10 19
2 10
20 10
3 17
17 3
10 10
8 3
13 19
17 13
6 4
5 1
5 5
18 3
20 6
4 4
19 2
12 12
18 1
17 11
18 6
8 15
19 15
1 10
20 9
8 20
3 7
14 20
11 8
15 10
5 5
8 3
20 16
7 19
18 18
8 13
7 5
10 4
17 6
1 15
2 7
13 15
2 11
15 13
13 2
17 19
7 10
18 1
14 14
6 16
19 3
12 19
17 5
1 5
1 4
10 6
1 4
7 18
16 2
20 16
15 12
11 14
12 6
11 8
7 6
4 15
8 5
11 10
1 18
9 18
11 10
1 5
9 1
3 20
16 4
15 10
7 17
12 6
10 11
20 13
12 19
6 1
18 8
15 12
14 19
3 18
7 7
9 15
18 20
8 1
18 14
20 2
3 1
3 2
1 19
20 6
19 9
1 4
12 12
8 9
4 3
16 2
3 10
7 4
12 15
5 1
18 20
20 15
14 20
7 14
3 9
14 19
5 19
19 12
7 1
20 2
9 17
8 8
17 9
13 20
8 10
14 9
10 7
20 2
14 11
12 3
4 10
15 9
1 4
2 3
18 19
8 7
7 16
10 15
16 5
6 15
17 17
13 1
1 17
4 15
13 4
15 13
16 9
4 2
3 16
10 18
4 12
8 3
14 1
16 14
7 3
4 13
11 12
17 8
2 6
18 2
1 7
6 10
8 15
8 16
1 17
9 15
1 16
8 16
13 1
13 19
9 5
8 17
5 17
12 3
11 16
12 1
10 8
12 1
5 10
7 3
1 4
18 11
9 9
15 4
14 14
3 15
2 15
14 2
2 8
6 18
4 12
17 3
15 14
4 16
10 14
6 3
8 5
8 13
18 10
12 5
11 20
11 4
1 13
5 4
12 13
15 9
9 11
10 14
17 14
5 16
18 16
6 5
7 4
10 1
16 11
15 7
8 17
15 4
17 15
8 17
12 18
4 18
13 1
16 5
9 20
6 8
19 6
7 13
19 9
3 15
7 7
10 6
16 8
16 9
1 18
6 16
1 6
5 17
15 6
4 3
16 19
19 5
7 16
20 12
15 6
20 16
6 12
7 4
19 10
14 9
15 15
7 13
16 5
19 4
16 3
3 9
16 15
8 1
3 6
2 10
5 6
19 11
16 8
4 20
5 10
19 4
14 4
14 1
18 9
16 10
5 5
6 12
17 3
19 17
4 16
20 4
18 1
13 18
18 19
8 3
5 14
9 18
15 7
19 16
12 1
19 8
20 19
8 6
14 12
12 17
20 9
6 11
15 19
18 9
3 18
11 11
12 12
16 16
8 12
11 9
12 9
6 6
8 7
10 14
10 20
1 5
15 2
1 2
8 13
1 12
9 3
5 4
14 14
8 19
16 4
18 3
16 18
5 5
14 1
19 10
3 19
14 18
13 18
6 9
11 19
18 20
15 5
11 20
7 13
20 20
14 17
3 3
4 15
7 17
12 12
5 11
9 15
12 20
3 19
14 9
14 3
4 20
5 19
6 1
9 7
1 18
9 3
17 2
2 4
1 19
6 18
18 1
11 6
12 7
15 13
16 14
9 9
13 5
10 4
15 16
13 10
8 6
12 2
2 13
12 9
15 14
9 12
17 16
15 20
10 3
6 10
13 14
19 19
19 1
15 3
14 17
12 1
16 13
1 16
15 16
2 2
19 6
17 13
18 17
4 4
8 18
5 17
15 14
13 19
10 10
14 18
13 4
17 17
3 5
8 19
18 2
17 9
6 2
6 6
20 20
17 10
18 5
14 8
20 2
13 3
12 11
15 15
8 1
13 1
4 2
20 12
6 20
3 17
7 19
16 1
7 8
5 1
13 16
8 5
20 11
4 17
5 20
9 11
15 1
10 6
3 8
15 3
16 18
2 18
7 10
14 12
10 2
9 18
5 3
7 9
8 8
10 16
12 14
7 3
7 14
12 6
11 7
14 8
19 2
20 12
11 11
18 5
1 19
6 5
20 5
5 14
18 8
3 18
8 15
8 13
16 4
17 12
18 14
10 9
4 3
9 4
2 17
3 5
17 7
11 5
9 1
14 6
20 9
14 11
1 4
19 2
9 20
11 15
19 1
3 16
14 16
6 9
8 1
7 6
19 6
5 5
15 12
17 5
8 4
1 20
16 7
10 5
10 10
1 10
13 18
1 6
7 8
18 11
17 16
7 8
6 4
7 1
16 11
19 17
13 3
7 13
14 8
3 2
6 9
19 2
7 5
6 11
3 11
6 6
15 5
11 2
13 10
5 1
2 6
18 13
11 6
2 13
6 2
17 2
7 4
7 14
18 20
17 6
9 13
18 13
15 13
16 7
16 11
14 11
2 9
8 10
8 8
10 11
3 6
2 2
14 11
13 9
12 9
18 9
15 11
4 9
20 7
18 13
12 19
13 12
17 2
6 4
20 1
16 14
5 20
4 15
5 13
1 18
8 19
8 2
2 20
8 20
11 13
20 6
16 18
3 13
1 5
10 5
13 19
16 7
17 8
13 19
8 19
20 19
12 6
18 2
16 16
14 18
16 18
9 11
18 18
3 12
18 1
1 2
2 4
4 19
16 6
15 9
3 4
4 20
19 13
1 9
6 6
6 3
6 5
3 8
19 12
3 1
2 9
16 15
17 17
4 15
18 10
11 13
13 14
14 9
1 19
10 6
8 18
14 4
6 17
1 8
6 19
16 6
11 15
11 11
8 3
11 7
5 17
10 15
17 9
6 2
20 10
20 15
7 2
2 12
16 5
8 3
14 14
12 17
12 12
1 11
9 5
8 11
2 8
7 18
6 20
16 3
10 20
13 9
12 3
17 2
13 5
7 19
17 7
7 12
4 17
15 20
9 3
7 15
17 15
5 9
16 11
2 6
19 7
19 1
1 6
1 17
5 3
6 13
3 4
19 18
1 2
15 5
1 17
15 10
20 8
3 4
13 6
5 5
14 14
5 19
17 11
11 4
4 15
7 3
15 15
4 9
5 14
11 19
17 3
7 18
15 19
5 7
2 1
2 16
12 6
7 10
3 3
16 18
12 3
5 7
13 7
9 4
19 19
4 14
15 12
1 6
4 13
7 6
18 17
10 3
1 18
12 16
12 1
16 6
3 20
13 6
4 5
16 5
14 15
10 15
11 16
14 3
6 9
19 5
7 9
17 5
7 7
8 2
11 13
16 6
8 18
16 8
12 7
2 4
16 12
16 20
13 7
8 19
1 19
5 7
2 12
12 19
10 15
19 13
5 8
8 17
17 3
5 6
14 16
6 6
10 10
8 18
9 6
6 16
13 4
9 12
19 18
17 15
16 2
8 8
4 2
7 14
4 7
13 17
6 2
7 12
1 11
3 19
9 4
5 13
5 12
3 6
13 10
8 17
14 5
18 6
12 20
18 11
20 8
18 1
6 10
6 14
2 1
8 5
10 5
16 18
1 18
16 3
11 18
19 7
12 7
9 14
1 12
4 18
13 13
12 2
9 12
12 2
19 8
4 13
11 13
18 13
8 19
11 17
19 8
6 4
14 10
14 15
18 8
11 7
9 1
4 11
14 8
1 2
15 6
4 2
17 17
4 7
5 11
4 19
2 15
13 17
1 17
18 19
2 2
12 11
14 6
5 1
1 17
1 6
17 1
12 3
12 17
67 321
60 62
25 33
58 41
3 50
25 7
36 35
16 23
50 46
2 60
67 55
19 35
61 31
66 36
27 21
18 30
5 23
4 23
42 20
53 41
26 6
51 1
33 9
8 7
50 46
29 11
17 38
67 63
27 33
33 44
58 30
46 31
49 61
26 55
55 67
22 29
58 21
40 46
21 19
16 44
38 37
24 41
14 52
7 58
26 55
50 65
27 5
34 58
36 52
52 42
53 9
38 4
58 58
67 63
1 60
33 10
40 26
50 12
10 50
62 7
26 45
6 34
60 23
33 43
42 17
65 59
15 7
43 10
5 45
57 8
12 60
55 10
24 7
17 4
19 47
23 53
57 12
39 66
20 18
51 51
43 39
16 17
9 50
42 15
11 41
7 9
10 47
58 20
36 50
11 35
66 10
43 33
58 47
5 27
51 4
7 56
46 37
65 49
25 36
3 32
47 15
54 60
17 13
64 60
51 63
8 13
33 17
55 13
63 50
35 36
62 37
59 48
41 3
17 6
63 35
9 10
29 54
58 39
26 41
22 28
10 3
47 8
60 3
56 55
30 23
16 51
40 26
5 31
52 45
65 17
43 11
13 21
65 39
59 3
62 22
64 12
10 63
8 40
59 56
50 33
67 17
5 17
26 32
54 37
31 2
64 2
45 12
46 4
2 10
36 6
1 15
26 43
9 64
23 21
17 14
55 31
8 40
22 45
6 67
45 15
63 56
46 40
34 5
50 56
61 61
30 52
10 34
50 66
53 37
3 57
49 27
37 5
36 16
24 42
43 10
26 20
62 62
57 17
44 38
29 40
6 4
32 65
29 23
52 63
11 8
34 18
66 50
22 3
9 62
58 60
37 12
11 50
4 38
56 54
32 7
49 6
30 63
63 12
64 3
43 44
15 50
62 63
56 37
30 3
45 29
10 64
3 52
6 50
62 2
37 64
13 25
34 23
41 52
24 64
23 40
42 2
39 59
38 11
48 40
21 45
53 59
44 66
19 20
35 59
22 43
10 36
60 37
5 19
56 46
18 37
21 66
11 57
37 39
27 34
8 39
19 16
8 65
19 11
59 45
48 3
55 16
44 47
66 65
1 36
59 12
38 67
10 11
58 38
6 43
38 64
64 59
50 17
65 22
7 49
44 6
30 18
21 29
56 51
24 61
29 62
50 1
59 48
62 20
61 50
12 65
10 22
2 67
67 2
33 1
47 4
59 17
22 7
64 16
12 23
31 37
40 12
65 29
54 20
16 15
63 6
35 39
23 8
6 24
57 13
55 29
31 44
24 62
22 23
13 52
55 23
23 35
26 25
12 49
66 44
28 54
61 7
33 24
51 44
8 42
19 23
1 51
16 2
49 39
44 62
48 34
18 38
52 32
65 39
8 25
43 53
14 12
11 43
65 1
48 13
5 33
60 58
2 27
35 56
11 18
55 31
37 37
56 21
16 718
6 8
10 13
12 11
15 15
6 5
7 12
7 14
13 4
8 11
4 5
2 9
5 3
7 15
15 2
14 4
8 7
11 2
11 13
1 8
13 8
11 4
2 4
13 15
10 12
9 3
14 4
4 2
2 5
14 9
4 5
10 5
11 16
1 2
7 7
5 15
11 10
7 6
16 3
6 12
13 4
16 14
12 9
9 9
8 12
12 5
16 6
15 3
11 10
3 3
10 7
15 11
12 11
10 14
9 11
8 3
13 6
14 14
8 8
11 14
4 7
14 12
14 10
4 10
14 4
6 6
16 8
2 14
7 13
7 1
4 7
14 13
10 14
11 7
9 3
6 1
5 5
8 3
9 2
10 12
16 14
15 5
6 7
9 4
2 7
16 10
6 16
7 3
14 11
4 16
6 6
8 8
9 15
5 4
10 1
15 9
3 1
12 12
2 1
2 9
3 11
4 6
2 5
3 4
5 9
3 13
16 14
7 5
12 9
5 16
2 4
10 15
1 7
2 12
8 1
3 4
9 11
15 3
3 15
16 15
2 7
4 3
2 9
7 13
3 12
9 8
16 3
7 7
5 10
15 2
2 12
1 6
1 14
5 8
14 10
12 4
8 9
1 16
14 16
6 13
15 8
6 3
5 12
6 6
10 4
3 1
2 2
3 4
15 9
5 16
12 7
15 10
12 2
13 12
14 15
5 16
7 14
14 2
10 5
11 5
12 11
1 1
16 7
12 14
13 1
15 10
11 3
11 9
15 10
5 7
13 4
14 7
8 3
14 7
10 7
9 8
3 15
11 11
3 11
14 16
9 4
12 15
13 16
8 13
15 15
14 6
8 14
11 9
3 8
2 10
4 12
4 16
16 11
4 10
5 10
1 15
6 1
1 14
1 9
7 14
2 3
2 3
13 11
10 3
7 15
10 3
1 16
9 8
16 13
8 5
14 7
9 9
3 6
9 11
6 6
8 4
8 11
13 8
6 4
5 4
7 16
15 10
11 12
1 3
5 11
16 5
4 16
12 14
1 14
8 8
7 5
1 12
6 8
14 14
10 15
5 9
1 3
16 2
5 3
16 7
5 11
11 6
6 5
8 4
12 6
14 15
7 16
3 3
5 13
1 14
8 5
12 2
13 15
13 12
14 6
12 4
12 8
16 4
11 13
10 2
11 14
9 14
5 1
16 6
15 5
3 11
9 13
9 5
16 9
7 15
9 10
3 4
3 6
9 13
3 13
16 13
12 3
9 9
4 7
4 13
15 8
7 1
10 12
12 8
2 1
13 13
15 13
3 7
6 10
3 4
16 12
6 7
4 5
8 5
9 1
5 13
14 2
15 4
11 13
16 5
5 14
13 7
12 12
13 7
10 16
12 16
9 12
4 2
13 11
2 7
15 16
15 2
16 9
15 15
14 9
14 1
10 2
13 7
15 14
15 13
16 2
13 8
3 14
13 1
3 12
4 4
15 13
6 15
3 2
4 13
6 10
4 15
6 2
14 5
4 2
2 9
4 10
15 16
4 7
9 7
2 2
13 8
15 16
15 13
13 9
12 16
3 5
12 12
12 6
7 9
4 10
13 4
6 13
4 11
14 10
10 5
5 16
8 16
5 7
3 7
10 3
8 4
15 9
14 13
15 6
3 6
5 16
13 12
13 13
4 5
13 9
2 5
2 11
11 12
12 10
7 8
10 10
6 6
16 14
15 13
9 14
16 15
4 12
5 4
1 2
1 4
6 15
8 14
12 14
9 3
12 3
2 11
14 13
3 13
1 4
9 13
2 1
13 10
6 11
16 1
13 15
15 2
4 3
2 10
11 15
9 1
16 1
3 8
8 10
7 11
6 12
16 13
6 2
9 8
5 2
7 6
8 5
4 1
8 2
3 12
16 7
9 5
7 2
3 1
7 2
3 7
3 12
12 1
7 10
12 14
16 7
6 5
9 15
7 16
4 16
12 8
15 8
13 10
5 6
3 15
7 1
15 1
15 9
9 9
12 11
14 4
3 6
7 12
15 2
13 7
11 16
6 4
15 1
7 14
10 5
11 7
12 1
8 8
3 8
2 3
11 10
11 2
13 6
1 2
5 7
8 3
16 13
3 6
7 4
12 8
8 8
3 13
3 3
15 2
2 8
2 4
11 4
9 1
8 1
5 7
9 1
3 6
16 11
11 16
12 16
12 10
10 12
9 12
15 2
7 16
12 7
2 13
16 1
1 6
10 9
12 15
2 14
2 7
6 2
10 15
1 2
5 13
8 7
5 13
7 13
16 5
12 5
4 3
10 13
14 1
2 12
6 4
6 3
15 8
3 14
13 12
2 14
13 2
16 3
2 11
3 8
8 9
2 15
4 2
1 13
14 11
5 15
8 15
15 2
7 15
15 10
2 4
3 5
4 12
6 15
3 9
11 7
10 4
5 16
6 4
5 7
12 5
15 14
9 12
4 8
13 12
8 7
6 13
15 8
12 3
4 8
4 9
7 1
7 1
16 11
1 8
11 2
1 3
14 6
15 2
9 14
15 10
12 11
15 11
5 3
14 10
4 13
13 4
7 6
11 6
15 15
1 7
12 5
16 15
1 11
1 7
14 6
14 12
13 15
15 10
7 13
4 9
1 7
5 12
8 6
4 5
14 14
1 9
2 5
5 1
6 12
2 6
11 8
5 13
8 14
1 14
8 4
7 12
5 11
13 3
13 7
5 8
7 1
13 16
7 16
2 2
9 10
14 7
14 1
8 11
10 3
3 15
7 14
14 16
5 8
2 2
16 10
2 6
13 2
12 6
1 15
14 7
16 13
10 4
12 15
6 8
8 5
10 11
1 3
13 6
16 3
4 2
16 3
14 3
16 12
16 9
2 16
4 2
11 13
3 13
11 6
2 4
2 7
10 13
13 15
16 7
14 6
15 11
10 12
9 15
7 6
7 1
7 10
13 10
2 3
8 2
3 16
5 2
11 7
11 5
11 13
10 14
12 14
11 14
14 14
14 5
12 9
3 2
2 2
5 2
15 6
13 5
10 12
8 11
15 8
15 10
16 8
8 12
13 7
9 14
10 4
3 5
15 3
12 6
10 4
16 14
2 8
4 3
4 15
7 11
10 4
6 5
7 4
5 13
3 1
3 16
6 5
3 8
2 13
12 14
13 5
1 9
10 5
16 9
14 9
10 13
8 6
9 2
12 3
2 15
2 3
5 4
4 7
15 5
4 5
16 16
6 14
16 9
8 4
63 370
17 22
62 1
35 41
26 4
9 15
33 10
9 30
38 17
61 6
57 24
19 10
29 45
12 60
16 50
25 25
36 37
39 6
39 7
56 51
3 23
59 10
22 15
32 57
26 51
14 28
29 44
62 36
35 48
46 56
42 30
61 20
6 62
63 21
47 3
33 54
40 18
19 39
13 30
15 7
60 25
23 47
11 54
42 26
49 5
25 33
59 22
11 41
4 12
28 2
37 36
47 25
42 28
15 18
63 61
50 3
3 1
61 59
17 49
23 45
46 30
30 35
55 56
49 35
60 1
11 13
52 19
10 13
56 55
49 63
5 17
16 10
28 14
7 11
11 42
28 54
1 1
27 18
19 15
55 22
22 44
12 44
62 38
38 6
13 18
63 16
49 61
52 47
59 24
6 37
48 2
44 4
16 55
33 47
19 6
30 27
45 33
22 7
6 62
61 48
28 9
10 43
26 26
6 26
27 17
58 7
27 28
46 54
35 8
15 31
26 8
3 63
11 53
57 15
11 35
43 8
1 41
5 32
24 3
9 13
37 1
37 18
10 33
44 15
60 17
25 62
33 33
39 45
48 14
34 16
45 15
1 44
47 23
17 28
53 51
17 1
37 34
57 31
26 8
4 35
23 56
11 12
44 28
55 14
61 28
14 29
48 17
38 24
13 23
62 58
48 1
16 3
62 2
8 31
63 52
18 16
29 58
56 7
3 5
24 25
40 17
28 37
46 28
21 16
6 36
53 47
17 53
18 45
26 32
16 14
58 11
2 24
21 24
42 62
52 52
1 8
53 60
12 14
53 31
2 62
52 56
11 18
61 52
9 8
32 45
3 25
57 33
18 11
27 39
34 61
25 38
52 43
30 11
2 36
16 56
53 48
31 17
62 52
39 54
39 2
55 19
27 39
43 16
29 36
23 33
34 61
49 22
30 4
36 5
38 48
11 37
30 59
49 47
46 4
38 28
9 10
10 35
15 3
19 60
22 39
28 40
53 56
57 62
29 5
4 57
16 8
60 12
24 19
37 54
47 19
21 49
6 9
7 21
53 48
48 27
58 17
57 9
26 27
39 29
40 12
19 54
45 19
35 41
7 15
51 63
51 24
58 55
12 35
21 34
27 32
2 8
50 35
45 53
33 3
3 46
22 47
29 25
58 37
14 42
62 43
7 58
57 48
8 45
18 6
34 7
5 62
9 6
42 30
24 10
26 57
55 8
39 5
38 14
46 19
62 10
56 53
4 15
19 20
59 12
27 8
16 19
51 53
18 54
28 56
53 33
53 61
34 41
10 21
17 39
23 37
34 45
27 46
4 52
22 18
62 10
19 30
9 47
7 48
32 13
15 18
37 60
35 17
23 33
41 33
33 30
9 38
47 44
13 54
49 30
47 6
46 57
22 8
45 49
63 61
54 53
13 8
47 26
55 25
13 55
54 51
12 33
31 37
52 47
26 2
6 29
39 49
37 35
39 43
50 13
27 27
32 19
54 3
29 4
28 31
35 47
55 15
11 47
63 20
33 38
33 37
29 41
11 20
34 41
18 33
12 38
8 25
16 23
48 4
23 14
7 11
17 32
39 32
56 42
9 55
53 33
43 37
12 32
23 12
2 6
48 59
4 9
24 35
19 45
38 48
63 25
25 50
42 30
3 34
16 46
46 49
1 63
21 643
1 14
5 5
10 18
7 10
19 4
6 8
1 7
9 21
4 8
1 5
19 6
12 4
11 14
10 13
4 1
3 14
14 16
1 19
15 16
17 2
17 12
9 3
12 17
1 5
18 19
16 17
17 10
2 4
8 14
1 14
9 3
18 19
1 2
19 13
13 16
3 7
19 8
8 21
5 19
8 6
3 10
2 13
6 12
17 16
6 10
13 13
14 8
3 12
3 2
5 20
12 20
20 3
6 2
15 4
5 8
4 15
10 10
17 16
14 11
1 1
21 5
7 5
11 13
20 13
13 7
16 3
2 2
15 17
2 14
3 13
15 12
5 1
1 16
13 9
10 17
11 6
1 8
4 20
19 14
18 19
14 17
7 9
21 4
15 11
14 2
7 18
3 11
14 14
1 10
20 21
13 18
2 16
18 14
19 20
8 6
2 11
12 12
3 13
15 1
21 19
8 7
12 13
14 17
15 12
2 14
7 2
9 19
20 2
19 6
9 4
9 16
10 15
20 5
21 18
12 13
13 5
2 4
10 20
18 15
16 9
9 11
2 14
5 12
9 2
20 17
2 2
6 16
8 7
21 2
9 18
11 4
4 6
5 3
8 11
17 11
9 2
2 21
18 8
14 20
10 18
3 8
3 17
19 17
18 15
19 15
15 17
17 18
13 17
10 11
4 5
14 3
3 18
2 7
2 6
19 20
19 11
16 7
11 8
4 7
17 19
17 15
1 20
11 17
13 16
7 7
5 14
11 13
13 12
19 9
4 7
4 7
11 3
12 5
2 2
8 8
9 12
1 20
7 20
5 18
8 16
8 21
12 21
7 3
5 15
11 14
14 5
2 2
14 8
19 20
6 5
18 3
2 16
2 7
12 3
2 14
11 16
10 6
21 2
10 1
16 12
7 10
3 19
8 2
6 20
9 11
16 5
20 1
14 3
11 4
8 10
6 1
18 17
19 19
7 4
10 5
15 18
2 21
19 6
15 14
2 14
19 14
11 12
8 4
11 10
9 18
7 15
8 2
15 2
3 18
20 8
12 5
3 18
8 18
9 12
6 13
8 12
21 2
13 17
1 11
15 7
18 15
17 18
3 4
5 11
1 10
13 9
4 19
9 14
1 4
10 14
8 4
21 15
3 1
21 12
17 18
18 18
4 18
10 20
7 14
21 12
12 16
16 16
5 9
8 18
15 15
1 10
5 11
1 20
15 8
3 11
9 5
9 5
2 19
17 3
13 19
6 5
18 13
2 6
1 19
19 11
6 16
8 20
17 1
1 4
14 20
20 14
8 15
1 18
21 6
9 14
17 5
18 6
20 8
9 9
16 16
1 11
17 16
21 12
7 15
14 3
18 16
16 18
10 20
21 9
3 7
12 4
10 8
1 1
1 11
12 14
2 4
5 1
9 6
11 10
11 8
7 2
14 11
20 7
20 8
9 17
6 13
12 13
18 2
6 10
14 8
15 17
8 7
4 8
5 8
19 12
16 9
16 6
8 19
15 6
1 21
1 2
2 12
14 1
15 21
20 9
12 20
5 17
2 15
8 3
11 8
19 13
6 17
19 2
2 6
19 18
6 13
6 15
7 21
21 1
10 18
2 20
2 18
17 5
2 14
9 20
13 1
4 18
8 8
9 9
17 7
14 19
21 4
5 1
19 16
5 12
19 10
19 1
19 7
16 18
6 11
1 9
1 1
4 11
6 14
13 16
4 15
4 18
4 3
20 13
20 21
4 4
18 5
14 8
12 18
5 18
16 17
14 14
12 13
13 20
21 17
9 21
7 15
8 1
19 14
9 16
19 10
10 17
13 6
7 7
11 1
14 21
16 1
14 1
8 3
3 20
4 12
7 18
3 2
7 3
9 21
13 3
7 2
10 13
17 18
1 11
7 13
4 17
18 11
17 8
21 8
15 12
19 9
15 14
17 7
2 18
15 6
10 12
19 12
8 21
2 18
17 19
11 15
3 8
12 18
4 20
1 5
1 1
20 15
13 14
10 11
21 6
3 8
10 12
7 21
21 19
9 19
5 7
16 15
8 9
7 7
7 19
12 17
6 21
4 15
14 10
1 8
9 18
9 19
20 17
21 13
20 20
6 16
10 13
6 19
2 19
10 21
4 17
9 10
1 15
11 1
11 14
20 19
14 15
17 7
5 14
16 21
5 1
15 14
8 13
6 17
7 16
17 21
13 4
3 18
6 10
2 9
2 2
17 1
7 13
5 18
9 10
17 21
12 4
8 4
19 6
15 15
11 16
5 5
5 3
5 1
16 10
19 9
5 8
12 13
14 20
14 18
8 9
8 6
20 7
5 3
15 12
14 3
12 21
12 10
18 16
5 5
10 2
3 10
14 15
13 14
9 2
20 16
18 21
2 8
10 6
20 2
18 11
13 14
21 21
8 17
5 15
20 8
5 17
14 6
21 20
7 14
11 16
19 21
12 8
15 6
5 4
7 13
6 18
20 2
18 21
10 16
8 10
18 5
17 10
20 13
9 9
18 11
12 7
12 17
17 11
21 2
9 4
5 21
19 12
18 20
19 10
9 7
3 19
7 11
6 1
16 15
14 10
18 13
12 1
16 19
5 6
5 5
1 3
20 9
12 1
13 20
9 11
14 12
9 7
14 2
5 5
19 21
20 15
7 21
4 16
2 2
11 5
18 7
5 3
1 5
2 4
13 11
2 9
18 1
15 21
5 1
12 2
9 14
12 17
6 21
14 14
7 4
10 17
6 12
15 5
9 19
1 12
7 20
1 3
5 18
8 21
2 12
18 1
21 5
16 12
5 13
5 8
2 20
13 3
18 11
7 19
16 3
19 4
12 8
3 5
18 21
18 2
12 8
5 12
21 13
21 8
11 5
3 17
21 8
1 20
19 8
12 5
19 11
68 239
28 59
27 50
46 40
40 16
61 36
2 47
68 67
41 48
32 66
36 62
27 61
39 56
61 17
29 40
15 38
43 40
3 53
42 10
35 23
27 58
65 13
64 16
9 56
63 50
31 12
25 16
63 67
59 45
36 2
65 10
29 48
19 5
10 43
12 41
11 20
9 61
46 34
40 58
59 6
30 63
45 6
34 10
60 10
44 10
27 7
57 28
53 23
68 52
64 40
17 32
8 9
23 24
10 42
40 20
10 3
13 27
37 32
48 56
67 4
17 29
21 13
54 52
17 55
46 4
52 1
32 37
58 47
29 37
55 58
57 64
49 25
20 56
42 32
60 55
53 41
49 53
24 52
57 27
29 17
3 48
14 13
49 9
1 10
49 25
35 67
18 21
23 23
15 25
54 10
10 17
54 2
20 65
34 38
42 13
21 57
1 56
52 40
57 58
24 68
4 16
45 17
67 22
31 68
15 29
39 32
17 30
40 20
45 60
21 44
68 43
27 10
54 58
63 37
31 56
47 1
57 37
38 51
9 62
54 30
65 68
34 55
26 15
39 20
25 46
10 28
47 7
24 58
20 17
3 16
16 6
9 6
34 37
6 7
14 44
3 3
5 60
4 52
28 33
47 34
36 66
49 56
68 27
23 44
27 36
54 21
65 68
49 36
28 60
21 32
61 47
3 51
30 10
4 60
38 41
56 18
22 18
49 41
18 53
48 19
14 55
6 34
32 24
12 31
50 30
60 34
17 27
5 28
47 39
34 7
33 32
40 43
47 23
1 18
41 53
3 11
1 5
8 68
63 39
15 34
42 19
26 31
53 45
57 32
14 37
18 52
36 28
61 42
44 42
8 55
41 45
61 15
52 45
47 30
10 15
33 20
64 9
7 41
14 66
17 44
10 30
2 50
3 31
25 3
25 5
2 50
31 47
67 51
57 55
18 32
13 21
55 42
44 58
5 56
36 21
8 64
42 53
31 16
42 28
14 25
4 34
52 51
52 42
27 66
32 57
61 43
34 10
10 30
34 41
34 54
66 4
21 26
48 38
53 30
5 66
5 33
38 16
49 66
1 24
14 2
56 455
27 14
36 20
5 47
45 41
27 45
29 49
49 31
48 3
47 25
22 22
50 2
37 34
28 42
10 50
13 42
38 51
38 23
4 16
54 13
9 7
56 54
24 32
23 54
10 56
18 42
53 3
32 15
41 56
41 44
29 26
24 48
49 1
41 45
55 36
26 31
21 21
18 24
35 9
25 30
19 43
30 23
28 10
46 45
28 34
12 24
37 20
29 40
44 39
8 55
3 12
1 33
45 48
16 20
29 38
8 40
27 21
35 47
12 27
22 32
49 31
42 32
40 13
16 8
24 12
2 34
47 47
18 42
52 18
2 56
30 44
5 9
51 8
40 10
15 45
56 54
45 54
22 8
28 34
15 28
22 50
17 53
31 10
10 33
22 8
11 22
12 31
12 29
21 53
54 22
23 7
33 4
10 27
21 34
8 19
14 53
5 16
13 33
31 49
34 10
37 30
6 52
23 14
31 3
21 52
12 18
47 10
16 10
55 4
24 17
49 3
16 46
25 13
43 12
6 4
50 20
38 39
24 22
9 10
5 34
52 18
16 33
53 45
20 4
8 18
54 13
26 46
12 56
14 55
46 19
9 34
12 32
31 3
27 25
43 17
16 26
52 2
38 31
36 36
35 31
54 30
56 22
21 36
42 5
20 24
47 12
23 46
5 38
30 44
42 20
52 40
18 23
30 5
39 20
22 38
7 12
43 52
4 29
1 50
49 8
44 22
50 38
46 5
14 6
16 44
13 1
29 30
35 15
7 27
22 10
52 2
2 19
29 37
11 16
7 48
32 2
23 24
6 25
26 56
34 23
28 53
52 10
2 22
35 18
41 54
48 18
37 14
35 52
45 13
45 31
32 54
16 24
23 52
23 54
27 52
26 31
18 50
23 9
46 5
25 40
46 5
30 31
33 21
42 21
43 20
46 51
43 9
3 56
6 19
1 45
27 12
4 30
53 53
33 25
8 50
46 44
32 28
31 54
52 45
22 3
23 41
28 8
45 12
54 2
4 52
42 2
35 17
19 23
2 29
44 3
45 45
43 5
44 31
13 38
21 35
1 53
54 16
16 11
36 26
48 33
53 20
25 37
52 32
43 28
18 49
53 22
7 55
44 37
12 19
49 32
27 36
20 42
46 20
8 22
37 32
45 8
16 18
22 31
25 6
52 10
42 19
55 48
22 33
49 33
19 4
4 53
23 33
45 12
56 32
21 45
56 56
53 8
18 38
38 12
22 42
8 40
21 1
27 50
31 49
26 22
50 1
50 19
33 39
8 40
9 38
30 18
52 10
36 38
49 39
56 4
42 16
49 46
11 24
3 43
27 7
22 4
17 18
4 30
42 3
4 20
53 33
33 20
54 21
46 34
53 18
24 35
30 6
35 4
9 30
13 13
20 7
40 35
49 24
23 56
7 15
38 19
48 40
41 41
9 51
51 1
8 29
21 9
27 38
18 17
12 26
3 54
4 49
47 42
29 17
52 40
32 35
42 38
25 31
25 50
17 19
43 50
47 55
55 44
49 40
46 36
35 23
54 18
42 28
10 29
24 1
27 13
31 19
1 33
44 9
30 29
19 1
48 13
48 41
32 40
23 43
19 42
49 49
40 6
31 25
30 21
9 51
12 7
19 34
45 6
19 27
34 10
51 41
7 47
35 13
51 41
22 9
6 10
11 19
23 25
40 20
40 41
50 13
2 28
8 50
19 17
49 22
26 7
6 10
35 50
6 19
19 48
39 53
28 48
35 17
4 29
23 37
11 18
47 32
3 12
30 26
18 7
3 31
54 23
9 24
15 39
56 25
35 56
54 19
30 43
1 14
26 54
38 46
21 11
2 27
39 51
46 2
48 35
20 12
55 2
44 42
49 52
54 31
44 37
15 12
32 35
43 1
34 44
30 56
21 21
27 46
17 51
55 47
13 38
12 43
10 15
25 3
32 10
3 15
53 51
29 4
42 34
33 27
10 27
46 54
18 33
28 34
13 15
20 55
41 41
28 6
33 54
44 45
26 5
25 1
4 25
21 50
48 20
46 32
51 53
50 43
50 22
24 243
21 24
21 24
2 8
24 13
1 12
21 17
22 14
13 2
10 17
6 12
5 21
5 14
15 15
4 8
18 8
1 20
7 7
9 4
2 4
10 14
4 2
19 11
11 19
16 10
22 8
16 13
22 5
6 4
15 17
16 22
20 24
23 18
13 16
24 1
22 11
15 11
14 24
13 10
13 4
9 12
8 23
17 5
11 10
13 23
2 13
14 12
19 23
17 7
15 17
20 1
19 14
24 21
19 23
5 22
20 17
23 5
14 22
17 14
9 18
6 8
8 22
19 11
16 13
10 14
7 23
12 7
12 6
7 8
4 14
7 11
1 22
18 21
12 13
4 23
4 9
8 5
12 19
10 4
8 6
14 11
9 7
7 9
16 2
19 11
8 5
9 12
16 7
9 17
20 24
12 7
19 20
19 1
7 15
10 12
5 11
22 8
3 22
20 16
8 8
9 8
22 16
7 19
21 22
15 4
14 1
11 24
22 17
7 8
23 16
3 7
15 21
5 11
21 15
5 17
15 20
16 21
22 16
7 20
22 24
15 4
19 12
12 6
12 16
11 24
20 17
20 16
8 3
16 17
13 1
8 23
5 1
16 4
14 4
13 18
6 22
15 23
3 12
15 13
8 9
15 4
17 20
2 3
19 4
3 21
13 21
19 17
21 10
16 16
24 7
11 10
1 24
17 3
22 17
10 13
20 3
14 6
23 10
12 18
18 24
24 16
19 19
13 19
14 19
17 4
14 5
2 21
19 3
4 3
24 6
1 19
7 13
3 14
12 14
13 20
18 6
9 24
12 17
24 3
16 7
3 8
22 24
15 2
10 9
16 4
4 14
11 6
18 2
15 9
17 16
11 5
5 9
14 19
20 2
8 18
22 14
19 8
17 2
1 10
20 8
16 11
11 2
4 19
2 12
11 8
23 7
8 7
21 6
17 8
19 8
21 5
18 10
6 24
12 22
18 22
17 18
1 23
8 4
13 23
16 20
8 17
8 18
18 16
19 20
4 22
3 17
2 8
8 6
5 5
7 8
6 12
15 18
8 2
1 18
12 1
5 3
16 11
10 17
22 5
10 22
20 3
9 20
10 15
19 3
10 227
8 4
2 10
8 1
9 2
5 5
5 1
10 5
2 2
1 3
10 2
9 3
3 10
5 6
8 4
1 6
1 2
2 1
5 2
3 4
5 4
9 10
10 10
6 10
8 1
7 6
4 7
9 2
9 8
10 4
8 4
8 4
2 2
6 3
6 6
5 2
7 5
4 7
6 7
3 4
7 2
2 2
1 5
3 6
10 3
9 2
6 5
2 9
1 3
2 3
4 5
8 1
10 2
2 6
9 6
8 9
6 8
7 9
6 6
9 1
8 2
10 3
9 6
3 10
8 3
7 8
3 2
3 7
6 4
4 8
10 5
8 8
9 10
1 9
8 10
10 4
4 6
10 8
6 1
10 3
8 2
9 6
9 3
7 8
2 4
3 8
8 10
6 6
7 10
3 7
9 6
3 1
2 1
2 8
6 1
2 4
5 2
6 5
3 2
8 6
1 7
9 8
2 10
4 2
2 6
10 9
8 8
7 10
6 7
3 6
6 8
2 9
7 4
6 10
3 5
7 10
9 6
10 6
1 6
9 7
10 2
2 6
1 8
9 3
9 10
7 10
5 6
4 2
3 7
10 6
4 1
2 2
1 4
1 2
6 1
9 3
4 3
10 2
6 6
3 2
4 10
2 5
8 10
10 7
2 6
7 9
10 7
1 10
5 4
7 8
9 3
9 10
2 4
2 6
4 2
6 2
4 4
2 2
1 1
7 4
10 2
3 6
5 5
9 8
8 6
8 2
4 3
5 4
2 9
6 3
10 5
3 6
4 9
3 2
8 6
6 5
7 1
7 3
10 4
8 2
1 3
1 7
7 5
3 8
9 9
10 3
10 3
4 2
1 3
2 4
10 1
9 2
6 6
8 6
10 5
3 8
1 6
1 4
3 7
6 2
4 10
8 5
8 2
6 3
8 6
2 7
3 1
5 9
3 4
7 4
6 9
3 9
3 5
9 2
3 3
10 1
7 9
3 2
2 5
7 6
10 9
1 3
7 9
5 10
8 1
2 1
5 1
4 6
59 5
4 9
4 23
22 32
58 57
4 11
39 589
37 38
16 4
21 17
18 18
8 5
7 9
19 32
26 34
13 35
23 34
27 2
1 27
8 6
27 32
26 24
19 23
30 15
37 7
22 36
34 27
39 37
28 32
38 16
23 3
16 32
25 31
33 22
37 24
23 9
34 28
33 32
22 38
14 10
23 7
30 24
24 16
24 3
20 17
7 14
29 12
33 20
37 18
23 24
2 27
2 20
14 31
29 36
37 33
33 29
15 28
13 26
4 29
36 8
4 3
22 25
39 12
9 31
32 23
19 28
9 9
38 33
36 15
7 21
16 33
30 10
8 39
29 6
36 16
21 3
21 11
34 5
8 36
13 27
1 16
30 31
24 33
38 4
32 7
12 21
8 3
27 23
15 13
3 39
21 24
12 1
6 3
4 10
23 18
24 30
12 4
7 7
3 22
1 5
39 12
7 19
14 7
32 3
37 12
17 17
6 13
29 32
17 20
21 37
24 8
31 30
26 32
32 11
17 23
16 15
4 23
9 20
3 24
30 12
36 3
32 14
16 4
1 39
15 24
7 8
19 37
10 22
14 21
35 20
8 19
36 30
2 5
32 24
6 5
24 12
33 15
28 8
19 18
26 2
18 26
19 21
13 23
32 11
15 21
35 37
34 7
20 1
30 17
25 26
5 15
38 33
28 22
13 6
26 1
6 37
31 2
34 38
19 14
37 5
23 37
5 26
37 12
17 27
3 19
15 30
21 21
35 18
21 9
21 6
23 37
37 32
17 13
22 38
14 29
8 16
36 13
9 28
5 17
34 24
2 25
14 25
9 10
23 39
37 16
24 28
4 30
25 32
28 20
12 32
39 34
16 4
33 31
30 27
12 20
26 25
4 5
3 7
23 2
5 6
31 33
19 3
17 18
19 21
29 16
7 36
13 18
9 29
38 18
18 21
25 37
23 31
5 2
17 28
34 33
30 35
20 6
25 22
26 21
37 1
7 19
37 17
19 15
24 13
30 36
23 6
31 12
17 27
15 35
15 3
7 37
33 34
33 17
22 37
32 35
25 15
13 21
25 27
23 11
5 20
33 19
24 3
4 31
20 17
38 29
6 1
6 7
34 4
23 33
18 3
22 37
17 12
16 7
35 18
26 13
31 39
32 8
20 21
39 7
21 16
11 14
13 12
31 1
6 30
31 5
3 22
37 5
17 33
3 33
23 5
33 20
9 5
6 31
33 17
15 27
25 35
2 7
16 5
9 18
14 15
1 37
13 11
5 28
38 19
3 18
13 2
6 30
14 10
7 36
29 23
35 5
25 24
10 9
14 24
36 23
18 36
27 20
34 19
25 37
25 13
17 31
2 17
3 5
37 33
20 32
24 28
16 3
33 35
24 12
15 7
2 20
38 3
6 30
39 34
31 5
38 18
16 12
22 19
4 1
1 31
18 15
29 32
26 34
12 30
23 12
15 32
28 26
24 20
29 33
10 39
6 18
18 7
23 2
8 31
13 29
4 39
37 34
23 17
18 37
25 21
38 38
30 9
36 38
38 6
20 14
6 9
2 22
38 24
39 33
35 25
33 21
22 32
36 23
8 18
25 23
15 34
28 7
6 14
9 2
19 29
20 6
37 18
30 34
37 37
8 18
16 3
27 7
32 19
35 34
38 31
27 12
28 32
28 18
7 22
14 32
38 39
36 15
8 37
21 2
36 17
10 35
31 38
12 28
37 4
7 22
26 30
14 3
30 17
15 23
22 2
30 11
22 26
8 34
5 8
16 24
18 3
20 22
2 33
3 9
3 39
33 38
28 15
38 13
15 24
35 2
23 4
37 33
12 6
36 30
20 4
2 11
23 30
39 35
8 2
19 30
34 6
7 38
4 14
13 28
33 34
16 8
35 1
12 32
10 16
36 24
32 21
15 7
5 22
1 32
2 29
36 20
1 13
30 8
17 6
14 12
14 23
35 6
19 32
35 17
34 6
6 11
32 28
18 16
13 7
32 25
37 35
38 38
24 18
10 36
20 21
26 21
30 14
10 37
24 31
20 1
15 25
27 8
16 22
30 5
35 35
11 14
31 16
33 37
17 14
1 16
12 26
23 31
33 17
12 39
31 12
17 33
33 38
35 33
16 1
2 30
37 14
32 28
25 35
9 33
26 19
21 8
36 25
1 39
28 10
24 9
13 5
36 25
16 13
23 15
4 25
20 6
15 35
21 22
34 29
5 16
23 18
27 35
25 3
5 34
35 14
26 37
17 25
10 9
35 33
36 25
16 30
24 22
8 38
25 4
37 11
14 16
21 30
6 36
37 33
10 21
4 30
33 8
37 33
34 24
22 3
15 1
19 36
30 28
36 14
17 8
2 4
20 21
28 12
2 36
5 30
33 23
29 1
29 26
37 6
11 29
13 39
5 18
30 1
32 10
3 27
35 10
2 14
11 31
10 8
24 34
34 27
12 17
39 2
10 37
8 16
35 29
30 8
15 29
37 36
22 18
1 12
26 30
28 11
28 12
17 1
5 21
27 7
26 8
17 28
21 3
34 26
31 14
13 6
23 24
15 4
31 25
11 9
26 25
1 28
32 20
23 21
27 17
6 13
22 27
37 15
1 7
23 15
34 29
35 18
21 13
18 2
20 12
30 20
13 13
38 39
38 4
32 24
1 11
25 25
38 26
29 13
82 691
25 35
7 43
36 28
54 81
30 48
42 33
54 70
82 19
4 58
3 78
14 76
66 8
30 18
4 82
75 18
9 73
76 12
53 49
52 61
57 70
31 18
18 25
35 76
1 52
72 35
3 30
41 28
56 64
29 8
16 54
69 82
56 18
25 79
2 76
20 40
61 63
11 5
68 82
24 26
22 51
75 68
48 75
13 71
55 59
60 32
42 20
53 63
18 60
48 4
42 34
7 26
5 9
37 20
52 76
63 9
30 58
80 39
62 26
18 4
78 2
45 15
27 78
2 63
74 19
3 77
33 61
48 37
6 45
70 61
58 43
43 10
80 72
13 68
70 35
16 37
46 68
20 54
5 71
12 26
15 17
29 24
6 21
82 27
4 64
42 3
3 72
43 61
67 38
82 29
76 62
69 67
77 12
74 35
56 79
10 71
79 26
40 1
51 79
36 28
62 32
13 33
62 79
66 28
43 15
43 66
14 11
65 33
16 36
79 27
47 52
14 68
30 60
43 6
79 13
52 66
81 78
65 56
28 72
52 18
9 20
7 29
65 55
81 22
37 30
33 9
37 70
65 58
1 75
60 21
75 7
45 66
78 59
75 66
46 41
32 25
70 28
74 73
76 67
72 17
65 56
1 32
38 76
65 24
16 58
56 75
32 81
17 27
8 4
14 63
77 12
79 45
13 24
18 57
82 20
2 13
74 74
2 65
68 4
61 72
80 15
75 11
41 73
24 13
61 7
33 69
25 12
18 31
81 8
8 73
46 11
27 67
80 60
53 46
4 62
17 30
65 73
6 44
56 56
65 25
40 1
74 56
59 80
42 48
16 41
24 74
5 5
8 40
1 14
3 68
19 53
35 38
57 57
32 48
55 34
30 74
60 35
30 54
67 56
49 15
1 22
3 15
36 13
44 66
1 9
16 30
37 14
14 34
20 52
54 16
56 28
54 60
36 27
13 56
28 78
29 34
74 7
52 80
52 18
43 57
8 18
22 4
73 19
8 30
4 44
9 3
68 22
39 41
33 59
56 53
22 26
17 44
74 36
69 77
4 63
61 81
27 38
75 16
81 48
25 42
41 4
13 45
8 48
59 26
21 66
61 42
79 7
55 62
81 72
11 44
75 20
71 46
56 70
67 27
58 48
61 22
39 11
13 79
71 18
46 7
47 44
54 56
35 57
77 59
3 17
60 55
16 51
39 65
43 45
68 73
80 31
76 45
18 42
2 39
4 73
33 41
37 23
15 37
76 40
70 25
1 41
32 57
24 53
57 21
57 53
3 11
48 13
39 23
60 26
49 49
23 35
18 9
47 45
21 63
41 77
62 65
13 64
14 50
34 13
43 56
46 6
3 9
48 11
48 18
60 35
20 72
47 50
77 72
66 72
51 26
21 40
82 39
33 30
69 15
49 26
3 46
67 28
30 9
47 72
2 30
30 26
52 4
10 53
67 37
75 70
65 58
79 68
41 74
56 49
47 20
30 55
56 53
37 75
62 28
10 78
38 60
70 81
56 9
74 77
51 50
59 5
17 69
9 39
8 38
70 82
16 5
5 56
33 33
21 39
33 54
60 56
59 41
36 81
29 55
10 2
56 7
25 3
34 10
62 9
48 68
73 26
2 7
20 64
74 4
58 78
56 59
37 29
26 24
27 56
61 35
37 54
8 24
52 12
10 68
29 80
78 23
3 20
24 52
18 31
24 36
47 23
31 81
79 81
79 14
66 56
58 27
25 18
8 12
12 28
33 33
53 5
56 52
64 37
45 71
41 42
17 82
52 65
61 76
17 61
12 82
39 10
30 81
31 15
22 16
5 26
49 51
47 17
19 69
43 14
53 32
15 47
57 50
12 19
66 64
31 9
31 54
14 45
11 51
31 79
47 72
53 49
72 60
11 12
1 24
54 78
13 72
31 7
50 41
54 72
82 26
21 37
69 23
41 11
79 58
36 46
53 74
49 4
56 52
14 81
56 24
14 69
50 59
25 82
56 1
4 46
4 41
39 59
27 4
59 32
70 9
73 45
65 55
24 5
41 59
38 7
56 55
73 36
31 28
32 63
40 34
22 59
46 75
76 13
26 36
35 69
82 80
7 58
78 34
75 75
82 4
16 72
1 78
66 25
70 57
30 15
67 25
68 4
19 53
37 65
55 16
21 82
61 15
10 40
79 58
45 1
54 12
31 76
50 29
49 1
43 58
4 68
18 56
4 60
34 6
79 56
26 52
6 30
41 61
60 82
60 9
59 57
41 22
73 23
15 79
22 48
63 14
7 56
34 32
62 13
15 45
50 68
76 57
41 1
67 32
3 49
73 23
35 67
43 17
10 49
38 80
32 28
5 36
27 80
50 58
63 13
15 53
27 63
33 56
52 68
65 52
7 17
54 73
79 46
50 9
55 17
74 22
63 77
24 43
30 11
54 55
24 40
3 1
26 53
57 16
68 5
64 50
19 11
49 31
13 12
45 32
6 43
72 26
41 81
69 81
26 35
56 24
15 57
30 26
49 16
31 79
72 57
41 34
76 70
51 43
81 46
5 28
16 46
4 52
68 48
33 57
17 29
73 21
45 61
22 70
13 11
75 66
18 48
82 29
18 78
53 44
20 61
70 68
71 68
64 69
21 16
18 13
50 57
80 25
6 33
28 14
76 64
28 7
14 69
52 33
81 17
72 35
31 76
41 63
69 49
41 36
32 67
22 23
8 20
17 67
47 69
41 31
24 35
41 10
62 78
75 38
66 24
80 60
31 1
22 21
26 54
4 7
63 11
68 3
57 43
78 21
40 26
36 64
32 9
7 20
10 31
54 80
6 69
52 44
60 56
27 33
40 51
56 24
40 75
25 59
27 35
35 5
33 12
71 39
13 50
72 69
53 14
64 81
5 32
62 73
17 30
80 9
54 75
9 55
28 39
23 57
33 79
67 66
46 51
70 28
1 33
59 12
59 62
77 28
66 75
20 69
5 66
67 29
27 23
44 55
28 42
30 35
31 1
62 78
17 28
48 6
53 21
14 70
44 59
2 26
47 21
43 29
63 55
69 3
73 29
50 77
49 38
12 23
71 1
18 55
1 31
6 60
64 53
28 42
13 1
81 11
18 24
24 28
57 328
55 31
48 35
11 2
41 49
39 2
44 21
18 24
32 32
35 53
32 47
19 36
12 27
23 32
15 38
41 5
11 32
39 26
30 28
55 7
12 8
3 7
38 35
36 19
24 2
14 36
10 52
34 13
14 4
56 40
36 18
42 47
46 30
1 1
16 27
53 24
17 45
25 8
49 46
8 33
57 36
49 36
27 32
45 12
8 36
45 3
15 26
29 21
29 39
51 52
45 56
20 2
14 11
48 49
56 13
37 27
53 9
9 54
26 33
17 10
28 21
17 10
30 34
39 22
15 22
52 22
37 20
10 20
23 23
17 42
15 10
36 47
55 31
44 7
40 22
31 54
24 7
38 57
49 19
2 21
24 33
34 39
56 21
28 54
52 1
46 35
39 7
39 42
41 5
16 15
3 47
3 56
21 15
39 45
40 11
11 36
22 49
40 46
2 19
57 40
42 32
36 31
53 2
14 30
10 24
10 28
7 24
5 56
8 47
27 8
45 36
3 57
40 38
26 32
22 41
13 6
21 28
7 33
46 34
8 53
41 21
25 30
12 14
57 22
39 8
49 28
24 26
30 25
36 17
21 39
6 21
8 34
51 3
2 19
41 25
51 24
46 15
39 56
13 47
44 37
6 33
31 3
9 45
46 14
11 3
30 35
45 1
18 14
40 4
35 48
55 48
45 36
20 2
5 53
1 39
33 50
4 37
20 3
35 14
18 8
43 55
39 48
17 44
56 48
49 54
56 49
49 21
14 7
7 52
1 35
10 17
53 52
40 51
16 5
18 22
47 53
50 1
29 43
21 13
14 13
43 19
37 3
47 20
47 36
21 32
18 36
36 30
45 51
5 9
6 2
44 38
20 23
35 26
33 7
33 35
48 42
31 38
32 53
8 23
25 12
55 2
23 19
41 4
25 29
57 39
12 11
23 35
47 2
22 8
52 45
49 4
54 10
8 2
1 4
25 46
50 48
34 7
3 36
56 28
19 25
50 53
18 2
46 18
31 1
57 35
23 11
4 34
2 10
25 43
19 9
38 17
22 33
22 11
1 28
5 53
43 29
32 45
54 46
9 53
53 6
13 34
40 5
6 36
10 43
5 4
9 11
56 50
52 15
18 41
30 10
11 26
38 22
37 32
53 24
48 54
52 52
13 27
46 25
42 24
26 55
33 49
28 1
3 49
22 6
36 31
24 19
3 5
25 52
40 18
43 15
26 20
6 20
46 7
4 44
49 14
45 45
32 16
9 33
41 16
5 18
47 7
11 21
37 26
31 9
1 2
16 45
16 7
2 25
35 42
40 54
27 41
33 19
10 20
25 36
27 26
35 20
49 53
37 41
44 22
57 7
53 28
51 1
40 13
45 34
11 5
4 2
19 16
29 16
5 39
1 53
2 13
23 16
29 56
53 17
1 4
24 33
19 30
57 27
19 38
15 46
14 39
44 8
34 1
5 28
43 41
18 8
50 51
10 33
21 3
73 39
44 22
53 41
20 41
69 3
62 5
38 44
65 67
8 35
13 66
16 17
30 59
35 24
17 3
24 70
69 3
72 5
55 66
41 28
50 55
19 25
10 34
62 33
25 29
47 60
58 33
68 43
28 25
49 65
60 70
71 55
68 52
16 16
70 23
4 64
55 73
50 34
17 9
56 4
63 24
31 439
4 18
20 12
18 27
15 20
22 12
29 30
29 3
21 25
3 29
15 18
26 15
17 11
14 29
7 14
15 10
22 7
23 26
20 8
8 24
26 17
10 20
11 16
30 26
9 15
11 19
2 15
3 10
25 28
15 19
26 8
31 2
13 1
31 4
23 26
8 31
1 29
4 25
6 22
13 23
11 22
9 31
6 9
27 4
19 15
2 30
24 15
13 28
11 14
26 18
23 28
23 12
9 21
19 14
24 27
14 21
26 27
27 6
21 1
9 22
9 21
15 17
3 31
24 2
28 6
2 29
3 7
23 23
7 20
14 20
6 13
20 7
3 14
12 5
11 13
11 2
10 18
18 23
6 19
6 12
7 13
29 4
25 17
5 9
21 10
20 11
20 14
24 31
29 6
3 11
14 6
1 8
2 25
3 8
9 21
16 8
1 16
24 14
10 12
20 6
24 4
27 9
7 28
13 14
5 11
17 29
5 27
16 3
24 1
21 16
4 5
25 5
25 2
15 7
20 25
6 16
4 1
17 26
26 17
29 19
21 24
18 18
20 13
20 11
9 25
19 4
11 12
23 4
9 7
16 30
28 26
25 25
10 16
16 13
7 16
18 24
28 31
7 17
26 19
10 20
3 5
14 10
7 14
1 19
17 30
26 11
2 17
29 28
19 19
3 7
23 29
28 5
25 27
21 25
28 23
28 22
21 4
24 30
3 19
6 27
1 17
1 19
9 8
9 3
7 20
4 22
14 21
17 19
20 7
25 13
23 5
24 14
14 21
12 31
5 11
17 23
5 17
20 21
19 18
3 24
30 29
5 21
26 14
10 17
7 13
14 10
23 5
9 30
26 24
9 20
8 28
14 13
6 6
6 25
8 6
3 10
16 10
6 12
17 9
6 17
7 10
1 2
2 25
13 11
20 21
25 9
12 31
28 9
18 17
2 13
11 10
8 4
4 1
21 21
28 12
4 20
2 8
1 30
10 29
6 30
23 13
8 18
28 26
13 11
2 3
27 5
29 3
4 9
30 22
9 8
28 11
19 16
16 7
9 27
14 15
27 24
12 12
16 3
5 30
16 11
6 7
29 28
24 16
18 6
29 23
16 16
2 11
18 19
2 15
31 14
21 12
20 19
4 23
4 26
31 10
13 23
14 18
31 22
24 4
27 24
1 18
20 27
21 30
27 24
27 21
4 20
11 20
16 1
25 21
8 26
31 4
31 30
4 31
3 13
11 6
2 2
21 20
15 17
31 28
5 3
7 24
14 20
28 6
6 15
17 20
15 15
21 12
11 8
20 30
28 21
3 6
28 28
17 8
5 10
19 27
2 6
13 10
30 28
15 4
5 10
12 21
7 13
10 1
30 24
17 4
31 20
27 11
11 29
17 10
6 6
27 27
14 7
18 28
27 2
31 16
22 31
8 23
27 21
24 13
17 30
17 22
25 14
8 11
19 21
24 9
24 13
5 5
9 13
13 23
21 9
8 3
23 23
24 27
2 4
18 9
29 26
12 15
16 28
14 22
11 30
31 11
7 3
22 29
3 5
15 2
11 14
18 7
11 20
23 25
16 25
14 28
19 26
19 26
21 31
23 5
14 4
16 27
21 24
14 1
30 24
1 26
13 26
28 12
17 2
6 30
21 17
14 30
22 29
1 19
23 8
10 16
18 13
22 18
11 30
28 22
13 25
13 18
2 11
13 8
9 19
17 31
14 9
7 29
2 6
7 20
8 7
18 8
7 8
11 23
17 2
25 3
11 21
29 9
8 18
4 1
14 10
14 19
19 26
31 31
19 8
11 20
10 28
3 19
21 21
21 18
14 23
13 26
14 1
25 11
29 9
12 1
12 3
5 8
1 18
5 5
25 12
29 13
3 14
24 10
16 7
9 23
17 28
2 24
1 14
12 17
14 26
12 10
30 23
28 11
3 1
8 28
21 24
7 26
12 12
31 24
17 6
22 16
7 3
14 19
22 23
2 838
2 1
1 2
2 2
1 2
2 1
2 2
2 2
1 1
2 2
2 2
2 1
2 2
2 1
2 2
2 1
1 1
1 2
1 2
2 1
1 1
1 2
2 2
1 1
2 2
2 2
2 1
2 2
2 2
1 1
1 1
1 1
2 1
2 2
2 2
2 1
1 2
1 2
1 1
1 2
2 2
1 1
1 2
1 1
2 1
1 1
1 1
1 2
2 2
1 1
1 2
2 2
1 2
2 1
2 2
2 2
2 2
1 2
1 1
2 2
2 1
1 1
1 1
1 1
2 2
2 2
2 1
2 1
1 2
2 1
2 1
2 2
1 1
2 1
1 2
1 1
2 1
2 1
2 2
2 2
1 2
2 2
2 2
2 1
2 2
1 1
1 1
1 2
2 2
1 2
1 2
1 2
1 1
1 2
2 2
2 2
2 2
2 1
1 1
1 2
2 2
2 1
2 1
1 1
2 1
1 2
2 1
1 2
1 1
1 1
2 2
1 1
2 2
2 2
2 1
2 1
1 1
1 1
2 2
2 2
2 1
2 2
2 2
2 1
2 2
1 2
1 1
2 1
2 2
2 1
2 1
2 1
2 2
2 2
2 1
1 2
2 2
1 2
1 2
1 1
1 2
2 2
2 1
1 1
2 2
1 2
1 2
1 1
2 1
2 2
1 2
1 2
2 1
2 1
1 1
2 1
1 1
2 1
2 2
1 2
1 2
2 2
1 1
2 1
1 2
1 1
1 2
2 2
2 1
1 1
1 2
1 2
1 2
1 1
1 1
1 1
2 1
1 1
1 2
1 1
1 2
1 1
1 2
1 1
1 2
2 1
2 2
1 1
2 1
2 2
2 2
2 2
1 1
1 1
1 2
2 2
1 2
1 2
1 2
1 1
2 2
2 2
1 2
2 2
1 1
1 2
2 2
1 1
2 2
2 1
2 2
1 1
2 1
2 1
1 2
2 2
2 1
2 2
1 1
1 1
1 1
1 2
1 2
2 1
2 1
1 1
1 2
2 1
2 2
2 2
1 1
2 2
1 1
2 2
2 1
1 2
1 2
2 2
2 1
1 2
2 2
1 1
2 2
1 1
1 2
2 1
1 1
2 1
1 2
2 2
1 1
1 1
1 2
2 1
2 2
2 2
1 2
1 1
2 2
1 2
2 1
1 1
1 2
2 1
2 2
1 2
1 1
1 1
1 2
1 1
1 2
2 2
2 1
2 1
2 2
1 1
2 2
1 2
2 2
1 2
1 1
1 1
2 2
1 1
1 1
2 2
2 2
2 1
1 2
2 1
2 1
1 1
1 2
2 2
1 2
2 1
1 1
1 1
1 2
2 2
1 2
1 2
2 1
2 1
2 1
2 2
1 1
2 2
1 1
2 1
2 1
2 2
1 2
2 2
2 2
2 2
2 2
2 1
2 2
2 1
2 1
1 1
1 2
2 2
2 1
1 1
2 1
1 1
2 2
1 2
2 2
1 1
1 2
1 2
1 2
2 2
1 2
2 1
1 2
2 1
1 1
2 1
1 2
1 1
2 1
1 2
2 1
1 2
2 2
2 2
1 2
1 2
1 2
1 2
2 1
1 1
1 2
2 1
1 1
2 2
2 2
1 2
1 2
1 1
1 1
1 1
1 2
1 2
1 2
1 2
1 2
2 2
1 2
1 1
1 2
2 2
1 1
1 1
2 2
1 1
1 1
2 1
2 1
2 2
2 1
1 1
1 1
1 1
1 2
2 2
2 2
2 1
2 2
2 2
2 1
2 1
2 2
2 1
1 2
2 2
2 2
2 1
1 2
2 1
2 1
1 1
1 2
1 1
2 1
2 1
1 2
1 2
2 2
2 2
2 2
2 2
1 2
2 2
2 1
2 2
1 2
2 2
2 1
1 1
2 2
2 1
1 1
2 2
1 1
1 1
2 2
2 2
2 2
2 1
2 2
2 1
2 1
2 1
1 1
2 1
1 1
2 1
1 2
2 2
1 2
2 2
1 1
2 2
2 2
1 1
2 1
2 1
2 2
2 2
1 2
1 1
1 1
2 2
2 2
2 1
1 1
2 1
1 2
1 1
1 2
2 2
1 2
1 2
2 1
1 2
1 2
1 2
1 1
1 1
2 1
2 1
2 2
2 1
1 2
2 2
2 1
1 2
1 1
2 1
2 1
1 1
2 2
2 2
1 1
2 2
1 2
1 1
2 1
2 1
2 1
1 2
2 1
2 2
1 1
2 1
2 2
2 2
2 2
1 1
2 2
2 1
1 1
1 1
2 1
2 1
2 2
1 2
2 1
1 1
1 2
2 2
1 2
1 2
1 1
1 2
2 1
2 2
1 1
2 2
1 2
1 2
1 1
2 2
1 2
2 2
2 2
1 1
1 2
1 1
1 1
2 2
2 1
1 2
2 1
1 2
2 1
1 1
2 2
1 2
1 2
1 2
2 2
2 1
2 1
1 1
1 2
2 1
2 2
1 2
2 2
1 2
1 1
2 2
2 2
2 2
1 1
1 1
2 2
1 1
1 2
2 1
1 2
2 2
2 2
2 2
2 1
1 1
2 2
2 2
1 2
1 1
1 1
1 1
1 1
1 1
1 1
2 2
1 1
1 2
2 1
2 1
2 1
2 1
1 2
2 2
1 2
1 1
1 2
2 2
1 1
2 2
2 2
1 2
2 2
2 2
2 1
1 2
1 1
2 2
2 2
1 1
1 1
1 1
2 2
2 2
1 2
2 1
1 2
2 2
1 1
1 2
1 1
1 2
1 1
2 1
1 2
1 2
1 2
2 1
1 1
1 1
2 1
2 2
2 2
1 1
2 1
2 2
2 1
2 1
2 2
1 1
1 2
1 1
1 1
2 1
2 1
2 1
2 2
2 1
1 1
1 1
2 2
1 2
1 2
2 2
1 1
2 1
1 2
1 2
2 1
1 2
1 2
2 2
2 2
2 1
1 2
2 1
1 2
2 2
1 1
2 2
1 2
2 1
2 1
2 1
1 2
1 2
2 1
1 2
2 2
2 1
2 2
2 1
2 2
2 2
2 2
2 2
1 1
2 1
1 2
1 1
1 1
1 1
1 2
2 2
2 1
1 1
2 1
1 1
2 1
1 1
2 1
2 1
2 1
1 1
2 2
2 2
2 2
1 2
1 1
2 1
1 2
2 2
2 1
1 1
1 1
1 1
2 2
1 1
1 1
1 2
1 2
1 2
1 2
1 2
1 2
2 2
1 2
1 2
1 2
1 1
2 1
1 2
1 2
1 1
1 1
2 1
1 1
1 2
2 2
1 1
2 1
2 1
1 2
2 1
1 2
2 2
1 1
1 1
2 1
1 2
2 1
2 2
1 1
2 1
2 2
2 1
1 1
1 1
1 1
1 1
2 2
2 1
1 1
1 1
1 1
2 2
1 1
1 2
2 1
1 1
1 2
2 1
2 2
1 2
1 1
1 1
2 1
2 2
1 1
2 1
2 2
1 2
2 1
1 1
2 1
2 2
2 2
1 2
1 2
2 2
2 2
1 1
2 1
1 2
1 2
1 1
2 2
2 2
1 2
2 2
1 2
2 1
1 2
2 2
2 2
1 2
1 1
2 1
1 2
2 1
1 2
1 1
2 2
2 1
1 1
2 2
1 2
2 2
2 2
1 2
1 1
2 1
1 1
2 2
1 2
1 1
2 2
1 1
2 1
1 2
1 1
2 2
1 2
1 2
2 2
1 2
1 1
2 2
1 1
2 1
1 1
1 2
2 1
34 904
8 9
5 24
20 14
10 17
5 11
8 34
20 27
34 5
33 6
11 32
34 22
2 26
11 34
15 17
14 10
11 31
5 31
34 2
5 11
31 27
26 32
19 4
9 25
21 27
21 12
22 9
16 28
14 12
17 32
1 17
33 29
15 32
22 4
24 32
23 17
28 18
28 23
8 17
21 19
21 24
17 29
5 3
18 15
34 27
5 34
26 27
26 21
29 4
34 17
14 9
5 31
8 34
7 18
7 17
1 20
19 5
8 10
30 14
24 29
14 9
11 33
17 18
22 1
20 21
18 4
9 19
22 24
17 13
12 33
28 24
19 34
15 16
5 30
11 11
19 4
31 16
11 27
32 14
6 1
9 18
1 19
5 18
30 9
21 9
3 31
4 34
32 32
12 21
25 19
31 24
11 12
24 14
17 1
24 27
33 1
6 1
2 10
8 23
34 20
10 32
17 9
29 22
33 7
22 33
20 7
28 29
6 5
32 20
15 13
29 16
12 28
11 8
13 17
18 20
4 24
21 24
17 27
33 17
2 1
9 25
18 34
1 8
31 10
13 33
5 33
32 29
2 17
34 14
6 7
17 22
34 19
28 24
8 21
30 31
6 26
20 9
10 16
21 16
4 4
28 14
7 17
23 1
31 3
9 4
20 32
32 21
24 1
12 17
2 2
14 24
14 4
33 7
27 17
22 1
30 13
26 25
20 15
22 15
9 25
26 9
22 29
9 15
25 29
15 30
23 3
30 26
6 4
26 28
5 23
33 30
12 27
29 9
12 2
29 31
16 12
3 12
26 4
14 5
19 17
34 31
21 19
32 8
16 6
12 17
23 31
28 6
21 14
33 34
20 4
22 26
1 14
18 13
15 29
11 24
25 30
29 31
15 32
25 28
17 34
16 14
28 7
23 30
9 17
19 10
19 14
21 8
4 23
11 29
29 21
3 15
15 28
18 27
1 12
25 6
28 11
14 26
28 21
32 24
33 20
18 19
10 11
28 11
18 5
22 4
7 13
13 34
33 14
28 28
27 19
14 27
2 16
26 13
32 5
10 10
27 5
31 33
29 10
28 19
27 32
30 32
2 32
16 30
30 8
24 8
34 18
25 22
9 28
33 9
4 2
5 13
31 2
13 24
15 32
5 32
23 5
13 9
3 19
22 12
13 15
17 6
4 15
29 33
33 31
10 32
8 19
22 11
13 11
12 34
26 2
14 33
5 21
28 8
31 2
33 7
17 16
23 7
14 23
29 24
24 17
32 14
33 28
21 30
23 2
14 12
8 28
22 25
8 20
3 18
33 29
21 21
6 34
4 30
13 17
10 7
14 27
30 25
5 5
34 9
21 21
11 9
34 15
14 11
24 19
12 2
28 15
19 34
31 2
7 5
34 2
27 31
33 25
17 4
29 26
27 28
25 28
16 17
6 26
10 1
14 2
2 26
23 26
4 27
26 13
2 4
5 17
22 26
16 26
16 34
3 30
24 5
10 4
15 21
23 24
3 9
28 17
24 4
19 27
31 8
6 4
19 16
19 3
16 12
32 10
33 11
12 16
11 31
18 23
3 7
9 6
15 16
20 2
10 4
15 27
9 9
17 14
11 22
21 28
34 34
24 33
17 22
1 4
5 25
24 4
16 11
23 10
26 7
28 15
20 34
27 12
4 2
1 3
31 12
31 9
24 6
7 2
25 8
34 8
1 20
21 12
30 22
27 24
4 15
14 18
15 29
33 29
28 4
4 16
29 15
19 3
12 30
8 22
19 33
1 17
25 5
24 12
5 14
10 13
5 21
8 14
4 6
27 17
5 31
29 16
21 28
29 16
13 30
33 15
11 5
25 29
27 25
25 19
13 1
25 17
26 21
15 26
13 8
27 11
15 33
5 14
32 32
31 14
15 34
18 24
9 32
22 15
24 10
31 20
4 27
18 23
16 31
6 24
16 13
6 12
22 12
10 33
17 18
33 30
24 21
24 23
19 11
8 33
19 20
7 3
10 24
31 27
34 33
30 32
12 9
31 1
25 15
21 17
7 9
22 6
14 34
21 21
2 32
20 33
10 19
27 31
5 20
32 32
18 26
10 9
32 15
29 13
27 19
4 12
9 11
9 16
2 21
31 2
22 16
9 18
1 1
20 29
25 7
33 31
19 32
6 2
1 15
27 6
30 18
9 29
7 2
1 34
15 27
26 21
18 31
13 22
27 13
11 9
21 19
7 32
25 34
26 32
34 2
15 33
13 9
21 21
4 11
25 13
23 34
28 16
1 16
5 29
3 2
13 14
6 18
24 6
14 12
7 17
2 15
15 19
8 7
5 31
7 9
9 24
32 33
29 27
22 33
28 10
26 5
12 2
30 13
16 32
28 29
26 32
26 33
21 19
25 6
33 12
29 3
14 21
10 21
20 14
22 32
32 9
12 20
15 22
1 1
5 30
3 5
30 14
33 8
33 26
28 25
15 30
26 22
28 13
31 4
19 7
11 6
9 31
24 1
20 8
14 26
27 27
26 7
13 2
11 4
5 17
1 33
14 29
22 21
32 14
18 33
7 6
18 4
7 19
10 4
7 17
27 34
34 2
9 16
9 4
6 21
15 8
34 2
6 33
20 3
26 32
5 33
29 18
18 18
1 5
18 9
24 33
2 29
5 17
9 17
16 4
9 11
27 32
10 31
33 13
4 2
6 26
2 5
2 5
1 5
15 16
10 32
19 9
8 11
13 7
25 15
22 3
8 32
21 25
4 10
28 4
13 32
7 31
20 23
17 6
3 30
16 2
19 33
26 14
6 14
33 1
4 7
16 18
22 15
19 12
4 20
8 18
18 15
14 5
23 16
34 3
23 34
20 30
20 4
10 30
21 25
2 6
32 4
22 20
29 24
26 28
10 28
3 4
4 12
21 11
21 30
31 15
27 31
31 11
4 23
4 10
30 20
31 24
4 31
27 4
6 32
32 22
19 1
6 10
15 31
2 30
26 8
33 20
32 24
31 24
1 24
1 4
30 25
7 30
5 27
21 1
14 13
29 32
25 34
30 21
16 23
27 34
10 26
27 26
28 21
9 34
6 23
28 6
22 26
5 13
2 33
27 8
29 30
26 10
3 10
25 20
21 5
1 27
16 3
34 11
26 1
13 28
30 24
18 7
21 16
4 25
2 4
2 8
4 10
28 3
10 23
28 21
8 29
24 24
13 5
11 10
2 16
6 28
2 34
4 29
27 30
25 18
22 18
28 21
29 16
15 13
2 6
21 11
12 29
20 7
4 21
17 7
15 25
18 11
14 16
6 20
23 22
29 10
30 13
10 23
29 4
31 12
17 23
5 24
28 34
4 8
7 32
30 19
6 14
12 27
12 30
21 13
32 4
7 24
10 10
14 28
1 16
10 31
27 32
27 9
27 19
15 17
30 34
32 30
2 34
27 16
9 3
16 22
19 23
14 32
23 4
17 24
6 12
4 23
28 22
23 19
12 29
2 31
31 4
19 18
10 8
9 33
23 8
26 23
30 24
22 33
7 12
8 12
12 32
12 7
13 18
9 19
15 10
14 18
10 2
24 20
18 34
17 20
1 21
3 6
33 26
19 19
2 14
4 32
26 11
18 4
30 18
26 16
17 25
21 17
26 15
11 16
28 17
27 22
10 1
26 13
32 7
17 6
26 32
17 17
6 26
30 22
30 9
29 22
20 13
13 31
28 19
6 23
3 11
34 18
15 4
18 22
1 6
28 14
19 16
18 19
21 13
26 34
34 13
4 26
18 9
2 30
12 34
16 27
24 30
3 2
18 29
23 29
26 27
4 1
29 24
18 30
15 26
25 24
6 9
6 4
18 30
34 34
17 20
6 8
3 17
2 1
16 2
18 34
33 3
26 34
18 34
7 13
22 14
5 17
27 7
34 22
22 4
7 34
22 8
26 25
20 9
7 14
20 12
27 31
12 9
30 2
22 26
1 34
24 31
23 17
18 6
17 32
7 10
29 12
30 9
10 10
26 22
21 32
4 26
29 22
30 13
8 7
18 26
28 8
6 32
20 13
30 34
17 10
32 18
2 9
34 16
20 6
6 10
73 750
71 17
60 66
6 10
39 2
64 26
71 6
71 10
68 32
6 3
50 49
51 31
50 17
71 23
57 59
52 26
38 65
49 33
34 50
12 29
20 28
40 49
10 47
57 60
30 2
32 42
50 68
61 46
32 49
25 67
70 73
42 66
26 37
28 69
39 43
63 25
51 31
18 56
47 37
30 22
71 10
68 60
59 56
64 65
21 11
4 48
23 15
11 39
26 60
39 28
46 24
5 18
20 58
17 68
56 45
51 55
35 3
22 67
42 59
72 47
14 1
7 24
29 25
1 35
72 64
11 20
39 56
15 33
43 35
31 57
46 4
60 52
57 65
38 40
46 67
30 73
36 31
51 13
7 70
9 54
52 29
33 60
55 67
71 4
72 5
32 34
49 54
16 35
19 18
72 49
25 72
17 31
16 10
53 50
2 60
42 38
38 43
41 71
34 43
33 20
47 42
43 67
39 6
66 73
41 37
59 46
64 38
38 39
12 58
13 9
60 30
1 71
70 68
5 68
33 27
64 20
27 66
16 44
70 4
27 1
69 15
3 8
11 72
14 32
41 1
52 72
18 5
33 26
14 63
4 63
28 13
26 10
23 51
2 28
29 65
65 33
5 36
44 62
43 36
9 12
7 64
69 24
64 8
55 13
11 63
56 24
61 24
59 68
21 45
64 35
23 36
40 8
27 64
57 33
58 40
55 56
24 71
29 3
21 68
18 73
72 70
46 61
19 27
16 17
31 42
44 39
72 11
9 44
44 1
21 43
45 45
68 19
4 67
25 69
49 65
28 23
7 70
42 53
15 2
52 13
35 45
42 64
63 5
22 28
53 58
26 53
49 25
51 6
44 49
23 35
19 73
62 13
36 54
64 25
70 31
53 60
34 32
4 60
69 27
45 50
39 21
27 9
7 48
12 65
15 64
53 37
25 45
23 23
7 61
25 67
72 54
47 31
13 19
4 11
29 65
4 23
35 37
24 58
11 43
28 67
15 58
17 4
65 21
70 48
11 36
22 60
10 52
67 1
53 29
14 47
61 21
38 47
59 5
49 43
23 39
15 45
31 29
60 49
3 59
42 47
17 44
50 15
1 71
58 73
28 45
47 72
52 7
12 46
64 44
55 5
33 52
33 13
27 43
29 36
37 36
11 14
14 33
21 67
57 5
24 66
63 43
70 51
33 42
4 52
13 16
41 25
9 16
5 30
33 28
51 68
45 26
37 36
71 23
60 12
16 53
44 36
2 9
7 47
8 17
45 26
29 11
36 72
58 16
49 4
56 43
5 9
32 49
28 10
70 37
2 67
20 44
73 54
7 37
2 57
16 66
2 1
28 35
52 31
66 56
5 50
5 2
35 49
34 35
8 71
63 5
14 33
29 34
45 17
8 33
33 28
25 19
39 58
69 6
56 42
29 11
64 60
49 9
70 20
47 15
65 33
51 1
33 72
23 59
3 7
73 40
38 65
58 45
58 16
16 14
8 40
20 13
15 66
63 19
22 13
23 6
26 29
1 67
8 20
68 30
28 8
59 10
73 26
7 3
3 71
22 62
49 52
30 24
1 56
25 31
32 39
50 17
12 71
11 55
62 57
32 55
27 48
28 34
63 18
35 26
5 54
39 4
1 9
25 71
25 51
53 17
20 72
14 52
67 28
4 40
33 59
67 61
46 17
54 23
38 66
55 66
6 32
24 43
73 44
45 52
71 6
64 68
4 46
53 57
16 25
45 46
17 35
62 57
27 16
29 2
34 21
4 1
49 17
8 5
48 15
53 30
34 18
31 19
38 33
46 1
13 44
20 48
22 41
43 43
51 40
60 66
10 73
55 52
59 6
31 20
60 58
8 58
32 9
24 19
40 9
31 64
14 55
6 5
10 32
8 57
72 70
62 33
11 50
71 67
38 55
58 37
3 72
62 4
36 70
10 59
23 38
46 46
20 41
18 40
47 41
3 52
14 39
52 52
52 17
49 48
71 44
19 6
16 40
69 65
5 45
11 44
58 68
61 29
59 18
71 28
41 52
35 19
52 56
60 8
6 59
34 59
24 20
46 33
40 72
66 31
62 72
2 35
28 31
36 45
39 34
31 49
65 57
24 51
50 5
21 52
61 17
43 50
51 65
18 49
4 32
52 14
29 37
9 58
44 42
6 14
9 26
50 58
52 44
7 54
60 71
65 73
32 12
52 23
72 51
52 68
11 21
54 54
63 3
65 57
32 56
7 69
61 13
21 29
38 19
54 52
7 28
71 27
31 60
12 9
46 33
6 33
64 57
64 47
9 41
72 24
5 23
35 38
34 55
68 63
68 51
20 33
25 34
20 32
58 39
21 11
71 11
24 66
26 37
43 65
44 57
48 14
3 13
18 14
35 47
12 34
4 35
45 47
26 69
24 71
10 9
64 13
49 27
40 64
35 14
64 8
18 59
52 2
10 71
56 64
1 69
6 54
29 8
46 46
19 17
26 17
30 11
70 55
20 46
23 4
36 14
14 44
37 19
53 30
15 29
17 12
31 4
61 12
46 71
55 44
14 53
8 67
56 72
70 27
15 36
14 33
37 12
17 25
17 16
57 43
8 13
12 30
24 18
37 53
69 15
1 28
25 23
13 48
24 69
15 66
39 13
18 2
73 47
11 63
37 31
64 21
1 3
60 50
58 68
58 51
1 37
58 44
11 4
1 56
7 38
35 3
18 13
16 7
51 24
72 17
60 35
51 64
29 20
45 64
47 16
17 39
34 66
67 34
29 2
20 8
20 41
1 6
35 72
1 61
71 16
47 26
27 50
17 71
43 62
63 36
15 2
69 16
45 70
17 72
64 13
48 13
71 62
49 25
66 27
27 12
44 55
57 64
37 4
63 54
42 72
24 12
3 3
3 46
12 6
17 34
33 3
65 26
72 14
7 18
53 26
42 27
64 48
13 70
58 40
3 33
56 37
42 71
56 5
30 8
51 43
27 53
22 17
51 15
70 29
72 42
6 17
42 68
18 16
68 37
54 22
27 6
64 1
43 44
5 4
41 71
29 51
39 23
39 27
51 61
73 31
44 61
45 37
35 56
66 36
26 19
43 50
46 46
64 47
58 55
29 6
18 29
7 16
26 33
5 61
25 1
29 17
72 43
56 25
17 36
6 18
58 26
6 20
39 61
57 40
51 28
7 55
12 41
40 38
42 34
28 14
34 28
1 29
6 69
26 32
49 25
42 51
5 59
16 57
11 17
11 5
24 42
53 50
46 69
67 70
23 47
29 16
69 38
26 2
23 21
44 17
4 31
38 52
22 69
31 60
18 52
29 6
33 12
51 39
45 23
58 72
52 65
16 50
56 61
21 67
11 31
24 25
14 43
29 15
70 22
57 65
3 39
19 70
1 25
41 84
21 18
28 31
35 20
15 8
21 35
37 2
29 28
11 13
21 14
30 15
21 12
34 14
3 6
34 23
38 20
38 22
5 2
28 17
1 2
7 33
17 30
18 36
2 1
20 27
17 20
11 41
19 27
34 34
4 14
12 11
23 10
29 6
7 26
8 16
37 26
8 31
33 29
29 10
20 39
34 40
36 38
20 34
27 13
1 4
8 37
34 31
32 24
26 32
24 32
19 11
29 39
32 12
27 32
30 22
1 28
31 15
17 10
5 37
13 25
33 30
14 36
3 16
7 24
11 32
39 36
33 37
4 26
4 21
22 36
9 36
37 9
28 1
4 12
23 11
3 30
17 22
33 8
36 6
21 27
25 33
23 36
25 5
9 14
40 35
25 601
5 14
24 2
4 11
1 14
17 1
1 13
25 1
20 6
3 5
11 12
15 9
24 21
23 25
15 1
17 25
17 19
25 21
1 9
9 8
10 15
6 4
1 16
13 12
17 25
20 25
8 8
20 14
15 16
23 4
19 20
5 10
9 19
10 19
2 15
24 1
16 15
22 16
25 15
22 4
11 9
22 12
13 17
9 3
7 6
16 20
6 21
2 21
5 15
13 22
18 15
15 25
18 13
25 4
19 15
14 5
14 1
9 22
5 12
4 18
11 16
18 8
23 12
1 11
13 10
5 23
21 4
22 7
22 14
19 17
5 8
24 2
20 14
9 12
23 19
9 23
9 14
7 4
18 25
13 6
10 16
16 21
19 24
2 5
9 12
2 16
25 13
17 5
1 14
5 5
19 21
24 25
18 12
2 12
7 3
10 20
18 24
18 10
6 12
24 5
22 7
9 25
12 20
18 24
25 13
14 4
9 4
8 7
10 19
12 22
15 5
4 6
6 12
19 1
10 1
19 23
9 14
14 3
1 11
22 16
21 14
20 1
7 22
10 17
15 7
15 17
4 5
25 5
16 5
23 1
7 8
5 5
15 22
25 4
17 3
23 12
10 22
7 20
22 2
14 2
2 12
3 16
16 12
17 23
25 13
18 16
21 24
7 10
19 22
10 10
19 4
14 17
19 12
9 14
11 11
22 3
21 9
18 22
12 12
2 16
16 21
10 2
1 3
11 25
18 1
7 11
3 9
4 7
19 14
9 19
4 13
21 22
5 15
4 12
22 6
21 25
21 23
23 12
6 19
8 18
3 6
12 5
1 8
13 24
23 19
23 7
19 12
12 22
4 13
24 24
11 23
1 7
25 5
14 1
16 5
10 13
15 18
14 5
11 8
21 4
12 3
20 2
24 11
16 16
13 7
14 8
24 4
3 6
15 17
19 20
4 23
7 25
8 22
11 24
10 22
9 11
3 9
21 5
2 12
21 4
13 9
22 5
13 15
15 9
9 8
22 22
21 18
22 6
19 14
24 1
12 4
12 23
16 21
14 14
23 12
7 2
1 13
13 10
12 24
19 11
19 10
24 2
12 13
9 15
12 9
5 21
19 11
2 11
14 14
9 7
21 23
23 7
16 15
24 13
24 10
7 8
23 11
24 1
15 3
3 21
22 7
6 21
22 4
18 11
3 24
2 22
1 11
6 12
3 19
3 21
6 2
20 11
6 10
8 13
12 25
11 22
2 9
25 9
6 17
18 4
3 18
19 18
23 4
25 11
18 16
9 16
4 22
1 22
19 24
3 16
4 5
14 14
18 14
7 21
11 10
13 10
7 15
21 18
11 16
9 6
12 3
24 18
15 17
9 17
11 23
4 1
5 17
10 5
16 13
7 11
17 5
20 10
6 2
20 11
22 25
6 21
9 14
13 10
19 15
1 10
19 25
3 20
18 25
21 1
8 2
20 2
1 21
7 17
4 14
1 6
12 8
23 11
22 14
3 18
1 4
5 4
19 1
1 7
13 8
25 8
5 11
3 23
6 15
17 25
14 21
21 25
16 16
20 16
6 16
16 21
1 19
13 4
19 19
3 3
3 10
6 22
23 10
15 20
17 22
3 22
12 1
4 25
10 13
25 6
21 6
25 1
3 7
11 20
4 8
12 12
21 11
10 5
22 16
25 24
19 5
1 22
2 16
20 13
2 4
13 18
4 15
23 10
14 23
13 1
22 5
10 25
5 18
8 18
19 9
18 12
1 15
9 4
14 6
11 22
20 16
12 10
22 1
4 6
12 2
11 3
6 7
13 11
3 24
11 8
17 15
2 10
7 9
17 17
8 8
22 22
15 3
22 18
7 18
18 9
9 13
7 25
21 20
2 18
11 17
25 15
1 2
20 21
5 6
7 14
15 5
9 2
9 16
24 24
8 24
21 21
8 6
14 21
24 9
20 10
6 12
13 23
18 12
24 5
21 19
23 13
23 25
25 8
17 7
18 20
11 18
3 4
6 19
14 19
9 16
20 13
21 9
1 20
25 20
8 1
24 5
22 25
5 7
4 5
14 21
3 22
8 4
10 7
8 22
23 12
19 23
5 22
12 8
24 10
21 16
8 17
6 13
5 24
16 7
15 14
2 17
20 17
21 17
17 25
3 25
2 14
10 14
21 2
4 19
7 12
18 2
5 7
19 19
3 14
14 9
22 11
5 19
25 24
22 19
7 21
13 4
3 15
22 17
9 7
14 22
19 8
20 16
2 10
17 17
4 21
16 11
14 9
6 15
23 12
24 8
9 15
24 10
17 13
16 20
22 21
2 18
6 10
9 22
17 16
8 12
16 20
16 16
2 15
4 4
11 18
10 4
12 1
8 14
5 2
7 12
17 12
15 24
23 12
25 20
10 6
14 18
15 9
16 13
8 25
21 10
22 11
22 4
22 25
2 9
21 24
16 9
16 11
14 13
11 3
24 14
1 16
2 25
15 21
12 23
5 15
6 24
1 1
5 21
16 17
6 15
10 10
1 4
18 5
4 4
12 1
7 18
8 22
12 12
20 12
1 9
23 3
22 2
22 1
19 20
1 22
17 17
25 10
14 1
4 1
22 2
16 24
21 15
22 15
1 14
7 3
20 6
7 5
23 6
22 5
21 19
23 13
22 15
25 17
17 21
6 15
19 14
18 7
18 1
10 20
3 10
10 22
11 4
10 10
55 336
18 35
23 21
1 52
31 12
20 50
49 29
9 43
39 39
3 1
40 11
10 9
53 9
19 38
49 2
10 42
9 1
10 24
43 42
22 6
17 30
34 47
24 29
32 35
24 23
10 12
33 43
8 29
45 5
6 14
26 2
34 51
7 35
33 50
5 27
43 48
44 36
27 32
1 39
44 49
4 9
41 23
33 52
44 19
21 38
5 35
39 36
20 27
11 4
36 49
23 22
6 34
5 23
21 32
47 6
42 9
54 38
23 46
50 39
30 37
38 9
10 36
40 12
17 53
31 43
25 7
37 54
33 3
34 29
49 53
19 9
13 4
23 11
54 36
26 42
35 13
17 35
25 15
21 47
12 45
13 36
18 50
9 28
35 9
15 17
33 46
16 38
36 30
17 52
15 7
13 28
36 15
24 37
20 5
36 9
19 22
42 43
32 20
24 30
23 53
50 53
47 9
13 31
23 30
41 35
49 21
8 38
27 9
41 14
16 43
2 26
47 9
49 10
44 23
20 8
15 7
36 31
52 29
46 51
13 7
1 37
33 31
55 38
42 49
55 30
44 19
3 3
38 35
15 1
26 39
17 48
31 21
20 47
10 53
47 16
15 24
12 51
38 14
12 23
34 42
14 26
3 17
43 31
26 17
8 13
22 32
10 25
28 30
15 32
46 23
24 9
24 23
20 44
32 38
46 1
49 6
19 27
25 34
8 23
16 52
36 30
28 13
3 53
3 51
54 2
16 16
12 36
51 24
23 1
2 28
24 13
24 31
38 49
44 27
50 34
23 48
55 32
1 14
54 48
39 14
44 9
52 33
38 36
54 39
41 10
41 26
8 30
3 32
34 8
54 23
47 14
48 31
34 27
43 35
11 2
38 25
13 25
48 47
27 28
28 26
47 22
54 46
12 48
3 8
31 23
46 20
44 20
6 1
9 3
16 24
19 1
13 1
46 53
20 53
51 51
43 31
6 11
48 11
31 20
34 19
8 20
12 12
47 36
8 15
32 27
1 11
40 32
46 17
30 3
20 31
25 25
9 22
5 10
42 34
44 48
5 12
24 24
22 22
25 33
52 33
53 15
20 22
48 3
10 46
26 11
10 33
37 9
7 51
19 21
20 53
11 32
12 15
51 18
7 36
53 34
6 51
49 52
33 40
6 6
20 6
26 1
48 43
32 20
38 29
37 29
49 18
22 13
29 42
2 6
14 49
32 20
12 14
12 29
35 9
14 10
15 15
55 1
13 7
3 36
31 46
49 3
47 13
31 40
47 23
44 24
9 53
5 40
19 30
35 43
10 39
26 46
51 14
51 40
51 13
50 22
55 20
41 10
23 47
39 32
27 47
51 16
33 28
12 6
20 6
1 2
22 22
24 49
33 7
18 1
40 35
47 12
2 17
40 19
9 5
44 17
20 11
54 51
8 20
22 51
45 10
11 48
41 50
17 5
3 45
54 17
43 35
19 10
30 19
53 13
12 3
52 17
13 14
55 51
22 4
3 6
14 5
10 22
5 59
3 2
5 5
5 3
5 5
5 2
2 2
3 4
2 3
5 2
1 5
3 4
3 1
4 3
3 2
4 2
4 5
2 2
2 1
2 1
1 1
1 4
1 1
2 5
4 3
4 5
2 2
3 2
2 5
3 4
1 1
5 3
2 4
1 2
5 4
4 5
1 5
2 4
1 4
3 4
5 4
4 4
4 5
1 2
2 3
1 5
2 1
2 2
1 3
2 2
2 4
3 4
2 4
5 2
5 3
4 1
3 4
3 1
2 2
1 5
25 90
17 14
11 10
22 1
8 17
15 24
2 2
22 4
14 6
14 7
18 6
22 20
21 19
19 12
13 1
1 4
21 19
22 2
17 18
24 25
9 22
9 4
4 24
3 22
15 15
4 20
6 7
20 16
7 21
14 6
6 3
9 23
16 21
11 14
21 3
17 23
7 2
17 4
20 2
5 11
25 13
21 15
11 7
7 21
16 4
22 19
22 19
19 18
6 4
2 5
20 22
1 17
6 8
3 5
18 22
15 1
22 10
20 15
11 4
17 18
18 7
25 11
22 23
7 8
16 6
20 6
19 12
21 15
10 7
15 18
8 17
10 17
20 21
5 16
1 24
21 14
12 13
14 10
5 9
2 17
25 14
6 3
17 19
11 4
21 7
21 6
8 3
6 22
15 18
2 14
20 18
40 643
30 24
40 30
39 34
28 4
24 19
8 37
15 33
17 11
40 25
6 2
28 40
33 19
40 16
27 40
23 8
6 29
8 1
15 14
37 3
7 9
8 6
19 34
30 12
12 40
36 3
1 33
22 30
9 15
13 19
30 29
23 37
38 17
10 21
5 21
32 40
27 5
30 36
27 22
16 18
7 35
32 24
36 4
2 10
23 14
14 18
29 1
8 12
30 3
34 15
6 14
24 6
22 37
27 1
39 30
9 26
40 31
9 40
10 37
24 16
12 29
39 34
36 36
16 23
25 6
34 29
16 3
29 16
15 7
5 10
26 15
36 38
12 34
30 9
33 16
5 15
5 40
20 37
25 29
30 33
39 4
24 36
5 28
27 19
25 1
11 16
4 7
16 18
34 3
12 40
38 28
27 31
17 36
26 35
16 22
17 15
27 16
21 6
16 13
34 19
25 28
20 34
31 15
24 22
29 5
29 24
27 11
32 40
26 5
11 36
28 32
21 14
2 40
22 28
21 5
18 30
19 13
17 30
21 21
36 15
5 9
11 5
13 16
5 1
33 3
9 11
18 10
10 3
4 1
14 13
9 16
9 35
36 39
20 27
37 33
38 19
17 25
19 6
37 37
38 26
2 37
34 32
32 40
16 25
11 12
13 27
1 26
36 23
18 15
3 36
3 17
26 26
30 6
20 17
34 1
8 7
24 40
11 8
18 33
24 22
16 6
26 37
17 27
25 13
1 27
13 26
12 16
39 1
38 11
5 14
22 28
33 18
4 28
19 2
3 19
22 7
13 12
36 29
32 11
31 26
17 22
23 35
39 37
28 2
24 1
21 4
36 25
2 20
33 20
38 21
38 19
20 35
4 34
31 31
19 12
38 35
36 11
12 33
14 40
16 23
36 17
13 39
10 40
14 18
36 32
3 16
4 33
12 37
20 27
33 18
36 18
16 20
22 4
23 24
18 33
37 30
1 40
8 29
4 24
32 24
24 39
35 14
15 2
25 11
29 35
19 14
5 2
36 39
13 29
22 3
28 21
7 8
6 36
19 6
13 26
10 4
7 27
23 25
27 32
7 36
9 33
12 18
4 15
24 30
17 40
36 10
37 20
10 11
2 12
8 9
2 14
7 26
21 18
37 34
2 30
19 22
1 39
17 23
10 30
2 23
40 38
2 25
30 23
11 15
11 4
5 18
12 28
7 16
33 21
7 33
29 3
30 30
1 2
8 20
1 31
14 35
25 38
27 21
25 38
1 22
26 4
34 22
30 34
38 14
14 23
17 9
31 14
23 26
25 28
11 17
23 18
23 10
27 20
34 34
36 8
21 37
24 8
39 30
26 23
19 14
23 36
21 4
18 32
34 27
35 14
1 15
34 19
30 16
8 22
1 3
29 22
19 8
8 2
27 15
25 19
36 4
34 2
20 3
2 25
30 6
5 10
39 10
7 5
31 30
10 14
23 37
31 26
2 19
10 11
25 20
2 23
13 11
28 30
18 10
31 5
6 18
19 29
5 38
7 2
21 22
40 6
13 7
18 39
40 12
2 16
37 29
17 22
37 29
13 5
23 13
27 40
40 21
29 17
27 28
30 13
19 15
12 35
6 23
39 35
13 30
5 39
21 7
33 31
7 30
6 3
21 38
26 1
28 40
26 15
34 36
23 38
33 10
4 25
17 40
23 10
15 17
25 40
18 1
30 10
19 29
38 36
26 3
14 12
26 10
8 1
8 36
38 10
27 7
35 37
5 27
11 6
37 15
24 15
12 22
9 29
26 39
21 21
12 38
16 11
14 10
3 21
3 3
9 31
35 32
24 4
32 15
21 34
10 32
16 13
28 36
23 27
14 2
25 30
19 40
26 31
23 23
39 37
31 17
27 35
20 17
37 13
4 4
10 8
34 22
11 14
27 9
37 11
13 35
39 37
15 33
24 12
39 34
36 26
27 5
13 1
13 18
36 12
15 32
25 34
3 5
17 13
26 35
34 28
3 14
30 39
29 21
4 12
40 21
39 30
37 27
8 18
33 19
20 20
13 4
5 14
24 18
31 35
26 29
32 19
28 2
21 4
24 35
30 21
37 12
34 23
22 15
24 30
1 27
27 15
36 17
20 24
17 5
38 36
2 12
38 19
30 14
14 15
40 27
16 5
10 9
16 40
23 10
14 23
26 22
31 29
27 26
33 26
32 10
35 40
8 38
36 33
26 4
4 31
10 2
7 39
33 30
33 2
18 25
9 20
31 18
38 38
15 5
29 7
25 10
32 39
22 33
10 3
7 40
40 19
13 2
12 25
3 36
24 15
37 11
9 15
14 23
22 36
27 14
38 39
3 17
38 38
14 8
3 38
37 38
36 7
20 6
15 30
16 34
22 13
8 8
38 5
37 1
40 7
18 39
24 38
28 17
10 14
25 7
26 4
30 15
40 38
6 30
19 2
4 8
30 31
31 3
1 18
40 27
23 36
12 20
17 24
37 12
18 34
1 12
8 33
28 32
26 34
37 10
35 20
25 11
30 22
35 22
21 8
28 18
24 27
10 31
22 19
36 32
35 30
38 21
38 26
37 32
10 14
6 36
34 16
20 11
23 14
26 11
25 29
12 4
19 28
38 2
26 29
1 12
18 20
21 12
27 28
26 27
5 22
30 13
31 22
6 24
19 3
13 30
28 10
7 37
9 12
35 4
20 14
6 16
30 33
12 13
18 39
1 40
18 23
5 9
21 39
10 29
3 1
40 6
34 5
16 38
40 24
29 2
21 33
25 11
24 29
26 6
14 32
32 20
17 7
1 22
15 16
23 12
35 10
37 17
15 28
18 19
18 36
21 22
31 5
31 30
17 39
28 12
4 9
40 19
27 33
1 37
39 17
40 24
4 1
18 13
21 39
17 31
38 966
20 8
7 33
23 5
6 35
29 17
11 22
11 17
5 12
34 37
2 24
38 19
4 32
37 36
13 9
38 11
20 1
32 8
9 21
36 19
22 7
32 9
25 17
11 28
29 26
10 33
3 10
36 6
11 13
22 16
8 28
36 38
24 6
13 11
4 8
9 30
11 4
7 38
9 16
30 4
34 22
20 25
1 17
8 34
38 30
27 37
29 17
5 1
17 25
4 37
14 20
5 4
21 3
16 32
1 36
16 33
21 7
38 15
28 22
13 5
24 7
26 20
30 21
3 13
2 27
17 9
1 5
10 12
28 28
16 28
7 20
34 14
27 1
10 21
29 20
4 34
24 19
12 12
29 3
32 9
38 29
14 35
27 34
13 9
3 5
28 21
14 9
18 8
3 30
33 34
21 38
5 3
13 4
29 24
35 16
24 20
24 27
5 24
37 25
17 17
26 26
25 32
9 8
33 28
8 17
9 19
31 38
9 36
24 13
25 3
11 6
24 20
37 11
15 22
30 6
14 3
4 24
32 25
11 34
14 21
17 11
18 10
16 11
27 21
9 19
15 30
26 36
28 10
20 20
22 38
23 11
5 14
26 21
8 9
5 5
15 7
14 26
29 31
1 12
34 22
21 32
22 38
38 12
10 24
17 5
27 31
13 21
7 16
35 34
10 32
19 32
17 16
16 24
6 15
14 19
6 20
9 8
22 1
13 16
9 30
2 17
5 5
5 6
1 23
22 13
31 19
22 26
38 37
37 12
21 32
7 19
11 30
13 26
10 21
26 37
13 12
27 21
5 2
4 13
20 32
3 26
12 8
27 18
31 15
23 26
20 10
22 25
33 21
30 19
29 3
34 25
13 27
6 21
6 35
14 5
2 3
9 22
20 33
3 21
29 22
18 34
37 31
24 15
8 24
1 36
29 6
10 37
10 33
7 20
9 38
32 16
2 30
7 5
25 8
24 28
24 5
2 38
34 8
8 36
17 8
19 5
8 6
1 37
24 21
22 9
34 17
20 38
3 20
18 9
11 17
10 17
22 9
20 12
36 24
6 33
14 19
6 14
33 2
27 29
6 18
15 34
21 26
2 1
5 5
13 16
31 27
3 3
33 20
22 1
5 4
11 10
9 27
9 36
10 35
21 31
13 31
31 29
6 23
17 36
35 35
15 9
19 19
1 28
35 5
6 15
29 9
5 31
29 12
17 24
16 15
15 17
5 10
21 38
20 24
31 37
14 10
7 6
9 17
32 35
11 8
4 30
13 36
38 7
32 26
10 33
2 20
12 24
4 2
12 11
25 1
12 4
1 8
27 24
26 23
22 38
12 17
5 34
32 21
18 27
7 19
25 38
23 4
36 14
24 30
23 4
1 31
14 14
15 33
5 25
24 31
38 13
3 27
11 17
12 33
21 8
7 21
3 29
29 13
11 9
20 15
11 7
29 35
18 36
38 12
1 6
9 23
9 1
16 32
30 25
33 26
35 20
31 28
16 37
1 12
35 23
30 24
12 23
13 8
19 2
9 13
25 13
15 36
27 24
33 17
11 2
11 36
8 7
17 20
5 30
24 25
9 21
24 16
9 23
12 2
22 1
22 15
10 38
2 4
15 1
13 14
29 11
34 38
16 31
26 17
28 21
30 5
22 28
27 7
19 2
36 12
38 24
3 37
7 19
29 38
28 33
12 7
15 34
26 26
16 14
1 14
25 26
2 16
2 5
32 13
1 31
16 15
29 9
33 6
6 24
26 27
15 20
11 6
9 18
8 3
10 36
21 19
17 26
31 34
9 10
22 35
3 28
26 12
9 8
38 32
7 22
7 22
5 24
29 21
8 33
18 4
1 13
21 13
22 33
21 2
10 28
34 21
38 17
12 3
37 29
31 37
24 2
31 30
1 25
25 20
38 6
32 22
13 37
21 26
4 10
4 18
4 23
24 27
23 4
23 32
36 8
31 23
31 27
36 24
31 27
37 17
31 13
4 9
18 9
21 9
11 10
10 22
30 38
38 30
28 22
38 8
27 28
21 33
18 24
36 5
24 19
18 20
32 24
30 34
30 24
19 26
32 22
38 33
36 10
3 3
17 10
38 29
21 28
23 36
30 29
9 28
13 7
17 8
36 22
26 23
29 32
35 8
29 24
18 30
12 27
14 16
7 21
8 21
29 9
25 9
5 3
33 9
17 2
13 38
32 31
34 31
17 17
34 5
25 28
12 9
13 37
20 31
14 23
38 10
5 18
38 30
6 11
10 4
35 11
11 7
2 22
5 22
20 1
38 21
27 10
33 37
9 6
33 18
27 9
10 27
29 4
25 15
12 17
9 9
9 29
22 30
35 22
22 12
34 7
11 15
15 13
15 28
38 4
21 26
8 20
16 10
33 6
33 19
9 12
7 19
16 21
21 35
25 17
26 15
11 3
8 2
1 25
5 19
6 38
6 6
24 15
14 20
7 22
10 32
27 30
23 20
7 31
9 13
18 10
17 33
26 5
6 18
20 20
17 6
19 6
19 8
13 21
32 33
27 11
34 1
16 11
35 2
29 38
10 37
24 34
4 19
15 28
9 22
20 3
19 37
12 29
12 16
15 24
6 16
24 9
32 8
19 21
37 23
12 15
10 17
4 23
28 13
26 17
10 9
8 6
15 5
16 7
14 14
16 14
36 15
19 31
13 2
11 6
21 29
19 32
32 32
13 30
17 4
17 27
10 3
34 18
10 17
17 26
12 9
14 19
35 3
37 34
8 36
21 33
27 38
15 8
4 20
26 22
12 14
27 16
7 13
17 24
33 10
15 34
35 27
5 16
7 36
25 20
29 31
33 21
33 15
30 9
21 21
35 36
34 20
13 30
15 17
31 34
4 1
20 11
32 15
18 28
19 28
21 16
16 16
8 6
7 13
4 12
4 32
14 11
29 7
27 31
34 38
31 2
30 34
31 19
36 5
31 31
1 3
15 28
13 18
13 19
22 3
10 36
28 10
2 25
35 18
13 32
14 15
17 35
17 22
37 25
13 25
8 5
17 28
33 12
3 4
30 5
35 8
38 25
13 7
11 1
38 3
16 29
33 34
11 38
23 4
6 11
17 36
5 9
38 26
7 24
7 17
22 12
23 13
37 16
21 1
12 33
24 9
21 18
18 10
26 12
8 23
36 4
11 21
7 15
37 3
10 10
36 9
37 37
4 12
16 6
12 31
10 18
3 8
24 28
20 17
30 31
33 19
32 17
31 36
34 17
8 6
12 18
19 34
8 18
36 28
20 26
23 26
15 10
38 12
27 30
27 6
7 16
17 23
22 7
22 38
22 8
12 14
35 22
26 24
10 12
29 33
4 30
5 19
7 37
32 32
5 16
7 10
9 11
3 14
22 6
36 31
9 35
4 7
25 9
36 21
26 9
29 36
9 11
23 37
34 12
15 8
15 30
21 19
26 31
23 11
3 37
3 23
17 35
36 14
6 9
15 8
37 7
30 6
15 14
10 22
6 23
12 5
8 36
36 8
8 16
5 26
20 27
7 26
34 2
24 28
28 29
31 3
9 6
34 27
4 15
7 17
29 21
21 1
36 35
24 1
2 20
10 3
36 26
29 27
21 25
20 6
12 29
27 31
13 37
24 28
27 24
22 37
26 38
13 6
38 5
1 6
26 28
22 29
35 38
26 33
35 31
10 6
16 12
38 22
31 18
34 23
3 36
9 4
23 7
22 26
37 10
19 17
10 38
1 24
15 24
38 22
1 14
3 19
30 12
23 15
8 36
11 25
29 2
24 18
25 7
3 25
30 32
33 3
10 22
12 20
13 17
26 37
9 37
3 31
13 24
32 30
19 25
15 5
26 34
4 23
23 38
11 26
1 18
14 11
6 36
30 29
33 10
25 21
6 23
33 31
28 34
37 17
23 38
9 33
7 23
17 25
4 2
13 30
5 16
1 21
32 6
22 21
11 1
30 36
18 36
9 31
31 35
24 12
21 31
17 33
37 12
35 9
4 29
14 38
2 3
19 28
37 8
23 18
34 25
4 37
32 1
32 20
1 5
4 14
22 28
36 25
18 32
10 12
36 6
3 21
9 33
12 24
18 2
37 10
5 28
5 33
9 8
22 27
18 7
3 2
21 17
30 16
6 15
19 37
18 2
38 25
18 5
25 2
19 38
8 5
13 17
26 24
12 20
23 8
17 20
24 30
29 26
20 31
24 33
24 23
2 28
19 25
13 5
12 12
18 37
6 8
10 4
32 32
31 15
3 19
32 14
26 36
27 10
31 14
12 24
24 1
27 6
34 21
16 9
24 5
9 23
26 38
13 18
36 16
28 14
4 37
35 23
15 32
29 24
13 38
31 35
18 733
18 2
18 17
10 18
15 17
16 2
9 8
5 16
13 6
17 9
10 3
17 18
13 2
9 6
18 1
6 3
18 17
1 5
13 18
12 4
4 2
16 16
2 10
6 11
6 17
9 11
15 9
17 13
18 17
13 6
13 4
17 6
10 2
11 11
3 12
5 5
4 14
2 14
4 9
13 1
1 10
11 3
3 15
2 3
12 3
3 8
3 1
4 17
17 10
12 11
5 7
12 2
8 4
8 15
5 10
3 11
17 4
6 11
16 2
12 10
9 2
7 6
10 5
7 14
12 1
16 1
6 17
10 4
4 16
18 9
15 2
6 12
4 2
9 9
12 18
13 15
17 4
17 5
18 17
6 4
16 8
13 15
11 12
10 16
17 11
17 11
16 1
2 13
9 16
5 13
5 12
18 2
6 11
15 18
3 2
2 12
1 8
16 7
3 14
17 15
8 12
1 7
17 7
18 1
14 8
7 3
8 3
12 10
17 9
16 5
4 3
4 11
2 11
15 11
4 3
3 4
11 18
10 3
2 7
12 16
3 18
14 3
18 14
5 6
14 6
5 13
7 16
3 13
10 5
12 5
10 12
14 2
1 8
16 11
16 17
15 8
6 6
14 7
1 5
14 3
13 11
6 14
13 11
9 12
10 14
10 14
2 18
16 6
15 6
13 11
14 13
11 18
15 8
14 2
9 7
3 12
17 4
11 14
18 2
16 13
5 3
3 4
10 18
17 9
17 8
1 7
7 9
16 10
7 17
16 12
1 11
2 9
8 7
9 13
6 18
11 4
14 7
15 5
18 1
14 5
9 9
15 9
15 13
16 2
1 16
15 6
15 1
16 10
1 4
8 9
13 14
3 7
18 17
1 10
15 7
17 13
3 6
1 6
10 7
13 8
5 13
3 17
13 13
17 8
5 10
14 13
2 10
2 9
10 12
3 8
12 10
15 13
11 14
12 11
12 9
14 11
16 7
13 14
12 7
3 3
12 12
12 13
18 13
11 7
5 6
14 1
6 12
18 4
17 2
8 14
2 13
16 13
15 17
13 14
6 5
10 5
1 4
14 10
16 8
13 4
11 5
8 1
3 7
1 14
16 6
4 11
9 17
9 11
6 12
13 2
1 9
16 4
8 4
10 15
10 17
12 13
12 17
13 7
14 15
11 11
12 15
17 2
11 6
9 14
3 12
16 17
13 17
6 14
3 8
1 3
14 18
8 1
15 4
16 4
18 10
10 5
17 12
8 16
3 18
4 10
4 8
11 18
11 4
10 11
2 14
11 16
8 13
16 14
2 16
9 5
7 10
2 2
18 5
18 15
4 2
13 10
10 10
14 16
4 12
18 7
18 5
8 4
13 13
12 11
3 13
14 13
13 18
13 6
1 4
16 2
14 16
15 6
12 12
10 13
11 7
2 16
5 9
4 8
15 3
13 14
7 10
9 18
4 10
15 8
4 8
9 13
5 11
9 10
11 11
13 7
18 18
12 16
1 9
5 4
10 16
15 3
4 7
17 7
14 12
7 7
9 8
15 5
8 9
3 14
10 16
10 14
8 1
13 14
5 10
4 5
8 6
8 3
14 4
17 7
4 14
9 8
12 13
13 6
2 13
2 15
11 11
15 8
7 6
16 14
16 7
3 5
12 18
4 8
15 9
13 18
18 15
6 18
1 10
3 9
5 8
17 8
18 12
9 8
8 14
10 17
10 13
1 5
15 6
7 1
18 1
15 7
11 10
9 14
3 17
14 5
17 18
18 12
7 9
5 6
3 4
17 4
14 12
12 1
11 14
12 3
1 1
14 5
14 8
7 4
7 2
9 14
18 14
7 13
12 13
8 16
1 1
11 1
8 18
1 11
5 6
9 15
4 8
11 16
11 14
10 1
2 14
5 2
3 3
18 10
3 5
8 4
15 18
16 3
5 17
2 7
13 4
1 17
11 6
7 18
9 8
13 1
3 8
5 8
3 4
6 13
18 10
5 7
2 1
6 15
10 4
14 8
13 16
16 15
2 10
4 6
8 6
13 7
16 3
16 15
16 8
17 18
6 12
11 2
9 2
6 9
12 14
6 17
17 6
6 6
6 15
5 10
12 2
10 12
13 16
5 1
15 9
10 1
9 5
3 8
13 18
13 16
18 9
9 10
7 10
8 9
15 16
5 16
10 12
10 17
15 11
18 14
17 16
14 2
18 5
13 6
3 3
17 5
12 6
2 1
3 3
10 8
13 17
1 11
8 2
16 9
6 14
15 10
17 13
8 14
12 1
15 1
14 12
1 9
2 2
6 9
15 16
3 11
13 8
16 13
5 9
4 15
16 7
8 11
7 18
17 16
16 8
7 1
15 1
5 6
3 11
14 5
4 15
4 10
16 14
12 4
13 5
4 16
5 2
6 15
17 7
1 6
9 6
6 16
12 10
12 5
16 9
8 16
9 17
5 4
5 9
5 13
4 12
3 10
2 6
6 1
8 17
11 8
18 3
16 15
8 8
2 5
15 15
7 16
10 10
4 6
13 1
9 5
4 13
8 6
14 7
13 4
9 14
18 4
7 12
2 8
12 9
4 3
14 17
16 12
5 11
5 7
13 16
4 17
4 1
9 18
5 18
10 2
9 4
17 6
4 15
5 11
8 4
15 12
9 11
13 4
2 13
11 8
6 11
2 14
18 1
17 11
14 6
1 2
1 17
4 2
10 18
14 8
2 2
15 15
2 14
2 7
18 9
1 9
2 16
17 8
15 14
14 12
9 12
2 9
9 18
9 18
3 4
10 13
3 12
17 9
4 12
12 14
7 6
12 3
6 9
13 4
3 14
6 14
10 18
3 11
18 6
16 1
7 7
8 2
7 11
7 15
3 11
1 8
15 10
4 4
9 13
12 9
3 17
10 2
8 9
8 7
9 13
18 18
10 17
17 10
16 10
13 3
6 14
9 11
15 12
2 4
11 3
13 17
6 4
11 10
12 7
3 1
2 5
9 8
7 5
5 12
10 6
7 3
12 18
7 9
14 10
15 2
7 9
1 13
3 17
5 7
7 5
7 15
1 2
10 1
7 6
16 9
17 13
17 5
9 2
12 3
16 5
12 6
8 12
17 3
14 10
3 8
10 13
8 1
10 9
2 3
9 11
10 1
10 16
9 5
16 11
14 6
6 16
6 18
8 11
13 12
7 10
14 13
7 6
6 4
5 3
15 2
18 4
9 13
8 1
2 1
5 1
4 6
3 1
17 1
3 16
9 4
1 11
2 16
6 1
18 1
9 8
1 5
6 17
4 4
4 4
17 7
8 8
2 1
32 705
5 21
13 10
21 9
30 13
30 7
26 22
17 6
21 27
8 20
18 26
23 9
6 7
12 22
16 3
31 12
8 31
12 4
12 10
3 4
2 26
32 22
16 1
13 26
13 15
17 17
12 5
24 11
5 14
7 27
30 30
13 16
10 24
19 22
20 13
13 27
18 18
4 29
31 19
16 13
29 31
17 8
26 25
22 32
32 20
15 8
7 20
3 2
11 17
29 13
10 30
6 9
26 26
11 22
10 21
16 6
13 25
27 26
32 17
11 1
24 21
27 26
7 28
28 24
27 30
16 6
32 5
8 26
22 22
21 15
9 27
26 14
18 25
16 29
10 29
11 1
10 19
12 27
13 21
3 15
14 5
9 14
11 15
30 30
15 23
21 25
31 20
3 28
15 13
10 20
9 6
21 2
19 28
21 19
21 7
2 1
15 29
5 26
10 25
23 31
26 24
24 3
1 12
18 19
19 27
13 2
23 16
2 15
7 13
18 4
7 9
13 29
5 26
16 27
29 12
15 29
21 12
22 14
10 15
21 20
22 7
17 3
12 6
14 13
22 29
12 29
22 9
19 29
16 17
21 22
9 14
31 28
6 29
1 4
4 22
8 22
22 23
22 2
5 32
11 23
4 31
17 14
30 18
8 25
5 31
10 22
15 31
14 30
25 26
18 11
28 7
5 26
22 29
11 12
28 2
14 14
11 10
24 4
31 16
27 1
14 10
28 9
17 4
26 26
29 20
21 32
6 30
22 2
29 27
2 8
7 9
26 18
23 30
23 23
32 23
25 15
7 16
4 14
11 11
9 15
2 11
29 9
26 18
28 8
20 8
27 14
25 16
19 23
4 10
14 8
9 11
5 2
26 4
12 17
20 19
21 29
25 16
10 12
17 27
2 19
32 22
16 25
28 19
8 29
31 21
20 17
3 2
31 14
1 26
4 30
26 16
28 23
16 13
29 5
2 24
12 11
7 27
10 4
18 22
32 3
32 30
7 31
21 13
22 23
4 9
14 24
2 17
14 32
16 10
4 31
2 21
1 20
7 20
6 24
17 14
15 32
9 6
23 4
1 30
20 4
16 22
9 13
4 8
26 23
29 22
7 4
4 19
24 31
25 12
10 8
2 2
26 22
5 25
23 19
6 12
15 22
32 20
5 18
9 13
28 23
18 6
23 24
17 9
14 2
12 1
16 4
1 22
14 12
6 12
12 13
26 26
18 31
16 15
9 17
12 7
10 6
31 2
30 12
9 17
11 17
5 13
21 16
21 13
9 30
3 9
23 2
10 31
14 23
4 14
9 4
20 16
6 15
8 10
8 24
5 6
22 12
27 8
6 26
20 18
8 26
21 20
3 30
21 8
9 16
31 28
16 10
20 29
5 23
3 22
22 11
15 17
29 31
23 16
13 15
32 27
26 16
21 16
26 1
15 2
11 18
7 13
14 28
11 32
7 15
20 5
9 6
1 12
12 16
17 17
3 18
2 19
5 13
29 5
9 27
28 28
10 8
29 4
5 6
30 19
25 19
16 27
19 16
7 8
18 25
14 6
26 19
11 27
30 11
32 8
23 24
14 18
27 32
1 25
27 24
23 27
15 22
20 13
32 13
26 18
19 29
30 4
14 2
15 21
14 15
14 30
12 32
2 13
30 24
11 29
4 1
5 15
7 30
8 3
8 19
28 26
24 29
26 29
15 9
7 7
9 22
16 3
4 4
2 15
14 27
13 5
18 1
26 28
1 26
29 31
30 31
27 28
24 18
2 8
18 29
13 32
18 19
4 17
25 28
30 21
12 18
14 11
2 2
7 16
5 20
7 4
26 14
12 1
11 29
28 5
2 25
23 2
19 1
30 7
21 23
14 29
16 30
8 22
10 12
25 25
21 11
31 28
8 16
7 6
20 2
17 3
6 17
26 5
3 23
3 10
28 20
12 15
21 9
10 32
11 29
27 17
26 9
1 29
26 32
11 6
18 26
9 9
21 9
7 28
24 4
11 18
31 24
24 1
8 3
16 30
22 29
18 32
20 20
5 16
16 26
21 28
11 13
15 24
4 10
6 31
22 31
26 10
4 1
16 29
23 17
6 32
3 20
25 6
4 10
5 20
11 14
4 9
31 4
6 21
16 27
22 15
24 1
2 26
23 1
16 5
27 7
4 30
28 2
4 28
30 20
18 10
24 27
18 29
15 5
17 10
16 18
11 24
4 25
31 9
27 16
18 30
11 30
12 26
7 20
22 31
20 29
27 20
32 32
22 26
16 32
10 19
2 15
12 30
21 2
24 9
18 3
8 19
7 7
6 6
28 24
9 19
5 7
3 1
20 23
31 27
26 14
2 28
24 14
18 32
11 28
22 22
15 4
31 25
7 5
5 13
11 24
4 8
12 2
5 16
28 5
23 28
16 32
30 12
5 31
3 26
23 27
11 2
3 3
25 25
8 1
26 21
15 9
29 4
14 32
15 21
4 22
23 27
21 27
25 12
14 31
18 19
12 6
9 23
12 19
13 21
27 29
29 8
25 7
20 5
6 15
32 1
15 14
18 5
21 8
28 9
22 6
31 29
9 7
5 31
31 27
3 9
20 17
4 25
3 9
21 10
20 11
8 9
28 4
8 21
21 17
2 27
13 5
16 27
11 1
15 8
29 12
21 27
21 28
4 8
22 22
19 23
12 21
2 7
28 20
9 31
32 14
18 15
29 23
20 10
25 10
22 14
25 25
10 23
30 25
12 13
31 28
6 27
3 12
22 8
28 20
21 19
23 4
28 7
25 27
29 8
17 28
4 29
13 13
22 26
27 25
7 24
28 5
12 24
30 30
24 10
20 17
19 5
30 22
28 4
9 5
3 19
25 17
28 23
4 31
23 23
19 23
25 28
4 16
4 6
30 1
32 7
21 28
23 18
8 28
20 11
28 26
26 23
10 18
20 31
9 12
21 32
20 13
26 18
29 2
10 30
15 9
14 23
24 6
28 6
8 24
11 11
17 32
26 16
32 19
27 23
20 7
28 5
31 12
23 32
6 1
29 24
24 31
3 28
10 22
32 2
30 15
12 3
9 23
21 17
6 5
15 15
27 20
30 32
29 16
15 31
5 7
20 25
6 20
5 2
26 26
7 2
4 26
2 8
19 17
24 8
7 15
3 2
28 28
14 26
7 25
17 1
20 25
83 89
28 74
37 25
39 21
70 74
31 40
54 42
77 57
11 53
42 54
2 10
13 4
70 24
9 68
21 51
56 70
40 38
38 2
71 17
75 72
4 22
24 45
47 24
39 64
24 9
56 9
77 53
46 36
51 70
16 70
44 46
43 9
62 17
26 33
68 41
37 75
15 11
32 17
78 83
49 10
44 12
34 63
17 24
1 9
28 10
72 55
83 16
35 49
52 44
58 75
47 20
60 29
50 31
63 5
78 68
17 45
34 20
52 55
6 25
44 57
61 64
33 10
25 68
65 68
45 69
81 68
8 34
34 51
16 17
50 9
67 56
56 14
13 49
33 59
26 55
50 41
65 7
16 57
57 61
38 15
21 1
3 18
53 57
18 54
18 65
36 2
49 23
34 8
4 30
78 5
97 546
32 69
85 70
54 18
37 27
74 74
52 42
69 11
56 45
58 82
96 58
42 75
56 67
53 48
59 49
40 45
41 49
82 60
47 7
28 95
38 64
17 92
56 92
89 9
11 93
28 22
86 52
94 89
90 82
1 40
87 93
94 31
63 21
15 94
73 41
53 87
55 8
57 34
76 72
34 96
70 89
89 12
58 67
13 43
80 67
40 91
80 52
49 41
43 7
2 35
37 88
75 33
44 69
75 47
49 21
51 6
50 79
90 87
10 76
19 17
66 16
1 18
27 43
97 8
88 27
68 90
57 63
24 15
52 8
6 82
48 63
89 52
75 6
55 35
56 15
82 90
9 31
56 19
60 85
35 26
32 40
18 12
96 8
96 64
48 86
73 52
62 86
76 91
81 70
20 81
21 63
93 60
53 65
55 39
23 29
64 18
54 71
97 53
3 21
63 25
37 14
69 8
74 94
41 26
75 37
60 86
47 55
76 30
90 1
81 89
48 49
97 27
6 58
20 92
97 34
95 36
83 70
11 93
60 76
47 15
51 2
58 66
16 53
85 65
72 1
83 84
52 83
45 48
2 88
82 81
95 76
26 51
28 69
73 45
72 66
34 25
37 12
79 14
2 48
94 77
41 58
21 34
20 88
78 44
78 79
55 90
50 67
62 29
84 93
46 53
21 29
72 68
92 91
29 42
65 3
8 77
14 14
56 57
69 43
42 8
83 68
72 17
88 64
7 41
49 8
40 7
94 30
59 22
17 32
66 22
15 22
14 37
29 61
32 94
74 50
74 93
94 67
18 70
22 18
38 57
89 16
58 20
11 79
63 97
91 70
5 51
7 10
71 34
60 66
83 70
97 12
49 82
79 3
80 92
58 71
87 51
64 50
10 50
93 89
4 82
19 24
81 58
43 47
1 34
75 3
10 42
76 7
14 15
16 47
59 93
71 36
17 51
20 51
3 46
39 22
70 73
85 66
78 97
29 29
15 81
60 70
83 30
60 79
57 48
91 8
76 10
25 9
78 45
14 47
72 31
51 30
21 75
63 68
16 65
90 81
72 69
8 5
85 97
61 69
34 72
92 12
66 37
60 50
63 68
17 4
34 44
95 2
55 79
37 89
70 54
55 33
30 94
84 49
34 58
26 35
4 88
22 88
4 16
95 36
20 62
34 62
92 78
12 70
84 78
43 68
94 8
46 5
40 40
82 61
79 86
15 75
88 7
75 38
37 78
74 60
68 8
94 18
18 74
93 37
91 32
34 18
35 96
67 87
65 61
95 74
26 35
84 14
97 89
46 77
78 53
89 80
52 86
6 58
57 43
61 60
6 41
96 70
30 62
63 57
36 84
31 37
38 34
44 47
95 18
19 75
68 83
31 46
12 44
33 38
26 75
60 46
26 94
1 3
47 88
11 53
58 42
72 1
92 23
55 48
24 57
89 33
18 58
46 19
54 45
73 37
32 2
73 87
49 59
8 60
45 77
40 13
40 97
6 25
37 34
23 47
62 10
24 92
54 41
29 9
43 67
87 25
89 47
55 93
80 7
7 75
78 23
96 49
30 36
88 65
11 72
24 17
3 47
70 79
11 81
13 78
33 85
75 93
17 60
1 56
9 68
77 21
10 94
60 41
35 86
56 4
19 45
37 34
6 37
92 42
63 8
16 62
14 25
37 6
7 42
66 9
54 57
15 37
57 36
87 54
73 74
96 1
51 83
36 31
55 68
33 16
61 25
24 79
44 3
44 77
36 11
71 95
21 6
36 10
29 84
22 76
21 36
81 29
94 57
5 52
17 17
14 45
26 28
9 36
68 53
16 18
30 18
18 71
77 58
66 9
10 86
13 69
82 46
59 86
10 61
9 2
26 94
95 86
65 65
54 44
12 6
75 1
54 73
88 73
36 6
21 88
59 85
81 50
77 49
43 57
33 1
64 8
92 8
81 15
50 12
55 84
86 19
49 83
17 83
20 11
69 11
31 15
19 20
86 30
69 2
82 56
46 91
49 62
80 77
10 69
49 51
57 51
45 93
23 83
33 65
34 37
76 68
24 48
84 22
76 96
88 11
5 55
84 71
74 87
34 55
95 42
7 64
10 7
35 67
56 64
91 87
90 72
60 27
35 26
14 28
94 6
64 82
97 79
67 86
57 5
78 53
47 52
33 93
75 9
72 44
78 60
10 61
66 29
81 75
13 71
5 65
44 21
55 78
21 36
39 46
69 25
43 81
57 26
55 1
60 45
17 72
78 66
64 95
12 35
8 77
49 24
56 56
58 29
54 13
36 31
29 54
10 51
17 90
8 13
34 54
66 3
75 32
81 22
81 28
45 27
6 68
23 18
75 58
94 28
15 79
59 87
7 87
86 5
83 48
11 23
72 12
22 52
4 80
11 3
66 34
6 44
51 44
33 9
57 46
20 46
14 62
75 59
54 17
26 69
58 16
18 55
3 40
2 56
69 114
8 68
42 46
45 50
60 55
56 58
17 63
56 42
25 1
33 51
63 24
38 28
17 40
17 54
47 24
26 2
43 29
17 19
18 27
65 62
52 44
29 35
34 39
3 62
46 34
28 3
11 12
16 15
67 37
48 67
51 15
11 44
14 3
35 51
20 7
45 59
35 40
30 53
66 26
14 58
60 22
54 60
62 63
63 13
7 45
64 46
48 22
29 54
23 6
36 63
57 56
56 36
31 40
5 58
31 56
60 14
54 6
25 52
35 24
27 19
13 25
14 42
67 47
9 34
21 23
54 69
8 21
35 16
69 52
3 58
37 52
20 6
12 66
51 14
61 15
51 43
67 21
37 34
63 16
66 53
5 50
28 64
2 69
27 52
31 25
15 9
61 57
26 41
68 67
38 56
44 36
48 61
17 60
44 42
3 30
56 49
63 20
39 20
38 39
14 43
51 37
43 27
14 38
68 60
18 16
15 6
22 42
17 9
1 20
42 7
56 54
49 45
35 22
53 25
56 47
78 889
21 26
25 17
16 42
17 72
20 59
14 50
58 45
40 42
7 67
23 37
67 4
44 49
44 15
20 10
7 66
37 26
16 43
29 25
54 38
27 42
40 22
43 62
76 40
45 25
39 70
42 33
35 74
13 18
45 69
22 2
78 47
54 38
8 11
2 9
68 27
58 2
33 73
55 52
32 18
30 40
74 48
68 31
66 65
68 21
54 72
63 9
29 16
36 21
59 60
49 14
17 49
10 32
27 76
28 23
18 76
70 29
32 52
61 75
58 38
15 63
22 53
16 30
63 29
27 68
13 65
41 14
51 62
13 45
36 63
51 19
27 14
21 27
15 74
48 2
41 50
5 54
34 38
72 48
46 53
56 76
76 56
3 44
74 75
41 65
55 11
60 13
51 37
23 6
77 48
25 34
39 70
23 2
18 33
51 58
24 49
69 3
14 32
64 39
16 53
76 64
54 24
42 18
9 70
43 62
65 62
35 61
16 40
34 44
40 8
16 69
64 42
12 36
19 3
30 47
23 40
45 42
28 56
31 16
35 11
42 57
63 11
5 1
20 56
77 64
3 25
8 13
3 72
59 14
2 25
10 13
30 59
20 10
10 21
42 63
39 45
59 67
23 62
21 63
44 31
30 59
60 60
7 64
7 54
71 17
67 2
37 25
72 60
76 5
21 35
52 51
23 6
53 59
76 28
7 68
11 16
39 50
4 72
6 23
29 61
7 44
26 77
58 75
4 31
46 41
30 1
31 70
22 8
39 47
25 2
2 16
25 62
61 43
24 59
62 71
12 2
70 11
43 57
56 22
74 37
56 46
7 10
20 66
23 20
66 60
46 37
62 32
74 26
41 63
45 45
56 37
46 50
3 7
74 2
37 38
3 78
33 22
8 6
55 57
77 50
63 41
27 24
62 3
2 19
63 63
30 73
2 48
23 45
1 55
47 64
7 62
54 40
61 14
76 67
2 53
67 24
10 9
24 46
25 56
39 52
29 46
25 15
50 18
44 36
15 38
55 12
25 31
16 5
59 30
33 70
31 3
60 17
34 15
38 17
37 43
41 41
30 4
14 12
42 10
33 20
19 70
68 20
32 21
66 72
64 27
13 5
6 13
67 49
9 71
20 20
65 65
72 13
53 59
66 18
15 76
45 28
7 46
68 5
5 58
66 11
57 32
69 46
45 7
42 30
6 1
78 52
9 20
51 26
39 13
8 49
19 20
21 27
30 22
67 18
65 49
66 57
3 51
18 63
34 38
54 40
48 66
15 1
26 36
72 19
60 27
61 28
62 14
57 44
43 56
15 37
51 44
12 71
21 17
27 47
62 38
1 69
56 61
32 43
77 46
11 77
44 38
36 22
57 68
64 75
40 46
64 53
27 66
38 65
68 40
35 27
61 47
72 78
14 60
52 23
21 28
73 32
71 27
6 4
14 42
22 55
30 77
34 75
60 39
74 25
18 15
2 30
36 28
48 65
56 70
28 51
75 31
18 18
64 29
47 46
6 14
14 24
58 69
28 42
42 5
28 12
52 67
70 73
49 10
52 60
44 73
77 43
66 15
17 9
7 59
67 41
33 51
61 51
13 21
16 38
76 8
57 74
58 9
69 17
70 15
72 71
51 54
17 33
40 24
56 77
41 67
37 29
35 55
17 59
39 74
55 78
51 5
43 36
60 44
33 17
17 61
61 45
26 8
33 63
42 37
1 73
61 56
55 54
65 50
76 43
17 52
30 39
43 33
5 60
35 71
20 51
38 60
49 62
24 66
60 66
74 2
62 65
31 24
70 4
53 54
57 4
47 46
28 38
21 28
52 29
51 13
61 53
25 26
49 25
7 67
48 8
73 28
10 11
35 14
32 42
57 17
19 61
69 71
50 70
31 11
73 21
37 28
57 39
16 27
76 66
50 26
26 49
1 24
5 59
20 63
8 34
73 62
56 42
29 41
25 6
76 66
16 66
12 76
3 76
53 37
8 63
43 16
54 8
28 18
42 58
69 37
45 73
43 26
60 39
47 20
9 69
10 5
11 71
15 8
57 68
23 1
57 74
29 76
57 42
29 68
40 51
73 63
33 29
56 32
16 41
66 4
64 43
57 5
15 58
36 65
20 50
67 42
76 39
5 42
11 74
28 25
30 9
48 59
4 33
34 69
19 71
27 2
42 17
59 76
78 53
62 31
7 27
70 58
34 50
70 59
18 23
67 67
67 17
29 70
55 11
10 52
64 50
10 7
38 52
21 56
77 3
62 41
71 15
68 44
57 35
60 60
33 48
32 33
45 4
39 23
58 45
68 50
49 68
13 63
14 20
70 77
51 13
61 5
64 21
59 10
16 68
43 69
39 51
51 75
22 41
3 16
77 20
41 41
57 50
55 51
77 26
33 39
27 18
36 78
21 77
9 55
66 24
74 37
62 66
2 78
33 10
78 71
58 26
44 70
15 75
21 7
56 7
64 7
73 59
16 59
13 6
47 16
28 31
42 56
14 61
70 53
28 3
46 55
65 1
64 77
50 67
36 65
31 65
22 42
47 52
51 37
66 13
70 2
28 35
25 62
21 38
13 60
34 25
12 75
16 50
48 66
22 7
56 67
13 29
60 74
45 39
56 7
6 57
57 73
3 45
56 13
14 45
36 78
76 36
25 39
71 76
73 62
47 16
68 16
57 14
73 63
7 23
16 24
39 37
19 64
61 60
70 48
11 70
17 75
39 75
30 41
74 40
38 58
41 6
29 63
13 54
67 7
73 14
72 7
45 48
15 26
9 78
5 1
61 1
25 66
75 27
45 23
46 27
19 59
70 75
52 10
34 70
32 14
38 22
19 67
63 68
12 46
25 53
14 56
66 48
49 2
2 2
67 60
11 64
32 31
13 56
61 7
72 36
21 3
75 78
56 23
61 46
47 35
8 56
65 18
28 21
34 59
58 19
31 3
20 47
32 36
34 68
24 12
23 51
10 16
60 54
66 36
31 47
64 46
77 63
66 59
43 9
28 40
20 24
33 48
13 15
44 52
5 41
18 32
65 45
58 59
67 47
34 4
17 62
55 11
40 74
46 3
68 21
55 3
4 47
21 58
6 20
35 55
48 74
59 41
64 56
16 21
4 29
69 47
7 69
76 32
74 11
21 25
67 23
3 29
37 19
52 56
49 47
70 31
63 58
48 67
71 71
9 68
68 7
25 5
28 16
36 52
75 38
21 47
71 13
16 52
20 44
4 21
1 2
23 47
49 65
16 41
75 34
25 66
38 75
45 34
76 51
77 12
1 74
40 7
40 8
11 8
78 61
56 16
75 53
51 62
37 30
34 44
24 58
32 44
4 7
7 27
30 66
30 68
61 3
6 16
67 18
9 50
60 27
78 2
6 62
63 75
58 29
49 56
75 68
53 56
68 33
28 12
66 3
50 10
53 25
6 15
49 61
50 7
38 44
31 74
25 20
67 52
20 41
72 33
53 9
72 29
75 71
13 33
55 32
5 24
21 22
73 44
14 8
48 31
69 52
2 68
66 9
14 11
63 63
76 49
54 71
8 59
1 65
46 41
12 24
27 27
8 23
75 29
39 51
34 15
6 77
48 64
70 38
68 29
34 65
25 8
63 52
37 73
66 31
73 51
5 35
28 69
51 18
42 31
63 25
68 28
16 23
59 22
44 9
25 74
32 56
45 9
30 42
9 74
74 64
40 37
16 34
49 1
3 14
35 31
33 34
9 6
75 16
30 38
24 14
30 19
13 2
36 5
54 24
56 17
76 51
58 39
45 56
50 44
47 14
19 21
54 47
2 6
25 13
44 2
50 21
49 54
25 71
23 72
13 31
70 37
36 64
7 36
69 20
77 39
4 72
48 68
13 26
70 39
74 56
11 27
28 17
22 42
17 41
32 67
21 2
43 14
68 20
5 32
62 3
63 3
72 38
62 52
76 38
24 41
21 78
60 43
10 52
64 8
69 65
75 32
54 21
41 70
69 1
74 7
41 9
26 32
40 71
13 69
6 39
30 494
19 10
18 5
5 29
14 29
28 5
3 3
8 17
8 11
6 9
14 4
16 28
15 26
30 18
14 20
28 22
2 18
18 2
10 14
26 23
7 4
19 2
14 25
20 27
27 11
15 4
12 29
12 2
10 3
20 13
17 17
19 23
10 15
2 1
19 29
29 9
10 14
21 4
27 13
12 29
8 17
5 22
1 28
2 21
25 9
20 23
11 1
13 17
14 5
17 2
15 23
9 24
8 30
12 24
24 21
5 20
19 28
23 30
21 12
24 3
18 5
14 10
23 23
29 6
21 4
10 21
9 12
28 6
3 7
4 2
1 12
3 26
22 30
29 21
10 4
1 30
4 15
9 27
15 27
30 2
24 9
19 23
7 11
28 4
12 6
21 29
23 27
15 18
5 8
28 19
16 16
9 9
10 7
24 16
18 27
5 23
29 6
7 20
11 24
8 28
2 18
22 15
7 3
16 7
13 4
14 17
6 18
8 18
22 18
16 16
15 17
5 17
21 27
22 21
23 1
20 20
14 25
17 30
21 18
17 6
29 11
24 11
24 14
9 8
19 10
8 3
9 27
29 25
21 10
15 18
16 3
10 14
2 6
6 11
12 22
17 7
16 5
23 15
30 26
11 16
24 16
5 18
11 23
6 12
29 30
20 6
23 8
24 3
13 19
16 2
14 18
14 22
27 11
26 27
26 28
6 10
17 4
27 30
19 2
10 10
1 26
9 26
4 5
25 5
14 29
7 5
6 5
5 27
28 7
7 12
29 23
21 26
22 18
30 11
26 29
21 29
19 3
8 22
2 28
4 12
19 9
18 22
6 24
25 16
21 19
1 15
28 29
19 30
2 27
25 7
17 7
11 6
10 29
3 6
6 19
1 22
16 1
23 9
10 5
19 15
5 28
12 23
24 4
20 14
7 15
26 8
22 8
30 11
19 8
19 23
25 15
20 2
8 29
20 18
23 20
1 11
24 26
27 26
25 18
3 21
12 13
26 15
6 23
5 2
22 11
12 20
3 11
15 4
25 6
13 21
21 8
22 2
18 29
28 24
19 22
5 3
28 27
27 12
13 28
14 10
23 7
7 29
1 7
9 28
16 22
18 6
22 24
17 17
19 7
22 3
20 29
9 13
13 2
24 3
27 25
11 27
18 30
26 27
18 14
27 4
13 7
20 22
23 18
1 7
14 23
28 18
28 24
26 8
27 11
27 27
18 14
14 9
30 8
2 4
30 26
25 22
17 24
26 21
13 8
15 10
10 15
28 21
29 6
10 13
23 12
15 25
4 1
20 24
24 8
19 19
24 30
3 24
3 17
9 17
9 24
13 28
10 24
9 8
21 1
11 7
24 7
5 10
19 29
5 26
30 28
5 30
8 1
28 15
14 25
3 11
3 15
7 15
29 19
13 30
1 8
27 17
12 21
18 30
26 23
10 12
9 17
11 26
27 6
7 19
21 24
26 23
24 24
9 18
11 8
5 5
20 29
14 30
15 6
5 26
23 18
19 22
3 8
9 27
3 3
3 18
14 17
1 19
17 16
17 4
14 19
7 28
29 7
7 12
22 11
22 14
19 30
9 2
29 11
10 18
23 2
13 13
11 14
9 27
17 29
17 5
27 13
16 15
13 17
10 21
9 26
11 28
23 9
13 7
8 30
21 20
2 10
1 30
30 26
12 9
16 8
22 9
3 14
21 7
29 6
21 8
26 5
22 25
8 23
20 19
18 23
11 14
18 20
23 19
6 3
1 20
11 24
11 1
28 22
28 10
6 13
9 12
30 9
21 9
20 17
28 9
15 28
21 13
28 14
29 26
7 25
3 26
23 29
4 28
29 8
25 15
27 18
26 2
12 20
9 10
28 8
8 29
20 23
24 20
20 24
17 16
13 27
29 10
15 15
22 21
4 7
2 6
2 10
25 22
15 30
21 22
19 7
8 3
26 8
20 30
13 27
5 20
28 3
18 10
7 27
29 11
23 16
18 27
8 30
11 24
12 5
18 19
22 8
14 18
13 2
3 30
7 22
15 19
9 9
19 23
24 24
17 15
21 1
24 15
25 15
5 9
5 8
25 8
17 23
30 16
8 18
20 8
19 9
15 8
1 10
27 22
28 25
12 30
13 2
29 20
25 1
3 19
20 12
26 18
23 12
10 26
24 22
14 5
16 26
23 13
22 10
15 10
1 25
5 12
28 21
8 28
13 23
28 13
29 3
3 29
19 22
3 266
2 2
2 2
1 3
3 3
1 2
2 3
1 2
3 2
1 3
1 1
3 1
2 2
1 2
3 1
2 3
3 1
3 2
2 1
2 1
2 2
1 2
3 1
1 3
1 3
3 2
2 2
1 1
2 1
1 1
1 1
3 3
1 2
2 2
1 2
1 3
2 2
1 3
3 3
3 2
2 3
3 2
3 1
1 2
3 3
3 1
2 3
2 2
2 3
1 1
3 2
1 1
3 3
1 3
2 1
2 3
2 1
1 1
3 3
3 1
1 1
3 2
3 2
1 1
3 3
3 1
2 2
2 3
2 3
2 2
3 3
2 1
3 1
3 1
1 1
1 2
3 3
3 2
3 1
1 2
3 3
2 3
2 2
1 3
3 2
1 3
1 3
2 2
1 1
3 1
2 3
2 2
1 2
1 3
1 1
2 3
3 3
2 1
3 1
1 1
3 1
2 1
2 2
2 3
1 3
2 3
3 1
1 2
1 3
2 2
2 2
2 3
2 1
1 1
2 3
2 1
3 1
1 2
3 1
2 1
1 1
3 2
3 3
2 2
3 3
3 3
1 3
3 3
3 1
3 2
2 3
2 1
2 3
3 3
2 2
2 1
1 3
3 2
1 3
3 1
2 3
3 1
3 2
3 3
1 1
1 1
1 2
3 3
2 1
2 2
1 3
2 2
1 1
1 2
1 1
1 3
2 1
3 2
3 2
2 3
2 1
2 2
3 3
1 2
3 1
1 3
2 1
2 2
1 2
1 1
1 2
2 3
3 2
2 1
2 2
1 1
3 3
3 3
3 2
3 3
3 2
1 2
1 3
3 2
1 2
2 2
2 3
3 2
3 1
1 2
2 2
3 3
3 2
3 2
3 2
1 1
3 1
1 2
3 1
2 3
1 3
1 2
2 2
1 3
3 1
1 3
1 2
2 1
2 2
3 3
3 2
3 1
3 1
1 2
2 1
1 3
2 2
2 1
1 3
1 2
1 2
3 3
3 2
3 1
1 1
2 3
3 1
3 1
3 3
3 1
1 2
3 3
1 1
3 2
1 2
1 2
1 1
1 1
1 3
3 1
2 1
2 2
2 1
3 1
2 3
1 3
1 2
1 2
1 3
1 1
1 2
3 2
3 3
3 1
2 2
3 1
1 1
3 1
3 3
1 1
2 3
1 2
3 2
1 3
2 2
3 2
3 1
13 269
3 12
10 13
13 3
5 8
5 2
10 4
10 2
12 8
1 9
11 1
12 3
10 5
6 8
12 11
11 5
9 5
9 9
8 3
9 2
9 13
10 12
4 8
2 1
1 3
8 7
7 3
2 8
3 12
9 12
8 1
1 11
5 10
13 3
5 7
10 1
9 3
13 12
3 2
2 6
9 11
8 6
8 13
7 11
4 5
9 8
13 4
4 10
5 6
9 6
12 6
5 9
7 5
7 6
1 7
8 13
9 13
8 1
13 3
8 1
11 3
3 12
8 3
7 2
4 5
2 7
11 3
7 12
6 9
12 3
8 6
6 8
13 2
6 2
1 3
8 2
12 1
8 8
6 9
10 7
6 13
6 9
1 5
3 5
3 7
10 13
12 9
11 9
4 9
4 6
1 12
1 2
6 12
2 7
13 6
2 11
3 1
7 10
3 6
10 4
1 3
8 11
9 5
12 13
3 9
13 7
7 5
1 10
5 10
4 2
2 7
7 2
12 8
6 9
11 3
4 2
3 10
9 8
1 7
9 7
3 7
7 11
6 1
1 7
8 12
12 3
10 2
8 3
7 11
4 9
3 3
1 5
9 11
7 11
4 6
5 11
10 10
1 11
10 12
1 12
3 1
10 6
5 13
12 3
3 3
10 3
12 8
3 5
2 6
10 6
5 5
13 9
1 6
12 4
13 12
7 7
5 10
3 8
8 4
13 13
10 6
9 1
5 10
6 3
9 3
13 2
8 5
2 6
11 13
13 9
11 10
11 2
12 13
2 11
8 1
3 9
4 10
11 6
5 9
9 8
1 7
13 11
10 3
11 11
5 8
9 7
7 5
7 5
13 4
8 1
6 10
1 10
1 7
13 2
3 2
13 2
4 10
4 9
11 2
5 3
6 5
9 10
5 2
12 2
7 11
7 4
12 6
9 12
5 11
6 5
8 11
5 10
4 10
1 4
8 9
7 12
5 13
10 1
5 5
6 5
3 8
12 13
12 8
6 4
5 2
1 12
11 5
7 13
1 6
8 1
7 11
1 10
2 8
4 2
7 9
2 13
6 1
4 4
7 10
8 3
9 3
10 6
8 5
3 10
12 13
8 13
6 3
13 1
2 10
7 8
11 8
7 5
4 2
3 3
6 2
4 2
13 4
1 4
3 7
10 9
3 6
4 8
13 6
11 2
8 8
12 11
6 2
11 1
11 11
2 1
