7
77 10
29 12
69 61
19 4
40 50
64 2
40 18
25 77
45 21
9 42
55 39
53 238
4 12
41 8
45 14
46 2
52 49
38 11
25 37
36 25
27 28
11 24
1 31
18 43
11 36
33 43
15 24
20 16
25 11
47 6
27 12
34 47
15 29
9 44
12 20
48 19
30 47
46 38
45 37
32 6
9 34
9 33
52 38
15 10
11 4
52 29
32 20
46 38
29 11
4 47
15 3
53 42
51 38
40 13
1 19
41 9
1 27
13 27
46 25
5 33
34 39
8 11
50 17
42 6
46 1
19 6
15 18
17 41
18 46
29 30
17 53
49 38
46 51
45 53
42 45
35 20
23 25
25 5
20 28
40 44
13 50
39 23
4 32
11 49
31 43
46 52
32 14
9 31
18 42
50 39
39 17
10 37
15 18
46 31
47 39
42 39
30 6
52 30
3 19
31 26
46 43
23 28
25 52
26 20
36 9
26 41
36 33
50 46
7 4
14 8
50 4
47 16
17 11
23 33
26 42
53 30
28 21
50 44
26 16
10 37
18 33
44 35
36 50
15 47
31 34
35 25
51 28
20 37
15 14
49 6
34 42
11 4
50 48
4 15
25 42
48 15
51 5
28 43
8 39
36 43
38 49
23 25
17 9
6 50
25 50
20 19
52 43
50 34
30 35
42 33
29 9
41 19
14 48
21 44
49 28
34 6
5 24
47 17
16 18
22 40
3 33
16 1
14 44
17 25
11 12
3 2
43 18
11 19
33 1
3 3
52 6
49 30
39 15
11 14
18 38
18 24
27 36
41 34
48 18
42 36
19 41
15 11
26 21
24 47
27 36
15 18
10 15
48 33
18 11
3 12
46 36
35 49
34 43
15 3
35 4
37 24
18 47
36 28
30 8
46 21
51 50
17 37
40 13
52 22
42 26
27 30
18 14
39 35
34 16
47 51
51 26
52 45
39 2
20 24
7 6
2 32
2 51
8 42
50 47
34 8
44 23
42 37
46 13
27 41
4 9
31 18
4 29
1 7
53 23
41 48
33 16
41 25
3 41
42 8
5 14
7 23
5 13
51 5
25 14
16 14
38 21
33 42
22 53
24 32
8 52
14 12
17 38
34 45
16 45
33 1
7 144
2 3
4 1
4 5
4 3
1 1
1 1
5 3
3 2
3 5
2 5
1 1
2 1
5 3
7 1
2 6
1 7
7 7
3 3
1 3
1 3
4 7
6 2
5 5
3 5
1 4
7 2
2 4
5 2
1 6
6 1
5 7
3 4
2 3
3 7
5 2
3 3
6 6
5 6
4 5
1 7
4 2
6 4
7 1
5 3
5 6
1 4
7 4
6 3
1 4
6 6
6 4
4 5
7 3
3 5
5 4
7 2
5 5
6 2
2 6
3 2
2 1
2 3
1 5
1 5
4 4
1 7
7 3
1 4
6 3
5 5
7 1
4 3
6 3
6 6
7 4
7 4
7 6
2 7
3 5
4 3
6 3
4 5
7 4
6 1
5 1
2 2
6 2
4 3
3 3
1 1
4 5
4 2
2 3
4 1
6 2
4 6
1 6
5 4
2 7
1 3
4 6
1 3
3 1
5 4
5 7
1 1
1 2
2 7
1 7
4 6
2 7
6 7
1 6
2 2
2 5
3 3
7 7
5 5
2 5
3 2
7 5
5 3
5 2
2 4
7 6
4 7
3 2
1 5
2 5
7 1
6 7
4 2
7 7
4 7
6 2
4 1
3 7
4 7
7 1
3 6
6 3
3 6
4 2
6 7
61 80
53 13
32 35
19 49
56 56
6 38
34 54
8 36
21 1
46 25
59 51
20 21
4 36
40 36
24 55
52 25
49 37
51 20
14 23
17 22
54 29
16 51
28 11
53 6
55 54
50 44
15 25
11 51
4 2
8 43
58 29
41 61
43 51
44 22
45 24
13 6
20 12
17 7
6 48
18 53
61 32
51 11
21 58
14 9
47 15
21 38
5 35
31 4
50 55
58 14
18 52
24 52
9 14
57 31
59 20
57 21
25 61
30 28
31 2
23 27
9 29
34 18
35 31
34 42
11 12
25 19
20 16
22 15
46 50
22 11
60 30
17 48
59 29
44 39
7 46
4 1
23 51
9 37
38 32
23 4
60 48
81 628
35 14
14 65
51 45
50 35
77 37
51 48
38 17
66 79
63 27
59 54
31 22
46 42
44 59
16 3
24 8
53 65
40 43
40 58
24 19
53 63
59 52
66 78
74 13
44 76
41 11
33 56
4 14
31 57
5 20
59 62
39 65
78 74
51 78
31 70
57 7
17 63
64 39
38 4
25 56
35 51
53 15
42 45
25 14
67 78
75 47
33 32
62 26
74 40
37 36
12 59
10 10
63 7
5 17
65 46
7 1
39 61
69 41
64 26
81 48
62 47
3 38
7 28
25 39
38 13
4 8
33 43
70 56
42 42
49 71
6 9
7 72
27 46
8 11
13 25
3 55
59 73
26 72
68 69
52 47
56 23
57 61
31 24
50 49
26 61
31 51
42 32
29 14
56 42
2 20
11 26
43 46
25 65
26 58
81 76
9 8
2 52
67 38
16 36
71 31
41 57
42 58
40 29
41 69
27 13
65 43
16 31
34 50
8 70
8 38
64 57
14 21
79 4
14 38
49 29
60 1
17 26
74 77
25 44
49 43
22 19
1 9
37 65
17 8
8 73
8 50
55 42
61 66
11 2
67 75
21 12
54 54
26 15
81 35
4 57
60 34
79 38
26 38
10 81
72 48
38 73
31 70
53 18
22 40
37 26
30 81
23 54
54 45
29 52
78 48
39 31
80 39
12 39
80 30
17 44
38 54
50 30
31 63
49 65
25 15
73 51
61 80
5 28
18 19
77 59
26 13
58 68
60 41
47 11
13 34
19 63
20 30
2 63
52 42
18 72
24 41
14 31
7 45
70 29
70 18
53 77
42 58
9 25
12 12
78 47
32 30
31 19
60 31
67 80
18 14
17 15
18 62
32 10
62 32
45 9
49 37
26 81
58 8
21 21
5 67
44 29
6 56
42 65
55 38
36 21
8 16
5 80
59 35
60 19
26 37
20 15
77 6
70 63
6 41
48 56
23 10
39 29
22 49
56 47
55 54
40 71
46 60
73 52
34 36
46 81
70 17
70 26
76 14
43 68
79 5
76 40
2 54
36 17
64 73
45 25
18 27
40 71
5 4
61 20
25 38
25 73
14 61
72 63
73 9
67 3
25 13
26 39
15 54
17 29
10 35
35 57
10 66
37 38
69 72
77 56
42 10
41 34
58 35
37 24
57 66
74 27
34 52
31 8
13 15
53 27
68 39
53 3
35 55
43 73
5 76
65 33
10 61
6 45
64 27
15 27
33 24
3 74
80 16
28 5
50 20
25 26
54 47
60 64
45 74
57 25
69 62
80 23
14 71
24 15
65 48
24 77
11 49
28 58
16 42
20 14
76 3
29 24
46 16
21 75
8 68
2 10
39 42
9 55
59 26
52 48
73 2
75 1
72 47
52 54
23 67
14 66
69 3
69 44
47 55
19 73
1 24
11 4
71 3
41 32
22 49
9 45
20 35
32 9
49 62
31 37
53 2
36 6
16 37
40 30
27 7
25 55
53 5
65 40
47 69
71 52
24 26
17 41
37 32
66 38
57 67
43 70
62 23
4 54
81 22
47 50
66 81
76 59
74 59
9 1
9 42
44 26
15 79
18 75
4 41
37 20
8 58
55 52
79 19
71 47
47 6
74 6
15 35
23 27
9 61
74 57
29 43
2 12
54 53
41 71
68 66
16 13
24 78
67 29
25 77
34 9
54 15
81 61
33 25
24 32
75 62
25 38
60 64
76 63
5 39
26 57
1 25
52 77
76 65
26 50
39 72
38 13
66 40
2 22
75 35
10 65
13 5
65 41
6 69
4 56
26 10
80 35
37 44
40 49
38 3
5 66
59 81
33 43
18 75
67 9
24 55
12 52
52 52
62 6
55 37
71 35
15 36
30 17
75 31
9 59
27 77
9 46
80 37
62 61
25 40
10 16
12 18
20 35
5 17
4 26
70 24
27 26
66 55
28 26
21 44
62 80
28 67
57 72
37 51
51 20
14 27
21 44
26 52
59 4
43 41
56 7
10 26
27 70
35 40
12 80
66 53
62 39
22 3
40 14
37 25
48 80
2 38
24 42
34 28
41 58
1 4
71 48
71 56
28 54
60 71
13 72
43 63
67 67
55 58
30 11
51 42
50 29
58 59
68 18
46 44
56 71
26 67
12 75
5 44
77 31
75 11
22 73
62 19
1 58
74 54
15 74
28 21
7 67
13 22
16 47
40 61
31 35
38 32
48 7
44 60
69 44
44 35
56 28
57 40
50 23
41 51
30 1
53 74
55 40
67 4
19 72
37 43
62 28
22 28
36 30
63 38
80 76
81 44
45 42
25 71
39 36
49 11
6 52
47 62
52 35
19 35
68 25
76 31
60 45
46 15
52 32
49 45
16 51
38 75
54 40
49 37
13 1
18 47
29 48
25 37
42 26
36 78
37 79
44 16
59 31
66 54
55 29
8 48
11 80
72 38
76 79
11 2
60 54
42 49
73 26
49 38
48 24
15 61
71 13
69 38
35 56
21 43
23 29
65 17
8 65
47 62
27 22
71 25
57 33
53 42
27 53
51 31
61 31
14 23
43 50
28 55
20 50
65 73
43 20
77 30
33 80
60 79
24 48
29 9
79 34
12 63
23 59
10 6
22 69
31 24
68 39
27 23
80 76
7 70
77 70
15 50
73 58
5 4
21 37
22 43
39 52
61 63
60 16
47 59
10 69
8 70
76 50
40 8
19 54
47 55
33 40
20 33
67 30
57 24
20 73
42 22
23 30
30 2
32 6
65 45
25 28
31 7
25 78
7 43
4 68
8 22
55 59
55 57
53 18
48 57
25 71
43 9
70 3
37 44
80 23
55 732
30 28
37 28
4 54
35 18
31 46
43 51
42 27
15 8
45 44
13 32
14 27
23 15
7 41
43 5
6 14
52 9
31 40
30 43
8 22
47 9
52 14
27 6
15 42
2 16
39 8
4 25
16 21
14 27
53 13
17 44
34 8
21 28
27 36
12 45
41 53
45 5
23 46
54 43
38 54
37 29
25 52
19 9
13 29
38 32
30 16
3 17
18 51
48 39
13 7
9 40
6 41
17 33
44 13
26 27
41 55
8 15
12 49
21 44
38 23
37 15
38 23
27 54
46 39
23 50
14 13
20 51
4 51
35 21
2 19
50 17
5 17
37 27
21 31
18 31
11 13
44 9
34 16
32 40
20 54
35 18
6 26
27 24
16 27
47 36
23 25
49 35
42 53
37 54
1 15
18 35
37 5
53 26
39 29
38 11
9 30
21 55
53 55
30 15
14 7
51 9
50 46
28 3
36 38
38 10
20 31
32 29
28 49
26 55
37 50
29 26
35 14
30 50
8 4
39 25
48 40
15 26
43 39
4 19
16 44
44 45
31 36
22 8
22 38
35 28
44 28
44 12
36 11
25 37
19 6
33 51
2 14
37 2
13 51
44 23
45 25
24 19
46 12
29 40
5 55
27 9
45 21
16 37
19 43
31 49
42 3
1 41
17 54
30 17
31 34
42 39
8 52
40 55
35 29
22 8
15 27
38 21
29 35
14 47
20 38
46 20
19 14
7 17
40 3
40 51
10 30
14 25
23 44
44 32
1 41
21 51
34 22
18 12
25 38
14 33
18 42
39 20
44 8
3 4
29 17
30 11
46 3
5 4
39 12
1 2
47 5
18 42
43 23
45 4
25 38
17 22
23 13
23 45
41 27
31 7
7 2
7 44
41 36
8 40
42 45
43 11
55 46
50 23
51 32
36 54
37 33
33 8
29 44
31 53
54 1
11 33
7 44
38 10
2 22
35 28
43 34
32 31
47 54
55 54
47 49
42 33
14 48
5 44
48 2
46 51
23 41
48 4
23 42
1 20
28 45
28 45
3 15
45 40
11 14
1 30
35 47
15 41
43 50
48 50
5 10
49 6
23 1
28 48
11 30
52 44
39 11
14 26
7 7
46 15
31 7
12 48
26 42
44 45
47 50
8 8
29 47
49 47
23 4
38 3
26 6
6 24
34 26
50 1
50 33
46 55
21 4
52 21
6 5
6 43
47 4
24 37
53 9
16 46
4 27
14 49
32 9
6 30
16 22
51 16
16 19
1 55
52 32
49 50
3 39
24 45
54 23
25 32
11 44
18 22
28 38
18 17
29 5
34 16
37 54
47 9
24 30
17 10
3 6
44 53
49 49
6 50
36 7
1 53
3 30
35 54
55 40
39 51
43 38
2 13
36 51
7 24
50 32
26 45
3 23
21 5
23 3
9 9
10 13
34 51
22 18
4 18
46 25
3 28
6 31
13 37
22 1
39 43
45 47
50 28
10 43
32 22
8 11
23 7
19 36
10 45
7 53
46 36
48 55
39 46
44 21
45 51
23 14
26 31
1 29
37 43
48 49
2 7
3 39
55 24
9 20
54 46
42 2
48 39
16 7
6 19
41 29
14 24
32 19
1 9
9 51
5 16
28 30
41 3
32 24
41 33
25 50
35 34
28 16
35 47
36 48
37 21
16 40
11 14
47 5
30 24
2 30
53 46
47 40
25 15
13 16
52 42
48 34
25 15
5 5
5 43
21 5
14 50
27 31
40 34
10 16
14 19
16 50
44 35
9 6
31 42
39 51
22 20
24 37
2 46
45 17
15 48
24 32
50 11
50 7
43 20
53 54
55 33
20 47
15 31
37 19
5 34
17 31
1 23
9 47
30 44
22 38
12 46
39 47
27 34
28 41
33 44
20 36
14 23
54 33
51 2
40 55
29 32
16 52
12 37
6 35
25 16
19 40
40 7
37 17
38 26
46 34
15 52
18 42
45 41
12 13
34 23
5 51
13 16
47 46
43 26
31 34
11 38
9 11
22 23
45 51
15 26
33 54
37 19
26 22
37 37
55 24
20 11
39 43
5 52
29 8
12 22
24 3
53 8
47 21
17 35
39 39
53 25
13 7
24 53
12 49
17 7
19 41
6 39
40 8
25 45
24 49
37 43
30 3
28 13
28 11
28 50
21 7
31 39
17 28
30 54
7 33
5 29
34 54
3 51
52 6
10 53
5 53
28 17
30 11
30 49
23 7
41 13
13 22
9 20
33 53
8 2
22 30
1 51
33 4
53 2
8 46
6 9
52 24
47 6
23 45
12 16
11 31
52 9
49 10
28 28
18 8
54 37
54 52
31 28
26 20
33 13
30 31
40 34
7 29
32 54
51 55
4 36
41 21
13 38
44 48
54 29
40 4
10 19
11 53
3 44
31 33
35 48
16 53
50 19
37 37
1 33
40 50
17 43
11 9
5 14
15 43
55 4
4 13
7 46
5 18
33 40
29 6
42 5
18 24
24 38
35 48
53 14
49 49
15 47
28 40
33 32
4 31
33 54
5 5
6 20
41 47
17 36
40 55
13 25
53 52
44 50
41 25
20 15
29 1
19 11
17 9
21 5
20 39
30 29
14 9
4 24
5 55
15 50
52 28
15 33
47 21
42 18
32 53
21 16
46 15
23 38
6 40
44 24
12 43
9 22
38 42
9 36
23 35
50 12
1 52
26 27
43 8
6 13
35 39
52 27
36 2
18 6
12 41
38 6
20 19
53 6
20 14
44 23
3 7
51 47
54 8
5 17
9 33
16 21
18 25
2 4
37 17
49 27
30 5
46 39
10 25
22 21
2 34
28 25
8 4
3 23
41 28
42 47
41 4
50 48
14 7
46 12
50 48
10 15
25 19
30 38
12 13
47 8
29 49
35 39
4 24
41 18
49 23
50 15
9 3
3 25
34 30
31 2
24 8
30 40
10 31
24 22
5 52
12 33
23 20
7 45
52 6
30 27
17 16
52 49
18 19
34 14
30 26
13 35
11 4
33 26
14 36
8 4
34 7
10 49
46 41
19 25
27 51
22 11
36 51
38 42
27 20
44 52
38 28
54 32
26 50
50 20
2 30
54 20
2 13
20 39
28 31
45 25
6 16
54 49
43 35
8 1
43 14
32 5
10 31
23 40
34 18
38 27
20 47
25 45
55 13
53 6
49 29
10 43
51 4
18 25
44 14
2 17
29 20
38 54
5 30
25 23
3 55
2 3
1 55
9 47
3 50
7 6
16 52
38 49
52 17
22 35
7 44
6 16
14 49
30 41
14 24
53 43
54 984
40 18
28 47
50 27
23 26
24 53
22 8
54 22
11 2
31 23
5 46
7 48
3 32
8 42
2 11
10 10
27 50
33 33
14 3
4 23
26 48
54 24
37 8
50 41
12 25
29 13
23 34
6 18
26 24
17 23
34 37
3 3
41 21
2 28
5 36
13 3
43 35
40 39
29 47
32 41
53 4
15 33
9 6
53 47
41 23
16 4
34 52
42 23
24 7
34 22
34 13
48 51
10 32
49 14
12 42
3 19
46 19
12 12
15 19
31 46
41 15
36 3
17 21
20 20
30 18
43 52
52 52
50 9
54 13
22 4
43 49
10 19
52 10
35 11
19 43
39 46
25 29
4 48
1 32
20 23
47 45
22 29
20 15
19 43
51 21
52 53
30 27
18 42
18 6
49 35
28 16
48 34
13 37
12 2
45 6
34 31
38 2
35 43
46 33
12 21
41 36
23 13
19 50
40 43
19 44
36 11
40 49
34 44
18 8
8 5
28 22
26 36
42 29
39 1
18 48
37 48
41 9
3 15
5 13
46 48
17 3
30 30
39 29
34 10
26 38
22 49
46 23
54 46
3 32
27 51
15 53
46 53
54 41
49 41
2 13
25 16
27 18
1 51
44 12
6 44
42 45
51 32
29 9
16 23
53 44
49 16
48 54
16 6
19 51
42 32
7 45
3 20
36 54
20 16
7 21
5 35
1 14
19 52
43 18
13 48
27 23
42 28
33 31
19 45
18 43
43 4
17 37
9 7
8 2
20 2
53 21
16 30
24 4
38 8
38 34
34 45
11 31
29 36
7 14
27 26
9 42
16 33
54 14
33 47
27 25
36 17
3 45
48 15
24 29
16 17
30 17
25 1
52 11
16 43
33 51
38 26
27 44
16 53
46 4
2 45
19 31
54 30
9 52
32 15
43 16
18 53
53 42
53 46
45 36
17 33
48 6
53 43
17 16
54 23
19 5
53 15
30 34
20 38
18 17
22 11
11 43
45 53
51 5
21 6
6 25
13 11
24 14
5 53
39 35
2 19
2 1
43 43
52 53
35 51
6 51
1 41
46 14
51 7
51 42
34 14
41 26
7 27
23 46
9 54
37 18
13 11
52 5
39 10
12 10
2 25
49 47
8 26
54 23
38 41
30 5
48 5
54 17
14 21
15 25
32 22
30 19
7 9
49 27
47 10
43 7
10 40
15 31
45 15
53 46
1 24
3 34
18 54
36 12
3 33
6 52
22 10
15 18
11 1
11 25
1 21
8 22
10 36
4 22
5 34
29 17
28 41
22 26
19 28
34 6
34 43
29 32
40 19
20 45
43 8
48 24
24 31
7 39
18 49
18 45
30 47
43 53
9 28
12 19
22 25
34 27
53 6
2 34
45 19
44 23
48 24
37 11
24 9
18 12
20 40
2 23
12 24
6 1
39 21
52 42
37 51
41 52
1 6
18 35
26 18
42 37
45 41
16 53
41 25
9 53
31 52
30 2
5 12
36 14
9 18
29 28
2 46
9 41
19 29
6 19
47 38
25 32
43 13
40 28
10 47
30 24
27 7
11 2
42 30
22 7
2 40
14 37
27 21
9 51
7 22
36 2
47 11
41 25
5 29
45 9
28 44
35 45
15 5
42 7
11 48
31 21
38 47
29 51
53 45
54 21
14 53
46 39
52 20
12 43
17 30
19 44
48 28
25 15
47 35
23 13
14 39
22 10
30 22
50 6
13 15
25 17
10 13
35 15
32 31
48 28
45 10
49 34
21 38
52 3
50 3
51 46
10 22
54 45
3 41
21 3
39 19
42 2
46 10
47 37
18 33
38 14
38 19
18 20
41 19
43 37
40 11
34 15
26 54
2 4
52 16
14 50
12 48
16 5
36 53
12 54
15 7
37 26
25 9
18 19
10 29
16 18
26 16
4 45
45 23
40 47
24 35
37 34
54 45
36 22
52 48
30 52
52 41
26 19
34 43
49 28
41 10
13 36
14 7
6 14
47 17
11 19
50 9
40 44
17 34
19 42
4 16
36 31
11 29
13 50
45 39
5 37
32 44
36 38
25 42
15 47
17 9
18 7
33 14
27 10
27 19
19 2
9 44
47 46
54 8
38 24
16 41
30 47
4 46
21 48
50 53
28 42
28 13
30 11
12 52
7 32
1 14
50 48
24 49
6 4
34 24
40 1
46 24
15 52
19 26
22 7
44 18
4 7
43 18
29 12
31 8
44 10
45 8
29 50
4 38
28 17
14 43
35 36
16 16
36 21
30 32
26 1
5 4
36 43
21 9
54 37
28 47
29 47
51 44
29 50
52 32
53 14
1 31
38 52
7 14
43 6
1 5
52 53
15 46
41 16
32 30
49 48
19 42
33 37
1 43
12 49
34 17
1 9
44 27
21 50
23 42
35 27
49 12
25 28
42 43
29 46
9 44
2 39
29 9
32 12
44 50
46 2
8 30
17 49
33 8
36 7
14 48
32 17
1 33
13 44
2 4
44 47
53 47
43 28
35 44
12 2
24 54
3 3
54 22
23 11
42 47
31 2
36 45
45 19
28 28
2 10
51 15
46 52
7 17
17 50
19 24
35 30
4 42
53 49
31 10
17 47
8 29
35 22
9 5
52 31
12 14
50 42
23 4
16 37
41 9
19 6
39 22
41 10
46 19
48 49
29 27
7 37
37 39
45 37
47 43
23 49
23 36
28 6
29 40
46 50
36 30
45 25
50 15
50 51
4 37
20 5
42 37
28 40
8 1
33 47
42 10
44 17
29 37
45 20
8 38
16 27
14 21
4 46
54 23
32 31
35 51
30 39
45 46
16 35
33 41
42 17
13 15
15 24
54 14
2 33
14 19
10 49
49 34
4 19
3 30
46 38
30 23
21 49
41 27
50 31
51 39
36 9
6 22
27 4
12 25
37 45
43 8
6 33
19 17
49 6
8 29
24 7
18 36
36 10
53 2
52 15
10 19
27 6
1 42
7 18
19 15
49 53
5 29
22 18
29 22
15 15
24 50
16 34
25 12
46 30
13 53
41 54
3 9
29 13
38 23
28 30
9 11
20 32
27 10
19 5
15 20
3 4
9 13
13 28
43 50
25 53
45 51
3 6
8 17
52 1
18 25
48 48
26 48
53 45
51 18
50 24
52 49
34 13
19 1
36 10
25 24
11 16
33 46
9 51
13 16
7 34
8 48
36 25
1 20
47 39
37 27
29 4
15 10
52 8
22 13
17 30
32 54
46 14
18 19
32 13
53 27
46 12
45 6
11 14
33 26
54 7
40 32
32 43
17 31
8 32
32 15
28 11
29 22
9 8
18 41
29 7
15 2
7 39
27 17
7 54
36 14
34 29
28 13
14 43
3 3
15 27
3 18
15 47
34 26
50 24
35 18
1 43
8 35
45 25
8 9
53 6
32 37
45 45
27 3
16 22
15 15
40 9
18 36
36 4
4 9
39 43
38 12
8 40
4 5
23 16
4 7
14 8
18 3
13 44
14 10
38 4
49 10
30 54
40 52
17 25
5 17
13 27
41 46
41 22
11 14
20 54
12 42
36 24
43 51
25 11
16 5
14 35
9 24
18 6
7 11
24 32
15 44
39 7
3 17
40 34
28 12
35 48
12 9
47 42
22 10
42 12
7 23
19 24
6 19
38 14
25 37
34 32
15 11
49 45
29 52
3 32
25 45
14 18
6 4
38 18
19 33
26 27
9 42
44 9
50 40
4 43
16 1
22 6
37 51
17 16
43 35
14 34
50 29
53 35
4 23
26 32
49 26
40 54
25 44
3 38
18 50
27 41
49 17
45 29
51 15
14 6
47 31
15 48
32 31
29 23
47 21
20 20
46 27
25 37
40 15
21 16
16 26
50 15
43 28
4 9
1 21
18 21
42 46
37 5
26 42
3 53
42 46
15 9
22 43
39 11
14 16
25 20
39 10
49 23
51 41
7 52
6 26
39 11
2 13
52 22
10 49
52 11
27 33
37 52
8 12
45 14
43 18
22 15
3 47
3 17
20 53
42 16
43 25
54 23
1 4
10 39
2 44
7 47
54 40
27 34
8 33
2 41
11 11
22 52
22 6
44 29
9 41
22 12
53 41
50 13
37 14
30 1
37 33
15 2
52 37
32 41
45 52
7 10
12 44
53 6
5 17
49 40
44 15
27 29
43 38
23 47
42 33
27 9
51 35
17 19
33 12
32 28
48 38
27 28
2 30
38 24
21 38
19 42
40 7
46 20
8 46
15 41
22 44
7 20
37 44
17 4
16 54
50 50
32 48
45 5
6 39
28 3
24 23
29 12
52 50
38 19
42 35
40 9
22 7
44 14
46 48
17 54
44 14
49 28
21 13
49 23
12 24
41 42
34 1
15 22
23 10
46 25
7 39
47 9
1 10
25 19
40 51
54 23
3 43
27 1
37 27
26 38
