6
9
580 604
105 568
834 865
997 998
121 700
596 649
356 827
407 759
517 754
69
914 917
908 934
622 846
317 808
412 985
368 429
136 847
632 913
310 783
312 989
68 895
758 893
993 997
234 317
466 779
986 995
260 778
413 872
718 853
720 941
761 996
831 984
260 719
405 527
830 865
253 535
367 927
835 962
749 956
729 937
618 671
75 146
74 388
112 543
765 818
6 218
983 987
585 639
606 977
201 754
993 997
641 714
697 729
798 821
512 815
936 948
959 982
142 426
338 542
644 905
287 523
898 906
314 794
578 937
915 973
1 740
730 956
106 723
46 754
233 714
500 816
570 634
881 996
649 818
740 840
73 701
822 823
668 707
961 979
48
545 988
602 810
336 558
249 705
548 633
392 637
995 999
397 744
236 256
537 734
229 705
987 987
17 497
172 245
75 967
778 965
259 836
182 826
145 857
151 373
984 998
481 744
227 653
566 621
503 792
683 755
723 796
579 877
912 939
447 472
813 939
622 886
243 698
935 954
203 505
926 985
72 490
957 966
760 930
889 892
696 848
439 830
931 941
728 844
479 556
388 727
999 999
253 438
59
265 531
769 817
451 471
8 186
826 847
67 988
994 998
546 643
346 565
184 219
944 972
236 398
747 811
826 972
618 983
607 680
937 996
119 707
956 989
46 132
241 981
443 731
65 234
474 998
551 867
917 943
257 714
299 589
932 940
874 900
664 794
913 963
166 895
262 576
376 752
605 948
652 985
583 939
683 767
247 669
978 992
667 845
448 867
541 760
287 458
571 700
107 450
703 800
939 941
276 734
606 861
313 854
278 811
474 528
188 670
711 805
478 841
983 991
380 473
20
88 429
850 906
144 705
35 970
798 865
308 910
62 279
452 620
258 422
936 954
828 901
789 867
731 992
168 304
661 806
918 920
726 839
217 541
497 524
637 928
49
84 339
328 908
293 414
868 985
922 971
26 639
668 885
49 589
925 941
241 618
120 907
950 968
957 968
659 846
933 957
175 180
834 913
433 575
471 574
153 767
142 220
6 505
31 987
709 946
681 803
132 217
276 543
288 296
51 344
81 215
696 747
995 997
605 700
780 974
47 902
863 977
167 266
26 400
437 968
850 962
94 579
601 669
774 927
662 730
953 956
331 894
633 900
854 893
918 948
