3
24
120 334
677 745
699 996
668 894
273 593
988 989
30 999
785 947
240 590
538 951
546 636
240 868
993 996
29 150
890 936
811 828
298 372
985 994
443 706
880 964
573 581
790 901
844 962
697 897
60
916 916
504 856
294 963
950 986
764 957
971 997
355 385
427 859
556 648
410 751
298 771
377 673
965 981
734 972
471 559
946 961
776 877
403 767
143 975
850 994
903 961
31 376
663 903
65 809
774 857
358 555
809 844
948 957
472 713
365 585
869 927
374 377
832 907
258 569
396 585
208 291
149 857
999 999
790 954
582 931
342 653
690 791
221 838
285 513
849 881
8 877
577 858
197 820
930 995
988 997
418 533
480 819
733 878
397 826
619 623
909 954
970 985
22 38
128 917
720 807
36
950 999
21 208
294 573
107 790
113 793
345 444
689 951
575 716
28 717
539 869
540 894
581 824
143 949
379 581
712 957
129 627
246 327
657 760
484 631
353 358
731 912
244 493
37 445
319 850
360 828
453 627
400 705
888 967
31 655
473 833
889 953
722 724
996 998
26 252
757 812
975 985
