3
909
76613077 677142301
264004503 484890491
187544567 339872107
588791706 650848742
1111941220 1136260215
1153532547 1386315323
950942686 1085191027
80888887 983113963
378703645 520100687
1043166067 1296120439
619883584 747286155
872738231 948543974
466058288 783181676
1313455471 1327348157
97707893 428039089
262917462 1198406596
9691825 951021185
280895394 964686224
456399039 1359052563
851773731 1230516907
117777413 1307091208
1306211651 1396745300
455519379 1263417363
1121798810 1183614106
1215914436 1355456318
65409277 698657565
11786129 1045573603
416346242 435313536
128503153 831311434
102394340 1257694538
1045742176 1345837788
618419713 1031390324
1330371347 1339020970
105809331 439276065
778750030 959883200
852103813 1179848680
611060591 1156526772
417839562 439078857
899525233 1308714769
630333385 892177815
428699268 574040385
123811377 501744102
445210796 759937701
634177843 887301542
1405493894 1405929770
1255809943 1376635536
550974921 669614195
786656583 1229062000
227139451 594619308
236405530 1117827172
222627742 316629901
658324476 1094539146
32962341 105770479
648735807 673855353
473945052 524654983
124531219 940159834
258406646 497202885
1028538219 1327173090
1034489338 1294563475
1185703876 1399344218
1132310835 1262777748
1205529813 1301277858
469560964 508576675
373079693 946727186
76451427 86074243
976684460 1089584909
575395720 796538283
530319276 883831444
280226788 769803289
403827441 1248237064
824370692 1132519990
566602440 1023397496
550767647 578160871
351181641 1298252577
84429728 649300949
1319875016 1338819678
660686014 860900972
922300081 1195902110
1015209967 1166605021
1286181064 1289264164
121110229 557942690
1286554876 1318871567
96763953 1320036911
1380403897 1405950131
604368109 1351289121
439314776 457328531
40764446 374312952
722600225 1306877170
508937329 700872389
441190243 549117096
998216284 1160020176
469876487 998576685
131111869 451904375
139844487 1198463835
13598364 160177816
165823723 329196732
1036739057 1392584999
1290186395 1304887795
224948083 755714666
497514867 544416912
1147849051 1232081178
1268017681 1297936179
690261384 1032838421
451467292 1326936138
1156924638 1161649202
855057 1402258913
88920453 735444734
156485912 201742379
1033554140 1091160645
490737779 822711304
1299173889 1364582774
965105461 1343617584
680281988 836508358
1298372952 1388265878
405019222 650783674
19479142 717137638
704645225 1004960131
629210077 1211290471
1170659068 1177042871
399819604 665413595
1014748906 1278724182
992749352 1002316140
144282603 313795479
724689413 1268697179
129255097 649411287
123114970 708709319
305153319 519016026
361379735 761443871
391771529 595759425
1234567033 1318077665
941657458 1028326658
313897089 1219200232
688015554 1054880178
494653851 738236332
777386683 792743763
4608740 1076507830
1126606260 1184683563
117558707 156887555
81959883 786096105
416863717 601121639
1130195621 1199834707
1265098456 1298082934
909647444 1212671539
1091528972 1174625160
420145861 761649432
1229488126 1263969659
500891748 845098443
436399147 580399330
886851283 1319025391
212195661 915071636
599458750 892677995
975889989 1180479377
499993604 1366389224
293482675 422898289
1233371580 1372360744
742057855 1012636973
76064376 516113608
1342067664 1352149510
415317440 947536587
179147780 740092865
960795722 1082977031
487581404 1329561537
627548219 801491074
440341357 638728801
1154338323 1351265719
92217874 363222742
77919205 604847905
247850541 1122312913
29387100 954874859
40942815 168098296
941532832 991606071
631182306 1371602743
386468189 792017972
266376159 809372221
686661436 1324895584
172709807 943659293
51589644 776632314
215006267 246030424
829412579 1192063203
591785224 1388446208
1028782422 1214988630
352196897 931860771
536378653 811151984
298575208 905902836
403480071 1280142517
562141540 891170830
26832014 871989313
563760389 973384894
909610915 1037922436
458031449 482796219
785248992 990332350
399276652 677839883
1295188587 1348640904
926046902 987022811
663716249 1099123097
39287441 1060507114
1159741976 1222256063
238336464 639415526
1270773144 1386019926
2878647 1121092909
1246531100 1336020360
552846744 629171333
445808317 642838666
81730406 105344832
1400295816 1408864540
588369231 793175642
890810561 1137553491
114219295 1380891434
258144452 620781268
647433369 824402156
364648527 408169808
161905047 635476196
274201294 421491838
578355336 587539812
176881399 555480523
481506744 970084774
865843103 1234994501
1135452616 1395097717
809865341 1113369372
814102187 1168202007
140804362 352688110
1159054852 1236372533
1142036377 1149843493
483805583 590159646
1077437180 1121638244
1173401626 1333898179
322078759 1117264312
1211417528 1376230323
612692012 976633031
389543112 691978385
1148248182 1385054959
135775415 831530198
43370366 211864908
224366315 936269315
473056027 676537168
1177265463 1394749682
474031788 821138327
347252 280898784
117722737 736476954
1147126722 1268937497
311630354 809756572
293437089 670050504
477494999 1160787359
1134509514 1351016223
513736064 540089184
933681699 1082870706
867048477 1331936466
152859022 1154508472
231588263 416652780
639629665 1305422866
839313102 1141884407
1169143506 1234043156
1228713300 1259653458
1300951241 1340426126
670358873 1097295939
309224036 769108633
367334822 875018084
294375160 880806819
418847003 1212897415
689350126 1266570304
712268792 1258827767
1331231806 1381370555
373281516 772805238
483735436 992287740
243413013 948294840
1395524278 1397813345
407302835 874507288
247016002 508329914
620980492 1043853959
809186783 915038415
732683535 864645217
215082525 671759855
390497936 576769253
237631127 408234461
677896736 1145960131
249717938 614582870
599873771 891676401
1321676237 1388704411
951901191 980393346
220586058 1350107906
532330718 643041807
385034842 758705346
92601256 781938029
1357381093 1394451753
1220159696 1393856731
807074754 840513031
1017085356 1294260449
640509935 763176285
314289253 444163139
235379161 941910466
299901430 910023304
575194418 1193094540
44314419 1100178133
982959760 1057824778
160488175 367273403
1008727436 1297146967
476960574 890827164
214872419 699766785
132974152 1149990898
40810332 1311906002
1302647656 1357045690
1315442985 1380681635
297644122 1232189700
540079767 584115377
970863119 1199633855
251228990 896170078
1259641599 1285057501
1271608371 1381003319
416275318 523091384
30283861 809871271
1180613788 1368950578
489920035 554949814
34848681 268012969
637256009 783408096
1221991378 1391069035
560539160 1158315792
213909289 1193077870
318736373 634742880
610770936 1024677852
1312348908 1342391733
1053771090 1082157644
283848107 765252129
491821653 700053935
1225910851 1301539637
279750508 587947398
473815792 939721679
1015299009 1311266678
1206673857 1396591892
705463002 967266979
535062953 685444931
244429340 1028063917
702119174 1055389260
1014283464 1208832479
1138526382 1363090184
493250768 773751934
267518779 1390938447
136590686 551925022
181437851 511049442
1022288706 1201497405
484713683 673647214
431291449 898220387
1267497790 1328113894
1319881707 1357118861
1322416097 1407950427
262948825 663683541
1236021495 1351012007
11934333 371149993
1339780902 1375947250
701490475 1271894744
1402827014 1405443581
1197047614 1345893972
420469153 1295002080
266309724 333587290
738569587 1069898889
554699173 1226808795
150348374 505878952
329975736 814050958
4546852 78147713
411894709 459999305
183872930 323693931
1055665427 1370550791
645769294 943313082
1094778810 1186312591
896111404 1146222122
24668717 1119649712
72804690 1062600590
910513511 1402693372
81774962 1205339732
379731965 734149376
847838380 1126013637
544324455 834716963
282030440 1221073919
953063616 1153465065
364577925 828875670
1085578739 1344465469
646853279 797387747
101473379 926406407
606888473 1038708568
620902138 893858092
747239962 1373595164
863132285 1282427574
779896071 887027458
647359454 1144727524
1341310865 1356092236
458861832 625366871
603842075 1294574817
459538661 722784777
370695900 572961924
223250048 288316713
1270243656 1276440802
378820067 1240812554
343024857 566577546
1258206749 1290986678
906073061 1002584395
1065251756 1387150069
632811746 639281717
319439962 628931467
1274962492 1341358534
380631381 967603111
1290278348 1334164205
1158684134 1187955448
739659053 868116987
876193886 1297864650
1069818601 1143549394
841679553 1363280375
88619607 1282614062
792330843 940532390
964673415 1212969097
395397924 972490997
381993746 1038416918
1107255933 1176713183
388444420 1040266420
1086606189 1258927741
271149097 789111027
1402430797 1406652097
1102214465 1246245885
1112611892 1319414870
57048613 306037194
357680233 1018745037
612445501 1395967962
1409490749 1409693846
1211913107 1390615821
851537907 1223532236
648135939 926627127
1055574513 1348008767
714592402 872208655
711887681 800274130
133111845 534146403
377759122 1361685673
591922333 737618510
551939527 969878180
321129398 1281036384
389755213 1308714508
331041114 940064077
703245649 1294645706
301974565 702669730
932104678 1146919827
706449116 1139286463
1079278135 1331739957
760922007 1298909092
242284197 1186814307
1084868527 1365506331
700394979 1381578701
915663548 1001373568
1150698149 1155251635
24769669 565915487
471380966 1382098897
1319919609 1392265314
159646167 1064534755
1092418930 1242642023
258907545 581515599
800541342 958269451
681669690 1160211576
313189387 328781953
239140822 915049814
547199341 1226497892
457015825 1145290901
667213761 991349707
415460941 800263263
313606559 1046827527
576036695 966760660
746947431 918316715
22757288 1118615369
937946432 1159075537
970125401 1174370451
1394412713 1408617392
551816537 1382005388
653049218 1120528208
732543367 1195862219
345733105 533680552
733972938 764713612
862718813 1051715857
912248784 1339804918
261031153 375619759
1197694820 1406680444
610100907 1250736512
355539697 653625416
317412828 1078057955
1045457557 1083358290
157339011 1059171428
389454526 1163721690
40241410 1360846935
100999348 115665693
711594907 1047160674
514895947 663849160
663908944 892151421
215461257 576663808
781010648 891172633
618871624 1098711142
552956913 910764902
15039719 196204997
1061635166 1159274937
665147433 1279098234
718393109 1072864281
91845987 724036309
27261661 906266497
709651181 1080640199
956648338 1386516278
1228982594 1266534624
387787973 451540235
1374925420 1401532199
118906595 928498409
433077819 829106798
569785020 760072807
83446719 350136189
397758658 1027434724
1013704805 1242486533
827477115 1252359430
1120739573 1237514611
472879442 622261254
212299946 1040968556
527345641 884886811
603942479 1125530465
137598644 1089835708
730886791 822243692
641017867 902178553
928660633 950339474
977913173 1115055182
387057880 1221016502
268617525 799931848
476071781 552968524
447900779 1094195132
522427689 636354334
31432097 287707862
406317390 408794187
309250406 1243006221
1352088725 1357909642
434581281 618871599
708229218 1408243831
187970377 1237222283
1357175120 1397229001
392705223 520005274
83707021 567133687
182078526 393444118
270830438 561950747
671047843 1178680214
423933290 1386080017
1223508411 1283041609
470416169 1310636746
476099560 491713964
959362304 1029535980
168882481 849197134
423137165 572725554
716511545 1330484677
485143622 1403239815
62142718 181266029
161578550 503722234
848743101 1310728601
1378360926 1393463144
837131045 1042727598
610673432 1307522366
484625768 615021188
227113732 777733886
525314311 1029239107
1235962097 1346313799
848291977 1106653093
542090371 776085104
22699296 1279885069
793933792 1263981809
715373185 1305084907
969729354 1334723295
274836864 843392550
765727479 1071803569
643549501 934243747
484975825 1353109381
1309163388 1382139459
717567370 1053210161
513646296 1375813751
758457210 926355075
367154918 603642834
412619929 753505130
1175917682 1350698004
399022267 814182681
1130809514 1385918917
892917887 1312433570
1247471425 1325490355
274838138 1263879341
1223806653 1228914381
463088375 693228917
595555646 909556041
83542176 704747744
870971551 1177783779
364504296 412303354
1202454789 1224511839
96726850 522691998
529011180 1237531310
268203940 396288317
1279233512 1316525536
195001805 390922911
561718735 1091918987
1230196894 1312249778
115170070 714959018
411760940 573039161
858242085 1065288250
1018065569 1301916246
225379961 1405508243
270187213 1220516854
340716241 1065365473
41201435 716501884
209470895 1070957735
293499387 797962009
963561331 1125584911
21640703 716946596
713609510 1365769632
1020721388 1263589692
1015550868 1286364491
571786853 907570770
595300177 628734368
737489556 1262582254
617864934 1034208805
129861080 400129058
389717904 507943498
11457011 76328362
276117817 308437693
100809720 512300238
428830227 543165717
770015113 1040433179
1254544206 1270260467
266386404 453488379
735400949 946440128
301872426 866574270
981760899 1382104785
626051235 991025035
727764055 1108441393
87218250 1409087796
423021864 1155471502
703568235 769178502
560060707 1383784014
317271693 1334645561
1397130980 1407559292
1261951600 1284179876
307488723 538549705
736039967 755390111
135777931 499423166
644932301 1402810633
1320105046 1331682396
489115456 1094056278
822597161 1016836404
457385849 557232395
691675643 842853921
1272011740 1362590979
16298060 753022941
491688824 665074230
986334194 1003874948
333445698 767089526
598007486 959188752
1213942974 1296687461
734457036 764730901
907836235 911940771
305616174 898896333
419372380 1021488709
225734163 469919004
715957341 1387649586
138392212 177241582
235962371 424061960
501921506 551205567
50397532 280760323
183707183 213348007
1092714211 1358290066
551779838 876365590
1038573122 1203623141
567968405 1161416133
651781011 969878146
560091643 859669379
27959813 102714294
134246137 764539872
493382229 875994903
61736806 1145313893
334317563 654173298
326064333 373301089
289464081 705718888
1274666708 1307577909
1060838636 1120641868
488192355 768700010
14111172 464587306
1025218204 1083613587
450189444 485955748
736640273 1333948237
717211713 774640961
1313382744 1393076991
698256318 716210663
653689628 798992381
695412347 731295491
1217307790 1243536733
714405029 1288280452
419073883 1378001638
1109503689 1218685671
545367088 977828291
572030801 1193101354
1111602279 1210756342
626565841 825464871
1312394659 1364564232
33421336 635247407
42791606 771401952
1003320817 1326762907
565116595 1350700653
563490416 748883476
746894076 954030795
38254990 613753236
1169887866 1362233031
165064649 601823184
587824067 906130765
734575456 1240865123
460368946 666697892
708245880 1408996978
928519159 1064886185
1343263176 1377924434
277715326 973633660
151705723 1376333063
558389734 581773350
302030287 864822125
1184751508 1334232140
321679780 1367558132
321996786 1399485340
555434545 921001804
104355931 549515945
827282564 852394541
653073918 934182913
119898815 455428044
241987170 1255187192
607367953 934928193
98076727 509596271
112280299 221863297
173712461 1129564682
48492513 701668088
675798483 1215593594
1330943534 1400695713
573476376 1134585706
1162172554 1343725866
854161410 1346913049
682595542 1032287519
1003398216 1274092527
62409073 69083191
646278909 736158506
357480248 991426613
1202104041 1253774100
252899341 623257294
816675065 1155101184
1149467996 1353981682
647327747 1156410039
576632960 1079594299
1220446345 1220815179
102967492 485398019
876453582 915353505
421030659 1075688159
351701408 419330747
1359687090 1364144346
227165914 295235687
733070712 746359582
771168804 1186470276
134548779 148221065
746099703 763575365
340247868 603338228
125446400 224959717
563540124 635382999
1195110792 1386410621
521571556 1064347870
902799336 1403835765
523730897 829226209
211664280 1096566294
542644648 581924413
1066240612 1088655652
1182781864 1203070529
241901004 430394018
1017127835 1390158370
415569356 1005305520
634512321 1297768779
664613399 1118004927
423640013 1190038679
398344243 400997960
419732718 726286793
1027633873 1114260978
104715065 639502927
805321120 958358209
982641225 1313180924
410938759 514811185
26578153 103234593
1349520601 1407822358
1284457016 1291105177
768675219 934305068
424403395 1351564747
1138014906 1271935748
708088972 1347654803
653761427 663469750
707290089 1094576391
221183204 438982746
654750405 893996051
309062658 937897808
17783703 958505286
110932526 134533745
389798670 458729494
1171879860 1390116773
1141260038 1150474303
583105833 968427218
877333610 919738831
730821130 1262803784
840107662 1303696639
641614504 945961152
1165494850 1381089490
793833169 916580176
591975987 1197007758
943568908 1076534119
285829438 1177712494
374604678 536577736
300430682 386230381
292821729 723248792
1066177297 1186028476
1127011628 1388819100
436847920 603011464
44589286 706658583
516785856 710480982
239758844 1399037446
1122875938 1267182677
125350325 432881438
683540064 858051937
1116494774 1200740625
1279199334 1357690183
764412037 1190048190
590903162 688006569
514278713 707115686
103486304 231897411
847053518 1027632378
270380681 1205779606
169139135 671099483
258499463 431818727
1236055494 1297884291
730824225 1401909290
1072937427 1235525379
1138867698 1376883391
385229552 1114711557
33551838 1122514558
1379711992 1380931583
160748756 917312578
177886542 212427441
714264866 1054885208
801841274 1037582543
1138834281 1289366869
330393305 1043067347
1375521052 1387259365
1111047651 1266041738
1048316979 1057836785
254529373 983567388
964918727 1073186774
388263215 760590276
1258297238 1298757343
726360011 1163435250
1384060126 1404716739
898940553 932342118
683837691 1050808262
787395264 1291898935
1070940609 1238537335
356188495 371106676
502998102 541227564
1109176488 1270051640
252614927 769484412
16808347 167298242
326850930 340322721
246961118 568537731
383043125 1241903546
430118786 511926580
357973648 814985330
561861286 963212088
343353684 586848444
11254251 1013377206
1007869719 1404980027
492136153 809003488
896682819 1226307703
23450753 605282475
502011773 1251717980
944333996 1080704866
134888820 181397381
904487490 1379766211
383698589 1308555204
580403164 702738914
245411605 800024172
131173299 224695296
588139805 686033079
1294036031 1361789132
694652089 1059285802
339904914 409089172
81096360 679254154
409458800 425321043
135571287 892333370
496596664 1284331157
119239929 1045418634
758112020 1395522176
37341015 568543661
217081214 307898708
793842750 1172003488
692836609 1081196748
297919542 564833785
464710330 1023404561
364904459 680594123
968804407 1241493564
682338491 1240289217
570041925 784810926
260704257 1201876387
1161286003 1231207896
749715423 899104496
593346210 812698310
475682551 690979177
771373012 931918011
338563567 666217517
128008974 826676111
613477147 696199297
36654037 306198428
936041839 1180217556
158104890 842638220
916548983 1076972114
830
359019526 568131304
1260822501 1385676071
347197130 403190898
107603010 470069358
1083005306 1369198937
72350713 1295960574
875868310 1130525996
227077572 279993636
718371509 1054744698
695873412 1041342010
68080631 535619119
458523227 1262006564
1366431132 1409206123
261054701 697759230
967903890 1249143392
1206255821 1408599704
66715049 666933491
322410954 1374962496
253420071 1008670777
507103177 821525314
735810138 1014316856
321335952 591953671
402608243 1182245172
368585518 1141837580
270639868 539122919
789628138 1315320017
546319989 718543742
1267855805 1308700848
484204462 578090858
413527855 740213431
418315645 469282779
266679998 716777231
104122961 244783847
912628740 971839950
604017393 1347590210
60340261 1327302194
581900467 1356747961
684383746 1342468519
602638999 734076735
765860478 991006913
461334586 1003529831
649357283 1288309804
559615461 818518118
109361256 734883641
114173399 239700756
610352820 1286718117
985589171 1173312048
551807106 775664012
116875267 1075837205
290842616 1124005243
528952876 545635533
103391536 615459291
188358413 1121069798
1224935079 1299368173
164963308 643248307
1363450460 1393221319
634661624 1173704204
308149931 1263890727
173888446 1189107050
300705357 438155711
1128487117 1146086292
534748935 1403242600
532394304 649635163
170177315 235054866
362627065 790872449
1110750198 1116250209
399414133 693913742
592961428 1329644283
31498017 321784214
711987882 928233873
1363454219 1389336935
50887162 636368574
183703201 1178144809
723583313 927809607
675405031 737976141
146277842 508258263
641966469 1093196979
193016517 1002346892
185585183 880747574
1373536302 1396115556
1076318392 1175553770
744563163 811803019
279491974 970713710
69505229 95221424
57739966 1001303570
707343703 1166514773
112094598 480211899
182533587 1000809885
859392293 1365115576
24282591 874625350
489665485 704401056
483736904 668450308
913178524 1241694973
580191355 826392665
313942788 324989670
743803891 1402417330
530850626 1366887250
1010849946 1399553317
687778235 960950443
874940955 969568478
742304680 887432398
901842290 1208133515
671629865 1136588857
786666324 1119707460
35749280 193853280
163685213 234240528
1130904926 1226688761
310853468 1088471945
595033787 727630237
1194227328 1352810303
595479334 642781556
1264477877 1344068757
294447923 1195933638
732239069 1122683701
655569563 1214252212
72713853 215848792
920173188 1313941002
1375726227 1384456121
1077259841 1294585727
45024166 939857050
673865209 964174284
1166542836 1314018459
1302393113 1340101310
999747221 1024578203
296082173 1326978668
292377024 808964954
407404798 715036722
1148007652 1339481463
707365359 1074130772
1385358482 1389256785
338445659 1111144335
390053790 1214228011
421930175 1026429873
871501173 924216949
590776296 702490268
144945485 1319472769
837607316 1162488462
294947332 520728466
44189708 156668247
570960837 692827758
1294015574 1339943967
642685847 1190718092
42047508 257751595
678597200 1154670475
595617986 1056036439
664228231 975006508
663978596 941028362
391976400 702279096
477381999 1129613855
124133197 906512006
314453828 591104980
199475442 1398724106
558327540 573217754
493965358 872982228
360484571 390402039
421534590 1148581827
1006903546 1135130300
583307949 753438968
303882684 1033114631
493859937 731261405
1377643014 1387015281
134642431 890415841
436038876 1338783829
229714691 337299708
678251836 1359960503
222840870 993016465
440412364 1148404765
402909452 1022023788
206459479 1049870802
189145206 1350237405
537096909 1009794483
440112778 778592390
1076729536 1092557180
178217664 387164857
1279107304 1409573172
650807115 960695810
284837203 1286256765
897309250 1310475204
1327921446 1370714980
805376187 967950508
917594438 1019870296
202816555 1397348354
121191063 164472395
1407220888 1407269009
107436910 380985051
524583510 889489409
1281376712 1365027650
567113057 1077897887
534808461 1150538038
122302344 1314586400
604868835 668421842
886936135 927521583
139610771 566544804
762510912 1358748291
1139697264 1176285957
642641156 1248527771
416966925 1214981411
1014999054 1268452150
249322650 948509972
595088600 786687755
317672433 873798924
596256724 1105690157
61516129 178753083
254848675 867291266
279948463 645160224
1151799932 1293029531
324727580 1318471864
529361609 536318479
870981690 1284668922
723905050 1282163573
14389044 79677331
794009192 928287646
80481106 1040226409
193339469 364769488
393642991 677341098
715400702 1186245069
1047365969 1359796030
879539602 1173554719
880698583 1166536709
1114047616 1122017596
1353973076 1381863648
758804411 863952340
850425835 1226900734
831276718 1200892787
1275879520 1408172556
1365142205 1388022062
615963836 1272573639
499872486 746717689
88793599 771603995
285960084 1143464666
591579424 1143702609
482259684 611840754
911411035 1040838736
265736688 743005710
1342435876 1409219820
1302959428 1357378546
128984033 1227344873
152895957 199548650
951292507 1250627141
66406784 701389736
855625966 1312878149
288732026 648191831
593303982 778755361
1281644007 1365816955
1088609552 1238585822
149412878 1243398616
1104077158 1282390611
257122250 810921459
1409476059 1409667754
757699346 841744911
921196027 1242739536
357273272 1076189070
1301637726 1336274372
867299487 1169589230
1246676712 1296754749
71914653 876184976
577769151 899162103
982499734 1147221683
395738000 1022011214
908600632 936773220
652941430 1132660176
1284574134 1388413638
506443510 557982111
66425859 927638282
844866885 1179505451
293788682 994935486
910551763 1151668720
492066978 708338880
401317342 742976589
176059160 257943282
346114380 1238664021
264772218 363009868
430354376 572169737
115757804 144822417
631046984 853462153
1146345721 1304934450
232513788 244592087
118537148 1012951356
418993214 1339725192
792863406 1292963169
1022945882 1184986840
475362520 592790386
170742504 411309632
317321790 1146937419
329930978 1282681547
98609199 1407710969
1258757441 1364625173
733683921 1041407322
75914304 857859264
1185175409 1282822621
616237229 807177704
472371865 1072342412
737275952 1036589407
213764808 526469900
28962358 1383508026
509210222 1315358205
506205392 784121455
207264149 809468799
148434248 331615552
1354201770 1354400774
150006974 1124094971
284502690 529364649
285212234 792007987
17371610 624983086
373339843 400088966
897940958 1396353019
286397698 999610186
781158089 965233547
656856905 799795400
542026339 564473235
476791196 788866216
395840541 685981704
404506864 1282788702
456629367 754648678
1091792335 1119255670
950506600 1179764721
1196957185 1205786439
937607122 938414502
583962230 1006790304
104825982 1321074696
747772791 817859054
677460788 1332078078
1361840259 1409238324
250791540 1233439962
261371146 1210710651
355470138 698889266
1349339970 1368942926
6604932 399113319
383374413 1232181720
1226309365 1323340199
398550074 719576694
65401802 603822487
453769181 854876256
133577110 134107122
985434151 1101464292
401185683 706095755
207302203 885626608
250577247 764459815
10855145 924128293
195168945 999965454
30407337 117988986
32514182 254885994
100916046 416193909
380579087 407514761
1189729619 1239217372
1338983891 1383019578
634092066 764937206
88547435 428636904
703542922 715166765
1353818903 1375787950
1046724314 1100452751
232066058 367969920
108909503 818211536
271415491 621868136
1118352112 1135327482
251092928 704717733
495198137 1195279775
467779156 473294824
1052179333 1197686067
631888774 666092974
704759299 1363705586
222076990 885639900
1132853251 1141313905
189312425 548966883
51454120 67805140
542702752 637017242
1085643500 1158899702
946671151 1207709480
643553715 1039789415
102164700 1176475390
570387677 665230279
90483447 945039629
290411782 745385350
893479650 1288706236
438425739 445607583
960121023 1158246761
597576073 757858015
475502049 721833272
1186926923 1389314519
495949332 512370471
411366321 801002014
128313975 935820460
351174750 1042201389
1060805075 1329247387
571059695 1220011959
696327110 790038331
328318978 430842616
1209735104 1270637101
528628362 1033828191
450853621 1248712026
622594606 1018527004
1368804954 1379996982
289894637 681126335
135478262 202599992
480150361 573710819
917469675 1121236487
201995090 502167580
1291835060 1294613088
274436249 1079167111
701236620 854459665
18003086 265294798
118152418 674224235
368030534 1295574183
1129404300 1245292808
1395947590 1404961709
700022059 1308301690
652443309 930455325
749048688 1383374855
544000685 904801713
386645349 938374415
11736958 817062310
194283663 737568144
539026392 1345859520
139855379 769497278
552825664 939704792
1006575848 1354656839
959627556 1344869607
1141437027 1309119856
478993585 881365982
1219365063 1370680983
861917741 1232596642
369907798 580449071
659801334 939589308
785765454 920375016
937282931 957761977
916397520 1356032932
384484367 639003863
756389108 953792104
713764761 1040199260
1366892495 1390956181
551219685 866112818
101715359 987500957
675557077 1062632408
378087909 1180863513
868855779 1180135605
564761809 1391913298
324823818 667679717
370194640 1095680214
1392360949 1410038362
320733480 389213844
144453037 364512400
407164852 600648980
351414371 1263428486
391358756 656532772
1352953680 1393799029
999401588 1331405750
1293223645 1356120823
1173240782 1183590358
825486207 1146761915
1061097476 1348726021
397670314 669440817
92348657 1266644408
1038071396 1144340344
62032074 257302164
1107274967 1162105844
1170103250 1216192623
624521784 664990530
501207414 902595313
568648669 840173229
1199995043 1269413809
185950603 991480726
1225846711 1260826745
361093886 464550047
201401646 261281125
170718700 964006272
395613939 470730887
34512508 493867488
645503568 781197364
158452074 556113907
603675571 866402992
479667790 931883705
1180629107 1212538063
138352648 310285483
509083000 777055880
429467625 656159709
941226488 1128958609
523020557 585227779
3018061 469531221
788661861 1141891963
312836929 1133727092
511776484 1307332197
255332369 869769704
1052951045 1206797980
1016205544 1152396153
916109008 1021505010
1184937083 1399457856
443810521 676781882
652353852 1111848888
1005765833 1006833334
909445434 1115752169
133170449 1084101404
424176403 881649736
412878393 505902533
421505211 982844772
1083144261 1152465663
1126091925 1229229385
96834914 429685929
691337342 699839280
662521258 885620185
1049701762 1104971213
529091006 808794231
609863414 660797743
640918536 819954409
687873312 1294503257
730748048 1092823805
434677607 1148311174
934482679 1341417197
209122511 429390835
1342692211 1391825041
515266614 888459466
217223585 244511076
235323633 320359773
1010143669 1083477970
492385461 611475987
83263500 721911579
957150885 1164559963
642667437 984123873
344469548 995818404
658790597 684625717
1233246598 1257808149
463783534 644034049
1035266281 1113927078
720688992 1162874721
480730461 1348721030
440298632 1039251494
760562290 1090443169
501212952 1107898298
186101897 427665974
1228426149 1360487024
734492440 1180900867
109513619 787079644
1037611150 1393563013
3854678 701294675
1196489136 1219097062
556791959 779410158
883947267 891417815
905897001 1043077204
688931081 1335535762
217510968 703338053
483038660 834244882
1369786639 1388291049
1371953015 1373991226
304884140 645201842
43661885 616442884
862076828 1189568402
671784343 1056060394
16845298 20547109
413454379 1161737239
201483922 1063234139
61819896 961404319
671973869 1089345012
743160078 1055841278
65097945 338417812
566819961 1378951583
295317659 515726473
1261174355 1317884443
663064029 1072020095
482432125 512882895
6334087 323525361
1065303243 1135251650
155783879 565665729
743944756 1219704685
854647468 1186245143
1170367750 1208872304
1331096893 1337304615
655048626 1003400410
1116532571 1207616656
1799351 880724548
578437774 769466635
672852853 1214064318
747487443 839223777
489618967 648023469
553109849 914772202
191099580 367472098
49911230 342854071
765943554 1101085682
542406211 569448204
1395384997 1401528466
667097247 1260331511
935438921 1182155390
170189611 862412921
163448342 430707270
920457194 1057540340
657668697 1124362475
531485431 960816288
361032403 663923976
405641581 429419584
1125200202 1262372211
21708529 650301597
374858052 756649238
483756060 1182560288
64705275 1285912508
1103717692 1296266703
13476581 1044411908
51538557 405472014
132482729 1326784738
317874938 912968185
456825924 834138720
538394199 683047043
60130904 191497499
1165549321 1352221945
183282713 267933151
631296303 1169840783
605523676 932811516
134955380 895636401
80369111 228397720
1378841569 1402994043
324543564 961774177
16079385 607951313
1034632907 1107253365
624186982 1212830703
121932638 854026090
592844808 1035115983
66677139 282122482
866328412 1236371116
1226941646 1269985864
266910117 804318182
124453012 373692026
1247473190 1361941341
374091985 425686779
503989377 1224251462
867360953 968708734
205728916 220827963
497769797 768892685
545142426 1205290112
1269841568 1348532193
1366508632 1398311446
410062369 1273860973
220772686 491952036
1019439337 1057740207
957860598 1050939128
507066443 1041244341
823677239 1075466683
103688044 712613456
96331183 272800486
433553353 1244314842
333460715 782613413
392615818 724171245
191442361 989309876
1280973596 1321215607
642689803 780422488
895426229 1215522151
60727240 544094651
736241173 1261227243
295229260 1093990363
1180739859 1380426798
299098281 1052239149
137588605 137773020
470455405 818500642
989773506 1036278943
45771636 476378553
1150971248 1323412646
688544795 1107566115
282102551 964964149
161313958 326709796
1150213421 1150298258
384099421 435583689
170980858 697317048
719332382 1379902313
575163335 699729270
1203034353 1316732299
805818395 855611690
1011222217 1134710298
540653044 1402878538
411557322 1108429528
828423099 1384910202
583737209 1061094182
1165754865 1269445988
760461945 1295506605
1326746681 1335015188
1404568893 1406050312
598826794 648714138
547885391 1289077364
1155254160 1349975196
31494204 257594765
1284720674 1408328343
33604475 976144194
543946136 1323180458
765416637 1080571454
394909653 958631037
234295894 434677537
709594526 968326368
21521184 1081948985
1398089841 1404722627
169995475 1015795500
1200513953 1323651037
209164734 896089522
1157072463 1258226678
1005993629 1199047097
798182247 1254975540
375264513 944020964
205239906 254738518
1294340445 1336702767
76817422 974582403
728311880 818355400
847664259 1141606825
1066872641 1195151339
518037474 932845337
709920046 1294374919
693816963 925592705
258481344 1180469350
180501685 613706124
1362165119 1371771264
420586913 421021105
211621403 1069862814
296089036 992559642
509946589 566509943
316343563 1229981337
613145644 1405837445
930742584 941286195
690749901 728427242
280907885 734584464
1329463952 1375729099
621588303 1015204497
405652692 1259364247
319542938 569633172
1311172616 1380222196
765526883 1221103601
617576127 892903014
533185817 1393516504
228724958 794588971
195750400 1241554054
1400150593 1401508167
504498659 1196836525
772910465 1279695949
88034668 847242423
157826964 915760439
621846954 835151937
170757815 855128590
447578637 904339818
366829488 1233903228
1238223238 1381720875
979449613 1247487437
1329362167 1350062380
707101540 1264102010
809675745 1224771966
949934180 1364804041
31560660 1327298549
233861947 327095014
1357876448 1362145770
233720539 278425536
671875557 829291441
719838226 1094100935
816937920 922559212
301882693 705126058
88692407 420670544
1362732761 1402493247
677658345 805697732
679969320 1375105678
532463602 849617572
11017414 997828062
961960330 1263502663
279621310 545553621
689422396 1226775916
596552684 924502002
667063849 940941111
895544457 1324886194
242858526 883437891
1272734511 1302499687
214459994 1164613011
777847952 1343236868
801062521 1144083770
776151776 1225689471
276601000 1159857000
543730202 1176278992
712805087 983701915
952555115 1065134113
568610368 1327616502
195132841 366694695
121041117 224870163
278995478 907392817
653354750 1198418060
789147540 852435382
1306338342 1406982310
822667917 1082011545
158341874 271075923
12923983 493340297
582926882 1355925264
1401602776 1403288129
184571232 957740349
69441383 118005367
84044330 287277033
690062304 1387022561
373541373 448192926
22667459 465407734
62487216 861129184
1065733022 1382974741
228638141 660813233
1366626973 1372197456
1132344317 1193291523
64969930 251046872
1282194832 1348077940
523731274 674456203
1314091574 1403491550
1030499932 1168455197
815807976 1149187826
101593288 832670634
110869750 583873151
1341403495 1374864685
408045254 524582976
117591718 1029260902
799137682 988322664
1224320535 1273342930
1324008654 1330617235
870388166 1030414288
473733600 535412617
530849735 839954443
893051011 1280159270
70591482 147582152
238562829 1089992088
657358486 729298752
511099320 798262341
714241157 849714632
1148612850 1276261261
171511765 613487150
909803996 1360816733
460283157 790775355
1270516441 1367807064
689798468 1170552891
680255644 705365298
1183733148 1290717587
243974050 553073225
549345781 813021963
256211725 692809826
1270869554 1384889985
1308610017 1363924596
541114946 1029035885
1349696106 1398084462
287142118 396854636
103855408 679475664
577
106642139 1076790989
1381921713 1403250081
698634046 797808483
158524578 479607265
1155218414 1310477356
146802794 1244954976
60232578 109827085
474679450 983864257
512158415 1149219005
145239533 763384734
916952905 1222889082
552349967 929562054
698879207 1131030750
649134089 1357173663
292949645 442016390
411599078 609278640
985889891 1329621294
34431412 633630629
13241217 220704975
168125864 886355329
412596840 519191068
709884276 1234273111
593604903 1345511786
111929946 475393437
295253655 371850409
216931115 647237759
202066433 911464557
450305322 649406017
9954414 440958472
1285453445 1332048004
745099344 1390472183
703827724 1335422182
585910980 853992706
108051213 414129820
279937287 882745302
8833539 881331315
544920974 588231830
1028289681 1112419275
79622741 601236687
1329860852 1360249872
1107842451 1187207220
676908155 1302024093
1309520537 1326340604
94310685 902725563
457177532 1221223840
501254695 987076287
9068545 558552698
438924161 989597702
1126227260 1284819997
379690603 1275314261
1225794848 1253752681
592634377 1079651375
93187503 655010572
42285028 1044498157
8774241 538529556
714789384 1109174115
1100387307 1351951255
358448035 392380748
674573307 688328133
645458815 675446201
1135210011 1171187685
653339497 1180561040
323481583 1001160017
844167717 895814863
1270328693 1409340770
1127871595 1337827441
158324500 1385101840
568080198 1194601424
1300936082 1389458994
210902896 830291028
1153340494 1179200981
633130206 1040731036
1408717627 1409266315
170091707 474497778
273205363 1091708235
1360626801 1374032090
554264626 602684861
947218416 1104387652
651434354 759528288
247594422 843123670
695406927 1042503893
590714397 1009887232
534077124 1148143792
904150765 1111951709
1293818877 1383017350
526418281 1073348104
223751493 316360753
1374208652 1382349129
932444119 980645818
621045796 968178507
66485221 696170937
454383494 547819593
269665544 1335130178
236890693 667519409
129011416 531588283
407176040 1090121519
143205291 467527744
324829818 714429763
714819167 1378549342
867962661 1183033921
1336100932 1369668358
325221726 899549810
713628154 1224371236
611080466 756659791
1295008035 1355341145
237284237 938255798
389959922 903050313
1246218387 1380659974
462170147 763944310
118987924 209988689
503950427 664393023
462277006 548323460
547056699 649875543
558157540 943531667
6513416 636373172
1171836782 1293579418
188472796 1077195266
662271620 877996670
162347809 879426357
296553846 1250730820
726240473 1259086951
1142625777 1403509810
842822960 1026348107
510887834 554078829
142907016 315202465
822936166 974549586
340487172 1329360828
163195179 429207880
1158469207 1191813562
196345511 1180922570
240360593 375206082
945100798 1306082012
111004386 498157197
20638959 963647687
41018583 1355303420
616567013 985517771
437509465 1005244834
111559310 128159030
576190551 1128359694
557151136 1055866400
181325010 323864571
301020522 544584805
65869984 986395213
1088656027 1377808823
534611648 1183517005
352728440 1052137223
58426400 1184677051
292258848 671203386
33694127 323678388
261224913 854647658
224785686 1406589725
497956047 1297391012
1003072251 1137595635
601246440 1059661351
166313573 1109944178
545927309 719390273
722940986 1081237045
27602213 1178515976
957836205 1405006595
1058564394 1399139725
563871862 1265710653
138960109 1366563089
347475419 417168893
1041619856 1193340996
1085520225 1196175333
702599864 711545469
486194458 828243512
1408047621 1409999099
235960409 960911853
171108295 261876989
8177879 108606095
556982279 972277579
474410666 983399790
640420284 1219816308
1066752583 1233009657
523071929 585392124
128459903 1064154721
561187071 1300039681
716480926 1283499206
263213787 682381928
1060069743 1294949115
57536460 456492783
1224787415 1257546864
308506330 810030682
474072477 1018618104
8685879 250652278
456461007 762216022
968804695 1228439604
268813767 509011428
789842344 1063450624
1056472341 1083370604
334473296 1053047489
529127610 857553802
681572231 1246941923
508806819 564968852
489979581 530157824
69293104 805086439
486255882 893106596
362578791 568489433
234975292 425841939
971024080 1320967929
21489025 564723341
1181695051 1331711420
845925443 1297112892
333459710 1214948222
658471551 942971213
886770489 901650198
491595980 658433109
663302577 995438320
80637632 969611618
729337393 1196041840
1153349241 1401715418
184506480 932884522
523209352 820910728
1110029167 1303822169
1338210774 1352648697
540564779 641811259
155206440 696818925
139286602 545116595
1394417388 1408963982
443490968 622266733
877313191 1106895336
385585214 738688275
1210316397 1358110120
130260829 1342050702
87890617 476927577
845937997 1383051546
1115926852 1146552064
1236795894 1247974481
198073265 322554660
1045478040 1372953081
509641005 1376049190
534749020 1368700493
643613170 1012740035
1219909117 1246025672
163667626 1183383711
1094678470 1226023668
511787548 1087939108
520208644 739598007
445399682 715201053
773006585 977419140
147273188 995541620
56800610 649653001
715794070 784957092
1343594778 1409591572
468879743 934411283
1396188408 1408126665
1353491387 1371927962
448097504 640200645
1133573847 1193127024
6069498 39840498
713164783 1247346548
1195674536 1204939283
1142857764 1277067043
627313585 883820543
1164415485 1365249833
271160275 828585067
117490826 514267610
530659319 747217041
240065934 706681577
1110208847 1310545906
539435963 638608725
1045316990 1099565921
197085203 417821386
1390826566 1397051967
1024725772 1126724126
23052387 614347258
877115677 1256146349
1052439909 1166642843
974268446 1217260290
1023712920 1235986293
422631958 517084570
773058836 1006823990
1370256196 1382561409
196009302 545029152
458998607 796221926
1067408049 1369604883
1147929921 1339214490
1171524707 1321536612
1040158200 1335522608
603773065 984496429
549185016 846519437
626783508 1293484210
417656943 485149240
1181575474 1295995788
556308272 683773109
462402101 1094713313
818064358 919185369
57502355 810122627
607295622 1272073844
15320636 513564460
284344414 704484812
736131730 866231318
81855284 616317022
1169774745 1327616243
77657476 487919018
694510926 760885391
384783925 1018299787
1035649753 1297219090
477826257 1028394144
554958948 616287185
149376267 1233600586
687784459 1354461077
288338697 590834228
691886752 784420597
902678805 1072790243
567541899 944187543
40287489 308234339
637129486 958064230
676664129 1213981999
796534836 970013421
432488763 526943378
1050748480 1250346120
164714897 607080850
337214613 529580782
1049371063 1215809918
1039698043 1079522985
303921576 505154702
219686045 853953804
1340664631 1351871707
506459860 1045576056
569660293 966526760
1066245875 1182188577
39012509 725652159
719117709 735629658
671715553 918322263
190071775 662166079
722373424 777320945
1075582299 1130506771
127515655 1230068342
30929774 69794234
372062731 997334799
476430645 1273875027
38399501 464411757
1081832021 1382744763
237047015 1323131869
855139803 1065021798
52899512 173663410
168348577 918061584
255717393 419764276
402524255 1257026893
257553807 265963426
1162617154 1223744940
775583011 1100830121
1304062004 1382320499
1362935231 1392752513
47644933 778742984
36491772 901842774
102789521 748109603
839670778 931925305
1341213560 1392068799
169652457 1010412088
790497352 1240795338
331891549 1275407665
629533168 994448772
42302231 645007873
553792322 976077116
885734410 1318057739
115270777 916487538
810484639 1226418922
1000228941 1004922376
485034001 1072250894
752522391 1024980759
669410276 1040109908
206573551 1320589281
905946302 1311380646
459417874 787506283
80922376 734271150
1288740961 1329063229
140847214 534159848
1394027279 1405114656
1200272543 1362124096
851240687 1300140721
575939221 1278065574
1022912632 1142497031
1198013460 1231001880
1386729055 1406758527
172618105 804436194
680059706 1379108884
23727142 625766272
327398666 332880755
1011783392 1363175529
580838623 1235526091
207625120 693972225
920562920 1021045699
111419054 812244154
614818238 1245046164
297306676 1287898869
864721839 889664175
388141105 1305796412
619383428 956024167
1399214583 1408971595
351765677 738296253
110877854 466172726
1313298168 1372366894
645016583 1003384627
767883795 784739310
579285738 1124193310
461754434 956516169
474200136 544896611
708265713 1084415861
330596132 353457869
1201470697 1393434244
12479056 66729539
1152987872 1327470114
1396801759 1399152799
1014617237 1053804795
217071331 471878357
723659852 791949002
442485319 626137549
722451732 805645448
1321577360 1345757063
1169183166 1359420652
199076642 1205724998
959337002 996832379
78112615 598249062
322110119 1138520831
418408606 874939041
144492903 305912297
192323011 824187023
474128266 1292957081
255260889 1266534710
250309329 1400242760
185141685 541386461
494856566 935374028
32805478 291872849
385765153 460172187
631716462 688769324
457129036 809176726
1356242502 1388289270
1307622408 1386746425
14314194 693264591
363954981 881656393
146646059 168747101
460577438 653485191
960837641 1215625156
483055081 636022563
325425877 1274419432
443482093 476683573
367418531 1182310270
307832533 703411938
721252362 727058975
160577344 325355601
420915144 751447279
180911766 1398294666
303454547 745384366
868714935 1158308921
1210279283 1221633475
90664250 317455198
920724631 941557380
166638132 686500084
697704114 839644396
205080062 331612741
1226612031 1318928683
1145268389 1407495978
975058539 1328811674
402339794 621416423
1062236254 1393842050
731134794 1147444261
981224742 1054510522
509787176 1092927209
482347062 1207374207
1213454445 1320626087
657942491 1188275678
1077415229 1234601387
1077858548 1314700192
313310907 632038152
617006005 817366144
157631770 335103984
330558075 1216540073
482181670 605025312
529497696 1146735257
501306854 699767963
892617907 965483474
682306297 1257422204
542151755 1100950941
395649086 1111611094
939685272 1132672076
658174120 1176553202
1197463527 1209561232
114287575 774969331
641819147 1374478562
731025765 1315694821
1241592530 1309635930
218162798 740423678
678172704 1105097366
1259432824 1358778294
776473486 946787734
824847581 918474810
197257070 223427952
421830939 503142029
836211729 1232617876
1327945182 1342966781
778287502 1189075669
5056285 46544767
683861853 819326627
303856084 712942619
16318175 459584078
1072392871 1096970691
394796537 776803731
565035675 1045051351
105482551 897379019
1133789687 1372861809
715897566 750145904
1295577654 1305848050
152135697 275442995
522568639 637093305
783670346 815929053
74258150 141572677
244313954 1221541956
525907106 1399254804
26966412 180212535
414201585 805603352
1248547885 1291088504
1085532661 1299369005
924018839 1045612045
1055338040 1266318637
57674616 561667278
897191095 1145012191
293624872 375783447
359344994 1369270138
1015434802 1280532294
390763366 705902719
75419806 383055804
1000559120 1400320906
68953677 1231352578
233205029 546462809
112170976 918738047
635133862 1034080450
524549867 826876447
265660517 1280343454
66881028 1022628949
1378705259 1399875232
642419594 869360354
1033054963 1338679599
309540443 723110539
278755092 1156163976
1119232897 1299078064
1193286949 1328137925
1054552678 1187219359
822386699 1276754915
90777905 263343156
1171733901 1379479373
230375826 526139467
1034907130 1119124886
116124092 806947931
939150943 1251444647
183765715 482276491
27066990 236110366
368823357 788930652
1239841152 1365280256
692571801 1078023870
15603096 516106726
1226618047 1358066433
72205288 344292107
860726671 1191168087
368618372 1180022733
419629406 1044408708
722210999 1190525525
786383413 1018864067
653168974 764265978
617542013 1374420677
933864529 1173290982
1329510720 1364667237
316587299 1347993078
815143120 1309987452
1148744504 1358209311
1303131730 1405599171
36914199 353431733
171538878 248259708
933684359 1368867922
636804211 1377067308
288884787 1023227709
668689487 1009851081
322272087 1257163893
1084449627 1264381113
94144809 961603824
