8
808
900604368 1243144422
1251491407 1263346918
436104254 1156273609
701014190 988262653
464484088 1098770036
423017459 842499683
1198609604 1231819689
584068040 777026483
156553071 1296536728
766914405 1375431537
1392847482 1394676220
405511270 499315557
457605806 675317714
227761836 632591082
853328243 1163171701
556051371 639246791
54713766 323513236
1339203996 1342760395
675117389 1150804873
200505308 1116939971
147404117 1011836769
855268948 1092637387
339439285 513963824
263604933 471825876
1133759370 1168849050
1222751485 1359904451
301719705 1342787280
570840817 878650093
527428554 898086492
173511855 248149882
1407933433 1409227504
860356078 1059582786
446290646 790300791
627979742 1402084223
18310797 362031125
519132260 1135436925
824800292 1174344274
993739188 1000464496
577305806 926809080
388305863 472603934
971204994 1211160160
1314616403 1347035968
1160072430 1161668567
1029703673 1214001464
550302091 761926809
266754744 530524713
60391653 375880939
613408255 695548356
622866087 1290120987
556095449 945242676
1036972688 1250997931
338669488 1180942542
636623071 950161836
1343134524 1403301436
1326322082 1387847029
391845651 1075513042
1196227998 1228048356
356902414 579246861
458786756 1237856006
1308976830 1409822324
34369835 1314319656
1261006451 1368907748
248749113 620056048
424202089 641772222
1150823043 1221718656
603982772 1197923899
981129438 1252709082
1070041492 1293999991
381951710 553644668
428310636 943095316
334330709 883616307
458128615 1037078311
1273834224 1405178765
10560210 487056999
250891711 705857944
287202747 1190423563
1119511762 1123760164
1391156710 1391901948
492369735 1271066166
1109705699 1215820481
880903691 896842286
718357755 952441487
187983214 1066461884
322511018 890410561
369473064 612598845
279213537 1155517603
41189324 852780030
1292799129 1382493437
157214440 981097862
211823823 961092801
1051395267 1407293630
241799301 883870838
1048503266 1321120443
717667257 1401189609
570785367 970905402
436917234 689975355
114961449 376462724
1114654111 1137998175
283818774 629509000
572316097 1331554862
1028159825 1236107910
167501084 1272752417
1268725733 1298388219
641099463 1128370302
1051611119 1402909772
497757248 741501612
36668413 202750680
57571514 1012902805
1281889873 1388860310
490781304 606004498
557091177 1044656720
378111630 468436160
47312675 218167930
128680966 626718830
676139279 1373760486
1259367992 1381969091
595690057 1173058813
1334204743 1367288008
476152242 535529288
973616752 1375835964
51704568 139389496
695314161 818195724
299599557 691191994
893838812 943154169
734147326 1371331601
460269277 1387661613
405172204 683032844
71529422 274516337
80439231 185272033
368605190 1406131812
468816728 1273987351
664072564 965925697
412617268 472750879
363263742 1277979458
977930660 1329259070
435502377 745888940
132135958 672621589
567685835 654538526
10185382 809296404
935821377 974112928
124243211 410528567
240904467 783402356
327051109 1111999121
844835462 1319566973
1232098123 1405602650
488420089 1101575661
130262587 1324074524
127826226 702278965
674196546 1016251105
205022991 956225871
1345221323 1358994631
502355508 1266608564
559275546 891416367
954440531 1160246749
22976584 1117095862
12758772 1311541875
965989419 1048025335
23818494 590318929
639231288 1342850276
705303799 1302670448
593937593 860368131
1320338098 1388203750
1079982270 1100279421
464594179 609043702
581214083 1223221061
26367044 438900363
146576904 518979715
321491120 952309954
566484254 1064182773
236668467 432537778
427732841 1093910458
4723867 1084656442
1190316030 1224446533
1203735938 1226892013
168936276 1000966926
266401896 1242451340
1122080945 1239851831
1229407123 1409931623
197880344 757344155
346963101 488383514
851579836 1028332226
411899948 841191453
210967618 339751146
851144895 935194434
1063882786 1098283511
1244393151 1399617458
424185302 1003191699
147788635 488908457
141598312 1028781655
760229573 829964001
43678692 492411396
1226208217 1345255363
745323695 957153646
320693640 667876289
292784680 483905831
901317966 934953675
670797123 1221794234
1330208470 1340675362
586552220 1337083637
785062822 994137597
692112800 908647189
1318661248 1354515259
1127839068 1166146520
178798532 353829001
133495011 312675055
322147193 1182909263
540548114 550069406
530235809 1238847020
940497171 1135652597
483458066 1064696383
698198247 1186666695
127203939 673244662
314396620 917312180
856112550 1175448914
1268468657 1397029753
382687990 385165825
639731488 1187507579
276656308 287770791
530691269 833184680
450681523 1184553981
559055059 721113481
89088288 992890205
24029621 688629799
969856021 1141893689
994947638 1186844168
231027021 787135044
388180201 1256851328
301918338 1229841783
110612548 397667800
422852882 489867207
124003522 840576575
668961460 1373497849
47790036 533634418
693577425 1217843232
654733254 745971233
40115769 350282024
142635748 1368424183
308298580 1052459302
176454664 311677061
947250482 986684966
133206148 561093570
1035345907 1285380733
366018760 660926469
346177567 539808597
28466604 116836191
341682532 1036381895
323895792 771399405
66384508 296071520
343392807 884623154
1362998295 1401366848
1119568376 1163632055
524915073 1167471624
138563932 956960204
1046793733 1223851939
1331219293 1360329441
585088318 848072440
825110412 1365071672
299291750 479356644
161240987 401807825
205913812 329649326
1282286815 1325680449
410270348 908534489
412978799 1186102414
288781734 901483358
1026717781 1265058094
748360204 1118326682
111118549 177323900
975974324 1151122705
343620973 987010801
82538191 525099838
50649052 813526931
610866288 919897083
818275360 1334422675
653815984 1089143979
826554482 1104358399
302355413 481684662
927123326 936349425
216039130 814142831
258483652 480883302
174494323 334646317
431037447 604627501
569607173 973354940
171515042 374525463
1189756385 1242017250
527965074 669904803
504444209 1280502929
733827886 836329887
286763928 664580925
751936866 1390819767
1202339730 1402373921
263009483 971835546
118505286 717698207
1299753396 1305425467
1075070159 1389035148
275099375 875684247
664357933 1036922878
670204127 1236076024
380742570 1187644571
1095043178 1185779190
85194723 756819553
333952734 1190130349
416423384 1265810235
1179569467 1307834753
1110890431 1235595302
480136412 989009716
916218499 1055571482
403681792 784523716
204958898 649012215
65736468 78588236
283115483 774411169
206281388 1024009672
616849482 944228339
308953622 482090698
1219313795 1311945118
434356475 1310248445
64125000 880461580
331175768 1259968860
498572516 887491795
1361760222 1384404331
88886488 863075322
1177633177 1374494172
218270391 690986465
271675847 663577614
1028032609 1298840693
385644140 757850119
385829921 476540676
515421343 603225311
383469210 409460091
27662093 539707672
42909299 1164591222
411526865 1364157063
127432501 908787395
736582479 1408093658
665206583 1242512586
96209306 1300879201
554364763 825353800
362140216 1375720118
39930150 686721637
1128056227 1145176557
1224258510 1377302939
1163985054 1303778134
862893385 1272043523
416068503 455183392
189242472 752877037
692236007 1307360890
1359299400 1399695511
268215057 1043286476
520468555 1061250725
506931118 1372145387
56041131 812000042
662948685 679535915
868760812 1329935006
137077252 664516740
598334866 1090104112
452171100 1014376691
380869886 402233344
63101560 680959551
1300042809 1337119822
731164853 732860869
401570468 786029522
733431579 771564051
268823357 1022593538
305854336 925406287
104345486 478834094
304463700 797528484
589157733 675037321
1234589933 1242726025
117041165 286263424
182692104 696394900
408132749 786649365
425541745 832148785
1029017839 1081744006
1236362623 1398409306
291355619 456116762
385573292 485929178
207361792 557295642
463406350 918214337
420628604 1217890420
197687671 1215479866
398913874 551010425
417766762 827076833
1179950100 1301423925
405450041 1287260297
531452592 594822637
51988262 223678396
685167747 1324385990
258903697 953639116
69067004 582560080
722243540 982514656
844015879 1156344052
311607798 798278103
531771424 1321625441
42832550 783523442
565502377 671158907
312263645 1185294768
891005202 939474578
224385719 426667486
328934204 766662638
5451891 412365849
41708531 1384541850
510199343 1338576374
184525234 885788845
463748884 1353993591
538049347 616597327
908311291 1287130663
734860541 1191338396
609061640 959924050
38593726 426233133
47649252 1043104227
1298378605 1327203974
678013972 812616486
1219226470 1318721167
385798649 1042175168
712670071 990901444
274834955 1001945462
762007733 788322997
1057343219 1101945729
1141819717 1146422419
461971306 576772840
1405081096 1407009816
1107589569 1149438713
483462003 1118878315
1041671044 1371626061
943217099 1265789312
355626864 456149591
406767 626920458
705629687 712578829
657367773 785940391
421604155 716406566
476594368 748652929
406361449 656573859
407684930 679108020
562046304 699962024
1269080904 1310528207
194683032 327464271
614824481 1102539723
985426179 1336713937
292540223 875624798
65587576 767918721
197874587 948021951
612602940 901279678
147428195 1083584362
162275028 1032762088
399436778 508495327
1138540069 1310834171
8932530 1271691849
455908751 1282993187
368626172 1328114874
340639632 1092530340
1089998775 1239767289
368635816 495314819
786389080 1041887340
695745422 1021055718
278837786 1141257378
712297358 1384981602
1141569026 1230513753
1066226193 1303082890
336337037 1203284025
675261264 1388866052
203227077 581588150
207912797 398517401
314914776 866679800
55191511 840281687
1181131003 1229930884
47304675 484446423
428379778 690018584
639793444 1158421378
590535120 1385822077
1243812080 1354093234
1196419948 1368831886
1278708034 1401218420
519912330 588762307
57326381 229157640
172550219 714022278
451442804 952722528
1060235864 1360690591
346151120 734053178
253685225 831206315
802486704 1223496018
1401830074 1408476017
828475921 1277607753
500554389 1320490045
34837385 627678786
826514285 1380010060
394557264 802430220
393221649 894055444
506392092 799954778
706408325 783939615
542578894 898693903
744039702 769040828
1014098833 1324865646
166169374 190756181
959574289 1285525028
137719062 550918496
47722824 884801952
1010986934 1187623515
501533513 933285214
471450581 715409994
563073212 814529666
1340597308 1360220544
1213839426 1261317111
722667804 1098723314
416295904 1071334441
1027132230 1208970718
957893842 1247120880
661495688 1138123096
342553920 1324225830
812852490 1060073201
165973425 984599332
365093962 1213831307
265239879 1109632439
1337296153 1378028540
6342974 648430629
112946229 162278637
348600967 1020338240
1263134420 1280936699
256006307 780938546
104987553 477428409
117479369 594695780
741545527 977131694
936081990 1142924657
1127285992 1333673311
212235091 783340944
275825010 1163484544
1408897159 1409025790
561950832 1131217456
600090503 732465785
431170141 1216505643
478243902 1249308089
412301231 1273413646
362975746 1088198970
66527679 201994172
51426148 439928963
238997370 582484609
898017983 1054047944
31056139 526974746
916069634 1033102222
1381282984 1387498274
700360141 725486127
382588402 1153940808
679339035 927939682
917825730 1151817605
1281534665 1395575676
352459253 1243983766
731262028 1383334382
910325585 987526125
13150745 523200994
189607651 1088591307
87452526 749649764
299636493 678460172
639418504 902534073
273223646 615000496
804320314 952224756
1356701938 1404680042
190496473 374028619
959684939 1293640639
1242871525 1364941625
35668485 1164328893
110969706 819786570
887006444 1053377660
1066821941 1250767491
55070529 797902964
616316148 1000386793
1267040735 1294512316
844583017 855060847
321990160 422332126
644764161 711521714
345100122 898684922
712662039 1332672893
507165225 871223983
727040444 816645055
1318240090 1345882944
819645880 969928626
1131600079 1316965204
1078259480 1148128068
736419223 1233216151
787279267 1017224349
1088671681 1108798158
1225375859 1377914095
1265878395 1311640924
1005787808 1252753092
136146254 730997488
918255193 984237778
1171022048 1223237130
1044173387 1334899155
602046834 1081337127
498236627 549918548
577929196 710278102
1161146634 1293957874
503021271 1333475726
647103370 1180458411
538001714 647456309
1198641463 1391890335
1241444666 1280892323
543876522 1369426415
726441994 1260547403
6898125 359035523
304135542 762697421
725112639 856856567
463360433 873012915
129069481 350323947
474520119 978887812
1375457919 1408915361
316182701 1323510834
849562959 967434773
910243630 1296689385
645386293 1155618567
995870851 1130509007
29008286 598444471
1136545595 1144894689
735665993 1132695827
1336504010 1359855444
650184434 811062099
718215379 953593526
548538396 887545060
380499212 480930603
1224741052 1366232056
332292784 892221354
225524003 974270325
351392270 1149177656
54377039 217002420
218129809 315968890
979843842 1307597916
880744335 1035176041
78120608 806242357
134997640 218285996
269837084 892501707
536777816 829912572
55371060 352923228
548044832 597564553
1018900549 1246288632
43765080 990805556
655251286 779016396
1163823978 1341328801
673097234 1001899075
196635435 1127353397
1349593466 1384228360
332475559 442477520
730379270 1381935545
595480622 1345112361
737186113 801675504
1122334227 1370064481
1383224964 1387705461
36046342 763514434
33228197 1091019661
1343668802 1350921657
197728314 284536460
919834699 1281221123
123542321 400574142
310193610 979596104
903320463 940156263
559031468 992337510
624143170 962464711
978341702 1317599502
410459190 829217810
565057466 967230201
649899477 704966169
480136980 789996093
216518112 962981104
53582926 299900923
524926505 1315631237
37833497 1179973216
458671572 933669300
391730708 583625439
393584505 1202651752
10716562 675632760
913112508 1265595478
1000064689 1025598164
693146480 988974781
856684740 1313173665
334626587 922138227
1298500536 1311458752
265581834 1061861264
546462719 820966059
30526225 1346948437
1101039152 1122168688
321612609 358324334
165898554 626610978
1006024569 1281725019
404572018 871073808
181256045 887570604
438213993 947910501
1350817426 1380623702
442751415 463067321
522987633 844636595
462871599 1237598222
655408011 982134847
1144775033 1209831772
262975505 573476552
127601294 426830037
96489190 850833853
323352476 770714020
608487652 1085626639
171111103 820497989
289200736 1032173267
214433519 305547503
1114257388 1395030336
1166843489 1338556131
915077334 1084833503
1241244280 1284533493
265312699 611033146
1184031388 1390160619
1342076768 1365911323
154145983 502239591
88552355 871498383
301396173 882207819
703046038 1009290250
47990487 1233138276
62293591 364594103
286555402 1285456229
601253810 693414088
441122036 636606072
1347607572 1380880153
124304003 1069003745
459051535 910371029
144315612 589024830
231167260 543029160
1152556138 1167479362
90607148 770934742
438676839 875858385
190884386 1300423595
594814234 717236760
494739002 1327709293
788920540 993470679
163338499 884509528
784478089 1309086854
985083093 1148046856
421049078 602719246
664011984 852343872
393644612 1308493094
735922049 825824293
536839635 1327851148
202684168 857582169
1175173513 1193219700
157331183 539352943
1143903244 1184362812
393355431 418280971
499979568 512281108
268003639 982063775
911240399 1314915885
19236423 1060491439
746631551 1124572596
774610577 815035412
232116644 770888966
346578799 535045761
17394974 35133396
1146992151 1261960445
928831556 1019628926
363987453 834803895
487845054 620663147
964195531 1369499277
804003248 1132020731
841410336 1202501829
841894948 1298436566
913027525 943568611
688778836 1084595722
589942862 1212936863
123094728 832489612
399626066 405519948
192240122 1134136359
61112126 452752929
1048468749 1273367433
1206524266 1277279031
320634095 1147378356
900466897 1147192240
1189460460 1290950909
332165825 515815648
1181004382 1248739726
614486881 697182034
441408376 713508734
1073569366 1186747061
297516796 320038103
237308399 326387045
355935132 827862073
36986968 284521563
853322108 1299635955
444919329 508768840
1298816275 1358823169
587325865 1101415313
26535251 965008902
298966026 1201701892
726314839 962739085
1365644892 1401824467
559131349 1043006294
189323068 1084590410
283264787 931845995
502807569 550730184
682989231 837046141
813883764 1305257116
646732636 1363765584
1378464236 1379696137
784835917 1385408812
381646874 1131687567
57437890 1053814387
487573650 596363533
588735892 905340125
827035185 1172617941
565749230 1057472590
161885556 724597193
554450215 817324040
111474065 465770160
917829714 1212038082
727337294 782448590
738528011 858072100
833250942 960593706
554568276 795281499
1094235804 1198817560
1228341338 1351678280
239
40839918 1107440048
107035201 677978029
230468726 1196653016
324079996 1295251625
590411065 956947507
177283685 954210619
584202463 1319942468
636850583 1121898289
612238217 1029196691
1063015306 1085735208
57942136 258881090
296427661 910936923
240857353 296832907
870367783 1015244767
630999875 922484676
1091250841 1361069399
633807932 1369017551
921610005 1250744082
643681305 1183546363
1012218745 1215078794
576621713 810938349
1251766567 1360288857
1153038758 1290839096
932077207 1292073082
473335931 561820926
323249709 1327268710
7580510 519805328
595868633 1195977178
691747418 1178119783
264430264 736479680
3591775 246464792
202435901 832970181
425001980 1352110046
111673256 615171531
170822694 521430708
1110430003 1295359041
1391031902 1400497827
179820632 227184300
154010195 413596270
725887322 1408701268
840035596 892663765
852274162 1250838149
288007424 1040129643
268310812 486350395
264170039 871067332
138393658 591050367
846323321 962514091
722437966 831494941
582117982 1203550925
869127130 1301416428
727528736 1127996028
753291713 917937045
1128686644 1222802279
195548684 871576767
266364417 1099883994
353503613 1360617835
1178759961 1382932331
826644758 1053224902
165146717 190817874
136928765 980604139
696670272 1085720657
650491137 849747744
28707842 157890178
531875258 1096526243
84380771 649020566
1156598663 1315777332
660789864 1017214263
174509526 354601379
1390005674 1408214166
421348877 571717659
1100995543 1130218148
174084779 677430351
310849313 827043116
1371289143 1394346446
676802568 772434457
473681556 1169713016
20408521 563210039
179939683 882806023
153761552 510389192
648881205 842712098
801330493 805029206
35127059 189180847
905879932 975523530
975701294 1044525365
283514746 1349822229
540326441 753790920
857349117 964528342
45953488 598914653
454117669 1281986239
845198434 1391107913
263619829 938189269
566615642 735878665
357527417 408915087
121080696 1048784235
616555484 1052832574
727833064 1351114360
1363831476 1382974105
40140534 278715744
431823923 1042439459
110264056 133780141
442669469 1074385461
679663999 1271331602
599228316 1049256049
899674424 1080522016
657492099 1402775066
729722909 1181014769
483448880 730012565
602419218 830497863
605582562 890053483
854136310 1386582888
312362559 457974064
119789846 752874382
199062649 1191217168
465944140 715795538
676696571 1229357879
480379205 646057768
433927271 1150436924
732456648 747537360
334510042 572215291
1240865739 1252926696
278934231 1328973548
1049797502 1254324101
511486875 1241528962
287660216 755898524
35477287 658864292
603699702 1162469594
255389743 651631955
728229333 1020278600
1020186248 1301098447
1027334241 1223956687
692512794 712518821
971171707 1287490709
199774381 1367561159
433043890 729000576
25806817 661905358
1070900020 1293196264
256791004 1124578101
29886254 419704262
1082952108 1172739746
383778163 1334687279
180746641 1094892257
1305556933 1366381087
459283266 996420480
400561073 493479861
130549390 319672740
719001924 942918235
1283327209 1297230262
279114685 1208055026
194569947 913375298
532902690 946589123
624404943 1342155618
607716626 900227485
149953599 600552444
266321537 1146466122
356086830 1105167478
983258240 1132499019
120316726 215018361
459693750 612902064
480651559 974544542
724792931 1317702829
329954359 571373742
18828623 898351005
663351825 917944282
171995993 403237341
873517328 1203418681
2948226 229212922
178256575 497391619
224895780 542125143
125235595 809908326
546416252 989408309
1057878521 1193262995
748291358 1330586827
95029389 481504948
314555365 1095573393
165853986 1335852063
717240701 1025280792
807284892 1405531464
698008503 1302607490
105413069 695041071
978632252 1057219579
1171369034 1308235150
646606364 1080249139
762042821 1262870139
422505077 841909097
1199524090 1321913139
206458855 782184859
432251834 750311730
707034751 1039171666
1232128023 1405283935
1235023888 1349634262
599449744 709885101
1140139796 1265023918
365137048 1242747675
425278494 800532936
482101028 724904707
579078492 1363678607
302029940 805645576
1138198614 1251695697
433569255 733202662
159921554 742605143
202890080 889919130
1062394973 1388212716
87188390 887694747
1277626806 1279939024
477368822 991453703
658680933 1097882581
321460325 723861667
641080691 1157065837
809229863 1173676402
539158294 896457391
180264237 478913659
1238764579 1286401897
210388876 413699855
476798992 754869520
347123488 511201997
756048303 1346880979
1350978555 1394188212
588159576 1207158454
183887933 742759899
720829093 895414037
119749261 1394958705
424299074 696151520
164349345 754178327
279276486 789609546
770047175 789088762
177278401 1203363149
263676226 610690440
428383462 1018564044
45585343 280929995
63403494 1090454565
162290268 690564077
1005295322 1015753879
701851741 1178861582
138854456 299996397
561304073 661553094
935493608 1135141355
175341594 881138114
199665175 289186750
797010651 954369967
111
255161066 1154835388
9197101 1210033782
489222503 781765401
363271994 395769329
1382360740 1394417458
607004475 833241850
478417361 1214265927
537532753 1288397945
804710188 1385431450
772924880 1319219148
828814656 987392413
400960400 867108071
804355090 1202343808
1388108945 1403939531
216664627 810090777
108543780 230507703
1085011041 1401134949
767982520 1018703605
1111057758 1275874386
965538139 1222092380
485556551 1047544155
491938479 579617958
581591785 1085873953
1223086351 1399933425
680738628 1109733440
546282203 1174575883
574744511 870915212
1387236104 1397168953
289874995 347408223
350776800 1106554379
27324077 307102216
823051271 834472370
408588589 658750801
908486762 1007103878
707369399 1049743890
199780823 852428368
577895496 1288682571
825009460 1322547495
823512289 1404904502
116946828 816003788
199294603 780009659
89148118 631513861
1217703023 1395436427
220231642 282438417
798600117 1106346552
492291505 526588670
1011455284 1377432945
1286761259 1342755348
519610788 1007044201
88263141 608879288
304848513 452619687
1078716882 1241558147
633148015 727121583
64517162 288703353
9100762 817726533
26754437 312507365
533299364 717238840
534630152 843411723
545933690 1150398053
884942858 1203013757
311787015 472881433
983183549 1228489044
136045378 219001348
946767793 1245092521
343873016 868654387
1131033808 1145441405
570330776 1179797416
328202511 740233032
146241860 973002216
205186833 495981715
669189233 765687920
564571149 1387114079
1274397177 1279500874
806442140 1039807449
344803692 766310113
385662292 397815617
133880477 729214745
1067013664 1305510326
445293257 1105455441
272001922 1080822299
1002441941 1335860093
715507043 873246280
227468187 647528466
1075993297 1318733998
101210209 124935560
250086097 263543094
586386553 948740070
238034984 1003967785
995362777 1156821088
1005126323 1008356085
1409602730 1409988546
823932801 1062020156
413187529 686593171
1193469984 1361858921
1088465001 1308451705
581209191 601242766
607370482 792173967
697332451 1375692428
371609814 772760671
257500620 476161612
658613190 848534557
283611137 730036425
1134293682 1323752771
968030581 1243285718
128157578 1400065840
373232481 1291636273
417264109 682039288
113493473 653984093
589046934 936250580
965148657 1026703183
1116356778 1285599951
145
65276502 834953809
441967790 596286180
564727953 1326831206
349861627 1221052658
1325975538 1335955582
98473171 817718521
616500926 1082345715
90999877 334632031
430835296 829867289
730915787 1244879639
947324142 1139860052
328965130 411217830
376990343 781065375
333969281 1206431614
1195217780 1324560894
535305093 1318250278
417123797 1257181738
405746738 1060444045
11770119 328493449
253920143 867662519
269758005 1235876082
87884987 497041270
170635149 666882059
128750542 1031939041
922502939 963043400
200904902 334737292
512934418 791474875
1285757981 1311391853
667302376 803568283
965285155 998155447
284299607 379877782
105410134 657422524
464414722 891639269
925014007 950966757
163044352 741212866
815398915 1143361013
610131047 1056106449
170240138 535035223
468742948 1151773646
239359413 1135161069
421617288 1228287221
1051464691 1309120386
569233375 1161932069
493635322 1329722291
304631740 427613152
581354978 836005764
448127526 832858234
701574199 1288099903
276407450 761594819
436409912 820995860
133348592 1403461810
1185271005 1298630141
298152720 858850491
472294965 1105060600
42026886 1400347544
72473283 522433588
778668509 840436534
897378691 935869202
1018946431 1084104339
254417035 303977612
253929998 386479654
1198360906 1332300984
1140635325 1148186981
443861867 574571517
314543713 768127649
156940566 641873312
646135927 729087410
1378938326 1380737107
1273938112 1362205787
345586506 1167792101
1220464672 1262384925
935112341 1345820341
488344921 746349378
1072925792 1256482145
307080369 1174684665
1018193316 1388745295
296949464 1203638914
627084846 770914811
792645294 905005851
122790322 539197638
994865875 1008907921
193852923 791430836
348444407 992057465
544605972 734606393
73849226 1363875561
1280810509 1389630373
1014571032 1169325080
1377718950 1382587403
834602852 1315130561
1229755658 1242077265
42167253 318721270
367379664 1177427932
924578523 1085233466
626561865 1345075870
863442439 1225258239
568304317 1387027075
626874580 1263365303
172909555 807396549
772783635 1257744991
752181615 1077225872
211046758 782760873
704422291 1004753015
605433752 1072424704
882662465 1190806668
782582467 867945401
993832817 1290926148
972084987 1079871591
42176001 596099254
416934817 588509113
415829717 1384254542
658929183 1373871631
391027121 693339528
434603606 602831395
651263244 667369665
91298124 668125910
1406072232 1408581402
503550371 1306915829
641919204 643751003
635651100 1193813330
289953161 404007611
109944775 1085200062
57927642 1083412246
324925941 1017419234
292512088 1137017789
728333405 1031738419
689998124 1387905811
212183405 627184274
724115883 863864274
454754577 1078251810
1124364980 1256184638
114572679 576027194
1157103275 1162132030
429542742 479203453
460955929 521309776
265984962 620891354
1235596652 1297365948
447076474 578351162
529853110 706882832
622679391 924785508
984786138 1176360635
263840224 666648967
588915308 931073231
450957897 1115530812
498905394 797958505
388898352 1357733745
493
588584640 901618264
726315201 1095490829
121043285 911399451
328732227 633484469
45606708 405848776
1238867591 1280003274
134136466 809780830
622872350 1135058366
156986116 360944561
60957893 282897917
583483461 789769741
1054124377 1069837411
15127468 690882589
565324883 692854033
182175166 916751470
584688104 732312382
789416554 1334566169
654214114 833898466
1178414694 1342115192
362076859 820909564
884863424 920914913
131230469 772868071
1384720841 1390462712
794432118 1350858648
399322538 1333876373
430055107 1407599688
706677798 1404112708
927005312 1347829113
727896271 1048156645
593982350 837624544
593463850 1242753687
243443327 292076730
645088185 1215298674
628943065 944157917
683267368 1394704579
1336841489 1356741896
1041914305 1382902587
1165113275 1382099194
110945285 542674609
845119076 893618991
421958227 1373919939
398155370 780622946
1121653696 1285892201
1132971503 1354722482
413155258 1165038269
287529824 806369991
203063603 854338909
842710393 1294783439
763573134 1405524307
294354836 1050091997
314927206 329190201
639525942 800903146
745512815 952553084
1266055171 1385469530
348833990 676756468
687461771 827896621
666598322 1173682757
1077392240 1086646855
631361524 806963289
264378350 1396390935
15393836 1020550763
1184670247 1255320573
815132653 1202232244
983507135 1111739300
165588528 794364134
313753134 358414868
352241 689499049
305625908 505627912
715057538 929170934
25220879 1013751926
216059458 1004131828
614765752 1216743475
720572614 1221322601
745402701 914840035
394464179 703864557
879499814 1286329433
1206922406 1399320358
644358683 732458990
351101074 1040459562
1241467401 1333643931
413997012 1120806758
554011867 797641261
1179247992 1223936877
649169043 818271992
600809592 1015313747
1372480678 1397658166
473977090 868691288
963019511 1027727315
1007964889 1303212998
265808054 943332957
295439974 1248922870
605236358 826893220
327652151 902130586
341357441 793960952
159844260 222888192
644847744 678234480
998905888 1360144845
463201514 574273051
1017187447 1194617786
60497050 694989607
1069479134 1115232738
645659868 1199227658
200929923 316703038
48019634 614694582
316675728 1124187333
1089716238 1104912133
718731605 959901817
652958991 923884486
811801911 836656875
1113989603 1207095136
666278927 1187760973
1363026252 1388413493
77883575 707193655
1366049458 1401220355
583993625 705954127
681027255 1264524277
953208976 996569632
1041772225 1191031861
531933936 980501648
14967222 543926833
41595883 692147278
1212288732 1235313455
316281861 1334528939
613477035 998937078
730318364 752151721
551809099 1095849699
100891223 510677470
1011085104 1296308370
149551797 639770687
292486795 1181625304
464304667 830067100
306692554 1173159034
991671044 1147214883
40109600 435254254
584169902 1322791048
578214493 857145271
653960522 1391958351
107363399 559615001
989990824 1105394445
1051102981 1068230507
354073901 1121978297
329026670 838664765
702424762 763833241
984356122 1407625026
400483139 419903534
242909380 1022623475
1096411578 1318281372
519277438 1300540977
174651536 1384933167
281826349 545125465
197465371 908943925
322930580 563196902
423577974 500997000
120496261 605345039
240073087 1097968624
264325985 636396252
523711068 783039209
1277576430 1347322613
168834643 613239144
528356285 775435490
599944971 638648487
312045721 921562279
640012693 720996200
200528545 1010108470
467864747 1157871076
1363424062 1382882216
165737758 416090637
212173305 521840286
1714344 1009769328
670958932 1172289295
523974719 901739657
445324397 979851042
1339248123 1404867369
643973768 843017965
283080520 344697324
83431975 211760539
501916881 682928292
1394621990 1402386907
692220302 1135897590
448710779 725356559
518719290 1038767553
865898885 1269639048
783867103 935930480
649866222 858626342
692549767 1119905768
489636207 513013168
216373362 553905566
420715803 588829485
497072016 627780278
352762953 877782319
726266855 1237138542
546138454 1027253315
864385771 1309240834
640537445 1210344303
112686520 686440909
938379548 1180745405
525284559 949505457
113412800 1186393210
277316449 797138030
955578033 1005394966
913893177 1273548947
24303369 1093791108
331705325 1198281522
709274741 1357248752
338161551 571460661
645253836 1091964465
294408402 941615073
1342309069 1365882029
1293277133 1396685233
295507996 980819851
415073084 920913017
1342935739 1406951545
634398199 663739862
791486702 1386719156
159189804 959593818
528471667 1393931888
1120052581 1230834960
568294711 1084564447
578441253 1042612264
1001552497 1333117962
91795498 585089445
269969003 510965662
535037476 580567617
890440236 1183234224
213611917 449431885
283162837 865443987
729975862 995723952
854275082 1002288690
1258357108 1366151450
1070584846 1119116227
77998324 575692017
189742438 548922406
1389637427 1400604736
496324728 534610385
254415772 435538446
92325840 743814949
300001549 1132462134
816514161 1201387937
557773715 627794748
1033335236 1379915307
951839851 1073517962
117154005 1115971254
1226342057 1284359853
317458824 972900967
1308812691 1340951744
385124557 815580023
802223425 1290451079
713467357 1057445118
813685851 1141527796
438715926 956889190
387598921 879811030
775176422 902394331
373040686 1407096920
536506203 628206476
743814045 1246544363
183428655 513357968
920799318 1387807321
266523413 336731174
636128857 1169283151
1030151639 1371778230
1375011939 1403266802
306050621 401386394
206359822 1312438258
1093116770 1162755801
1243688741 1321359646
349980335 1189321512
536571128 787689615
467775359 771782072
520441230 836033919
818120190 1221473641
840619432 1017587876
345566436 1333878932
200459636 1254892080
144804399 180989615
1292259765 1334276086
331644186 1028518132
610724615 766019744
677498510 980624960
308569462 400057299
703265473 1176198337
1145309809 1403070714
1128805281 1400613736
8424376 902332238
787455909 1120754296
240223227 730452462
440427985 535173500
404158252 593190947
87889360 203387778
1234136990 1289706472
638752607 650487702
400175556 836492766
1348602692 1352315888
214401007 970629572
312272577 640453239
1205683794 1385750517
591455529 1325324665
1057108670 1161474687
94374783 1211023530
104777530 897822857
557905800 1383813991
514299105 591411585
748511249 871611280
314360787 966892659
152650728 399584494
106007802 305094848
990374000 1336794148
493541627 1387298791
870396270 1167855521
827360299 872745042
1023590753 1221937985
575479789 1253792739
47435324 471742865
255112750 1056104944
25075084 106900882
596670779 991535480
123018818 491068049
1027426564 1123176716
265481729 563275337
1261584551 1318075732
559737025 1006887926
362068840 1327149191
1211679930 1308237303
999499063 1179214566
114258480 169418737
509244332 729972953
763231286 1134030652
62302107 583836826
213997865 1011319847
313915276 408437202
168859692 712506235
1296727015 1377233641
1344360890 1362401771
144765006 957187637
745666586 1287023394
521412150 1132166007
412285737 656945078
714571042 882920815
794941713 1196334162
818543760 1298592992
391528691 1179882052
521290886 1299706762
1041703164 1227131545
396797797 927337263
1115473086 1312321689
1013196885 1294468565
1361497699 1383995875
663857219 664107839
627882871 814887722
481778324 903786793
67829835 447939583
1199813038 1302195362
862464182 1378134599
1323814952 1358597748
632748734 744036319
1394351437 1398637565
382395468 1076002232
412625212 1295855129
332880154 586986908
58064049 1245625413
940472963 1111128281
165804477 875050680
10965055 864485377
1210356623 1351036116
557418608 1300681941
326872918 567206119
713415459 1294407244
563144981 891402082
407272035 948599710
418140382 598635424
143767923 1340982838
381747395 943392934
425023311 1120363753
955943424 1035420549
677151832 798968847
387269095 637768044
18349258 217313932
552735917 575671558
676305492 1098822491
1190365101 1364668324
288492524 808104923
314164363 430019226
730244108 745249853
1354260063 1356520881
282759202 1090473134
739010431 1342424177
364983368 512438532
337188155 1015012292
480645607 593658739
939895042 1162462225
150221458 1349792168
1312786196 1316381011
365952970 1201890925
1247205594 1295197856
276439095 555186993
932040330 1090248749
459619660 744933038
1236250729 1352001401
559727748 1235396820
851412380 1353513257
86536050 791322530
1356063919 1387037311
210551207 808654473
1073918686 1402752992
96806950 214871866
630030763 1341433320
450035828 1194929291
737361301 1264675456
109749683 607777652
69267129 103006165
83468778 547563513
861049984 1101259565
1182941419 1206029405
133954084 729762908
1075316302 1222906372
567945756 1160439909
326572282 1203077577
801198333 933703298
569294409 847750068
605775763 712233786
193255590 397192672
205476588 334326848
1086183208 1409973101
645696180 1200027359
343629250 1396178619
831856783 1117924873
21938261 692502523
796050878 819974023
371382260 787433253
1229681079 1348845948
713777325 732503165
667597460 719850707
1277191444 1359617082
461972328 1184196553
702986025 835726487
664950247 795021927
405246419 867825713
29443196 357829747
725258003 1253471003
1390507357 1406379184
981684826 995361077
852687479 1012938208
1232949445 1390039756
75072175 1267287308
264386351 498711047
1095149228 1104346914
631296151 1173389364
511775816 813393585
471397234 584086152
296760034 1193648794
456471162 595045909
1260614394 1267282748
223308361 479750047
151828265 896691533
353472905 493533988
1210941110 1227814203
652238362 764063494
645046628 1353496356
1356062549 1371291926
203686747 1068500646
17524960 327206384
1091642848 1365320475
294470630 521112326
336165165 648148935
346370470 858051377
74321636 503819110
133331872 1092188761
711027550 1124173765
620373031 914859483
1034473490 1089528526
654135678 789239630
176297418 1031740734
111806451 845765742
253965612 709642924
634041453 1103963946
1008988628 1043800746
43412885 578999391
112459338 474848781
227721114 808626812
588325135 1008713495
121008321 471326778
651437790 958919330
103150115 348178655
734452476 947605753
632553319 680958035
164802295 454180860
959882053 1050704434
730486318 802744677
1143180859 1200116455
1291857283 1309232435
768396591 1092174480
1215574936 1320285817
548442119 654314774
500458687 1247452676
550
1012163544 1153284293
907755093 1100712590
558380912 960571311
372020360 779087915
278665296 1236249676
511125953 1069672688
384355318 402414420
502988710 797181579
1246174704 1393519980
1289450528 1327398403
483123395 1141251991
474930627 1114975872
303071924 605168811
1011975342 1218175644
1118095735 1384825729
671611905 1357672968
701376146 1343673802
102415531 453316402
688895961 867837601
1126886724 1283305310
427485450 1050975942
269142580 772280983
192072425 579829817
640655145 1198146238
122661734 531451978
691145941 731352992
522197658 1166641161
591038710 928934851
166966301 1249275288
737588822 1024008709
31980652 435511542
625599967 830364666
717355317 1241961880
650334681 1066325385
806224548 849435826
1309678500 1315416162
142795099 711046612
49241931 1306291515
898964957 1382146468
23474787 521454001
96690533 832011352
756487378 796780677
37903938 1318305132
869715475 1157082682
86270254 797612410
208335772 1019258056
808129420 1309176611
281496090 1266571121
672127244 1035568483
673679685 675328524
1047872694 1091458304
1230845665 1404187487
11229823 395509276
76671689 642752191
659781089 1185639300
924158308 953191690
124223639 1045300399
691141016 1401919875
276263153 1169359297
1171168284 1272480798
86644312 347924973
1298087778 1326277966
449951446 1302833719
512991413 756642614
586458904 938758996
171903125 521574750
1173571982 1391860796
507355537 979381992
95445648 101534564
1012279720 1349708496
639532108 935102985
808621533 971378321
1133095977 1356353494
1314848471 1316391930
715870533 1246232699
605763293 1344778906
659441325 1163268425
735941021 1302622122
90099261 236471210
1081551003 1167501748
996287350 1038884965
58800973 1168271848
606901921 785574710
663975988 697463323
3916231 147700190
1006695316 1323763793
690070484 847116946
346515809 1154801386
847083729 1206928599
234528156 632519140
87981603 605896012
90251504 511197628
1332658335 1401441669
1281102404 1387222678
1018821196 1160100657
1030832478 1237318188
415167475 882712796
203834769 422069025
13111735 429361307
50392773 729960954
603330239 1077156615
377856334 978053288
1317865660 1383713331
631613113 1001873417
88725196 108005067
372096646 838236527
172269711 1070256448
1349569745 1370002354
218888638 1321282662
1324872512 1357472200
468443070 813048221
118763538 673936290
530017658 975495357
26975682 411551539
1362944588 1403104601
1360665927 1407069606
630688168 792066700
136745502 541387332
230929380 520243207
904501810 978484982
336451285 979786311
492931814 681462829
830952593 1040518591
1185476846 1230754973
399640946 524639826
77293911 315192085
873726494 1246162640
704823054 1021999113
252493979 1051009520
753689910 1228526843
618805739 700523440
698275666 1378982543
1345651347 1398108664
92668997 518125973
723358955 1035842583
1198931175 1289415843
107648562 443833474
309633278 848190928
1069110545 1295311307
822476461 839253382
419102397 617422626
932332570 1283887605
1238235497 1354789834
676431046 774486652
584456456 1192375047
696955873 854086806
171988877 1358265117
347039390 702528205
738712229 1390233617
167697505 1156877327
1117365068 1251157966
442868503 1307244946
299980190 503897505
497375012 611542057
822863538 1288143555
1136903295 1398577350
799161592 1371612054
634430679 638375010
1318432421 1373682732
1173990803 1261062264
308023311 682769070
682448644 1222045271
1258027512 1276750944
347425945 1350960596
570139740 689462598
684607463 976089179
167170694 587186669
477925735 1031149864
1000773462 1024332585
916742642 1034053495
259535282 1036200652
763572976 1384771815
83062675 765628788
48459907 779573687
523112326 812827436
714655876 900056764
658683418 675030488
1078440671 1275022780
538747164 607594846
505757423 1371174568
348540611 843093000
1033384585 1052071193
464961830 949185954
799212863 855113523
487714837 1336989479
714936693 1106992782
1282303688 1371660890
632843441 750724306
494503117 607796248
261444775 316267522
616999172 1011502385
1255317285 1406219539
196988717 1156607656
653226840 780428524
183254638 427291455
469780251 596529618
1309599680 1324670476
132000424 471883010
705108729 1194499027
935156746 1161086409
1033817867 1038947072
1332963675 1352354471
174249733 712706802
372023719 1114161671
1000670071 1031701080
270886739 869512698
1170389250 1170865657
1152847957 1171435240
729627240 1079755547
1183014833 1194886038
588652622 1306036756
1242330351 1285373392
898847042 1116811213
1081669819 1173983274
1318360605 1383666590
148212109 428983645
115295458 264938305
899119136 1011474353
683958956 890628614
593923321 1093915850
206449588 1035903241
1190746633 1263941206
666715879 817858302
828380690 928473725
1384018045 1408330466
28614957 755544098
386188382 637479449
1379744812 1401623617
1058021768 1148933969
1407528393 1408553571
852106025 1256044204
691850543 908510075
504764855 1229568688
696347966 1301601204
177979156 214666853
43170336 1059197376
242632366 333399215
214876075 726870138
315470651 813955363
34560580 382031467
124426549 873199251
996539589 1386475826
167634145 382089952
1321829639 1337229462
268165727 1308547377
966720715 1393803177
403779647 1100859717
812938830 1189340259
1259463195 1324306127
162131545 1159356495
365375366 1255469808
1290847474 1336474160
531324256 1028866228
511478122 625106686
449392197 586057639
1388763790 1396811852
630140908 769683052
1101443028 1396722532
668333339 807421779
1374907323 1402372161
312079194 1294797122
228366115 1000773799
392007479 736403446
644171654 1332585827
456592149 1052735133
160574317 1282091051
1122331928 1390545364
110583989 669853568
739015243 755578521
28707503 1028309471
40084912 1040335875
605559579 985296275
178193164 421028618
1348246470 1408275752
1049055407 1055279776
53659415 1185655190
302543639 342855941
121134085 709156896
51969711 643092965
450160901 1333290557
218608915 249148236
438521344 550220504
711566736 978273340
135551525 281600823
712929846 1113264655
404312083 501001026
213898527 1245923947
26838124 104445055
605864590 993801729
1211176129 1295214127
67935739 646637282
667866637 1112805656
1285599096 1381337948
530740964 642802836
1107157560 1374411994
130144720 877994275
77852150 175743774
600571718 805500775
603952444 931195268
1077567625 1082754919
1380862957 1390011206
563208515 1005721457
886114768 1063318395
43034658 950836666
1076415862 1129775546
144810843 956867997
283458423 709125638
762426426 1241616141
464894181 1375464333
1159911651 1266222928
169611626 957785116
308841503 651878945
706132491 984552706
1094046046 1391413954
116175830 960606490
81424829 536284680
333031171 1185590317
1020901877 1133770081
1157503292 1387976155
148060377 1142453235
482358872 1080199058
450647360 685013631
1350352914 1396165893
665280893 969667400
30404739 142734329
829785414 1152663108
28009987 992760619
633377947 877609602
108008453 1270199160
533084018 865805148
136404059 499576532
334303555 787622157
541580677 1171394986
177581522 946029964
746715825 954793206
205152484 479365996
837270217 1376940080
439657701 852845523
62621333 258334560
1402210431 1405307165
626432380 856274857
480555224 510411602
469536007 1018372955
616228027 1047171622
639160320 777194550
597582061 836405725
1361870836 1402443851
246860368 252259461
488958146 1214434772
625680230 803966084
652557298 1073502875
763612201 1165081701
386531818 914498821
677260342 1148231489
252960763 999334574
94434371 226658231
346383671 1081504268
148749407 1050937550
1214113503 1320718900
713298951 948490185
30300542 142113612
589769638 1106283230
1331100616 1361258185
344373461 962481606
330308875 1177935165
506995210 916790194
1245283541 1351228696
566867178 1253020650
91702749 528748819
895938114 1316718741
1054355662 1104696223
327991472 499596499
497384086 772798715
281739785 1148142986
1010193014 1091531147
736920681 888632531
142250084 1215095633
279539982 535720744
568359391 1031981196
219480473 540068284
690583649 1285224127
76577499 680228952
825454046 1351781784
512586637 730202969
125468746 717886237
1360948201 1408842397
576346511 964176920
381988392 1381867502
1343946803 1358962615
415414744 847050154
580484950 1026691360
501073280 1041085697
444760309 869296866
479335010 1095569264
975369472 1282216386
88088886 178700720
959764552 1336621393
591604894 1094086775
1214123492 1332770417
286678395 897092233
8678866 1311300788
559377293 985762795
975174148 1152847561
347615243 1145473229
954540451 1338839050
394375439 476388366
621939396 1226261717
18820840 1098489193
535625432 1149094773
648634322 761297330
1138447251 1241447316
68858427 869896407
890321527 1302237509
507453106 879809490
56082087 801388516
43244246 778052424
839317661 1094343566
439461818 927810236
183578537 938988970
479756880 1129871754
624219057 1272678833
232978599 919294184
1126018020 1351288908
231439754 1107762438
835656465 858110167
1218746035 1402948604
344107383 1201478255
321849895 1351619485
871629976 1241328091
19823361 285748388
818387060 1024574301
631526239 942014420
491304396 1215676668
258289882 901741805
583953147 1337922696
866744842 892848167
791738262 1322210255
309444276 1034502087
558088915 892835954
244878310 714003862
881194236 986541783
1189823151 1236200668
386633959 527767948
604299653 898519681
1166371594 1226302844
252473065 697071909
560939199 1197888582
583691828 783937669
222241271 1063149815
591181281 871551832
146784231 749666249
722041083 753640417
904243524 1093010620
326318812 1003698692
193036997 406761918
696235375 1215144357
90107474 787386441
717499889 1329632076
302261842 739215112
469858033 1086841145
332813981 766824890
226422574 852091222
685492162 887519751
887879841 938024140
854218930 1100646165
504085497 843203119
532870426 1182597282
732011548 942624328
179725467 993292622
404299194 884612582
387246884 895444799
442609858 844562944
1297889825 1338007951
1100821583 1360486961
697732926 1309395721
354948393 929806542
77235534 157249868
69540579 811493908
178224415 480743817
206959606 1100510126
409018122 529405938
894715189 1232697167
239364713 677126338
1315477815 1340613916
1225414055 1300540358
369145689 1020789442
539153323 594036286
996638988 1018652122
395701965 1141910087
527387009 929267970
379666468 1160333755
268447776 1341983627
976743945 1069446217
368091488 371042096
128696182 601493995
874608200 1258258423
277347578 620902060
641064506 1134858555
675802666 1277695948
1171250024 1383505448
893650912 1028700208
1082661013 1184787444
231181197 273873981
869654089 1056367585
332070670 414895617
285625924 458300250
338961742 1212692143
1158029570 1315659951
675117925 1324701522
401050408 660747831
83075850 252176763
1365697099 1405101470
965604849 1139799570
15450860 199280526
516801937 1258826303
765866675 786767932
881375338 1037555144
29063059 573892535
19456901 1353895715
289090708 318935182
593343982 740550182
237346960 1029976987
595166901 798593637
745668941 1031433091
1280039262 1287551272
539350490 762764485
170335070 209859464
211080731 389953644
77032533 481907824
75494947 586991496
18828307 514560444
957696655 1003040078
15649616 625827463
434379564 617148307
619883262 1059025290
161028729 966377539
756445633 1041843823
209936071 1348093134
327041761 456318758
461806804 1081355273
138914332 1185833819
297115425 436012561
522382289 701657805
812837126 1294615438
92188656 293067832
345215060 859752158
1382197696 1399551888
281429875 650991291
800989119 943625382
702349655 838982633
739
1136866541 1230542247
663549883 1208443370
1172265716 1320061843
442243484 1020335095
254717020 1274337074
194671924 1340979933
186809037 218780010
1074339694 1211329191
517950853 1053034347
821786281 1171970593
650833397 710529838
570645228 1334833785
1262010448 1278745541
64787145 663572703
867909334 1059378031
135198044 750325921
54190219 741107540
435933773 1372188100
548007060 653154369
651647450 896082460
760919252 1126522590
153307313 651865621
51169345 420474652
127267652 395716046
539341086 796090482
814471807 1158020006
1224834391 1391774185
133526888 1405150850
928355522 1057972816
963797183 1396055663
409929145 555370919
1208966233 1338012007
1275552510 1307644677
1233397159 1337496790
237169815 238799362
394109286 652343572
410883902 1354997476
33615765 1171587549
856601069 1272432911
461680152 1263348867
725522850 1210434792
664651773 1140148723
14039903 716731677
3182166 514657775
677842602 972059834
210974919 983987018
1067057611 1095264635
505965416 972701744
654186458 1090036497
435378000 721695638
637967808 942640019
1076042383 1204757012
999604689 1114108649
42102029 632015266
341074862 1168405544
1168254591 1319598163
808879920 1204165397
783848042 1299161810
1291049873 1340647385
678025139 1157422766
285460023 1013740336
1035246983 1163615646
1335743080 1387377249
1400416426 1405941679
579500535 914782132
249478885 738430424
562070174 664235917
850048873 1228316208
390064791 1353144702
49009409 443830180
812919636 1298940521
288228038 572454535
626868977 1052228171
596341923 1331560211
1350023480 1402585116
585918059 1101205406
1277272203 1283191730
424147013 1088874013
722572853 1304225164
341054865 458816870
267187643 1161397037
1354784200 1399326272
52892736 1061474609
431992028 776759839
357573738 964186600
121855621 198901662
331183636 557962159
722595023 1376350020
102862551 680735863
319763011 759207206
237458319 1286147492
380516073 405593580
850608706 1118612354
1241817796 1288477951
652343815 858500439
847247403 1100538898
886479456 968654780
236625376 384679863
555507670 1045776408
681977020 837461010
291929865 1317849307
96816981 603153053
498225377 643092213
262459629 828841743
1297881202 1401247369
651109351 1227201275
534291682 1084421119
607558833 773422545
892341495 926298718
858314837 860548999
673357515 692008492
129905531 579768333
1352346168 1378727745
1025033033 1026166659
1154600789 1392518860
440301283 977109276
237755919 400304610
105966154 652406160
938205140 1384823555
367783850 739045949
1258029736 1363929804
690556504 1175519392
120778940 1129780083
899021046 944044182
978331593 1369383526
549245367 869347654
79277669 513806142
213032656 888405811
1246532080 1312891570
529891596 857004726
375785761 677889128
556296513 1392061872
108959485 1314692193
1212993229 1383833238
396322971 1167753715
1295811244 1318622808
1155153539 1309596973
276429003 438119809
836866 1384891169
1400168494 1405462115
117059298 1192184311
1342841882 1343682685
870360988 936127020
581314585 1406878359
689167071 1079301416
656293072 1332322666
1100275376 1229177645
515523321 670450201
33510984 583291297
14788432 293394657
509196242 752782522
314286215 819565543
733676275 753735173
221934092 431419095
371128868 1323529401
709373611 1025819122
1249854972 1271898867
371627791 938847065
797071620 817470226
1092066626 1298454643
37820479 730102413
17747353 909158952
402099764 1081946218
169916015 793802205
745782100 1172471670
97151168 907944594
23838070 1116816117
184984462 1385122356
458679187 960698607
495325375 595298037
220094012 1075895554
533383210 871252661
1337285099 1396733875
640421247 684245336
1368885976 1401566645
202873984 1111340168
514152322 950289652
827167097 836817637
666506041 1288808760
696425060 786871287
458482563 564531825
461280514 956944541
510747712 899947948
617021359 1098746626
706164344 902916510
585770643 1357976299
633436985 1069546802
474278517 666373345
752434461 769971800
148670884 725818016
1119707114 1308160453
209375148 874340385
623495051 733154995
238122566 443165620
1404079700 1408283854
402486794 557190272
572921907 680814606
1361580130 1376342965
456814608 997217734
585734981 1205187246
108237035 128235011
130310768 772474436
602211325 1323333717
47585004 979229997
664924963 736760972
164724732 866467009
55403909 231620187
358196887 480433594
1029956350 1040673055
76822860 869976362
96779205 409049955
288271384 1130587940
397606858 1072588604
373160462 399198735
455264087 632898300
425143023 1338085957
599583541 663675699
540725690 595835918
1116124300 1211914383
1351118628 1409119282
474505018 981222368
690111807 998670884
705788499 818322108
14287974 207718945
899273085 1140939443
600260111 939064943
919402780 1388739455
414631144 890983632
362475960 592366292
692786053 924045240
389430134 405931949
321944679 932157609
337905512 964701338
1138532474 1332435186
716086575 1122135925
42945660 747809324
465148362 495982894
185919321 664578952
1119940677 1182148095
165710818 1134019158
477547510 1086816296
804031473 1399784154
150462944 873706320
299764607 550075800
691033476 1192507303
232759064 753030384
268876835 1150738933
327599196 1107346619
170451741 416344920
137624738 231317269
13341844 528227172
54432427 336259470
206131442 332635444
177764695 578727364
1160276343 1296136271
638465740 689210106
521887714 1074705409
1169913592 1395028528
167286585 491640617
626300338 839120819
372503749 1299261923
779734356 1331258918
791616984 993740697
636798780 1153475653
1318188095 1366183761
322411570 423379392
684212481 940366827
141037924 767219121
451785741 563730361
341513833 1059616056
210897943 850813432
366670905 402988608
100383122 949017988
413160310 1149658756
475076233 751567740
744553263 957843514
641916984 1401540751
368084357 471291513
181461811 945648412
1000959253 1089195733
43579605 953654537
124013183 874528894
539236457 745367741
918967516 1179857837
30304819 671166194
588065739 680267168
639034696 702544273
1096681961 1182814408
1175542127 1388302502
341396682 894816385
148007719 877762229
656286 1320200235
733562808 1334480024
983547165 1354797523
26049880 73930764
80621675 616853249
119207358 792026659
228180061 316911481
647281573 966842026
157363566 1000891978
1068504007 1396984458
1240042952 1347971278
1045725965 1381801318
1087216787 1269624875
579719235 645547343
652186383 1089825384
51880688 807304229
890146736 1236980550
620001614 1178975467
811739702 1365894082
897352545 906268144
1029672965 1384648856
925096062 1269150204
686881629 763001411
374229127 827362837
34819625 237253051
1384503031 1394807393
8501161 444898222
185515312 884788927
600598343 751140512
173751933 425655808
1060265938 1209789516
972236282 1344355238
1168495927 1282730148
922114862 965723677
415516933 1261258841
480341182 864846074
351177676 1094862993
493897734 1304980970
14313465 633300603
306077455 1076590437
483553895 1122343608
170300229 1023777029
385116840 1023567601
928984351 1159718397
1017747899 1061901864
438985340 1222517494
158040528 550069545
750375223 1226453987
96142908 589897162
109506760 588858951
1224874058 1280620368
26566297 768889545
119693466 456755371
234824817 732871854
1408003799 1408750689
267036041 711806866
639288933 927527595
188126218 406000290
499194861 1132351583
253851868 762275904
76088743 97223333
152829392 1139383256
398931875 686633467
210365463 718243312
498254615 1126528787
211654340 484996385
689658064 1226942886
528074814 965010830
1230436120 1250114893
776677840 1103561643
293081335 1150100245
168523704 808010723
1240566487 1265336523
539544062 748589216
383261054 852960507
648790233 1109872319
981270295 1273430918
435298686 812502533
438823288 978644291
241504564 762440421
558299005 1355105031
447645196 929072836
586627033 944761634
923306631 1288311239
291607950 1247069818
268911094 1279509082
297811685 437980746
711012596 1147402016
1344185218 1345995616
508003266 1317701743
206732859 1153615572
683343082 1274779787
743403459 1101065652
381091151 394436095
598426063 710180087
140201461 571533415
1265430180 1383759487
461774291 1402435542
1354957982 1356147268
353308217 930314245
653083834 736504465
935520558 1306420395
320644858 1102150921
890594647 1088123922
417613005 923359184
247611742 955528713
1073594577 1193047335
19823649 581187969
410492260 542145218
489872906 1263741293
1005786407 1401028555
790945074 915913753
596855373 796884897
22839452 1203053841
1135300796 1361317972
145707373 472900582
277705637 525677968
167501330 1114308872
184865420 640415420
229793254 457717944
742952025 1348058032
171370186 781748452
93983148 913483109
1078824888 1403432809
627982093 1326313095
1159519944 1223589403
195252407 968533002
809237725 1019217512
235221213 514112319
704517176 1297267395
3518383 251772351
1271849975 1366695346
673104509 848083944
61955143 1198526945
517485087 1380281066
450559916 898930420
342162583 376655109
1273794937 1286392318
74929140 324480530
767090937 880980022
1269865850 1312141483
1222225197 1355547556
1323574308 1351151011
725383850 727150143
1150936695 1385328797
1178968278 1245239701
362375493 1150447337
32373455 390848264
1155075174 1320569762
377363009 1119198798
585926825 977666868
1280969194 1377964154
1062551389 1405272335
1247962328 1251849077
1133022590 1377053667
696485409 1022465588
724215408 802750630
1003387060 1335162626
875211320 1311901393
678278061 989847979
675229966 1096290314
618194696 808751041
59748121 65684788
1353973359 1408564251
137009240 752443363
1017015830 1181756018
259134902 1034828645
253797174 293194907
353958785 797396058
1252492759 1317051901
852227525 1360619584
863683138 879499897
1215879943 1281549115
1258759414 1324084731
647860376 815981371
1406063370 1408381415
559891321 1309967359
451176639 1327402270
164422917 977956258
875762752 968899118
561708265 790855141
20784437 429689214
100000431 1092948575
546470311 809796672
627680613 1046148292
692025713 1083054789
1173948384 1320900118
195736629 1217012893
244962576 721807583
1314259695 1405851450
1014921847 1347788673
223025045 621272590
417937295 1175447187
783480154 1356036839
498887832 575606852
61088510 200150265
315820845 659112266
697540403 1309057166
1357951745 1395984449
166729205 199428264
230156953 830709212
616384046 1000993759
17707892 799536715
736206962 820998419
402259797 560192092
1060271424 1300106846
494135890 1185942735
513454197 1024671028
163851070 874765132
1364682927 1388896677
382041996 726354685
1310511644 1401026994
538194056 1176415677
130672529 806636986
296418146 954254350
1377250727 1395964141
1165498471 1274138404
767424682 1241299405
1282861227 1312467394
684503553 696545696
78243080 387288216
289676156 1061876432
1139367582 1172640745
325169365 1316639953
720223378 1307685321
499048712 569088900
265879869 297222064
1233191983 1355993468
99136388 709288838
1061390981 1194790217
319890426 705809724
19570737 783750297
655077745 1307352685
290608926 755378784
367650613 674968894
742595162 1315634529
165829636 296665728
597384296 1013109405
238744967 747112410
1009486461 1149770367
1095842018 1238041476
440512554 594488130
1406361375 1406953207
11619404 1008371519
1219888040 1354130294
343057593 1319704822
539904417 775603770
557019931 1137745248
934184508 1097346983
406162405 700394993
114086953 878145176
231226447 1396419798
1193321008 1326819037
1063933764 1332432638
263186333 1367018713
1153451908 1318339469
553631444 895841775
752650081 838579856
1358842934 1386636989
1085791863 1238333485
1014317135 1166050206
347566610 746844125
688909839 1359196912
874905903 1312337928
249298135 1200725093
486634237 1058447862
24900366 985563194
465516010 486273359
819824078 953314275
621957139 1158848632
1293506959 1354200739
462607083 921893856
308448119 687873811
89037447 584393881
715499401 1341371004
594122498 1381190592
1256714873 1295062750
1100128126 1157909922
323125016 479477514
824811668 1397150707
700011357 1002801187
267477652 476032821
728746443 814916718
993911136 1134043029
675150038 800779519
1053971162 1064551848
750597347 1100621808
1373229129 1390856549
1180751457 1237938282
992303613 1211782305
114471317 972342648
1225774326 1249990163
692071849 884645744
651218866 1018985463
232122592 802959090
303316988 1296674252
523795868 1231328028
30900874 374122740
22694806 42695669
661090539 772169820
412725061 796219548
892363246 1079740058
678875049 1054388387
296406645 1308366436
980659387 1008329417
1182734273 1186753277
129175756 1230400208
337834873 1155910812
638432177 1399826609
1401407215 1404064167
736974606 1226748638
1360967364 1382574996
596580771 1345442177
694663927 1220670737
701766387 973517049
672135605 1162301052
1327207550 1366142569
64836405 664736514
248123180 549486522
823967007 882957862
1266746203 1352782830
552130413 626953100
295928064 830208199
460007990 1118000226
73868179 686015104
163495377 665557794
177667334 1369666583
473804835 553098969
640601939 1316206769
1370813876 1397124098
181643943 349787640
942247357 1067996931
269344662 823622987
1348819053 1368844293
1041351091 1053284453
60645767 1048543947
161042398 469100452
917274933 1243617767
636870118 1086899373
179339452 799509551
1202087757 1316544662
145246989 1012327394
1260479771 1275713665
1363417411 1371150169
466393862 533046770
717951710 1376271713
1080421805 1080905822
590323907 1055509812
859985579 1232558603
28068468 1271248996
497420082 1297760712
384598548 715398094
1183131827 1250063997
557381632 1327809888
355581056 741161991
244224235 368299030
97536186 502699677
959650873 1115873007
261910219 775268328
1756789 1004232981
744795919 765655341
628402267 1291880519
752482863 1349010004
389167138 1353100236
1125400898 1276807032
10222474 95493126
1303341305 1357922008
645163265 774242280
551722046 1198679656
665697881 1020664188
307198873 1165854930
112521307 528877606
499497305 1037395982
839168403 1199477518
1223546863 1241784799
548152137 854860631
632196195 1064860227
185501798 383382458
871077750 904954262
730023360 815801147
730757524 1351595229
629018780 636096856
17830008 148293064
716270087 804849258
350218983 1022162095
152685191 886936259
321716025 502296778
884269240 1189529751
271596850 743481925
22576327 1320214182
1157693682 1273065036
923249091 1396275016
213642785 294023241
624505613 1037535627
697860840 1114325352
723241455 1115524273
420671722 1176334789
1351490949 1389162663
566663397 1059414163
125430517 140579337
958462000 1361254501
406339972 1022341297
424920859 859761036
842898228 950290478
1311967394 1316243909
1253835441 1279907071
300803084 531605801
1351974004 1373608894
342027316 555055554
1927868 67838360
469737461 809099490
357341270 669127118
562180844 1025653302
163827800 926656225
465968130 985617585
757344105 908848677
699836108 1135191699
431667471 1061975066
8928295 574701745
542071525 1159704680
514941242 621071252
511020 859682945
252493680 316577778
457916327 1112548958
1281792222 1356956236
643387332 971731076
175496981 319884910
208564184 747695435
291943423 1396321203
19067813 891013119
932726213 1407740613
455201639 634419819
1250059188 1377559286
288788651 566730042
345755877 352025762
326319664 340157006
576755078 659382283
709029326 1084260357
688224904 1136059362
99429762 687991530
292310360 1017397428
1236038364 1343643158
1320940474 1404782131
49060211 572644635
352838297 736399520
1019074492 1383751340
194117403 228871741
221230341 1246954083
885
356169304 1207250518
996534150 1016869391
1094437448 1178442967
798760987 1266417706
145855149 408221709
882203240 1307722082
713433143 923131242
1273222638 1278689941
359867761 483081244
674400285 1348063617
51686522 853968549
782519596 1300944661
94306647 658678862
1043688232 1409171721
89081278 194170570
79971000 328915117
341971345 1221299525
1055766011 1101747543
480902385 738627025
95787894 552856463
526894823 618435323
110727335 852541559
654706937 1221426700
273955231 448828677
445275401 603857770
941176935 978330787
479054489 620322446
1301588953 1310844091
155773858 1313465506
835080664 1209345396
148064826 961547494
321615824 904778908
618868902 1403129957
139659884 698803541
250447510 1188501900
615942577 940320742
2174683 960358362
1310993752 1329874925
590245244 626436420
83128768 715574253
1211476364 1278709866
645005359 1185666943
1305910592 1363803219
339174641 870784234
362903566 473540897
1002435268 1258404710
1293739902 1394658930
661869873 1131426307
1289721176 1370213088
730661393 746348021
1301914432 1391061985
28223948 666862452
388736486 1366936572
586708304 715843511
1051471526 1390138811
743930923 1103818171
173126578 267453780
1338981490 1366494008
750118347 1028094794
1286670531 1397359041
1308353026 1378883427
624331416 1278792090
1189306964 1244684127
424022005 761587499
75943983 706535952
125705036 845286721
583076086 584503889
706505282 748307892
596718781 881027838
577972390 1244937465
1388942314 1407360825
766108422 878406204
1335956362 1365438167
709453943 1068460401
135748381 407757324
668173485 1094346986
1371452329 1406810417
724460102 1353218308
1133017198 1348674183
996266231 1002498007
1254546259 1375519308
542406578 551377467
925463675 1156375370
55277 486487541
263866892 860783919
370072702 1308084894
498880957 521784244
1347920748 1363264513
45097684 1232433528
840903520 1360716353
862874063 1334342805
322567552 523429729
1345444371 1399488077
725552215 794979714
303947364 1127174194
724527869 1216237472
818868342 827420115
144677138 1002828887
220544280 434536101
583542774 970915134
205199884 1093203878
1298873301 1323606000
664545048 917876079
134894362 1247571268
423680613 523972065
621408439 949322095
311336828 1025873923
706938105 1256719726
454773842 602636221
485415220 1180984540
656858293 1291315532
580842471 859524769
368615849 1104459449
344386961 1402158316
654169926 1132214165
62814408 524840070
170901807 949161755
181213015 1232924610
711561718 719682840
50328862 1044223133
516619906 1176423590
158983159 1013597562
57765111 998072123
575094317 1407373079
315425172 661552623
720348795 839992664
1337764792 1386942565
63672544 334365321
747226423 1153209119
573008558 622950406
687932032 921224918
1110734326 1140215944
491806124 695251618
398084133 1040751268
883636951 1407388818
1306594697 1349721456
890190392 1107451945
767448868 1079486385
232821642 813642100
89606379 940353709
918159945 999192025
471851334 889346534
1092836014 1315574399
951711110 1221461527
718189713 854778195
101674831 697993188
243882481 633075746
185164593 788979523
80026671 553097784
517627301 938237351
529890100 1043774560
116753432 865468403
170063306 241298302
472681553 1171785619
1230401847 1329741218
636198972 1342282577
167919675 168985889
464206715 1391566352
1379331503 1386799376
1146570273 1262259851
924405276 1129151436
942690518 1037958794
227804221 1057688959
876080687 1090993444
397433706 1131357473
272570965 374210136
314377991 1142605990
252422627 588122610
263492608 880382772
342130225 1017323659
1037594608 1131365712
1030363075 1268167436
232301998 572698387
790576160 995593865
781715121 1374678483
606865607 776976343
470807066 667576455
714998572 1251624082
249187895 1161789986
204857247 768333295
272513718 893722004
571902864 839156187
441896256 1362290126
750687758 1366640304
231172744 1174302200
21752739 947154117
179239901 615357314
558066740 945424975
72607612 957435389
637634207 881789532
333008257 535453455
985037201 1335742732
453357185 1341529275
676598732 999879178
651804842 1306174064
598721299 1048138324
733761464 863589476
1083056229 1209905990
842560329 1390515924
355481971 1256926426
931178842 1350972646
588769860 854994005
261259412 1388330427
1341259452 1379882605
230680116 1001534585
1217759515 1319864726
895605446 1144465806
1354331592 1402394714
445111775 919356322
75057110 657456644
474466568 1074904141
713352688 744173696
541300469 1232287140
402445154 1110924675
478623620 1217932384
498984272 685649989
1091663120 1246196594
371807225 1264853804
647563609 1210288663
333678449 1007954573
99711549 1215168252
215189949 388823490
567806458 693082979
171204110 931567389
158113075 391625640
224491800 491984464
3064117 62456685
1164332374 1330954458
1359580023 1381192838
586503001 615178680
397419205 735496216
956058873 1111251968
735949896 961954769
810764158 1217002968
592396377 1042247569
1206098625 1384061834
673203949 721818839
196638460 253853683
781988461 1356146773
540446610 669699181
5616848 450471658
901684766 1095155031
593375805 1094449708
669151005 1305464492
1086842216 1303612171
435442495 1285105481
1215768788 1389446812
911538821 1306641900
336743420 478907532
477163510 974135416
734967026 1400197029
1063463390 1358826564
1229117607 1355524159
601631480 805240783
1268434749 1382688263
1059602493 1402245484
96120882 181826377
326300997 607813920
631142933 991278383
418739635 898440417
202438577 1356906695
666850541 1114265861
1071552489 1316311444
649639545 795470674
1129354985 1297081959
715315062 1109948335
1230786786 1322105246
151027249 1056561044
447304193 1154936745
1015664057 1309081914
191986267 861539454
1065118172 1189463352
1090515178 1322607575
377745090 1306251330
153048156 1252837111
84458254 1159358700
496131223 1298956883
709837555 1042698187
98234154 783011717
334752375 534528537
946783206 1143484950
195766421 1394964024
122461331 814907677
700869566 823111037
973011928 1116993781
621397641 1096068187
368458370 1301995043
1195317330 1385763492
1165650031 1267228673
505034160 977941602
380371472 1046383905
498611874 652645343
1034407257 1151303090
1053772130 1076446948
578827305 802653276
759101166 909869479
1120694084 1217068011
92830459 103643676
1105146447 1152754417
973899423 1275003761
112062581 783921291
1183165495 1217847063
671159353 1077592975
625044167 668935398
682846467 1266612131
563763234 697479775
597875801 1083594396
526956103 999583756
191253712 1208873848
475954594 515664543
129829731 686293548
511091655 1135405564
671663917 963908298
797828841 1172899200
736728196 922154002
188483430 350478976
82711976 809874922
336905330 770470997
1382477268 1396952548
964085709 1164130547
1408826765 1409957598
335588914 654743971
50855483 527038095
1217495590 1406536547
391062796 1363608854
1274799415 1355148825
735508413 1250720407
394006546 566717229
263051006 877708821
1386884049 1406670959
657839870 902986805
1044165267 1136198786
121350630 744736245
523805196 572340116
1328324202 1366388073
552137886 1109478439
946690172 976588688
186115083 342221317
629823834 983550296
475840432 552077889
904754158 924975598
275532695 1349387929
713252100 1230521861
418357428 744949984
160818603 252836892
216634844 391307932
452126502 919039240
816248575 849221623
621077609 1019046158
1065694795 1217309821
1226008538 1271684113
1039579961 1307691055
159443361 959428548
52644599 650864282
278955448 941552520
703117187 1270012577
218640079 887926540
463623916 1088495691
478944614 720782415
187599384 371959390
1255202588 1403337528
129110651 1005662046
1258311494 1259100255
490709833 702866167
863069258 919389597
41788732 253476505
548195269 1125192655
436506525 1390137919
741764877 773415074
83247471 1321381057
968150126 1312802131
486151772 1131326253
852198675 1337974654
541820916 851878996
851499508 1330019048
344837335 507429001
433939589 714239283
518389746 1164955990
736949438 776393336
347336262 1103034552
93928101 727093681
528571639 692629787
116777868 157751838
880780268 1202857610
636105970 1143863361
576086569 1031883308
388636019 859844890
602904834 1176183329
998195666 1331939195
623971519 1223468219
537054757 1204232459
379563373 1066406707
344049609 927238179
9674732 188471995
143521095 979560544
1246943852 1305536568
1037777842 1121894178
309796859 1241491169
1334681428 1376352242
271456166 884400007
1036568701 1375647340
366637607 819446557
692435028 1166973925
1279323959 1401424087
357017711 1253244597
128008835 419802404
524739144 1319762114
1331535588 1334466896
55653849 354904211
177627396 983247928
1165940523 1286562874
696387658 1408171373
8514277 969485860
304466541 1337442255
642608122 741057448
1189023177 1294620795
507543991 806037928
384092608 1134797901
601633775 908929948
3329451 465060250
586431539 1061793353
565292653 669547331
601249033 799018521
1177165952 1318431086
710239247 1239260513
766445394 766572041
1382121616 1397971984
740602850 1339151794
473970185 1276177850
536706672 815138542
1372307481 1399570543
515131914 1268045815
1231905892 1328612265
405048501 414516323
688693558 829738152
466290395 918256150
1252725492 1386372373
123006313 1100277985
1345682415 1407468794
934778479 1251952197
556267661 773066629
368980994 551502696
425042347 1374705715
669797680 1015486628
1300382565 1407142151
74714991 730146016
168824839 451196262
556191998 673111998
422769628 1128697092
179295546 926084526
118006002 284572442
825965325 1096520132
183725744 638120756
728486646 766839014
1043806942 1233214922
350368120 350735214
554237340 979653345
825443285 1293595548
1408377340 1409197075
948964224 981898203
61716179 94760452
590783595 966864915
679454926 980935948
460971846 1314996170
1037481453 1378011562
256829958 478438619
1220545649 1340300586
592613180 937553623
1109066279 1201744245
294123246 1349821882
70293129 1207903651
465324452 729973353
810672133 1158847338
552416441 953298496
68685975 396534456
1261290479 1282603652
1025568225 1094178683
1084113232 1375050748
332067375 1176946157
364616644 1293595953
576015547 1059124243
177270621 1400643321
217817431 343213835
515019519 848643096
83035260 481918520
218557016 1010339751
72182269 526516015
482801654 1288548954
392873083 934794146
623603281 801952950
100894553 248027144
139551440 482770822
477417199 821684516
728794934 1292411285
1214420894 1290541153
174592194 1055980920
643378071 714854275
363854631 1273365237
1098387531 1239985042
435175804 1374753497
89016272 415820824
864909109 1400510315
840185621 994118338
1358812939 1402338733
68492265 243890054
91395464 186054913
1004386603 1180511913
26900502 121955505
1000597322 1280430372
740406198 1359152224
1002182722 1187049366
33611810 148637915
1263256289 1300035148
135635955 1361727392
600560324 956136239
768283989 1244481520
606266090 1147554649
233528144 930971344
922302977 987827235
679716568 1076732151
1024530142 1247819328
190631707 1001201200
660692794 1302111686
901936845 1156753509
841786449 1281443614
854329150 898416578
376258030 859528358
116208271 914213152
530632428 1375116962
319157011 752577473
1367885753 1397322806
829839256 1349919891
742275524 778636252
525252102 734253024
82329531 367176822
1125150537 1185544066
387405793 541886866
418712875 974823133
982894908 1001212067
1165648769 1397871835
664687500 1187802642
326166101 1226996828
182064934 539724218
385248682 1349127353
255601104 906311276
251479446 770308761
350255981 493798266
184035755 217112032
597755196 1107440562
821845276 840216306
1069546379 1272025720
690456058 1332560928
424869078 896234366
89924545 532701178
1321465002 1393805818
923751852 1320015098
847265230 1161078610
627764716 990691418
743452693 1383838405
821306671 1404045382
1101678672 1117572829
791441514 933703053
577174048 1163045379
128524854 363470048
948746657 1280159018
1194679430 1244065854
590129028 616848907
308467423 529373767
205592408 791015126
413757550 1219486896
1115499263 1200848164
366138405 1379549730
332410192 580076111
1212559023 1370736458
47248022 248593874
238733110 1276517366
345482678 1368178596
574061407 989981659
502144470 820741781
1269925147 1394184212
7503967 1178918496
1276183866 1297498187
984194050 1053249291
682017778 1354205941
1380046872 1384855183
575848647 768813207
88778486 1218777477
659621008 738113786
471595729 516549873
233231184 652861804
75116836 580113706
1013805901 1337417161
744452787 1092390979
91174711 1280910845
274043663 282524597
1148063325 1193499067
536884368 861626738
281479930 617043249
535121447 869931730
426908648 433286355
323408187 1006074827
1239862270 1243198014
693230792 822630877
656732617 706745863
409669042 790819718
1225102808 1407091619
789428452 928487571
1160918194 1347477888
189848377 1406074024
528347829 1161602507
102181004 321617585
682880013 695246261
1325477540 1364852972
228929829 884361681
75244884 1020648234
131978194 1276558233
112323513 306252431
473920362 738929005
962077031 1038162382
245474643 369874895
270656285 735720705
524125167 1253833589
230659741 958571351
1402327934 1403497439
687297370 959074212
328388264 1354174805
652472837 948803973
90450745 1197902008
1312078590 1375050181
480256647 1178217278
51958711 913611197
158468059 1213189742
278383543 884076825
96734746 771132555
1174633667 1290254236
272709575 1278362937
309752849 358174003
43691571 176156069
188699319 1033479520
694124754 746494604
97294123 202435083
775311617 1393780147
1365015021 1372038903
545184737 628399795
709475212 1359385577
311308316 775369229
622919092 635959778
1289593575 1300443034
201296878 1272320859
1249059678 1297029333
1167086339 1361162738
673916993 894382818
1245186705 1402225583
244874874 542755357
896077883 930542495
1253294598 1386179518
549930394 902700737
1348442838 1366647340
251421231 797970613
642145243 725898052
541621354 1181760782
1368244975 1371823100
926666868 1192104638
1087423821 1300339784
678606844 1115798778
68366426 557812231
196294850 751750393
357499597 522144115
519770556 1240817459
384146736 396089900
319588046 1362708631
1176115926 1383967004
1304359506 1320680121
544164218 808403800
594971622 872299761
288701636 753366324
448836478 1283739959
426978522 965576565
99091290 864492469
65478268 626601920
710361553 1365488561
1326003342 1406795122
129508944 1001865939
586601945 712570082
54805734 201793344
485517717 1240245330
420085679 499086404
850982547 1108878137
87651993 1094731240
1237449346 1362131244
1100071462 1344617252
109724915 1085142457
735571737 1111912339
127478874 908230494
685552770 697897035
626375085 908701256
216010236 978287362
683339118 956188116
727928303 885767326
521891487 1247521125
1399748033 1402164701
415563029 1285694113
571266490 1008214969
307974219 749270434
39132456 800412425
1381931739 1399967663
630189999 1268609141
170858339 434097422
113709965 654547523
566843228 631885355
1136377922 1239693961
820112787 846537410
1346796315 1366196434
1159440607 1270834375
1127676176 1261801104
400828563 407392397
178326896 987051219
768319888 1354793793
36851807 577195174
949197310 1212527892
336469264 753654787
173532371 564879673
716168115 839919268
166728349 935916917
129807318 445414616
710462733 1201852497
675572648 1404498913
518600455 987713274
777136171 1320392115
339037915 798574571
107612308 315047295
880502737 1277207556
146752681 158219691
1081494192 1199408233
145882532 980140385
739205832 845013140
258724757 1105753005
2140457 514606167
906397071 1037885970
1230774956 1259542181
762573106 1256961775
68406942 332714401
671161844 777673913
706776752 1145757755
72297964 514593351
560405998 680850300
1257886723 1397684012
248401555 1009231928
887433944 1029547005
66988591 892452422
285785891 511316087
720321551 919272071
5104907 560099474
556120857 854920554
1096049547 1409341427
593707534 896110081
1045378493 1124079897
251267878 753862904
1401600278 1403024560
229823935 851671485
782966589 1028360777
1235578565 1245158646
715739095 855282221
517634446 801428910
74367029 159287444
286468903 1270230959
82342410 1290856180
246832562 1304339629
603861174 642080950
415671149 683725234
1184491674 1391126256
372713880 624073178
320084501 439340348
1361529436 1388009439
366346549 1364630145
64095630 498252999
93020285 469955656
57016011 760519512
779641512 1089881044
55796597 940211316
816088805 848214214
197086308 218258281
70565392 338463300
1076201782 1333948824
799903654 957882210
20074120 1172782668
786616595 883263344
424841066 950844364
37221871 452648678
734251631 829865543
506149665 1127900869
878749273 983450237
912811496 1329483902
272919969 1265926667
256969084 640280529
5303125 945109797
316476189 671503645
500783531 1171224740
724852607 738840803
1058319350 1237242570
1305708183 1372239331
1064927609 1065788186
678679156 1166363948
362713308 392152732
1199492034 1358990289
103908561 374765216
1289022937 1343644564
607455462 1176417664
1361915122 1398590485
267423170 1081451730
294635258 1364154224
675180043 707178651
10674743 222301374
712772622 1190048213
466312235 644204374
571661393 1151529338
259025616 1002671509
500976131 1259718643
177833499 712529129
70001518 583000546
603732824 1351652756
1344183816 1398634544
563330820 725670217
1292474163 1397963018
196355239 703255681
154353662 1162399996
110284200 890107569
486616756 706794400
1127129303 1240134184
878101817 1135415636
453354352 706654735
632516050 1222520862
340047353 670358871
1025783212 1400522319
841586441 1213331561
102186165 838847693
688246644 929311539
255361145 416150485
330018420 1007819808
126729260 647915061
921553162 1349610459
1800725 521501725
927368496 1122409222
190063126 380810112
322462728 987853860
511291839 978494945
548186417 595226244
635562088 1128533314
360928518 651146069
591218639 670257789
684993184 1135744950
365232453 493276078
352311917 1043524479
222460470 1079731343
29715614 80671512
1382747721 1408217986
186406259 282317955
74123329 933641924
1280976537 1382471067
350357776 683253909
608414034 1302491916
284329575 852211529
55551960 581060717
300977803 595848320
114473483 575560930
609824422 1334323101
309403740 1207930276
1406796451 1408005893
357908942 1044052804
504955342 1148685096
279237662 1235912650
950288718 1150358110
105123305 525033978
85675457 948152732
36958085 951122755
503405067 863793488
653221351 780407592
945529978 954064504
235208020 964874261
613729905 1140266521
5194012 658439515
252552025 356946978
81889426 408819098
710463542 982170306
1399380206 1405822996
