6
885
649691526 766942512
1118973115 1204484122
1006176670 1086328682
1072106689 1180481057
1056033967 1400577391
1359655326 1403910413
619650478 770081856
246483715 714530421
1177010068 1299997963
68969769 390557196
578474829 1290436817
462876072 840320311
275306407 970913020
714762883 757127321
1090437841 1135076407
1037837565 1259750147
888636169 1241947137
1059081354 1281608204
1369905055 1376397018
304901083 953900356
1042213666 1340748532
606769343 1247586164
199608182 1299076881
1004925139 1053431847
426593422 1345855892
799007330 1389188666
1006180912 1088393319
211052762 1036415335
1247387761 1332725310
4898695 952466767
252996794 1289884518
83024551 590537156
625875683 1077943236
1037155148 1238500023
967621074 1043977798
331172924 492991090
1025301943 1052404429
685223551 820065307
233035491 1283854285
828664170 984200862
915155711 1235218692
376681828 401057664
623202044 744661031
703235131 1053721947
656135709 1185167647
107042666 487152289
565730758 894706587
273354130 1028940001
873625103 1082817935
390040318 1228535856
1085725678 1138407659
472764006 999802401
386462590 908980074
1341873593 1402793179
415502957 606058068
367465339 1329506389
515910796 1166844056
544751300 878316907
1303267736 1314913037
1195347813 1199378769
718036115 848902732
421534449 1151588708
382890229 1048411750
701211733 967363764
382150973 681852869
403081254 799322385
68708403 164907739
28375263 991846728
413178522 1328389162
222717673 263050647
406135215 459379965
1219989697 1258405938
727131967 850276747
1399083824 1403253374
315523741 845633847
558679160 1164458288
395469170 720611736
456666860 569967055
1106988148 1153697089
311377909 742177267
995255808 1290691257
96321204 701645643
713383794 1235450419
1024882413 1210853523
1246029115 1278948090
530056890 1013263508
37258555 44979572
323265161 1295302791
799031869 1335041621
446646228 1042624270
619141853 959146142
1250175569 1406720158
300680306 980932185
1247657554 1350592484
661723367 1181468291
704963549 1323543124
788925179 821052871
267274723 1217337188
64920614 685338711
858954329 1175802724
402947457 1079083056
275422131 350636630
1265590619 1409937547
290886941 630047286
1077025141 1261681012
825350572 1125434467
950505980 1113588795
521704915 1170049183
1326717655 1374426501
1047222112 1087052855
989235130 1036912589
32569568 275650928
483980050 1238935034
631245582 786977760
506745980 1358900003
499299373 523922149
1162828912 1256906374
91655890 653080638
420920305 668490055
1261410905 1373085537
1013447754 1224565609
748647405 1255623103
181697523 1069420511
169352731 741987717
541374945 650445818
233069496 520480882
250332272 519779646
459525945 548349463
1373963155 1403544043
694651796 879903182
563229536 986023539
856762471 935093109
139556827 691028734
339408673 582696504
198174001 478093428
1339650838 1374250201
454404929 837879640
39925082 250164548
439707045 1384588475
1008483268 1245145879
733612082 1049475649
1085882231 1402073530
604252394 614158317
68874116 1388106926
384931177 911910190
60123577 1312759115
173250698 384760334
1013116108 1081902628
257476437 1177155533
999976030 1164818135
344639360 417447140
185113523 1030120705
1260721333 1374829393
719513770 1041702933
164476008 182739893
341107489 1399222398
41462344 915153256
1252221796 1392524685
281918652 865651923
1072579261 1072971639
233115974 391355457
1039327353 1352991449
202928021 402162585
797318802 1055547072
1059667994 1401460421
335320218 998222311
558688823 559135861
51728266 539844740
679849085 699576013
1375355869 1395863113
454528150 1153529753
830871932 1241256738
164185564 902114114
1254635004 1269003601
222335871 1140816291
1079021893 1142430933
617268946 1036117127
234679925 596899500
429056514 666799068
442041128 546453314
529044484 928363639
1324339400 1331820026
134461305 568695868
581235580 956284629
166992542 1036404438
64952997 322355571
559733534 729403238
895595866 1276779015
771661919 786801575
13044635 42695309
1308935693 1328586309
239430870 733445426
891746014 1236604641
494369732 1138375156
489039945 646620431
662349809 780023166
93944691 433191454
325468273 1259360032
1201872120 1310564683
1113028447 1387748068
713566460 1059304824
1388531640 1389349395
240016906 398869448
82383278 584122184
806742111 887323639
1275993491 1321801759
149576423 878828908
1069117826 1107981341
23892105 419086545
241473240 1133791163
711064044 771592671
1204380933 1261008722
477960765 762771033
20470849 425298868
1100108749 1184098002
1161822855 1211059631
77853697 425508118
978330939 1277261699
527495186 863634222
123035680 696982094
495021559 1367909895
359488595 933617252
666190192 882922173
657531326 1197245536
1031907701 1404662544
538508379 626786730
209279106 1329869204
41068265 921941275
363994015 414789114
410811305 566558140
315148093 926808623
1263148862 1399336858
728840783 1049452840
557213717 912169758
531461934 806898227
677737031 1275853627
1155970621 1263124532
1207296121 1234098003
435248196 447919514
142732619 635750627
541115636 1341235916
267217415 392619088
429872575 726946460
1326153558 1360486918
1209348387 1347327203
485884289 1229905511
51813004 974735600
622052680 1249998165
666924914 1040315280
42264143 230002662
1109067288 1131615552
688845286 734968951
529399218 777173558
726644479 858521127
1026536067 1121940100
113443659 187917460
185231920 638656171
954100880 1217184815
620046479 1050623436
517839086 757932292
66615450 212511412
1274161059 1370875432
70891978 1280766650
54715224 438603040
48114054 335317135
608424055 871501748
983610601 1375693967
633124913 921254078
846368169 980850577
956474440 1394095104
91556898 462545455
250252073 418664594
1134556514 1365671753
162427000 658110624
407884055 1180883466
1353927166 1399922611
1068443901 1263629303
252196237 980608132
1063349668 1185196090
1136931736 1205804321
566134248 1025489339
914866685 1053812861
167022747 405069330
350976001 1067499853
211660995 680154351
369647182 494234626
1203854644 1300552345
41003176 168552411
763468796 1158385254
1207739886 1237997806
588022728 1025422603
450145854 903669620
185711207 1351040917
507089397 699353453
517730858 701330151
464462626 659120918
250034407 484063248
328986765 1252998513
95402397 220321926
683057946 1065965821
521620044 861388293
28360112 407705292
743145534 1300618780
145526487 356652871
1260594133 1294684146
230970290 636914411
411778931 1281568801
799059851 1399125150
127327477 191444221
443402099 1159079597
281221287 933767077
795434107 1201400944
569452655 982529115
391104107 613001240
1206438238 1324825365
364028514 567383539
977857716 1202664268
112092644 430475412
634175360 1209162616
178960917 941714475
174347607 396891366
975455468 1256241963
99089997 147960514
1247780264 1340160861
598469320 1051734961
1330414616 1380540326
948563045 961376695
363172120 1016823655
99566007 780720502
422070239 596827989
741130975 1167099433
820696358 992885725
207035134 576016120
584344638 941161829
49786182 1033886307
169903370 826239249
1153900723 1169247720
131330577 745102907
459913730 994646229
216052987 265844484
319012060 1190239677
1023250445 1302043044
135503492 532496074
21310932 799846662
683740657 1278857695
1359008638 1408236983
734137917 1024927198
393937751 833037537
230750501 577447291
703015458 907955897
1190513461 1294764408
680899752 902804218
178502152 499780690
1190330550 1297166693
274764484 800194805
1067887690 1154108601
353164038 470787717
385347379 725354852
762206400 995414707
263618169 641808974
141644278 988433600
925680027 1049506467
589846336 1197796963
688837310 965222001
219109266 233171259
792077846 835662262
427531417 591412731
21358376 104514141
822955154 1160940855
532257408 1079583765
1191090517 1317484463
1059086713 1106635143
649726687 976424661
298823099 308654653
615760712 809821334
71613491 356557531
477802742 820791894
403136156 736829532
429545192 1341597235
563272523 951621189
56430981 795444215
1121588196 1215185131
388095920 740389918
521468428 938518586
343223520 1027766063
1128405738 1137330377
545064987 813833963
482739533 937079553
429598126 1345644357
985925584 1238052739
333383044 460268376
979458832 1128808393
725572129 880664048
476426324 1235609971
5741571 538664059
566436420 1245769892
1179969160 1329662144
875371447 1156611874
1361426944 1387943560
157695763 668593694
953381364 1360011670
394164283 1119584518
277664550 360943972
829515294 1002483691
1332270422 1376617797
538031145 1020973227
255520229 1098455184
72226438 1108784040
409420126 1232016604
1143514730 1378916999
1190465196 1269587486
472373386 1221409864
4738778 1314651129
1199113276 1266236614
1175159709 1363134948
382799937 988743063
54702463 620596872
180267860 563513287
574893896 703235707
783230373 1128768407
942898253 953013484
333446572 1061487069
1047985334 1138020322
585336039 1022697277
692764398 787630557
635597238 1011065914
398426855 495191548
1108034518 1396752201
185213658 387059864
251059131 1348653021
421496187 1398451704
16469724 246770559
575634180 685827800
4737686 399952510
363753496 670094495
18129328 1379056485
371926141 450518095
923494410 981648128
1110576615 1309245029
1159786981 1194511025
581912102 1210065406
65962647 1269349053
1122139689 1288251501
913531642 1256970313
16660859 1079319031
1156552760 1310095096
153738938 459273759
1231892833 1339281716
807532046 1193779378
277596087 1080521712
542528778 1134371000
277159900 357766305
404104505 1331833008
381990758 1099938265
155321821 844481717
1271737361 1375818438
146244370 630660462
280792664 378609023
1385638885 1387841683
1027368215 1196862311
624636334 747998141
310463123 972408831
756929782 1403794111
725988495 939607451
855304027 1018547134
452795565 495222418
1306254709 1389626472
308132961 1074994852
1156340782 1242584888
567474912 680115598
887102 922674144
826050896 1401864386
1142155049 1244201521
640555914 1129863214
1363974427 1404557965
270916579 379814413
22826708 555653955
279683232 1211165044
900461459 1117342654
330370903 997087335
866399494 1320883136
855753602 1348922954
1208870823 1330746915
680299459 1197584246
433267017 845807537
1309142601 1334526835
1029289921 1306324083
1254690406 1263889470
329239802 743495853
704205163 763672722
86080232 1057854389
997179617 1099595166
1035196452 1120933946
1102676555 1240367663
374503948 1141305945
457667049 497083341
405668284 439639751
510884150 1190876241
505347823 1343263214
258622359 1174078549
868833708 1178877612
403763891 451227679
650121720 1277364910
613069161 1013080960
318211803 490431255
919579187 1046511337
606528530 793118336
521264551 1187832964
84029222 587116585
628585907 1125090253
1346869571 1402490342
700535717 846896341
1069064935 1153677489
692383644 1187865477
171242669 1186960409
214890044 603575607
369568151 548227345
230675982 924597526
454290982 543645528
883941189 906868003
862359699 1066321514
431749254 628357756
815229334 1203316831
111436559 828730379
356180239 1395848505
488258123 1129204280
1364787146 1384475528
378111011 876830191
808113625 941919684
1027711541 1380526991
1152516190 1160034790
106933662 141583292
164939099 371487111
238741971 623788924
78838787 330932114
165528633 881029072
920328206 972753739
825302976 829008159
200160824 666479719
792153989 1161761694
353244996 1070500649
410127086 426695368
479220024 1061650143
432886565 928430801
308006912 882906377
610746903 963183760
319369903 345234279
1283375347 1385625976
206568771 311665286
451155090 861717002
1031559058 1381529395
840110928 1083570685
251601155 656933226
663209825 1199693901
260672781 459203642
491390009 758659126
865265332 1340635525
1160582927 1350330854
176899180 981357596
347700134 1155618481
1297606156 1402139377
621037760 710539041
1380575108 1395366387
474644855 681227802
179781763 450797059
425222813 754253784
367635180 1179244205
335223020 957620087
112633773 949597634
502287715 779879922
423901966 521075312
507978080 550574324
21553749 1374473458
697884358 1293744171
367604970 1093923347
614382021 1001775616
869897767 1236488354
1362822653 1403262198
1376619276 1389207296
612539943 662127665
138666797 331693028
1238463903 1319949276
411426572 467477951
283959348 1082378555
200688237 362228400
1174736792 1186945276
639996834 1126853962
93707637 139555675
1392129163 1394404860
1193607668 1380052979
1116328732 1179517323
306112466 571539009
1298833692 1353640215
534928576 1281185823
650962378 1217371546
457169545 1280828712
385307410 604137522
106497850 930673056
1253890976 1382743447
77928346 487977065
329630336 721787644
887235597 1301479969
359052333 1285920384
907564913 982303823
102921112 607074669
1408696934 1408936155
1255688103 1376916818
539643462 1338200079
152347271 716977065
421826311 874784065
957690792 1400055507
149419103 699037879
154315709 901812192
878105254 891279678
868210135 987455970
53054556 401033740
352474029 1139242065
184737893 292422301
1014946464 1280811572
1036030996 1136599535
160080132 1287203895
434078956 1085378338
414711222 1398265529
786524863 1267375007
507615229 1143992446
1002092719 1084946309
657746433 796870886
619145327 1252224542
480064856 1356745475
756774229 779839584
99469870 165502409
56898810 450059144
698857198 1104986296
43510837 769016128
590780166 816303672
690482710 1285796743
306454550 842911744
1346340216 1393765337
907761738 929233754
1390942724 1403716875
1368581962 1375170440
873121117 1264299107
1252535472 1369714532
744639030 1302388683
677616284 941785820
45609607 170656468
793697594 818672724
154106557 720919302
1132942367 1276090700
650314340 1410008269
261391374 795446234
199730539 263248572
848854844 874436548
91029059 786014152
963360390 980510145
1408769275 1408860011
170816398 214824195
986156375 1050012019
576385569 1381831471
1188690608 1288393546
373666245 1372522382
692349418 1320619814
203714432 1112131904
1161098798 1193731793
142281395 1196857137
294753676 1299421003
987906719 1079167636
500262275 515736378
595964023 673583251
523465183 1190089692
563241726 1221709682
88554671 507115443
342438260 1262962667
791833951 924121624
846911065 1119132663
875665935 1262653682
1291212920 1371989369
465149252 1211893662
215854139 318062219
617376406 985229896
365872472 624489961
441466709 450000232
1221096549 1327755863
860207749 1218465743
13308107 677376129
1089179745 1148175794
764488197 1187905783
289910086 708368740
291751514 1123648151
694921624 920597074
443915530 680390761
1346460799 1356209861
1164602036 1330373143
585174269 1352464901
765403942 1076907397
1265949820 1395248869
1169009836 1385548908
1373858511 1409506564
1090066779 1261988969
1393698191 1402502900
530504367 1361854340
568805238 1227445208
234913533 527384762
396662794 762900445
615710343 1221589904
705764186 830767124
828727965 1026950878
103825888 314259641
1103154371 1315456333
381978575 1026297132
379120985 1268073116
407366436 952496272
335200489 1209081179
424759768 1248024275
182547549 241448358
669516786 734900704
278264695 1139451316
801226118 932596212
159520926 462747445
686411865 1109733759
579736149 912124447
19985950 313795171
351115333 1273831672
266267776 838337585
590597154 1266145566
620762456 1247713193
359910666 702533731
333107469 1226625866
977820304 1005697896
481252725 909958667
474524337 717692683
659166576 774073872
129717192 331675573
150267857 375736828
409576527 672727489
684436400 766103597
1214871131 1393328882
456632142 1006073956
111609602 363640575
35742438 940075759
351696753 1078449648
147646402 393521811
1291616350 1385736270
481594223 582722855
549578271 808795947
1177201969 1221384062
155554462 571044167
187603324 957634001
109911805 204437681
207906700 632999903
953217131 1386060603
302638240 1231400545
867273378 1102374310
470141228 687485277
513851840 1137780430
1054828674 1289625274
339465578 804996238
1041082451 1265735760
443979578 1214389651
37012662 964648123
97860275 665651903
562405756 923847134
513236210 794061873
481912693 1092778115
649119135 1187880193
1091371519 1387893658
326353299 528172999
963123410 1365719378
838814927 961442812
173354156 896416333
405342803 415236500
11714931 407529185
408092349 1205451667
118248223 1337644800
314992652 1071686982
400185858 1256704609
1152242627 1189083864
757649667 1304397220
4172174 1061587550
455855594 473310130
418576077 1346500949
492955559 942981118
280740600 439661323
357104128 1262823124
766708048 1034033936
1282590291 1346762598
228008339 968920548
200578371 1081613998
692654864 1168622198
1124001168 1370701571
819138463 1284371126
665486248 752407318
63917508 1283017319
1320825116 1331037570
54371074 173289915
517284045 654229373
1246345385 1248073615
1179913803 1343565294
718436783 761562774
1329200631 1401475921
1015948174 1134736298
706273815 954640130
667485794 941554170
899560611 1117908312
864547040 1261097790
866199573 1222154300
864187365 1247130345
696686766 1149712890
950172122 1220135877
91066646 201333148
179686664 1207181909
485864130 980052060
98723787 322450010
538903076 794735485
861557499 1216588960
538805651 548068348
1145846040 1218582053
293843515 374758640
451342269 633046778
1182836269 1302448713
392708218 883183694
527233720 1150922304
616490440 877991373
978840901 1321956134
573861003 609471023
589377689 1339527688
1147406881 1150717883
1020843334 1310879089
1114311081 1238192995
950709750 1053216789
690271647 1237023410
1355210426 1387487135
492504017 749432632
1315251495 1346612787
314828234 1380349840
51018272 836850185
364119519 1391923932
1333805242 1396727053
1382983151 1386228044
1125307468 1131848954
710677350 1054690301
475661582 1184066531
287127581 1234432822
38035464 49539431
192986638 697822934
554022445 729581762
138519074 329646632
1369559397 1382774906
662214432 1041871162
124791381 998748471
293703143 452126357
361981211 1250737047
674677173 680646567
195852092 1101445479
705007773 1269055764
177395662 310211236
95995313 235981064
446650865 1123990117
425229224 534063853
1024343819 1278192746
47855481 468170841
765141756 765180431
1000617513 1359174621
1213031310 1240855217
605212699 1277938404
244562465 651829386
162010544 1003563125
450444770 1188167176
1100433722 1329030781
1177243344 1378910442
1086669933 1349261730
1250135161 1383598908
1274892319 1336668002
440881206 599815513
1349604058 1369203059
1099066364 1400076728
66575007 550936395
87631231 159278881
1381000897 1395312985
881928253 882879983
219480247 343792971
650441902 1119277113
619348253 1263707604
309147156 543674010
420981036 830037223
466
732007203 926189390
1057569779 1381385229
1332393929 1394444128
830582243 1142611534
522331285 770906094
591139252 976421757
359157408 752590342
621587294 1097209487
1393778202 1404254680
895878494 1183356307
570728527 1172467270
536573490 719338991
659090567 1360322698
1122971220 1153993868
908750787 970242941
136983610 642159604
1015281741 1150573626
150693935 408528773
230710048 770093407
82656199 300800257
347208644 1196199876
744887361 959055778
703974227 1364032658
447449576 859859488
1255029413 1349986986
367188080 560170435
89311666 344165068
68336367 747453816
148366641 630990327
45470027 804975006
758112916 898725166
262437487 1155437696
794063929 826061833
1138127400 1328549523
522859138 610105338
438590707 784773987
455790135 570560737
706587329 834068917
1179114085 1353436408
387723814 800629074
1089549317 1309176273
129795685 1069534271
645275115 1391520667
723164928 1067999464
390116085 1227638925
1196832234 1260484923
26034665 360766719
109990002 244674563
83310678 903519290
238987742 1113718026
23393144 856843187
341726055 1282347189
617501083 920613989
163336077 646496713
619578156 803027878
699025473 1057097933
515280593 813614438
335256604 1298852947
836078220 937756376
1169976347 1259635136
304623593 819975769
72260991 285475486
1102578857 1354221479
1179613019 1189909128
334427186 708707825
651786810 831724527
551060874 645489424
1367954831 1397088737
379287015 981617685
1001769276 1207853689
226884287 517466348
1199023990 1217044321
1259950778 1280447896
821403676 1020185179
730147414 1289287445
1313126602 1324765765
950143172 1222574641
1238655647 1383747733
1244710925 1376881288
1238573084 1305651631
420142651 551245357
877465423 1099287052
91638619 772133176
1140688858 1400897070
882786523 1154519063
452733324 485146737
282368975 1269644155
776355934 1112875940
72798429 582756803
175659604 709943885
164343775 583032631
362172296 559645761
384078318 1118306127
262021554 511480908
188332292 1112442863
133145422 741080052
1177258887 1342421846
164857746 925368024
660482778 700001927
614843731 1398916114
297301128 1126286048
19763040 1123059342
1274173853 1319084314
348514891 591309326
575723772 677592196
623005381 1071802663
712728369 1241290104
1348163792 1348986938
39574404 1264580337
77195352 401225288
366144658 860382778
872432655 1042587370
839119513 1212448425
332090373 1101935124
61403228 607075830
1108487988 1240744041
497913043 1062631601
775340980 1150586710
660127187 992661937
581219228 1116137234
163026380 734915747
487709509 1048086162
352470650 1031828986
391469121 1270294326
486121560 1396826915
301252578 529718530
534228800 1056290347
1388370390 1396137161
376445224 670409255
188285814 1136990231
579898576 1354007517
346998653 476091661
549576705 1174308145
628167060 719158773
437405041 743700419
153451794 860304229
115086392 1053978899
465667111 544051099
73621933 557404855
1231391909 1390966051
449124354 861210080
373618385 1085256958
521723775 1121305241
691381577 947127900
163245284 971993741
644983987 1217808247
483707603 1005906153
29282952 775421991
480820795 871007047
398457100 398754696
514314413 964369537
325113903 360030124
115301798 442490399
392255486 729952984
332004645 1206136271
1197147917 1383885256
151904218 468724904
531208515 1291273721
365498120 1189440251
685502479 1048920274
702604094 970662716
816726973 913963611
661920488 896304307
108536741 790735561
8334355 633204504
26904874 557227626
617481699 816527182
432071800 781631929
1310115134 1341456579
1288208970 1359166424
96635729 423228062
485338346 1102277138
526770956 818949575
25455724 763049581
861650763 1079373416
130499501 193730965
1341922343 1392247868
292170243 574909943
1272317588 1332503477
1057327273 1261810383
1007254531 1260993875
658122983 999695269
240338795 518998380
991264741 1196100899
210480182 1284635852
333109557 633454752
127349077 693470897
297822493 713267529
1402515852 1405464628
571799817 1181285570
866114765 1393962182
111731545 397298327
259642340 1023889803
151549332 587361169
524652166 533752030
1006903434 1197090181
891947779 1273863712
319250212 558382405
590743699 738957320
507054624 644153364
624342285 854657325
619813440 1180790543
425822901 1210360800
912519187 966534220
357981741 901731901
515928285 992060985
409178519 865497116
1010752717 1327063723
302443460 462150883
953033557 1234926318
721845182 1232991840
197316846 930446536
1257468929 1346877336
543824289 567369415
237317493 621010153
338621159 641093101
236278229 335825449
681779716 866727141
376077300 402827898
101160661 1235274033
1364061086 1376224070
473844515 1239615617
469484174 857116593
1359078432 1389441269
620763632 832126804
601907260 1385460446
1051776942 1282409631
458729162 480261931
428569197 837722244
254017264 821581928
439077347 1220792931
1359312738 1400742378
1246483840 1355138980
699497181 1179604975
54729794 912256680
439998757 817158560
233660530 566474906
467874817 696534041
51897324 913073404
558914207 1144023468
691231793 1255596206
247228796 860994053
251854699 1238912931
1309343214 1393796604
55952320 498902569
26041192 552739845
1336111951 1384023594
264568436 588060249
736517149 899840895
346162858 988964234
319729181 454223450
658066058 906120486
168416804 208770917
129019648 1238789741
1247998098 1335616432
432487578 1210170671
1177311662 1337237116
242267081 774600955
687603144 916076386
224303012 577670954
363111418 837003414
443376932 451775805
1073441195 1084538059
999705620 1381879421
378658338 1267531644
166912889 718773686
932128505 1136882933
1053408882 1161293361
902566690 1157191523
1273949317 1349259996
1050223744 1238065182
222297666 788075841
550196157 739945341
70059393 479631636
1021492350 1384286205
151651391 606489287
1163776307 1244628298
602313459 1101139506
855767895 921342687
1201061796 1219228540
441704111 453349350
1330239305 1348351173
1369394658 1398205703
316363583 389177557
334191567 1387584878
103386695 1045692921
1169021485 1201315017
636964736 834816466
86851999 895162313
54450152 312881094
15436891 1352943310
318365622 475512165
335810077 853573562
1164470859 1394508751
923902975 1097611675
239395140 639056268
695026909 1171128481
658934452 1003062714
64121128 147511658
785429602 1210448133
1225984646 1281000097
371726013 1010796927
1171235573 1392718059
192562882 835459205
349272909 1197536282
518599519 564324488
121271386 129234131
403930425 1187322130
732865412 998666072
43640904 173046286
407070342 851951579
511884843 513206112
172100600 425580895
1233167019 1310852853
851682051 1245937671
428590956 1204385624
391933611 584765587
77239198 720963255
1288811132 1290946214
789641946 1199070112
1312569148 1343604650
351168153 1116960060
1390378966 1391792783
530431425 1183323987
176555230 1046830846
261084568 1140553423
629662188 918433778
1228853239 1350754060
99769032 407510704
306657582 890908517
95586613 1376536848
433784874 1002040604
130514598 808462067
445444948 632607046
669573398 775265918
845841359 1171728698
24900384 1073827940
320099531 474958361
817381285 823868024
849534386 1104417035
717023174 1234674131
428258680 452817938
423410994 1326903976
306658062 469566430
542285283 968077128
1069819132 1166563204
1086203829 1249489696
1342240694 1380316443
1339740394 1386841469
1071590763 1091784101
784967976 1315686311
672442039 699519106
312802230 1347286856
766665452 1383745539
848609863 973789622
602734951 621213869
685866637 966171420
901262248 937107246
1039345213 1167242226
370748395 1023908420
1180455134 1231339484
604260431 967509222
214974035 315247409
1002643090 1185224129
1167350789 1310801394
795683347 999973686
65576855 618870449
380627077 886638391
85758854 1192328341
391714792 1119347175
907896583 1007021562
1058934983 1128940924
716623292 994140259
804346210 1115098478
965685189 1235992672
139526004 784197195
46332584 921924674
246684302 617806805
134098272 1152007087
186793399 389087581
736193944 1347532872
294805645 981884166
1046406948 1187249022
865538026 1066732236
408905904 1301125649
773598158 1082524278
60762147 230449376
191135207 721747926
522646674 1376197232
782842188 1059783209
776059444 884159758
213913175 815298952
1212202177 1255517902
752005380 1341380868
340022605 1209907031
654076592 1205976777
430386282 1398748176
25646242 247706114
78913242 714538875
1270746661 1345120011
205325738 1012157686
97802770 678870251
133641198 1027909248
1220190864 1354705627
487258263 805541243
140702322 1283651742
677264269 884485172
1313608534 1360729682
593530247 632160543
1237101207 1275781143
66303325 786193963
441246387 1184055969
520499554 683936655
858412831 979434965
311380847 586968373
362408663 1164543557
1174507787 1243353563
323565244 1216365974
648600827 948176096
1261451491 1316007678
1071547418 1163463201
704268859 1268795639
22787667 254061889
433846442 617263622
590958971 1395163428
563649151 1165951219
209162559 626914911
202850479 1247626123
486350742 945474244
191702340 435174741
570709932 1291884549
1062991580 1214028271
492121166 795946341
1294220955 1369296507
1026939203 1295819658
832917223 1225450398
1319223226 1341519819
780900703 1245821124
1377984364 1380051173
446463050 788736133
307450754 969056495
239192564 597517598
670543290 1179821745
562784870 763638644
676163407 1055550050
1119888187 1155631807
72542160 1356276414
696165925 1374756388
291409305 979649183
300844677 1358180882
585781320 1157862596
294702369 338380957
597177064 729983770
1247593437 1311772209
210616080 542303318
643489615 1304781663
381930551 811332350
529822962 806820017
979936341 994400145
624788615 1357800843
630820876 1084892888
674961814 788289849
392055807 923399791
7184513 680957232
551279750 970533409
139433351 393081307
246
673700394 763719334
996258792 1067673314
966137138 1226923190
922661530 1117553774
1366025401 1403314751
98111140 1404121800
165388388 407262788
317326665 745596040
495408001 900120889
649233513 858497522
1275970438 1342841148
1023548274 1081643135
1295193993 1325744467
562116040 1036401578
992176740 1396494044
535498591 1177665924
25164543 1309736001
201789299 626731900
431361842 1019537205
348646998 1168075765
307525216 1217059523
485079199 821154381
1034941704 1136259687
201811069 204337421
572147986 921863157
112179190 336143297
513793176 1309270508
165557833 1186329087
915933397 1348760226
620010562 1151164229
693997890 804471314
142841416 880606034
1113893696 1290275953
846481332 1324467572
563011787 768213320
890500129 1199149990
1235617828 1286653266
150875746 843163395
1156155209 1312643599
121191239 960694866
188449697 1069112615
1341801042 1347306791
580530445 598429708
353926535 716460413
233396798 463983276
333264188 1338768228
707533731 913975821
1055884180 1358952247
381069641 1065781535
242187737 929182798
71168796 320931532
1250131747 1306933345
890120532 1111845850
180629597 446185501
402693221 1103866775
727842876 809599171
624399527 717096581
187264902 438144033
509719849 932087364
405660899 674647617
1138736858 1397274502
1017769284 1023264647
1393969581 1396407319
324883499 704048080
445745914 563951319
1336249342 1362594528
108431506 865165804
321967962 630695682
1057261833 1403937318
1038127844 1381539616
595843167 747303755
397027768 589762361
1118173082 1364288550
553067995 950424891
1379793500 1383172035
877919539 961475113
121827805 529251013
150748922 594630887
274206226 922699049
374125526 742577533
1202035304 1287650831
354816401 855234479
691149928 723991303
1325472730 1362641655
9013904 1101392409
889925704 992620726
614500682 745681550
84934100 767055814
36614678 136257518
133025209 1024361696
655790679 1262902308
436392482 441095439
123727497 726953724
54937768 700904722
472810716 1143396857
1143792832 1206565574
556457351 1233705816
98470574 239075756
395979071 720419610
1251577881 1285003559
177508567 545731052
558919162 1250599171
748555673 804847322
225765737 853556167
642738961 835690335
134291593 165971789
150610190 1313777573
444698356 1183037590
1015105304 1175270276
1401673963 1403847872
898748728 1355825212
805126644 1244510049
587196629 1128496382
241700477 854403540
366469804 646740134
396188698 1111579419
1113312482 1145257662
513478820 866452905
497171822 1322185010
1099958801 1111105444
1234344193 1323093090
93894282 111863175
47022550 499949471
1370319426 1407062063
1215109805 1285989810
1201799750 1405396851
680675916 771853933
126580950 879817278
508023057 1376517159
362855567 831095203
620840384 909967397
901183416 1210725122
636311346 1157324031
470828878 601449931
354895582 848843510
384715551 1308662410
335982356 624586817
565378998 801211157
97796965 714559673
200431799 259575849
413156932 1258230854
699442633 915035097
289143548 543257309
1097055652 1107949593
292912098 350285569
1089080638 1197031868
510579869 807209074
271749345 592729987
1332749361 1367564578
461428081 522778031
16724307 855052872
1023425947 1256287058
763113813 995354988
964711327 1074063919
384471782 429406712
237052624 423169532
202483863 811740793
140935332 151976551
1031098556 1241009374
306659065 1108932869
564365186 574535526
1085395212 1256646564
683629818 1246448662
347408589 376902250
644116397 1135881746
609818660 1353166488
337274819 879437678
1374285645 1389544287
456682465 673008218
246713421 971632239
1308732937 1341651291
988649877 1318693850
621714713 1080740286
264873170 540805509
234136930 835533711
1198074945 1278281093
1014508920 1164386336
496185085 800191140
1259606465 1260484999
146837576 966225435
463948596 979325775
768377385 1174587396
920571406 1362879324
187248813 639991792
487687437 1202145197
499671065 727927153
517414924 798997692
575066722 650688514
757981655 1135313885
558731437 1224155274
875882475 986633205
25528129 40599411
181768251 914487234
1049143797 1290913227
541742989 1136712579
1192761062 1296904944
1015993234 1141778035
1205793562 1361444631
651620680 869917526
21813732 47040002
338528925 599049852
58950283 865333005
502417870 844234454
728264087 865266397
1394783346 1397167899
771222928 1361442854
113142867 510734507
1228076173 1290251280
628468707 1163185383
1254577437 1280236106
729716797 1089937118
702503241 1265265550
912026934 1067269524
506808703 1399629009
523612933 1141268075
693619410 1189017575
1168378349 1184785500
759673920 1025137964
285667542 450048482
647264 362823007
199325190 887707301
532903288 848314012
712578647 1024920423
289656586 1214699302
249503195 696241259
825985850 1039487203
209952139 1175201977
570220119 1194735805
510213027 857359461
823952361 874943779
58890148 799219503
1143628293 1368039592
553809695 1126774460
653596095 1125377145
407806314 611423236
1226221935 1264695703
45276692 191759633
1238824859 1307413351
557215570 860617347
170517100 606709871
680724360 807529808
644250892 742560323
474888842 580300611
610469757 921915012
310978520 1138196274
546763038 763940686
567
1355621100 1374003573
298549285 536334189
855389102 905935027
870018782 1148160338
243025795 818326467
1175681943 1208809385
67522602 593001522
424445952 1127980795
1341991926 1369454522
806208982 1233328039
728982016 763127979
922052983 1144745399
729583611 918650842
11269846 182910112
1307886359 1335194677
386424207 1116035863
831996871 913107287
811622156 1075462856
294487845 423982673
472420705 670337537
740502721 987074501
708867321 1104227161
80300384 1151040429
420292975 979313185
222381905 268455421
132315508 318283288
1041413361 1230341043
465277283 779224058
219067708 1364396048
1145470746 1148617470
829787895 886538337
506269075 815751670
499967203 1026291606
1249142787 1272135635
1263339969 1349018904
672662513 1381334814
456805933 782374378
541026204 969333073
865729929 1220409882
283745462 386304131
733348591 1025611351
174179686 1104535131
872061901 1370021618
668205465 1183256358
1164480850 1234393927
406350813 512485072
2842393 358902817
941726104 1099740284
1365320521 1379023248
1399908811 1409294025
315697619 697219050
702972333 877946053
121254694 966776752
593536736 979495168
746677099 1270791163
877662667 878434599
137162251 336088790
514210599 584679485
545019906 952989304
537424921 1178104003
757776783 840446196
576819175 1033935742
234627909 575744979
1325276996 1369023974
369011442 532253210
1023965917 1114643486
813514819 1156260557
1071532893 1313524599
613506735 1097638670
1180213234 1243875030
563332200 1046999795
789927822 957967221
803211342 941366048
1141025753 1212257965
475728065 504914121
1308331448 1358923036
533075642 724254167
1371484460 1381069116
387389804 902265666
1143127976 1258308758
179403395 625015922
924314638 974325358
173651897 872401580
739041408 951928036
458775510 879970279
630983492 784626376
1319748694 1385226052
702020497 837511821
554789638 787449232
881789034 1388845802
230027174 895287349
32227491 647956364
735458053 1153967139
404530097 1050008330
380884739 1398955221
1243303044 1322383615
798426624 1087098445
327781937 923453835
841150117 1136408129
403037012 703021255
398697772 824178954
1040521444 1228539420
550604890 724806789
322285785 820950337
225979743 1063243171
1140332735 1146195498
586535997 1110745014
609794534 765132942
563070723 715700397
57673579 1352426117
1202049358 1231868980
152909972 1248763799
1360048263 1387304100
1248553666 1360449695
12388444 553522187
239678421 1072182564
162276160 1387780724
978713582 1349366579
92390578 703110215
611089832 759382226
816428943 882462980
207265237 916073418
1364284072 1395733041
886364658 936539410
312995231 498212141
1148696880 1401817596
466998469 943967138
1271271122 1365813047
34479358 103370894
265304971 368856848
239541546 346907702
973229513 1313103152
558300694 1100140677
1115691242 1366164671
1176341915 1266895320
588540989 977926995
321393949 1068047543
891798249 925681071
439306536 637752816
369120293 1142953247
69304077 385292785
24838809 639869182
750308182 841878687
14668985 341121877
1226726864 1346645103
711773512 723715103
411145579 505291933
814305733 1319076326
60695958 175252672
1237184309 1321399218
573931290 941738726
1326549671 1371346337
516559364 633524965
1171688865 1327053965
427503800 514465821
163499336 261420236
373252806 592913510
428837087 1204304739
1243617746 1336728769
93909909 647300925
1107557278 1236685482
626474320 1277552492
530294691 672840280
449080624 1124751881
157849862 669121765
776394086 1184854180
192320469 470500544
1295508860 1396502678
89703163 1158179754
459805998 484546869
426458277 960367037
1183482145 1240961587
216520830 752640872
574877390 985713559
520542258 691407856
649101499 1042067294
827980539 889585489
352748084 1317523789
1307096460 1323278238
664392010 1296013316
820929922 1291176958
717933750 1137578907
1224995566 1273959175
1117442470 1155370642
1009899675 1278174540
128127088 1170091038
1274964258 1318234884
919922416 937396663
181556246 1332881778
114439593 703056752
69598450 102862717
1156181210 1266058804
15418650 1284367778
1071042417 1094955085
431945782 1138087310
1182103861 1329654341
191537007 548189305
1292095332 1391200077
1152137429 1222386037
567203114 1286350655
736424354 822555631
686577444 972369789
1066130652 1164913347
830362874 1278801916
240267409 622072521
360406277 664176947
466785129 879827951
690491967 1141277814
397195 1279446987
67403789 996354822
499571474 1256302569
216451835 397217472
1070593775 1130087745
1130240540 1406468685
685228830 1207209088
959950570 1307179581
316293150 1049839912
302128640 1090396025
73742742 529402465
411544331 537169826
1397784082 1405337159
221033914 254008041
772817182 1395686077
1252598295 1355470251
1345584876 1407912912
215364666 963265100
524766741 1369708750
416468875 506366188
674221918 886565248
645460060 882783011
981091156 1395713883
725764467 974852771
2822572 411767716
63228388 576635522
44865459 1262875632
321780734 793337084
74661578 533627806
1323128776 1353235120
484539932 1031575089
199922874 1085168607
36884646 274685352
17758729 300782443
272002755 1224309822
1032082894 1212491711
918340032 1120600358
369187803 1135624869
1259461849 1293750641
118980789 1081340588
1267583658 1302744156
640827893 876655484
384956638 1051432818
711359044 1352423047
1262701296 1275487600
255714104 269394736
361955403 861432281
1395151080 1395151926
576148377 903455181
466916611 582748355
525334601 1041846091
76162207 227916068
664021566 1146087086
321414895 427164413
1093280179 1324219304
1250384602 1350961007
681493613 1117230025
153906381 434202348
394648977 488171787
1378043751 1397911732
309333944 1092501901
129340423 359900837
612358596 1300976168
267353630 1017054632
627261400 845904163
515173590 652059506
859708051 1192501742
98908122 1175908246
778969239 1340550655
564817396 992936654
934028898 1140599502
634662910 1073637420
864583283 902091053
1259678870 1389268586
501378481 814883119
456192660 877978074
818113868 1318447879
1174920452 1193916049
831244839 1037412949
1022005710 1235433163
1155755363 1190702009
724524792 965140210
311784548 608397590
817242205 991664910
326766490 493932273
729564076 967228959
1402134715 1407724024
1284969722 1321820819
255046309 749361901
179441214 692836335
121225247 264299982
1121341983 1127525344
1215764411 1365526219
645339588 1017762055
743523058 967941775
1283451821 1404956914
70055381 102758101
339752785 1103457038
450729065 594610364
183756562 927820838
649747350 767393702
614855855 1326326285
789452219 1182416588
1331883311 1334619539
752934017 1040177971
354618253 1120083986
633146712 635336117
1356860424 1396033777
659618548 758823600
910500728 1156320049
1338023639 1398673868
204099828 264355108
156087577 606986046
405161948 1331165633
551626064 735902219
36253425 484468456
194969558 1121466389
237040074 1036720953
708655711 805960244
365728580 819361092
242525012 653935085
641990745 1184006336
379365636 1386449950
773521792 1011895566
682369467 1313750690
713917665 990001984
295839763 1102616792
339272362 852171995
188335406 686586707
470656846 1213941544
1055717596 1150999047
150642184 908811365
896154387 1327397154
242102627 991064723
1314899829 1356226831
5336305 605000520
343512944 558440516
489266851 1358615434
1288585866 1344649543
582214006 952508774
794009503 1294498359
533195049 671912193
1401661884 1408730094
936737511 1191612979
14662858 24928176
717028030 840345351
1277847041 1361914440
20619652 569203777
329979633 1012867553
110748650 419326180
18382969 525873335
322368960 492831925
587190885 858068003
568226243 1222862444
817919148 1221739396
252011027 1301001775
1104477681 1126396205
656098776 826693186
641823782 957454623
556107039 565622704
499020062 1101533627
174720590 678594124
736273909 757168635
1086802095 1212325093
146872940 1384159824
248407855 759540371
908143975 1014281482
671288538 1282682678
338699827 1314315968
445326474 1114138608
791649304 1055081211
543553862 840456709
682601397 935980595
257703849 1244157571
338934827 742558261
130427232 621922661
355591816 450758253
212214982 1254273971
423615556 1125530260
137340672 230984012
529018703 1295655992
1277820121 1385505189
512509838 1216255114
865657289 1201338756
490433406 926014676
659107431 1409771429
690101504 722674612
156769355 1239066951
579268767 1027991205
341789312 472241365
1006368138 1245875194
890264222 1115917992
208523335 944613117
604509768 1075255860
1049396715 1063824880
689453335 1336799313
643759795 1399156075
560381887 1263434649
91363696 1038622638
218635327 683284249
945516237 1072292056
660425616 695307688
203783091 784957918
747437613 1305418159
53477127 1240398647
1207501890 1392375748
699500598 1059467588
988493818 1202838041
938723119 1117036742
977176042 1072546412
531762029 1062311717
267250892 1339355575
947475560 1024471559
41299025 946991870
447140235 538067794
664044247 1060142433
547096760 555470740
27942955 1060383753
445506605 1032523669
675499344 976210911
664068311 1126329939
81087177 381271979
504632500 593989179
1193208065 1372533898
436697961 736707546
511413862 1023022022
3135976 363067780
735090733 1119702447
49679736 135584797
933076997 1179602072
147530810 579814573
289170661 519759829
778097948 1110444884
344868461 1042347282
9238704 890486036
228915186 486353282
1272449937 1359835236
603950267 1030022174
916560742 1021888917
1065804026 1320918294
33771805 1386828810
476356024 763331007
616965930 1389789654
118583181 238893360
152564117 491447065
1285701556 1389025437
623392900 720776021
393222965 888620325
496830812 789447303
264686529 415931099
381356893 987728475
399765429 582020771
343040823 1217722115
1053866366 1129083997
868816623 1221310934
528711975 606476715
378927151 690822741
1178078149 1296919910
661631175 1103950780
1404342913 1404498032
254258063 713903056
7437572 1016664972
121285622 1037107240
259257296 946447467
884988302 1194988162
96280820 591495767
219805378 1135475413
136065063 456751680
14178372 189263643
1330254868 1409708982
706164094 1281046937
1289568780 1301541740
525449971 930609503
155568138 534764811
724182578 866832173
605657068 1253534659
1000158410 1333678165
385190608 1250124612
1227512183 1240347916
428283078 685098671
87467185 755732741
1040322903 1118455361
72973692 489131399
1345562686 1362487956
1151261862 1275710161
51052806 374223162
687988005 733497989
358533046 800758362
246824932 922396562
467242548 887508128
1399658961 1399866266
1085944062 1277631333
406675390 603551374
278347910 742430811
669792031 1377277642
1383014897 1406435781
162798568 1159663067
445404387 503416156
1312268479 1320933833
618124012 768600605
80545717 161758590
649921354 901328226
5722934 785807565
1092575488 1209320233
39199322 693222500
529003987 1154450781
456201491 1016876537
476534600 1058816584
1156599131 1386733535
1287724186 1378644238
421108493 493340353
594058689 629309322
299804844 1154551273
989293920 1105295701
995558905 1156674625
1282583195 1326358323
1407125790 1407393711
428573731 1111345994
443095698 1288451172
339177947 1400111810
247949885 1036326810
141617396 1171686971
132191107 991279424
505058737 1242392439
305950095 1342248043
503648736 989571280
207251256 654799689
854114551 1043108118
1210545667 1387746373
824680081 1313807328
434860893 1354155338
955272118 1137289159
1035976425 1324479004
375549456 1397988914
949318914 1280565853
357328016 938397531
1260051134 1314111182
1385123283 1401377978
423937255 503142716
249872519 326391286
1128622772 1250206150
772174840 1129264996
236047441 350106817
761929079 864733432
322156728 1227296616
141594962 488549775
287465346 440806107
557618735 570809997
1034228322 1271796682
554618541 740595529
287384463 379504254
1031855625 1062089552
1265123342 1302519129
646830969 1059777906
238109258 1141394283
601706626 641883625
794892295 1210969758
614676147 1063283875
4935566 488034510
123
470980785 1299417917
722449759 887573981
271491288 1227622818
935751532 1345538265
577210102 823149055
118077237 942724610
1361676317 1388541797
120331602 452271721
1011552193 1071286098
1333032214 1372170389
63071511 1383422769
784200423 1076271024
296121650 347336786
609177558 740355064
998871517 1306898641
1353477926 1373198277
428107589 837051321
69719737 1229926173
1058863724 1338165554
482305564 772428539
423776396 1376344908
195166908 889692440
1107855964 1120299634
185865369 303071571
958177076 1129145262
556718823 592300766
263210283 810748309
702325225 1006104525
1204061642 1239016227
1172289545 1231454183
477925765 675160829
517999020 883423776
374462257 450121257
1350908876 1389594127
307609525 1149341419
74872234 696694728
3842229 163824317
83373266 463933474
12410693 536299596
217724228 981040803
959380777 1001846743
665398134 719502218
486319950 1127184840
561976814 1361954333
366159748 374888725
792515665 1065763922
226748685 682316499
415796656 524579319
935452494 1310599444
244920229 893695903
1276385257 1406918918
695166631 826657450
784924937 1086561771
1313334 184600558
756137396 1099221753
695693344 1278019920
692501556 1086966752
713146962 1194442099
582298117 664904955
704932767 1175258433
355461276 463365671
533879052 1251192388
1159828207 1275678190
278615541 358983820
511967292 1202165443
260057547 725467864
715260266 1105799892
1261470290 1373382450
1219367604 1270349048
61315025 706066751
277625655 1124626480
310937306 711956014
1277271858 1336213370
718315362 1310269605
556355582 1178656615
211709988 642256572
657631566 759026973
617643402 1104202230
367733545 1297736473
167578321 950639876
392855853 659495270
82079686 926153190
294940538 885494450
75708402 1357614292
477202175 482898003
69921292 574310359
482591094 1031237369
791550735 1202267218
34641311 481574110
1061635050 1279378090
392150327 1242656097
419871228 903505048
678859735 1245135687
293200593 574732082
744448047 877140989
565915834 754370722
712649651 1220011895
1319184791 1358635240
283614946 367704014
479931701 1376557050
77268705 532746863
673595130 710061978
285400748 666159350
480997501 1069685060
196606684 393132392
179988105 721889188
356673330 968925209
51861728 733944353
630292361 1093417242
364305749 412041387
317421275 445990290
607696374 965145066
716688023 759999878
559134008 659992175
432168354 1078507736
946863506 1103852237
1062242702 1376103507
648532894 1005033627
54068496 604445548
117530130 429648631
568278146 1105445339
1052997171 1140646422
891430938 1409056499
658
706184889 751840659
1083483357 1258695320
7138161 634473670
62372253 343567969
1008942219 1264294477
74693044 456140492
1143564538 1406255246
557747375 1312852303
597777484 1123839639
1120500580 1348893830
633629943 1366614577
761674246 967279131
92923958 481101852
122934689 396849617
1394032120 1396679659
1004449595 1380224344
1254459175 1262727438
213691309 308249582
605570596 1008820017
690929749 956656462
606263211 919446425
231323158 1143223752
513553422 1095016054
650962664 979640375
130198680 941654203
856941275 1225462745
681631162 762119518
534768943 1093619596
732714789 1172745343
681918754 1363809415
535100910 1166255323
1210599802 1291864904
197376208 1279380485
633946735 1098312809
1341294267 1397582943
568206214 728393540
586350223 718466787
798566447 946661973
242100963 713968750
1400717733 1401209120
1326430501 1405309736
85760234 1028216095
399556213 458060273
395139250 406687431
174016893 1001034891
1319726432 1332549011
39909864 802395430
316027452 498986597
559069829 885951450
594562709 1146386830
1368915308 1400447280
1096786289 1325637249
790367438 1226920471
160900710 740733603
862627129 1070448266
359565229 1256897921
466647818 1276807250
1138448698 1155815775
762102332 1163122247
1388790440 1392653338
251013377 1030281944
680450030 1312060846
142061883 335300887
728314567 815643125
113888710 730975719
1351680511 1397050069
396654946 1400327645
101213416 583314599
828418092 1255244356
1223193759 1317869540
148532704 619844192
515612618 594128112
46757813 952799369
554158141 810444459
710074606 960044409
100659661 280895556
1037927077 1048049936
973191831 1113472943
87999861 168024279
969485513 1105407166
883733714 1150412048
511714414 549430063
1391220520 1406200546
105311777 1182718119
1398620507 1404348376
216747645 686586962
210464723 273242934
659877463 835079059
736029806 887413433
1400483362 1407396315
687750940 702746798
232828877 449376953
290099407 792812596
400215832 569557431
1043740936 1238567597
364968306 1409862354
418229151 708283044
200348669 470900654
298855951 564841117
885353104 1344661647
39163845 1019091499
1085734021 1260813665
65698406 330901381
417841624 1307783018
156676322 1027410380
115953866 284035427
250627309 823734594
357996182 1405308104
44147870 114593945
800640473 1175094506
374692085 814791957
96185221 1172493911
199544810 1057416622
270173328 886163866
117499027 324517846
310939579 392364037
648716374 1353246759
337703019 1123635485
1150551142 1304833341
1062438551 1119817065
26578079 441654193
956868797 1385678920
551457802 1350702359
114524346 851750391
176526901 1027441433
1107749788 1265151428
940051810 1221925115
1297123440 1406639025
635448377 1168118090
481759828 1196271253
82361275 218259091
308836624 466806202
804351797 1056242208
560596019 851781719
893419079 1394275290
539909423 676669951
206089123 528325709
56704295 1161314231
791119994 1240888638
219885755 928635878
1049993212 1094622599
51493436 804074725
469893461 714318992
260369507 578227774
1319283171 1341406222
161949483 846293478
653192590 850252245
693801147 947122283
1326117018 1352100556
1268531320 1346775892
1359170370 1377961555
1280530469 1319469869
497343965 1001001138
347107012 398033806
395221139 779966161
192132966 439426570
1318266086 1391975571
276819035 953499691
96935239 946738262
807296355 1072656297
122113556 974313093
152255274 888188035
304850535 669778648
895727487 921695397
955653257 1143488041
66350484 673621893
260589952 900351147
120890503 385860526
373560761 1281462700
38723035 293428201
177202136 284310437
986305831 1243556521
492633531 670579443
20486174 121787404
745330899 1127644180
947794277 996445680
28459476 319953918
88974346 908720641
504568167 1132383877
735475593 768262898
1352006045 1365214301
1087997919 1385224964
498801977 1175595756
101453175 787012300
456146335 793622656
210748214 1252941499
543198432 730256785
1098095200 1177223786
21825879 169271974
1121957083 1316964560
1091695458 1181790296
154421087 686139202
191709454 533935266
612351908 1112297044
674847707 1380345435
976516676 1319515129
49462988 515707707
479283940 555858772
656142053 681339689
1127632579 1145732607
309014652 570839281
303583253 335727254
1004718655 1114247542
552943296 1218099618
351783932 744797247
528006109 1387218489
222229443 697662735
439767905 449469046
418131089 970061761
685099357 821840925
522013594 817278139
198635829 280768919
1330615337 1385175164
161960847 1254376742
409303132 778089644
335204994 764037983
682602823 1170192773
431620387 638540918
97108592 463076262
614414227 654636716
1386727816 1392509694
23883784 311752584
304984795 435088351
274553258 985371152
329878304 745146060
520643235 870413051
1247898737 1400263665
350371276 397886421
37790390 725954209
919505267 1020812787
237632762 1376336473
158172575 907586519
384665995 909180657
867525747 1218180420
546704044 1308615997
1229910304 1407626164
141422282 905299232
414499999 1017348680
420049222 757014864
1206523067 1384760974
47759727 100641224
843183718 860210041
114996361 787339676
254652472 774939814
943398686 1386195037
323393263 1356674390
344289476 412219387
27936636 744733341
1091973863 1139989265
11618923 797457642
255809759 853440730
598657788 1055068105
1140473277 1142351472
83348207 980709153
189543428 898215087
121122422 845352480
306876713 1188896572
515787653 1013037874
1320120266 1343686650
226735432 930989840
530097023 1077660767
112066667 205112436
667095705 676105133
143742076 845132359
376940440 1250617301
64105924 899538812
230283403 263186698
515816286 1354252971
853737684 989085179
97407758 1266645944
959055892 1093543745
142685225 658615540
1395482366 1406705030
307592780 1101697358
1154719300 1289954352
155911987 650946536
325127220 857158041
690648724 1061872449
238348620 660106271
593413024 828448027
318903805 1175983887
941419126 1048812470
867257000 1112987397
8167799 410375922
52422976 585858852
1239716743 1246423415
481271079 1104031386
901965227 1260816243
1247784864 1398765507
1030853861 1216466299
434392466 1241394014
1390189944 1403838574
362879890 688359134
53554056 816778981
531470282 1388061986
774909722 1098795540
1179140897 1190885176
196957116 1238785255
272686221 480345958
881868487 1300963940
1244829746 1397359405
320270361 771153343
390043447 1289583608
465853298 1018788515
400437202 1397985905
374673105 1231557368
521636164 748397125
582858671 1271053381
1328761017 1339315236
220850958 495543964
50472013 512187255
31909862 1019699373
1046759481 1073650404
668300537 1367066067
1299164634 1318473588
212926325 754934664
674632485 1267203831
312935273 1113657261
73326397 374357409
633821089 981244965
611832673 989017968
907480922 1236403919
789945919 1071436810
1311251298 1388057373
1167341905 1365070141
263634391 346329085
107306608 845454110
575886425 921102634
812252981 1396041308
1067523519 1266057027
1007431001 1094354287
328136098 982174181
381861666 817479945
1300898741 1352481701
151467722 1242777001
701710892 915483732
662165303 1372603754
908128015 1361471787
569874732 974477460
553105634 938335824
907830867 1194948160
949327777 1292352145
32801895 933058290
66150853 69833950
492727866 884753363
464328888 703087950
932425956 944646044
1002211265 1366006815
245873412 1041431976
254206610 839919476
215106231 1307590492
602373086 1355764015
778142301 1022626367
1012064311 1378760825
592708564 1078839484
719009559 1069166031
616066003 723218280
1262307455 1334219664
1343472404 1384972408
70709501 455255539
74567218 514905660
705184163 1320145304
545769551 922187328
349589998 694706028
423673029 1309328240
120278938 1254524284
677863614 1382889643
720669823 1186710700
1256662527 1374761402
762640964 1224377422
131382667 1311583046
1299650147 1323950934
720995262 1358909147
821155075 881147429
538120508 651396728
396098042 458307975
90125386 583202389
543222339 1145905807
777177932 812692225
500880961 760038658
244302269 559780323
269925925 1053552074
951113777 1225538488
878939099 991979515
962552944 1361166269
83091534 182697851
108501658 728274647
74265198 266649469
520865705 1265263096
480129403 1119742910
944104865 1112997997
181083751 839933707
1244992128 1267386466
661550689 846152996
1016930895 1259106686
214087716 231020940
644717032 889049058
145537538 1123192352
1142289811 1276087379
119922149 576010805
705214262 1037384062
609961605 938213613
40373916 810087560
34426619 953170370
155121037 1238904319
40794146 603980740
898772016 1090392654
531516221 1215077112
479615780 1039090637
768755380 1102651941
648603254 1243093647
853364398 1226130095
176868916 605792454
424119082 601568805
375357763 798022242
453007810 736710262
1295866892 1335134383
504616621 1379317037
215535083 755523440
1038052293 1155052003
1279361943 1303447832
109115993 770820057
1187888676 1382406795
202439001 853324583
188185437 632614938
592435941 880092129
107517038 565770200
348345844 766530118
710211007 1094176758
1389916274 1408539887
900006174 1385192295
2112488 460691861
566307049 1365417183
268251016 840840869
574192131 1177513927
586718034 621919718
1166520040 1378494507
259451101 1032985243
1281914156 1290032716
710037772 1028054127
1361508531 1408334031
1011784311 1023510751
711768669 1335454677
848318303 1056003829
928998938 1394228924
236442956 571890368
180835631 647353087
1149666091 1173899596
392561412 1338451754
368036699 557644687
340383977 920025150
75743432 162398667
249026907 1140827434
1098095355 1150492247
312078736 1359943112
688797882 1210491123
617720211 1226157004
924277959 1061793678
661759169 780484981
1327501575 1350877168
201418398 1279051491
466088561 849606417
364265287 1289513031
1077773535 1240749836
230081761 1054153856
1133279579 1148349853
212180879 837232904
250173636 1282206250
726624848 1080290351
874933450 891666716
28399448 549940130
755270244 816064341
651685072 1075106501
88455167 504366408
552068697 784734656
924513283 1070396954
708590241 901845928
17983902 223105584
288500144 1287413183
412778467 1364306636
531775309 1180566707
707975716 780141174
63177533 77127235
442604843 835447170
60461675 245505604
109629532 538350059
1262773878 1380386516
520793164 973811554
646163510 1351812469
476000013 783854039
444163857 484594692
242866625 1161759693
550386375 796504316
291353672 497313492
118841544 801802951
682344121 1364792482
421505386 618522385
934367021 1153112601
288546296 845915972
849392649 1227567980
9154141 716898523
393401844 716182345
833580515 893591968
594927745 1203601959
928780801 1376288666
545435282 1238704942
156064224 971414904
644700256 699633748
228216133 1126444921
605445458 1177361323
1067647920 1354880653
1191233698 1255206861
459256757 537086772
677054792 808522948
578598372 888846234
363644261 535478175
218452140 975821061
652767045 723549263
1377278413 1403162346
1379779446 1394044467
159034736 737304446
110117093 954550871
312040876 1351869458
425306622 697156704
508647713 918118612
672380359 1287199238
293146605 1053378416
185012655 888155364
419733003 968662456
456990218 931712427
257208230 1155405258
1341880334 1396282975
943123066 1071262311
1382924699 1398553246
65084602 605392963
556110240 1392871554
848863805 1337144830
501755133 611870095
538273083 1157769300
650012437 838046792
443595909 517734355
81482888 684945721
511117327 770393076
840196567 911033755
385478829 842454707
128293961 544849688
348296154 367428477
873323900 1352265478
927306564 992685761
410508059 868162488
389992367 1284895467
726006783 1348285867
446980916 1135146980
151029869 975820795
39476752 782975026
658587597 949633959
1309211126 1409484834
690390277 1299049332
1152038231 1277202226
193341199 572752839
57386058 451686363
1278576532 1297920366
292109159 878887307
768525472 1050555410
394793903 1056123485
112219891 456668693
1201669457 1378171616
254868417 638038934
123114409 191183844
964082779 1030034666
715562580 936076206
332635226 1161291688
294414505 963515100
864749817 920726378
622101597 988084945
986707550 1258766354
469132547 942925063
959859364 1196622207
214480625 476415224
1372167100 1378822190
585721672 1157441132
490461331 545690955
1345608724 1394611085
539684046 1051984107
662024199 1024560834
496832882 601614502
1295832507 1328213554
637375552 866194457
60365756 903957445
456903961 895326870
483720374 829980094
930258933 1014630196
136987760 166085493
317838547 947362426
16694582 866304108
627262776 1032881871
545146196 1054275499
1073640930 1133244583
504839004 565431661
1053192035 1357535256
159255894 171494239
84101848 1224670138
329245038 899059043
483939520 668885852
779996290 949574209
725029070 910428146
336129950 1076657937
595423813 1225700066
918752933 1237427370
467699348 747177128
252521596 679820785
635861883 784736213
157711496 909194858
765058167 1290724740
724848543 879511803
620937385 1006663122
35943357 769683660
1122743336 1371178787
34773735 426528873
1195900443 1317304885
530169804 994238047
1118061796 1230107567
212678034 1055853460
374244369 590633185
1097631295 1117787137
1006522597 1372513184
370054901 677802002
1163165625 1394480570
1211744732 1222950656
109609417 1166886329
105141652 623401243
357454407 651756702
631390217 1403014967
44392040 320949029
127245797 1036198267
8327155 359669664
215033383 1355510487
434365772 1014103238
296296199 640249386
18419081 195700725
34073439 1365733836
1269540813 1392236069
204314144 582850114
1398661077 1401855921
1026773577 1173928495
1105520233 1309765830
1175696462 1210065135
1236152570 1308189988
1253770295 1308244982
377767927 663873443
512436551 1283534188
1004648602 1264925290
443088679 1194045918
1245684168 1260841364
511633409 943253850
683271264 1138341507
51407292 1154186797
1089186761 1112680706
