1000
8977361 28947949
4105618 40143022
2700516 26666712
5308113 20303774
666871 99342236
9026099 88551555
3712181 92490801
5661862 85226083
9582330 24450533
5622114 48952122
605344 67477347
998703 53334244
7360690 83381508
8032967 63148054
531449 68159272
7563109 69508879
9623320 91668906
9651707 34840207
851716 37476342
5143917 41518677
9334556 94170215
70118 75563158
9177155 15732189
789108 8759684
2698740 16411411
227934 65820466
6404826 91226796
6 975
3 699
8 744
3 287
6 477
11 916
5 329
4 171
11 600
7 511
6 637
6 819
3 406
2 877
10 53
9 364
3 34
2 51
2 582
3 321
3 344
3 510
3 971
2 480
3 843
3 29
2 479
2 802
2 929
3 624
3 825
3 722
2 482
2 67
3 541
2 835
3 336
2 988
3 737
2 590
3 889
2 492
2 180
3 965
2 687
3 803
2 290
3 83
2 728
2 548
3 248
2 866
6 359
2 6649
3 1887
2 5679
5 1276
2 6814
2 5392
2 4067
6 3154
4 371
4 9685
6 8887
5 6720
3 7541
5 9422
2 5720
4 8953
6 4061
3 4180
3 6863
2 3350
4013838 39798420
7702953 38068761
999325 46505220
4525202 93482570
4367244 58459387
400502 64585449
4191646 88576364
3881699 18248490
7881916 84472088
6782519 37514377
1012007 92933283
475912 19858169
1845421 59705056
242805 14826623
1628256 56047326
5196740 78158446
5845652 55416204
6227143 19361419
4437463 20752524
2843845 98804856
1728039 75760769
5906373 55919854
4337009 99788181
6684393 24735306
6776368 13467021
2249540 30304746
6400170 25241943
2 75
5 593
3 852
10 768
4 861
5 618
6 555
9 390
3 151
10 477
10 52
5 231
10 932
2 355
5 416
2 306
2 997
2 172
3 981
3 378
2 818
3 745
3 963
3 470
2 472
2 56
2 195
2 341
3 722
3 34
2 952
3 60
3 387
2 794
3 883
3 641
2 599
2 506
2 233
3 388
2 634
2 658
2 442
3 387
2 127
3 733
3 190
3 23
3 455
2 656
3 420
2 471
2 929
2 268
5 538
5 3360
3 1395
2 9675
5 2718
5 3324
2 9409
2 6676
3 5405
5 7592
3 7963
3 7681
6 1536
6 5602
5 4358
4 1996
6 9357
3 3799
4 8658
7140736 48130488
5488819 10541383
7659291 40798720
5618223 22610788
4236877 14456417
2791674 98551568
1993133 42853543
4970291 47570008
8109674 25419709
9680782 38351196
3549459 22731133
936251 61479213
9024470 32881071
5755037 6641768
6273993 39293027
6558300 35931080
7423351 52047309
6472409 95082832
5362017 82090811
209698 22115385
9063287 53001511
3182971 23572841
5854900 78153452
1142645 6481005
6089289 93339889
4832077 39638847
6070888 75768498
6 399
7 884
4 67
8 986
6 422
2 538
11 747
4 436
2 777
7 393
9 48
5 421
10 37
11 131
6 824
2 255
2 464
3 920
2 94
3 356
3 725
2 89
3 469
3 153
3 217
2 84
2 45
3 519
3 668
3 255
2 366
2 428
2 79
3 72
3 968
3 119
3 753
3 597
3 163
3 180
3 7
2 357
2 199
3 843
2 237
2 72
2 39
3 862
2 561
3 1001
2 793
2 216
2 6008
2 1695
3 3881
3 6973
3 7645
3 2266
2 3389
3 1717
6 2512
4 5270
3 9947
6 7493
2 3327
4 6878
2 3078
2 2865
4 3800
2 8935
4 9648
5 8510
3 838
3205021 41105580
3799422 28875755
7996100 40343592
4283672 36207718
7606616 8234906
3024466 57865983
7508003 52784687
4437647 78118791
5240233 90080083
6457497 83449374
9352864 22929550
9545015 60551927
5999134 17589008
6704912 34073363
2252508 25305552
3369714 7973880
6411008 57169285
6849591 34407287
28975 11133453
3131073 27635720
1884467 6155688
5501570 39392529
1456494 59939376
7511126 76696866
2535498 53968822
2662308 44404793
9414480 92207422
7 873
9 932
5 566
8 497
2 486
11 301
2 528
3 479
4 948
11 256
5 556
7 821
6 642
3 954
6 126
4 90
3 697
2 315
2 101
2 402
3 602
3 853
2 743
2 925
2 723
2 571
3 402
3 448
3 10
2 643
3 692
2 127
3 466
2 83
3 684
3 584
2 617
3 130
3 762
2 201
2 385
3 196
3 595
3 824
3 759
3 732
3 630
2 271
2 731
3 375
3 549
2 414
5 6777
6 6157
5 4862
2 1155
2 8481
2 437
6 6323
6 9455
5 9313
3 1196
6 3708
6 643
2 19
3 624
3 9419
6 7984
4 8889
3 8990
3 2958
4 2574
4 5994
8832697 97599269
5359357 31222937
2509674 85841497
9802871 87754206
8415965 75503247
804535 88301256
6139252 21824536
2785757 70732819
6525071 41316647
8116915 23741242
2305383 97108938
5549322 23782047
2587819 27476621
5734314 90051928
4271934 24489612
9308447 85621012
4604909 44667863
6843806 77114733
509246 56646836
7385077 98925371
4666101 38189801
9742765 20805483
2530296 35044883
4054350 76361527
4687615 77829229
1183109 31796561
5894770 37481436
10 26
8 896
5 992
10 551
7 781
9 392
7 414
4 320
6 427
10 662
11 16
6 474
7 65
5 520
10 238
10 177
2 898
3 542
3 736
3 5
2 524
3 999
2 81
2 836
3 998
2 287
2 941
2 776
3 972
2 612
3 574
2 904
2 574
3 75
3 251
2 260
2 906
2 425
3 9
3 206
2 472
2 451
3 684
2 131
2 955
3 17
2 962
3 713
3 80
3 279
3 298
3 817
4 1623
6 3988
6 4059
5 8541
5 8959
4 2819
2 3212
4 8972
5 4967
4 9310
4 7902
5 9625
3 9244
3 6313
3 1403
2 3579
6 4274
6 9345
5 7583
5 1450
3 3067
289816 78411302
229238 92826654
5467526 11506262
792761 58533051
1935337 19813286
8002520 48229673
4711916 55748244
3321897 26013356
8421040 42446576
390877 23141816
1813046 7257605
1609029 26953509
8275269 12941099
6857931 73112403
8688605 44224455
3402036 97100025
6969842 78745040
5083750 30992384
2054101 13616879
5443950 31867385
1619246 43673722
6579209 24893573
1938044 2417477
3422927 82875445
7380182 33814014
6017168 19193387
3587607 46146894
7 112
4 988
7 114
4 912
10 310
9 597
2 77
2 568
4 402
4 272
6 425
2 245
8 495
4 840
2 224
8 680
2 315
3 672
3 382
2 254
2 517
3 163
2 270
2 840
3 795
3 858
2 852
2 18
2 253
2 962
2 298
2 242
2 462
3 472
2 928
3 247
2 726
3 751
2 289
3 99
3 697
3 735
3 54
3 327
2 322
2 214
3 364
3 381
3 82
3 381
2 11
3 168
5 8046
3 715
2 4435
4 9103
3 8024
4 2061
4 9995
2 2281
5 6059
2 9952
6 5488
3 3546
2 8674
3 3356
6 8802
6 8593
4 2451
5 424
3 1921
3 2024
4 3732
8516809 48070847
4204288 92902661
7607630 67309779
2667230 84971192
1609215 52857436
42096 83190783
463116 95486129
8815329 53043799
7600739 29641818
2649803 88923872
54584 62457410
7957776 85913572
3126672 84644696
6944306 22636373
9261908 85461265
707047 95982678
880024 40831048
5808595 53547333
5802156 87417930
6404585 8360684
3124781 89384143
3846689 61940199
2179725 9406759
2057197 21821641
2056519 20981157
4392444 37030239
1455112 30306024
8 934
8 23
11 513
8 568
2 335
3 674
11 549
4 602
11 634
8 877
2 641
4 448
11 426
4 891
11 552
7 104
3 890
2 807
2 742
2 274
3 36
2 779
3 569
2 337
2 841
3 281
2 339
3 210
3 579
3 828
2 596
2 331
2 490
3 321
2 943
3 740
2 256
3 994
3 332
2 459
3 976
3 86
3 181
3 512
2 109
2 322
3 703
3 622
2 221
2 575
3 251
2 855
6 7180
3 8348
5 8261
4 4253
6 6358
3 9247
6 7746
3 7611
3 1987
4 6034
6 1320
3 7982
6 6483
2 3361
4 2185
6 2647
5 3415
5 8143
5 710
6 1330
6 5830
4016753 6473062
8722484 68150548
8753464 36216879
7605082 29317554
2840254 28161541
6047059 82050427
4501526 57596090
9629794 50261943
1133186 27064337
6355506 90928570
8662004 12646377
1773519 27464953
7918425 38110198
8091353 43757820
5098121 24276601
7774511 99223877
749470 56497124
9890564 92019305
5230051 97495815
1336715 48070454
8173334 39900205
2636960 35191321
7496091 32266863
5453111 51145818
1847328 24324968
4590416 70509491
6971252 76364085
2 731
9 235
4 881
11 972
4 363
7 741
4 763
10 249
10 582
2 682
3 516
10 705
11 836
9 878
6 179
9 636
2 868
3 515
2 79
2 633
2 739
3 114
2 767
3 621
2 189
2 900
3 287
3 379
2 621
3 901
2 724
2 141
3 120
2 773
3 854
3 352
2 773
3 809
2 259
2 321
2 882
2 864
2 539
3 4
3 931
2 390
2 154
2 678
3 897
3 183
3 850
2 59
2 2276
5 3106
4 6531
3 930
4 7574
5 3981
2 1081
5 3635
3 8603
3 1919
3 1144
5 4799
5 3505
5 9866
5 5253
5 2114
4 6462
4 8585
4 4335
2 7696
2 3262
3931858 23951360
1813728 59439562
281319 52743012
6806292 65868032
7097964 45661036
3696833 8249628
4201661 67691303
4875558 59234656
121481 39959491
2469233 53393405
2762714 20196658
9130483 44288232
9995101 30196820
9305738 39718436
7856431 75680945
3650271 91807880
7494670 13089912
4605428 42412504
473317 39852024
589679 26686601
3731046 48839305
3404512 61422487
6231102 12639206
1543805 66190592
7624708 17453561
1469455 97821414
9100243 75757725
5 798
11 501
2 750
7 630
4 797
5 907
2 447
7 222
3 971
3 646
7 480
6 280
5 850
3 201
8 140
3 828
3 696
3 425
3 937
2 810
3 554
3 363
2 515
2 94
3 140
3 19
2 676
3 461
3 391
3 223
3 23
3 900
2 811
3 596
3 92
3 914
2 836
2 359
2 293
3 986
3 903
2 763
2 16
2 536
2 597
3 650
2 242
3 769
2 587
2 233
3 484
3 36
3 4573
4 7654
4 2165
6 7851
4 3652
2 4419
4 2753
4 3389
4 8313
6 2762
6 4561
3 8686
6 6911
2 9459
2 6239
5 7487
4 149
5 1336
3 8203
6 7629
6 4462
2407791 54674246
2158567 91486964
2748791 3643942
3492928 23123163
7516259 96980330
8699130 92764858
8200306 78088157
2532272 64804365
7022589 82419908
2698780 44505529
9028709 65314505
1881381 60804818
5850781 21113460
5196002 21071038
8978190 77167935
1133463 43902372
1842037 95808461
5389152 27107180
9452279 50230340
9484888 50895080
8929448 89533915
7298256 66415948
9072764 89718173
9114706 13578321
8746849 14429379
7975881 72067897
279987 89089409
7 336
8 28
6 919
8 576
9 468
4 463
3 657
8 122
6 753
3 73
7 572
11 830
5 593
10 356
4 18
3 844
2 242
2 842
3 25
2 990
2 739
2 473
3 6
2 523
2 777
2 834
3 630
3 796
3 280
3 925
3 866
3 83
2 354
3 982
3 773
3 301
2 139
3 341
2 81
2 615
3 890
2 919
2 826
2 456
3 298
2 553
2 862
3 267
3 272
3 306
2 933
2 989
3 1950
4 7553
2 7259
3 4427
2 9040
4 4662
6 6215
2 1615
3 9933
4 3194
6 1759
5 4623
4 7651
2 8933
5 7623
6 7102
2 1820
3 6257
2 5910
3 6326
2 4769
